0.303752  -0.130124  -0.0448505  -0.130124  0.289395  0.086079  -0.0448505  0.086079  0.161482
0.303752  -0.130124  -0.0448505  -0.130124  0.289395  0.086079  -0.0448505  0.086079  0.161482
0.303752  -0.130124  -0.0448505  -0.130124  0.289395  0.086079  -0.0448505  0.086079  0.161482
0.303744  -0.130106  -0.0449382  -0.130106  0.289416  0.0861436  -0.0449382  0.0861436  0.161507
0.303732  -0.130082  -0.0449419  -0.130082  0.289402  0.0861449  -0.0449419  0.0861449  0.161512
0.303729  -0.130117  -0.0449976  -0.130117  0.289493  0.0862158  -0.0449976  0.0862158  0.161533
0.303729  -0.130117  -0.0449976  -0.130117  0.289493  0.0862158  -0.0449976  0.0862158  0.161533
0.303724  -0.130119  -0.0450801  -0.130119  0.289541  0.0862867  -0.0450801  0.0862867  0.161559
0.303727  -0.130125  -0.0450962  -0.130125  0.289551  0.0862992  -0.0450962  0.0862992  0.161562
0.303713  -0.130109  -0.0451984  -0.130109  0.289595  0.0863839  -0.0451984  0.0863839  0.161595
0.303707  -0.13011  -0.0452129  -0.13011  0.289617  0.0864038  -0.0452129  0.0864038  0.161603
0.303702  -0.130139  -0.0453207  -0.130139  0.289724  0.0865135  -0.0453207  0.0865135  0.161639
0.303702  -0.130139  -0.0453207  -0.130139  0.289724  0.0865135  -0.0453207  0.0865135  0.161639
0.303692  -0.130188  -0.0453016  -0.130188  0.289829  0.0865472  -0.0453016  0.0865472  0.161647
0.303692  -0.130188  -0.0453016  -0.130188  0.289829  0.0865472  -0.0453016  0.0865472  0.161647
0.303676  -0.130144  -0.0453105  -0.130144  0.289788  0.0865421  -0.0453105  0.0865421  0.161652
0.303676  -0.130144  -0.0453105  -0.130144  0.289788  0.0865421  -0.0453105  0.0865421  0.161652
0.303637  -0.130097  -0.0452787  -0.130097  0.289778  0.0865331  -0.0452787  0.0865331  0.161659
0.303637  -0.13011  -0.0452573  -0.13011  0.289795  0.0865268  -0.0452573  0.0865268  0.161656
0.30361  -0.130074  -0.0451753  -0.130074  0.289757  0.0864718  -0.0451753  0.0864718  0.161644
0.30362  -0.130079  -0.0451769  -0.130079  0.289745  0.0864644  -0.0451769  0.0864644  0.161639
0.303614  -0.130053  -0.0451661  -0.130053  0.289708  0.0864456  -0.0451661  0.0864456  0.161637
0.303614  -0.130053  -0.0451661  -0.130053  0.289708  0.0864456  -0.0451661  0.0864456  0.161637
0.303622  -0.130084  -0.045125  -0.130084  0.289729  0.0864257  -0.045125  0.0864257  0.161625
0.303622  -0.130084  -0.045125  -0.130084  0.289729  0.0864257  -0.045125  0.0864257  0.161625
0.303629  -0.13007  -0.0451319  -0.13007  0.28969  0.0864121  -0.0451319  0.0864121  0.161621
0.303648  -0.13008  -0.0451352  -0.13008  0.289666  0.0863972  -0.0451352  0.0863972  0.161612
0.303661  -0.130104  -0.0451315  -0.130104  0.28968  0.086396  -0.0451315  0.086396  0.161607
0.303667  -0.130103  -0.045117  -0.130103  0.289658  0.0863761  -0.045117  0.0863761  0.161599
0.303667  -0.130103  -0.045117  -0.130103  0.289658  0.0863761  -0.045117  0.0863761  0.161599
0.303677  -0.130108  -0.0451187  -0.130108  0.289645  0.0863687  -0.0451187  0.0863687  0.161595
0.303677  -0.130108  -0.0451187  -0.130108  0.289645  0.0863687  -0.0451187  0.0863687  0.161595
0.303682  -0.13012  -0.0450828  -0.13012  0.28964  0.0863426  -0.0450828  0.0863426  0.161584
0.303679  -0.1301  -0.0450881  -0.1301  0.289613  0.0863363  -0.0450881  0.0863363  0.161584
0.303689  -0.130105  -0.0450897  -0.130105  0.289601  0.0863289  -0.0450897  0.0863289  0.16158
0.303689  -0.130105  -0.0450897  -0.130105  0.289601  0.0863289  -0.0450897  0.0863289  0.16158
0.303676  -0.130094  -0.045072  -0.130094  0.289603  0.0863238  -0.045072  0.0863238  0.161581
0.303676  -0.130094  -0.045072  -0.130094  0.289603  0.0863238  -0.045072  0.0863238  0.161581
0.303679  -0.1301  -0.0450881  -0.1301  0.289613  0.0863363  -0.0450881  0.0863363  0.161584
0.303679  -0.1301  -0.0450881  -0.1301  0.289613  0.0863363  -0.0450881  0.0863363  0.161584
0.303689  -0.130105  -0.0450897  -0.130105  0.289601  0.0863289  -0.0450897  0.0863289  0.16158
0.303689  -0.130105  -0.0450897  -0.130105  0.289601  0.0863289  -0.0450897  0.0863289  0.16158
0.303689  -0.130105  -0.0450897  -0.130105  0.289601  0.0863289  -0.0450897  0.0863289  0.16158
0.303692  -0.130111  -0.0451058  -0.130111  0.289611  0.0863414  -0.0451058  0.0863414  0.161583
0.303692  -0.130111  -0.0451058  -0.130111  0.289611  0.0863414  -0.0451058  0.0863414  0.161583
0.303699  -0.13011  -0.0450913  -0.13011  0.289588  0.0863215  -0.0450913  0.0863215  0.161575
0.303695  -0.130104  -0.0450753  -0.130104  0.289578  0.086309  -0.0450753  0.086309  0.161572
0.303692  -0.130097  -0.0450592  -0.130097  0.289568  0.0862965  -0.0450592  0.0862965  0.161569
0.303689  -0.130078  -0.0450645  -0.130078  0.289542  0.0862903  -0.0450645  0.0862903  0.161569
0.303688  -0.130091  -0.0450431  -0.130091  0.289558  0.0862841  -0.0450431  0.0862841  0.161566
0.303691  -0.130083  -0.0450126  -0.130083  0.289526  0.0862517  -0.0450126  0.0862517  0.161555
0.303691  -0.130083  -0.0450126  -0.130083  0.289526  0.0862517  -0.0450126  0.0862517  0.161555
0.3037  -0.130102  -0.0449928  -0.130102  0.28953  0.086238  -0.0449928  0.086238  0.161547
0.303697  -0.130095  -0.0449768  -0.130095  0.28952  0.0862256  -0.0449768  0.0862256  0.161544
0.303693  -0.130089  -0.0449607  -0.130089  0.28951  0.0862131  -0.0449607  0.0862131  0.16154
0.303693  -0.130102  -0.0449394  -0.130102  0.289527  0.0862069  -0.0449394  0.0862069  0.161537
0.303703  -0.130107  -0.044941  -0.130107  0.289515  0.0861995  -0.044941  0.0861995  0.161532
0.303703  -0.130107  -0.044941  -0.130107  0.289515  0.0861995  -0.044941  0.0861995  0.161532
0.303703  -0.130107  -0.044941  -0.130107  0.289515  0.0861995  -0.044941  0.0861995  0.161532
0.303712  -0.130112  -0.0449426  -0.130112  0.289502  0.086192  -0.0449426  0.086192  0.161528
0.303712  -0.130112  -0.0449426  -0.130112  0.289502  0.086192  -0.0449426  0.086192  0.161528
0.303716  -0.130119  -0.0449586  -0.130119  0.289512  0.0862045  -0.0449586  0.0862045  0.161531
0.303716  -0.130119  -0.0449586  -0.130119  0.289512  0.0862045  -0.0449586  0.0862045  0.161531
0.303719  -0.130138  -0.0449533  -0.130138  0.289539  0.0862107  -0.0449533  0.0862107  0.161531
0.303719  -0.130138  -0.0449533  -0.130138  0.289539  0.0862107  -0.0449533  0.0862107  0.161531
0.303719  -0.130138  -0.0449533  -0.130138  0.289539  0.0862107  -0.0449533  0.0862107  0.161531
0.303703  -0.130107  -0.044941  -0.130107  0.289515  0.0861995  -0.044941  0.0861995  0.161532
0.303703  -0.130107  -0.044941  -0.130107  0.289515  0.0861995  -0.044941  0.0861995  0.161532
0.303699  -0.130101  -0.0449249  -0.130101  0.289505  0.086187  -0.0449249  0.086187  0.161529
0.303699  -0.130101  -0.0449249  -0.130101  0.289505  0.086187  -0.0449249  0.086187  0.161529
0.303699  -0.130101  -0.0449249  -0.130101  0.289505  0.086187  -0.0449249  0.086187  0.161529
0.303699  -0.130101  -0.0449249  -0.130101  0.289505  0.086187  -0.0449249  0.086187  0.161529
0.303699  -0.130101  -0.0449249  -0.130101  0.289505  0.086187  -0.0449249  0.086187  0.161529
0.303705  -0.1301  -0.0449104  -0.1301  0.289483  0.0861671  -0.0449104  0.0861671  0.161522
0.303705  -0.1301  -0.0449104  -0.1301  0.289483  0.0861671  -0.0449104  0.0861671  0.161522
0.303705  -0.1301  -0.0449104  -0.1301  0.289483  0.0861671  -0.0449104  0.0861671  0.161522
0.303705  -0.1301  -0.0449104  -0.1301  0.289483  0.0861671  -0.0449104  0.0861671  0.161522
0.303715  -0.130105  -0.044912  -0.130105  0.28947  0.0861597  -0.044912  0.0861597  0.161517
0.303715  -0.130105  -0.044912  -0.130105  0.28947  0.0861597  -0.044912  0.0861597  0.161517
0.303715  -0.130105  -0.044912  -0.130105  0.28947  0.0861597  -0.044912  0.0861597  0.161517
0.303725  -0.13011  -0.0449136  -0.13011  0.289458  0.0861523  -0.0449136  0.0861523  0.161513
0.303725  -0.13011  -0.0449136  -0.13011  0.289458  0.0861523  -0.0449136  0.0861523  0.161513
0.303721  -0.130103  -0.0448976  -0.130103  0.289448  0.0861398  -0.0448976  0.0861398  0.161509
0.303721  -0.130103  -0.0448976  -0.130103  0.289448  0.0861398  -0.0448976  0.0861398  0.161509
0.303718  -0.130097  -0.0448815  -0.130097  0.289438  0.0861274  -0.0448815  0.0861274  0.161506
0.303718  -0.130097  -0.0448815  -0.130097  0.289438  0.0861274  -0.0448815  0.0861274  0.161506
0.303714  -0.130091  -0.0448655  -0.130091  0.289428  0.0861149  -0.0448655  0.0861149  0.161503
0.303714  -0.130091  -0.0448655  -0.130091  0.289428  0.0861149  -0.0448655  0.0861149  0.161503
0.303714  -0.130091  -0.0448655  -0.130091  0.289428  0.0861149  -0.0448655  0.0861149  0.161503
0.303721  -0.130089  -0.044851  -0.130089  0.289406  0.0860951  -0.044851  0.0860951  0.161496
0.303721  -0.130089  -0.044851  -0.130089  0.289406  0.0860951  -0.044851  0.0860951  0.161496
0.303721  -0.130089  -0.044851  -0.130089  0.289406  0.0860951  -0.044851  0.0860951  0.161496
0.303721  -0.130089  -0.044851  -0.130089  0.289406  0.0860951  -0.044851  0.0860951  0.161496
0.30373  -0.130094  -0.0448526  -0.130094  0.289393  0.0860876  -0.0448526  0.0860876  0.161491
0.30373  -0.130094  -0.0448526  -0.130094  0.289393  0.0860876  -0.0448526  0.0860876  0.161491
0.30373  -0.130094  -0.0448526  -0.130094  0.289393  0.0860876  -0.0448526  0.0860876  0.161491
0.30374  -0.130099  -0.0448542  -0.130099  0.289381  0.0860802  -0.0448542  0.0860802  0.161487
0.30374  -0.130099  -0.0448542  -0.130099  0.289381  0.0860802  -0.0448542  0.0860802  0.161487
0.303749  -0.130104  -0.0448558  -0.130104  0.289369  0.0860728  -0.0448558  0.0860728  0.161482
0.303749  -0.130104  -0.0448558  -0.130104  0.289369  0.0860728  -0.0448558  0.0860728  0.161482
0.303759  -0.130109  -0.0448574  -0.130109  0.289356  0.0860653  -0.0448574  0.0860653  0.161478
0.303759  -0.130109  -0.0448574  -0.130109  0.289356  0.0860653  -0.0448574  0.0860653  0.161478
0.303769  -0.130114  -0.0448589  -0.130114  0.289344  0.0860579  -0.0448589  0.0860579  0.161473
0.303765  -0.130108  -0.0448429  -0.130108  0.289334  0.0860455  -0.0448429  0.0860455  0.16147
0.303775  -0.130113  -0.0448445  -0.130113  0.289322  0.086038  -0.0448445  0.086038  0.161466
0.303784  -0.130117  -0.0448461  -0.130117  0.289309  0.0860306  -0.0448461  0.0860306  0.161461
0.303784  -0.130117  -0.0448461  -0.130117  0.289309  0.0860306  -0.0448461  0.0860306  0.161461
0.303791  -0.130116  -0.0448316  -0.130116  0.289287  0.0860107  -0.0448316  0.0860107  0.161454
0.303791  -0.130116  -0.0448316  -0.130116  0.289287  0.0860107  -0.0448316  0.0860107  0.161454
0.3038  -0.130121  -0.0448332  -0.130121  0.289275  0.0860033  -0.0448332  0.0860033  0.161449
0.30382  -0.130131  -0.0448363  -0.130131  0.28925  0.0859885  -0.0448363  0.0859885  0.16144
0.30382  -0.130131  -0.0448363  -0.130131  0.28925  0.0859885  -0.0448363  0.0859885  0.16144
0.303829  -0.130136  -0.0448379  -0.130136  0.289238  0.085981  -0.0448379  0.085981  0.161436
0.303829  -0.130136  -0.0448379  -0.130136  0.289238  0.085981  -0.0448379  0.085981  0.161436
0.303835  -0.130134  -0.0448234  -0.130134  0.289215  0.0859612  -0.0448234  0.0859612  0.161428
0.303845  -0.130139  -0.044825  -0.130139  0.289203  0.0859537  -0.044825  0.0859537  0.161424
0.303845  -0.130139  -0.044825  -0.130139  0.289203  0.0859537  -0.044825  0.0859537  0.161424
0.303851  -0.130138  -0.0448105  -0.130138  0.289181  0.0859339  -0.0448105  0.0859339  0.161416
0.303861  -0.130143  -0.0448121  -0.130143  0.289168  0.0859264  -0.0448121  0.0859264  0.161412
0.30387  -0.130148  -0.0448137  -0.130148  0.289156  0.085919  -0.0448137  0.085919  0.161407
0.30387  -0.130148  -0.0448137  -0.130148  0.289156  0.085919  -0.0448137  0.085919  0.161407
0.30387  -0.13012  -0.0447884  -0.13012  0.289097  0.0858805  -0.0447884  0.0858805  0.161397
0.30387  -0.13012  -0.0447884  -0.13012  0.289097  0.0858805  -0.0447884  0.0858805  0.161397
0.303886  -0.130124  -0.0447755  -0.130124  0.289062  0.0858532  -0.0447755  0.0858532  0.161385
0.303886  -0.130124  -0.0447755  -0.130124  0.289062  0.0858532  -0.0447755  0.0858532  0.161385
0.303883  -0.130118  -0.0447595  -0.130118  0.289052  0.0858408  -0.0447595  0.0858408  0.161382
0.303902  -0.130127  -0.0447626  -0.130127  0.289028  0.0858259  -0.0447626  0.0858259  0.161373
0.303902  -0.130127  -0.0447626  -0.130127  0.289028  0.0858259  -0.0447626  0.0858259  0.161373
0.303908  -0.130126  -0.0447481  -0.130126  0.289006  0.0858061  -0.0447481  0.0858061  0.161365
0.303908  -0.130126  -0.0447481  -0.130126  0.289006  0.0858061  -0.0447481  0.0858061  0.161365
0.303915  -0.130111  -0.044755  -0.130111  0.288966  0.0857925  -0.044755  0.0857925  0.161361
0.303915  -0.130111  -0.044755  -0.130111  0.288966  0.0857925  -0.044755  0.0857925  0.161361
0.303915  -0.130111  -0.044755  -0.130111  0.288966  0.0857925  -0.044755  0.0857925  0.161361
0.303924  -0.130116  -0.0447566  -0.130116  0.288954  0.085785  -0.0447566  0.085785  0.161357
0.303924  -0.130116  -0.0447566  -0.130116  0.288954  0.085785  -0.0447566  0.085785  0.161357
0.303928  -0.130122  -0.0447726  -0.130122  0.288964  0.0857975  -0.0447726  0.0857975  0.16136
0.303938  -0.130127  -0.0447742  -0.130127  0.288952  0.08579  -0.0447742  0.08579  0.161355
0.303938  -0.130127  -0.0447742  -0.130127  0.288952  0.08579  -0.0447742  0.08579  0.161355
0.303934  -0.130121  -0.0447581  -0.130121  0.288942  0.0857776  -0.0447581  0.0857776  0.161352
0.303944  -0.130126  -0.0447597  -0.130126  0.288929  0.0857702  -0.0447597  0.0857702  0.161348
0.303944  -0.130126  -0.0447597  -0.130126  0.288929  0.0857702  -0.0447597  0.0857702  0.161348
0.30394  -0.13012  -0.0447436  -0.13012  0.28892  0.0857577  -0.0447436  0.0857577  0.161345
0.30395  -0.130125  -0.0447452  -0.130125  0.288907  0.0857503  -0.0447452  0.0857503  0.16134
0.303947  -0.130105  -0.0447505  -0.130105  0.288881  0.0857441  -0.0447505  0.0857441  0.161341
0.303947  -0.130105  -0.0447505  -0.130105  0.288881  0.0857441  -0.0447505  0.0857441  0.161341
0.303963  -0.130108  -0.0447376  -0.130108  0.288846  0.0857169  -0.0447376  0.0857169  0.161329
0.303963  -0.130108  -0.0447376  -0.130108  0.288846  0.0857169  -0.0447376  0.0857169  0.161329
0.303972  -0.130113  -0.0447391  -0.130113  0.288834  0.0857094  -0.0447391  0.0857094  0.161324
0.303972  -0.130113  -0.0447391  -0.130113  0.288834  0.0857094  -0.0447391  0.0857094  0.161324
0.303982  -0.130118  -0.0447407  -0.130118  0.288821  0.085702  -0.0447407  0.085702  0.16132
0.303982  -0.130118  -0.0447407  -0.130118  0.288821  0.085702  -0.0447407  0.085702  0.16132
0.303988  -0.130117  -0.0447262  -0.130117  0.288799  0.0856821  -0.0447262  0.0856821  0.161312
0.303988  -0.130117  -0.0447262  -0.130117  0.288799  0.0856821  -0.0447262  0.0856821  0.161312
0.304008  -0.130127  -0.0447293  -0.130127  0.288774  0.0856673  -0.0447293  0.0856673  0.161303
0.304008  -0.130127  -0.0447293  -0.130127  0.288774  0.0856673  -0.0447293  0.0856673  0.161303
0.304011  -0.130105  -0.0447201  -0.130105  0.288725  0.0856413  -0.0447201  0.0856413  0.161296
0.304011  -0.130105  -0.0447201  -0.130105  0.288725  0.0856413  -0.0447201  0.0856413  0.161296
0.304017  -0.130104  -0.0447056  -0.130104  0.288703  0.0856214  -0.0447056  0.0856214  0.161288
0.304017  -0.130104  -0.0447056  -0.130104  0.288703  0.0856214  -0.0447056  0.0856214  0.161288
0.304017  -0.130104  -0.0447056  -0.130104  0.288703  0.0856214  -0.0447056  0.0856214  0.161288
0.304017  -0.130104  -0.0447056  -0.130104  0.288703  0.0856214  -0.0447056  0.0856214  0.161288
0.304023  -0.130103  -0.0446911  -0.130103  0.288681  0.0856016  -0.0446911  0.0856016  0.161281
0.304023  -0.130103  -0.0446911  -0.130103  0.288681  0.0856016  -0.0446911  0.0856016  0.161281
0.304023  -0.130103  -0.0446911  -0.130103  0.288681  0.0856016  -0.0446911  0.0856016  0.161281
0.304029  -0.130101  -0.0446766  -0.130101  0.288658  0.0855818  -0.0446766  0.0855818  0.161273
0.304029  -0.130101  -0.0446766  -0.130101  0.288658  0.0855818  -0.0446766  0.0855818  0.161273
0.304029  -0.130101  -0.0446766  -0.130101  0.288658  0.0855818  -0.0446766  0.0855818  0.161273
0.304029  -0.130101  -0.0446766  -0.130101  0.288658  0.0855818  -0.0446766  0.0855818  0.161273
0.304039  -0.130106  -0.0446781  -0.130106  0.288646  0.0855743  -0.0446781  0.0855743  0.161269
0.304039  -0.130106  -0.0446781  -0.130106  0.288646  0.0855743  -0.0446781  0.0855743  0.161269
0.304039  -0.130106  -0.0446781  -0.130106  0.288646  0.0855743  -0.0446781  0.0855743  0.161269
0.304045  -0.130105  -0.0446636  -0.130105  0.288624  0.0855545  -0.0446636  0.0855545  0.161261
0.304045  -0.130105  -0.0446636  -0.130105  0.288624  0.0855545  -0.0446636  0.0855545  0.161261
0.304055  -0.130109  -0.0446652  -0.130109  0.288611  0.0855471  -0.0446652  0.0855471  0.161257
0.304055  -0.130109  -0.0446652  -0.130109  0.288611  0.0855471  -0.0446652  0.0855471  0.161257
0.304055  -0.130109  -0.0446652  -0.130109  0.288611  0.0855471  -0.0446652  0.0855471  0.161257
0.304061  -0.130108  -0.0446507  -0.130108  0.288589  0.0855272  -0.0446507  0.0855272  0.161249
0.304061  -0.130108  -0.0446507  -0.130108  0.288589  0.0855272  -0.0446507  0.0855272  0.161249
0.304061  -0.130108  -0.0446507  -0.130108  0.288589  0.0855272  -0.0446507  0.0855272  0.161249
0.304071  -0.130113  -0.0446522  -0.130113  0.288577  0.0855198  -0.0446522  0.0855198  0.161245
0.304071  -0.130113  -0.0446522  -0.130113  0.288577  0.0855198  -0.0446522  0.0855198  0.161245
0.304067  -0.130107  -0.0446362  -0.130107  0.288567  0.0855074  -0.0446362  0.0855074  0.161242
0.304067  -0.130107  -0.0446362  -0.130107  0.288567  0.0855074  -0.0446362  0.0855074  0.161242
0.304067  -0.130107  -0.0446362  -0.130107  0.288567  0.0855074  -0.0446362  0.0855074  0.161242
0.304077  -0.130111  -0.0446377  -0.130111  0.288555  0.0855  -0.0446377  0.0855  0.161237
0.304077  -0.130111  -0.0446377  -0.130111  0.288555  0.0855  -0.0446377  0.0855  0.161237
0.304074  -0.130105  -0.0446216  -0.130105  0.288545  0.0854876  -0.0446216  0.0854876  0.161234
0.304074  -0.130105  -0.0446216  -0.130105  0.288545  0.0854876  -0.0446216  0.0854876  0.161234
0.304074  -0.130105  -0.0446216  -0.130105  0.288545  0.0854876  -0.0446216  0.0854876  0.161234
0.304074  -0.130105  -0.0446216  -0.130105  0.288545  0.0854876  -0.0446216  0.0854876  0.161234
0.30408  -0.130104  -0.0446071  -0.130104  0.288522  0.0854677  -0.0446071  0.0854677  0.161227
0.30408  -0.130104  -0.0446071  -0.130104  0.288522  0.0854677  -0.0446071  0.0854677  0.161227
0.30408  -0.130104  -0.0446071  -0.130104  0.288522  0.0854677  -0.0446071  0.0854677  0.161227
0.30408  -0.130104  -0.0446071  -0.130104  0.288522  0.0854677  -0.0446071  0.0854677  0.161227
0.304077  -0.130084  -0.0446124  -0.130084  0.288496  0.0854616  -0.0446124  0.0854616  0.161227
0.304077  -0.130084  -0.0446124  -0.130084  0.288496  0.0854616  -0.0446124  0.0854616  0.161227
0.304073  -0.130078  -0.0445964  -0.130078  0.288486  0.0854492  -0.0445964  0.0854492  0.161224
0.304073  -0.130078  -0.0445964  -0.130078  0.288486  0.0854492  -0.0445964  0.0854492  0.161224
0.304073  -0.130078  -0.0445964  -0.130078  0.288486  0.0854492  -0.0445964  0.0854492  0.161224
0.304073  -0.130078  -0.0445964  -0.130078  0.288486  0.0854492  -0.0445964  0.0854492  0.161224
0.304073  -0.130078  -0.0445964  -0.130078  0.288486  0.0854492  -0.0445964  0.0854492  0.161224
0.304079  -0.130076  -0.0445819  -0.130076  0.288463  0.0854294  -0.0445819  0.0854294  0.161216
0.304079  -0.130076  -0.0445819  -0.130076  0.288463  0.0854294  -0.0445819  0.0854294  0.161216
0.304079  -0.130076  -0.0445819  -0.130076  0.288463  0.0854294  -0.0445819  0.0854294  0.161216
0.304079  -0.130076  -0.0445819  -0.130076  0.288463  0.0854294  -0.0445819  0.0854294  0.161216
0.304076  -0.13007  -0.0445658  -0.13007  0.288454  0.085417  -0.0445658  0.085417  0.161213
0.304076  -0.13007  -0.0445658  -0.13007  0.288454  0.085417  -0.0445658  0.085417  0.161213
0.304089  -0.130094  -0.0445621  -0.130094  0.288468  0.0854157  -0.0445621  0.0854157  0.161209
0.304089  -0.130094  -0.0445621  -0.130094  0.288468  0.0854157  -0.0445621  0.0854157  0.161209
0.304089  -0.130094  -0.0445621  -0.130094  0.288468  0.0854157  -0.0445621  0.0854157  0.161209
0.304095  -0.130093  -0.0445475  -0.130093  0.288446  0.0853959  -0.0445475  0.0853959  0.161201
0.304095  -0.130093  -0.0445475  -0.130093  0.288446  0.0853959  -0.0445475  0.0853959  0.161201
0.304091  -0.130087  -0.0445315  -0.130087  0.288436  0.0853835  -0.0445315  0.0853835  0.161198
0.304091  -0.130087  -0.0445315  -0.130087  0.288436  0.0853835  -0.0445315  0.0853835  0.161198
0.304091  -0.130087  -0.0445315  -0.130087  0.288436  0.0853835  -0.0445315  0.0853835  0.161198
0.304097  -0.130085  -0.044517  -0.130085  0.288413  0.0853637  -0.044517  0.0853637  0.16119
0.304097  -0.130085  -0.044517  -0.130085  0.288413  0.0853637  -0.044517  0.0853637  0.16119
0.304097  -0.130085  -0.044517  -0.130085  0.288413  0.0853637  -0.044517  0.0853637  0.16119
0.304094  -0.130079  -0.0445009  -0.130079  0.288403  0.0853513  -0.0445009  0.0853513  0.161187
0.304097  -0.130098  -0.0444956  -0.130098  0.28843  0.0853575  -0.0444956  0.0853575  0.161187
0.304094  -0.130092  -0.0444796  -0.130092  0.28842  0.0853451  -0.0444796  0.0853451  0.161184
0.304103  -0.130097  -0.0444811  -0.130097  0.288408  0.0853377  -0.0444811  0.0853377  0.16118
0.3041  -0.130091  -0.0444651  -0.130091  0.288398  0.0853253  -0.0444651  0.0853253  0.161176
0.304096  -0.130084  -0.044449  -0.130084  0.288388  0.085313  -0.044449  0.085313  0.161173
0.304096  -0.130084  -0.044449  -0.130084  0.288388  0.085313  -0.044449  0.085313  0.161173
0.304096  -0.130084  -0.044449  -0.130084  0.288388  0.085313  -0.044449  0.085313  0.161173
0.304093  -0.130078  -0.044433  -0.130078  0.288378  0.0853006  -0.044433  0.0853006  0.16117
0.304093  -0.130078  -0.044433  -0.130078  0.288378  0.0853006  -0.044433  0.0853006  0.16117
0.304086  -0.130065  -0.044401  -0.130065  0.288358  0.0852759  -0.044401  0.0852759  0.161164
0.304086  -0.130065  -0.044401  -0.130065  0.288358  0.0852759  -0.044401  0.0852759  0.161164
0.304073  -0.130054  -0.0443834  -0.130054  0.288361  0.085271  -0.0443834  0.085271  0.161166
0.304073  -0.130054  -0.0443834  -0.130054  0.288361  0.085271  -0.0443834  0.085271  0.161166
0.304069  -0.130048  -0.0443674  -0.130048  0.288351  0.0852586  -0.0443674  0.0852586  0.161163
0.304066  -0.130041  -0.0443514  -0.130041  0.288341  0.0852462  -0.0443514  0.0852462  0.16116
0.304066  -0.130041  -0.0443514  -0.130041  0.288341  0.0852462  -0.0443514  0.0852462  0.16116
0.304056  -0.130009  -0.0443246  -0.130009  0.288294  0.0852154  -0.0443246  0.0852154  0.161154
0.304056  -0.130009  -0.0443246  -0.130009  0.288294  0.0852154  -0.0443246  0.0852154  0.161154
0.304062  -0.130008  -0.0443101  -0.130008  0.288272  0.0851956  -0.0443101  0.0851956  0.161147
0.304062  -0.130008  -0.0443101  -0.130008  0.288272  0.0851956  -0.0443101  0.0851956  0.161147
0.304058  -0.130001  -0.0442941  -0.130001  0.288262  0.0851833  -0.0442941  0.0851833  0.161144
0.304055  -0.129995  -0.0442781  -0.129995  0.288252  0.085171  -0.0442781  0.085171  0.161141
0.304055  -0.129995  -0.0442781  -0.129995  0.288252  0.085171  -0.0442781  0.085171  0.161141
0.304054  -0.130008  -0.0442568  -0.130008  0.288269  0.0851648  -0.0442568  0.0851648  0.161137
0.304054  -0.130008  -0.0442568  -0.130008  0.288269  0.0851648  -0.0442568  0.0851648  0.161137
0.304051  -0.130002  -0.0442408  -0.130002  0.288259  0.0851524  -0.0442408  0.0851524  0.161134
0.304051  -0.130002  -0.0442408  -0.130002  0.288259  0.0851524  -0.0442408  0.0851524  0.161134
0.304044  -0.129976  -0.0442301  -0.129976  0.288222  0.085134  -0.0442301  0.085134  0.161132
0.304041  -0.12997  -0.0442141  -0.12997  0.288213  0.0851216  -0.0442141  0.0851216  0.161129
0.304037  -0.129964  -0.0441981  -0.129964  0.288203  0.0851093  -0.0441981  0.0851093  0.161126
0.304037  -0.129964  -0.0441981  -0.129964  0.288203  0.0851093  -0.0441981  0.0851093  0.161126
0.304024  -0.129952  -0.0441806  -0.129952  0.288205  0.0851044  -0.0441806  0.0851044  0.161127
0.304024  -0.129952  -0.0441806  -0.129952  0.288205  0.0851044  -0.0441806  0.0851044  0.161127
0.304024  -0.129952  -0.0441806  -0.129952  0.288205  0.0851044  -0.0441806  0.0851044  0.161127
0.304021  -0.129946  -0.0441646  -0.129946  0.288195  0.0850921  -0.0441646  0.0850921  0.161124
0.304017  -0.12994  -0.0441486  -0.12994  0.288185  0.0850798  -0.0441486  0.0850798  0.161121
0.304014  -0.129933  -0.0441326  -0.129933  0.288175  0.0850675  -0.0441326  0.0850675  0.161118
0.304014  -0.129933  -0.0441326  -0.129933  0.288175  0.0850675  -0.0441326  0.0850675  0.161118
0.30402  -0.129932  -0.0441181  -0.129932  0.288153  0.0850477  -0.0441181  0.0850477  0.161111
0.30402  -0.129932  -0.0441181  -0.129932  0.288153  0.0850477  -0.0441181  0.0850477  0.161111
0.304013  -0.129919  -0.0440861  -0.129919  0.288133  0.0850231  -0.0440861  0.0850231  0.161105
0.304013  -0.129919  -0.0440861  -0.129919  0.288133  0.0850231  -0.0440861  0.0850231  0.161105
0.30401  -0.129913  -0.0440702  -0.129913  0.288124  0.0850108  -0.0440702  0.0850108  0.161102
0.30401  -0.129913  -0.0440702  -0.129913  0.288124  0.0850108  -0.0440702  0.0850108  0.161102
0.304006  -0.129907  -0.0440542  -0.129907  0.288114  0.0849985  -0.0440542  0.0849985  0.161099
0.304003  -0.1299  -0.0440382  -0.1299  0.288104  0.0849862  -0.0440382  0.0849862  0.161096
0.304003  -0.1299  -0.0440382  -0.1299  0.288104  0.0849862  -0.0440382  0.0849862  0.161096
0.303999  -0.129894  -0.0440222  -0.129894  0.288094  0.0849739  -0.0440222  0.0849739  0.161093
0.303999  -0.129894  -0.0440222  -0.129894  0.288094  0.0849739  -0.0440222  0.0849739  0.161093
0.303995  -0.129901  -0.043985  -0.129901  0.288101  0.0849554  -0.043985  0.0849554  0.161087
0.303995  -0.129901  -0.043985  -0.129901  0.288101  0.0849554  -0.043985  0.0849554  0.161087
0.304001  -0.1299  -0.0439705  -0.1299  0.288079  0.0849357  -0.0439705  0.0849357  0.161079
0.303998  -0.129893  -0.0439545  -0.129893  0.288069  0.0849234  -0.0439545  0.0849234  0.161076
0.303994  -0.129887  -0.0439385  -0.129887  0.288059  0.0849111  -0.0439385  0.0849111  0.161074
0.303994  -0.129887  -0.0439385  -0.129887  0.288059  0.0849111  -0.0439385  0.0849111  0.161074
0.303985  -0.129855  -0.043912  -0.129855  0.288012  0.0848805  -0.043912  0.0848805  0.161068
0.303985  -0.129855  -0.043912  -0.129855  0.288012  0.0848805  -0.043912  0.0848805  0.161068
0.303991  -0.129853  -0.0438975  -0.129853  0.28799  0.0848607  -0.0438975  0.0848607  0.161061
0.303984  -0.129841  -0.0438656  -0.129841  0.287971  0.0848362  -0.0438656  0.0848362  0.161055
0.303984  -0.129841  -0.0438656  -0.129841  0.287971  0.0848362  -0.0438656  0.0848362  0.161055
0.303977  -0.129828  -0.0438337  -0.129828  0.287951  0.0848117  -0.0438337  0.0848117  0.161049
0.303977  -0.129828  -0.0438337  -0.129828  0.287951  0.0848117  -0.0438337  0.0848117  0.161049
0.30398  -0.12982  -0.0438032  -0.12982  0.287919  0.0847797  -0.0438032  0.0847797  0.161039
0.30398  -0.12982  -0.0438032  -0.12982  0.287919  0.0847797  -0.0438032  0.0847797  0.161039
0.303976  -0.129814  -0.0437873  -0.129814  0.287909  0.0847674  -0.0437873  0.0847674  0.161036
0.303969  -0.129802  -0.0437554  -0.129802  0.287889  0.0847429  -0.0437554  0.0847429  0.16103
0.303979  -0.129806  -0.0437569  -0.129806  0.287877  0.0847355  -0.0437569  0.0847355  0.161026
0.303972  -0.129794  -0.043725  -0.129794  0.287857  0.084711  -0.043725  0.084711  0.16102
0.303972  -0.129794  -0.043725  -0.129794  0.287857  0.084711  -0.043725  0.084711  0.16102
0.303968  -0.129788  -0.0437091  -0.129788  0.287847  0.0846987  -0.0437091  0.0846987  0.161017
0.303971  -0.12978  -0.0436787  -0.12978  0.287815  0.0846668  -0.0436787  0.0846668  0.161007
0.303971  -0.12978  -0.0436787  -0.12978  0.287815  0.0846668  -0.0436787  0.0846668  0.161007
0.303974  -0.129772  -0.0436483  -0.129772  0.287783  0.0846349  -0.0436483  0.0846349  0.160997
0.303974  -0.129772  -0.0436483  -0.129772  0.287783  0.0846349  -0.0436483  0.0846349  0.160997
0.30397  -0.129766  -0.0436324  -0.129766  0.287774  0.0846226  -0.0436324  0.0846226  0.160994
0.303973  -0.129758  -0.043602  -0.129758  0.287742  0.0845907  -0.043602  0.0845907  0.160984
0.303973  -0.129758  -0.043602  -0.129758  0.287742  0.0845907  -0.043602  0.0845907  0.160984
0.303976  -0.12975  -0.0435716  -0.12975  0.28771  0.0845588  -0.0435716  0.0845588  0.160974
0.303972  -0.129744  -0.0435557  -0.129744  0.2877  0.0845466  -0.0435557  0.0845466  0.160971
0.303969  -0.129738  -0.0435398  -0.129738  0.28769  0.0845344  -0.0435398  0.0845344  0.160968
0.303972  -0.12973  -0.0435094  -0.12973  0.287658  0.0845025  -0.0435094  0.0845025  0.160958
0.303972  -0.12973  -0.0435094  -0.12973  0.287658  0.0845025  -0.0435094  0.0845025  0.160958
0.303974  -0.129735  -0.0434578  -0.129735  0.287643  0.0844644  -0.0434578  0.0844644  0.160945
0.30397  -0.129729  -0.0434419  -0.129729  0.287633  0.0844522  -0.0434419  0.0844522  0.160942
0.303976  -0.129728  -0.0434274  -0.129728  0.287611  0.0844326  -0.0434274  0.0844326  0.160935
0.303966  -0.129709  -0.0433797  -0.129709  0.287581  0.084396  -0.0433797  0.084396  0.160926
0.303966  -0.129709  -0.0433797  -0.129709  0.287581  0.084396  -0.0433797  0.084396  0.160926
0.303975  -0.129699  -0.0433349  -0.129699  0.287527  0.0843445  -0.0433349  0.0843445  0.160909
0.303975  -0.129699  -0.0433349  -0.129699  0.287527  0.0843445  -0.0433349  0.0843445  0.160909
0.303971  -0.129679  -0.0432728  -0.129679  0.287476  0.0842883  -0.0432728  0.0842883  0.160893
0.303971  -0.129679  -0.0432728  -0.129679  0.287476  0.0842883  -0.0432728  0.0842883  0.160893
0.303973  -0.129685  -0.0432213  -0.129685  0.28746  0.0842503  -0.0432213  0.0842503  0.16088
0.303973  -0.129685  -0.0432213  -0.129685  0.28746  0.0842503  -0.0432213  0.0842503  0.16088
0.303978  -0.129669  -0.0431606  -0.129669  0.287397  0.0841868  -0.0431606  0.0841868  0.16086
0.303975  -0.129663  -0.0431447  -0.129663  0.287387  0.0841746  -0.0431447  0.0841746  0.160858
0.303971  -0.129656  -0.0431289  -0.129656  0.287377  0.0841624  -0.0431289  0.0841624  0.160855
0.303983  -0.129667  -0.0430788  -0.129667  0.287349  0.0841171  -0.0430788  0.0841171  0.160838
0.303983  -0.129667  -0.0430788  -0.129667  0.287349  0.0841171  -0.0430788  0.0841171  0.160838
0.303979  -0.129646  -0.0430167  -0.129646  0.287298  0.084061  -0.0430167  0.084061  0.160822
0.303979  -0.129646  -0.0430167  -0.129646  0.287298  0.084061  -0.0430167  0.084061  0.160822
0.303987  -0.12965  -0.0429508  -0.12965  0.287261  0.0840035  -0.0429508  0.0840035  0.160802
0.303987  -0.12965  -0.0429508  -0.12965  0.287261  0.0840035  -0.0429508  0.0840035  0.160802
0.303996  -0.129654  -0.0428849  -0.129654  0.287224  0.0839461  -0.0428849  0.0839461  0.160782
0.303996  -0.129654  -0.0428849  -0.129654  0.287224  0.0839461  -0.0428849  0.0839461  0.160782
0.304002  -0.129653  -0.0428704  -0.129653  0.287201  0.0839265  -0.0428704  0.0839265  0.160775
0.304  -0.129652  -0.0428031  -0.129652  0.287177  0.0838766  -0.0428031  0.0838766  0.16076
0.304006  -0.12965  -0.0427886  -0.12965  0.287154  0.083857  -0.0427886  0.083857  0.160753
0.304009  -0.129656  -0.0427372  -0.129656  0.287139  0.0838192  -0.0427372  0.0838192  0.16074
0.304015  -0.129654  -0.0427227  -0.129654  0.287117  0.0837996  -0.0427227  0.0837996  0.160733
0.304023  -0.129658  -0.0426568  -0.129658  0.28708  0.0837422  -0.0426568  0.0837422  0.160713
0.304023  -0.129672  -0.0426356  -0.129672  0.287097  0.0837361  -0.0426356  0.0837361  0.16071
0.304029  -0.12967  -0.0426212  -0.12967  0.287075  0.0837165  -0.0426212  0.0837165  0.160703
0.304037  -0.129674  -0.0425553  -0.129674  0.287038  0.0836592  -0.0425553  0.0836592  0.160684
0.304037  -0.129674  -0.0425553  -0.129674  0.287038  0.0836592  -0.0425553  0.0836592  0.160684
0.304045  -0.129678  -0.0424894  -0.129678  0.287  0.0836019  -0.0424894  0.0836019  0.160664
0.304045  -0.129691  -0.0424682  -0.129691  0.287017  0.0835958  -0.0424682  0.0835958  0.160661
0.304047  -0.129683  -0.042438  -0.129683  0.286985  0.0835641  -0.042438  0.0835641  0.160652
0.304059  -0.129707  -0.0423667  -0.129707  0.286975  0.0835128  -0.0423667  0.0835128  0.160632
0.304055  -0.129701  -0.0423509  -0.129701  0.286965  0.0835007  -0.0423509  0.0835007  0.16063
0.304072  -0.129722  -0.0422653  -0.129722  0.286933  0.0834299  -0.0422653  0.0834299  0.160603
0.304069  -0.129716  -0.0422495  -0.129716  0.286923  0.0834178  -0.0422495  0.0834178  0.1606
0.304075  -0.129728  -0.0422139  -0.129728  0.286918  0.0833922  -0.0422139  0.0833922  0.160591
0.304083  -0.129732  -0.042148  -0.129732  0.286881  0.083335  -0.042148  0.083335  0.160572
0.304092  -0.12975  -0.0421282  -0.12975  0.286885  0.0833214  -0.0421282  0.0833214  0.160564
0.3041  -0.129767  -0.0420412  -0.129767  0.286865  0.0832581  -0.0420412  0.0832581  0.160543
0.304106  -0.129765  -0.0420268  -0.129765  0.286843  0.0832386  -0.0420268  0.0832386  0.160536
0.304115  -0.129783  -0.0420069  -0.129783  0.286847  0.083225  -0.0420069  0.083225  0.160528
0.304132  -0.129805  -0.0419213  -0.129805  0.286815  0.0831542  -0.0419213  0.0831542  0.160502
0.304128  -0.129799  -0.0419055  -0.129799  0.286805  0.0831422  -0.0419055  0.0831422  0.1605
0.304149  -0.12984  -0.0418145  -0.12984  0.286799  0.0830773  -0.0418145  0.0830773  0.160474
0.30416  -0.12985  -0.0417644  -0.12985  0.286772  0.0830322  -0.0417644  0.0830322  0.160457
0.304157  -0.129844  -0.0417487  -0.129844  0.286762  0.0830202  -0.0417487  0.0830202  0.160455
0.304159  -0.12985  -0.0416973  -0.12985  0.286748  0.0829826  -0.0416973  0.0829826  0.160443
0.304176  -0.129885  -0.0415905  -0.129885  0.286732  0.0829058  -0.0415905  0.0829058  0.160415
0.304176  -0.129885  -0.0415905  -0.129885  0.286732  0.0829058  -0.0415905  0.0829058  0.160415
0.304177  -0.129889  -0.0414722  -0.129889  0.286693  0.0828187  -0.0414722  0.0828187  0.160389
0.304186  -0.129894  -0.0414735  -0.129894  0.286681  0.0828112  -0.0414735  0.0828112  0.160384
0.304187  -0.129899  -0.0413552  -0.129899  0.286641  0.0827242  -0.0413552  0.0827242  0.160359
0.304183  -0.129892  -0.0413394  -0.129892  0.286632  0.0827122  -0.0413394  0.0827122  0.160356
0.304184  -0.129897  -0.0412212  -0.129897  0.286593  0.0826252  -0.0412212  0.0826252  0.160331
0.304181  -0.129891  -0.0412055  -0.129891  0.286583  0.0826133  -0.0412055  0.0826133  0.160329
0.304183  -0.129896  -0.0411543  -0.129896  0.286568  0.0825758  -0.0411543  0.0825758  0.160317
0.30418  -0.129894  -0.0410204  -0.129894  0.28652  0.082477  -0.0410204  0.082477  0.16029
0.304177  -0.129888  -0.0410048  -0.129888  0.28651  0.0824651  -0.0410048  0.0824651  0.160288
0.304176  -0.129874  -0.040959  -0.129874  0.286469  0.0824219  -0.040959  0.0824219  0.160277
0.304173  -0.129872  -0.0408253  -0.129872  0.28642  0.0823232  -0.0408253  0.0823232  0.16025
0.30417  -0.129866  -0.0408097  -0.129866  0.286411  0.0823114  -0.0408097  0.0823114  0.160248
0.304157  -0.12986  -0.0406748  -0.12986  0.286375  0.0822203  -0.0406748  0.0822203  0.160225
0.304157  -0.12986  -0.0406748  -0.12986  0.286375  0.0822203  -0.0406748  0.0822203  0.160225
0.304148  -0.129832  -0.0405312  -0.129832  0.28629  0.0821043  -0.0405312  0.0821043  0.160197
0.304145  -0.129826  -0.0405155  -0.129826  0.286281  0.0820925  -0.0405155  0.0820925  0.160195
0.304133  -0.12982  -0.0403809  -0.12982  0.286245  0.0820017  -0.0403809  0.0820017  0.160173
0.304133  -0.12982  -0.0403809  -0.12982  0.286245  0.0820017  -0.0403809  0.0820017  0.160173
0.30413  -0.129818  -0.0402476  -0.129818  0.286197  0.0819036  -0.0402476  0.0819036  0.160148
0.304127  -0.129812  -0.040232  -0.129812  0.286187  0.0818917  -0.040232  0.0818917  0.160146
0.304112  -0.129786  -0.0401031  -0.129786  0.286125  0.0817955  -0.0401031  0.0817955  0.160125
0.304108  -0.12978  -0.0400876  -0.12978  0.286116  0.0817837  -0.0400876  0.0817837  0.160123
0.304098  -0.129774  -0.0400198  -0.129774  0.286104  0.0817422  -0.0400198  0.0817422  0.160115
0.304083  -0.129749  -0.0398911  -0.129749  0.286042  0.0816462  -0.0398911  0.0816462  0.160094
0.304086  -0.129768  -0.0398856  -0.129768  0.286069  0.0816519  -0.0398856  0.0816519  0.160094
0.304068  -0.129736  -0.0397414  -0.129736  0.285997  0.0815442  -0.0397414  0.0815442  0.160072
0.304077  -0.129741  -0.0397426  -0.129741  0.285985  0.0815367  -0.0397426  0.0815367  0.160067
0.304058  -0.129722  -0.0395776  -0.129722  0.285931  0.0814231  -0.0395776  0.0814231  0.160044
0.304055  -0.129716  -0.0395621  -0.129716  0.285921  0.0814113  -0.0395621  0.0814113  0.160042
0.304037  -0.129684  -0.0394182  -0.129684  0.28585  0.081304  -0.0394182  0.081304  0.16002
0.304043  -0.129682  -0.0394039  -0.129682  0.285828  0.0812848  -0.0394039  0.0812848  0.160014
0.304027  -0.12967  -0.0392547  -0.12967  0.285784  0.0811832  -0.0392547  0.0811832  0.159993
0.304027  -0.12967  -0.0392547  -0.12967  0.285784  0.0811832  -0.0392547  0.0811832  0.159993
0.304021  -0.129662  -0.0391067  -0.129662  0.285727  0.0810743  -0.0391067  0.0810743  0.159967
0.304018  -0.129656  -0.0390913  -0.129656  0.285717  0.0810627  -0.0390913  0.0810627  0.159965
0.304018  -0.129647  -0.0389291  -0.129647  0.285639  0.0809348  -0.0389291  0.0809348  0.159934
0.304018  -0.12966  -0.0389081  -0.12966  0.285656  0.0809287  -0.0389081  0.0809287  0.159932
0.304008  -0.129646  -0.038745  -0.129646  0.28559  0.0808085  -0.038745  0.0808085  0.159906
0.304005  -0.12964  -0.0387296  -0.12964  0.285581  0.0807969  -0.0387296  0.0807969  0.159904
0.304004  -0.129639  -0.0386635  -0.129639  0.285557  0.0807484  -0.0386635  0.0807484  0.159893
0.304004  -0.12963  -0.0385017  -0.12963  0.285479  0.0806209  -0.0385017  0.0806209  0.159863
0.304  -0.129623  -0.0384863  -0.129623  0.28547  0.0806093  -0.0384863  0.0806093  0.159861
0.303997  -0.129608  -0.0383093  -0.129608  0.285382  0.0804704  -0.0383093  0.0804704  0.15983
0.304  -0.1296  -0.0382796  -0.1296  0.285351  0.0804398  -0.0382796  0.0804398  0.159822
0.303998  -0.129599  -0.0382137  -0.129599  0.285328  0.0803915  -0.0382137  0.0803915  0.159811
0.303995  -0.129597  -0.038016  -0.129597  0.285258  0.0802469  -0.038016  0.0802469  0.159779
0.304  -0.129595  -0.0380017  -0.129595  0.285236  0.0802279  -0.0380017  0.0802279  0.159773
0.303996  -0.129588  -0.0379205  -0.129588  0.285203  0.0801682  -0.0379205  0.0801682  0.159761
0.304005  -0.129583  -0.0377603  -0.129583  0.285113  0.0800339  -0.0377603  0.0800339  0.159728
0.304002  -0.129577  -0.037745  -0.129577  0.285104  0.0800224  -0.037745  0.0800224  0.159726
0.304019  -0.12959  -0.037565  -0.12959  0.285019  0.0798748  -0.037565  0.0798748  0.159688
0.304016  -0.129583  -0.0375497  -0.129583  0.28501  0.0798633  -0.0375497  0.0798633  0.159686
0.304025  -0.129592  -0.0373688  -0.129592  0.284937  0.0797234  -0.0373688  0.0797234  0.159653
0.304031  -0.12959  -0.0373546  -0.12959  0.284915  0.0797044  -0.0373546  0.0797044  0.159647
0.304029  -0.129589  -0.0372889  -0.129589  0.284892  0.0796565  -0.0372889  0.0796565  0.159637
0.304047  -0.129615  -0.0370883  -0.129615  0.284825  0.0795033  -0.0370883  0.0795033  0.159598
0.304043  -0.129609  -0.037073  -0.129609  0.284816  0.0794918  -0.037073  0.0794918  0.159597
0.304054  -0.129609  -0.036863  -0.129609  0.284713  0.079322  -0.036863  0.079322  0.159558
0.304051  -0.129603  -0.0368477  -0.129603  0.284703  0.0793106  -0.0368477  0.0793106  0.159556
0.304056  -0.1296  -0.036768  -0.1296  0.284659  0.0792439  -0.036768  0.0792439  0.159541
0.30406  -0.129616  -0.0365515  -0.129616  0.284595  0.0790874  -0.0365515  0.0790874  0.159507
0.304066  -0.129614  -0.0365373  -0.129614  0.284573  0.0790685  -0.0365373  0.0790685  0.159502
0.304071  -0.129611  -0.0364576  -0.129611  0.284529  0.0790019  -0.0364576  0.0790019  0.159487
