0.305851  -0.13741  -0.0572954  -0.13741  0.3034  0.0987458  -0.0572954  0.0987458  0.165708
0.305851  -0.13741  -0.0572954  -0.13741  0.3034  0.0987458  -0.0572954  0.0987458  0.165708
0.305855  -0.137417  -0.0573133  -0.137417  0.303412  0.0987606  -0.0573133  0.0987606  0.165714
0.305839  -0.136713  -0.0586088  -0.136713  0.302674  0.0992875  -0.0586088  0.0992875  0.166177
0.305832  -0.136639  -0.0587943  -0.136639  0.302632  0.0993906  -0.0587943  0.0993906  0.166253
0.30588  -0.136617  -0.0596526  -0.136617  0.302862  0.100016  -0.0596526  0.100016  0.16661
0.305901  -0.136653  -0.0597433  -0.136653  0.302922  0.100091  -0.0597433  0.100091  0.166645
0.305961  -0.13665  -0.0601398  -0.13665  0.30296  0.100338  -0.0601398  0.100338  0.166794
0.306078  -0.136104  -0.0619185  -0.136104  0.302462  0.101212  -0.0619185  0.101212  0.167484
0.306095  -0.136045  -0.0621867  -0.136045  0.302432  0.101363  -0.0621867  0.101363  0.167596
0.306114  -0.136024  -0.0633271  -0.136024  0.302861  0.102259  -0.0633271  0.102259  0.168146
0.306112  -0.136047  -0.0634136  -0.136047  0.302947  0.102351  -0.0634136  0.102351  0.168194
0.306126  -0.136117  -0.0637941  -0.136117  0.30322  0.102704  -0.0637941  0.102704  0.168389
0.306146  -0.136477  -0.064111  -0.136477  0.303995  0.103231  -0.064111  0.103231  0.168596
0.30615  -0.136541  -0.064113  -0.136541  0.304105  0.103279  -0.064113  0.103279  0.168604
0.306097  -0.136801  -0.064562  -0.136801  0.304912  0.10393  -0.064562  0.10393  0.168907
0.306087  -0.136796  -0.064635  -0.136796  0.304957  0.103999  -0.064635  0.103999  0.168949
0.305905  -0.13697  -0.0652253  -0.13697  0.305951  0.104866  -0.0652253  0.104866  0.169389
0.305894  -0.137006  -0.0652287  -0.137006  0.306045  0.104913  -0.0652287  0.104913  0.169403
0.30577  -0.13783  -0.0648907  -0.13783  0.307729  0.105467  -0.0648907  0.105467  0.169429
0.305775  -0.137937  -0.0648991  -0.137937  0.307925  0.105555  -0.0648991  0.105555  0.169447
0.30579  -0.138098  -0.0651623  -0.138098  0.308317  0.105888  -0.0651623  0.105888  0.169602
0.305784  -0.138151  -0.0661934  -0.138151  0.3089  0.106806  -0.0661934  0.106806  0.170164
0.305789  -0.138187  -0.0662424  -0.138187  0.30898  0.10687  -0.0662424  0.10687  0.170193
0.305806  -0.139119  -0.0659531  -0.139119  0.310598  0.107377  -0.0659531  0.107377  0.170178
0.305806  -0.139176  -0.0659362  -0.139176  0.3107  0.10741  -0.0659362  0.10741  0.170178
0.305906  -0.139295  -0.0666376  -0.139295  0.311023  0.107969  -0.0666376  0.107969  0.170518
0.305938  -0.139262  -0.0668351  -0.139262  0.310979  0.108067  -0.0668351  0.108067  0.170602
0.306036  -0.13925  -0.0674422  -0.13925  0.311017  0.108443  -0.0674422  0.108443  0.170878
0.306036  -0.139264  -0.0674186  -0.139264  0.311033  0.108435  -0.0674186  0.108435  0.170867
0.306096  -0.13943  -0.0670881  -0.13943  0.311069  0.108215  -0.0670881  0.108215  0.170677
0.306099  -0.139395  -0.0671005  -0.139395  0.310997  0.108191  -0.0671005  0.108191  0.170676
0.306122  -0.138608  -0.06771  -0.138608  0.309718  0.108021  -0.06771  0.108021  0.170873
0.306126  -0.138558  -0.0677458  -0.138558  0.30963  0.108004  -0.0677458  0.108004  0.170882
0.30603  -0.138203  -0.0674408  -0.138203  0.309025  0.107577  -0.0674408  0.107577  0.170711
0.306017  -0.138181  -0.0673835  -0.138181  0.308986  0.107527  -0.0673835  0.107527  0.170683
0.305928  -0.137812  -0.0670105  -0.137812  0.308308  0.107023  -0.0670105  0.107023  0.17047
0.305927  -0.137769  -0.0670036  -0.137769  0.308225  0.106982  -0.0670036  0.106982  0.17046
0.305842  -0.137058  -0.0673861  -0.137058  0.30724  0.106823  -0.0673861  0.106823  0.170606
0.30585  -0.13703  -0.0674173  -0.13703  0.307183  0.106815  -0.0674173  0.106815  0.170614
0.30576  -0.136991  -0.0670621  -0.136991  0.307146  0.106604  -0.0670621  0.106604  0.170464
0.305759  -0.137019  -0.0670154  -0.137019  0.307178  0.106589  -0.0670154  0.106589  0.170443
0.305762  -0.137011  -0.0669808  -0.137011  0.307141  0.106549  -0.0669808  0.106549  0.170421
0.305798  -0.136663  -0.0674255  -0.136663  0.306607  0.106584  -0.0674255  0.106584  0.17059
0.305794  -0.136628  -0.0674532  -0.136628  0.306562  0.106583  -0.0674532  0.106583  0.170602
0.305842  -0.136753  -0.0673803  -0.136753  0.30666  0.106564  -0.0673803  0.106564  0.170553
0.305842  -0.136781  -0.0673336  -0.136781  0.306692  0.106549  -0.0673336  0.106549  0.170532
0.30591  -0.136815  -0.067335  -0.136815  0.306607  0.106489  -0.067335  0.106489  0.170499
0.305918  -0.1368  -0.0673428  -0.1368  0.306566  0.106474  -0.0673428  0.106474  0.170496
0.305963  -0.136597  -0.0675572  -0.136597  0.306181  0.106425  -0.0675572  0.106425  0.170556
0.305975  -0.136617  -0.0675372  -0.136617  0.306185  0.10641  -0.0675372  0.10641  0.170541
0.30598  -0.136643  -0.0673979  -0.136643  0.306158  0.106308  -0.0673979  0.106308  0.170465
0.305989  -0.136637  -0.0670589  -0.136637  0.305971  0.106008  -0.0670589  0.106008  0.170272
0.305997  -0.136637  -0.0670433  -0.136637  0.305946  0.105985  -0.0670433  0.105985  0.170259
0.305987  -0.136261  -0.0670158  -0.136261  0.305247  0.105663  -0.0670158  0.105663  0.17019
0.305979  -0.136232  -0.0670012  -0.136232  0.305206  0.105639  -0.0670012  0.105639  0.170182
0.305953  -0.136113  -0.0666049  -0.136113  0.304856  0.105244  -0.0666049  0.105244  0.169962
0.305952  -0.136098  -0.0665515  -0.136098  0.304807  0.105189  -0.0665515  0.105189  0.169931
0.305945  -0.135813  -0.0664039  -0.135813  0.304219  0.10484  -0.0664039  0.10484  0.16981
0.305941  -0.135749  -0.0664014  -0.135749  0.30411  0.104791  -0.0664014  0.104791  0.169801
0.305951  -0.135615  -0.0664074  -0.135615  0.303839  0.104673  -0.0664074  0.104673  0.169778
0.305989  -0.13549  -0.0662514  -0.13549  0.303452  0.104392  -0.0662514  0.104392  0.169652
0.305988  -0.135462  -0.0662214  -0.135462  0.303387  0.104345  -0.0662214  0.104345  0.169632
0.306002  -0.135432  -0.0661602  -0.135432  0.303273  0.104251  -0.0661602  0.104251  0.169586
0.306039  -0.135219  -0.0662009  -0.135219  0.302814  0.104063  -0.0662009  0.104063  0.169553
0.306051  -0.135225  -0.0662041  -0.135225  0.302802  0.104055  -0.0662041  0.104055  0.169549
0.306064  -0.135153  -0.0661361  -0.135153  0.302608  0.103923  -0.0661361  0.103923  0.169493
0.306064  -0.135153  -0.0661361  -0.135153  0.302608  0.103923  -0.0661361  0.103923  0.169493
0.306074  -0.135102  -0.0660793  -0.135102  0.302466  0.103822  -0.0660793  0.103822  0.169449
0.30607  -0.135081  -0.0660836  -0.135081  0.302438  0.103814  -0.0660836  0.103814  0.16945
0.30606  -0.135038  -0.0660161  -0.135038  0.302348  0.103735  -0.0660161  0.103735  0.169413
0.306052  -0.135052  -0.0660085  -0.135052  0.302388  0.103751  -0.0660085  0.103751  0.169416
0.306048  -0.135059  -0.0659666  -0.135059  0.302392  0.103728  -0.0659666  0.103728  0.169397
0.306019  -0.135066  -0.0658952  -0.135066  0.302435  0.103711  -0.0658952  0.103711  0.169377
0.305995  -0.135053  -0.0658888  -0.135053  0.302459  0.103726  -0.0658888  0.103726  0.169385
0.305995  -0.135067  -0.0658656  -0.135067  0.302474  0.103718  -0.0658656  0.103718  0.169375
0.305991  -0.135102  -0.0658537  -0.135102  0.302542  0.103742  -0.0658537  0.103742  0.169376
0.305988  -0.135137  -0.0658417  -0.135137  0.30261  0.103766  -0.0658417  0.103766  0.169377
0.305992  -0.135145  -0.0658605  -0.135145  0.302623  0.103782  -0.0658605  0.103782  0.169386
0.305989  -0.135152  -0.0658948  -0.135152  0.30266  0.10382  -0.0658948  0.10382  0.169407
0.306006  -0.135208  -0.0659236  -0.135208  0.302741  0.103868  -0.0659236  0.103868  0.169422
0.30601  -0.135216  -0.0659424  -0.135216  0.302753  0.103884  -0.0659424  0.103884  0.16943
0.306028  -0.135258  -0.0659943  -0.135258  0.302818  0.103939  -0.0659943  0.103939  0.169455
0.306028  -0.135244  -0.0660175  -0.135244  0.302802  0.103947  -0.0660175  0.103947  0.169465
0.306029  -0.135259  -0.0660706  -0.135259  0.302852  0.104001  -0.0660706  0.104001  0.169495
0.306021  -0.135274  -0.066063  -0.135274  0.302892  0.104017  -0.066063  0.104017  0.169498
0.306021  -0.135274  -0.066063  -0.135274  0.302892  0.104017  -0.066063  0.104017  0.169498
0.306026  -0.135281  -0.0660818  -0.135281  0.302904  0.104033  -0.0660818  0.104033  0.169506
0.30599  -0.135261  -0.0660722  -0.135261  0.302941  0.104054  -0.0660722  0.104054  0.169519
0.305962  -0.135255  -0.0660238  -0.135255  0.302968  0.104045  -0.0660238  0.104045  0.169508
0.30595  -0.135248  -0.0660205  -0.135248  0.30298  0.104053  -0.0660205  0.104053  0.169512
0.305934  -0.135234  -0.0659985  -0.135234  0.30298  0.104044  -0.0659985  0.104044  0.169508
0.305886  -0.135222  -0.0659625  -0.135222  0.303044  0.104066  -0.0659625  0.104066  0.169514
0.305886  -0.135222  -0.0659625  -0.135222  0.303044  0.104066  -0.0659625  0.104066  0.169514
0.305854  -0.135223  -0.0659484  -0.135223  0.303108  0.104096  -0.0659484  0.104096  0.169525
0.305843  -0.135217  -0.0659452  -0.135217  0.30312  0.104103  -0.0659452  0.104103  0.169529
0.305827  -0.135232  -0.0659531  -0.135232  0.303185  0.104141  -0.0659531  0.104141  0.169544
0.305827  -0.135232  -0.0659531  -0.135232  0.303185  0.104141  -0.0659531  0.104141  0.169544
0.30582  -0.135232  -0.0659687  -0.135232  0.30321  0.104164  -0.0659687  0.104164  0.169557
0.30582  -0.135232  -0.0659687  -0.135232  0.30321  0.104164  -0.0659687  0.104164  0.169557
0.305808  -0.135226  -0.0659655  -0.135226  0.303222  0.104171  -0.0659655  0.104171  0.169561
0.305808  -0.135226  -0.0659655  -0.135226  0.303222  0.104171  -0.0659655  0.104171  0.169561
0.3058  -0.135198  -0.0659511  -0.135198  0.303181  0.104147  -0.0659511  0.104147  0.169554
0.3058  -0.135198  -0.0659511  -0.135198  0.303181  0.104147  -0.0659511  0.104147  0.169554
0.305795  -0.135191  -0.0659323  -0.135191  0.303169  0.104132  -0.0659323  0.104132  0.169545
0.305786  -0.13519  -0.0658717  -0.13519  0.30316  0.104093  -0.0658717  0.104093  0.169518
0.305786  -0.13519  -0.0658717  -0.13519  0.30316  0.104093  -0.0658717  0.104093  0.169518
0.305773  -0.135169  -0.0658154  -0.135169  0.303122  0.104045  -0.0658154  0.104045  0.169492
0.305773  -0.135169  -0.0658154  -0.135169  0.303122  0.104045  -0.0658154  0.104045  0.169492
0.305769  -0.135175  -0.0657736  -0.135175  0.303126  0.104022  -0.0657736  0.104022  0.169473
0.305764  -0.135168  -0.0657548  -0.135168  0.303113  0.104007  -0.0657548  0.104007  0.169465
0.305772  -0.135167  -0.0657393  -0.135167  0.303089  0.103984  -0.0657393  0.103984  0.169452
0.305772  -0.135167  -0.0657393  -0.135167  0.303089  0.103984  -0.0657393  0.103984  0.169452
0.305772  -0.135167  -0.0657393  -0.135167  0.303089  0.103984  -0.0657393  0.103984  0.169452
0.305779  -0.135167  -0.0657238  -0.135167  0.303064  0.103961  -0.0657238  0.103961  0.16944
0.305779  -0.135167  -0.0657238  -0.135167  0.303064  0.103961  -0.0657238  0.103961  0.16944
0.305787  -0.135152  -0.0657314  -0.135152  0.303024  0.103945  -0.0657314  0.103945  0.169437
0.305787  -0.135152  -0.0657314  -0.135152  0.303024  0.103945  -0.0657314  0.103945  0.169437
0.305783  -0.135145  -0.0657127  -0.135145  0.303012  0.10393  -0.0657127  0.10393  0.169428
0.305783  -0.135145  -0.0657127  -0.135145  0.303012  0.10393  -0.0657127  0.10393  0.169428
0.305762  -0.135124  -0.065672  -0.135124  0.302999  0.103905  -0.065672  0.103905  0.169415
0.305762  -0.135124  -0.065672  -0.135124  0.302999  0.103905  -0.065672  0.103905  0.169415
0.305737  -0.135096  -0.0656126  -0.135096  0.302974  0.103865  -0.0656126  0.103865  0.169394
0.305737  -0.135096  -0.0656126  -0.135096  0.302974  0.103865  -0.0656126  0.103865  0.169394
0.305724  -0.135075  -0.0655565  -0.135075  0.302937  0.103818  -0.0655565  0.103818  0.169368
0.305724  -0.135075  -0.0655565  -0.135075  0.302937  0.103818  -0.0655565  0.103818  0.169368
0.305716  -0.135061  -0.0655191  -0.135061  0.302912  0.103787  -0.0655191  0.103787  0.169351
0.305716  -0.135061  -0.0655191  -0.135061  0.302912  0.103787  -0.0655191  0.103787  0.169351
0.305711  -0.135054  -0.0655004  -0.135054  0.3029  0.103771  -0.0655004  0.103771  0.169342
0.305711  -0.135054  -0.0655004  -0.135054  0.3029  0.103771  -0.0655004  0.103771  0.169342
0.305716  -0.135061  -0.0655191  -0.135061  0.302912  0.103787  -0.0655191  0.103787  0.169351
0.305728  -0.135067  -0.0655223  -0.135067  0.3029  0.10378  -0.0655223  0.10378  0.169347
0.305739  -0.135074  -0.0655255  -0.135074  0.302888  0.103773  -0.0655255  0.103773  0.169343
0.30576  -0.135108  -0.065543  -0.135108  0.302916  0.103789  -0.065543  0.103789  0.169346
0.305755  -0.135087  -0.0655474  -0.135087  0.302888  0.103781  -0.0655474  0.103781  0.169347
0.305755  -0.135087  -0.0655474  -0.135087  0.302888  0.103781  -0.0655474  0.103781  0.169347
0.305767  -0.135094  -0.0655506  -0.135094  0.302876  0.103774  -0.0655506  0.103774  0.169343
0.305767  -0.135094  -0.0655506  -0.135094  0.302876  0.103774  -0.0655506  0.103774  0.169343
0.305767  -0.135108  -0.0655275  -0.135108  0.302892  0.103766  -0.0655275  0.103766  0.169333
0.305767  -0.135108  -0.0655275  -0.135108  0.302892  0.103766  -0.0655275  0.103766  0.169333
0.305754  -0.135073  -0.0654945  -0.135073  0.302839  0.103727  -0.0654945  0.103727  0.169318
0.305754  -0.135073  -0.0654945  -0.135073  0.302839  0.103727  -0.0654945  0.103727  0.169318
0.30575  -0.135079  -0.0654527  -0.135079  0.302843  0.103704  -0.0654527  0.103704  0.169299
0.30575  -0.135079  -0.0654527  -0.135079  0.302843  0.103704  -0.0654527  0.103704  0.169299
0.305746  -0.135058  -0.0654571  -0.135058  0.302815  0.103695  -0.0654571  0.103695  0.169301
0.305737  -0.135044  -0.0654197  -0.135044  0.30279  0.103664  -0.0654197  0.103664  0.169284
0.305737  -0.135044  -0.0654197  -0.135044  0.30279  0.103664  -0.0654197  0.103664  0.169284
0.305737  -0.135044  -0.0654197  -0.135044  0.30279  0.103664  -0.0654197  0.103664  0.169284
0.305733  -0.135023  -0.0654241  -0.135023  0.302762  0.103656  -0.0654241  0.103656  0.169285
0.305745  -0.13503  -0.0654273  -0.13503  0.30275  0.103649  -0.0654273  0.103649  0.169281
0.305745  -0.13503  -0.0654273  -0.13503  0.30275  0.103649  -0.0654273  0.103649  0.169281
0.305748  -0.135008  -0.0654162  -0.135008  0.302697  0.103618  -0.0654162  0.103618  0.16927
0.305748  -0.135008  -0.0654162  -0.135008  0.302697  0.103618  -0.0654162  0.103618  0.16927
0.305744  -0.134974  -0.0654437  -0.134974  0.302654  0.103617  -0.0654437  0.103617  0.169281
0.30574  -0.134967  -0.065425  -0.134967  0.302641  0.103601  -0.065425  0.103601  0.169272
0.30574  -0.134967  -0.065425  -0.134967  0.302641  0.103601  -0.065425  0.103601  0.169272
0.305731  -0.134952  -0.0653877  -0.134952  0.302617  0.10357  -0.0653877  0.10357  0.169255
0.305723  -0.134924  -0.0653734  -0.134924  0.302576  0.103546  -0.0653734  0.103546  0.169248
0.305723  -0.134924  -0.0653734  -0.134924  0.302576  0.103546  -0.0653734  0.103546  0.169248
0.305719  -0.134917  -0.0653547  -0.134917  0.302564  0.10353  -0.0653547  0.10353  0.16924
0.30571  -0.134903  -0.0653174  -0.134903  0.302539  0.103499  -0.0653174  0.103499  0.169223
0.30571  -0.134903  -0.0653174  -0.134903  0.302539  0.103499  -0.0653174  0.103499  0.169223
0.305686  -0.134862  -0.0652813  -0.134862  0.302499  0.103467  -0.0652813  0.103467  0.169211
0.305686  -0.134862  -0.0652813  -0.134862  0.302499  0.103467  -0.0652813  0.103467  0.169211
0.305677  -0.134834  -0.065267  -0.134834  0.302459  0.103443  -0.065267  0.103443  0.169204
0.305677  -0.134834  -0.065267  -0.134834  0.302459  0.103443  -0.065267  0.103443  0.169204
0.305669  -0.13482  -0.0652297  -0.13482  0.302434  0.103412  -0.0652297  0.103412  0.169187
0.305669  -0.13482  -0.0652297  -0.13482  0.302434  0.103412  -0.0652297  0.103412  0.169187
0.305677  -0.134805  -0.0652373  -0.134805  0.302394  0.103397  -0.0652373  0.103397  0.169185
0.305677  -0.134805  -0.0652373  -0.134805  0.302394  0.103397  -0.0652373  0.103397  0.169185
0.305668  -0.134791  -0.0652  -0.134791  0.302369  0.103365  -0.0652  0.103365  0.169168
0.305668  -0.134791  -0.0652  -0.134791  0.302369  0.103365  -0.0652  0.103365  0.169168
0.305664  -0.134784  -0.0651814  -0.134784  0.302357  0.10335  -0.0651814  0.10335  0.169159
0.30566  -0.134763  -0.0651858  -0.134763  0.302329  0.103342  -0.0651858  0.103342  0.169161
0.305655  -0.13477  -0.0651441  -0.13477  0.302333  0.103319  -0.0651441  0.103319  0.169143
0.305655  -0.13477  -0.0651441  -0.13477  0.302333  0.103319  -0.0651441  0.103319  0.169143
0.305651  -0.134763  -0.0651254  -0.134763  0.30232  0.103303  -0.0651254  0.103303  0.169134
0.305646  -0.134756  -0.0651068  -0.134756  0.302308  0.103287  -0.0651068  0.103287  0.169126
0.305642  -0.134748  -0.0650882  -0.134748  0.302296  0.103272  -0.0650882  0.103272  0.169117
0.305638  -0.134741  -0.0650696  -0.134741  0.302283  0.103256  -0.0650696  0.103256  0.169109
0.305634  -0.134734  -0.0650509  -0.134734  0.302271  0.103241  -0.0650509  0.103241  0.169101
0.305625  -0.134706  -0.0650367  -0.134706  0.302231  0.103217  -0.0650367  0.103217  0.169094
0.305625  -0.134706  -0.0650367  -0.134706  0.302231  0.103217  -0.0650367  0.103217  0.169094
0.305621  -0.134699  -0.0650181  -0.134699  0.302219  0.103201  -0.0650181  0.103201  0.169085
0.305621  -0.134699  -0.0650181  -0.134699  0.302219  0.103201  -0.0650181  0.103201  0.169085
0.305609  -0.134693  -0.065015  -0.134693  0.302231  0.103209  -0.065015  0.103209  0.169089
0.305609  -0.134693  -0.065015  -0.134693  0.302231  0.103209  -0.065015  0.103209  0.169089
0.305605  -0.134686  -0.0649964  -0.134686  0.302219  0.103193  -0.0649964  0.103193  0.169081
0.305605  -0.134686  -0.0649964  -0.134686  0.302219  0.103193  -0.0649964  0.103193  0.169081
0.305601  -0.134679  -0.0649777  -0.134679  0.302206  0.103177  -0.0649777  0.103177  0.169073
0.305585  -0.134651  -0.064979  -0.134651  0.302191  0.103177  -0.064979  0.103177  0.169078
0.305585  -0.134651  -0.064979  -0.134651  0.302191  0.103177  -0.064979  0.103177  0.169078
0.305569  -0.134652  -0.0649343  -0.134652  0.302206  0.103161  -0.0649343  0.103161  0.169064
0.305565  -0.134645  -0.0649157  -0.134645  0.302194  0.103145  -0.0649157  0.103145  0.169056
0.30556  -0.134637  -0.0648971  -0.134637  0.302182  0.10313  -0.0648971  0.10313  0.169047
0.30556  -0.134637  -0.0648971  -0.134637  0.302182  0.10313  -0.0648971  0.10313  0.169047
0.305552  -0.134623  -0.0648599  -0.134623  0.302157  0.103099  -0.0648599  0.103099  0.169031
0.305548  -0.134616  -0.0648413  -0.134616  0.302145  0.103083  -0.0648413  0.103083  0.169022
0.305543  -0.134609  -0.0648227  -0.134609  0.302133  0.103068  -0.0648227  0.103068  0.169014
0.305535  -0.134581  -0.0648085  -0.134581  0.302092  0.103044  -0.0648085  0.103044  0.169007
0.305535  -0.134581  -0.0648085  -0.134581  0.302092  0.103044  -0.0648085  0.103044  0.169007
0.305535  -0.134595  -0.0647855  -0.134595  0.302108  0.103037  -0.0647855  0.103037  0.168997
0.305535  -0.134595  -0.0647855  -0.134595  0.302108  0.103037  -0.0647855  0.103037  0.168997
0.305531  -0.134588  -0.064767  -0.134588  0.302096  0.103021  -0.064767  0.103021  0.168989
0.305531  -0.134574  -0.06479  -0.134574  0.30208  0.103028  -0.06479  0.103028  0.168999
0.305531  -0.134574  -0.06479  -0.134574  0.30208  0.103028  -0.06479  0.103028  0.168999
0.30553  -0.134602  -0.064744  -0.134602  0.302111  0.103014  -0.064744  0.103014  0.168979
0.30553  -0.134602  -0.064744  -0.134602  0.302111  0.103014  -0.064744  0.103014  0.168979
0.305522  -0.134574  -0.0647298  -0.134574  0.302071  0.10299  -0.0647298  0.10299  0.168972
0.305522  -0.134574  -0.0647298  -0.134574  0.302071  0.10299  -0.0647298  0.10299  0.168972
0.30551  -0.134581  -0.0647037  -0.134581  0.302099  0.10299  -0.0647037  0.10299  0.168967
0.30551  -0.134581  -0.0647037  -0.134581  0.302099  0.10299  -0.0647037  0.10299  0.168967
0.305506  -0.134588  -0.0646621  -0.134588  0.302103  0.102967  -0.0646621  0.102967  0.168949
0.305506  -0.134588  -0.0646621  -0.134588  0.302103  0.102967  -0.0646621  0.102967  0.168949
0.305506  -0.134588  -0.0646621  -0.134588  0.302103  0.102967  -0.0646621  0.102967  0.168949
0.305506  -0.134588  -0.0646621  -0.134588  0.302103  0.102967  -0.0646621  0.102967  0.168949
0.305505  -0.134615  -0.0646161  -0.134615  0.302134  0.102952  -0.0646161  0.102952  0.16893
0.305505  -0.134615  -0.0646161  -0.134615  0.302134  0.102952  -0.0646161  0.102952  0.16893
0.305501  -0.134594  -0.0646206  -0.134594  0.302106  0.102944  -0.0646206  0.102944  0.168931
0.305501  -0.134594  -0.0646206  -0.134594  0.302106  0.102944  -0.0646206  0.102944  0.168931
0.305501  -0.134608  -0.0645976  -0.134608  0.302122  0.102937  -0.0645976  0.102937  0.168921
0.305501  -0.134608  -0.0645976  -0.134608  0.302122  0.102937  -0.0645976  0.102937  0.168921
0.3055  -0.134621  -0.0645746  -0.134621  0.302137  0.102929  -0.0645746  0.102929  0.168912
0.3055  -0.134621  -0.0645746  -0.134621  0.302137  0.102929  -0.0645746  0.102929  0.168912
0.305496  -0.134614  -0.064556  -0.134614  0.302125  0.102914  -0.064556  0.102914  0.168904
0.305496  -0.134614  -0.064556  -0.134614  0.302125  0.102914  -0.064556  0.102914  0.168904
0.305492  -0.134607  -0.0645375  -0.134607  0.302113  0.102898  -0.0645375  0.102898  0.168895
0.305492  -0.134621  -0.0645145  -0.134621  0.302128  0.102891  -0.0645145  0.102891  0.168886
0.305488  -0.1346  -0.0645189  -0.1346  0.302101  0.102883  -0.0645189  0.102883  0.168887
0.305483  -0.134607  -0.0644774  -0.134607  0.302104  0.10286  -0.0644774  0.10286  0.168869
0.305483  -0.134607  -0.0644774  -0.134607  0.302104  0.10286  -0.0644774  0.10286  0.168869
0.305475  -0.134593  -0.0644403  -0.134593  0.30208  0.102829  -0.0644403  0.102829  0.168853
0.305475  -0.134593  -0.0644403  -0.134593  0.30208  0.102829  -0.0644403  0.102829  0.168853
0.305466  -0.134579  -0.0644032  -0.134579  0.302055  0.102798  -0.0644032  0.102798  0.168836
0.305466  -0.134579  -0.0644032  -0.134579  0.302055  0.102798  -0.0644032  0.102798  0.168836
0.305458  -0.134565  -0.0643662  -0.134565  0.302031  0.102767  -0.0643662  0.102767  0.16882
0.305458  -0.134565  -0.0643662  -0.134565  0.302031  0.102767  -0.0643662  0.102767  0.16882
0.305453  -0.134557  -0.0643477  -0.134557  0.302019  0.102752  -0.0643477  0.102752  0.168812
0.305453  -0.134557  -0.0643477  -0.134557  0.302019  0.102752  -0.0643477  0.102752  0.168812
0.305449  -0.13455  -0.0643291  -0.13455  0.302006  0.102736  -0.0643291  0.102736  0.168804
0.305441  -0.134536  -0.0642921  -0.134536  0.301982  0.102705  -0.0642921  0.102705  0.168787
0.305441  -0.134536  -0.0642921  -0.134536  0.301982  0.102705  -0.0642921  0.102705  0.168787
0.30544  -0.134522  -0.0642397  -0.134522  0.301933  0.102652  -0.0642397  0.102652  0.168758
0.30544  -0.134522  -0.0642397  -0.134522  0.301933  0.102652  -0.0642397  0.102652  0.168758
0.305435  -0.134514  -0.0642212  -0.134514  0.301921  0.102636  -0.0642212  0.102636  0.16875
0.305427  -0.1345  -0.0641842  -0.1345  0.301897  0.102605  -0.0641842  0.102605  0.168734
0.305427  -0.1345  -0.0641842  -0.1345  0.301897  0.102605  -0.0641842  0.102605  0.168734
0.305419  -0.134486  -0.0641472  -0.134486  0.301872  0.102575  -0.0641472  0.102575  0.168718
0.305414  -0.134479  -0.0641287  -0.134479  0.30186  0.102559  -0.0641287  0.102559  0.16871
0.305406  -0.134465  -0.0640917  -0.134465  0.301836  0.102528  -0.0640917  0.102528  0.168693
0.305402  -0.134444  -0.0640962  -0.134444  0.301808  0.10252  -0.0640962  0.10252  0.168695
0.305398  -0.134437  -0.0640777  -0.134437  0.301796  0.102505  -0.0640777  0.102505  0.168687
0.305389  -0.134423  -0.0640407  -0.134423  0.301772  0.102474  -0.0640407  0.102474  0.16867
0.305389  -0.134423  -0.0640407  -0.134423  0.301772  0.102474  -0.0640407  0.102474  0.16867
0.305392  -0.134416  -0.0640068  -0.134416  0.301735  0.102436  -0.0640068  0.102436  0.16865
0.305392  -0.134416  -0.0640068  -0.134416  0.301735  0.102436  -0.0640068  0.102436  0.16865
0.305388  -0.134409  -0.0639884  -0.134409  0.301723  0.102421  -0.0639884  0.102421  0.168642
0.305376  -0.134388  -0.063933  -0.134388  0.301687  0.102374  -0.063933  0.102374  0.168618
0.305376  -0.134388  -0.063933  -0.134388  0.301687  0.102374  -0.063933  0.102374  0.168618
0.305359  -0.134346  -0.0638821  -0.134346  0.301622  0.10232  -0.0638821  0.10232  0.168595
0.305359  -0.134346  -0.0638821  -0.134346  0.301622  0.10232  -0.0638821  0.10232  0.168595
0.305355  -0.134339  -0.0638636  -0.134339  0.30161  0.102305  -0.0638636  0.102305  0.168587
0.305342  -0.134318  -0.0638083  -0.134318  0.301574  0.102259  -0.0638083  0.102259  0.168562
0.305342  -0.134318  -0.0638083  -0.134318  0.301574  0.102259  -0.0638083  0.102259  0.168562
0.305337  -0.134282  -0.0637605  -0.134282  0.301498  0.102197  -0.0637605  0.102197  0.168535
0.305337  -0.134282  -0.0637605  -0.134282  0.301498  0.102197  -0.0637605  0.102197  0.168535
0.305333  -0.134275  -0.0637421  -0.134275  0.301486  0.102182  -0.0637421  0.102182  0.168527
0.305321  -0.134254  -0.0636868  -0.134254  0.301449  0.102136  -0.0636868  0.102136  0.168503
0.305321  -0.134254  -0.0636868  -0.134254  0.301449  0.102136  -0.0636868  0.102136  0.168503
0.30532  -0.134226  -0.0636575  -0.134226  0.301385  0.10209  -0.0636575  0.10209  0.168485
0.30532  -0.134226  -0.0636575  -0.134226  0.301385  0.10209  -0.0636575  0.10209  0.168485
0.305319  -0.134211  -0.0636053  -0.134211  0.301337  0.102037  -0.0636053  0.102037  0.168456
0.305319  -0.134211  -0.0636053  -0.134211  0.301337  0.102037  -0.0636053  0.102037  0.168456
0.305318  -0.134183  -0.063576  -0.134183  0.301273  0.101991  -0.063576  0.101991  0.168438
0.305318  -0.134183  -0.063576  -0.134183  0.301273  0.101991  -0.063576  0.101991  0.168438
0.305317  -0.134168  -0.0635238  -0.134168  0.301224  0.101938  -0.0635238  0.101938  0.16841
0.305313  -0.134161  -0.0635054  -0.134161  0.301212  0.101922  -0.0635054  0.101922  0.168402
0.305309  -0.134154  -0.063487  -0.134154  0.3012  0.101907  -0.063487  0.101907  0.168394
0.305296  -0.13412  -0.0634547  -0.13412  0.301148  0.101869  -0.0634547  0.101869  0.168379
0.305296  -0.13412  -0.0634547  -0.13412  0.301148  0.101869  -0.0634547  0.101869  0.168379
0.305304  -0.134119  -0.0634394  -0.134119  0.301124  0.101846  -0.0634394  0.101846  0.168367
0.305287  -0.134091  -0.0633658  -0.134091  0.301076  0.101785  -0.0633658  0.101785  0.168335
0.305287  -0.134091  -0.0633658  -0.134091  0.301076  0.101785  -0.0633658  0.101785  0.168335
0.305271  -0.134049  -0.0633152  -0.134049  0.301012  0.101731  -0.0633152  0.101731  0.168313
0.305271  -0.134049  -0.0633152  -0.134049  0.301012  0.101731  -0.0633152  0.101731  0.168313
0.305266  -0.134014  -0.0632676  -0.134014  0.300936  0.10167  -0.0632676  0.10167  0.168286
0.305266  -0.134014  -0.0632676  -0.134014  0.300936  0.10167  -0.0632676  0.10167  0.168286
0.305253  -0.133993  -0.0632126  -0.133993  0.3009  0.101624  -0.0632126  0.101624  0.168263
0.305249  -0.133972  -0.0632171  -0.133972  0.300872  0.101616  -0.0632171  0.101616  0.168264
0.305248  -0.133958  -0.063165  -0.133958  0.300824  0.101563  -0.063165  0.101563  0.168236
0.305248  -0.133958  -0.063165  -0.133958  0.300824  0.101563  -0.063165  0.101563  0.168236
0.305236  -0.133923  -0.0631329  -0.133923  0.300772  0.101525  -0.0631329  0.101525  0.168222
0.305236  -0.133923  -0.0631329  -0.133923  0.300772  0.101525  -0.0631329  0.101525  0.168222
0.305243  -0.133923  -0.0631175  -0.133923  0.300748  0.101502  -0.0631175  0.101502  0.16821
0.305231  -0.133902  -0.0630625  -0.133902  0.300712  0.101457  -0.0630625  0.101457  0.168186
0.305231  -0.133902  -0.0630625  -0.133902  0.300712  0.101457  -0.0630625  0.101457  0.168186
0.30523  -0.133873  -0.0630334  -0.133873  0.300648  0.101411  -0.0630334  0.101411  0.168168
0.30523  -0.133873  -0.0630334  -0.133873  0.300648  0.101411  -0.0630334  0.101411  0.168168
0.305218  -0.133853  -0.0629784  -0.133853  0.300612  0.101366  -0.0629784  0.101366  0.168144
0.305218  -0.133853  -0.0629784  -0.133853  0.300612  0.101366  -0.0629784  0.101366  0.168144
0.305217  -0.133838  -0.0629264  -0.133838  0.300564  0.101313  -0.0629264  0.101313  0.168117
0.305217  -0.133838  -0.0629264  -0.133838  0.300564  0.101313  -0.0629264  0.101313  0.168117
0.305204  -0.133817  -0.0628715  -0.133817  0.300528  0.101267  -0.0628715  0.101267  0.168093
0.305204  -0.133817  -0.0628715  -0.133817  0.300528  0.101267  -0.0628715  0.101267  0.168093
0.305192  -0.133796  -0.0628166  -0.133796  0.300492  0.101222  -0.0628166  0.101222  0.16807
0.305192  -0.133796  -0.0628166  -0.133796  0.300492  0.101222  -0.0628166  0.101222  0.16807
0.305195  -0.133775  -0.0628058  -0.133775  0.300441  0.101191  -0.0628058  0.101191  0.168059
0.305187  -0.133761  -0.0627693  -0.133761  0.300417  0.101161  -0.0627693  0.101161  0.168044
0.305179  -0.133747  -0.0627327  -0.133747  0.300393  0.101131  -0.0627327  0.101131  0.168028
0.305179  -0.133747  -0.0627327  -0.133747  0.300393  0.101131  -0.0627327  0.101131  0.168028
0.305166  -0.133726  -0.0626779  -0.133726  0.300357  0.101085  -0.0626779  0.101085  0.168005
0.305162  -0.133706  -0.0626824  -0.133706  0.300329  0.101077  -0.0626824  0.101077  0.168006
0.30515  -0.133685  -0.0626276  -0.133685  0.300293  0.101032  -0.0626276  0.101032  0.167983
0.30515  -0.133685  -0.0626276  -0.133685  0.300293  0.101032  -0.0626276  0.101032  0.167983
0.305138  -0.133664  -0.0625728  -0.133664  0.300258  0.100987  -0.0625728  0.100987  0.16796
0.305138  -0.133664  -0.0625728  -0.133664  0.300258  0.100987  -0.0625728  0.100987  0.16796
0.305122  -0.133623  -0.0625226  -0.133623  0.300194  0.100933  -0.0625226  0.100933  0.167938
0.305117  -0.133616  -0.0625044  -0.133616  0.300182  0.100918  -0.0625044  0.100918  0.16793
0.305113  -0.133609  -0.0624861  -0.133609  0.30017  0.100903  -0.0624861  0.100903  0.167923
0.305109  -0.133602  -0.0624679  -0.133602  0.300158  0.100888  -0.0624679  0.100888  0.167915
0.305112  -0.133594  -0.0624343  -0.133594  0.300123  0.100851  -0.0624343  0.100851  0.167896
0.305108  -0.133587  -0.0624161  -0.133587  0.300111  0.100835  -0.0624161  0.100835  0.167888
0.305096  -0.133566  -0.0623614  -0.133566  0.300075  0.10079  -0.0623614  0.10079  0.167865
0.305096  -0.133566  -0.0623614  -0.133566  0.300075  0.10079  -0.0623614  0.10079  0.167865
0.305084  -0.133532  -0.0623295  -0.133532  0.300024  0.100752  -0.0623295  0.100752  0.167851
0.305084  -0.133532  -0.0623295  -0.133532  0.300024  0.100752  -0.0623295  0.100752  0.167851
0.305068  -0.133504  -0.0622567  -0.133504  0.299976  0.100692  -0.0622567  0.100692  0.16782
0.305068  -0.133504  -0.0622567  -0.133504  0.299976  0.100692  -0.0622567  0.100692  0.16782
0.305067  -0.13349  -0.062205  -0.13349  0.299928  0.100639  -0.062205  0.100639  0.167794
0.305067  -0.13349  -0.062205  -0.13349  0.299928  0.100639  -0.062205  0.100639  0.167794
0.30505  -0.133449  -0.062155  -0.133449  0.299865  0.100586  -0.062155  0.100586  0.167772
0.30505  -0.133449  -0.062155  -0.133449  0.299865  0.100586  -0.062155  0.100586  0.167772
0.305045  -0.133427  -0.0620851  -0.133427  0.299805  0.100519  -0.0620851  0.100519  0.167738
0.305045  -0.133427  -0.0620851  -0.133427  0.299805  0.100519  -0.0620851  0.100519  0.167738
0.305025  -0.133379  -0.062017  -0.133379  0.29973  0.100451  -0.062017  0.100451  0.167709
0.305025  -0.133379  -0.062017  -0.133379  0.29973  0.100451  -0.062017  0.100451  0.167709
0.305033  -0.133378  -0.0620017  -0.133378  0.299706  0.100429  -0.0620017  0.100429  0.167697
0.305012  -0.13333  -0.0619336  -0.13333  0.299632  0.100361  -0.0619336  0.100361  0.167668
0.305012  -0.13333  -0.0619336  -0.13333  0.299632  0.100361  -0.0619336  0.100361  0.167668
0.305004  -0.133288  -0.0618684  -0.133288  0.299545  0.100286  -0.0618684  0.100286  0.167635
0.305004  -0.133288  -0.0618684  -0.133288  0.299545  0.100286  -0.0618684  0.100286  0.167635
0.304984  -0.13324  -0.0618004  -0.13324  0.29947  0.100218  -0.0618004  0.100218  0.167606
0.30498  -0.133233  -0.0617823  -0.133233  0.299458  0.100203  -0.0617823  0.100203  0.167599
0.304964  -0.133192  -0.0617325  -0.133192  0.299395  0.10015  -0.0617325  0.10015  0.167578
0.304964  -0.133192  -0.0617325  -0.133192  0.299395  0.10015  -0.0617325  0.10015  0.167578
0.304955  -0.13315  -0.0616674  -0.13315  0.299308  0.100076  -0.0616674  0.100076  0.167545
0.304951  -0.133144  -0.0616493  -0.133144  0.299296  0.100061  -0.0616493  0.100061  0.167537
0.304935  -0.133103  -0.0615996  -0.133103  0.299234  0.100008  -0.0615996  0.100008  0.167516
0.304935  -0.133103  -0.0615996  -0.133103  0.299234  0.100008  -0.0615996  0.100008  0.167516
0.304926  -0.133061  -0.0615346  -0.133061  0.299147  0.0999333  -0.0615346  0.0999333  0.167484
0.304922  -0.133054  -0.0615165  -0.133054  0.299135  0.0999184  -0.0615165  0.0999184  0.167476
0.304902  -0.133006  -0.0614487  -0.133006  0.299061  0.099851  -0.0614487  0.099851  0.167448
0.304899  -0.132986  -0.0614533  -0.132986  0.299033  0.0998431  -0.0614533  0.0998431  0.167449
0.304875  -0.132931  -0.0613675  -0.132931  0.298947  0.0997609  -0.0613675  0.0997609  0.167413
0.304875  -0.132931  -0.0613675  -0.132931  0.298947  0.0997609  -0.0613675  0.0997609  0.167413
0.304863  -0.132897  -0.061336  -0.132897  0.298896  0.0997234  -0.061336  0.0997234  0.1674
0.304839  -0.132842  -0.0612503  -0.132842  0.29881  0.0996413  -0.0612503  0.0996413  0.167364
0.304835  -0.132835  -0.0612323  -0.132835  0.298799  0.0996264  -0.0612323  0.0996264  0.167357
0.304827  -0.132808  -0.0612188  -0.132808  0.29876  0.0996038  -0.0612188  0.0996038  0.167351
0.304811  -0.132753  -0.061118  -0.132753  0.29865  0.0994998  -0.061118  0.0994998  0.167304
0.304811  -0.132753  -0.061118  -0.132753  0.29865  0.0994998  -0.061118  0.0994998  0.167304
0.304784  -0.132678  -0.0610371  -0.132678  0.298537  0.0994101  -0.0610371  0.0994101  0.16727
0.30478  -0.132658  -0.0610417  -0.132658  0.298509  0.0994024  -0.0610417  0.0994024  0.167271
0.304768  -0.132624  -0.0610103  -0.132624  0.298459  0.099365  -0.0610103  0.099365  0.167258
0.304745  -0.132569  -0.0609249  -0.132569  0.298373  0.0992833  -0.0609249  0.0992833  0.167223
0.304756  -0.132575  -0.0609277  -0.132575  0.298361  0.0992761  -0.0609277  0.0992761  0.167219
0.304728  -0.132501  -0.060847  -0.132501  0.298248  0.0991867  -0.060847  0.0991867  0.167185
0.304725  -0.132494  -0.060829  -0.132494  0.298237  0.099172  -0.060829  0.099172  0.167178
0.304697  -0.132419  -0.0607484  -0.132419  0.298124  0.0990828  -0.0607484  0.0990828  0.167144
0.304693  -0.132413  -0.0607305  -0.132413  0.298112  0.099068  -0.0607305  0.099068  0.167137
0.304666  -0.132338  -0.0606499  -0.132338  0.298  0.0989789  -0.0606499  0.0989789  0.167104
0.304659  -0.132311  -0.0606366  -0.132311  0.297961  0.0989565  -0.0606366  0.0989565  0.167098
0.304639  -0.132236  -0.060541  -0.132236  0.297825  0.0988456  -0.060541  0.0988456  0.167053
0.304639  -0.132236  -0.060541  -0.132236  0.297825  0.0988456  -0.060541  0.0988456  0.167053
0.304608  -0.132155  -0.0604427  -0.132155  0.297701  0.0987421  -0.0604427  0.0987421  0.167013
0.304608  -0.132155  -0.0604427  -0.132155  0.297701  0.0987421  -0.0604427  0.0987421  0.167013
0.304574  -0.132054  -0.0603492  -0.132054  0.29755  0.0986311  -0.0603492  0.0986311  0.166974
0.30457  -0.132047  -0.0603313  -0.132047  0.297539  0.0986164  -0.0603313  0.0986164  0.166967
0.304535  -0.131959  -0.0602154  -0.131959  0.297404  0.0984987  -0.0602154  0.0984987  0.16692
0.304531  -0.131952  -0.0601976  -0.131952  0.297392  0.098484  -0.0601976  0.098484  0.166913
0.304527  -0.131905  -0.0601738  -0.131905  0.297303  0.0984322  -0.0601738  0.0984322  0.166897
0.304489  -0.131797  -0.0600628  -0.131797  0.297141  0.0983071  -0.0600628  0.0983071  0.166851
0.304485  -0.13179  -0.0600449  -0.13179  0.29713  0.0982925  -0.0600449  0.0982925  0.166844
0.304444  -0.131676  -0.0599162  -0.131676  0.296957  0.098153  -0.0599162  0.098153  0.166792
0.30444  -0.131669  -0.0598984  -0.131669  0.296945  0.0981385  -0.0598984  0.0981385  0.166785
0.304398  -0.131542  -0.0597924  -0.131542  0.296757  0.0980062  -0.0597924  0.0980062  0.166741
0.304395  -0.131522  -0.059797  -0.131522  0.296731  0.0979986  -0.059797  0.0979986  0.166742
0.30435  -0.131401  -0.059651  -0.131401  0.296547  0.0978452  -0.059651  0.0978452  0.166684
0.304346  -0.131394  -0.0596332  -0.131394  0.296535  0.0978308  -0.0596332  0.0978308  0.166677
0.304294  -0.131262  -0.0595249  -0.131262  0.29636  0.0977063  -0.0595249  0.0977063  0.166638
0.304287  -0.131235  -0.0595118  -0.131235  0.296322  0.0976843  -0.0595118  0.0976843  0.166632
0.304242  -0.131101  -0.0593886  -0.131101  0.296124  0.0975384  -0.0593886  0.0975384  0.166582
0.304242  -0.131101  -0.0593886  -0.131101  0.296124  0.0975384  -0.0593886  0.0975384  0.166582
0.304187  -0.130935  -0.0592348  -0.130935  0.295877  0.0973566  -0.0592348  0.0973566  0.16652
0.30418  -0.130908  -0.0592218  -0.130908  0.295838  0.0973346  -0.0592218  0.0973346  0.166514
0.304162  -0.130848  -0.0591781  -0.130848  0.295751  0.0972764  -0.0591781  0.0972764  0.166496
0.30411  -0.130689  -0.0590425  -0.130689  0.295516  0.0971095  -0.0590425  0.0971095  0.166442
0.30411  -0.130689  -0.0590425  -0.130689  0.295516  0.0971095  -0.0590425  0.0971095  0.166442
0.304045  -0.130517  -0.0588869  -0.130517  0.295282  0.0969359  -0.0588869  0.0969359  0.166385
0.304042  -0.130497  -0.0588915  -0.130497  0.295256  0.0969284  -0.0588915  0.0969284  0.166386
0.30398  -0.130306  -0.0587259  -0.130306  0.294973  0.0967264  -0.0587259  0.0967264  0.16632
0.303973  -0.130279  -0.058713  -0.130279  0.294935  0.0967046  -0.058713  0.0967046  0.166314
0.303902  -0.130095  -0.0585231  -0.130095  0.29468  0.0965037  -0.0585231  0.0965037  0.166245
0.303894  -0.130069  -0.0585102  -0.130069  0.294643  0.096482  -0.0585102  0.096482  0.16624
0.30387  -0.129983  -0.0584541  -0.129983  0.294519  0.0964028  -0.0584541  0.0964028  0.166217
0.303803  -0.129753  -0.0582989  -0.129753  0.294185  0.0961874  -0.0582989  0.0961874  0.166154
0.303792  -0.12972  -0.0582686  -0.12972  0.294136  0.0961516  -0.0582686  0.0961516  0.166142
0.303757  -0.129643  -0.058188  -0.129643  0.29404  0.0960734  -0.058188  0.0960734  0.166116
0.303687  -0.129407  -0.058016  -0.129407  0.293697  0.0958448  -0.058016  0.0958448  0.166048
0.303683  -0.129387  -0.0580207  -0.129387  0.293671  0.0958374  -0.0580207  0.0958374  0.166049
0.303607  -0.129166  -0.0578419  -0.129166  0.293367  0.0956243  -0.0578419  0.0956243  0.165985
0.3036  -0.12914  -0.0578292  -0.12914  0.29333  0.0956029  -0.0578292  0.0956029  0.165979
0.303518  -0.128893  -0.0576383  -0.128893  0.292991  0.0953691  -0.0576383  0.0953691  0.16591
0.303514  -0.128887  -0.057621  -0.128887  0.29298  0.0953552  -0.057621  0.0953552  0.165904
0.303425  -0.128615  -0.0574181  -0.128615  0.292604  0.095101  -0.0574181  0.095101  0.16583
0.303419  -0.128589  -0.0574054  -0.128589  0.292567  0.0950798  -0.0574054  0.0950798  0.165825
0.303381  -0.128493  -0.0573306  -0.128493  0.292447  0.0949955  -0.0573306  0.0949955  0.165802
0.303297  -0.128242  -0.0571239  -0.128242  0.2921  0.09475  -0.0571239  0.09475  0.165728
0.30329  -0.128216  -0.0571114  -0.128216  0.292063  0.0947289  -0.0571114  0.0947289  0.165723
0.303204  -0.127973  -0.0569374  -0.127973  0.291751  0.0945192  -0.0569374  0.0945192  0.165667
0.303204  -0.127973  -0.0569374  -0.127973  0.291751  0.0945192  -0.0569374  0.0945192  0.165667
0.303111  -0.127705  -0.0567514  -0.127705  0.291403  0.0942892  -0.0567514  0.0942892  0.165606
0.303101  -0.127673  -0.0567218  -0.127673  0.291356  0.0942545  -0.0567218  0.0942545  0.165595
0.303065  -0.127565  -0.0566696  -0.127565  0.291223  0.0941777  -0.0566696  0.0941777  0.165579
