0.317591  -0.156333  -0.0593035  -0.156333  0.317771  0.101815  -0.0593035  0.101815  0.164067
0.317591  -0.156333  -0.0593035  -0.156333  0.317771  0.101815  -0.0593035  0.101815  0.164067
0.317591  -0.156333  -0.0593035  -0.156333  0.317771  0.101815  -0.0593035  0.101815  0.164067
0.317555  -0.154896  -0.0601287  -0.154896  0.315341  0.101477  -0.0601287  0.101477  0.164199
0.31744  -0.153764  -0.0605971  -0.153764  0.313526  0.101139  -0.0605971  0.101139  0.164264
0.317403  -0.153607  -0.0605897  -0.153607  0.313283  0.101052  -0.0605897  0.101052  0.164251
0.316966  -0.151749  -0.060035  -0.151749  0.310231  0.0996335  -0.060035  0.0996335  0.163887
0.316925  -0.151559  -0.0599961  -0.151559  0.309921  0.0995003  -0.0599961  0.0995003  0.163856
0.316396  -0.148481  -0.0601486  -0.148481  0.305037  0.0978564  -0.0601486  0.0978564  0.163645
0.3159  -0.146011  -0.0601829  -0.146011  0.30127  0.0965344  -0.0601829  0.0965344  0.163473
0.315829  -0.145752  -0.0601557  -0.145752  0.3009  0.0963904  -0.0601557  0.0963904  0.16345
0.314917  -0.142543  -0.0592466  -0.142543  0.296164  0.094175  -0.0592466  0.094175  0.162939
0.314847  -0.142319  -0.059173  -0.142319  0.295844  0.0940194  -0.059173  0.0940194  0.162902
0.313919  -0.139462  -0.0581152  -0.139462  0.29181  0.0919876  -0.0581152  0.0919876  0.162413
0.313207  -0.137393  -0.0574359  -0.137393  0.289042  0.090639  -0.0574359  0.090639  0.162125
0.313144  -0.137248  -0.0573838  -0.137248  0.288871  0.0905547  -0.0573838  0.0905547  0.16211
0.312093  -0.134944  -0.0565266  -0.134944  0.286254  0.0892504  -0.0565266  0.0892504  0.161882
0.312019  -0.134825  -0.0564281  -0.134825  0.286132  0.0891614  -0.0564281  0.0891614  0.161858
0.311014  -0.133447  -0.0552096  -0.133447  0.284977  0.0882352  -0.0552096  0.0882352  0.161633
0.310366  -0.132549  -0.0545917  -0.132549  0.284309  0.0877729  -0.0545917  0.0877729  0.161564
0.310284  -0.132438  -0.0545279  -0.132438  0.284237  0.0877285  -0.0545279  0.0877285  0.161562
0.309434  -0.131144  -0.0537764  -0.131144  0.283212  0.0871  -0.0537764  0.0871  0.161494
0.30937  -0.13106  -0.0537107  -0.13106  0.283156  0.0870558  -0.0537107  0.0870558  0.161487
0.308545  -0.129909  -0.0525751  -0.129909  0.282215  0.0862346  -0.0525751  0.0862346  0.161308
0.307997  -0.12888  -0.0520301  -0.12888  0.281237  0.0856685  -0.0520301  0.0856685  0.161238
0.307941  -0.128764  -0.0519779  -0.128764  0.28112  0.0856058  -0.0519779  0.0856058  0.161231
0.307194  -0.127116  -0.0513752  -0.127116  0.279456  0.0847785  -0.0513752  0.0847785  0.161165
0.30714  -0.127002  -0.0513238  -0.127002  0.279342  0.0847169  -0.0513238  0.0847169  0.161158
0.306378  -0.125259  -0.0504263  -0.125259  0.277473  0.0836409  -0.0504263  0.0836409  0.161007
0.305847  -0.12372  -0.0499454  -0.12372  0.275713  0.0827807  -0.0499454  0.0827807  0.16092
0.305793  -0.123551  -0.0498955  -0.123551  0.275513  0.0826833  -0.0498955  0.0826833  0.160909
0.305085  -0.121318  -0.0490911  -0.121318  0.272863  0.0813129  -0.0490911  0.0813129  0.160739
0.305038  -0.121172  -0.0490376  -0.121172  0.272693  0.0812241  -0.0490376  0.0812241  0.160729
0.304413  -0.119204  -0.0481637  -0.119204  0.270367  0.0799291  -0.0481637  0.0799291  0.160556
0.303987  -0.117716  -0.0476661  -0.117716  0.268621  0.079029  -0.0476661  0.079029  0.160464
0.303941  -0.117569  -0.0475988  -0.117569  0.268451  0.0789322  -0.0475988  0.0789322  0.160453
0.303396  -0.115831  -0.0467109  -0.115831  0.266449  0.0777478  -0.0467109  0.0777478  0.160309
0.303362  -0.115729  -0.046651  -0.115729  0.266335  0.0776761  -0.046651  0.0776761  0.1603
0.302911  -0.114383  -0.0458819  -0.114383  0.264864  0.0767614  -0.0458819  0.0767614  0.160206
0.302631  -0.113503  -0.04543  -0.113503  0.263915  0.0761927  -0.04543  0.0761927  0.160161
0.302605  -0.113427  -0.0453823  -0.113427  0.263833  0.0761397  -0.0453823  0.0761397  0.160157
0.302288  -0.11261  -0.0446815  -0.11261  0.262993  0.0755042  -0.0446815  0.0755042  0.16009
0.302266  -0.112552  -0.0446296  -0.112552  0.262932  0.0754577  -0.0446296  0.0754577  0.160085
0.30203  -0.111901  -0.0440823  -0.111901  0.262245  0.0749468  -0.0440823  0.0749468  0.160035
0.301907  -0.11149  -0.0437323  -0.11149  0.261759  0.0745927  -0.0437323  0.0745927  0.15999
0.30189  -0.111455  -0.0436913  -0.111455  0.261728  0.0745631  -0.0436913  0.0745631  0.159987
0.301761  -0.111002  -0.0431337  -0.111002  0.261117  0.0740531  -0.0431337  0.0740531  0.159898
0.301752  -0.11097  -0.043094  -0.11097  0.261074  0.0740169  -0.043094  0.0740169  0.159891
0.301674  -0.110463  -0.0427122  -0.110463  0.260332  0.0735228  -0.0427122  0.0735228  0.159805
0.301627  -0.110072  -0.0423828  -0.110072  0.259718  0.0731034  -0.0423828  0.0731034  0.159724
0.301618  -0.110028  -0.042363  -0.110028  0.259664  0.0730723  -0.042363  0.0730723  0.159721
0.301586  -0.109495  -0.0418803  -0.109495  0.258744  0.0724382  -0.0418803  0.0724382  0.159584
0.301582  -0.109449  -0.0418469  -0.109449  0.25867  0.0723905  -0.0418469  0.0723905  0.159575
0.301564  -0.108847  -0.0414077  -0.108847  0.257635  0.0717247  -0.0414077  0.0717247  0.159435
0.301584  -0.10853  -0.0410612  -0.10853  0.256978  0.0712605  -0.0410612  0.0712605  0.159318
0.301591  -0.108509  -0.0410385  -0.108509  0.25692  0.0712218  -0.0410385  0.0712218  0.159306
0.301642  -0.108112  -0.0406167  -0.108112  0.256043  0.0706164  -0.0406167  0.0706164  0.159146
0.301649  -0.108091  -0.040594  -0.108091  0.255986  0.070578  -0.040594  0.070578  0.159134
0.301758  -0.107872  -0.0402381  -0.107872  0.255265  0.0700585  -0.0402381  0.0700585  0.158966
0.301852  -0.10783  -0.0399776  -0.10783  0.254883  0.0697388  -0.0399776  0.0697388  0.158845
0.301862  -0.107826  -0.0399501  -0.107826  0.254845  0.069706  -0.0399501  0.069706  0.158833
0.302031  -0.107847  -0.0397001  -0.107847  0.254387  0.0693379  -0.0397001  0.0693379  0.158669
0.302044  -0.107864  -0.0396821  -0.107864  0.254374  0.0693198  -0.0396821  0.0693198  0.158658
0.302229  -0.108038  -0.0394015  -0.108038  0.254102  0.0690149  -0.0394015  0.0690149  0.158495
0.302241  -0.10805  -0.0393691  -0.10805  0.254081  0.0689872  -0.0393691  0.0689872  0.158482
0.302442  -0.108253  -0.0391736  -0.108253  0.253854  0.0687389  -0.0391736  0.0687389  0.158329
0.302598  -0.108432  -0.0390691  -0.108432  0.253731  0.0685922  -0.0390691  0.0685922  0.158222
0.302612  -0.108449  -0.0390509  -0.108449  0.253718  0.068574  -0.0390509  0.068574  0.158211
0.302853  -0.108736  -0.0388645  -0.108736  0.253544  0.0683433  -0.0388645  0.0683433  0.158047
0.302867  -0.108753  -0.0388462  -0.108753  0.253531  0.068325  -0.0388462  0.068325  0.158036
0.303098  -0.109013  -0.0386962  -0.109013  0.25336  0.0681163  -0.0386962  0.0681163  0.157884
0.303245  -0.109162  -0.0385653  -0.109162  0.253217  0.0679514  -0.0385653  0.0679514  0.157781
0.303262  -0.109184  -0.0385613  -0.109184  0.253211  0.0679425  -0.0385613  0.0679425  0.157771
0.30348  -0.109409  -0.0383707  -0.109409  0.253012  0.0677064  -0.0383707  0.0677064  0.157622
0.303495  -0.109414  -0.0383716  -0.109414  0.252988  0.0676925  -0.0383716  0.0676925  0.157613
0.303706  -0.109644  -0.038208  -0.109644  0.252828  0.0674888  -0.038208  0.0674888  0.157476
0.303713  -0.109659  -0.0381891  -0.109659  0.252828  0.0674773  -0.0381891  0.0674773  0.15747
0.303929  -0.109894  -0.0380391  -0.109894  0.252676  0.0672825  -0.0380391  0.0672825  0.157335
0.30409  -0.110067  -0.0379776  -0.110067  0.252583  0.0671706  -0.0379776  0.0671706  0.157243
0.304108  -0.110089  -0.0379734  -0.110089  0.252577  0.0671616  -0.0379734  0.0671616  0.157234
0.304328  -0.110384  -0.037898  -0.110384  0.252545  0.0670534  -0.037898  0.0670534  0.157119
0.304481  -0.110596  -0.0378538  -0.110596  0.252541  0.0669907  -0.0378538  0.0669907  0.157043
0.304499  -0.110618  -0.0378495  -0.110618  0.252536  0.0669816  -0.0378495  0.0669816  0.157033
0.304722  -0.11098  -0.0378155  -0.11098  0.252628  0.0669462  -0.0378155  0.0669462  0.156935
0.304732  -0.111  -0.0378108  -0.111  0.252635  0.0669441  -0.0378108  0.0669441  0.15693
0.304923  -0.111336  -0.0377802  -0.111336  0.252758  0.0669316  -0.0377802  0.0669316  0.156851
0.305063  -0.111553  -0.0377635  -0.111553  0.252808  0.0669081  -0.0377635  0.0669081  0.156791
0.305078  -0.111578  -0.0377734  -0.111578  0.252823  0.0669155  -0.0377734  0.0669155  0.156787
0.305237  -0.111914  -0.0377069  -0.111914  0.253001  0.0669164  -0.0377069  0.0669164  0.156724
0.305248  -0.111934  -0.0377022  -0.111934  0.253008  0.0669142  -0.0377022  0.0669142  0.156719
0.305382  -0.112187  -0.0376258  -0.112187  0.253108  0.0668833  -0.0376258  0.0668833  0.156659
0.305385  -0.112205  -0.0376208  -0.112205  0.253127  0.0668882  -0.0376208  0.0668882  0.156659
0.305503  -0.112415  -0.0375393  -0.112415  0.253193  0.0668448  -0.0375393  0.0668448  0.156603
0.305506  -0.112433  -0.0375343  -0.112433  0.253212  0.0668496  -0.0375343  0.0668496  0.156603
0.305598  -0.112598  -0.0374474  -0.112598  0.253257  0.0668009  -0.0374474  0.0668009  0.156556
0.305598  -0.112598  -0.0374474  -0.112598  0.253257  0.0668009  -0.0374474  0.0668009  0.156556
0.305668  -0.112698  -0.0374094  -0.112698  0.253262  0.066766  -0.0374094  0.066766  0.156522
0.305704  -0.11275  -0.037366  -0.11275  0.253257  0.0667331  -0.037366  0.0667331  0.156501
0.305707  -0.112768  -0.0373609  -0.112768  0.253277  0.0667379  -0.0373609  0.0667379  0.156501
0.30574  -0.112802  -0.0373225  -0.112802  0.253253  0.0667001  -0.0373225  0.0667001  0.15648
0.30574  -0.112802  -0.0373225  -0.112802  0.253253  0.0667001  -0.0373225  0.0667001  0.15648
0.305757  -0.11282  -0.0373033  -0.11282  0.25324  0.0666812  -0.0373033  0.0666812  0.15647
0.305762  -0.112829  -0.0372691  -0.112829  0.253233  0.0666598  -0.0372691  0.0666598  0.156463
0.305758  -0.112824  -0.0372544  -0.112824  0.253225  0.0666502  -0.0372544  0.0666502  0.156462
0.305743  -0.11281  -0.0372248  -0.11281  0.253223  0.0666381  -0.0372248  0.0666381  0.156464
0.30574  -0.112805  -0.0372102  -0.112805  0.253215  0.0666285  -0.0372102  0.0666285  0.156463
0.305698  -0.112758  -0.0371559  -0.112758  0.253202  0.0666065  -0.0371559  0.0666065  0.156472
0.305662  -0.112696  -0.0371069  -0.112696  0.253157  0.0665727  -0.0371069  0.0665727  0.156478
0.305654  -0.112694  -0.0371066  -0.112694  0.253169  0.0665798  -0.0371066  0.0665798  0.156482
0.305596  -0.112595  -0.0370186  -0.112595  0.253095  0.0665197  -0.0370186  0.0665197  0.15649
0.305582  -0.11257  -0.0370088  -0.11257  0.25308  0.0665124  -0.0370088  0.0665124  0.156494
0.30551  -0.112446  -0.0369112  -0.112446  0.252991  0.0664451  -0.0369112  0.0664451  0.156505
0.305459  -0.112333  -0.0368288  -0.112333  0.252885  0.0663735  -0.0368288  0.0663735  0.156508
0.305447  -0.112313  -0.0368336  -0.112313  0.252877  0.0663758  -0.0368336  0.0663758  0.156513
0.305373  -0.112134  -0.0367372  -0.112134  0.252711  0.0662781  -0.0367372  0.0662781  0.156521
0.305369  -0.112129  -0.0367227  -0.112129  0.252703  0.0662686  -0.0367227  0.0662686  0.15652
0.305292  -0.111933  -0.0366315  -0.111933  0.252518  0.0661664  -0.0366315  0.0661664  0.156528
0.305236  -0.111785  -0.0365597  -0.111785  0.252374  0.0660858  -0.0365597  0.0660858  0.156532
0.30523  -0.111762  -0.0365503  -0.111762  0.252348  0.0660716  -0.0365503  0.0660716  0.156532
0.305155  -0.111559  -0.0364308  -0.111559  0.252137  0.0659441  -0.0364308  0.0659441  0.156534
0.305141  -0.111533  -0.0364211  -0.111533  0.252122  0.065937  -0.0364211  0.065937  0.156538
0.305081  -0.111356  -0.0363116  -0.111356  0.251927  0.065817  -0.0363116  0.065817  0.156536
0.305067  -0.11133  -0.036302  -0.11133  0.251912  0.0658099  -0.036302  0.0658099  0.15654
0.305005  -0.111148  -0.0361782  -0.111148  0.25171  0.0656809  -0.0361782  0.0656809  0.156538
0.305005  -0.111148  -0.0361782  -0.111148  0.25171  0.0656809  -0.0361782  0.0656809  0.156538
0.304943  -0.110965  -0.0360548  -0.110965  0.251508  0.0655523  -0.0360548  0.0655523  0.156537
0.304937  -0.110943  -0.0360454  -0.110943  0.251482  0.0655383  -0.0360454  0.0655383  0.156536
0.304883  -0.110775  -0.035903  -0.110775  0.25128  0.0653985  -0.035903  0.0653985  0.156529
0.30485  -0.110669  -0.0358226  -0.110669  0.251154  0.0653148  -0.0358226  0.0653148  0.156526
0.30485  -0.110669  -0.0358226  -0.110669  0.251154  0.0653148  -0.0358226  0.0653148  0.156526
0.304803  -0.110513  -0.0357094  -0.110513  0.250968  0.0651942  -0.0357094  0.0651942  0.156521
0.304808  -0.11051  -0.0356952  -0.11051  0.250948  0.065178  -0.0356952  0.065178  0.156516
0.304757  -0.110323  -0.0355445  -0.110323  0.25071  0.0650184  -0.0355445  0.0650184  0.156505
0.304726  -0.110197  -0.0354554  -0.110197  0.250546  0.0649145  -0.0354554  0.0649145  0.156497
0.304723  -0.110192  -0.0354411  -0.110192  0.250539  0.0649053  -0.0354411  0.0649053  0.156497
0.304686  -0.110018  -0.0353197  -0.110018  0.250305  0.064758  -0.0353197  0.064758  0.156483
0.304683  -0.110013  -0.0353054  -0.110013  0.250298  0.0647488  -0.0353054  0.0647488  0.156483
0.304639  -0.109849  -0.0351647  -0.109849  0.250087  0.0646043  -0.0351647  0.0646043  0.156473
0.304619  -0.109756  -0.035052  -0.109756  0.249943  0.0644944  -0.035052  0.0644944  0.156461
0.304616  -0.10975  -0.0350377  -0.10975  0.249936  0.0644853  -0.0350377  0.0644853  0.15646
0.304584  -0.109611  -0.0348451  -0.109611  0.249719  0.0643096  -0.0348451  0.0643096  0.15644
0.304578  -0.109601  -0.0348167  -0.109601  0.249705  0.0642915  -0.0348167  0.0642915  0.15644
0.304541  -0.109451  -0.0345961  -0.109451  0.249474  0.0640983  -0.0345961  0.0640983  0.15642
0.304526  -0.109367  -0.0344507  -0.109367  0.249323  0.0639689  -0.0344507  0.0639689  0.156402
0.304523  -0.109361  -0.0344366  -0.109361  0.249316  0.0639599  -0.0344366  0.0639599  0.156402
0.304493  -0.109224  -0.0343066  -0.109224  0.249122  0.0638242  -0.0343066  0.0638242  0.156391
0.304493  -0.109224  -0.0343066  -0.109224  0.249122  0.0638242  -0.0343066  0.0638242  0.156391
0.304475  -0.109144  -0.0342371  -0.109144  0.249013  0.0637497  -0.0342371  0.0637497  0.156385
0.304463  -0.109111  -0.0341999  -0.109111  0.248973  0.0637183  -0.0341999  0.0637183  0.156384
0.304471  -0.109113  -0.0341999  -0.109113  0.248961  0.0637113  -0.0341999  0.0637113  0.15638
0.304477  -0.109114  -0.0341385  -0.109114  0.248928  0.0636661  -0.0341385  0.0636661  0.156369
0.304474  -0.109109  -0.0341244  -0.109109  0.248921  0.0636571  -0.0341244  0.0636571  0.156369
0.304467  -0.109098  -0.0340348  -0.109098  0.248885  0.0636009  -0.0340348  0.0636009  0.156362
0.304467  -0.109098  -0.0340348  -0.109098  0.248885  0.0636009  -0.0340348  0.0636009  0.156362
0.304449  -0.109054  -0.0339081  -0.109054  0.248811  0.0635135  -0.0339081  0.0635135  0.156355
0.304446  -0.109049  -0.033894  -0.109049  0.248804  0.0635046  -0.033894  0.0635046  0.156355
0.304416  -0.108973  -0.0337304  -0.108973  0.24869  0.063386  -0.0337304  0.063386  0.156348
0.304391  -0.108927  -0.033604  -0.108927  0.248628  0.0633059  -0.033604  0.0633059  0.156346
0.304385  -0.108917  -0.0335759  -0.108917  0.248614  0.0632881  -0.0335759  0.0632881  0.156346
0.304337  -0.108807  -0.0333759  -0.108807  0.248473  0.063146  -0.0333759  0.063146  0.156344
0.304309  -0.108756  -0.0332359  -0.108756  0.248404  0.0630574  -0.0332359  0.0630574  0.156342
0.304307  -0.108751  -0.0332219  -0.108751  0.248397  0.0630486  -0.0332219  0.0630486  0.156342
0.304263  -0.108672  -0.0330594  -0.108672  0.248309  0.0629451  -0.0330594  0.0629451  0.156346
0.30426  -0.108667  -0.0330455  -0.108667  0.248302  0.0629362  -0.0330455  0.0629362  0.156346
0.304222  -0.108621  -0.032873  -0.108621  0.24825  0.0628419  -0.032873  0.0628419  0.156349
0.304222  -0.108621  -0.032873  -0.108621  0.24825  0.0628419  -0.032873  0.0628419  0.156349
0.30419  -0.108574  -0.0327477  -0.108574  0.2482  0.0627697  -0.0327477  0.0627697  0.156354
0.304187  -0.108569  -0.0327338  -0.108569  0.248194  0.0627609  -0.0327338  0.0627609  0.156354
0.304155  -0.108534  -0.0325896  -0.108534  0.248156  0.0626845  -0.0325896  0.0626845  0.156358
0.304129  -0.108497  -0.0324924  -0.108497  0.24812  0.0626301  -0.0324924  0.0626301  0.156363
0.304123  -0.108487  -0.0324647  -0.108487  0.248107  0.0626126  -0.0324647  0.0626126  0.156363
0.304105  -0.108465  -0.0324092  -0.108465  0.248091  0.0625846  -0.0324092  0.0625846  0.156368
0.304061  -0.108418  -0.0322379  -0.108418  0.248052  0.062498  -0.0322379  0.062498  0.156378
0.304012  -0.108362  -0.0320996  -0.108362  0.248021  0.0624317  -0.0320996  0.0624317  0.156392
0.30401  -0.108357  -0.0320858  -0.108357  0.248014  0.062423  -0.0320858  0.062423  0.156392
0.303946  -0.108297  -0.0318876  -0.108297  0.247986  0.0623334  -0.0318876  0.0623334  0.156413
0.303937  -0.10829  -0.0318738  -0.10829  0.247991  0.0623316  -0.0318738  0.0623316  0.156417
0.303864  -0.108222  -0.0316623  -0.108222  0.247968  0.0622407  -0.0316623  0.0622407  0.156443
0.303803  -0.108163  -0.0315252  -0.108163  0.247961  0.0621889  -0.0315252  0.0621889  0.156468
0.3038  -0.108158  -0.0315114  -0.108158  0.247954  0.0621802  -0.0315114  0.0621802  0.156468
0.303703  -0.108052  -0.0313114  -0.108052  0.247932  0.062102  -0.0313114  0.062102  0.156509
0.303701  -0.108047  -0.0312977  -0.108047  0.247925  0.0620934  -0.0312977  0.0620934  0.156509
0.303605  -0.10794  -0.0310982  -0.10794  0.247902  0.0620156  -0.0310982  0.0620156  0.156551
0.303598  -0.107939  -0.0310983  -0.107939  0.247914  0.0620226  -0.0310983  0.0620226  0.156555
0.303512  -0.107828  -0.0309317  -0.107828  0.247875  0.061951  -0.0309317  0.061951  0.156592
0.303503  -0.107821  -0.0309182  -0.107821  0.247881  0.0619494  -0.0309182  0.0619494  0.156597
0.303416  -0.107693  -0.0307573  -0.107693  0.247824  0.0618739  -0.0307573  0.0618739  0.156634
0.303337  -0.107593  -0.0306187  -0.107593  0.247798  0.0618201  -0.0306187  0.0618201  0.156671
0.303332  -0.107571  -0.0306103  -0.107571  0.247773  0.0618073  -0.0306103  0.0618073  0.156672
0.303227  -0.107426  -0.0304098  -0.107426  0.247721  0.0617208  -0.0304098  0.0617208  0.156721
0.303215  -0.107402  -0.0304015  -0.107402  0.247708  0.061715  -0.0304015  0.061715  0.156726
0.303099  -0.107222  -0.0301528  -0.107222  0.247612  0.0615909  -0.0301528  0.0615909  0.156778
0.303088  -0.107198  -0.0301446  -0.107198  0.247599  0.0615852  -0.0301446  0.0615852  0.156784
0.302953  -0.106972  -0.0298805  -0.106972  0.247479  0.0614505  -0.0298805  0.0614505  0.156848
0.30285  -0.1068  -0.0297061  -0.1068  0.247399  0.0613657  -0.0297061  0.0613657  0.156899
0.302839  -0.106789  -0.0296794  -0.106789  0.247398  0.0613559  -0.0296794  0.0613559  0.156905
0.302691  -0.106503  -0.0294652  -0.106503  0.247244  0.0612365  -0.0294652  0.0612365  0.156979
0.30268  -0.106492  -0.0294386  -0.106492  0.247243  0.0612267  -0.0294386  0.0612267  0.156985
0.302531  -0.106235  -0.029202  -0.106235  0.247131  0.0611153  -0.029202  0.0611153  0.157066
0.302416  -0.106024  -0.0290272  -0.106024  0.247035  0.0610295  -0.0290272  0.0610295  0.15713
0.302406  -0.106001  -0.0290192  -0.106001  0.247023  0.0610239  -0.0290192  0.0610239  0.157136
0.302343  -0.105882  -0.0289215  -0.105882  0.246966  0.0609743  -0.0289215  0.0609743  0.157171
0.302175  -0.105557  -0.0287085  -0.105557  0.246822  0.0608688  -0.0287085  0.0608688  0.157269
0.302069  -0.105334  -0.0285406  -0.105334  0.246699  0.0607734  -0.0285406  0.0607734  0.15733
0.30206  -0.105323  -0.0285144  -0.105323  0.246698  0.060764  -0.0285144  0.060764  0.157337
0.301902  -0.104982  -0.0282376  -0.104982  0.246502  0.0606059  -0.0282376  0.0606059  0.157432
0.301892  -0.104971  -0.0282115  -0.104971  0.246501  0.0605966  -0.0282115  0.0605966  0.157439
0.301753  -0.104644  -0.0279621  -0.104644  0.246296  0.0604423  -0.0279621  0.0604423  0.157525
0.301743  -0.104617  -0.0279414  -0.104617  0.246278  0.060429  -0.0279414  0.060429  0.157532
0.301602  -0.104302  -0.0276754  -0.104302  0.246097  0.0602791  -0.0276754  0.0602791  0.157626
0.301592  -0.104275  -0.0276548  -0.104275  0.24608  0.0602658  -0.0276548  0.0602658  0.157633
0.301445  -0.103923  -0.027388  -0.103923  0.245872  0.0601079  -0.027388  0.0601079  0.157734
0.301335  -0.103635  -0.027176  -0.103635  0.245685  0.0599718  -0.027176  0.0599718  0.157812
0.301325  -0.103608  -0.0271557  -0.103608  0.245667  0.0599587  -0.0271557  0.0599587  0.157819
0.301174  -0.103225  -0.0268458  -0.103225  0.245434  0.0597749  -0.0268458  0.0597749  0.157934
0.301164  -0.103199  -0.0268256  -0.103199  0.245417  0.059762  -0.0268256  0.059762  0.157942
0.301013  -0.102778  -0.0265027  -0.102778  0.245141  0.0595565  -0.0265027  0.0595565  0.158062
0.301004  -0.102752  -0.0264826  -0.102752  0.245124  0.0595437  -0.0264826  0.0595437  0.158069
0.300878  -0.102379  -0.0262326  -0.102379  0.24488  0.0593771  -0.0262326  0.0593771  0.158174
0.300869  -0.102353  -0.0262126  -0.102353  0.244864  0.0593645  -0.0262126  0.0593645  0.158181
0.300743  -0.101931  -0.025967  -0.101931  0.244566  0.0591795  -0.025967  0.0591795  0.158289
0.300652  -0.101644  -0.0257919  -0.101644  0.244384  0.0590609  -0.0257919  0.0590609  0.158371
0.300643  -0.101618  -0.0257721  -0.101618  0.244367  0.0590484  -0.0257721  0.0590484  0.158379
0.30052  -0.101195  -0.0255169  -0.101195  0.244082  0.0588656  -0.0255169  0.0588656  0.158496
0.300512  -0.101169  -0.0254972  -0.101169  0.244065  0.0588533  -0.0254972  0.0588533  0.158504
0.3004  -0.100789  -0.0252032  -0.100789  0.243809  0.0586626  -0.0252032  0.0586626  0.158623
0.300326  -0.100513  -0.0249883  -0.100513  0.243608  0.0585154  -0.0249883  0.0585154  0.158705
0.300317  -0.100472  -0.0249741  -0.100472  0.243576  0.0584992  -0.0249741  0.0584992  0.158713
0.30022  -0.100118  -0.0246902  -0.100118  0.243335  0.0583165  -0.0246902  0.0583165  0.158829
0.300213  -0.100092  -0.0246709  -0.100092  0.243319  0.0583045  -0.0246709  0.0583045  0.158838
0.300117  -0.0997047  -0.0243868  -0.0997047  0.243043  0.0581083  -0.0243868  0.0581083  0.158958
0.300056  -0.0994613  -0.0242073  -0.0994613  0.242881  0.0579907  -0.0242073  0.0579907  0.159038
0.30005  -0.0994365  -0.0241882  -0.0994365  0.242866  0.0579789  -0.0241882  0.0579789  0.159047
0.299972  -0.0990903  -0.0239085  -0.0990903  0.242608  0.0577875  -0.0239085  0.0577875  0.159159
0.299965  -0.0990502  -0.0238946  -0.0990502  0.242577  0.0577719  -0.0238946  0.0577719  0.159168
0.299892  -0.0986985  -0.023646  -0.0986985  0.242318  0.0575926  -0.023646  0.0575926  0.159278
0.299844  -0.0984423  -0.0234619  -0.0984423  0.242116  0.0574536  -0.0234619  0.0574536  0.159355
0.299839  -0.0984179  -0.0234431  -0.0984179  0.242101  0.0574421  -0.0234431  0.0574421  0.159364
0.299776  -0.0980633  -0.0232259  -0.0980633  0.241829  0.0572691  -0.0232259  0.0572691  0.159467
0.299771  -0.0980429  -0.0232192  -0.0980429  0.24182  0.0572648  -0.0232192  0.0572648  0.159474
0.299711  -0.0976978  -0.0229741  -0.0976978  0.241556  0.057083  -0.0229741  0.057083  0.159584
0.299671  -0.0974531  -0.0228166  -0.0974531  0.24137  0.056961  -0.0228166  0.056961  0.159659
0.299667  -0.0974291  -0.0227981  -0.0974291  0.241355  0.0569498  -0.0227981  0.0569498  0.159669
0.299614  -0.097106  -0.0225621  -0.097106  0.241116  0.0567814  -0.0225621  0.0567814  0.159779
0.299613  -0.0970833  -0.0225433  -0.0970833  0.24109  0.0567637  -0.0225433  0.0567637  0.159784
0.299561  -0.0967835  -0.022275  -0.0967835  0.240886  0.0565975  -0.022275  0.0565975  0.159906
0.299529  -0.0965612  -0.0220742  -0.0965612  0.240719  0.0564654  -0.0220742  0.0564654  0.159993
0.299528  -0.0965386  -0.0220557  -0.0965386  0.240693  0.0564479  -0.0220557  0.0564479  0.159998
0.299484  -0.0962202  -0.0218233  -0.0962202  0.240461  0.0562835  -0.0218233  0.0562835  0.160113
0.299484  -0.0962127  -0.0217997  -0.0962127  0.24045  0.05627  -0.0217997  0.05627  0.160118
0.29945  -0.0959093  -0.0215511  -0.0959093  0.240207  0.0560908  -0.0215511  0.0560908  0.160228
0.299429  -0.0957069  -0.0213994  -0.0957069  0.240041  0.0559754  -0.0213994  0.0559754  0.160298
0.299426  -0.0956836  -0.0213814  -0.0956836  0.240028  0.0559648  -0.0213814  0.0559648  0.160308
0.299402  -0.0954069  -0.0211524  -0.0954069  0.239789  0.055792  -0.0211524  0.055792  0.160406
0.2994  -0.0954022  -0.0211411  -0.0954022  0.239796  0.055792  -0.0211411  0.055792  0.160413
0.299381  -0.0951128  -0.020918  -0.0951128  0.239533  0.0556099  -0.020918  0.0556099  0.160507
0.29937  -0.094926  -0.0207508  -0.094926  0.239358  0.0554808  -0.0207508  0.0554808  0.160573
0.299367  -0.094903  -0.020733  -0.094903  0.239344  0.0554705  -0.020733  0.0554705  0.160583
0.299355  -0.0946314  -0.0205062  -0.0946314  0.239088  0.0552879  -0.0205062  0.0552879  0.160675
0.299352  -0.0946085  -0.0204886  -0.0946085  0.239074  0.0552777  -0.0204886  0.0552777  0.160685
0.299339  -0.0943371  -0.0202632  -0.0943371  0.238831  0.055103  -0.0202632  0.055103  0.160783
0.299336  -0.0943179  -0.0202572  -0.0943179  0.238823  0.0550994  -0.0202572  0.0550994  0.160791
0.299326  -0.0940553  -0.0200048  -0.0940553  0.238587  0.0549168  -0.0200048  0.0549168  0.160897
0.299324  -0.0940361  -0.0199988  -0.0940361  0.238579  0.0549132  -0.0199988  0.0549132  0.160905
0.299315  -0.0937818  -0.0197706  -0.0937818  0.238354  0.0547448  -0.0197706  0.0547448  0.161006
0.299316  -0.0937783  -0.0197591  -0.0937783  0.238349  0.0547384  -0.0197591  0.0547384  0.161009
0.299311  -0.0935586  -0.0195327  -0.0935586  0.238148  0.0545785  -0.0195327  0.0545785  0.161103
0.29931  -0.0934019  -0.0193483  -0.0934019  0.238005  0.0544556  -0.0193483  0.0544556  0.161179
0.299308  -0.0933829  -0.0193424  -0.0933829  0.237997  0.0544522  -0.0193424  0.0544522  0.161187
0.29931  -0.0931913  -0.0190958  -0.0931913  0.237811  0.0542886  -0.0190958  0.0542886  0.161282
0.29931  -0.0931698  -0.0190782  -0.0931698  0.237787  0.0542724  -0.0190782  0.0542724  0.161289
0.299311  -0.0929746  -0.0188715  -0.0929746  0.237602  0.054125  -0.0188715  0.054125  0.161376
0.299312  -0.0929678  -0.0188489  -0.0929678  0.237592  0.0541126  -0.0188489  0.0541126  0.161383
0.299317  -0.092774  -0.0186425  -0.092774  0.237396  0.0539596  -0.0186425  0.0539596  0.161466
0.299319  -0.0926338  -0.0185052  -0.0926338  0.237263  0.0538579  -0.0185052  0.0538579  0.161526
0.29932  -0.0926124  -0.0184879  -0.0926124  0.23724  0.0538419  -0.0184879  0.0538419  0.161533
0.299326  -0.0924052  -0.0182878  -0.0924052  0.237032  0.0536869  -0.0182878  0.0536869  0.161617
0.299327  -0.0924018  -0.0182766  -0.0924018  0.237027  0.0536807  -0.0182766  0.0536807  0.161621
0.299333  -0.092213  -0.0180833  -0.092213  0.236839  0.0535363  -0.0180833  0.0535363  0.161703
0.299335  -0.0922063  -0.018061  -0.0922063  0.23683  0.0535241  -0.018061  0.0535241  0.16171
0.299344  -0.092008  -0.0178351  -0.092008  0.236629  0.0533623  -0.0178351  0.0533623  0.161804
0.299346  -0.0920013  -0.0178129  -0.0920013  0.23662  0.0533502  -0.0178129  0.0533502  0.161812
0.299356  -0.0918285  -0.0175671  -0.0918285  0.236455  0.0531972  -0.0175671  0.0531972  0.161916
0.299357  -0.0918219  -0.017545  -0.0918219  0.236446  0.0531852  -0.017545  0.0531852  0.161924
0.299369  -0.0916604  -0.0173329  -0.0916604  0.236285  0.0530447  -0.0173329  0.0530447  0.162014
0.299378  -0.0915344  -0.017182  -0.0915344  0.236154  0.0529377  -0.017182  0.0529377  0.162078
0.299379  -0.0915277  -0.01716  -0.0915277  0.236145  0.0529258  -0.01716  0.0529258  0.162085
0.299392  -0.0913671  -0.0169491  -0.0913671  0.235985  0.0527868  -0.0169491  0.0527868  0.162177
0.299391  -0.0913487  -0.0169437  -0.0913487  0.235978  0.0527838  -0.0169437  0.0527838  0.162186
0.299404  -0.0911775  -0.0167496  -0.0911775  0.23581  0.0526479  -0.0167496  0.0526479  0.162274
0.299414  -0.0910695  -0.0166066  -0.0910695  0.235711  0.0525586  -0.0166066  0.0525586  0.162342
0.299414  -0.0910518  -0.0166007  -0.0910518  0.235693  0.0525492  -0.0166007  0.0525492  0.162345
0.299429  -0.0908814  -0.0164077  -0.0908814  0.235526  0.0524147  -0.0164077  0.0524147  0.162436
0.299431  -0.0908749  -0.0163859  -0.0908749  0.235517  0.052403  -0.0163859  0.052403  0.162444
0.299447  -0.0906835  -0.0161774  -0.0906835  0.23534  0.0522606  -0.0161774  0.0522606  0.162548
0.29946  -0.0905413  -0.0160241  -0.0905413  0.235207  0.0521543  -0.0160241  0.0521543  0.162624
0.299461  -0.0905237  -0.0160183  -0.0905237  0.235189  0.052145  -0.0160183  0.052145  0.162628
0.29948  -0.0903477  -0.0158061  -0.0903477  0.235027  0.0520077  -0.0158061  0.0520077  0.162735
0.29948  -0.0903264  -0.0157901  -0.0903264  0.235017  0.0519993  -0.0157901  0.0519993  0.162748
0.299501  -0.0901298  -0.0155627  -0.0901298  0.234846  0.0518545  -0.0155627  0.0518545  0.162868
0.299517  -0.0899746  -0.0154161  -0.0899746  0.234701  0.0517466  -0.0154161  0.0517466  0.162947
0.299517  -0.0899566  -0.0154109  -0.0899566  0.234695  0.051744  -0.0154109  0.051744  0.162956
0.299541  -0.0897612  -0.0151851  -0.0897612  0.234526  0.051601  -0.0151851  0.051601  0.163079
0.299542  -0.0897401  -0.0151693  -0.0897401  0.234516  0.0515928  -0.0151693  0.0515928  0.163092
0.299569  -0.0895423  -0.0149337  -0.0895423  0.234344  0.0514453  -0.0149337  0.0514453  0.163221
0.299591  -0.089375  -0.0147473  -0.089375  0.234208  0.0513302  -0.0147473  0.0513302  0.16333
0.299593  -0.0893687  -0.014726  -0.0893687  0.2342  0.051319  -0.014726  0.051319  0.163338
0.299622  -0.0891434  -0.0145028  -0.0891434  0.234016  0.0511733  -0.0145028  0.0511733  0.163474
0.299625  -0.0891372  -0.0144816  -0.0891372  0.234007  0.0511622  -0.0144816  0.0511622  0.163483
0.299655  -0.0889123  -0.0142601  -0.0889123  0.233836  0.0510241  -0.0142601  0.0510241  0.163625
0.299658  -0.0889026  -0.0142289  -0.0889026  0.233835  0.0510141  -0.0142289  0.0510141  0.163644
0.29969  -0.0886817  -0.014019  -0.0886817  0.23367  0.0508826  -0.014019  0.0508826  0.163784
0.299693  -0.0886614  -0.0140029  -0.0886614  0.233648  0.0508683  -0.0140029  0.0508683  0.163792
0.299732  -0.0884007  -0.0137626  -0.0884007  0.233453  0.0507161  -0.0137626  0.0507161  0.163956
0.299734  -0.0883942  -0.0137422  -0.0883942  0.233456  0.0507117  -0.0137422  0.0507117  0.16397
0.299776  -0.0881486  -0.0134981  -0.0881486  0.233276  0.0505642  -0.0134981  0.0505642  0.164136
0.299812  -0.0879619  -0.0132909  -0.0879619  0.233134  0.0504418  -0.0132909  0.0504418  0.164271
0.299815  -0.0879415  -0.0132757  -0.0879415  0.233124  0.0504342  -0.0132757  0.0504342  0.164285
0.299865  -0.0876778  -0.013018  -0.0876778  0.232926  0.0502754  -0.013018  0.0502754  0.164463
0.29987  -0.0876545  -0.0129925  -0.0876545  0.232913  0.0502627  -0.0129925  0.0502627  0.164483
0.299892  -0.0875448  -0.0128848  -0.0875448  0.232832  0.0501971  -0.0128848  0.0501971  0.164558
0.29995  -0.0872631  -0.0126134  -0.0872631  0.232616  0.0500269  -0.0126134  0.0500269  0.164749
0.299953  -0.0872429  -0.0125984  -0.0872429  0.232607  0.0500196  -0.0125984  0.0500196  0.164764
0.300011  -0.0869548  -0.0123536  -0.0869548  0.232378  0.0498518  -0.0123536  0.0498518  0.164941
0.300058  -0.0867441  -0.0121608  -0.0867441  0.232216  0.0497279  -0.0121608  0.0497279  0.165082
0.300064  -0.0867212  -0.0121358  -0.0867212  0.232204  0.0497157  -0.0121358  0.0497157  0.165102
0.300133  -0.0864125  -0.0118683  -0.0864125  0.231966  0.0495387  -0.0118683  0.0495387  0.165303
0.300137  -0.0863929  -0.0118529  -0.0863929  0.231946  0.0495254  -0.0118529  0.0495254  0.165312
0.300219  -0.08606  -0.0115528  -0.08606  0.231706  0.0493399  -0.0115528  0.0493399  0.165547
0.300223  -0.0860404  -0.0115375  -0.0860404  0.231686  0.0493266  -0.0115375  0.0493266  0.165556
0.300302  -0.0857456  -0.0112589  -0.0857456  0.231475  0.0491584  -0.0112589  0.0491584  0.165774
0.300367  -0.0855136  -0.0110358  -0.0855136  0.231305  0.0490233  -0.0110358  0.0490233  0.165947
0.300372  -0.0854942  -0.0110207  -0.0854942  0.231285  0.0490102  -0.0110207  0.0490102  0.165957
0.300465  -0.0851772  -0.0107093  -0.0851772  0.23104  0.0488165  -0.0107093  0.0488165  0.166195
0.300471  -0.085144  -0.0106999  -0.085144  0.23102  0.0488068  -0.0106999  0.0488068  0.16621
0.300563  -0.0848371  -0.0104204  -0.0848371  0.230789  0.0486299  -0.0104204  0.0486299  0.166434
0.300571  -0.084815  -0.0103962  -0.084815  0.230777  0.0486187  -0.0103962  0.0486187  0.166455
0.300672  -0.084504  -0.0100992  -0.084504  0.230553  0.0484408  -0.0100992  0.0484408  0.166699
0.300747  -0.0842656  -0.00989611  -0.0842656  0.230383  0.0483135  -0.00989611  0.0483135  0.166874
0.300756  -0.0842437  -0.00987216  -0.0842437  0.230373  0.0483026  -0.00987216  0.0483026  0.166896
0.300875  -0.0838975  -0.00954903  -0.0838975  0.230116  0.0481037  -0.00954903  0.0481037  0.167166
0.300883  -0.0838758  -0.00952459  -0.0838758  0.230094  0.0480867  -0.00952459  0.0480867  0.167183
0.301005  -0.0835233  -0.00922887  -0.0835233  0.229848  0.047903  -0.00922887  0.047903  0.16745
0.301095  -0.0832587  -0.00903039  -0.0832587  0.22967  0.0477759  -0.00903039  0.0477759  0.167642
0.301103  -0.0832372  -0.0090062  -0.0832372  0.229648  0.0477592  -0.0090062  0.0477592  0.167659
0.301231  -0.0828797  -0.00873876  -0.0828797  0.229415  0.047592  -0.00873876  0.047592  0.167925
0.301241  -0.0828583  -0.00871539  -0.0828583  0.229405  0.0475817  -0.00871539  0.0475817  0.167948
0.301384  -0.0825059  -0.00840636  -0.0825059  0.229175  0.0474023  -0.00840636  0.0474023  0.168241
0.301494  -0.0822508  -0.00817859  -0.0822508  0.229017  0.0472763  -0.00817859  0.0472763  0.168464
0.301503  -0.0822296  -0.00815481  -0.0822296  0.228996  0.0472601  -0.00815481  0.0472601  0.168481
0.301664  -0.0818621  -0.00783605  -0.0818621  0.228766  0.0470799  -0.00783605  0.0470799  0.168798
0.301679  -0.0818251  -0.00780852  -0.0818251  0.228742  0.0470628  -0.00780852  0.0470628  0.168827
0.301849  -0.0814707  -0.00747779  -0.0814707  0.228524  0.0468844  -0.00747779  0.0468844  0.169155
0.301975  -0.0812146  -0.00723502  -0.0812146  0.228357  0.0467494  -0.00723502  0.0467494  0.169393
0.301987  -0.0811938  -0.00721236  -0.0811938  0.228348  0.0467401  -0.00721236  0.0467401  0.169416
0.302152  -0.0808394  -0.00692676  -0.0808394  0.228115  0.0465679  -0.00692676  0.0465679  0.169715
0.302164  -0.0808188  -0.00690426  -0.0808188  0.228107  0.0465587  -0.00690426  0.0465587  0.169739
0.302352  -0.0804299  -0.00659387  -0.0804299  0.227856  0.046373  -0.00659387  0.046373  0.170071
0.302495  -0.0801489  -0.00635619  -0.0801489  0.227672  0.0462338  -0.00635619  0.0462338  0.170322
0.302506  -0.0801283  -0.00633328  -0.0801283  0.227653  0.0462187  -0.00633328  0.0462187  0.170341
0.302732  -0.0797133  -0.00596798  -0.0797133  0.227391  0.0460139  -0.00596798  0.0460139  0.170731
0.302749  -0.0796907  -0.00593673  -0.0796907  0.22738  0.0460013  -0.00593673  0.0460013  0.170762
0.302969  -0.0792985  -0.00559646  -0.0792985  0.227131  0.045809  -0.00559646  0.045809  0.171133
0.302983  -0.0792784  -0.00557458  -0.0792784  0.227123  0.0458006  -0.00557458  0.0458006  0.171159
0.303199  -0.0789061  -0.00524966  -0.0789061  0.226885  0.0456162  -0.00524966  0.0456162  0.171516
0.303219  -0.0788706  -0.00522372  -0.0788706  0.226864  0.0456012  -0.00522372  0.0456012  0.171547
0.30345  -0.0785065  -0.00486939  -0.0785065  0.226632  0.0454119  -0.00486939  0.0454119  0.17193
0.303611  -0.0782617  -0.00463994  -0.0782617  0.226489  0.045294  -0.00463994  0.045294  0.172192
0.303632  -0.0782265  -0.00461437  -0.0782265  0.226469  0.0452795  -0.00461437  0.0452795  0.172224
0.303874  -0.0778552  -0.0042784  -0.0778552  0.226238  0.0450968  -0.0042784  0.0450968  0.172608
0.303894  -0.0778334  -0.00424821  -0.0778334  0.226228  0.0450855  -0.00424821  0.0450855  0.172641
0.304155  -0.077447  -0.00390271  -0.077447  0.225998  0.0449025  -0.00390271  0.0449025  0.173049
0.304359  -0.0771405  -0.0036444  -0.0771405  0.225809  0.0447582  -0.0036444  0.0447582  0.173361
0.304374  -0.0771077  -0.00362757  -0.0771077  0.225781  0.0447419  -0.00362757  0.0447419  0.173381
0.30449  -0.0769431  -0.00347979  -0.0769431  0.225682  0.0446635  -0.00347979  0.0446635  0.173559
0.304762  -0.076574  -0.00313476  -0.076574  0.225462  0.0444851  -0.00313476  0.0444851  0.173973
0.304968  -0.076325  -0.00287045  -0.076325  0.225322  0.0443617  -0.00287045  0.0443617  0.174287
0.304988  -0.0762904  -0.00284525  -0.0762904  0.225294  0.0443425  -0.00284525  0.0443425  0.174316
0.305279  -0.0759124  -0.0025105  -0.0759124  0.225083  0.0441738  -0.0025105  0.0441738  0.174744
0.305299  -0.0758805  -0.00249483  -0.0758805  0.225068  0.0441643  -0.00249483  0.0441643  0.174772
0.30558  -0.0755444  -0.00215566  -0.0755444  0.224872  0.0439986  -0.00215566  0.0439986  0.175188
0.305603  -0.0755235  -0.00212677  -0.0755235  0.224864  0.043989  -0.00212677  0.043989  0.175223
0.305906  -0.07517  -0.00176947  -0.07517  0.224656  0.0438145  -0.00176947  0.0438145  0.175667
0.306129  -0.074913  -0.00151699  -0.074913  0.224509  0.0436921  -0.00151699  0.0436921  0.17599
0.306146  -0.074881  -0.00150108  -0.074881  0.224484  0.0436772  -0.00150108  0.0436772  0.176012
0.306444  -0.0745236  -0.0011781  -0.0745236  0.22427  0.0435094  -0.0011781  0.0435094  0.176434
0.306471  -0.0744902  -0.00115458  -0.0744902  0.224255  0.0434977  -0.00115458  0.0434977  0.176471
0.306779  -0.0741064  -0.000834683  -0.0741064  0.224015  0.0433189  -0.000834683  0.0433189  0.176899
0.307008  -0.0738417  -0.000600019  -0.0738417  0.22386  0.0431979  -0.000600019  0.0431979  0.177218
0.307034  -0.0738213  -0.000572078  -0.0738213  0.223854  0.0431895  -0.000572078  0.0431895  0.177255
0.30734  -0.0734701  -0.000263734  -0.0734701  0.223645  0.0430281  -0.000263734  0.0430281  0.177677
0.307362  -0.073452  -0.000244285  -0.073452  0.223641  0.0430228  -0.000244285  0.0430228  0.177707
0.307715  -0.073089  0.000118613  -0.073089  0.223434  0.042851  0.000118613  0.042851  0.178198
0.307979  -0.0728225  0.000371948  -0.0728225  0.223294  0.0427349  0.000371948  0.0427349  0.178557
0.308002  -0.0728019  0.000399962  -0.0728019  0.223278  0.0427211  0.000399962  0.0427211  0.17859
0.308344  -0.0724754  0.000734465  -0.0724754  0.223105  0.0425726  0.000734465  0.0425726  0.179058
0.308581  -0.0722429  0.000962551  -0.0722429  0.222974  0.0424652  0.000962551  0.0424652  0.179379
0.308612  -0.0722105  0.00098483  -0.0722105  0.222961  0.0424552  0.00098483  0.0424552  0.179418
0.308977  -0.0718829  0.00133091  -0.0718829  0.222792  0.0423075  0.00133091  0.0423075  0.179912
0.309002  -0.0718499  0.00135363  -0.0718499  0.222768  0.0422918  0.00135363  0.0422918  0.179945
0.309365  -0.0714917  0.00165867  -0.0714917  0.222584  0.0421476  0.00165867  0.0421476  0.180417
0.309388  -0.0714714  0.00168589  -0.0714714  0.22257  0.0421348  0.00168589  0.0421348  0.180451
0.309758  -0.0711149  0.00198837  -0.0711149  0.222391  0.0419942  0.00198837  0.0419942  0.180928
0.310021  -0.0708719  0.00221282  -0.0708719  0.222262  0.041891  0.00221282  0.041891  0.181271
0.310054  -0.07084  0.00223436  -0.07084  0.222251  0.0418821  0.00223436  0.0418821  0.181312
0.310433  -0.0704961  0.00254575  -0.0704961  0.222076  0.0417416  0.00254575  0.0417416  0.1818
0.310706  -0.0702424  0.00276237  -0.0702424  0.221946  0.04164  0.00276237  0.04164  0.182149
0.310726  -0.0702243  0.00278109  -0.0702243  0.221933  0.0416305  0.00278109  0.0416305  0.182176
0.311108  -0.0698973  0.00308506  -0.0698973  0.221776  0.0415008  0.00308506  0.0415008  0.182664
0.311142  -0.0698783  0.00311077  -0.0698783  0.221774  0.0414952  0.00311077  0.0414952  0.182706
0.311547  -0.0695599  0.00343998  -0.0695599  0.221625  0.0413649  0.00343998  0.0413649  0.183228
