0.317878  -0.146631  -0.0656806  -0.146631  0.301326  0.0995264  -0.0656806  0.0995264  0.165288
0.317878  -0.146631  -0.0656806  -0.146631  0.301326  0.0995264  -0.0656806  0.0995264  0.165288
0.317878  -0.146631  -0.0656806  -0.146631  0.301326  0.0995264  -0.0656806  0.0995264  0.165288
0.317887  -0.146096  -0.0657472  -0.146096  0.300351  0.0991658  -0.0657472  0.0991658  0.165232
0.317896  -0.14608  -0.0657544  -0.14608  0.300309  0.0991504  -0.0657544  0.0991504  0.165229
0.317785  -0.145385  -0.0654427  -0.145385  0.299085  0.0984788  -0.0654427  0.0984788  0.165011
0.317758  -0.145321  -0.0654115  -0.145321  0.298999  0.0984311  -0.0654115  0.0984311  0.164997
0.317545  -0.144309  -0.0649759  -0.144309  0.29732  0.0975213  -0.0649759  0.0975213  0.164714
0.317379  -0.143398  -0.064792  -0.143398  0.295859  0.0968458  -0.064792  0.0968458  0.16455
0.317376  -0.143324  -0.0647709  -0.143324  0.295722  0.0967763  -0.0647709  0.0967763  0.164529
0.317102  -0.142063  -0.0641318  -0.142063  0.293627  0.0955822  -0.0641318  0.0955822  0.164139
0.317086  -0.141973  -0.0640716  -0.141973  0.293467  0.0954827  -0.0640716  0.0954827  0.164103
0.316765  -0.140587  -0.0634019  -0.140587  0.291226  0.0942219  -0.0634019  0.0942219  0.163705
0.316507  -0.139559  -0.0629563  -0.139559  0.289631  0.0933512  -0.0629563  0.0933512  0.163446
0.316484  -0.139473  -0.0629139  -0.139473  0.289499  0.0932765  -0.0629139  0.0932765  0.163423
0.316117  -0.138357  -0.0620745  -0.138357  0.287773  0.0921416  -0.0620745  0.0921416  0.163019
0.316079  -0.138281  -0.0620068  -0.138281  0.287671  0.0920681  -0.0620068  0.0920681  0.162993
0.315712  -0.137271  -0.0612853  -0.137271  0.286193  0.0911104  -0.0612853  0.0911104  0.162667
0.315466  -0.136648  -0.0608461  -0.136648  0.285322  0.0905463  -0.0608461  0.0905463  0.162481
0.315443  -0.136578  -0.0607816  -0.136578  0.28521  0.0904669  -0.0607816  0.0904669  0.162452
0.31508  -0.135947  -0.0599511  -0.135947  0.284355  0.0897085  -0.0599511  0.0897085  0.162147
0.315061  -0.135923  -0.0598949  -0.135923  0.284321  0.0896658  -0.0598949  0.0896658  0.162127
0.314709  -0.135271  -0.0592535  -0.135271  0.283495  0.08903  -0.0592535  0.08903  0.161903
0.314448  -0.134859  -0.0587454  -0.134859  0.282998  0.0885893  -0.0587454  0.0885893  0.161737
0.31443  -0.134836  -0.0586899  -0.134836  0.282964  0.0885473  -0.0586899  0.0885473  0.161718
0.314041  -0.134321  -0.0579152  -0.134321  0.282393  0.0879523  -0.0579152  0.0879523  0.161486
0.313764  -0.133826  -0.0574907  -0.133826  0.281818  0.0875341  -0.0574907  0.0875341  0.161357
0.313747  -0.133789  -0.0574587  -0.133789  0.28177  0.0874997  -0.0574587  0.0874997  0.161346
0.313343  -0.13304  -0.0568131  -0.13304  0.280879  0.0868539  -0.0568131  0.0868539  0.161149
0.31331  -0.132968  -0.0567498  -0.132968  0.280785  0.086786  -0.0567498  0.086786  0.161128
0.312889  -0.132142  -0.0559976  -0.132142  0.279754  0.0860257  -0.0559976  0.0860257  0.160891
0.312862  -0.132078  -0.0559529  -0.132078  0.279671  0.0859721  -0.0559529  0.0859721  0.160876
0.312453  -0.131085  -0.0553706  -0.131085  0.278413  0.0852141  -0.0553706  0.0852141  0.160684
0.312152  -0.13035  -0.0548955  -0.13035  0.277467  0.0846212  -0.0548955  0.0846212  0.160527
0.312121  -0.13028  -0.054834  -0.13028  0.277375  0.0845557  -0.054834  0.0845557  0.160508
0.311698  -0.12923  -0.0541124  -0.12923  0.276005  0.0836766  -0.0541124  0.0836766  0.160272
0.311417  -0.1284  -0.0536797  -0.1284  0.274899  0.0830374  -0.0536797  0.0830374  0.160119
0.311387  -0.128318  -0.0536413  -0.128318  0.274795  0.0829799  -0.0536413  0.0829799  0.160107
0.310989  -0.127246  -0.0529837  -0.127246  0.273397  0.0821208  -0.0529837  0.0821208  0.159894
0.310971  -0.127183  -0.0529254  -0.127183  0.273297  0.0820505  -0.0529254  0.0820505  0.159873
0.310627  -0.12621  -0.0523861  -0.12621  0.272035  0.0813032  -0.0523861  0.0813032  0.1597
0.310386  -0.125541  -0.0520037  -0.125541  0.271175  0.0807874  -0.0520037  0.0807874  0.159582
0.310363  -0.125482  -0.0519619  -0.125482  0.271099  0.0807381  -0.0519619  0.0807381  0.15957
0.310044  -0.124718  -0.0512723  -0.124718  0.270099  0.0800137  -0.0512723  0.0800137  0.159375
0.310025  -0.124678  -0.0512262  -0.124678  0.270047  0.0799711  -0.0512262  0.0799711  0.159362
0.309748  -0.123983  -0.0507102  -0.123983  0.269165  0.0793833  -0.0507102  0.0793833  0.159222
0.309734  -0.123951  -0.0506813  -0.123951  0.269123  0.0793532  -0.0506813  0.0793532  0.159214
0.309505  -0.123456  -0.0501222  -0.123456  0.268477  0.0788315  -0.0501222  0.0788315  0.15907
0.309346  -0.123138  -0.0496881  -0.123138  0.268057  0.0784568  -0.0496881  0.0784568  0.158962
0.309337  -0.123125  -0.0496548  -0.123125  0.268038  0.0784331  -0.0496548  0.0784331  0.158954
0.309152  -0.122678  -0.049203  -0.122678  0.267444  0.0779829  -0.049203  0.0779829  0.158837
0.309143  -0.122665  -0.0491699  -0.122665  0.267426  0.0779594  -0.0491699  0.0779594  0.158829
0.308995  -0.12234  -0.0486933  -0.12234  0.266959  0.0775408  -0.0486933  0.0775408  0.158707
0.308899  -0.122089  -0.0483467  -0.122089  0.266577  0.0772164  -0.0483467  0.0772164  0.158613
0.308886  -0.122057  -0.0483186  -0.122057  0.266536  0.0771873  -0.0483186  0.0771873  0.158607
0.308768  -0.121646  -0.047912  -0.121646  0.26591  0.0767333  -0.047912  0.0767333  0.158485
0.308755  -0.121627  -0.0478629  -0.121627  0.265882  0.0766987  -0.0478629  0.0766987  0.158475
0.308649  -0.121251  -0.0473645  -0.121251  0.265256  0.0761937  -0.0473645  0.0761937  0.158328
0.308567  -0.120919  -0.0470498  -0.120919  0.264734  0.0758257  -0.0470498  0.0758257  0.158232
0.308564  -0.120891  -0.0470231  -0.120891  0.264682  0.0757901  -0.0470231  0.0757901  0.158221
0.308485  -0.120413  -0.0466673  -0.120413  0.263904  0.0752922  -0.0466673  0.0752922  0.158094
0.308483  -0.120385  -0.0466408  -0.120385  0.263853  0.0752568  -0.0466408  0.0752568  0.158083
0.308405  -0.119974  -0.0462501  -0.119974  0.26317  0.074781  -0.0462501  0.074781  0.157957
0.308359  -0.119632  -0.0460518  -0.119632  0.262621  0.0744558  -0.0460518  0.0744558  0.157878
0.308357  -0.119604  -0.0460254  -0.119604  0.26257  0.0744208  -0.0460254  0.0744208  0.157868
0.308299  -0.119199  -0.045691  -0.119199  0.261887  0.0739707  -0.045691  0.0739707  0.157751
0.308291  -0.119174  -0.0456798  -0.119174  0.261857  0.0739541  -0.0456798  0.0739541  0.157749
0.308242  -0.118795  -0.0453576  -0.118795  0.261208  0.0735233  -0.0453576  0.0735233  0.157636
0.308218  -0.118577  -0.0451632  -0.118577  0.260824  0.0732653  -0.0451632  0.0732653  0.157567
0.308216  -0.118549  -0.045137  -0.118549  0.260773  0.0732308  -0.045137  0.0732308  0.157558
0.30819  -0.118333  -0.0448237  -0.118333  0.260349  0.0728945  -0.0448237  0.0728945  0.15746
0.308182  -0.118321  -0.044792  -0.118321  0.260332  0.0728728  -0.044792  0.0728728  0.157454
0.308167  -0.118144  -0.0445372  -0.118144  0.259976  0.0725937  -0.0445372  0.0725937  0.157373
0.308167  -0.118062  -0.0443924  -0.118062  0.259788  0.0724393  -0.0443924  0.0724393  0.157325
0.308169  -0.118053  -0.0443615  -0.118053  0.259759  0.0724107  -0.0443615  0.0724107  0.157315
0.308172  -0.117983  -0.0440624  -0.117983  0.259523  0.0721547  -0.0440624  0.0721547  0.157229
0.308168  -0.117977  -0.0440466  -0.117977  0.259514  0.072144  -0.0440466  0.072144  0.157226
0.308188  -0.117917  -0.0438315  -0.117917  0.259299  0.0719369  -0.0438315  0.0719369  0.157155
0.308194  -0.117914  -0.0438164  -0.117914  0.259279  0.071919  -0.0438164  0.071919  0.157148
0.308216  -0.117846  -0.0435707  -0.117846  0.259035  0.0716839  -0.0435707  0.0716839  0.157068
0.308225  -0.11778  -0.0434066  -0.11778  0.258849  0.0715186  -0.0434066  0.0715186  0.157014
0.308231  -0.117777  -0.0433916  -0.117777  0.258828  0.0715008  -0.0433916  0.0715008  0.157008
0.308257  -0.117639  -0.0431671  -0.117639  0.258477  0.0712313  -0.0431671  0.0712313  0.156923
0.308263  -0.117636  -0.0431521  -0.117636  0.258457  0.0712135  -0.0431521  0.0712135  0.156916
0.308302  -0.117521  -0.0429235  -0.117521  0.258115  0.0709429  -0.0429235  0.0709429  0.156827
0.308315  -0.117398  -0.0427602  -0.117398  0.257835  0.0707384  -0.0427602  0.0707384  0.156766
0.308321  -0.117395  -0.0427451  -0.117395  0.257815  0.0707207  -0.0427451  0.0707207  0.156759
0.308368  -0.117229  -0.0425327  -0.117229  0.257387  0.0704215  -0.0425327  0.0704215  0.156665
0.308374  -0.117226  -0.0425177  -0.117226  0.257367  0.0704039  -0.0425177  0.0704039  0.156658
0.308432  -0.117103  -0.042311  -0.117103  0.25699  0.0701264  -0.042311  0.0701264  0.156566
0.308428  -0.117097  -0.0422954  -0.117097  0.256982  0.0701159  -0.0422954  0.0701159  0.156563
0.308497  -0.117013  -0.0421456  -0.117013  0.256672  0.069893  -0.0421456  0.069893  0.156484
0.308548  -0.116973  -0.0420305  -0.116973  0.256476  0.0697405  -0.0420305  0.0697405  0.156428
0.308544  -0.116967  -0.0420149  -0.116967  0.256468  0.0697301  -0.0420149  0.0697301  0.156426
0.308607  -0.116911  -0.041839  -0.116911  0.256203  0.0695148  -0.041839  0.0695148  0.156348
0.308616  -0.116914  -0.0418395  -0.116914  0.256191  0.0695077  -0.0418395  0.0695077  0.156344
0.308701  -0.116891  -0.04169  -0.116891  0.255951  0.0693114  -0.04169  0.0693114  0.156266
0.308758  -0.116908  -0.0415749  -0.116908  0.255838  0.0691922  -0.0415749  0.0691922  0.156216
0.308758  -0.116908  -0.0415749  -0.116908  0.255838  0.0691922  -0.0415749  0.0691922  0.156216
0.308825  -0.11692  -0.0414295  -0.11692  0.255685  0.0690381  -0.0414295  0.0690381  0.156153
0.308831  -0.116916  -0.0414144  -0.116916  0.255664  0.0690206  -0.0414144  0.0690206  0.156147
0.308884  -0.116919  -0.041253  -0.116919  0.255515  0.0688635  -0.041253  0.0688635  0.156086
0.308945  -0.116942  -0.0411532  -0.116942  0.25541  0.0687548  -0.0411532  0.0687548  0.156039
0.30894  -0.116936  -0.0411377  -0.116936  0.255402  0.0687445  -0.0411377  0.0687445  0.156037
0.308972  -0.116926  -0.0410776  -0.116926  0.255309  0.0686677  -0.0410776  0.0686677  0.156007
0.309018  -0.116891  -0.0409261  -0.116891  0.255119  0.0685009  -0.0409261  0.0685009  0.155949
0.309042  -0.116859  -0.0408045  -0.116859  0.254981  0.0683761  -0.0408045  0.0683761  0.155907
0.309048  -0.116856  -0.0407894  -0.116856  0.254961  0.0683588  -0.0407894  0.0683588  0.155901
0.309094  -0.116808  -0.0406583  -0.116808  0.254759  0.0681976  -0.0406583  0.0681976  0.155845
0.309114  -0.116758  -0.0405417  -0.116758  0.254601  0.0680682  -0.0405417  0.0680682  0.155805
0.309124  -0.116761  -0.040542  -0.116761  0.254589  0.068061  -0.040542  0.068061  0.155801
0.309161  -0.116688  -0.0404005  -0.116688  0.254358  0.0678851  -0.0404005  0.0678851  0.155744
0.309157  -0.116682  -0.0403851  -0.116682  0.25435  0.067875  -0.0403851  0.067875  0.155742
0.309194  -0.116609  -0.0402436  -0.116609  0.25412  0.0676994  -0.0402436  0.0676994  0.155686
0.309194  -0.116609  -0.0402436  -0.116609  0.25412  0.0676994  -0.0402436  0.0676994  0.155686
0.309249  -0.116564  -0.0401128  -0.116564  0.253906  0.0675319  -0.0401128  0.0675319  0.155628
0.309278  -0.116525  -0.0400271  -0.116525  0.253765  0.0674235  -0.0400271  0.0674235  0.155592
0.309274  -0.116519  -0.0400117  -0.116519  0.253757  0.0674134  -0.0400117  0.0674134  0.15559
0.309304  -0.116484  -0.039875  -0.116484  0.2536  0.0672726  -0.039875  0.0672726  0.155544
0.309313  -0.116486  -0.0398753  -0.116486  0.253588  0.0672655  -0.0398753  0.0672655  0.15554
0.309338  -0.116442  -0.0397741  -0.116442  0.253439  0.0671473  -0.0397741  0.0671473  0.155502
0.309334  -0.116436  -0.0397588  -0.116436  0.253432  0.0671372  -0.0397588  0.0671372  0.155501
0.309372  -0.116412  -0.0396528  -0.116412  0.253291  0.0670168  -0.0396528  0.0670168  0.155459
0.309389  -0.116393  -0.0395769  -0.116393  0.253203  0.0669381  -0.0395769  0.0669381  0.155433
0.309395  -0.116389  -0.0395618  -0.116389  0.253183  0.0669209  -0.0395618  0.0669209  0.155427
0.309414  -0.116351  -0.039425  -0.116351  0.253039  0.0667878  -0.039425  0.0667878  0.155387
0.309414  -0.116351  -0.039425  -0.116351  0.253039  0.0667878  -0.039425  0.0667878  0.155387
0.30943  -0.116294  -0.0392932  -0.116294  0.252875  0.0666501  -0.0392932  0.0666501  0.155347
0.309437  -0.116272  -0.0392172  -0.116272  0.252799  0.0665787  -0.0392172  0.0665787  0.155326
0.309443  -0.116269  -0.039202  -0.116269  0.252779  0.0665616  -0.039202  0.0665616  0.15532
0.309457  -0.116221  -0.0391008  -0.116221  0.252643  0.0664513  -0.0391008  0.0664513  0.155288
0.309453  -0.116215  -0.0390855  -0.116215  0.252635  0.0664413  -0.0390855  0.0664413  0.155287
0.309459  -0.116144  -0.0389741  -0.116144  0.252471  0.0663164  -0.0389741  0.0663164  0.155254
0.309458  -0.116097  -0.038888  -0.116097  0.252368  0.0662305  -0.038888  0.0662305  0.155232
0.309464  -0.116093  -0.0388728  -0.116093  0.252348  0.0662134  -0.0388728  0.0662134  0.155226
0.309456  -0.116001  -0.0387665  -0.116001  0.252176  0.0660912  -0.0387665  0.0660912  0.155199
0.309459  -0.11596  -0.0386957  -0.11596  0.252081  0.0660155  -0.0386957  0.0660155  0.155179
0.309465  -0.115956  -0.0386806  -0.115956  0.252061  0.0659985  -0.0386806  0.0659985  0.155173
0.309456  -0.115876  -0.038554  -0.115876  0.251902  0.0658715  -0.038554  0.0658715  0.155144
0.309456  -0.115876  -0.038554  -0.115876  0.251902  0.0658715  -0.038554  0.0658715  0.155144
0.309434  -0.115775  -0.0384326  -0.115775  0.251735  0.065747  -0.0384326  0.065747  0.155119
0.30944  -0.115771  -0.0384175  -0.115771  0.251715  0.0657301  -0.0384175  0.0657301  0.155113
0.309426  -0.115694  -0.0383063  -0.115694  0.251577  0.0656204  -0.0383063  0.0656204  0.15509
0.309416  -0.115645  -0.0382204  -0.115645  0.251486  0.0655425  -0.0382204  0.0655425  0.155074
0.309412  -0.115627  -0.0382255  -0.115627  0.251466  0.0655378  -0.0382255  0.0655378  0.155074
0.309388  -0.11556  -0.0380941  -0.11556  0.251352  0.0654305  -0.0380941  0.0654305  0.155054
0.309384  -0.115555  -0.0380789  -0.115555  0.251345  0.0654207  -0.0380789  0.0654207  0.155053
0.30936  -0.115475  -0.0379679  -0.115475  0.251219  0.0653187  -0.0379679  0.0653187  0.155035
0.30935  -0.115427  -0.0378823  -0.115427  0.251129  0.0652411  -0.0378823  0.0652411  0.155019
0.30935  -0.115427  -0.0378823  -0.115427  0.251129  0.0652411  -0.0378823  0.0652411  0.155019
0.309317  -0.115345  -0.0377715  -0.115345  0.251015  0.0651465  -0.0377715  0.0651465  0.155005
0.309322  -0.115342  -0.0377564  -0.115342  0.250995  0.0651296  -0.0377564  0.0651296  0.155
0.309294  -0.115266  -0.0376608  -0.115266  0.25089  0.0650449  -0.0376608  0.0650449  0.154987
0.309274  -0.115215  -0.0375753  -0.115215  0.250812  0.0649748  -0.0375753  0.0649748  0.154976
0.309274  -0.115215  -0.0375753  -0.115215  0.250812  0.0649748  -0.0375753  0.0649748  0.154976
0.309241  -0.115134  -0.0374649  -0.115134  0.250699  0.0648806  -0.0374649  0.0648806  0.154963
0.309233  -0.11511  -0.0374549  -0.11511  0.250672  0.0648663  -0.0374549  0.0648663  0.154962
0.30921  -0.115031  -0.0373446  -0.115031  0.250547  0.0647652  -0.0373446  0.0647652  0.154945
0.30918  -0.114978  -0.0372594  -0.114978  0.250481  0.0647025  -0.0372594  0.0647025  0.154939
0.309172  -0.114953  -0.0372494  -0.114953  0.250454  0.0646882  -0.0372494  0.0646882  0.154938
0.309131  -0.114861  -0.0371093  -0.114861  0.250326  0.0645753  -0.0371093  0.0645753  0.154923
0.309131  -0.114861  -0.0371093  -0.114861  0.250326  0.0645753  -0.0371093  0.0645753  0.154923
0.309095  -0.114774  -0.0369843  -0.114774  0.250207  0.0644722  -0.0369843  0.0644722  0.15491
0.309071  -0.114705  -0.0369046  -0.114705  0.25011  0.0643981  -0.0369046  0.0643981  0.1549
0.309067  -0.114699  -0.0368896  -0.114699  0.250102  0.0643885  -0.0368896  0.0643885  0.154899
0.309027  -0.114594  -0.0367701  -0.114594  0.249963  0.0642812  -0.0367701  0.0642812  0.154886
0.309036  -0.114597  -0.0367701  -0.114597  0.249951  0.0642741  -0.0367701  0.0642741  0.154882
0.308996  -0.114505  -0.0366306  -0.114505  0.249824  0.0641621  -0.0366306  0.0641621  0.154868
0.308962  -0.114446  -0.0365311  -0.114446  0.249752  0.0640905  -0.0365311  0.0640905  0.154862
0.308964  -0.114424  -0.0365213  -0.114424  0.249713  0.0640693  -0.0365213  0.0640693  0.154857
0.308928  -0.114338  -0.0363971  -0.114338  0.249594  0.0639672  -0.0363971  0.0639672  0.154844
0.308924  -0.114332  -0.0363822  -0.114332  0.249586  0.0639577  -0.0363822  0.0639577  0.154844
0.308884  -0.11424  -0.0362434  -0.11424  0.24946  0.0638463  -0.0362434  0.0638463  0.154831
0.30886  -0.114184  -0.0361442  -0.114184  0.249376  0.0637681  -0.0361442  0.0637681  0.15482
0.308856  -0.114178  -0.0361293  -0.114178  0.249369  0.0637586  -0.0361293  0.0637586  0.15482
0.308808  -0.114063  -0.0359811  -0.114063  0.249216  0.0636336  -0.0359811  0.0636336  0.154807
0.308804  -0.114057  -0.0359662  -0.114057  0.249209  0.0636241  -0.0359662  0.0636241  0.154806
0.30876  -0.113947  -0.0358332  -0.113947  0.249064  0.063509  -0.0358332  0.063509  0.154794
0.308729  -0.113867  -0.0357247  -0.113867  0.248953  0.0634174  -0.0357247  0.0634174  0.154784
0.308725  -0.113862  -0.0357099  -0.113862  0.248946  0.0634079  -0.0357099  0.0634079  0.154783
0.308682  -0.113752  -0.0355772  -0.113752  0.248802  0.0632932  -0.0355772  0.0632932  0.154772
0.308678  -0.113747  -0.0355624  -0.113747  0.248794  0.0632838  -0.0355624  0.0632838  0.154771
0.30863  -0.113632  -0.0354152  -0.113632  0.248643  0.06316  -0.0354152  0.06316  0.15476
0.3086  -0.11354  -0.0353272  -0.11354  0.248521  0.063074  -0.0353272  0.063074  0.154751
0.3086  -0.11354  -0.0353272  -0.11354  0.248521  0.063074  -0.0353272  0.063074  0.154751
0.308557  -0.113418  -0.035215  -0.113418  0.248365  0.0629649  -0.035215  0.0629649  0.154742
0.308553  -0.113413  -0.0352003  -0.113413  0.248358  0.0629556  -0.0352003  0.0629556  0.154741
0.308494  -0.113278  -0.0350589  -0.113278  0.2482  0.0628352  -0.0350589  0.0628352  0.154735
0.308446  -0.113173  -0.0349421  -0.113173  0.248076  0.0627382  -0.0349421  0.0627382  0.15473
0.308442  -0.113167  -0.0349274  -0.113167  0.248069  0.0627289  -0.0349274  0.0627289  0.15473
0.308383  -0.113033  -0.0347866  -0.113033  0.247911  0.0626091  -0.0347866  0.0626091  0.154724
0.308376  -0.113009  -0.0347771  -0.113009  0.247885  0.0625955  -0.0347771  0.0625955  0.154724
0.308313  -0.11287  -0.034622  -0.11287  0.247721  0.0624668  -0.034622  0.0624668  0.154718
0.308266  -0.112765  -0.0345059  -0.112765  0.247598  0.0623706  -0.0345059  0.0623706  0.154714
0.308262  -0.11276  -0.0344912  -0.11276  0.247591  0.0623613  -0.0344912  0.0623613  0.154714
0.308188  -0.112601  -0.034342  -0.112601  0.24742  0.062236  -0.034342  0.062236  0.154713
0.308184  -0.112595  -0.0343274  -0.112595  0.247413  0.0622268  -0.0343274  0.0622268  0.154713
0.308101  -0.112437  -0.0341297  -0.112437  0.247241  0.0620788  -0.0341297  0.0620788  0.154712
0.308043  -0.112314  -0.0340197  -0.112314  0.247112  0.0619861  -0.0340197  0.0619861  0.154713
0.308039  -0.112296  -0.0340249  -0.112296  0.247093  0.0619818  -0.0340249  0.0619818  0.154713
0.307962  -0.112132  -0.0338623  -0.112132  0.246917  0.0618485  -0.0338623  0.0618485  0.154714
0.307897  -0.111998  -0.0337238  -0.111998  0.246775  0.0617382  -0.0337238  0.0617382  0.154715
0.307889  -0.111974  -0.0337145  -0.111974  0.246749  0.0617248  -0.0337145  0.0617248  0.154715
0.307801  -0.111791  -0.033558  -0.111791  0.246567  0.0615951  -0.033558  0.0615951  0.154721
0.307797  -0.111786  -0.0335436  -0.111786  0.246559  0.0615861  -0.0335436  0.0615861  0.15472
0.307718  -0.111593  -0.0334069  -0.111593  0.246354  0.0614546  -0.0334069  0.0614546  0.154723
0.307714  -0.111588  -0.0333925  -0.111588  0.246347  0.0614456  -0.0333925  0.0614456  0.154723
0.307631  -0.111399  -0.0332708  -0.111399  0.246162  0.0613306  -0.0332708  0.0613306  0.15473
0.307575  -0.111277  -0.0331624  -0.111277  0.246035  0.0612396  -0.0331624  0.0612396  0.154733
0.307571  -0.111271  -0.033148  -0.111271  0.246028  0.0612307  -0.033148  0.0612307  0.154733
0.307484  -0.11109  -0.032993  -0.11109  0.245848  0.0611027  -0.032993  0.0611027  0.15474
0.307481  -0.111085  -0.0329787  -0.111085  0.245841  0.0610937  -0.0329787  0.0610937  0.15474
0.307399  -0.11091  -0.0328384  -0.11091  0.245669  0.0609751  -0.0328384  0.0609751  0.154748
0.307347  -0.110806  -0.0327255  -0.110806  0.245563  0.0608892  -0.0327255  0.0608892  0.154752
0.307343  -0.110801  -0.0327113  -0.110801  0.245556  0.0608803  -0.0327113  0.0608803  0.154752
0.30727  -0.11064  -0.0325519  -0.11064  0.245384  0.0607508  -0.0325519  0.0607508  0.154756
0.307263  -0.110617  -0.0325429  -0.110617  0.245359  0.0607377  -0.0325429  0.0607377  0.154757
0.307194  -0.110463  -0.0323982  -0.110463  0.245195  0.0606174  -0.0323982  0.0606174  0.154761
0.307148  -0.110356  -0.0322715  -0.110356  0.24507  0.0605166  -0.0322715  0.0605166  0.154762
0.307144  -0.110351  -0.0322573  -0.110351  0.245063  0.0605077  -0.0322573  0.0605077  0.154762
0.307076  -0.110209  -0.0320938  -0.110209  0.244912  0.0603836  -0.0320938  0.0603836  0.154767
0.307069  -0.110186  -0.0320849  -0.110186  0.244887  0.0603706  -0.0320849  0.0603706  0.154767
0.307014  -0.110043  -0.031907  -0.110043  0.244705  0.0602241  -0.031907  0.0602241  0.154764
0.306971  -0.109954  -0.031776  -0.109954  0.2446  0.0601283  -0.031776  0.0601283  0.154766
0.306968  -0.109949  -0.0317619  -0.109949  0.244593  0.0601196  -0.0317619  0.0601196  0.154766
0.30691  -0.109789  -0.0315899  -0.109789  0.244393  0.0599698  -0.0315899  0.0599698  0.154764
0.306868  -0.109701  -0.0314594  -0.109701  0.244289  0.0598746  -0.0314594  0.0598746  0.154766
0.306862  -0.109678  -0.0314506  -0.109678  0.244264  0.0598617  -0.0314506  0.0598617  0.154766
0.306808  -0.109523  -0.0312934  -0.109523  0.244072  0.0597215  -0.0312934  0.0597215  0.154765
0.306805  -0.109518  -0.0312793  -0.109518  0.244065  0.0597128  -0.0312793  0.0597128  0.154765
0.306745  -0.109341  -0.0311137  -0.109341  0.243849  0.0595602  -0.0311137  0.0595602  0.154765
0.306738  -0.109319  -0.0311049  -0.109319  0.243824  0.0595475  -0.0311049  0.0595475  0.154765
0.306675  -0.109137  -0.0309257  -0.109137  0.243602  0.0593869  -0.0309257  0.0593869  0.154766
0.306628  -0.109015  -0.0308068  -0.109015  0.243462  0.0592848  -0.0308068  0.0592848  0.154769
0.306624  -0.10901  -0.0307928  -0.10901  0.243455  0.0592763  -0.0307928  0.0592763  0.15477
0.306554  -0.108839  -0.0305956  -0.108839  0.243258  0.0591191  -0.0305956  0.0591191  0.154776
0.306504  -0.108712  -0.0304633  -0.108712  0.243112  0.0590092  -0.0304633  0.0590092  0.15478
0.3065  -0.108707  -0.0304494  -0.108707  0.243106  0.0590006  -0.0304494  0.0590006  0.154781
0.306431  -0.108525  -0.0302723  -0.108525  0.242898  0.058849  -0.0302723  0.058849  0.154788
0.306428  -0.10852  -0.0302584  -0.10852  0.242891  0.0588405  -0.0302584  0.0588405  0.154788
0.306344  -0.108326  -0.0300545  -0.108326  0.242683  0.0586795  -0.0300545  0.0586795  0.154801
0.306341  -0.108321  -0.0300406  -0.108321  0.242677  0.0586711  -0.0300406  0.0586711  0.154802
0.306263  -0.108125  -0.0298231  -0.108125  0.242451  0.0584954  -0.0298231  0.0584954  0.154811
0.306203  -0.107992  -0.0296789  -0.107992  0.242313  0.0583857  -0.0296789  0.0583857  0.154823
0.306197  -0.10797  -0.0296703  -0.10797  0.242288  0.0583733  -0.0296703  0.0583733  0.154824
0.306123  -0.10778  -0.0294677  -0.10778  0.24207  0.0582073  -0.0294677  0.0582073  0.154834
0.306117  -0.107757  -0.0294592  -0.107757  0.242046  0.058195  -0.0294592  0.058195  0.154835
0.306039  -0.107571  -0.0292713  -0.107571  0.241847  0.058045  -0.0292713  0.058045  0.15485
0.305976  -0.107397  -0.0291109  -0.107397  0.24165  0.0579052  -0.0291109  0.0579052  0.15486
0.30597  -0.107375  -0.0291025  -0.107375  0.241626  0.0578929  -0.0291025  0.0578929  0.154861
0.305888  -0.107167  -0.0289073  -0.107167  0.241405  0.0577319  -0.0289073  0.0577319  0.154878
0.305882  -0.107145  -0.0288989  -0.107145  0.241381  0.0577197  -0.0288989  0.0577197  0.154878
0.30581  -0.106956  -0.0286986  -0.106956  0.241166  0.0575565  -0.0286986  0.0575565  0.154892
0.305748  -0.106804  -0.0285484  -0.106804  0.241007  0.0574373  -0.0285484  0.0574373  0.154907
0.305744  -0.106799  -0.0285348  -0.106799  0.241001  0.0574292  -0.0285348  0.0574292  0.154908
0.305668  -0.106602  -0.0283085  -0.106602  0.240775  0.0572508  -0.0283085  0.0572508  0.154924
0.305662  -0.10658  -0.0283002  -0.10658  0.240751  0.0572388  -0.0283002  0.0572388  0.154925
0.305579  -0.106381  -0.0280751  -0.106381  0.240539  0.0570682  -0.0280751  0.0570682  0.154947
0.305519  -0.106222  -0.0278988  -0.106222  0.240357  0.0569276  -0.0278988  0.0569276  0.154962
0.305516  -0.106217  -0.0278854  -0.106217  0.240351  0.0569195  -0.0278854  0.0569195  0.154963
0.305445  -0.106026  -0.0276745  -0.106026  0.240134  0.0567515  -0.0276745  0.0567515  0.154981
0.305439  -0.106016  -0.0276476  -0.106016  0.240122  0.0567355  -0.0276476  0.0567355  0.154983
0.305369  -0.105825  -0.0274374  -0.105825  0.239906  0.0565683  -0.0274374  0.0565683  0.155002
0.305322  -0.10571  -0.027279  -0.10571  0.239773  0.056453  -0.027279  0.056453  0.155016
0.305316  -0.105689  -0.0272709  -0.105689  0.23975  0.0564413  -0.0272709  0.0564413  0.155017
0.305252  -0.105533  -0.0270513  -0.105533  0.23957  0.0562829  -0.0270513  0.0562829  0.155037
0.305244  -0.105506  -0.0270298  -0.105506  0.23954  0.0562632  -0.0270298  0.0562632  0.15504
0.305187  -0.105352  -0.0268103  -0.105352  0.239349  0.0560988  -0.0268103  0.0560988  0.155057
0.305139  -0.105221  -0.0266584  -0.105221  0.239201  0.0559811  -0.0266584  0.0559811  0.155072
0.305133  -0.105211  -0.0266318  -0.105211  0.239188  0.0559654  -0.0266318  0.0559654  0.155075
0.30507  -0.105031  -0.0263922  -0.105031  0.238969  0.0557827  -0.0263922  0.0557827  0.155096
0.305067  -0.105027  -0.0263789  -0.105027  0.238963  0.0557749  -0.0263789  0.0557749  0.155097
0.305001  -0.104842  -0.0261268  -0.104842  0.238738  0.0555852  -0.0261268  0.0555852  0.155121
0.304948  -0.104703  -0.0259499  -0.104703  0.23858  0.0554536  -0.0259499  0.0554536  0.155141
0.304942  -0.104693  -0.0259235  -0.104693  0.238568  0.0554381  -0.0259235  0.0554381  0.155144
0.304881  -0.104503  -0.0257044  -0.104503  0.23834  0.0552618  -0.0257044  0.0552618  0.155166
0.304875  -0.104493  -0.0256781  -0.104493  0.238328  0.0552463  -0.0256781  0.0552463  0.155169
0.304817  -0.104308  -0.0254728  -0.104308  0.238107  0.0550786  -0.0254728  0.0550786  0.155191
0.304772  -0.104171  -0.0252968  -0.104171  0.237938  0.0549419  -0.0252968  0.0549419  0.155209
0.304767  -0.104161  -0.0252706  -0.104161  0.237926  0.0549266  -0.0252706  0.0549266  0.155212
0.304702  -0.103975  -0.0250672  -0.103975  0.237719  0.0547671  -0.0250672  0.0547671  0.15524
0.304697  -0.103966  -0.0250411  -0.103966  0.237707  0.0547518  -0.0250411  0.0547518  0.155243
0.304637  -0.103789  -0.0248063  -0.103789  0.237493  0.0545746  -0.0248063  0.0545746  0.15527
0.304588  -0.103652  -0.0246325  -0.103652  0.237338  0.0544464  -0.0246325  0.0544464  0.155295
0.304589  -0.103643  -0.0246058  -0.103643  0.237315  0.0544245  -0.0246058  0.0544245  0.155294
0.304519  -0.103457  -0.0243471  -0.103457  0.237103  0.0542405  -0.0243471  0.0542405  0.155331
0.304467  -0.103327  -0.0241432  -0.103327  0.236954  0.0541021  -0.0241432  0.0541021  0.155361
0.304464  -0.103322  -0.0241303  -0.103322  0.236948  0.0540946  -0.0241303  0.0540946  0.155363
0.304393  -0.103132  -0.0238603  -0.103132  0.236732  0.0539048  -0.0238603  0.0539048  0.155404
0.304388  -0.103111  -0.0238528  -0.103111  0.23671  0.0538938  -0.0238528  0.0538938  0.155405
0.304318  -0.102921  -0.0235838  -0.102921  0.236495  0.0537051  -0.0235838  0.0537051  0.155448
0.304315  -0.102917  -0.023571  -0.102917  0.236489  0.0536977  -0.023571  0.0536977  0.15545
0.304241  -0.102706  -0.0232955  -0.102706  0.236253  0.0534992  -0.0232955  0.0534992  0.155496
0.304189  -0.102562  -0.0230996  -0.102562  0.236091  0.0533601  -0.0230996  0.0533601  0.155529
0.304184  -0.102541  -0.0230922  -0.102541  0.236068  0.0533492  -0.0230922  0.0533492  0.155531
0.304107  -0.102311  -0.0228111  -0.102311  0.235812  0.0531419  -0.0228111  0.0531419  0.15558
0.304102  -0.102302  -0.0227857  -0.102302  0.235801  0.0531273  -0.0227857  0.0531273  0.155585
0.30402  -0.102072  -0.0225067  -0.102072  0.235558  0.052928  -0.0225067  0.052928  0.155641
0.303958  -0.101883  -0.0222857  -0.101883  0.235349  0.0527626  -0.0222857  0.0527626  0.155683
0.303954  -0.101862  -0.0222784  -0.101862  0.235327  0.052752  -0.0222784  0.052752  0.155684
0.303875  -0.101613  -0.0219934  -0.101613  0.235053  0.0525376  -0.0219934  0.0525376  0.15574
0.303814  -0.101434  -0.0218  -0.101434  0.234868  0.0523952  -0.0218  0.0523952  0.155784
0.303807  -0.101408  -0.0217803  -0.101408  0.234841  0.0523775  -0.0217803  0.0523775  0.155789
0.303726  -0.101141  -0.0214901  -0.101141  0.234548  0.052155  -0.0214901  0.052155  0.15585
0.303722  -0.101132  -0.0214651  -0.101132  0.234537  0.0521408  -0.0214651  0.0521408  0.155854
0.303638  -0.100845  -0.0211693  -0.100845  0.234224  0.0519095  -0.0211693  0.0519095  0.155919
0.303573  -0.100642  -0.0209589  -0.100642  0.234016  0.0517525  -0.0209589  0.0517525  0.155971
0.303569  -0.100633  -0.0209341  -0.100633  0.234006  0.0517385  -0.0209341  0.0517385  0.155976
0.303483  -0.100351  -0.0205982  -0.100351  0.233696  0.0514924  -0.0205982  0.0514924  0.156051
0.303477  -0.100326  -0.0205788  -0.100326  0.23367  0.0514752  -0.0205788  0.0514752  0.156056
0.303397  -0.100053  -0.0202693  -0.100053  0.233373  0.0512448  -0.0202693  0.0512448  0.156129
0.303393  -0.100045  -0.0202446  -0.100045  0.233362  0.0512311  -0.0202446  0.0512311  0.156134
0.30331  -0.0997726  -0.0199376  -0.0997726  0.233079  0.0510091  -0.0199376  0.0510091  0.156213
0.303257  -0.0995895  -0.0197249  -0.0995895  0.23288  0.0508531  -0.0197249  0.0508531  0.156266
0.303251  -0.0995648  -0.0197058  -0.0995648  0.232854  0.0508362  -0.0197058  0.0508362  0.156271
0.303176  -0.0992955  -0.0194003  -0.0992955  0.232563  0.0506104  -0.0194003  0.0506104  0.156349
0.303122  -0.099105  -0.019165  -0.099105  0.232356  0.0504428  -0.019165  0.0504428  0.156409
0.303116  -0.0990805  -0.0191461  -0.0990805  0.23233  0.0504261  -0.0191461  0.0504261  0.156415
0.303036  -0.0987843  -0.0188123  -0.0987843  0.232011  0.05018  -0.0188123  0.05018  0.156504
0.303023  -0.0987549  -0.0187824  -0.0987549  0.231992  0.0501635  -0.0187824  0.0501635  0.156518
0.302951  -0.0984844  -0.0184691  -0.0984844  0.231701  0.0499358  -0.0184691  0.0499358  0.156604
0.302898  -0.098292  -0.0182251  -0.098292  0.231492  0.0497652  -0.0182251  0.0497652  0.156672
0.302892  -0.0982677  -0.0182065  -0.0982677  0.231467  0.0497489  -0.0182065  0.0497489  0.156677
0.302817  -0.097975  -0.0178774  -0.097975  0.231154  0.049508  -0.0178774  0.049508  0.156773
0.302812  -0.0979508  -0.0178589  -0.0979508  0.231129  0.0494919  -0.0178589  0.0494919  0.156779
0.302737  -0.0976552  -0.0175196  -0.0976552  0.230813  0.0492466  -0.0175196  0.0492466  0.15688
0.302684  -0.0974218  -0.0172532  -0.0974218  0.230552  0.0490477  -0.0172532  0.0490477  0.156957
0.302681  -0.0974135  -0.0172295  -0.0974135  0.230543  0.0490348  -0.0172295  0.0490348  0.156964
0.302604  -0.0970847  -0.0168925  -0.0970847  0.230196  0.0487807  -0.0168925  0.0487807  0.157072
0.302598  -0.0970567  -0.0168625  -0.0970567  0.230167  0.0487585  -0.0168625  0.0487585  0.157081
0.302519  -0.0967291  -0.0165286  -0.0967291  0.229835  0.0485133  -0.0165286  0.0485133  0.157196
0.302468  -0.0964949  -0.0163077  -0.0964949  0.229591  0.0483416  -0.0163077  0.0483416  0.157272
0.302462  -0.0964671  -0.016278  -0.0964671  0.229561  0.0483197  -0.016278  0.0483197  0.157282
0.302395  -0.0961507  -0.0159695  -0.0961507  0.229232  0.0480841  -0.0159695  0.0480841  0.157389
0.302388  -0.096123  -0.01594  -0.096123  0.229203  0.0480625  -0.01594  0.0480625  0.157399
0.302316  -0.0957765  -0.0155923  -0.0957765  0.228843  0.0478013  -0.0155923  0.0478013  0.157523
0.302263  -0.0955482  -0.0153361  -0.0955482  0.228616  0.0476249  -0.0153361  0.0476249  0.157619
0.302257  -0.0955208  -0.0153069  -0.0955208  0.228588  0.0476036  -0.0153069  0.0476036  0.15763
0.302186  -0.0951921  -0.0149587  -0.0951921  0.228259  0.0473561  -0.0149587  0.0473561  0.157763
0.302183  -0.0951841  -0.0149357  -0.0951841  0.22825  0.047344  -0.0149357  0.047344  0.157771
0.302116  -0.0948609  -0.014601  -0.0948609  0.227928  0.0471049  -0.014601  0.0471049  0.157903
0.302072  -0.0946247  -0.0143645  -0.0946247  0.227686  0.0469295  -0.0143645  0.0469295  0.157996
0.302067  -0.0945976  -0.0143358  -0.0945976  0.227658  0.0469088  -0.0143358  0.0469088  0.158007
0.302  -0.0942541  -0.0139872  -0.0942541  0.227318  0.0466589  -0.0139872  0.0466589  0.158151
0.301995  -0.0942271  -0.0139587  -0.0942271  0.22729  0.0466383  -0.0139587  0.0466383  0.158163
0.301934  -0.0939083  -0.0136295  -0.0939083  0.226976  0.0464055  -0.0136295  0.0464055  0.158302
0.30189  -0.093671  -0.0133869  -0.093671  0.226747  0.0462353  -0.0133869  0.0462353  0.158409
0.301886  -0.0936482  -0.0133699  -0.0936482  0.226724  0.0462209  -0.0133699  0.0462209  0.158416
0.301828  -0.093313  -0.0130383  -0.093313  0.226396  0.0459833  -0.0130383  0.0459833  0.158564
0.301824  -0.0932864  -0.0130102  -0.0932864  0.226369  0.0459633  -0.0130102  0.0459633  0.158576
0.301766  -0.0929453  -0.0126584  -0.0929453  0.226036  0.0457167  -0.0126584  0.0457167  0.158734
0.301724  -0.0926925  -0.0124143  -0.0926925  0.225794  0.0455428  -0.0124143  0.0455428  0.158849
0.301721  -0.0926699  -0.0123976  -0.0926699  0.225772  0.0455287  -0.0123976  0.0455287  0.158858
0.301668  -0.0923205  -0.012066  -0.0923205  0.225435  0.0452893  -0.012066  0.0452893  0.159016
0.301663  -0.0922831  -0.0120547  -0.0922831  0.225399  0.0452727  -0.0120547  0.0452727  0.159024
0.301608  -0.0919205  -0.011732  -0.0919205  0.225063  0.0450395  -0.011732  0.0450395  0.159189
0.301573  -0.0916711  -0.011492  -0.0916711  0.224827  0.0448704  -0.011492  0.0448704  0.159309
0.301569  -0.0916451  -0.0114647  -0.0916451  0.224801  0.0448512  -0.0114647  0.0448512  0.159322
0.301522  -0.0912895  -0.0111063  -0.0912895  0.224461  0.0446022  -0.0111063  0.0446022  0.159502
0.30152  -0.0912822  -0.0110846  -0.0912822  0.224453  0.0445913  -0.0110846  0.0445913  0.159511
0.301477  -0.0909394  -0.010761  -0.0909394  0.224127  0.0443611  -0.010761  0.0443611  0.15968
0.301447  -0.0906934  -0.0105253  -0.0906934  0.223898  0.0441968  -0.0105253  0.0441968  0.159806
0.301445  -0.0906714  -0.0105092  -0.0906714  0.223877  0.0441835  -0.0105092  0.0441835  0.159815
0.301407  -0.0903314  -0.0101891  -0.0903314  0.223557  0.0439573  -0.0101891  0.0439573  0.159988
0.301405  -0.0903095  -0.010173  -0.0903095  0.223536  0.0439441  -0.010173  0.0439441  0.159997
0.301371  -0.0899934  -0.00982297  -0.0899934  0.223238  0.043715  -0.00982297  0.043715  0.160184
0.301349  -0.0897799  -0.00958064  -0.0897799  0.22304  0.0435605  -0.00958064  0.0435605  0.160317
0.301347  -0.0897582  -0.00956481  -0.0897582  0.223019  0.0435476  -0.00956481  0.0435476  0.160326
0.30132  -0.089437  -0.0092435  -0.089437  0.222709  0.0433239  -0.0092435  0.0433239  0.160503
0.301318  -0.0894118  -0.00921724  -0.0894118  0.222685  0.043306  -0.00921724  0.043306  0.160517
0.301295  -0.0891102  -0.0089031  -0.0891102  0.222394  0.0430922  -0.0089031  0.0430922  0.160692
0.301278  -0.0888737  -0.00868446  -0.0888737  0.222169  0.0429357  -0.00868446  0.0429357  0.160819
0.301276  -0.0888522  -0.00866892  -0.0888522  0.222148  0.0429231  -0.00866892  0.0429231  0.160828
0.301253  -0.0884921  -0.008322  -0.0884921  0.221806  0.0426806  -0.008322  0.0426806  0.161031
0.301252  -0.0884706  -0.00830657  -0.0884706  0.221786  0.0426681  -0.00830657  0.0426681  0.161041
0.301234  -0.0881224  -0.0079916  -0.0881224  0.221446  0.0424368  -0.0079916  0.0424368  0.161226
0.301233  -0.0880976  -0.00796594  -0.0880976  0.221423  0.0424196  -0.00796594  0.0424196  0.161241
0.301217  -0.0877758  -0.00767999  -0.0877758  0.221121  0.0422141  -0.00767999  0.0422141  0.161419
0.301216  -0.0877512  -0.00765449  -0.0877512  0.221098  0.0421971  -0.00765449  0.0421971  0.161434
0.301205  -0.0874416  -0.00735326  -0.0874416  0.220797  0.041985  -0.00735326  0.041985  0.161615
0.3012  -0.0872175  -0.00711387  -0.0872175  0.220576  0.0418227  -0.00711387  0.0418227  0.161758
0.301199  -0.0871931  -0.00708863  -0.0871931  0.220553  0.041806  -0.00708863  0.041806  0.161773
0.301192  -0.0869146  -0.00678134  -0.0869146  0.220293  0.0416087  -0.00678134  0.0416087  0.161965
0.301191  -0.0868903  -0.00675626  -0.0868903  0.22027  0.0415921  -0.00675626  0.0415921  0.161981
0.301186  -0.0865908  -0.00648021  -0.0865908  0.219983  0.0413952  -0.00648021  0.0413952  0.162158
0.301185  -0.0863792  -0.0062748  -0.0863792  0.219778  0.0412512  -0.0062748  0.0412512  0.162288
0.301184  -0.0863583  -0.00626002  -0.0863583  0.219759  0.0412396  -0.00626002  0.0412396  0.162299
0.301184  -0.0860893  -0.00597595  -0.0860893  0.2195  0.0410505  -0.00597595  0.0410505  0.16248
0.301184  -0.0860685  -0.00596126  -0.0860685  0.219481  0.041039  -0.00596126  0.041039  0.162491
0.301186  -0.0857765  -0.0056542  -0.0857765  0.219203  0.0408358  -0.0056542  0.0408358  0.162692
0.301188  -0.0855638  -0.00544205  -0.0855638  0.218999  0.0406911  -0.00544205  0.0406911  0.162832
0.301188  -0.0855431  -0.00542752  -0.0855431  0.218981  0.0406797  -0.00542752  0.0406797  0.162843
0.301194  -0.0852532  -0.00512352  -0.0852532  0.218707  0.0404801  -0.00512352  0.0404801  0.163048
0.301194  -0.0852326  -0.0051091  -0.0852326  0.218689  0.0404689  -0.0051091  0.0404689  0.163059
0.301201  -0.0849152  -0.00481606  -0.0849152  0.218383  0.0402605  -0.00481606  0.0402605  0.163259
0.301208  -0.0847048  -0.00460731  -0.0847048  0.218184  0.0401198  -0.00460731  0.0401198  0.163405
0.301209  -0.0846812  -0.00458325  -0.0846812  0.218163  0.0401044  -0.00458325  0.0401044  0.163422
0.301218  -0.0843727  -0.00431431  -0.0843727  0.21788  0.0399146  -0.00431431  0.0399146  0.163619
0.301218  -0.0843524  -0.00430014  -0.0843524  0.217862  0.0399037  -0.00430014  0.0399037  0.16363
0.301227  -0.0840374  -0.00405755  -0.0840374  0.217576  0.0397222  -0.00405755  0.0397222  0.163816
0.301236  -0.0838361  -0.00387292  -0.0838361  0.217399  0.0396  -0.00387292  0.0396  0.163958
0.301237  -0.0838159  -0.0038589  -0.0838159  0.217382  0.0395893  -0.0038589  0.0395893  0.16397
0.301253  -0.0835354  -0.00357382  -0.0835354  0.217125  0.0394047  -0.00357382  0.0394047  0.164181
0.301255  -0.0835122  -0.00355026  -0.0835122  0.217105  0.0393899  -0.00355026  0.0393899  0.164199
0.301273  -0.0832158  -0.00326266  -0.0832158  0.216837  0.039201  -0.00326266  0.039201  0.164417
0.301288  -0.0829936  -0.00305775  -0.0829936  0.216645  0.0390677  -0.00305775  0.0390677  0.164582
0.30129  -0.0829705  -0.00303444  -0.0829705  0.216625  0.0390532  -0.00303444  0.0390532  0.1646
0.301309  -0.082686  -0.00277997  -0.082686  0.216381  0.0388862  -0.00277997  0.0388862  0.164808
0.301311  -0.0826799  -0.00276097  -0.0826799  0.216375  0.0388781  -0.00276097  0.0388781  0.164821
0.301333  -0.0824104  -0.00250267  -0.0824104  0.216145  0.0387149  -0.00250267  0.0387149  0.165032
0.301335  -0.0823905  -0.00248909  -0.0823905  0.216128  0.0387047  -0.00248909  0.0387047  0.165044
0.301359  -0.082122  -0.00223229  -0.082122  0.2159  0.0385433  -0.00223229  0.0385433  0.165258
0.301379  -0.0819221  -0.00204368  -0.0819221  0.215721  0.038419  -0.00204368  0.038419  0.165411
