0.301637  -0.110381  0.00363954  -0.110381  0.249827  0.0469906  0.00363954  0.0469906  0.168033
0.301641  -0.110343  0.00369536  -0.110343  0.249766  0.0469478  0.00369536  0.0469478  0.168068
0.301644  -0.110329  0.00373748  -0.110329  0.249735  0.046918  0.00373748  0.046918  0.168093
0.301637  -0.11009  0.00376801  -0.11009  0.249452  0.0468419  0.00376801  0.0468419  0.168142
0.301637  -0.110069  0.00377152  -0.110069  0.249427  0.0468345  0.00377152  0.0468345  0.168146
0.301631  -0.110008  0.00377893  -0.110008  0.249378  0.0468273  0.00377893  0.0468273  0.168169
0.301621  -0.109893  0.00377508  -0.109893  0.249275  0.0468165  0.00377508  0.0468165  0.168195
0.30162  -0.10988  0.00375837  -0.10988  0.24926  0.0468202  0.00375837  0.0468202  0.168185
0.301612  -0.10982  0.00370866  -0.10982  0.249213  0.0468387  0.00370866  0.0468387  0.168168
0.301583  -0.1097  0.00354597  -0.1097  0.249174  0.0469315  0.00354597  0.0469315  0.168116
0.301581  -0.109703  0.0035343  -0.109703  0.249191  0.0469446  0.0035343  0.0469446  0.168113
0.301536  -0.109533  0.00328725  -0.109533  0.249157  0.0470947  0.00328725  0.0470947  0.168038
0.301532  -0.109524  0.00325891  -0.109524  0.249158  0.0471113  0.00325891  0.0471113  0.168026
0.301515  -0.109509  0.00327711  -0.109509  0.249245  0.0471546  0.00327711  0.0471546  0.168087
0.301515  -0.109489  0.00328067  -0.109489  0.24922  0.0471471  0.00328067  0.0471471  0.168091
0.301499  -0.109327  0.00324446  -0.109327  0.249088  0.0471505  0.00324446  0.0471505  0.168112
0.301498  -0.109323  0.00325306  -0.109323  0.249096  0.0471525  0.00325306  0.0471525  0.168124
0.301492  -0.109246  0.00339902  -0.109246  0.249078  0.0471071  0.00339902  0.0471071  0.168267
0.301491  -0.109219  0.00342122  -0.109219  0.249056  0.0470962  0.00342122  0.0470962  0.168291
0.301494  -0.109194  0.00349179  -0.109194  0.249024  0.0470577  0.00349179  0.0470577  0.168342
0.301505  -0.109072  0.00362969  -0.109072  0.248846  0.0469474  0.00362969  0.0469474  0.168437
0.301507  -0.109081  0.00365635  -0.109081  0.248857  0.0469383  0.00365635  0.0469383  0.168455
0.301515  -0.109019  0.00378194  -0.109019  0.248765  0.046858  0.00378194  0.046858  0.168542
0.301516  -0.109015  0.00379198  -0.109015  0.248761  0.0468525  0.00379198  0.0468525  0.168549
0.30152  -0.108962  0.00384061  -0.108962  0.248681  0.0468086  0.00384061  0.0468086  0.168583
0.301523  -0.108958  0.00385217  -0.108958  0.248664  0.0467957  0.00385217  0.0467957  0.168585
0.30153  -0.108896  0.00387722  -0.108896  0.248549  0.0467458  0.00387722  0.0467458  0.168591
0.30153  -0.108896  0.00387722  -0.108896  0.248549  0.0467458  0.00387722  0.0467458  0.168591
0.301534  -0.108808  0.00386912  -0.108808  0.248402  0.0467031  0.00386912  0.0467031  0.168576
0.301533  -0.108792  0.00386257  -0.108792  0.248383  0.0467012  0.00386257  0.0467012  0.168573
0.301532  -0.108756  0.00385949  -0.108756  0.248338  0.046692  0.00385949  0.046692  0.168574
0.301532  -0.108647  0.00385182  -0.108647  0.248193  0.0466569  0.00385182  0.0466569  0.168574
0.301534  -0.108631  0.00384681  -0.108631  0.248161  0.0466476  0.00384681  0.0466476  0.168566
0.301533  -0.108575  0.00384722  -0.108575  0.248092  0.0466311  0.00384722  0.0466311  0.168572
0.301536  -0.108453  0.0038796  -0.108453  0.24793  0.0465745  0.0038796  0.0465745  0.168601
0.301536  -0.108433  0.00388307  -0.108433  0.247905  0.0465672  0.00388307  0.0465672  0.168605
0.301531  -0.108296  0.00389425  -0.108296  0.247765  0.0465365  0.00389425  0.0465365  0.168639
0.301532  -0.108293  0.00390425  -0.108293  0.247761  0.0465311  0.00390425  0.0465311  0.168647
0.301529  -0.108236  0.00390311  -0.108236  0.247705  0.0465221  0.00390311  0.0465221  0.168658
0.301522  -0.108134  0.00387087  -0.108134  0.247608  0.0465203  0.00387087  0.0465203  0.168658
0.301522  -0.108134  0.00387087  -0.108134  0.247608  0.0465203  0.00387087  0.0465203  0.168658
0.301515  -0.108052  0.00383521  -0.108052  0.247535  0.0465257  0.00383521  0.0465257  0.168653
0.301515  -0.108036  0.00382869  -0.108036  0.247515  0.0465238  0.00382869  0.0465238  0.16865
0.301507  -0.10796  0.00377309  -0.10796  0.247451  0.0465399  0.00377309  0.0465399  0.168631
0.301507  -0.10796  0.00377309  -0.10796  0.247451  0.0465399  0.00377309  0.0465399  0.168631
0.301501  -0.107882  0.00372904  -0.107882  0.24737  0.0465432  0.00372904  0.0465432  0.168614
0.301501  -0.107882  0.00372904  -0.107882  0.24737  0.0465432  0.00372904  0.0465432  0.168614
0.301499  -0.107794  0.00371649  -0.107794  0.247263  0.0465229  0.00371649  0.0465229  0.168614
0.301499  -0.107794  0.00371649  -0.107794  0.247263  0.0465229  0.00371649  0.0465229  0.168614
0.301502  -0.107711  0.00374191  -0.107711  0.24715  0.0464811  0.00374191  0.0464811  0.168635
0.301502  -0.107692  0.00374538  -0.107692  0.247126  0.0464739  0.00374538  0.0464739  0.168639
0.301508  -0.107615  0.00380717  -0.107615  0.24702  0.046418  0.00380717  0.046418  0.168685
0.301509  -0.107612  0.00381713  -0.107612  0.247016  0.0464127  0.00381713  0.0464127  0.168692
0.301517  -0.107532  0.00389032  -0.107532  0.246893  0.0463442  0.00389032  0.0463442  0.16874
0.301519  -0.107513  0.00389531  -0.107513  0.246856  0.0463295  0.00389531  0.0463295  0.16874
0.30152  -0.107486  0.00391867  -0.107486  0.246824  0.0463117  0.00391867  0.0463117  0.168759
0.301528  -0.107418  0.00396346  -0.107418  0.246702  0.0462519  0.00396346  0.0462519  0.16878
0.301529  -0.107414  0.0039734  -0.107414  0.246697  0.0462466  0.0039734  0.0462466  0.168787
0.301533  -0.107356  0.00398681  -0.107356  0.246601  0.0462103  0.00398681  0.0462103  0.168791
0.301533  -0.107336  0.00399025  -0.107336  0.246577  0.0462031  0.00399025  0.0462031  0.168795
0.301535  -0.107317  0.00399523  -0.107317  0.246541  0.0461885  0.00399523  0.0461885  0.168795
0.301538  -0.107265  0.00398877  -0.107265  0.246454  0.0461627  0.00398877  0.0461627  0.168784
0.301538  -0.107265  0.00398877  -0.107265  0.246454  0.0461627  0.00398877  0.0461627  0.168784
0.301538  -0.107197  0.00397429  -0.107197  0.24636  0.0461425  0.00397429  0.0461425  0.168775
0.301538  -0.107197  0.00397429  -0.107197  0.24636  0.0461425  0.00397429  0.0461425  0.168775
0.301539  -0.107142  0.00397623  -0.107142  0.24628  0.0461189  0.00397623  0.0461189  0.168776
0.301539  -0.107142  0.00397623  -0.107142  0.24628  0.0461189  0.00397623  0.0461189  0.168776
0.30154  -0.107079  0.00399648  -0.107079  0.246205  0.0460922  0.00399648  0.0460922  0.168797
0.301544  -0.107014  0.00402817  -0.107014  0.246113  0.0460528  0.00402817  0.0460528  0.16882
0.301544  -0.107014  0.00402817  -0.107014  0.246113  0.0460528  0.00402817  0.0460528  0.16882
0.301544  -0.106987  0.00404989  -0.106987  0.246093  0.0460425  0.00404989  0.0460425  0.168845
0.301548  -0.106895  0.00410322  -0.106895  0.245981  0.0459929  0.00410322  0.0459929  0.168893
0.301548  -0.106891  0.00411312  -0.106891  0.245977  0.0459877  0.00411312  0.0459877  0.1689
0.30155  -0.106789  0.00414011  -0.106789  0.245855  0.0459468  0.00414011  0.0459468  0.168931
0.301551  -0.106786  0.00415  -0.106786  0.245851  0.0459416  0.00415  0.0459416  0.168938
0.301552  -0.106688  0.00416707  -0.106688  0.245733  0.0459061  0.00416707  0.0459061  0.168961
0.301552  -0.106668  0.00417048  -0.106668  0.24571  0.045899  0.00417048  0.045899  0.168966
0.30155  -0.106632  0.00416586  -0.106632  0.24568  0.0458974  0.00416586  0.0458974  0.168973
0.301552  -0.106538  0.00417458  -0.106538  0.245554  0.0458598  0.00417458  0.0458598  0.168983
0.301552  -0.106538  0.00417458  -0.106538  0.245554  0.0458598  0.00417458  0.0458598  0.168983
0.301552  -0.106447  0.00417187  -0.106447  0.245446  0.0458348  0.00417187  0.0458348  0.168991
0.301552  -0.106447  0.00417187  -0.106447  0.245446  0.0458348  0.00417187  0.0458348  0.168991
0.301553  -0.106333  0.00418243  -0.106333  0.24531  0.0457976  0.00418243  0.0457976  0.169012
0.301553  -0.106333  0.00418243  -0.106333  0.24531  0.0457976  0.00418243  0.0457976  0.169012
0.301554  -0.106216  0.00420285  -0.106216  0.24517  0.0457552  0.00420285  0.0457552  0.16904
0.301554  -0.106197  0.00420625  -0.106197  0.245147  0.0457481  0.00420625  0.0457481  0.169044
0.301559  -0.106073  0.00424788  -0.106073  0.244987  0.0456882  0.00424788  0.0456882  0.169082
0.301559  -0.106057  0.00424143  -0.106057  0.244968  0.0456863  0.00424143  0.0456863  0.169079
0.301563  -0.10593  0.00429128  -0.10593  0.244816  0.0456286  0.00429128  0.0456286  0.16913
0.301564  -0.10591  0.00429467  -0.10591  0.244793  0.0456216  0.00429467  0.0456216  0.169134
0.301569  -0.105764  0.00434781  -0.105764  0.244619  0.0455571  0.00434781  0.0455571  0.16919
0.30157  -0.105741  0.004361  -0.105741  0.244591  0.045545  0.004361  0.045545  0.169202
0.301574  -0.105605  0.00438616  -0.105605  0.244418  0.0454888  0.00438616  0.0454888  0.16923
0.301574  -0.105586  0.00438952  -0.105586  0.244395  0.0454818  0.00438952  0.0454818  0.169234
0.301575  -0.105531  0.00438982  -0.105531  0.24433  0.045466  0.00438982  0.045466  0.169241
0.301575  -0.105402  0.00439379  -0.105402  0.244178  0.0454275  0.00439379  0.0454275  0.169259
0.301576  -0.105399  0.00440359  -0.105399  0.244174  0.0454224  0.00440359  0.0454224  0.169266
0.301579  -0.10527  0.00440911  -0.10527  0.24401  0.0453766  0.00440911  0.0453766  0.169279
0.301579  -0.10527  0.00440911  -0.10527  0.24401  0.0453766  0.00440911  0.0453766  0.169279
0.30158  -0.105141  0.00441307  -0.105141  0.243858  0.0453382  0.00441307  0.0453382  0.169297
0.30158  -0.105122  0.00441643  -0.105122  0.243835  0.0453312  0.00441643  0.0453312  0.169302
0.301582  -0.105064  0.0044265  -0.105064  0.243767  0.0453104  0.0044265  0.0453104  0.169316
0.301585  -0.104928  0.00444999  -0.104928  0.243608  0.045262  0.00444999  0.045262  0.16935
0.301585  -0.104928  0.00444999  -0.104928  0.243608  0.045262  0.00444999  0.045262  0.16935
0.30159  -0.104806  0.0044896  -0.104806  0.243464  0.0452104  0.0044896  0.0452104  0.169393
0.301589  -0.10479  0.00448319  -0.10479  0.243445  0.0452086  0.00448319  0.0452086  0.169391
0.301593  -0.104652  0.00451635  -0.104652  0.243283  0.0451553  0.00451635  0.0451553  0.169432
0.301593  -0.104652  0.00451635  -0.104652  0.243283  0.0451553  0.00451635  0.0451553  0.169432
0.301595  -0.104594  0.00452637  -0.104594  0.243215  0.0451347  0.00452637  0.0451347  0.169446
0.3016  -0.104475  0.00455768  -0.104475  0.243063  0.0450812  0.00455768  0.0450812  0.169477
0.3016  -0.104459  0.00455128  -0.104459  0.243045  0.0450793  0.00455128  0.0450793  0.169474
0.301603  -0.104344  0.00457127  -0.104344  0.24291  0.0450382  0.00457127  0.0450382  0.169503
0.301603  -0.104344  0.00457127  -0.104344  0.24291  0.0450382  0.00457127  0.0450382  0.169503
0.301606  -0.104235  0.00457337  -0.104235  0.242772  0.0449999  0.00457337  0.0449999  0.169512
0.301607  -0.104232  0.00458309  -0.104232  0.242767  0.0449949  0.00458309  0.0449949  0.16952
0.30161  -0.10414  0.00459157  -0.10414  0.242647  0.0449584  0.00459157  0.0449584  0.169531
0.30161  -0.10412  0.00459489  -0.10412  0.242625  0.0449516  0.00459489  0.0449516  0.169536
0.301613  -0.104028  0.00460337  -0.104028  0.242505  0.0449152  0.00460337  0.0449152  0.169547
0.301613  -0.104028  0.00460337  -0.104028  0.242505  0.0449152  0.00460337  0.0449152  0.169547
0.30162  -0.103929  0.00463281  -0.103929  0.242365  0.0448616  0.00463281  0.0448616  0.169569
0.301621  -0.103926  0.0046425  -0.103926  0.242361  0.0448567  0.0046425  0.0448567  0.169577
0.301622  -0.103887  0.00464913  -0.103887  0.242316  0.0448431  0.00464913  0.0448431  0.169587
0.301629  -0.103804  0.0046849  -0.103804  0.242195  0.0447915  0.0046849  0.0447915  0.169611
0.30163  -0.103801  0.00469459  -0.103801  0.242191  0.0447865  0.00469459  0.0447865  0.169619
0.301635  -0.103721  0.00471907  -0.103721  0.242086  0.0447472  0.00471907  0.0447472  0.169641
0.301635  -0.103721  0.00471907  -0.103721  0.242086  0.0447472  0.00471907  0.0447472  0.169641
0.301638  -0.103645  0.00473385  -0.103645  0.241985  0.0447129  0.00473385  0.0447129  0.169655
0.301639  -0.103626  0.00473716  -0.103626  0.241963  0.0447061  0.00473716  0.0447061  0.16966
0.301641  -0.103553  0.00474226  -0.103553  0.241866  0.0446768  0.00474226  0.0446768  0.169667
0.301641  -0.103553  0.00474226  -0.103553  0.241866  0.0446768  0.00474226  0.0446768  0.169667
0.301643  -0.103518  0.00474077  -0.103518  0.241814  0.0446609  0.00474077  0.0446609  0.169664
0.301644  -0.103448  0.00473622  -0.103448  0.241721  0.0446365  0.00473622  0.0446365  0.169663
0.301645  -0.103429  0.00473952  -0.103429  0.241699  0.0446298  0.00473952  0.0446298  0.169668
0.301646  -0.103344  0.00472861  -0.103344  0.241589  0.0446036  0.00472861  0.0446036  0.169665
0.301647  -0.10334  0.00473827  -0.10334  0.241585  0.0445987  0.00473827  0.0445987  0.169672
0.301648  -0.103251  0.00473545  -0.103251  0.241483  0.0445748  0.00473545  0.0445748  0.169682
0.301649  -0.103248  0.0047451  -0.103248  0.241479  0.0445699  0.0047451  0.0445699  0.169689
0.301654  -0.103153  0.00476315  -0.103153  0.241357  0.0445291  0.00476315  0.0445291  0.169709
0.301655  -0.10315  0.0047728  -0.10315  0.241353  0.0445242  0.0047728  0.0445242  0.169716
0.301661  -0.103067  0.00480682  -0.103067  0.241245  0.0444803  0.00480682  0.0444803  0.169746
0.301662  -0.103064  0.00481646  -0.103064  0.241241  0.0444754  0.00481646  0.0444754  0.169754
0.301664  -0.103023  0.00483266  -0.103023  0.241193  0.0444572  0.00483266  0.0444572  0.169771
0.301671  -0.102956  0.00487297  -0.102956  0.241104  0.0444152  0.00487297  0.0444152  0.169804
0.301672  -0.102953  0.00488259  -0.102953  0.2411  0.0444104  0.00488259  0.0444104  0.169812
0.301678  -0.10287  0.00491651  -0.10287  0.240992  0.0443667  0.00491651  0.0443667  0.169842
0.301679  -0.10287  0.0049181  -0.10287  0.24098  0.0443595  0.0049181  0.0443595  0.169837
0.301687  -0.1028  0.00496794  -0.1028  0.240887  0.0443128  0.00496794  0.0443128  0.169878
0.301686  -0.102784  0.00496159  -0.102784  0.240869  0.044311  0.00496159  0.044311  0.169875
0.301693  -0.102721  0.00499377  -0.102721  0.240771  0.044267  0.00499377  0.044267  0.169895
0.301694  -0.102718  0.00500337  -0.102718  0.240767  0.0442621  0.00500337  0.0442621  0.169903
0.301696  -0.102696  0.00501623  -0.102696  0.240742  0.0442506  0.00501623  0.0442506  0.169915
0.301702  -0.102632  0.00504837  -0.102632  0.240644  0.0442066  0.00504837  0.0442066  0.169936
0.301702  -0.102616  0.00504202  -0.102616  0.240626  0.0442048  0.00504202  0.0442048  0.169933
0.301709  -0.102569  0.00508048  -0.102569  0.240547  0.0441627  0.00508048  0.0441627  0.169956
0.301708  -0.102553  0.00507414  -0.102553  0.240529  0.0441609  0.00507414  0.0441609  0.169953
0.301717  -0.102502  0.00512216  -0.102502  0.240446  0.044114  0.00512216  0.044114  0.169984
0.301718  -0.102499  0.00513175  -0.102499  0.240442  0.0441092  0.00513175  0.0441092  0.169992
0.301721  -0.102477  0.00514616  -0.102477  0.240404  0.0440906  0.00514616  0.0440906  0.17
0.301728  -0.102426  0.00519253  -0.102426  0.240333  0.0440509  0.00519253  0.0440509  0.170035
0.301728  -0.102426  0.00519253  -0.102426  0.240333  0.0440509  0.00519253  0.0440509  0.170035
0.301735  -0.102379  0.0052309  -0.102379  0.240254  0.044009  0.0052309  0.044009  0.170059
0.301735  -0.102379  0.0052309  -0.102379  0.240254  0.044009  0.0052309  0.044009  0.170059
0.301741  -0.102347  0.00527399  -0.102347  0.240204  0.043976  0.00527399  0.043976  0.17009
0.301742  -0.102347  0.00527559  -0.102347  0.240192  0.0439688  0.00527559  0.0439688  0.170085
0.301747  -0.102318  0.0053091  -0.102318  0.240147  0.0439407  0.0053091  0.0439407  0.170108
0.301747  -0.102318  0.0053091  -0.102318  0.240147  0.0439407  0.0053091  0.0439407  0.170108
0.301752  -0.102293  0.00533303  -0.102293  0.240105  0.0439174  0.00533303  0.0439174  0.170123
0.301752  -0.102293  0.00533303  -0.102293  0.240105  0.0439174  0.00533303  0.0439174  0.170123
0.301757  -0.102267  0.00535857  -0.102267  0.240052  0.0438869  0.00535857  0.0438869  0.170134
0.301757  -0.102267  0.00535857  -0.102267  0.240052  0.0438869  0.00535857  0.0438869  0.170134
0.301762  -0.102239  0.00539203  -0.102239  0.240006  0.0438588  0.00539203  0.0438588  0.170157
0.301765  -0.102217  0.00540639  -0.102217  0.239969  0.0438403  0.00540639  0.0438403  0.170165
0.301766  -0.102213  0.00541594  -0.102213  0.239965  0.0438356  0.00541594  0.0438356  0.170173
0.301767  -0.10221  0.00542548  -0.10221  0.239961  0.0438308  0.00542548  0.0438308  0.170181
0.301772  -0.102182  0.00545891  -0.102182  0.239916  0.0438028  0.00545891  0.0438028  0.170204
0.301777  -0.102172  0.00548914  -0.102172  0.239892  0.0437813  0.00548914  0.0437813  0.170222
0.301778  -0.102169  0.00549867  -0.102169  0.239888  0.0437765  0.00549867  0.0437765  0.17023
0.301781  -0.102147  0.00551302  -0.102147  0.23985  0.0437581  0.00551302  0.0437581  0.170238
0.301786  -0.102118  0.00554641  -0.102118  0.239805  0.0437301  0.00554641  0.0437301  0.170261
0.301786  -0.102118  0.00554641  -0.102118  0.239805  0.0437301  0.00554641  0.0437301  0.170261
0.30179  -0.102112  0.00556708  -0.102112  0.239785  0.0437134  0.00556708  0.0437134  0.170272
0.301795  -0.102083  0.00560046  -0.102083  0.23974  0.0436855  0.00560046  0.0436855  0.170296
0.301798  -0.102077  0.00562112  -0.102077  0.23972  0.0436689  0.00562112  0.0436689  0.170306
0.301799  -0.102077  0.00562275  -0.102077  0.239708  0.0436617  0.00562275  0.0436617  0.170301
0.301802  -0.10207  0.00564178  -0.10207  0.2397  0.0436522  0.00564178  0.0436522  0.170317
0.301807  -0.102045  0.00566724  -0.102045  0.239647  0.0436219  0.00566724  0.0436219  0.170327
0.30181  -0.102038  0.0056879  -0.102038  0.239627  0.0436052  0.0056879  0.0436052  0.170338
0.301811  -0.102035  0.00569741  -0.102035  0.239623  0.0436005  0.00569741  0.0436005  0.170346
0.301813  -0.102032  0.00570855  -0.102032  0.239607  0.0435885  0.00570855  0.0435885  0.170349
0.301818  -0.102022  0.00573871  -0.102022  0.239583  0.0435672  0.00573871  0.0435672  0.170367
0.301822  -0.102013  0.00576887  -0.102013  0.23956  0.0435458  0.00576887  0.0435458  0.170386
0.301822  -0.102013  0.00576887  -0.102013  0.23956  0.0435458  0.00576887  0.0435458  0.170386
0.301828  -0.102003  0.00580065  -0.102003  0.239524  0.0435173  0.00580065  0.0435173  0.170399
0.301828  -0.102003  0.00580065  -0.102003  0.239524  0.0435173  0.00580065  0.0435173  0.170399
0.301832  -0.102012  0.00582764  -0.102012  0.239521  0.0435024  0.00582764  0.0435024  0.170413
0.301832  -0.102012  0.00582764  -0.102012  0.239521  0.0435024  0.00582764  0.0435024  0.170413
0.301836  -0.102002  0.00585778  -0.102002  0.239498  0.043481  0.00585778  0.043481  0.170431
0.301836  -0.102002  0.00585778  -0.102002  0.239498  0.043481  0.00585778  0.043481  0.170431
0.30184  -0.102012  0.00588476  -0.102012  0.239495  0.0434661  0.00588476  0.0434661  0.170445
0.301841  -0.102012  0.00588641  -0.102012  0.239483  0.0434589  0.00588641  0.0434589  0.17044
0.301842  -0.102008  0.0058959  -0.102008  0.239479  0.0434542  0.0058959  0.0434542  0.170448
0.301844  -0.102005  0.00590704  -0.102005  0.239463  0.0434423  0.00590704  0.0434423  0.170451
0.301844  -0.102005  0.00590704  -0.102005  0.239463  0.0434423  0.00590704  0.0434423  0.170451
0.301848  -0.102014  0.00593403  -0.102014  0.239461  0.0434274  0.00593403  0.0434274  0.170464
0.301848  -0.102014  0.00593403  -0.102014  0.239461  0.0434274  0.00593403  0.0434274  0.170464
0.301851  -0.102008  0.00595466  -0.102008  0.239441  0.0434108  0.00595466  0.0434108  0.170475
0.301851  -0.102008  0.00595466  -0.102008  0.239441  0.0434108  0.00595466  0.0434108  0.170475
0.301852  -0.102005  0.00596415  -0.102005  0.239437  0.0434061  0.00596415  0.0434061  0.170483
0.301856  -0.102014  0.00599113  -0.102014  0.239435  0.0433912  0.00599113  0.0433912  0.170496
0.301856  -0.102014  0.00599113  -0.102014  0.239435  0.0433912  0.00599113  0.0433912  0.170496
0.301859  -0.102007  0.00601176  -0.102007  0.239415  0.0433746  0.00601176  0.0433746  0.170507
0.30186  -0.102004  0.00602124  -0.102004  0.239411  0.0433699  0.00602124  0.0433699  0.170515
0.301862  -0.102001  0.00603072  -0.102001  0.239408  0.0433652  0.00603072  0.0433652  0.170523
0.301865  -0.10201  0.0060577  -0.10201  0.239405  0.0433503  0.0060577  0.0433503  0.170536
0.301866  -0.10201  0.00605936  -0.10201  0.239393  0.0433431  0.00605936  0.0433431  0.170531
0.30187  -0.102004  0.00607997  -0.102004  0.239373  0.0433266  0.00607997  0.0433266  0.170542
0.30187  -0.102004  0.00607997  -0.102004  0.239373  0.0433266  0.00607997  0.0433266  0.170542
0.301874  -0.101994  0.00611007  -0.101994  0.23935  0.0433053  0.00611007  0.0433053  0.170561
0.301875  -0.10201  0.00611643  -0.10201  0.239367  0.043307  0.00611643  0.043307  0.170564
0.301879  -0.102003  0.0061387  -0.102003  0.239335  0.0432832  0.0061387  0.0432832  0.17057
0.30188  -0.102  0.00614818  -0.102  0.239331  0.0432785  0.00614818  0.0432785  0.170577
0.301881  -0.101997  0.00615765  -0.101997  0.239327  0.0432738  0.00615765  0.0432738  0.170585
0.301885  -0.10199  0.00617992  -0.10199  0.239295  0.0432501  0.00617992  0.0432501  0.170591
0.301887  -0.101987  0.00618939  -0.101987  0.239292  0.0432454  0.00618939  0.0432454  0.170599
0.301889  -0.101984  0.00620052  -0.101984  0.239276  0.0432335  0.00620052  0.0432335  0.170602
0.301893  -0.101974  0.00623059  -0.101974  0.239252  0.0432123  0.00623059  0.0432123  0.170621
0.301893  -0.101974  0.00623059  -0.101974  0.239252  0.0432123  0.00623059  0.0432123  0.170621
0.301899  -0.101964  0.00626232  -0.101964  0.239216  0.0431839  0.00626232  0.0431839  0.170635
0.301899  -0.101964  0.00626232  -0.101964  0.239216  0.0431839  0.00626232  0.0431839  0.170635
0.301906  -0.101967  0.00630988  -0.101967  0.239194  0.0431524  0.00630988  0.0431524  0.170659
0.301906  -0.101967  0.00630988  -0.101967  0.239194  0.0431524  0.00630988  0.0431524  0.170659
0.301908  -0.101964  0.00632101  -0.101964  0.239178  0.0431406  0.00632101  0.0431406  0.170662
0.301914  -0.101951  0.00636219  -0.101951  0.239138  0.0431075  0.00636219  0.0431075  0.170684
0.301915  -0.101951  0.00636386  -0.101951  0.239126  0.0431003  0.00636386  0.0431003  0.170679
0.30192  -0.101941  0.00639558  -0.101941  0.23909  0.0430719  0.00639558  0.0430719  0.170693
0.301922  -0.101938  0.00640503  -0.101938  0.239087  0.0430673  0.00640503  0.0430673  0.170701
0.301924  -0.101934  0.00641616  -0.101934  0.239071  0.0430554  0.00641616  0.0430554  0.170704
0.301932  -0.101937  0.00646538  -0.101937  0.239036  0.0430169  0.00646538  0.0430169  0.170723
0.301933  -0.101934  0.00647483  -0.101934  0.239033  0.0430122  0.00647483  0.0430122  0.170731
0.301939  -0.101924  0.00650822  -0.101924  0.238985  0.0429767  0.00650822  0.0429767  0.17074
0.30194  -0.101921  0.00651767  -0.101921  0.238981  0.042972  0.00651767  0.042972  0.170748
0.301948  -0.101923  0.00656688  -0.101923  0.238947  0.0429335  0.00656688  0.0429335  0.170768
0.301949  -0.101923  0.00656858  -0.101923  0.238934  0.0429263  0.00656858  0.0429263  0.170763
0.301952  -0.101916  0.00658915  -0.101916  0.238915  0.0429098  0.00658915  0.0429098  0.170774
0.30196  -0.101903  0.00663198  -0.101903  0.238863  0.0428697  0.00663198  0.0428697  0.170791
0.301962  -0.1019  0.00664311  -0.1019  0.238847  0.0428578  0.00664311  0.0428578  0.170794
0.30197  -0.101902  0.00669233  -0.101902  0.238813  0.0428193  0.00669233  0.0428193  0.170814
0.301972  -0.101899  0.00670346  -0.101899  0.238797  0.0428075  0.00670346  0.0428075  0.170817
0.301979  -0.101886  0.00674629  -0.101886  0.238745  0.0427674  0.00674629  0.0427674  0.170834
0.301981  -0.101883  0.00675742  -0.101883  0.238729  0.0427556  0.00675742  0.0427556  0.170837
0.301984  -0.101879  0.00677027  -0.101879  0.238701  0.0427366  0.00677027  0.0427366  0.170835
0.301994  -0.101878  0.00683062  -0.101878  0.238651  0.0426863  0.00683062  0.0426863  0.170858
0.301994  -0.101878  0.00683062  -0.101878  0.238651  0.0426863  0.00683062  0.0426863  0.170858
0.302003  -0.101881  0.00688157  -0.101881  0.238604  0.0426407  0.00688157  0.0426407  0.170873
0.302004  -0.101877  0.00689098  -0.101877  0.238601  0.0426361  0.00689098  0.0426361  0.170881
0.302013  -0.101879  0.00694366  -0.101879  0.238542  0.0425832  0.00694366  0.0425832  0.170891
0.302015  -0.101876  0.00695307  -0.101876  0.238538  0.0425786  0.00695307  0.0425786  0.170899
0.302024  -0.101878  0.00700576  -0.101878  0.23848  0.0425258  0.00700576  0.0425258  0.170909
0.302025  -0.101875  0.00701517  -0.101875  0.238476  0.0425212  0.00701517  0.0425212  0.170917
0.302029  -0.101887  0.00703445  -0.101887  0.238465  0.0425038  0.00703445  0.0425038  0.170918
0.302039  -0.101886  0.00709658  -0.101886  0.238403  0.0424464  0.00709658  0.0424464  0.170936
0.302039  -0.101886  0.00709658  -0.101886  0.238403  0.0424464  0.00709658  0.0424464  0.170936
0.302051  -0.101901  0.00716513  -0.101901  0.238358  0.0423906  0.00716513  0.0423906  0.170958
0.302052  -0.101897  0.00717452  -0.101897  0.238354  0.042386  0.00717452  0.042386  0.170966
0.302062  -0.101899  0.00722903  -0.101899  0.238284  0.0423261  0.00722903  0.0423261  0.170971
0.302064  -0.101912  0.00724484  -0.101912  0.238297  0.042323  0.00724484  0.042323  0.170982
0.302075  -0.10191  0.00730878  -0.10191  0.238223  0.0422585  0.00730878  0.0422585  0.170995
0.302075  -0.10191  0.00730878  -0.10191  0.238223  0.0422585  0.00730878  0.0422585  0.170995
0.30208  -0.101919  0.0073375  -0.101919  0.238208  0.0422365  0.0073375  0.0422365  0.171005
0.302092  -0.101934  0.0074079  -0.101934  0.238151  0.0421735  0.0074079  0.0421735  0.171021
0.302092  -0.101934  0.0074079  -0.101934  0.238151  0.0421735  0.0074079  0.0421735  0.171021
0.302103  -0.101932  0.00747012  -0.101932  0.238089  0.0421162  0.00747012  0.0421162  0.17104
0.302104  -0.101948  0.00747833  -0.101948  0.238094  0.0421105  0.00747833  0.0421105  0.171038
0.302116  -0.101943  0.00754994  -0.101943  0.238028  0.0420486  0.00754994  0.0420486  0.171065
0.302117  -0.101943  0.00755173  -0.101943  0.238016  0.0420414  0.00755173  0.0420414  0.17106
0.302131  -0.101951  0.00764096  -0.101951  0.237952  0.0419693  0.00764096  0.0419693  0.171093
0.302131  -0.101951  0.00764096  -0.101951  0.237952  0.0419693  0.00764096  0.0419693  0.171093
0.302145  -0.101943  0.00772376  -0.101943  0.23787  0.0418957  0.00772376  0.0418957  0.171123
0.302147  -0.10194  0.00773313  -0.10194  0.237866  0.0418912  0.00773313  0.0418912  0.171131
0.302151  -0.101948  0.00776191  -0.101948  0.237852  0.0418692  0.00776191  0.0418692  0.171141
0.302164  -0.101944  0.00783536  -0.101944  0.237774  0.0418002  0.00783536  0.0418002  0.171163
0.302165  -0.10194  0.00784472  -0.10194  0.23777  0.0417957  0.00784472  0.0417957  0.171171
0.302177  -0.101936  0.00791636  -0.101936  0.237704  0.0417339  0.00791636  0.0417339  0.171199
0.302179  -0.101932  0.00792753  -0.101932  0.237688  0.0417222  0.00792753  0.0417222  0.171202
0.302193  -0.101924  0.00801035  -0.101924  0.237606  0.0416487  0.00801035  0.0416487  0.171233
0.302193  -0.101924  0.00801035  -0.101924  0.237606  0.0416487  0.00801035  0.0416487  0.171233
0.302208  -0.101913  0.00810252  -0.101913  0.237521  0.0415708  0.00810252  0.0415708  0.171272
0.302209  -0.101928  0.00811082  -0.101928  0.237526  0.041565  0.00811082  0.041565  0.17127
0.302215  -0.101918  0.0081425  -0.101918  0.237491  0.0415371  0.0081425  0.0415371  0.171285
0.302229  -0.10191  0.00822534  -0.10191  0.237409  0.0414637  0.00822534  0.0414637  0.171316
0.302231  -0.101906  0.00823651  -0.101906  0.237393  0.041452  0.00823651  0.041452  0.171319
0.302247  -0.101892  0.008338  -0.101892  0.237304  0.0413697  0.008338  0.0413697  0.171367
0.302249  -0.101888  0.00834917  -0.101888  0.237288  0.041358  0.00834917  0.041358  0.17137
0.302255  -0.101894  0.00838731  -0.101894  0.23727  0.0413316  0.00838731  0.0413316  0.171388
0.30227  -0.101882  0.00847947  -0.101882  0.237185  0.0412538  0.00847947  0.0412538  0.171428
0.302271  -0.101879  0.00848878  -0.101879  0.237181  0.0412493  0.00848878  0.0412493  0.171436
0.302285  -0.101871  0.00857161  -0.101871  0.2371  0.0411762  0.00857161  0.0411762  0.171467
0.302295  -0.101866  0.0086414  -0.101866  0.237046  0.0411219  0.0086414  0.0411219  0.171501
0.302295  -0.101866  0.0086414  -0.101866  0.237046  0.0411219  0.0086414  0.0411219  0.171501
0.30231  -0.101854  0.00873353  -0.101854  0.236961  0.0410443  0.00873353  0.0410443  0.171541
0.302312  -0.101851  0.00874283  -0.101851  0.236957  0.0410399  0.00874283  0.0410399  0.171549
0.302326  -0.10184  0.00883494  -0.10184  0.236872  0.0409624  0.00883494  0.0409624  0.171589
0.302327  -0.101839  0.00883683  -0.101839  0.23686  0.0409552  0.00883683  0.0409552  0.171584
0.302342  -0.101828  0.00892895  -0.101828  0.236775  0.0408777  0.00892895  0.0408777  0.171625
0.302343  -0.101824  0.00893823  -0.101824  0.236771  0.0408733  0.00893823  0.0408733  0.171633
0.302358  -0.101813  0.00903033  -0.101813  0.236686  0.0407959  0.00903033  0.0407959  0.171674
0.30236  -0.101809  0.00904151  -0.101809  0.236671  0.0407843  0.00904151  0.0407843  0.171677
0.302376  -0.101794  0.00914287  -0.101794  0.236582  0.0407025  0.00914287  0.0407025  0.171726
0.302376  -0.101794  0.00914287  -0.101794  0.236582  0.0407025  0.00914287  0.0407025  0.171726
0.302391  -0.101782  0.00923495  -0.101782  0.236497  0.0406253  0.00923495  0.0406253  0.171767
0.302392  -0.101779  0.00924421  -0.101779  0.236494  0.0406208  0.00924421  0.0406208  0.171775
0.302407  -0.101751  0.00932976  -0.101751  0.236391  0.0405423  0.00932976  0.0405423  0.171813
0.302407  -0.101751  0.00932976  -0.101751  0.236391  0.0405423  0.00932976  0.0405423  0.171813
0.302425  -0.101727  0.00945682  -0.101727  0.236304  0.0404548  0.00945682  0.0404548  0.171893
0.302427  -0.101724  0.009468  -0.101724  0.236289  0.0404432  0.009468  0.0404432  0.171897
0.302435  -0.101707  0.00951803  -0.101707  0.236246  0.0404068  0.00951803  0.0404068  0.171929
0.302451  -0.101654  0.00962267  -0.101654  0.236128  0.0403212  0.00962267  0.0403212  0.171994
0.302453  -0.101651  0.00963384  -0.101651  0.236113  0.0403096  0.00963384  0.0403096  0.171998
0.302471  -0.101613  0.00974688  -0.101613  0.236  0.0402184  0.00974688  0.0402184  0.172062
0.302472  -0.10161  0.00975609  -0.10161  0.235996  0.040214  0.00975609  0.040214  0.172071
0.302494  -0.101563  0.0098986  -0.101563  0.235861  0.0401026  0.0098986  0.0401026  0.172155
0.302496  -0.10156  0.00990975  -0.10156  0.235845  0.040091  0.00990975  0.040091  0.172159
0.302504  -0.101524  0.00996228  -0.101524  0.235782  0.0400493  0.00996228  0.0400493  0.172197
0.302523  -0.101481  0.0100915  -0.101481  0.235675  0.0399569  0.0100915  0.0399569  0.172284
0.302524  -0.101478  0.0101006  -0.101478  0.235672  0.0399526  0.0101006  0.0399526  0.172292
0.302543  -0.101419  0.0102231  -0.101419  0.235547  0.0398592  0.0102231  0.0398592  0.172376
0.302545  -0.101415  0.0102343  -0.101415  0.235532  0.0398477  0.0102343  0.0398477  0.17238
0.302564  -0.101353  0.0103658  -0.101353  0.235404  0.0397502  0.0103658  0.0397502  0.172472
0.302568  -0.101346  0.010386  -0.101346  0.235385  0.0397344  0.010386  0.0397344  0.172485
0.302575  -0.101327  0.0104429  -0.101327  0.235352  0.0397014  0.0104429  0.0397014  0.172532
0.302595  -0.101265  0.0105741  -0.101265  0.235224  0.0396043  0.0105741  0.0396043  0.172625
0.302597  -0.101261  0.0105852  -0.101261  0.235209  0.0395928  0.0105852  0.0395928  0.172628
0.302604  -0.101245  0.0106328  -0.101245  0.235179  0.0395643  0.0106328  0.0395643  0.172667
0.302622  -0.101187  0.0107527  -0.101187  0.235068  0.0394789  0.0107527  0.0394789  0.172757
0.302624  -0.101183  0.0107638  -0.101183  0.235052  0.0394675  0.0107638  0.0394675  0.17276
0.302642  -0.101144  0.010881  -0.101144  0.234962  0.0393878  0.010881  0.0393878  0.172845
0.302642  -0.101125  0.0108835  -0.101125  0.234941  0.0393824  0.0108835  0.0393824  0.172851
0.302662  -0.101079  0.0110188  -0.101079  0.234844  0.0392944  0.0110188  0.0392944  0.172953
0.302664  -0.101057  0.0110303  -0.101057  0.23482  0.0392848  0.0110303  0.0392848  0.172967
0.302683  -0.100999  0.0111497  -0.100999  0.234709  0.0392001  0.0111497  0.0392001  0.173058
0.302684  -0.100996  0.0111588  -0.100996  0.234706  0.0391959  0.0111588  0.0391959  0.173067
0.302706  -0.100931  0.0112981  -0.100931  0.234576  0.0390958  0.0112981  0.0390958  0.173171
0.302707  -0.100928  0.0113072  -0.100928  0.234573  0.0390916  0.0113072  0.0390916  0.173179
0.302715  -0.100911  0.0113565  -0.100911  0.234532  0.0390564  0.0113565  0.0390564  0.173213
0.302737  -0.100846  0.0114976  -0.100846  0.23439  0.0389496  0.0114976  0.0389496  0.173313
0.302738  -0.100842  0.0115066  -0.100842  0.234387  0.0389454  0.0115066  0.0389454  0.173322
0.302759  -0.100762  0.0116389  -0.100762  0.234241  0.0388449  0.0116389  0.0388449  0.173423
0.302761  -0.100758  0.01165  -0.100758  0.234225  0.0388336  0.01165  0.0388336  0.173427
0.302786  -0.100687  0.0118067  -0.100687  0.23409  0.0387263  0.0118067  0.0387263  0.17355
0.302789  -0.100681  0.0118246  -0.100681  0.234083  0.038718  0.0118246  0.038718  0.173568
0.302797  -0.100646  0.0118761  -0.100646  0.234022  0.0386778  0.0118761  0.0386778  0.173608
0.302819  -0.100563  0.0120147  -0.100563  0.233885  0.0385812  0.0120147  0.0385812  0.173724
0.302821  -0.100559  0.0120257  -0.100559  0.23387  0.0385699  0.0120257  0.0385699  0.173728
0.30283  -0.10054  0.0120816  -0.10054  0.233838  0.0385382  0.0120816  0.0385382  0.173776
0.302855  -0.100453  0.012233  -0.100453  0.233674  0.0384236  0.012233  0.0384236  0.173892
0.302856  -0.10045  0.0122419  -0.10045  0.233671  0.0384195  0.0122419  0.0384195  0.173901
0.302877  -0.100372  0.0123663  -0.100372  0.233518  0.0383175  0.0123663  0.0383175  0.173991
0.302878  -0.100369  0.0123752  -0.100369  0.233514  0.0383135  0.0123752  0.0383135  0.174
0.302904  -0.100264  0.0125285  -0.100264  0.233331  0.0381945  0.0125285  0.0381945  0.174122
0.302909  -0.100254  0.0125573  -0.100254  0.233309  0.0381753  0.0125573  0.0381753  0.174144
0.302919  -0.100216  0.0126172  -0.100216  0.233245  0.0381317  0.0126172  0.0381317  0.174194
0.302946  -0.100107  0.0127788  -0.100107  0.233059  0.0380094  0.0127788  0.0380094  0.174326
0.302948  -0.100104  0.0127877  -0.100104  0.233056  0.0380054  0.0127877  0.0380054  0.174335
0.302978  -0.0999896  0.0129667  -0.0999896  0.232865  0.0378757  0.0129667  0.0378757  0.174486
0.30298  -0.0999859  0.0129777  -0.0999859  0.232849  0.0378646  0.0129777  0.0378646  0.17449
0.30301  -0.0998567  0.0131476  -0.0998567  0.232654  0.0377415  0.0131476  0.0377415  0.174643
0.303032  -0.0997776  0.0132752  -0.0997776  0.232524  0.0376518  0.0132752  0.0376518  0.174754
0.303034  -0.0997746  0.013284  -0.0997746  0.23252  0.0376479  0.013284  0.0376479  0.174763
0.303047  -0.099715  0.0133544  -0.099715  0.232434  0.0375963  0.0133544  0.0375963  0.174829
0.303075  -0.0995922  0.0135057  -0.0995922  0.232246  0.0374823  0.0135057  0.0374823  0.174965
0.303076  -0.0995884  0.0135167  -0.0995884  0.232231  0.0374713  0.0135167  0.0374713  0.174969
0.303101  -0.0994725  0.013648  -0.0994725  0.232062  0.0373728  0.013648  0.0373728  0.175092
0.303104  -0.0994658  0.0136676  -0.0994658  0.232044  0.0373579  0.0136676  0.0373579  0.175106
0.303131  -0.099347  0.0138074  -0.099347  0.231872  0.0372559  0.0138074  0.0372559  0.175238
0.303132  -0.099344  0.0138161  -0.099344  0.231869  0.0372521  0.0138161  0.0372521  0.175247
0.30316  -0.0992062  0.0139598  -0.0992062  0.231667  0.0371387  0.0139598  0.0371387  0.175381
0.303162  -0.0992032  0.0139685  -0.0992032  0.231664  0.0371349  0.0139685  0.0371349  0.175391
0.30319  -0.0990671  0.0141075  -0.0990671  0.231486  0.0370363  0.0141075  0.0370363  0.175535
0.303193  -0.0990449  0.0141204  -0.0990449  0.231451  0.0370206  0.0141204  0.0370206  0.175545
0.303205  -0.0990051  0.0141855  -0.0990051  0.231398  0.0369821  0.0141855  0.0369821  0.175611
0.303235  -0.0988656  0.0143348  -0.0988656  0.231206  0.0368734  0.0143348  0.0368734  0.175761
0.303239  -0.0988597  0.0143521  -0.0988597  0.2312  0.0368658  0.0143521  0.0368658  0.17578
0.303271  -0.0987176  0.0145096  -0.0987176  0.231006  0.0367539  0.0145096  0.0367539  0.175939
0.303273  -0.0987147  0.0145182  -0.0987147  0.231003  0.0367501  0.0145182  0.0367501  0.175948
0.303308  -0.0985708  0.0146817  -0.0985708  0.230818  0.0366422  0.0146817  0.0366422  0.176123
0.303309  -0.0985679  0.0146903  -0.0985679  0.230815  0.0366384  0.0146903  0.0366384  0.176132
0.30334  -0.0983991  0.0148227  -0.0983991  0.230605  0.0365369  0.0148227  0.0365369  0.176281
0.303342  -0.0983962  0.0148313  -0.0983962  0.230602  0.0365332  0.0148313  0.0365332  0.176291
0.303375  -0.0982095  0.0149652  -0.0982095  0.230374  0.0364277  0.0149652  0.0364277  0.176446
0.303395  -0.0980933  0.0150479  -0.0980933  0.230231  0.0363616  0.0150479  0.0363616  0.176542
0.303399  -0.0980875  0.0150651  -0.0980875  0.230225  0.0363543  0.0150651  0.0363543  0.176561
0.303412  -0.0980175  0.0151159  -0.0980175  0.230141  0.0363155  0.0151159  0.0363155  0.176621
0.303446  -0.0978479  0.0152533  -0.0978479  0.229943  0.0362192  0.0152533  0.0362192  0.176787
0.303448  -0.0978296  0.0152552  -0.0978296  0.229924  0.0362148  0.0152552  0.0362148  0.176792
0.303485  -0.0976576  0.0154006  -0.0976576  0.229724  0.0361155  0.0154006  0.0361155  0.176968
0.303488  -0.0976356  0.0154132  -0.0976356  0.22969  0.0361005  0.0154132  0.0361005  0.176978
0.303533  -0.097422  0.0155788  -0.097422  0.229448  0.0359861  0.0155788  0.0359861  0.177186
0.303534  -0.0974192  0.0155873  -0.0974192  0.229445  0.0359825  0.0155873  0.0359825  0.177195
0.303576  -0.0971965  0.0157286  -0.0971965  0.229194  0.0358754  0.0157286  0.0358754  0.177381
0.30358  -0.0971909  0.0157456  -0.0971909  0.229188  0.0358683  0.0157456  0.0358683  0.1774
0.303621  -0.0969726  0.0158756  -0.0969726  0.228953  0.0357726  0.0158756  0.0357726  0.177581
0.303624  -0.0969507  0.015888  -0.0969507  0.22892  0.0357578  0.015888  0.0357578  0.177592
0.303642  -0.0968465  0.0159391  -0.0968465  0.228813  0.035719  0.0159391  0.035719  0.177671
0.303684  -0.0966127  0.016064  -0.0966127  0.228553  0.0356166  0.016064  0.0356166  0.177844
0.303687  -0.0965919  0.0160741  -0.0965919  0.228532  0.0356089  0.0160741  0.0356089  0.17786
0.303734  -0.0963533  0.0162151  -0.0963533  0.228268  0.0355005  0.0162151  0.0355005  0.178054
0.303736  -0.0963353  0.0162169  -0.0963353  0.22825  0.0354963  0.0162169  0.0354963  0.17806
0.303784  -0.0960974  0.0163572  -0.0960974  0.227987  0.0353889  0.0163572  0.0353889  0.178255
0.303789  -0.0960588  0.016369  -0.0960588  0.227948  0.0353772  0.016369  0.0353772  0.178277
0.303809  -0.0959697  0.016428  -0.0959697  0.227848  0.0353334  0.016428  0.0353334  0.178356
0.303865  -0.0957246  0.0165923  -0.0957246  0.22758  0.0352172  0.0165923  0.0352172  0.178581
0.303869  -0.095704  0.0166023  -0.095704  0.227559  0.0352098  0.0166023  0.0352098  0.178597
0.303925  -0.0954586  0.0167679  -0.0954586  0.227281  0.0350878  0.0167679  0.0350878  0.178819
0.303931  -0.0954355  0.0167861  -0.0954355  0.227258  0.0350771  0.0167861  0.0350771  0.178845
0.303954  -0.0953444  0.0168527  -0.0953444  0.227156  0.035031  0.0168527  0.035031  0.178934
0.304009  -0.0951216  0.0170051  -0.0951216  0.226913  0.0349248  0.0170051  0.0349248  0.179146
0.304047  -0.0949658  0.0171111  -0.0949658  0.226737  0.0348475  0.0171111  0.0348475  0.17929
