0.309047  -0.14834  -0.0463079  -0.14834  0.313257  0.0940578  -0.0463079  0.0940578  0.161883
0.309047  -0.14834  -0.0463079  -0.14834  0.313257  0.0940578  -0.0463079  0.0940578  0.161883
0.30906  -0.148346  -0.0463099  -0.148346  0.313244  0.09405  -0.0463099  0.09405  0.161879
0.30906  -0.148346  -0.0463099  -0.148346  0.313244  0.09405  -0.0463099  0.09405  0.161879
0.309064  -0.148369  -0.0463041  -0.148369  0.313278  0.0940566  -0.0463041  0.0940566  0.161879
0.309064  -0.148369  -0.0463041  -0.148369  0.313278  0.0940566  -0.0463041  0.0940566  0.161879
0.309074  -0.1484  -0.0463159  -0.1484  0.313324  0.0940777  -0.0463159  0.0940777  0.161882
0.309091  -0.148429  -0.0463122  -0.148429  0.313345  0.0940765  -0.0463122  0.0940765  0.161878
0.309091  -0.148429  -0.0463122  -0.148429  0.313345  0.0940765  -0.0463122  0.0940765  0.161878
0.3091  -0.148459  -0.0463239  -0.148459  0.313391  0.0940976  -0.0463239  0.0940976  0.161882
0.3091  -0.148459  -0.0463239  -0.148459  0.313391  0.0940976  -0.0463239  0.0940976  0.161882
0.309117  -0.148489  -0.0463202  -0.148489  0.313412  0.0940964  -0.0463202  0.0940964  0.161877
0.30913  -0.148495  -0.0463222  -0.148495  0.313399  0.0940885  -0.0463222  0.0940885  0.161873
0.30913  -0.148495  -0.0463222  -0.148495  0.313399  0.0940885  -0.0463222  0.0940885  0.161873
0.309147  -0.148525  -0.0463185  -0.148525  0.31342  0.0940873  -0.0463185  0.0940873  0.161868
0.309147  -0.148525  -0.0463185  -0.148525  0.31342  0.0940873  -0.0463185  0.0940873  0.161868
0.309164  -0.148554  -0.0463148  -0.148554  0.313442  0.0940861  -0.0463148  0.0940861  0.161864
0.309176  -0.148561  -0.0463168  -0.148561  0.313429  0.0940783  -0.0463168  0.0940783  0.16186
0.309176  -0.148561  -0.0463168  -0.148561  0.313429  0.0940783  -0.0463168  0.0940783  0.16186
0.309193  -0.14859  -0.046313  -0.14859  0.31345  0.0940771  -0.046313  0.0940771  0.161855
0.309193  -0.14859  -0.046313  -0.14859  0.31345  0.0940771  -0.046313  0.0940771  0.161855
0.309223  -0.148626  -0.0463113  -0.148626  0.313459  0.094068  -0.0463113  0.094068  0.161846
0.309223  -0.148626  -0.0463113  -0.148626  0.313459  0.094068  -0.0463113  0.094068  0.161846
0.30924  -0.148655  -0.0463076  -0.148655  0.31348  0.0940668  -0.0463076  0.0940668  0.161842
0.309253  -0.148662  -0.0463096  -0.148662  0.313468  0.0940589  -0.0463096  0.0940589  0.161838
0.309253  -0.148662  -0.0463096  -0.148662  0.313468  0.0940589  -0.0463096  0.0940589  0.161838
0.309257  -0.148684  -0.0463039  -0.148684  0.313502  0.0940656  -0.0463039  0.0940656  0.161838
0.30927  -0.148691  -0.0463059  -0.148691  0.313489  0.0940577  -0.0463059  0.0940577  0.161833
0.309274  -0.148714  -0.0463001  -0.148714  0.313523  0.0940643  -0.0463001  0.0940643  0.161833
0.309291  -0.148743  -0.0462964  -0.148743  0.313544  0.0940631  -0.0462964  0.0940631  0.161829
0.309291  -0.148743  -0.0462964  -0.148743  0.313544  0.0940631  -0.0462964  0.0940631  0.161829
0.309308  -0.148772  -0.0462927  -0.148772  0.313566  0.0940619  -0.0462927  0.0940619  0.161824
0.309308  -0.148772  -0.0462927  -0.148772  0.313566  0.0940619  -0.0462927  0.0940619  0.161824
0.309321  -0.148779  -0.0462947  -0.148779  0.313553  0.094054  -0.0462947  0.094054  0.16182
0.309321  -0.148779  -0.0462947  -0.148779  0.313553  0.094054  -0.0462947  0.094054  0.16182
0.309325  -0.148802  -0.046289  -0.148802  0.313587  0.0940607  -0.046289  0.0940607  0.16182
0.309338  -0.148808  -0.046291  -0.148808  0.313574  0.0940528  -0.046291  0.0940528  0.161816
0.309338  -0.148808  -0.046291  -0.148808  0.313574  0.0940528  -0.046291  0.0940528  0.161816
0.309355  -0.148838  -0.0462872  -0.148838  0.313596  0.0940516  -0.0462872  0.0940516  0.161811
0.309349  -0.14883  -0.0462697  -0.14883  0.313584  0.0940371  -0.0462697  0.0940371  0.161807
0.309349  -0.14883  -0.0462697  -0.14883  0.313584  0.0940371  -0.0462697  0.0940371  0.161807
0.309362  -0.148836  -0.0462717  -0.148836  0.313571  0.0940292  -0.0462717  0.0940292  0.161803
0.309362  -0.148836  -0.0462717  -0.148836  0.313571  0.0940292  -0.0462717  0.0940292  0.161803
0.309379  -0.148866  -0.046268  -0.148866  0.313593  0.094028  -0.046268  0.094028  0.161799
0.309379  -0.148866  -0.046268  -0.148866  0.313593  0.094028  -0.046268  0.094028  0.161799
0.309379  -0.148866  -0.046268  -0.148866  0.313593  0.094028  -0.046268  0.094028  0.161799
0.309391  -0.148887  -0.0462467  -0.148887  0.313602  0.0940123  -0.0462467  0.0940123  0.16179
0.309391  -0.148887  -0.0462467  -0.148887  0.313602  0.0940123  -0.0462467  0.0940123  0.16179
0.309391  -0.148887  -0.0462467  -0.148887  0.313602  0.0940123  -0.0462467  0.0940123  0.16179
0.309404  -0.148894  -0.0462487  -0.148894  0.313589  0.0940044  -0.0462487  0.0940044  0.161786
0.309404  -0.148894  -0.0462487  -0.148894  0.313589  0.0940044  -0.0462487  0.0940044  0.161786
0.309408  -0.148916  -0.046243  -0.148916  0.313623  0.0940111  -0.046243  0.0940111  0.161786
0.309408  -0.148916  -0.046243  -0.148916  0.313623  0.0940111  -0.046243  0.0940111  0.161786
0.309408  -0.148916  -0.046243  -0.148916  0.313623  0.0940111  -0.046243  0.0940111  0.161786
0.309421  -0.148923  -0.046245  -0.148923  0.313611  0.0940032  -0.046245  0.0940032  0.161782
0.309421  -0.148923  -0.046245  -0.148923  0.313611  0.0940032  -0.046245  0.0940032  0.161782
0.309421  -0.148923  -0.046245  -0.148923  0.313611  0.0940032  -0.046245  0.0940032  0.161782
0.309421  -0.148923  -0.046245  -0.148923  0.313611  0.0940032  -0.046245  0.0940032  0.161782
0.309421  -0.148923  -0.046245  -0.148923  0.313611  0.0940032  -0.046245  0.0940032  0.161782
0.309421  -0.148923  -0.046245  -0.148923  0.313611  0.0940032  -0.046245  0.0940032  0.161782
0.309421  -0.148923  -0.046245  -0.148923  0.313611  0.0940032  -0.046245  0.0940032  0.161782
0.309421  -0.148923  -0.046245  -0.148923  0.313611  0.0940032  -0.046245  0.0940032  0.161782
0.309421  -0.148923  -0.046245  -0.148923  0.313611  0.0940032  -0.046245  0.0940032  0.161782
0.309421  -0.148923  -0.046245  -0.148923  0.313611  0.0940032  -0.046245  0.0940032  0.161782
0.309421  -0.148923  -0.046245  -0.148923  0.313611  0.0940032  -0.046245  0.0940032  0.161782
0.309421  -0.148923  -0.046245  -0.148923  0.313611  0.0940032  -0.046245  0.0940032  0.161782
0.309426  -0.148931  -0.0462625  -0.148931  0.313623  0.0940177  -0.0462625  0.0940177  0.161785
0.309426  -0.148931  -0.0462625  -0.148931  0.313623  0.0940177  -0.0462625  0.0940177  0.161785
0.309426  -0.148931  -0.0462625  -0.148931  0.313623  0.0940177  -0.0462625  0.0940177  0.161785
0.309426  -0.148931  -0.0462625  -0.148931  0.313623  0.0940177  -0.0462625  0.0940177  0.161785
0.309426  -0.148931  -0.0462625  -0.148931  0.313623  0.0940177  -0.0462625  0.0940177  0.161785
0.309425  -0.148946  -0.0462393  -0.148946  0.313644  0.0940098  -0.0462393  0.0940098  0.161782
0.309425  -0.148946  -0.0462393  -0.148946  0.313644  0.0940098  -0.0462393  0.0940098  0.161782
0.309425  -0.148946  -0.0462393  -0.148946  0.313644  0.0940098  -0.0462393  0.0940098  0.161782
0.309425  -0.148946  -0.0462393  -0.148946  0.313644  0.0940098  -0.0462393  0.0940098  0.161782
0.309425  -0.148946  -0.0462393  -0.148946  0.313644  0.0940098  -0.0462393  0.0940098  0.161782
0.309425  -0.148946  -0.0462393  -0.148946  0.313644  0.0940098  -0.0462393  0.0940098  0.161782
0.309425  -0.148946  -0.0462393  -0.148946  0.313644  0.0940098  -0.0462393  0.0940098  0.161782
0.309425  -0.148946  -0.0462393  -0.148946  0.313644  0.0940098  -0.0462393  0.0940098  0.161782
0.30942  -0.148938  -0.0462218  -0.148938  0.313632  0.0939953  -0.0462218  0.0939953  0.161778
0.30942  -0.148938  -0.0462218  -0.148938  0.313632  0.0939953  -0.0462218  0.0939953  0.161778
0.30942  -0.148938  -0.0462218  -0.148938  0.313632  0.0939953  -0.0462218  0.0939953  0.161778
0.30942  -0.148938  -0.0462218  -0.148938  0.313632  0.0939953  -0.0462218  0.0939953  0.161778
0.309414  -0.148929  -0.0462043  -0.148929  0.31362  0.0939809  -0.0462043  0.0939809  0.161774
0.309414  -0.148929  -0.0462043  -0.148929  0.31362  0.0939809  -0.0462043  0.0939809  0.161774
0.309402  -0.148923  -0.0462023  -0.148923  0.313633  0.0939887  -0.0462023  0.0939887  0.161778
0.309396  -0.148915  -0.0461848  -0.148915  0.313621  0.0939742  -0.0461848  0.0939742  0.161775
0.309396  -0.148915  -0.0461848  -0.148915  0.313621  0.0939742  -0.0461848  0.0939742  0.161775
0.309396  -0.148915  -0.0461848  -0.148915  0.313621  0.0939742  -0.0461848  0.0939742  0.161775
0.309396  -0.148915  -0.0461848  -0.148915  0.313621  0.0939742  -0.0461848  0.0939742  0.161775
0.309391  -0.148906  -0.0461673  -0.148906  0.313609  0.0939598  -0.0461673  0.0939598  0.161771
0.309391  -0.148906  -0.0461673  -0.148906  0.313609  0.0939598  -0.0461673  0.0939598  0.161771
0.309391  -0.148906  -0.0461673  -0.148906  0.313609  0.0939598  -0.0461673  0.0939598  0.161771
0.309391  -0.148906  -0.0461673  -0.148906  0.313609  0.0939598  -0.0461673  0.0939598  0.161771
0.309391  -0.148906  -0.0461673  -0.148906  0.313609  0.0939598  -0.0461673  0.0939598  0.161771
0.309391  -0.148906  -0.0461673  -0.148906  0.313609  0.0939598  -0.0461673  0.0939598  0.161771
0.309391  -0.148906  -0.0461673  -0.148906  0.313609  0.0939598  -0.0461673  0.0939598  0.161771
0.309391  -0.148906  -0.0461673  -0.148906  0.313609  0.0939598  -0.0461673  0.0939598  0.161771
0.309391  -0.148906  -0.0461673  -0.148906  0.313609  0.0939598  -0.0461673  0.0939598  0.161771
0.309391  -0.148906  -0.0461673  -0.148906  0.313609  0.0939598  -0.0461673  0.0939598  0.161771
0.309391  -0.148906  -0.0461673  -0.148906  0.313609  0.0939598  -0.0461673  0.0939598  0.161771
0.309396  -0.148915  -0.0461848  -0.148915  0.313621  0.0939742  -0.0461848  0.0939742  0.161775
0.309396  -0.148915  -0.0461848  -0.148915  0.313621  0.0939742  -0.0461848  0.0939742  0.161775
0.309396  -0.148915  -0.0461848  -0.148915  0.313621  0.0939742  -0.0461848  0.0939742  0.161775
0.309396  -0.148915  -0.0461848  -0.148915  0.313621  0.0939742  -0.0461848  0.0939742  0.161775
0.309396  -0.148915  -0.0461848  -0.148915  0.313621  0.0939742  -0.0461848  0.0939742  0.161775
0.309396  -0.148915  -0.0461848  -0.148915  0.313621  0.0939742  -0.0461848  0.0939742  0.161775
0.309396  -0.148915  -0.0461848  -0.148915  0.313621  0.0939742  -0.0461848  0.0939742  0.161775
0.309401  -0.148937  -0.046179  -0.148937  0.313655  0.0939808  -0.046179  0.0939808  0.161775
0.309413  -0.148944  -0.046181  -0.148944  0.313642  0.093973  -0.046181  0.093973  0.16177
0.309413  -0.148944  -0.046181  -0.148944  0.313642  0.093973  -0.046181  0.093973  0.16177
0.309413  -0.148944  -0.046181  -0.148944  0.313642  0.093973  -0.046181  0.093973  0.16177
0.309413  -0.148944  -0.046181  -0.148944  0.313642  0.093973  -0.046181  0.093973  0.16177
0.309408  -0.148936  -0.0461635  -0.148936  0.31363  0.0939585  -0.0461635  0.0939585  0.161766
0.309408  -0.148936  -0.0461635  -0.148936  0.31363  0.0939585  -0.0461635  0.0939585  0.161766
0.309412  -0.148958  -0.0461578  -0.148958  0.313664  0.0939651  -0.0461578  0.0939651  0.161766
0.309412  -0.148958  -0.0461578  -0.148958  0.313664  0.0939651  -0.0461578  0.0939651  0.161766
0.309412  -0.148958  -0.0461578  -0.148958  0.313664  0.0939651  -0.0461578  0.0939651  0.161766
0.3094  -0.148952  -0.0461558  -0.148952  0.313676  0.093973  -0.0461558  0.093973  0.161771
0.3094  -0.148952  -0.0461558  -0.148952  0.313676  0.093973  -0.0461558  0.093973  0.161771
0.3094  -0.148952  -0.0461558  -0.148952  0.313676  0.093973  -0.0461558  0.093973  0.161771
0.3094  -0.148952  -0.0461558  -0.148952  0.313676  0.093973  -0.0461558  0.093973  0.161771
0.3094  -0.148952  -0.0461558  -0.148952  0.313676  0.093973  -0.0461558  0.093973  0.161771
0.309397  -0.148976  -0.0461656  -0.148976  0.313735  0.0940019  -0.0461656  0.0940019  0.161779
0.309402  -0.148984  -0.0461831  -0.148984  0.313747  0.0940164  -0.0461831  0.0940164  0.161783
0.309402  -0.148984  -0.0461831  -0.148984  0.313747  0.0940164  -0.0461831  0.0940164  0.161783
0.309395  -0.148985  -0.0461986  -0.148985  0.313771  0.0940387  -0.0461986  0.0940387  0.161791
0.309395  -0.148985  -0.0461986  -0.148985  0.313771  0.0940387  -0.0461986  0.0940387  0.161791
0.309387  -0.148987  -0.0462141  -0.148987  0.313796  0.0940611  -0.0462141  0.0940611  0.161799
0.309387  -0.148987  -0.0462141  -0.148987  0.313796  0.0940611  -0.0462141  0.0940611  0.161799
0.309387  -0.148987  -0.0462141  -0.148987  0.313796  0.0940611  -0.0462141  0.0940611  0.161799
0.30938  -0.148988  -0.0462296  -0.148988  0.313821  0.0940834  -0.0462296  0.0940834  0.161807
0.30938  -0.148988  -0.0462296  -0.148988  0.313821  0.0940834  -0.0462296  0.0940834  0.161807
0.309368  -0.148967  -0.0462508  -0.148967  0.313811  0.0940992  -0.0462508  0.0940992  0.161815
0.309368  -0.148967  -0.0462508  -0.148967  0.313811  0.0940992  -0.0462508  0.0940992  0.161815
0.309355  -0.14896  -0.0462489  -0.14896  0.313824  0.094107  -0.0462489  0.094107  0.161819
0.309355  -0.14896  -0.0462489  -0.14896  0.313824  0.094107  -0.0462489  0.094107  0.161819
0.309343  -0.148953  -0.0462469  -0.148953  0.313836  0.0941149  -0.0462469  0.0941149  0.161824
0.309343  -0.148953  -0.0462469  -0.148953  0.313836  0.0941149  -0.0462469  0.0941149  0.161824
0.309343  -0.148953  -0.0462469  -0.148953  0.313836  0.0941149  -0.0462469  0.0941149  0.161824
0.309337  -0.148945  -0.0462294  -0.148945  0.313824  0.0941004  -0.0462294  0.0941004  0.16182
0.309337  -0.148945  -0.0462294  -0.148945  0.313824  0.0941004  -0.0462294  0.0941004  0.16182
0.309325  -0.148938  -0.0462274  -0.148938  0.313837  0.0941082  -0.0462274  0.0941082  0.161824
0.309325  -0.148938  -0.0462274  -0.148938  0.313837  0.0941082  -0.0462274  0.0941082  0.161824
0.309325  -0.148938  -0.0462274  -0.148938  0.313837  0.0941082  -0.0462274  0.0941082  0.161824
0.309325  -0.148938  -0.0462274  -0.148938  0.313837  0.0941082  -0.0462274  0.0941082  0.161824
0.309329  -0.148961  -0.0462216  -0.148961  0.313871  0.0941148  -0.0462216  0.0941148  0.161824
0.309329  -0.148961  -0.0462216  -0.148961  0.313871  0.0941148  -0.0462216  0.0941148  0.161824
0.309329  -0.148961  -0.0462216  -0.148961  0.313871  0.0941148  -0.0462216  0.0941148  0.161824
0.309329  -0.148961  -0.0462216  -0.148961  0.313871  0.0941148  -0.0462216  0.0941148  0.161824
0.309329  -0.148961  -0.0462216  -0.148961  0.313871  0.0941148  -0.0462216  0.0941148  0.161824
0.309329  -0.148961  -0.0462216  -0.148961  0.313871  0.0941148  -0.0462216  0.0941148  0.161824
0.309329  -0.148961  -0.0462216  -0.148961  0.313871  0.0941148  -0.0462216  0.0941148  0.161824
0.309329  -0.148961  -0.0462216  -0.148961  0.313871  0.0941148  -0.0462216  0.0941148  0.161824
0.309329  -0.148961  -0.0462216  -0.148961  0.313871  0.0941148  -0.0462216  0.0941148  0.161824
0.309329  -0.148961  -0.0462216  -0.148961  0.313871  0.0941148  -0.0462216  0.0941148  0.161824
0.309329  -0.148961  -0.0462216  -0.148961  0.313871  0.0941148  -0.0462216  0.0941148  0.161824
0.309329  -0.148961  -0.0462216  -0.148961  0.313871  0.0941148  -0.0462216  0.0941148  0.161824
0.309333  -0.148984  -0.0462159  -0.148984  0.313905  0.0941215  -0.0462159  0.0941215  0.161824
0.309333  -0.148984  -0.0462159  -0.148984  0.313905  0.0941215  -0.0462159  0.0941215  0.161824
0.309333  -0.148984  -0.0462159  -0.148984  0.313905  0.0941215  -0.0462159  0.0941215  0.161824
0.309346  -0.14899  -0.0462179  -0.14899  0.313892  0.0941136  -0.0462179  0.0941136  0.16182
0.309351  -0.149013  -0.0462122  -0.149013  0.313926  0.0941202  -0.0462122  0.0941202  0.16182
0.309351  -0.149013  -0.0462122  -0.149013  0.313926  0.0941202  -0.0462122  0.0941202  0.16182
0.309351  -0.149013  -0.0462122  -0.149013  0.313926  0.0941202  -0.0462122  0.0941202  0.16182
0.309351  -0.149013  -0.0462122  -0.149013  0.313926  0.0941202  -0.0462122  0.0941202  0.16182
0.309355  -0.149036  -0.0462064  -0.149036  0.31396  0.0941269  -0.0462064  0.0941269  0.16182
0.309355  -0.149036  -0.0462064  -0.149036  0.31396  0.0941269  -0.0462064  0.0941269  0.16182
0.309368  -0.149042  -0.0462084  -0.149042  0.313947  0.094119  -0.0462084  0.094119  0.161815
0.309368  -0.149042  -0.0462084  -0.149042  0.313947  0.094119  -0.0462084  0.094119  0.161815
0.309368  -0.149042  -0.0462084  -0.149042  0.313947  0.094119  -0.0462084  0.094119  0.161815
0.309362  -0.149034  -0.0461909  -0.149034  0.313935  0.0941045  -0.0461909  0.0941045  0.161812
0.309362  -0.149034  -0.0461909  -0.149034  0.313935  0.0941045  -0.0461909  0.0941045  0.161812
0.309362  -0.149034  -0.0461909  -0.149034  0.313935  0.0941045  -0.0461909  0.0941045  0.161812
0.309362  -0.149034  -0.0461909  -0.149034  0.313935  0.0941045  -0.0461909  0.0941045  0.161812
0.309362  -0.149034  -0.0461909  -0.149034  0.313935  0.0941045  -0.0461909  0.0941045  0.161812
0.30937  -0.149033  -0.0461754  -0.149033  0.313911  0.0940821  -0.0461754  0.0940821  0.161804
0.30937  -0.149033  -0.0461754  -0.149033  0.313911  0.0940821  -0.0461754  0.0940821  0.161804
0.30937  -0.149033  -0.0461754  -0.149033  0.313911  0.0940821  -0.0461754  0.0940821  0.161804
0.30937  -0.149033  -0.0461754  -0.149033  0.313911  0.0940821  -0.0461754  0.0940821  0.161804
0.30937  -0.149033  -0.0461754  -0.149033  0.313911  0.0940821  -0.0461754  0.0940821  0.161804
0.309365  -0.14901  -0.0461811  -0.14901  0.313877  0.0940755  -0.0461811  0.0940755  0.161804
0.309365  -0.14901  -0.0461811  -0.14901  0.313877  0.0940755  -0.0461811  0.0940755  0.161804
0.309365  -0.14901  -0.0461811  -0.14901  0.313877  0.0940755  -0.0461811  0.0940755  0.161804
0.309365  -0.14901  -0.0461811  -0.14901  0.313877  0.0940755  -0.0461811  0.0940755  0.161804
0.309365  -0.14901  -0.0461811  -0.14901  0.313877  0.0940755  -0.0461811  0.0940755  0.161804
0.309365  -0.14901  -0.0461811  -0.14901  0.313877  0.0940755  -0.0461811  0.0940755  0.161804
0.309365  -0.14901  -0.0461811  -0.14901  0.313877  0.0940755  -0.0461811  0.0940755  0.161804
0.309353  -0.149003  -0.0461791  -0.149003  0.313889  0.0940834  -0.0461791  0.0940834  0.161808
0.309353  -0.149003  -0.0461791  -0.149003  0.313889  0.0940834  -0.0461791  0.0940834  0.161808
0.309353  -0.149003  -0.0461791  -0.149003  0.313889  0.0940834  -0.0461791  0.0940834  0.161808
0.309353  -0.149003  -0.0461791  -0.149003  0.313889  0.0940834  -0.0461791  0.0940834  0.161808
0.309353  -0.149003  -0.0461791  -0.149003  0.313889  0.0940834  -0.0461791  0.0940834  0.161808
0.309348  -0.148981  -0.0461849  -0.148981  0.313855  0.0940768  -0.0461849  0.0940768  0.161808
0.309354  -0.148989  -0.0462024  -0.148989  0.313867  0.0940913  -0.0462024  0.0940913  0.161812
0.309354  -0.148989  -0.0462024  -0.148989  0.313867  0.0940913  -0.0462024  0.0940913  0.161812
0.309354  -0.148989  -0.0462024  -0.148989  0.313867  0.0940913  -0.0462024  0.0940913  0.161812
0.309354  -0.148989  -0.0462024  -0.148989  0.313867  0.0940913  -0.0462024  0.0940913  0.161812
0.309354  -0.148989  -0.0462024  -0.148989  0.313867  0.0940913  -0.0462024  0.0940913  0.161812
0.309354  -0.148989  -0.0462024  -0.148989  0.313867  0.0940913  -0.0462024  0.0940913  0.161812
0.309354  -0.148989  -0.0462024  -0.148989  0.313867  0.0940913  -0.0462024  0.0940913  0.161812
0.309349  -0.148966  -0.0462081  -0.148966  0.313834  0.0940846  -0.0462081  0.0940846  0.161812
0.309349  -0.148966  -0.0462081  -0.148966  0.313834  0.0940846  -0.0462081  0.0940846  0.161812
0.309349  -0.148966  -0.0462081  -0.148966  0.313834  0.0940846  -0.0462081  0.0940846  0.161812
0.309349  -0.148966  -0.0462081  -0.148966  0.313834  0.0940846  -0.0462081  0.0940846  0.161812
0.309349  -0.148966  -0.0462081  -0.148966  0.313834  0.0940846  -0.0462081  0.0940846  0.161812
0.309349  -0.148966  -0.0462081  -0.148966  0.313834  0.0940846  -0.0462081  0.0940846  0.161812
0.309349  -0.148966  -0.0462081  -0.148966  0.313834  0.0940846  -0.0462081  0.0940846  0.161812
0.309349  -0.148966  -0.0462081  -0.148966  0.313834  0.0940846  -0.0462081  0.0940846  0.161812
0.309354  -0.148974  -0.0462256  -0.148974  0.313846  0.0940991  -0.0462256  0.0940991  0.161816
0.309367  -0.148981  -0.0462276  -0.148981  0.313833  0.0940913  -0.0462276  0.0940913  0.161811
0.309367  -0.148981  -0.0462276  -0.148981  0.313833  0.0940913  -0.0462276  0.0940913  0.161811
0.309367  -0.148981  -0.0462276  -0.148981  0.313833  0.0940913  -0.0462276  0.0940913  0.161811
0.309367  -0.148981  -0.0462276  -0.148981  0.313833  0.0940913  -0.0462276  0.0940913  0.161811
0.309367  -0.148981  -0.0462276  -0.148981  0.313833  0.0940913  -0.0462276  0.0940913  0.161811
0.309362  -0.148973  -0.0462101  -0.148973  0.313821  0.0940768  -0.0462101  0.0940768  0.161808
0.309362  -0.148973  -0.0462101  -0.148973  0.313821  0.0940768  -0.0462101  0.0940768  0.161808
0.309349  -0.148966  -0.0462081  -0.148966  0.313834  0.0940846  -0.0462081  0.0940846  0.161812
0.309349  -0.148966  -0.0462081  -0.148966  0.313834  0.0940846  -0.0462081  0.0940846  0.161812
0.309349  -0.148966  -0.0462081  -0.148966  0.313834  0.0940846  -0.0462081  0.0940846  0.161812
0.309349  -0.148966  -0.0462081  -0.148966  0.313834  0.0940846  -0.0462081  0.0940846  0.161812
0.309349  -0.148966  -0.0462081  -0.148966  0.313834  0.0940846  -0.0462081  0.0940846  0.161812
0.309349  -0.148966  -0.0462081  -0.148966  0.313834  0.0940846  -0.0462081  0.0940846  0.161812
0.309349  -0.148966  -0.0462081  -0.148966  0.313834  0.0940846  -0.0462081  0.0940846  0.161812
0.309349  -0.148966  -0.0462081  -0.148966  0.313834  0.0940846  -0.0462081  0.0940846  0.161812
0.309349  -0.148966  -0.0462081  -0.148966  0.313834  0.0940846  -0.0462081  0.0940846  0.161812
0.309349  -0.148966  -0.0462081  -0.148966  0.313834  0.0940846  -0.0462081  0.0940846  0.161812
0.309349  -0.148966  -0.0462081  -0.148966  0.313834  0.0940846  -0.0462081  0.0940846  0.161812
0.309349  -0.148966  -0.0462081  -0.148966  0.313834  0.0940846  -0.0462081  0.0940846  0.161812
0.309349  -0.148966  -0.0462081  -0.148966  0.313834  0.0940846  -0.0462081  0.0940846  0.161812
0.309349  -0.148966  -0.0462081  -0.148966  0.313834  0.0940846  -0.0462081  0.0940846  0.161812
0.309349  -0.148966  -0.0462081  -0.148966  0.313834  0.0940846  -0.0462081  0.0940846  0.161812
0.309354  -0.148989  -0.0462024  -0.148989  0.313867  0.0940913  -0.0462024  0.0940913  0.161812
0.309354  -0.148989  -0.0462024  -0.148989  0.313867  0.0940913  -0.0462024  0.0940913  0.161812
0.309354  -0.148989  -0.0462024  -0.148989  0.313867  0.0940913  -0.0462024  0.0940913  0.161812
0.309354  -0.148989  -0.0462024  -0.148989  0.313867  0.0940913  -0.0462024  0.0940913  0.161812
0.309354  -0.148989  -0.0462024  -0.148989  0.313867  0.0940913  -0.0462024  0.0940913  0.161812
0.309354  -0.148989  -0.0462024  -0.148989  0.313867  0.0940913  -0.0462024  0.0940913  0.161812
0.309354  -0.148989  -0.0462024  -0.148989  0.313867  0.0940913  -0.0462024  0.0940913  0.161812
0.309354  -0.148989  -0.0462024  -0.148989  0.313867  0.0940913  -0.0462024  0.0940913  0.161812
0.309358  -0.149012  -0.0461966  -0.149012  0.313901  0.0940979  -0.0461966  0.0940979  0.161812
0.309358  -0.149012  -0.0461966  -0.149012  0.313901  0.0940979  -0.0461966  0.0940979  0.161812
0.309358  -0.149012  -0.0461966  -0.149012  0.313901  0.0940979  -0.0461966  0.0940979  0.161812
0.309358  -0.149012  -0.0461966  -0.149012  0.313901  0.0940979  -0.0461966  0.0940979  0.161812
0.309353  -0.149003  -0.0461791  -0.149003  0.313889  0.0940834  -0.0461791  0.0940834  0.161808
0.309353  -0.149003  -0.0461791  -0.149003  0.313889  0.0940834  -0.0461791  0.0940834  0.161808
0.309353  -0.149003  -0.0461791  -0.149003  0.313889  0.0940834  -0.0461791  0.0940834  0.161808
0.309357  -0.149026  -0.0461734  -0.149026  0.313923  0.09409  -0.0461734  0.09409  0.161808
0.309357  -0.149026  -0.0461734  -0.149026  0.313923  0.09409  -0.0461734  0.09409  0.161808
0.309362  -0.149034  -0.0461909  -0.149034  0.313935  0.0941045  -0.0461909  0.0941045  0.161812
0.309362  -0.149034  -0.0461909  -0.149034  0.313935  0.0941045  -0.0461909  0.0941045  0.161812
0.309362  -0.149034  -0.0461909  -0.149034  0.313935  0.0941045  -0.0461909  0.0941045  0.161812
0.309367  -0.149057  -0.0461852  -0.149057  0.313969  0.0941111  -0.0461852  0.0941111  0.161812
0.309367  -0.149057  -0.0461852  -0.149057  0.313969  0.0941111  -0.0461852  0.0941111  0.161812
0.309367  -0.149057  -0.0461852  -0.149057  0.313969  0.0941111  -0.0461852  0.0941111  0.161812
0.309367  -0.149057  -0.0461852  -0.149057  0.313969  0.0941111  -0.0461852  0.0941111  0.161812
0.309367  -0.149057  -0.0461852  -0.149057  0.313969  0.0941111  -0.0461852  0.0941111  0.161812
0.309371  -0.149079  -0.0461794  -0.149079  0.314003  0.0941177  -0.0461794  0.0941177  0.161812
0.309371  -0.149079  -0.0461794  -0.149079  0.314003  0.0941177  -0.0461794  0.0941177  0.161812
0.309371  -0.149079  -0.0461794  -0.149079  0.314003  0.0941177  -0.0461794  0.0941177  0.161812
0.309371  -0.149079  -0.0461794  -0.149079  0.314003  0.0941177  -0.0461794  0.0941177  0.161812
0.309371  -0.149079  -0.0461794  -0.149079  0.314003  0.0941177  -0.0461794  0.0941177  0.161812
0.309371  -0.149079  -0.0461794  -0.149079  0.314003  0.0941177  -0.0461794  0.0941177  0.161812
0.309371  -0.149079  -0.0461794  -0.149079  0.314003  0.0941177  -0.0461794  0.0941177  0.161812
0.309371  -0.149079  -0.0461794  -0.149079  0.314003  0.0941177  -0.0461794  0.0941177  0.161812
0.309371  -0.149079  -0.0461794  -0.149079  0.314003  0.0941177  -0.0461794  0.0941177  0.161812
0.309358  -0.149073  -0.0461774  -0.149073  0.314016  0.0941256  -0.0461774  0.0941256  0.161816
0.309358  -0.149073  -0.0461774  -0.149073  0.314016  0.0941256  -0.0461774  0.0941256  0.161816
0.309358  -0.149073  -0.0461774  -0.149073  0.314016  0.0941256  -0.0461774  0.0941256  0.161816
0.309358  -0.149073  -0.0461774  -0.149073  0.314016  0.0941256  -0.0461774  0.0941256  0.161816
0.309358  -0.149073  -0.0461774  -0.149073  0.314016  0.0941256  -0.0461774  0.0941256  0.161816
0.309346  -0.149066  -0.0461754  -0.149066  0.314028  0.0941334  -0.0461754  0.0941334  0.16182
0.309346  -0.149066  -0.0461754  -0.149066  0.314028  0.0941334  -0.0461754  0.0941334  0.16182
0.309346  -0.149066  -0.0461754  -0.149066  0.314028  0.0941334  -0.0461754  0.0941334  0.16182
0.309333  -0.149059  -0.0461734  -0.149059  0.314041  0.0941413  -0.0461734  0.0941413  0.161825
0.309333  -0.149059  -0.0461734  -0.149059  0.314041  0.0941413  -0.0461734  0.0941413  0.161825
0.309338  -0.149067  -0.0461909  -0.149067  0.314053  0.0941558  -0.0461909  0.0941558  0.161828
0.309338  -0.149067  -0.0461909  -0.149067  0.314053  0.0941558  -0.0461909  0.0941558  0.161828
0.309326  -0.149061  -0.0461889  -0.149061  0.314065  0.0941637  -0.0461889  0.0941637  0.161833
0.309317  -0.149076  -0.0461812  -0.149076  0.314112  0.0941781  -0.0461812  0.0941781  0.161837
0.309317  -0.149076  -0.0461812  -0.149076  0.314112  0.0941781  -0.0461812  0.0941781  0.161837
0.309317  -0.149076  -0.0461812  -0.149076  0.314112  0.0941781  -0.0461812  0.0941781  0.161837
0.309304  -0.14907  -0.0461792  -0.14907  0.314124  0.094186  -0.0461792  0.094186  0.161841
0.309304  -0.14907  -0.0461792  -0.14907  0.314124  0.094186  -0.0461792  0.094186  0.161841
0.309304  -0.14907  -0.0461792  -0.14907  0.314124  0.094186  -0.0461792  0.094186  0.161841
0.309301  -0.149094  -0.046189  -0.149094  0.314183  0.094215  -0.046189  0.094215  0.16185
0.309289  -0.149087  -0.046187  -0.149087  0.314195  0.0942228  -0.046187  0.0942228  0.161854
0.309289  -0.149087  -0.046187  -0.149087  0.314195  0.0942228  -0.046187  0.0942228  0.161854
0.309273  -0.149104  -0.0461947  -0.149104  0.314266  0.0942597  -0.0461947  0.0942597  0.161866
0.309273  -0.149104  -0.0461947  -0.149104  0.314266  0.0942597  -0.0461947  0.0942597  0.161866
0.30927  -0.149128  -0.0462045  -0.149128  0.314325  0.0942887  -0.0462045  0.0942887  0.161874
0.30927  -0.149128  -0.0462045  -0.149128  0.314325  0.0942887  -0.0462045  0.0942887  0.161874
0.309267  -0.149152  -0.0462142  -0.149152  0.314383  0.0943177  -0.0462142  0.0943177  0.161883
0.309267  -0.149152  -0.0462142  -0.149152  0.314383  0.0943177  -0.0462142  0.0943177  0.161883
0.309259  -0.149168  -0.0462065  -0.149168  0.31443  0.0943322  -0.0462065  0.0943322  0.161887
0.309251  -0.149169  -0.0462219  -0.149169  0.314455  0.0943546  -0.0462219  0.0943546  0.161895
0.309251  -0.149169  -0.0462219  -0.149169  0.314455  0.0943546  -0.0462219  0.0943546  0.161895
0.309236  -0.149186  -0.0462297  -0.149186  0.314526  0.0943914  -0.0462297  0.0943914  0.161907
0.309236  -0.149186  -0.0462297  -0.149186  0.314526  0.0943914  -0.0462297  0.0943914  0.161907
0.309215  -0.149195  -0.0462199  -0.149195  0.314585  0.0944138  -0.0462199  0.0944138  0.161916
0.309215  -0.149195  -0.0462199  -0.149195  0.314585  0.0944138  -0.0462199  0.0944138  0.161916
0.309212  -0.149219  -0.0462296  -0.149219  0.314643  0.0944428  -0.0462296  0.0944428  0.161924
0.309203  -0.149235  -0.0462219  -0.149235  0.31469  0.0944573  -0.0462219  0.0944573  0.161929
0.309203  -0.149235  -0.0462219  -0.149235  0.31469  0.0944573  -0.0462219  0.0944573  0.161929
0.309178  -0.149222  -0.0462178  -0.149222  0.314715  0.094473  -0.0462178  0.094473  0.161937
0.309178  -0.149222  -0.0462178  -0.149222  0.314715  0.094473  -0.0462178  0.094473  0.161937
0.309167  -0.149262  -0.0462198  -0.149262  0.31482  0.0945166  -0.0462198  0.0945166  0.16195
0.309154  -0.149255  -0.0462178  -0.149255  0.314833  0.0945245  -0.0462178  0.0945245  0.161954
0.309154  -0.149255  -0.0462178  -0.149255  0.314833  0.0945245  -0.0462178  0.0945245  0.161954
0.309155  -0.149301  -0.0462218  -0.149301  0.314925  0.0945602  -0.0462218  0.0945602  0.161962
0.309142  -0.149294  -0.0462197  -0.149294  0.314938  0.094568  -0.0462197  0.094568  0.161966
0.309134  -0.14931  -0.0462119  -0.14931  0.314984  0.0945825  -0.0462119  0.0945825  0.161971
0.309131  -0.149334  -0.0462217  -0.149334  0.315043  0.0946116  -0.0462217  0.0946116  0.161979
0.309131  -0.149334  -0.0462217  -0.149334  0.315043  0.0946116  -0.0462217  0.0946116  0.161979
0.30912  -0.149374  -0.0462236  -0.149374  0.315149  0.0946552  -0.0462236  0.0946552  0.161991
0.309116  -0.149413  -0.0462101  -0.149413  0.315229  0.0946764  -0.0462101  0.0946764  0.161996
0.309116  -0.149413  -0.0462101  -0.149413  0.315229  0.0946764  -0.0462101  0.0946764  0.161996
0.309104  -0.149452  -0.046212  -0.149452  0.315335  0.09472  -0.046212  0.09472  0.162008
0.309104  -0.149452  -0.046212  -0.149452  0.315335  0.09472  -0.046212  0.09472  0.162008
0.309093  -0.149492  -0.0462139  -0.149492  0.31544  0.0947636  -0.0462139  0.0947636  0.16202
0.309097  -0.149515  -0.0462081  -0.149515  0.315475  0.0947703  -0.0462081  0.0947703  0.16202
0.309098  -0.149561  -0.0462121  -0.149561  0.315568  0.094806  -0.0462121  0.094806  0.162028
0.309086  -0.149555  -0.0462101  -0.149555  0.31558  0.0948139  -0.0462101  0.0948139  0.162033
0.309079  -0.149617  -0.0462062  -0.149617  0.31572  0.0948642  -0.0462062  0.0948642  0.162045
0.309079  -0.149617  -0.0462062  -0.149617  0.31572  0.0948642  -0.0462062  0.0948642  0.162045
0.309081  -0.14971  -0.0462141  -0.14971  0.315907  0.0949358  -0.0462141  0.0949358  0.162061
0.309082  -0.149757  -0.046218  -0.149757  0.316  0.0949717  -0.046218  0.0949717  0.162069
0.309082  -0.149757  -0.046218  -0.149757  0.316  0.0949717  -0.046218  0.0949717  0.162069
0.309085  -0.14985  -0.0462259  -0.14985  0.316187  0.0950434  -0.0462259  0.0950434  0.162086
0.309085  -0.14985  -0.0462259  -0.14985  0.316187  0.0950434  -0.0462259  0.0950434  0.162086
0.309087  -0.149944  -0.0462337  -0.149944  0.316374  0.0951151  -0.0462337  0.0951151  0.162102
0.309075  -0.149937  -0.0462317  -0.149937  0.316387  0.095123  -0.0462317  0.095123  0.162106
0.309081  -0.150053  -0.0462337  -0.150053  0.316608  0.0952014  -0.0462337  0.0952014  0.162122
0.30908  -0.150124  -0.0462474  -0.150124  0.316761  0.0952666  -0.0462474  0.0952666  0.162139
0.30908  -0.150124  -0.0462474  -0.150124  0.316761  0.0952666  -0.0462474  0.0952666  0.162139
0.309092  -0.150248  -0.046267  -0.150248  0.316996  0.0953598  -0.046267  0.0953598  0.162159
0.309092  -0.150248  -0.046267  -0.150248  0.316996  0.0953598  -0.046267  0.0953598  0.162159
0.309095  -0.150389  -0.0462787  -0.150389  0.317278  0.0954678  -0.0462787  0.0954678  0.162183
0.309103  -0.150491  -0.0463041  -0.150491  0.317478  0.0955545  -0.0463041  0.0955545  0.162203
0.309095  -0.150506  -0.0462962  -0.150506  0.317526  0.0955691  -0.0462962  0.0955691  0.162207
0.309104  -0.150655  -0.0463255  -0.150655  0.317821  0.095692  -0.0463255  0.095692  0.162236
0.309108  -0.150678  -0.0463197  -0.150678  0.317856  0.0956987  -0.0463197  0.0956987  0.162236
0.309122  -0.15085  -0.0463432  -0.15085  0.318186  0.0958285  -0.0463432  0.0958285  0.162264
0.309138  -0.150998  -0.0463569  -0.150998  0.318458  0.095929  -0.0463569  0.095929  0.162284
0.309125  -0.150991  -0.0463548  -0.150991  0.31847  0.0959369  -0.0463548  0.0959369  0.162289
0.309148  -0.151194  -0.0463901  -0.151194  0.318849  0.0960885  -0.0463901  0.0960885  0.162321
0.309153  -0.151217  -0.0463843  -0.151217  0.318884  0.0960953  -0.0463843  0.0960953  0.162321
0.30918  -0.151443  -0.0464138  -0.151443  0.3193  0.0962539  -0.0464138  0.0962539  0.162353
0.309194  -0.151616  -0.0464372  -0.151616  0.319633  0.0963844  -0.0464372  0.0963844  0.162382
0.309204  -0.151647  -0.0464491  -0.151647  0.319681  0.0964061  -0.0464491  0.0964061  0.162386
0.309233  -0.151922  -0.0464824  -0.151922  0.320194  0.0966016  -0.0464824  0.0966016  0.162426
0.309237  -0.151945  -0.0464766  -0.151945  0.32023  0.0966084  -0.0464766  0.0966084  0.162426
0.309283  -0.15225  -0.0465063  -0.15225  0.320768  0.0968032  -0.0465063  0.0968032  0.162463
0.309293  -0.152281  -0.0465181  -0.152281  0.320816  0.096825  -0.0465181  0.096825  0.162467
0.309349  -0.152633  -0.0465362  -0.152633  0.321427  0.0970339  -0.0465362  0.0970339  0.162503
0.309358  -0.152665  -0.046548  -0.152665  0.321475  0.0970557  -0.046548  0.0970557  0.162507
0.309427  -0.153025  -0.0465682  -0.153025  0.322077  0.0972573  -0.0465682  0.0972573  0.16254
0.309437  -0.153056  -0.0465801  -0.153056  0.322125  0.0972791  -0.0465801  0.0972791  0.162544
0.309506  -0.153418  -0.0466004  -0.153418  0.32273  0.0974812  -0.0466004  0.0974812  0.162576
0.309557  -0.153701  -0.0466204  -0.153701  0.323215  0.0976479  -0.0466204  0.0976479  0.162605
0.309561  -0.153725  -0.0466145  -0.153725  0.323252  0.0976548  -0.0466145  0.0976548  0.162605
0.309645  -0.154143  -0.0466408  -0.154143  0.323946  0.0978866  -0.0466408  0.0978866  0.162642
0.309656  -0.154175  -0.0466527  -0.154175  0.323995  0.0979086  -0.0466527  0.0979086  0.162646
0.309735  -0.154585  -0.0466612  -0.154585  0.324681  0.0981259  -0.0466612  0.0981259  0.162679
0.309739  -0.154609  -0.0466553  -0.154609  0.324717  0.0981327  -0.0466553  0.0981327  0.16268
0.309846  -0.155099  -0.0466482  -0.155099  0.325504  0.0983632  -0.0466482  0.0983632  0.162709
0.30993  -0.155473  -0.0466706  -0.155473  0.32611  0.0985597  -0.0466706  0.0985597  0.162738
0.309934  -0.155497  -0.0466647  -0.155497  0.326147  0.0985666  -0.0466647  0.0985666  0.162738
0.310042  -0.15599  -0.0466575  -0.15599  0.326942  0.0987982  -0.0466575  0.0987982  0.162768
0.310057  -0.156046  -0.0466636  -0.156046  0.327029  0.0988274  -0.0466636  0.0988274  0.162772
0.310179  -0.156612  -0.0466384  -0.156612  0.327941  0.0990804  -0.0466384  0.0990804  0.162802
0.310281  -0.157052  -0.0466092  -0.157052  0.328632  0.0992604  -0.0466092  0.0992604  0.16282
0.310296  -0.157108  -0.0466152  -0.157108  0.328721  0.0992898  -0.0466152  0.0992898  0.162824
0.310453  -0.157767  -0.0465922  -0.157767  0.329759  0.0995724  -0.0465922  0.0995724  0.162855
0.310458  -0.157791  -0.0465862  -0.157791  0.329797  0.0995794  -0.0465862  0.0995794  0.162855
0.310627  -0.158487  -0.046575  -0.158487  0.330895  0.0998855  -0.046575  0.0998855  0.16289
0.310632  -0.158511  -0.046569  -0.158511  0.330933  0.0998925  -0.046569  0.0998925  0.16289
0.310821  -0.159242  -0.0465539  -0.159242  0.332066  0.100199  -0.0465539  0.100199  0.162922
0.310831  -0.15929  -0.0465418  -0.15929  0.332143  0.100213  -0.0465418  0.100213  0.162922
0.311002  -0.160008  -0.046506  -0.160008  0.333286  0.100512  -0.046506  0.100512  0.162955
0.311137  -0.16054  -0.04646  -0.16054  0.334109  0.100708  -0.04646  0.100708  0.16297
0.311152  -0.160598  -0.0464661  -0.160598  0.334201  0.100737  -0.0464661  0.100737  0.162975
0.311363  -0.161469  -0.0463772  -0.161469  0.335572  0.101057  -0.0463772  0.101057  0.163001
0.311384  -0.161552  -0.0463772  -0.161552  0.335704  0.101094  -0.0463772  0.101094  0.163006
0.311583  -0.162354  -0.046306  -0.162354  0.33697  0.101393  -0.046306  0.101393  0.163032
0.311592  -0.162404  -0.0462937  -0.162404  0.33705  0.101407  -0.0462937  0.101407  0.163033
0.311799  -0.16322  -0.0462403  -0.16322  0.338342  0.101723  -0.0462403  0.101723  0.163064
0.311958  -0.163864  -0.0461684  -0.163864  0.339359  0.101949  -0.0461684  0.101949  0.163082
0.311968  -0.163914  -0.046156  -0.163914  0.33944  0.101963  -0.046156  0.101963  0.163083
0.312161  -0.164761  -0.0460499  -0.164761  0.340821  0.102271  -0.0460499  0.102271  0.163112
0.312192  -0.16483  -0.0460584  -0.16483  0.340905  0.102293  -0.0460584  0.102293  0.163112
0.31239  -0.165723  -0.0459206  -0.165723  0.342368  0.102599  -0.0459206  0.102599  0.163139
0.312407  -0.165784  -0.0459266  -0.165784  0.342466  0.10263  -0.0459266  0.10263  0.163144
0.312606  -0.166616  -0.0458091  -0.166616  0.343807  0.102907  -0.0458091  0.102907  0.163166
0.312747  -0.167203  -0.0457104  -0.167203  0.34475  0.103088  -0.0457104  0.103088  0.163178
0.312764  -0.167264  -0.0457164  -0.167264  0.344849  0.103119  -0.0457164  0.103119  0.163183
0.31296  -0.168162  -0.0455573  -0.168162  0.346339  0.103411  -0.0455573  0.103411  0.163208
0.313109  -0.16885  -0.0454295  -0.16885  0.347484  0.103629  -0.0454295  0.103629  0.163227
0.313119  -0.168901  -0.0454168  -0.168901  0.34757  0.103644  -0.0454168  0.103644  0.163228
0.31334  -0.169901  -0.0451953  -0.169901  0.349219  0.103923  -0.0451953  0.103923  0.163245
0.31335  -0.169953  -0.0451825  -0.169953  0.349306  0.103937  -0.0451825  0.103937  0.163246
0.313531  -0.17082  -0.0449891  -0.17082  0.350768  0.10419  -0.0449891  0.10419  0.163266
0.313542  -0.170872  -0.0449762  -0.170872  0.350856  0.104204  -0.0449762  0.104204  0.163267
0.313683  -0.171662  -0.0447545  -0.171662  0.352226  0.104417  -0.0447545  0.104417  0.163284
0.313783  -0.172245  -0.0445837  -0.172245  0.35325  0.104573  -0.0445837  0.104573  0.163298
0.313794  -0.172298  -0.0445707  -0.172298  0.35334  0.104587  -0.0445707  0.104587  0.163299
0.313917  -0.173047  -0.0443159  -0.173047  0.354657  0.104759  -0.0443159  0.104759  0.16331
0.313928  -0.1731  -0.0443028  -0.1731  0.354748  0.104773  -0.0443028  0.104773  0.163311
0.314046  -0.173896  -0.0440309  -0.173896  0.356181  0.104968  -0.0440309  0.104968  0.16333
0.314112  -0.174429  -0.043824  -0.174429  0.357168  0.105091  -0.043824  0.105091  0.163342
0.314099  -0.174462  -0.0437894  -0.174462  0.357258  0.105096  -0.0437894  0.105096  0.163344
0.314166  -0.175126  -0.0435016  -0.175126  0.358511  0.105236  -0.0435016  0.105236  0.16336
0.31417  -0.175169  -0.0434695  -0.175169  0.358589  0.105234  -0.0434695  0.105234  0.163358
0.314213  -0.175815  -0.0431591  -0.175815  0.35985  0.105365  -0.0431591  0.105365  0.163375
0.314203  -0.176195  -0.0429152  -0.176195  0.360651  0.105424  -0.0429152  0.105424  0.163386
0.314214  -0.176248  -0.0429017  -0.176248  0.360745  0.105439  -0.0429017  0.105439  0.163388
0.314187  -0.176765  -0.0425484  -0.176765  0.361861  0.105514  -0.0425484  0.105514  0.163404
