0.308253  -0.1356  -0.0475556  -0.1356  0.290938  0.0867943  -0.0475556  0.0867943  0.160649
0.308253  -0.1356  -0.0475556  -0.1356  0.290938  0.0867943  -0.0475556  0.0867943  0.160649
0.308249  -0.135236  -0.0482005  -0.135236  0.290539  0.0870405  -0.0482005  0.0870405  0.160791
0.308247  -0.135129  -0.0483933  -0.135129  0.290424  0.0871157  -0.0483933  0.0871157  0.160835
0.308246  -0.134761  -0.0496309  -0.134761  0.290258  0.0878156  -0.0496309  0.0878156  0.161172
0.308237  -0.134771  -0.0496787  -0.134771  0.290315  0.0878704  -0.0496787  0.0878704  0.161194
0.308274  -0.13488  -0.0498533  -0.13488  0.290512  0.0880447  -0.0498533  0.0880447  0.161249
0.308381  -0.134638  -0.0510904  -0.134638  0.290368  0.0887156  -0.0510904  0.0887156  0.161574
0.308385  -0.134599  -0.0512296  -0.134599  0.290346  0.0887908  -0.0512296  0.0887908  0.161614
0.308507  -0.134362  -0.0530198  -0.134362  0.290417  0.08988  -0.0530198  0.08988  0.162153
0.308503  -0.134366  -0.0531082  -0.134366  0.290469  0.0899563  -0.0531082  0.0899563  0.162188
0.3085  -0.13442  -0.0544745  -0.13442  0.291146  0.09107  -0.0544745  0.09107  0.162712
0.308522  -0.134406  -0.0547415  -0.134406  0.291188  0.0912441  -0.0547415  0.0912441  0.162802
0.308558  -0.134384  -0.0554549  -0.134384  0.29138  0.0917482  -0.0554549  0.0917482  0.16306
0.308568  -0.134758  -0.0565786  -0.134758  0.292516  0.092903  -0.0565786  0.092903  0.163566
0.308574  -0.134795  -0.0566252  -0.134795  0.292589  0.09296  -0.0566252  0.09296  0.163587
0.308469  -0.135129  -0.0578585  -0.135129  0.293935  0.0943103  -0.0578585  0.0943103  0.164208
0.308457  -0.135148  -0.0579415  -0.135148  0.294029  0.0944043  -0.0579415  0.0944043  0.164253
0.308299  -0.135642  -0.0588924  -0.135642  0.295657  0.0957219  -0.0588924  0.0957219  0.164822
0.308284  -0.135754  -0.0589473  -0.135754  0.295916  0.0958688  -0.0589473  0.0958688  0.164871
0.308171  -0.136356  -0.0597176  -0.136356  0.297588  0.097085  -0.0597176  0.097085  0.165367
0.308166  -0.136374  -0.0597855  -0.136374  0.29766  0.0971589  -0.0597855  0.0971589  0.165403
0.308077  -0.136759  -0.060914  -0.136759  0.299047  0.0984761  -0.060914  0.0984761  0.166027
0.308054  -0.136815  -0.0610017  -0.136815  0.299236  0.0986184  -0.0610017  0.0986184  0.166089
0.30794  -0.137343  -0.0615938  -0.137343  0.300713  0.0996509  -0.0615938  0.0996509  0.166511
0.307934  -0.137374  -0.0616391  -0.137374  0.300802  0.099719  -0.0616391  0.099719  0.16654
0.307877  -0.137502  -0.0626197  -0.137502  0.30159  0.100689  -0.0626197  0.100689  0.167063
0.307839  -0.13755  -0.0631411  -0.13755  0.301988  0.1012  -0.0631411  0.1012  0.167346
0.307836  -0.137558  -0.0631755  -0.137558  0.302025  0.101238  -0.0631755  0.101238  0.167366
0.307779  -0.137646  -0.0635832  -0.137646  0.30249  0.101713  -0.0635832  0.101713  0.167614
0.307784  -0.13764  -0.0636252  -0.13764  0.302486  0.101736  -0.0636252  0.101736  0.167631
0.307726  -0.137278  -0.0642607  -0.137278  0.302212  0.102038  -0.0642607  0.102038  0.167925
0.307714  -0.13723  -0.0643275  -0.13723  0.302176  0.102068  -0.0643275  0.102068  0.167958
0.307632  -0.136923  -0.064537  -0.136923  0.301867  0.102093  -0.064537  0.102093  0.16806
0.307628  -0.136902  -0.0645414  -0.136902  0.301839  0.102085  -0.0645414  0.102085  0.168062
0.307538  -0.136445  -0.0647344  -0.136445  0.301261  0.101984  -0.0647344  0.101984  0.168137
0.307529  -0.136389  -0.0647664  -0.136389  0.301188  0.101975  -0.0647664  0.101975  0.168149
0.307473  -0.135961  -0.0650025  -0.135961  0.300615  0.101891  -0.0650025  0.101891  0.168234
0.307469  -0.13594  -0.0650069  -0.13594  0.300587  0.101883  -0.0650069  0.101883  0.168235
0.307455  -0.135721  -0.0651221  -0.135721  0.300264  0.101818  -0.0651221  0.101818  0.168268
0.307451  -0.1357  -0.0651265  -0.1357  0.300236  0.10181  -0.0651265  0.10181  0.168269
0.307494  -0.135434  -0.0654882  -0.135434  0.299817  0.101837  -0.0654882  0.101837  0.168392
0.307511  -0.135448  -0.0655101  -0.135448  0.299817  0.101845  -0.0655101  0.101845  0.168396
0.307586  -0.13539  -0.0656909  -0.13539  0.299636  0.101854  -0.0656909  0.101854  0.168441
0.307599  -0.135382  -0.0657172  -0.135382  0.299608  0.101854  -0.0657172  0.101854  0.168446
0.307718  -0.135282  -0.0660423  -0.135282  0.299326  0.101893  -0.0660423  0.101893  0.168537
0.30773  -0.135275  -0.0660686  -0.135275  0.299298  0.101893  -0.0660686  0.101893  0.168543
0.307863  -0.135227  -0.0662694  -0.135227  0.299029  0.101857  -0.0662694  0.101857  0.168569
0.307876  -0.135233  -0.0662725  -0.135233  0.299017  0.10185  -0.0662725  0.10185  0.168565
0.308002  -0.13519  -0.0663543  -0.13519  0.298718  0.10173  -0.0663543  0.10173  0.168533
0.30801  -0.135175  -0.0663617  -0.135175  0.298678  0.101714  -0.0663617  0.101714  0.16853
0.308133  -0.135045  -0.0664287  -0.135045  0.29822  0.101516  -0.0664287  0.101516  0.168479
0.308204  -0.134986  -0.0663206  -0.134986  0.297918  0.101294  -0.0663206  0.101294  0.168373
0.308207  -0.134964  -0.066309  -0.134964  0.297866  0.101263  -0.066309  0.101263  0.168362
0.308299  -0.134773  -0.0662081  -0.134773  0.297288  0.100918  -0.0662081  0.100918  0.168229
0.308302  -0.134751  -0.0661965  -0.134751  0.297236  0.100888  -0.0661965  0.100888  0.168218
0.308414  -0.134565  -0.0660825  -0.134565  0.296622  0.100514  -0.0660825  0.100514  0.168068
0.308422  -0.134564  -0.0660666  -0.134564  0.296598  0.100491  -0.0660666  0.100491  0.168056
0.308533  -0.134377  -0.0659523  -0.134377  0.295986  0.100118  -0.0659523  0.100118  0.167907
0.30854  -0.134376  -0.0659364  -0.134376  0.295961  0.100095  -0.0659364  0.100095  0.167894
0.308662  -0.134163  -0.0659289  -0.134163  0.29533  0.0997752  -0.0659289  0.0997752  0.167792
0.308677  -0.134147  -0.0659202  -0.134147  0.295266  0.0997373  -0.0659202  0.0997373  0.167777
0.308834  -0.134071  -0.0658476  -0.134071  0.294789  0.0994362  -0.0658476  0.0994362  0.167644
0.308845  -0.134034  -0.0658431  -0.134034  0.294698  0.0993904  -0.0658431  0.0993904  0.167631
0.308896  -0.133979  -0.0658588  -0.133979  0.294505  0.0992996  -0.0658588  0.0992996  0.167603
0.30902  -0.133864  -0.0658422  -0.133864  0.294047  0.0990505  -0.0658422  0.0990505  0.167511
0.309033  -0.13387  -0.0658451  -0.13387  0.294035  0.0990432  -0.0658451  0.0990432  0.167507
0.309146  -0.133847  -0.0657402  -0.133847  0.293727  0.0988111  -0.0657402  0.0988111  0.167389
0.309166  -0.133852  -0.0657271  -0.133852  0.293691  0.0987813  -0.0657271  0.0987813  0.167373
0.309242  -0.133783  -0.0656596  -0.133783  0.29339  0.0985857  -0.0656596  0.0985857  0.167287
0.309255  -0.133789  -0.0656625  -0.133789  0.293377  0.0985784  -0.0656625  0.0985784  0.167283
0.309324  -0.133806  -0.065549  -0.133806  0.293223  0.098422  -0.065549  0.098422  0.167191
0.309332  -0.133805  -0.065533  -0.133805  0.293199  0.0983996  -0.065533  0.0983996  0.167179
0.309352  -0.133823  -0.0654967  -0.133823  0.293177  0.0983626  -0.0654967  0.0983626  0.167152
0.309409  -0.133831  -0.0655152  -0.133831  0.293089  0.0983183  -0.0655152  0.0983183  0.167133
0.309409  -0.133831  -0.0655152  -0.133831  0.293089  0.0983183  -0.0655152  0.0983183  0.167133
0.309466  -0.133933  -0.0655068  -0.133933  0.293159  0.098328  -0.0655068  0.098328  0.167115
0.309511  -0.133988  -0.0655649  -0.133988  0.293197  0.0983668  -0.0655649  0.0983668  0.167131
0.309511  -0.133988  -0.0655649  -0.133988  0.293197  0.0983668  -0.0655649  0.0983668  0.167131
0.309559  -0.134046  -0.0657  -0.134046  0.293269  0.0984657  -0.0657  0.0984657  0.167185
0.309564  -0.134053  -0.0657189  -0.134053  0.293281  0.0984809  -0.0657189  0.0984809  0.167193
0.309584  -0.13411  -0.0657483  -0.13411  0.293358  0.0985271  -0.0657483  0.0985271  0.167207
0.309601  -0.134176  -0.0658126  -0.134176  0.293472  0.098611  -0.0658126  0.098611  0.167241
0.309594  -0.134177  -0.0658287  -0.134177  0.293496  0.0986335  -0.0658287  0.0986335  0.167254
0.309586  -0.134231  -0.0658873  -0.134231  0.293634  0.0987321  -0.0658873  0.0987321  0.167297
0.309591  -0.134238  -0.0659063  -0.134238  0.293646  0.0987473  -0.0659063  0.0987473  0.167305
0.309537  -0.134264  -0.0658602  -0.134264  0.293776  0.0987924  -0.0658602  0.0987924  0.167313
0.309529  -0.134279  -0.065853  -0.134279  0.293815  0.0988076  -0.065853  0.0988076  0.167316
0.309509  -0.134275  -0.0658662  -0.134275  0.293852  0.0988374  -0.0658662  0.0988374  0.167333
0.309426  -0.134254  -0.0658417  -0.134254  0.293964  0.0988964  -0.0658417  0.0988964  0.16736
0.309426  -0.134254  -0.0658417  -0.134254  0.293964  0.0988964  -0.0658417  0.0988964  0.16736
0.309347  -0.134268  -0.0657897  -0.134268  0.294118  0.098956  -0.0657897  0.098956  0.167376
0.309302  -0.134251  -0.0657971  -0.134251  0.294179  0.0990004  -0.0657971  0.0990004  0.167401
0.309289  -0.134245  -0.0657942  -0.134245  0.294192  0.0990077  -0.0657942  0.0990077  0.167405
0.309264  -0.134233  -0.0657884  -0.134233  0.294216  0.0990223  -0.0657884  0.0990223  0.167413
0.309211  -0.134232  -0.0657885  -0.134232  0.294316  0.0990819  -0.0657885  0.0990819  0.167441
0.309191  -0.134227  -0.0658016  -0.134227  0.294353  0.0991117  -0.0658016  0.0991117  0.167457
0.309178  -0.134221  -0.0657987  -0.134221  0.294365  0.099119  -0.0657987  0.099119  0.167461
0.309166  -0.134201  -0.0658189  -0.134201  0.294362  0.0991335  -0.0658189  0.0991335  0.167475
0.309121  -0.134198  -0.065803  -0.134198  0.294438  0.0991706  -0.065803  0.0991706  0.16749
0.309108  -0.134192  -0.0658001  -0.134192  0.29445  0.0991779  -0.0658001  0.0991779  0.167494
0.309096  -0.134186  -0.0657972  -0.134186  0.294462  0.0991852  -0.0657972  0.0991852  0.167498
0.309046  -0.134162  -0.0657856  -0.134162  0.294511  0.0992143  -0.0657856  0.0992143  0.167515
0.309041  -0.134155  -0.0657667  -0.134155  0.294499  0.0991991  -0.0657667  0.0991991  0.167506
0.308985  -0.134151  -0.0656898  -0.134151  0.294566  0.0991984  -0.0656898  0.0991984  0.167495
0.308985  -0.134151  -0.0656898  -0.134151  0.294566  0.0991984  -0.0656898  0.0991984  0.167495
0.308926  -0.134112  -0.0656404  -0.134112  0.294591  0.099197  -0.0656404  0.099197  0.167495
0.308921  -0.134105  -0.0656216  -0.134105  0.294579  0.0991818  -0.0656216  0.0991818  0.167486
0.308908  -0.134113  -0.0655955  -0.134113  0.294606  0.0991818  -0.0655955  0.0991818  0.167481
0.308865  -0.134115  -0.0655217  -0.134115  0.294661  0.0991738  -0.0655217  0.0991738  0.167465
0.308843  -0.13408  -0.0655042  -0.13408  0.294634  0.0991579  -0.0655042  0.0991579  0.167462
0.308843  -0.13408  -0.0655042  -0.13408  0.294634  0.0991579  -0.0655042  0.0991579  0.167462
0.308831  -0.134074  -0.0655013  -0.134074  0.294646  0.0991652  -0.0655013  0.0991652  0.167467
0.308818  -0.134082  -0.0654753  -0.134082  0.294673  0.0991652  -0.0654753  0.0991652  0.167461
0.308806  -0.134076  -0.0654724  -0.134076  0.294686  0.0991725  -0.0654724  0.0991725  0.167465
0.308801  -0.134055  -0.0654767  -0.134055  0.294659  0.0991646  -0.0654767  0.0991646  0.167466
0.308801  -0.134055  -0.0654767  -0.134055  0.294659  0.0991646  -0.0654767  0.0991646  0.167466
0.308771  -0.134049  -0.0654289  -0.134049  0.294686  0.0991566  -0.0654289  0.0991566  0.167457
0.308771  -0.134049  -0.0654289  -0.134049  0.294686  0.0991566  -0.0654289  0.0991566  0.167457
0.308749  -0.134029  -0.0653884  -0.134029  0.294674  0.0991335  -0.0653884  0.0991335  0.167444
0.308749  -0.134029  -0.0653884  -0.134029  0.294674  0.0991335  -0.0653884  0.0991335  0.167444
0.308744  -0.134021  -0.0653695  -0.134021  0.294662  0.0991183  -0.0653695  0.0991183  0.167436
0.308704  -0.134001  -0.0652842  -0.134001  0.294666  0.09908  -0.0652842  0.09908  0.16741
0.308704  -0.134001  -0.0652842  -0.134001  0.294666  0.09908  -0.0652842  0.09908  0.16741
0.308677  -0.133973  -0.0652249  -0.133973  0.294642  0.0990417  -0.0652249  0.0990417  0.167389
0.308665  -0.133967  -0.065222  -0.133967  0.294655  0.099049  -0.065222  0.099049  0.167393
0.308647  -0.133968  -0.0651772  -0.133968  0.29467  0.0990338  -0.0651772  0.0990338  0.16738
0.308647  -0.133968  -0.0651772  -0.133968  0.29467  0.0990338  -0.0651772  0.0990338  0.16738
0.308652  -0.133989  -0.0651729  -0.133989  0.294697  0.0990417  -0.0651729  0.0990417  0.167378
0.308647  -0.133968  -0.0651772  -0.133968  0.29467  0.0990338  -0.0651772  0.0990338  0.16738
0.308647  -0.133968  -0.0651772  -0.133968  0.29467  0.0990338  -0.0651772  0.0990338  0.16738
0.308657  -0.133996  -0.0651917  -0.133996  0.294709  0.0990569  -0.0651917  0.0990569  0.167386
0.308657  -0.133996  -0.0651917  -0.133996  0.294709  0.0990569  -0.0651917  0.0990569  0.167386
0.308657  -0.133996  -0.0651917  -0.133996  0.294709  0.0990569  -0.0651917  0.0990569  0.167386
0.308657  -0.133996  -0.0651917  -0.133996  0.294709  0.0990569  -0.0651917  0.0990569  0.167386
0.308644  -0.13399  -0.0651888  -0.13399  0.294721  0.0990642  -0.0651888  0.0990642  0.167391
0.308644  -0.13399  -0.0651888  -0.13399  0.294721  0.0990642  -0.0651888  0.0990642  0.167391
0.308639  -0.133983  -0.0651701  -0.133983  0.294709  0.099049  -0.0651701  0.099049  0.167382
0.308622  -0.133969  -0.0651484  -0.133969  0.294709  0.0990411  -0.0651484  0.0990411  0.167378
0.308622  -0.133969  -0.0651484  -0.133969  0.294709  0.0990411  -0.0651484  0.0990411  0.167378
0.3086  -0.133949  -0.0651079  -0.133949  0.294698  0.099018  -0.0651079  0.099018  0.167366
0.308605  -0.13397  -0.0651036  -0.13397  0.294724  0.099026  -0.0651036  0.099026  0.167365
0.308583  -0.133935  -0.0650863  -0.133935  0.294698  0.0990101  -0.0650863  0.0990101  0.167362
0.308583  -0.133935  -0.0650863  -0.133935  0.294698  0.0990101  -0.0650863  0.0990101  0.167362
0.308578  -0.133915  -0.0650906  -0.133915  0.294671  0.0990022  -0.0650906  0.0990022  0.167363
0.308561  -0.133901  -0.0650689  -0.133901  0.294671  0.0989943  -0.0650689  0.0989943  0.167359
0.308561  -0.133901  -0.0650689  -0.133901  0.294671  0.0989943  -0.0650689  0.0989943  0.167359
0.308566  -0.133909  -0.0650877  -0.133909  0.294683  0.0990095  -0.0650877  0.0990095  0.167367
0.308574  -0.133894  -0.0650949  -0.133894  0.294644  0.0989943  -0.0650949  0.0989943  0.167365
0.308574  -0.13388  -0.065118  -0.13388  0.294629  0.0990015  -0.065118  0.0990015  0.167374
0.308569  -0.133873  -0.0650992  -0.133873  0.294617  0.0989864  -0.0650992  0.0989864  0.167366
0.308569  -0.133873  -0.0650992  -0.133873  0.294617  0.0989864  -0.0650992  0.0989864  0.167366
0.308569  -0.133873  -0.0650992  -0.133873  0.294617  0.0989864  -0.0650992  0.0989864  0.167366
0.308565  -0.133852  -0.0651035  -0.133852  0.29459  0.0989785  -0.0651035  0.0989785  0.167367
0.308565  -0.133852  -0.0651035  -0.133852  0.29459  0.0989785  -0.0651035  0.0989785  0.167367
0.308572  -0.13385  -0.0650876  -0.13385  0.294566  0.098956  -0.0650876  0.098956  0.167355
0.308572  -0.13385  -0.0650876  -0.13385  0.294566  0.098956  -0.0650876  0.098956  0.167355
0.308567  -0.133843  -0.0650688  -0.133843  0.294554  0.0989409  -0.0650688  0.0989409  0.167347
0.308558  -0.133815  -0.0650544  -0.133815  0.294515  0.0989178  -0.0650544  0.0989178  0.16734
0.308558  -0.133815  -0.0650544  -0.133815  0.294515  0.0989178  -0.0650544  0.0989178  0.16734
0.308548  -0.1338  -0.0650168  -0.1338  0.294491  0.0988875  -0.0650168  0.0988875  0.167324
0.308548  -0.1338  -0.0650168  -0.1338  0.294491  0.0988875  -0.0650168  0.0988875  0.167324
0.308551  -0.133778  -0.0650053  -0.133778  0.29444  0.0988572  -0.0650053  0.0988572  0.167313
0.308551  -0.133778  -0.0650053  -0.133778  0.29444  0.0988572  -0.0650053  0.0988572  0.167313
0.308559  -0.133763  -0.0650124  -0.133763  0.294401  0.098842  -0.0650124  0.098842  0.16731
0.308559  -0.133763  -0.0650124  -0.133763  0.294401  0.098842  -0.0650124  0.098842  0.16731
0.308566  -0.133762  -0.0649966  -0.133762  0.294377  0.0988196  -0.0649966  0.0988196  0.167298
0.308566  -0.133762  -0.0649966  -0.133762  0.294377  0.0988196  -0.0649966  0.0988196  0.167298
0.308586  -0.133753  -0.0650066  -0.133753  0.294326  0.0987971  -0.0650066  0.0987971  0.167291
0.308586  -0.133753  -0.0650066  -0.133753  0.294326  0.0987971  -0.0650066  0.0987971  0.167291
0.308586  -0.133753  -0.0650066  -0.133753  0.294326  0.0987971  -0.0650066  0.0987971  0.167291
0.308598  -0.133759  -0.0650095  -0.133759  0.294314  0.0987899  -0.0650095  0.0987899  0.167287
0.308594  -0.133752  -0.0649907  -0.133752  0.294302  0.0987747  -0.0649907  0.0987747  0.167279
0.308601  -0.13375  -0.0649748  -0.13375  0.294278  0.0987523  -0.0649748  0.0987523  0.167266
0.308601  -0.13375  -0.0649748  -0.13375  0.294278  0.0987523  -0.0649748  0.0987523  0.167266
0.308601  -0.13375  -0.0649748  -0.13375  0.294278  0.0987523  -0.0649748  0.0987523  0.167266
0.308591  -0.133736  -0.0649373  -0.133736  0.294254  0.0987221  -0.0649373  0.0987221  0.16725
0.308591  -0.133736  -0.0649373  -0.133736  0.294254  0.0987221  -0.0649373  0.0987221  0.16725
0.308604  -0.133742  -0.0649402  -0.133742  0.294242  0.0987148  -0.0649402  0.0987148  0.167246
0.308599  -0.133735  -0.0649214  -0.133735  0.29423  0.0986997  -0.0649214  0.0986997  0.167238
0.308599  -0.133735  -0.0649214  -0.133735  0.29423  0.0986997  -0.0649214  0.0986997  0.167238
0.308594  -0.133727  -0.0649027  -0.133727  0.294218  0.0986846  -0.0649027  0.0986846  0.167229
0.308606  -0.133733  -0.0649055  -0.133733  0.294206  0.0986773  -0.0649055  0.0986773  0.167225
0.308602  -0.133712  -0.0649099  -0.133712  0.294179  0.0986694  -0.0649099  0.0986694  0.167227
0.308602  -0.133712  -0.0649099  -0.133712  0.294179  0.0986694  -0.0649099  0.0986694  0.167227
0.308592  -0.133698  -0.0648724  -0.133698  0.294155  0.0986392  -0.0648724  0.0986392  0.16721
0.308592  -0.133698  -0.0648724  -0.133698  0.294155  0.0986392  -0.0648724  0.0986392  0.16721
0.308587  -0.133691  -0.0648536  -0.133691  0.294143  0.0986241  -0.0648536  0.0986241  0.167202
0.308587  -0.133691  -0.0648536  -0.133691  0.294143  0.0986241  -0.0648536  0.0986241  0.167202
0.308582  -0.13367  -0.0648579  -0.13367  0.294116  0.0986162  -0.0648579  0.0986162  0.167204
0.308573  -0.133655  -0.0648205  -0.133655  0.294092  0.098586  -0.0648205  0.098586  0.167187
0.308572  -0.133669  -0.0647974  -0.133669  0.294107  0.0985788  -0.0647974  0.0985788  0.167178
0.308563  -0.133641  -0.064783  -0.133641  0.294069  0.0985558  -0.064783  0.0985558  0.167171
0.308563  -0.133641  -0.064783  -0.133641  0.294069  0.0985558  -0.064783  0.0985558  0.167171
0.308541  -0.13362  -0.0647427  -0.13362  0.294057  0.0985329  -0.0647427  0.0985329  0.167159
0.308541  -0.13362  -0.0647427  -0.13362  0.294057  0.0985329  -0.0647427  0.0985329  0.167159
0.308531  -0.133606  -0.0647053  -0.133606  0.294033  0.0985027  -0.0647053  0.0985027  0.167143
0.308531  -0.133606  -0.0647053  -0.133606  0.294033  0.0985027  -0.0647053  0.0985027  0.167143
0.308531  -0.133606  -0.0647053  -0.133606  0.294033  0.0985027  -0.0647053  0.0985027  0.167143
0.308522  -0.133591  -0.0646679  -0.133591  0.29401  0.0984726  -0.0646679  0.0984726  0.167127
0.308522  -0.133591  -0.0646679  -0.133591  0.29401  0.0984726  -0.0646679  0.0984726  0.167127
0.3085  -0.133557  -0.0646507  -0.133557  0.293983  0.0984569  -0.0646507  0.0984569  0.167124
0.3085  -0.133557  -0.0646507  -0.133557  0.293983  0.0984569  -0.0646507  0.0984569  0.167124
0.3085  -0.133557  -0.0646507  -0.133557  0.293983  0.0984569  -0.0646507  0.0984569  0.167124
0.308483  -0.133558  -0.0646061  -0.133558  0.293999  0.098442  -0.0646061  0.098442  0.167111
0.308483  -0.133558  -0.0646061  -0.133558  0.293999  0.098442  -0.0646061  0.098442  0.167111
0.308473  -0.13353  -0.0645918  -0.13353  0.29396  0.098419  -0.0645918  0.098419  0.167104
0.308473  -0.13353  -0.0645918  -0.13353  0.29396  0.098419  -0.0645918  0.098419  0.167104
0.308461  -0.133537  -0.0645659  -0.133537  0.293987  0.0984191  -0.0645659  0.0984191  0.167099
0.308461  -0.133537  -0.0645659  -0.133537  0.293987  0.0984191  -0.0645659  0.0984191  0.167099
0.308461  -0.133551  -0.0645429  -0.133551  0.294002  0.0984119  -0.0645429  0.0984119  0.167089
0.308451  -0.133523  -0.0645285  -0.133523  0.293963  0.098389  -0.0645285  0.098389  0.167083
0.308439  -0.13353  -0.0645027  -0.13353  0.293991  0.0983891  -0.0645027  0.0983891  0.167077
0.308439  -0.13353  -0.0645027  -0.13353  0.293991  0.0983891  -0.0645027  0.0983891  0.167077
0.308439  -0.13353  -0.0645027  -0.13353  0.293991  0.0983891  -0.0645027  0.0983891  0.167077
0.308434  -0.133523  -0.064484  -0.133523  0.293979  0.098374  -0.064484  0.098374  0.167069
0.308434  -0.133523  -0.064484  -0.133523  0.293979  0.098374  -0.064484  0.098374  0.167069
0.308429  -0.133516  -0.0644654  -0.133516  0.293967  0.098359  -0.0644654  0.098359  0.167061
0.308434  -0.133537  -0.064461  -0.133537  0.293994  0.0983669  -0.064461  0.0983669  0.16706
0.308429  -0.13353  -0.0644423  -0.13353  0.293982  0.0983518  -0.0644423  0.0983518  0.167052
0.308429  -0.13353  -0.0644423  -0.13353  0.293982  0.0983518  -0.0644423  0.0983518  0.167052
0.308424  -0.133522  -0.0644237  -0.133522  0.29397  0.0983368  -0.0644237  0.0983368  0.167044
0.308419  -0.133515  -0.064405  -0.133515  0.293958  0.0983217  -0.064405  0.0983217  0.167036
0.308419  -0.133515  -0.064405  -0.133515  0.293958  0.0983217  -0.064405  0.0983217  0.167036
0.308409  -0.133501  -0.0643677  -0.133501  0.293934  0.0982917  -0.0643677  0.0982917  0.16702
0.308409  -0.133501  -0.0643677  -0.133501  0.293934  0.0982917  -0.0643677  0.0982917  0.16702
0.308395  -0.133479  -0.0643117  -0.133479  0.293899  0.0982466  -0.0643117  0.0982466  0.166996
0.308395  -0.133479  -0.0643117  -0.133479  0.293899  0.0982466  -0.0643117  0.0982466  0.166996
0.308385  -0.133465  -0.0642744  -0.133465  0.293875  0.0982166  -0.0642744  0.0982166  0.16698
0.308385  -0.133465  -0.0642744  -0.133465  0.293875  0.0982166  -0.0642744  0.0982166  0.16698
0.308381  -0.133457  -0.0642558  -0.133457  0.293864  0.0982016  -0.0642558  0.0982016  0.166972
0.308383  -0.133449  -0.0642213  -0.133449  0.293828  0.0981643  -0.0642213  0.0981643  0.166952
0.308378  -0.133442  -0.0642027  -0.133442  0.293816  0.0981493  -0.0642027  0.0981493  0.166944
0.308374  -0.133434  -0.064184  -0.133434  0.293804  0.0981343  -0.064184  0.0981343  0.166936
0.308374  -0.133434  -0.064184  -0.133434  0.293804  0.0981343  -0.064184  0.0981343  0.166936
0.308359  -0.133413  -0.0641281  -0.133413  0.293769  0.0980893  -0.0641281  0.0980893  0.166912
0.308359  -0.133413  -0.0641281  -0.133413  0.293769  0.0980893  -0.0641281  0.0980893  0.166912
0.308354  -0.133406  -0.0641095  -0.133406  0.293757  0.0980743  -0.0641095  0.0980743  0.166904
0.30834  -0.13337  -0.0640766  -0.13337  0.293706  0.0980365  -0.0640766  0.0980365  0.16689
0.308352  -0.133376  -0.0640794  -0.133376  0.293694  0.0980293  -0.0640794  0.0980293  0.166886
0.308333  -0.133347  -0.064005  -0.133347  0.293647  0.0979694  -0.064005  0.0979694  0.166854
0.308333  -0.133347  -0.064005  -0.133347  0.293647  0.0979694  -0.064005  0.0979694  0.166854
0.308329  -0.13334  -0.0639864  -0.13334  0.293635  0.0979544  -0.0639864  0.0979544  0.166846
0.30831  -0.133298  -0.0639349  -0.133298  0.293573  0.0979017  -0.0639349  0.0979017  0.166824
0.30831  -0.133298  -0.0639349  -0.133298  0.293573  0.0979017  -0.0639349  0.0979017  0.166824
0.308307  -0.133296  -0.063859  -0.133296  0.293541  0.0978425  -0.063859  0.0978425  0.166787
0.308303  -0.133275  -0.0638633  -0.133275  0.293514  0.0978347  -0.0638633  0.0978347  0.166788
0.308284  -0.133232  -0.063812  -0.133232  0.293452  0.0977821  -0.063812  0.0977821  0.166766
0.308284  -0.133232  -0.063812  -0.133232  0.293452  0.0977821  -0.063812  0.0977821  0.166766
0.30827  -0.133211  -0.0637563  -0.133211  0.293417  0.0977373  -0.0637563  0.0977373  0.166742
0.308265  -0.133204  -0.0637377  -0.133204  0.293405  0.0977224  -0.0637377  0.0977224  0.166735
0.308268  -0.133182  -0.0637262  -0.133182  0.293354  0.0976924  -0.0637262  0.0976924  0.166724
0.308254  -0.133146  -0.0636935  -0.133146  0.293304  0.0976549  -0.0636935  0.0976549  0.16671
0.308254  -0.133146  -0.0636935  -0.133146  0.293304  0.0976549  -0.0636935  0.0976549  0.16671
0.308242  -0.133103  -0.0636264  -0.133103  0.293218  0.0975802  -0.0636264  0.0975802  0.166675
0.308242  -0.133103  -0.0636264  -0.133103  0.293218  0.0975802  -0.0636264  0.0975802  0.166675
0.308231  -0.133059  -0.0635594  -0.133059  0.293133  0.0975057  -0.0635594  0.0975057  0.166642
0.308231  -0.133059  -0.0635594  -0.133059  0.293133  0.0975057  -0.0635594  0.0975057  0.166642
0.308207  -0.13301  -0.0634896  -0.13301  0.293059  0.0974384  -0.0634896  0.0974384  0.166612
0.308207  -0.13301  -0.0634896  -0.13301  0.293059  0.0974384  -0.0634896  0.0974384  0.166612
0.308191  -0.132959  -0.0634042  -0.132959  0.292962  0.0973492  -0.0634042  0.0973492  0.16657
0.308191  -0.132959  -0.0634042  -0.132959  0.292962  0.0973492  -0.0634042  0.0973492  0.16657
0.308176  -0.132895  -0.0633416  -0.132895  0.292849  0.0972671  -0.0633416  0.0972671  0.166538
0.308171  -0.132888  -0.0633231  -0.132888  0.292838  0.0972522  -0.0633231  0.0972522  0.16653
0.308166  -0.13288  -0.0633046  -0.13288  0.292826  0.0972374  -0.0633046  0.0972374  0.166522
0.308146  -0.132809  -0.0632237  -0.132809  0.292702  0.0971406  -0.0632237  0.0971406  0.166482
0.308146  -0.132809  -0.0632237  -0.132809  0.292702  0.0971406  -0.0632237  0.0971406  0.166482
0.308118  -0.132739  -0.0631586  -0.132739  0.292603  0.097066  -0.0631586  0.097066  0.166454
0.308118  -0.132739  -0.0631586  -0.132739  0.292603  0.097066  -0.0631586  0.097066  0.166454
0.308121  -0.132731  -0.0631243  -0.132731  0.292567  0.0970292  -0.0631243  0.0970292  0.166435
0.308093  -0.132661  -0.0630593  -0.132661  0.292468  0.0969546  -0.0630593  0.0969546  0.166407
0.308093  -0.132661  -0.0630593  -0.132661  0.292468  0.0969546  -0.0630593  0.0969546  0.166407
0.308077  -0.132597  -0.062997  -0.132597  0.292356  0.0968729  -0.062997  0.0968729  0.166375
0.308059  -0.132555  -0.0629461  -0.132555  0.292294  0.096821  -0.0629461  0.096821  0.166353
0.308059  -0.132555  -0.0629461  -0.132555  0.292294  0.096821  -0.0629461  0.096821  0.166353
0.308022  -0.132457  -0.0628671  -0.132457  0.292157  0.0967243  -0.0628671  0.0967243  0.166319
0.308017  -0.13245  -0.0628487  -0.13245  0.292145  0.0967096  -0.0628487  0.0967096  0.166311
0.308008  -0.132436  -0.0628119  -0.132436  0.292122  0.0966802  -0.0628119  0.0966802  0.166296
0.307976  -0.132359  -0.0627287  -0.132359  0.292012  0.0965913  -0.0627287  0.0965913  0.166261
0.307976  -0.132359  -0.0627287  -0.132359  0.292012  0.0965913  -0.0627287  0.0965913  0.166261
0.307935  -0.132254  -0.0626316  -0.132254  0.291863  0.0964803  -0.0626316  0.0964803  0.16622
0.30793  -0.132247  -0.0626133  -0.132247  0.291851  0.0964656  -0.0626133  0.0964656  0.166212
0.307898  -0.132171  -0.0625303  -0.132171  0.291741  0.096377  -0.0625303  0.096377  0.166177
0.307894  -0.132164  -0.0625119  -0.132164  0.291729  0.0963624  -0.0625119  0.0963624  0.16617
0.307874  -0.132079  -0.0624544  -0.132079  0.291592  0.0962737  -0.0624544  0.0962737  0.166139
0.307874  -0.132079  -0.0624544  -0.132079  0.291592  0.0962737  -0.0624544  0.0962737  0.166139
0.30786  -0.132045  -0.0624221  -0.132045  0.291543  0.0962368  -0.0624221  0.0962368  0.166126
0.307828  -0.131982  -0.0623166  -0.131982  0.291447  0.0961415  -0.0623166  0.0961415  0.166082
0.307828  -0.131982  -0.0623166  -0.131982  0.291447  0.0961415  -0.0623166  0.0961415  0.166082
0.307804  -0.131891  -0.0622409  -0.131891  0.291299  0.0960384  -0.0622409  0.0960384  0.166045
0.307804  -0.131891  -0.0622409  -0.131891  0.291299  0.0960384  -0.0622409  0.0960384  0.166045
0.307784  -0.131833  -0.0621382  -0.131833  0.291191  0.0959361  -0.0621382  0.0959361  0.165998
0.307775  -0.131806  -0.0621244  -0.131806  0.291154  0.095914  -0.0621244  0.095914  0.165992
0.307739  -0.131723  -0.0620236  -0.131723  0.291032  0.0958115  -0.0620236  0.0958115  0.16595
0.307739  -0.131723  -0.0620236  -0.131723  0.291032  0.0958115  -0.0620236  0.0958115  0.16595
0.307714  -0.131645  -0.0619255  -0.131645  0.290899  0.095702  -0.0619255  0.095702  0.165904
0.30771  -0.131638  -0.0619072  -0.131638  0.290888  0.0956874  -0.0619072  0.0956874  0.165897
0.307692  -0.131597  -0.061857  -0.131597  0.290827  0.0956364  -0.061857  0.0956364  0.165876
0.307663  -0.131499  -0.0617635  -0.131499  0.290668  0.0955195  -0.0617635  0.0955195  0.165832
0.307663  -0.131499  -0.0617635  -0.131499  0.290668  0.0955195  -0.0617635  0.0955195  0.165832
0.307639  -0.131435  -0.061643  -0.131435  0.29055  0.0954034  -0.061643  0.0954034  0.165778
0.307634  -0.131428  -0.0616248  -0.131428  0.290539  0.0953889  -0.0616248  0.0953889  0.165771
0.307621  -0.131394  -0.0615929  -0.131394  0.29049  0.0953525  -0.0615929  0.0953525  0.165758
0.307592  -0.131296  -0.0614997  -0.131296  0.290331  0.095236  -0.0614997  0.095236  0.165714
0.307588  -0.131275  -0.0615041  -0.131275  0.290305  0.0952285  -0.0615041  0.0952285  0.165715
0.307552  -0.131206  -0.0613814  -0.131206  0.2902  0.0951201  -0.0613814  0.0951201  0.165666
0.307547  -0.131199  -0.0613632  -0.131199  0.290188  0.0951057  -0.0613632  0.0951057  0.165659
0.30755  -0.131191  -0.0613295  -0.131191  0.290153  0.0950697  -0.0613295  0.0950697  0.16564
0.30751  -0.131075  -0.0612566  -0.131075  0.289993  0.0949678  -0.0612566  0.0949678  0.16561
0.307488  -0.13104  -0.061166  -0.13104  0.289936  0.094896  -0.061166  0.094896  0.165574
0.307483  -0.131033  -0.0611479  -0.131033  0.289925  0.0948816  -0.0611479  0.0948816  0.165567
0.307459  -0.130956  -0.0610506  -0.130956  0.289793  0.0947734  -0.0610506  0.0947734  0.165523
0.307459  -0.130956  -0.0610506  -0.130956  0.289793  0.0947734  -0.0610506  0.0947734  0.165523
0.30742  -0.130853  -0.0609555  -0.130853  0.289647  0.094665  -0.0609555  0.094665  0.165484
0.30742  -0.130853  -0.0609555  -0.130853  0.289647  0.094665  -0.0609555  0.094665  0.165484
0.307396  -0.13079  -0.060836  -0.13079  0.28953  0.0945502  -0.060836  0.0945502  0.165432
0.307392  -0.13077  -0.0608404  -0.13077  0.289504  0.0945428  -0.0608404  0.0945428  0.165433
0.307357  -0.130674  -0.0607636  -0.130674  0.289371  0.0944491  -0.0607636  0.0944491  0.165401
0.307352  -0.130667  -0.0607455  -0.130667  0.289359  0.0944348  -0.0607455  0.0944348  0.165394
0.307351  -0.130639  -0.0607164  -0.130639  0.289299  0.0943916  -0.0607164  0.0943916  0.165377
0.307311  -0.13055  -0.0605991  -0.13055  0.289169  0.094277  -0.0605991  0.094277  0.165331
0.307323  -0.130555  -0.0606016  -0.130555  0.289156  0.0942698  -0.0606016  0.0942698  0.165327
0.307284  -0.130453  -0.060507  -0.130453  0.289012  0.0941622  -0.060507  0.0941622  0.165289
0.307284  -0.130453  -0.060507  -0.130453  0.289012  0.0941622  -0.060507  0.0941622  0.165289
0.307256  -0.13037  -0.0603924  -0.13037  0.28887  0.0940407  -0.0603924  0.0940407  0.165239
0.307256  -0.13037  -0.0603924  -0.13037  0.28887  0.0940407  -0.0603924  0.0940407  0.165239
0.307228  -0.130273  -0.0603005  -0.130273  0.288713  0.0939262  -0.0603005  0.0939262  0.165197
0.307228  -0.130273  -0.0603005  -0.130273  0.288713  0.0939262  -0.0603005  0.0939262  0.165197
0.3072  -0.13019  -0.0601862  -0.13019  0.288571  0.0938052  -0.0601862  0.0938052  0.165147
0.3072  -0.13019  -0.0601862  -0.13019  0.288571  0.0938052  -0.0601862  0.0938052  0.165147
0.307169  -0.130087  -0.0600765  -0.130087  0.288404  0.0936769  -0.0600765  0.0936769  0.165098
0.307164  -0.13008  -0.0600586  -0.13008  0.288393  0.0936628  -0.0600586  0.0936628  0.165092
0.307121  -0.129972  -0.0599467  -0.129972  0.288238  0.093542  -0.0599467  0.093542  0.165048
0.307128  -0.129957  -0.0599536  -0.129957  0.288201  0.0935274  -0.0599536  0.0935274  0.165045
0.307089  -0.129869  -0.0598373  -0.129869  0.288072  0.0934142  -0.0598373  0.0934142  0.165
0.307081  -0.129842  -0.0598239  -0.129842  0.288035  0.0933928  -0.0598239  0.0933928  0.164994
0.30708  -0.129813  -0.0597951  -0.129813  0.287975  0.0933501  -0.0597951  0.0933501  0.164978
0.307037  -0.129692  -0.0597058  -0.129692  0.287807  0.0932366  -0.0597058  0.0932366  0.164942
0.307033  -0.129685  -0.059688  -0.129685  0.287796  0.0932225  -0.059688  0.0932225  0.164935
0.307001  -0.129582  -0.059579  -0.129582  0.287629  0.0930953  -0.059579  0.0930953  0.164888
0.307001  -0.129582  -0.059579  -0.129582  0.287629  0.0930953  -0.059579  0.0930953  0.164888
0.306984  -0.129542  -0.05953  -0.129542  0.287571  0.093046  -0.05953  0.093046  0.164869
0.306957  -0.129446  -0.0594389  -0.129446  0.287416  0.092933  -0.0594389  0.092933  0.164828
0.306949  -0.129419  -0.0594256  -0.129419  0.28738  0.0929117  -0.0594256  0.0929117  0.164823
0.306918  -0.129317  -0.0593169  -0.129317  0.287214  0.0927849  -0.0593169  0.0927849  0.164776
0.306914  -0.12931  -0.0592991  -0.12931  0.287203  0.092771  -0.0592991  0.092771  0.164769
0.306887  -0.129215  -0.0592084  -0.129215  0.287049  0.0926584  -0.0592084  0.0926584  0.164729
0.306878  -0.129188  -0.0591951  -0.129188  0.287013  0.0926372  -0.0591951  0.0926372  0.164724
0.306866  -0.129154  -0.0591641  -0.129154  0.286966  0.0926022  -0.0591641  0.0926022  0.164712
0.306827  -0.129025  -0.0590425  -0.129025  0.286765  0.0924548  -0.0590425  0.0924548  0.16466
0.306818  -0.128999  -0.0590293  -0.128999  0.286728  0.0924337  -0.0590293  0.0924337  0.164654
0.306813  -0.128964  -0.0589829  -0.128964  0.286658  0.0923776  -0.0589829  0.0923776  0.164632
0.306778  -0.128842  -0.0588793  -0.128842  0.286468  0.0922445  -0.0588793  0.0922445  0.164587
0.306774  -0.128822  -0.0588838  -0.128822  0.286443  0.0922373  -0.0588838  0.0922373  0.164588
0.306742  -0.128692  -0.0587473  -0.128692  0.28622  0.0920696  -0.0587473  0.0920696  0.164526
0.306738  -0.128685  -0.0587296  -0.128685  0.286209  0.0920558  -0.0587296  0.0920558  0.164519
0.306691  -0.12853  -0.0585955  -0.12853  0.285973  0.0918885  -0.0585955  0.0918885  0.164463
0.306691  -0.12853  -0.0585955  -0.12853  0.285973  0.0918885  -0.0585955  0.0918885  0.164463
0.30664  -0.128369  -0.058444  -0.128369  0.285727  0.0917079  -0.058444  0.0917079  0.164401
0.30664  -0.128369  -0.058444  -0.128369  0.285727  0.0917079  -0.058444  0.0917079  0.164401
0.306596  -0.128193  -0.0582996  -0.128193  0.285444  0.0915133  -0.0582996  0.0915133  0.164336
0.306588  -0.128167  -0.0582866  -0.128167  0.285409  0.0914925  -0.0582866  0.0914925  0.164331
0.30656  -0.128081  -0.0582298  -0.128081  0.285291  0.0914163  -0.0582298  0.0914163  0.164309
0.306505  -0.1279  -0.0580836  -0.1279  0.285021  0.0912297  -0.0580836  0.0912297  0.164249
0.306497  -0.127874  -0.0580706  -0.127874  0.284985  0.0912089  -0.0580706  0.0912089  0.164244
0.30644  -0.127674  -0.0579292  -0.127674  0.284692  0.0910158  -0.0579292  0.0910158  0.164185
0.30644  -0.127674  -0.0579292  -0.127674  0.284692  0.0910158  -0.0579292  0.0910158  0.164185
0.306371  -0.12747  -0.0577859  -0.12747  0.284411  0.0908303  -0.0577859  0.0908303  0.164131
0.306359  -0.127437  -0.0577555  -0.127437  0.284365  0.0907961  -0.0577555  0.0907961  0.16412
0.306331  -0.127351  -0.0576992  -0.127351  0.284248  0.0907207  -0.0576992  0.0907207  0.164098
0.306255  -0.127134  -0.0575216  -0.127134  0.283948  0.0905091  -0.0575216  0.0905091  0.164033
0.306247  -0.127108  -0.0575087  -0.127108  0.283913  0.0904886  -0.0575087  0.0904886  0.164028
0.306161  -0.126874  -0.0573514  -0.126874  0.283611  0.0902913  -0.0573514  0.0902913  0.163974
0.306157  -0.126867  -0.057334  -0.126867  0.283601  0.0902779  -0.057334  0.0902779  0.163968
0.306072  -0.126634  -0.0571771  -0.126634  0.2833  0.0900813  -0.0571771  0.0900813  0.163915
0.306068  -0.126627  -0.0571597  -0.126627  0.28329  0.0900679  -0.0571597  0.0900679  0.163909
0.30599  -0.126393  -0.056988  -0.126393  0.282968  0.0898513  -0.056988  0.0898513  0.163846
0.305971  -0.126362  -0.0569732  -0.126362  0.282945  0.0898382  -0.0569732  0.0898382  0.163846
0.305894  -0.126115  -0.0568239  -0.126115  0.282611  0.0896287  -0.0568239  0.0896287  0.16379
0.305887  -0.126089  -0.0568112  -0.126089  0.282576  0.0896084  -0.0568112  0.0896084  0.163786
0.305845  -0.125993  -0.0567364  -0.125993  0.282463  0.0895283  -0.0567364  0.0895283  0.163764
0.305765  -0.125741  -0.0565704  -0.125741  0.282119  0.0893066  -0.0565704  0.0893066  0.163703
0.305761  -0.125734  -0.0565532  -0.125734  0.282109  0.0892933  -0.0565532  0.0892933  0.163698
0.305667  -0.125458  -0.0563903  -0.125458  0.281755  0.0890727  -0.0563903  0.0890727  0.163643
0.305663  -0.125452  -0.0563731  -0.125452  0.281745  0.0890595  -0.0563731  0.0890595  0.163637
0.30558  -0.125195  -0.056191  -0.125195  0.281394  0.0888262  -0.056191  0.0888262  0.163572
0.305569  -0.125163  -0.0561613  -0.125163  0.281349  0.088793  -0.0561613  0.088793  0.163562
0.305486  -0.124906  -0.0559798  -0.124906  0.280999  0.0885606  -0.0559798  0.0885606  0.163498
0.305479  -0.12488  -0.0559673  -0.12488  0.280965  0.0885407  -0.0559673  0.0885407  0.163493
0.305391  -0.124626  -0.0558015  -0.124626  0.280639  0.0883294  -0.0558015  0.0883294  0.16344
0.305387  -0.12462  -0.0557844  -0.12462  0.280629  0.0883164  -0.0557844  0.0883164  0.163434
0.30531  -0.124371  -0.055621  -0.124371  0.280292  0.0880986  -0.055621  0.0880986  0.163377
0.305295  -0.12432  -0.0555962  -0.12432  0.280224  0.088059  -0.0555962  0.088059  0.163368
0.305266  -0.124218  -0.0555464  -0.124218  0.280088  0.0879798  -0.0555464  0.0879798  0.16335
0.305172  -0.123953  -0.0553478  -0.123953  0.279745  0.0877445  -0.0553478  0.0877445  0.163286
0.305161  -0.123922  -0.0553185  -0.123922  0.279702  0.0877119  -0.0553185  0.0877119  0.163276
0.305054  -0.123581  -0.0551389  -0.123581  0.279266  0.0874505  -0.0551389  0.0874505  0.163218
0.305054  -0.123581  -0.0551389  -0.123581  0.279266  0.0874505  -0.0551389  0.0874505  0.163218
0.305019  -0.123468  -0.0550558  -0.123468  0.279111  0.0873463  -0.0550558  0.0873463  0.16319
0.304923  -0.123186  -0.0548634  -0.123186  0.278749  0.0871067  -0.0548634  0.0871067  0.16313
0.304909  -0.123136  -0.0548388  -0.123136  0.278682  0.0870676  -0.0548388  0.0870676  0.163121
0.304802  -0.122832  -0.0546498  -0.122832  0.27831  0.0868294  -0.0546498  0.0868294  0.163067
0.304795  -0.122807  -0.0546376  -0.122807  0.278277  0.08681  -0.0546376  0.08681  0.163062
0.304681  -0.122492  -0.0544158  -0.122492  0.277887  0.0865475  -0.0544158  0.0865475  0.162998
0.304671  -0.122461  -0.0543869  -0.122461  0.277844  0.0865155  -0.0543869  0.0865155  0.162989
0.304626  -0.122344  -0.0543029  -0.122344  0.277704  0.0864201  -0.0543029  0.0864201  0.162966
0.304518  -0.122024  -0.0541203  -0.122024  0.277313  0.0861778  -0.0541203  0.0861778  0.162915
0.304515  -0.122018  -0.0541036  -0.122018  0.277304  0.0861652  -0.0541036  0.0861652  0.16291
0.304407  -0.121724  -0.0538792  -0.121724  0.276941  0.0859123  -0.0538792  0.0859123  0.162847
0.304403  -0.121718  -0.0538625  -0.121718  0.276931  0.0858998  -0.0538625  0.0858998  0.162842
0.304307  -0.121444  -0.0536888  -0.121444  0.2766  0.0856853  -0.0536888  0.0856853  0.162795
0.304284  -0.12139  -0.0536629  -0.12139  0.276547  0.0856543  -0.0536629  0.0856543  0.162792
0.304186  -0.121098  -0.0534945  -0.121098  0.276194  0.0854341  -0.0534945  0.0854341  0.162747
0.304176  -0.121068  -0.053466  -0.121068  0.276152  0.0854027  -0.053466  0.0854027  0.162738
0.304134  -0.12094  -0.0534045  -0.12094  0.276002  0.0853148  -0.0534045  0.0853148  0.162722
0.304024  -0.120627  -0.0532397  -0.120627  0.275641  0.0850965  -0.0532397  0.0850965  0.162684
0.304018  -0.120602  -0.0532278  -0.120602  0.275609  0.0850775  -0.0532278  0.0850775  0.16268
