0.309712  -0.135838  -0.0482942  -0.135838  0.288837  0.0859706  -0.0482942  0.0859706  0.160204
0.309712  -0.135838  -0.0482942  -0.135838  0.288837  0.0859706  -0.0482942  0.0859706  0.160204
0.309712  -0.135838  -0.0482942  -0.135838  0.288837  0.0859706  -0.0482942  0.0859706  0.160204
0.309712  -0.135838  -0.0482942  -0.135838  0.288837  0.0859706  -0.0482942  0.0859706  0.160204
0.309712  -0.135838  -0.0482942  -0.135838  0.288837  0.0859706  -0.0482942  0.0859706  0.160204
0.309712  -0.135838  -0.0482942  -0.135838  0.288837  0.0859706  -0.0482942  0.0859706  0.160204
0.309717  -0.135845  -0.0483113  -0.135845  0.288847  0.0859837  -0.0483113  0.0859837  0.160208
0.309729  -0.135851  -0.0483129  -0.135851  0.288835  0.0859762  -0.0483129  0.0859762  0.160204
0.309729  -0.135851  -0.0483129  -0.135851  0.288835  0.0859762  -0.0483129  0.0859762  0.160204
0.30974  -0.135856  -0.0483144  -0.135856  0.288823  0.0859686  -0.0483144  0.0859686  0.1602
0.30974  -0.135856  -0.0483144  -0.135856  0.288823  0.0859686  -0.0483144  0.0859686  0.1602
0.309745  -0.135877  -0.0483092  -0.135877  0.28885  0.0859749  -0.0483092  0.0859749  0.160199
0.309757  -0.135882  -0.0483108  -0.135882  0.288838  0.0859674  -0.0483108  0.0859674  0.160195
0.309757  -0.135882  -0.0483108  -0.135882  0.288838  0.0859674  -0.0483108  0.0859674  0.160195
0.309757  -0.135882  -0.0483108  -0.135882  0.288838  0.0859674  -0.0483108  0.0859674  0.160195
0.309757  -0.135882  -0.0483108  -0.135882  0.288838  0.0859674  -0.0483108  0.0859674  0.160195
0.309768  -0.135887  -0.0483124  -0.135887  0.288825  0.0859598  -0.0483124  0.0859598  0.160191
0.309768  -0.135887  -0.0483124  -0.135887  0.288825  0.0859598  -0.0483124  0.0859598  0.160191
0.309768  -0.135887  -0.0483124  -0.135887  0.288825  0.0859598  -0.0483124  0.0859598  0.160191
0.30978  -0.135892  -0.0483139  -0.135892  0.288813  0.0859523  -0.0483139  0.0859523  0.160186
0.30978  -0.135892  -0.0483139  -0.135892  0.288813  0.0859523  -0.0483139  0.0859523  0.160186
0.30978  -0.135892  -0.0483139  -0.135892  0.288813  0.0859523  -0.0483139  0.0859523  0.160186
0.30978  -0.135892  -0.0483139  -0.135892  0.288813  0.0859523  -0.0483139  0.0859523  0.160186
0.30978  -0.135892  -0.0483139  -0.135892  0.288813  0.0859523  -0.0483139  0.0859523  0.160186
0.30978  -0.135892  -0.0483139  -0.135892  0.288813  0.0859523  -0.0483139  0.0859523  0.160186
0.30978  -0.135892  -0.0483139  -0.135892  0.288813  0.0859523  -0.0483139  0.0859523  0.160186
0.30978  -0.135892  -0.0483139  -0.135892  0.288813  0.0859523  -0.0483139  0.0859523  0.160186
0.30978  -0.135892  -0.0483139  -0.135892  0.288813  0.0859523  -0.0483139  0.0859523  0.160186
0.30978  -0.135892  -0.0483139  -0.135892  0.288813  0.0859523  -0.0483139  0.0859523  0.160186
0.30978  -0.135892  -0.0483139  -0.135892  0.288813  0.0859523  -0.0483139  0.0859523  0.160186
0.30978  -0.135892  -0.0483139  -0.135892  0.288813  0.0859523  -0.0483139  0.0859523  0.160186
0.30978  -0.135892  -0.0483139  -0.135892  0.288813  0.0859523  -0.0483139  0.0859523  0.160186
0.30978  -0.135892  -0.0483139  -0.135892  0.288813  0.0859523  -0.0483139  0.0859523  0.160186
0.30978  -0.135892  -0.0483139  -0.135892  0.288813  0.0859523  -0.0483139  0.0859523  0.160186
0.30978  -0.135892  -0.0483139  -0.135892  0.288813  0.0859523  -0.0483139  0.0859523  0.160186
0.30978  -0.135892  -0.0483139  -0.135892  0.288813  0.0859523  -0.0483139  0.0859523  0.160186
0.30978  -0.135892  -0.0483139  -0.135892  0.288813  0.0859523  -0.0483139  0.0859523  0.160186
0.30978  -0.135892  -0.0483139  -0.135892  0.288813  0.0859523  -0.0483139  0.0859523  0.160186
0.309776  -0.135871  -0.0483191  -0.135871  0.288785  0.085946  -0.0483191  0.085946  0.160187
0.309776  -0.135871  -0.0483191  -0.135871  0.288785  0.085946  -0.0483191  0.085946  0.160187
0.309776  -0.135871  -0.0483191  -0.135871  0.288785  0.085946  -0.0483191  0.085946  0.160187
0.309776  -0.135871  -0.0483191  -0.135871  0.288785  0.085946  -0.0483191  0.085946  0.160187
0.309776  -0.135871  -0.0483191  -0.135871  0.288785  0.085946  -0.0483191  0.085946  0.160187
0.309776  -0.135871  -0.0483191  -0.135871  0.288785  0.085946  -0.0483191  0.085946  0.160187
0.309776  -0.135871  -0.0483191  -0.135871  0.288785  0.085946  -0.0483191  0.085946  0.160187
0.309776  -0.135871  -0.0483191  -0.135871  0.288785  0.085946  -0.0483191  0.085946  0.160187
0.309776  -0.135871  -0.0483191  -0.135871  0.288785  0.085946  -0.0483191  0.085946  0.160187
0.309776  -0.135871  -0.0483191  -0.135871  0.288785  0.085946  -0.0483191  0.085946  0.160187
0.309768  -0.135887  -0.0483124  -0.135887  0.288825  0.0859598  -0.0483124  0.0859598  0.160191
0.309768  -0.135887  -0.0483124  -0.135887  0.288825  0.0859598  -0.0483124  0.0859598  0.160191
0.309768  -0.135887  -0.0483124  -0.135887  0.288825  0.0859598  -0.0483124  0.0859598  0.160191
0.309768  -0.135887  -0.0483124  -0.135887  0.288825  0.0859598  -0.0483124  0.0859598  0.160191
0.309768  -0.135887  -0.0483124  -0.135887  0.288825  0.0859598  -0.0483124  0.0859598  0.160191
0.309768  -0.135887  -0.0483124  -0.135887  0.288825  0.0859598  -0.0483124  0.0859598  0.160191
0.309768  -0.135887  -0.0483124  -0.135887  0.288825  0.0859598  -0.0483124  0.0859598  0.160191
0.309768  -0.135887  -0.0483124  -0.135887  0.288825  0.0859598  -0.0483124  0.0859598  0.160191
0.309768  -0.135887  -0.0483124  -0.135887  0.288825  0.0859598  -0.0483124  0.0859598  0.160191
0.309768  -0.135887  -0.0483124  -0.135887  0.288825  0.0859598  -0.0483124  0.0859598  0.160191
0.309773  -0.135908  -0.0483071  -0.135908  0.288853  0.0859661  -0.0483071  0.0859661  0.16019
0.309773  -0.135908  -0.0483071  -0.135908  0.288853  0.0859661  -0.0483071  0.0859661  0.16019
0.309773  -0.135908  -0.0483071  -0.135908  0.288853  0.0859661  -0.0483071  0.0859661  0.16019
0.309773  -0.135908  -0.0483071  -0.135908  0.288853  0.0859661  -0.0483071  0.0859661  0.16019
0.309773  -0.135908  -0.0483071  -0.135908  0.288853  0.0859661  -0.0483071  0.0859661  0.16019
0.309777  -0.135929  -0.0483019  -0.135929  0.288881  0.0859723  -0.0483019  0.0859723  0.16019
0.309777  -0.135929  -0.0483019  -0.135929  0.288881  0.0859723  -0.0483019  0.0859723  0.16019
0.309777  -0.135929  -0.0483019  -0.135929  0.288881  0.0859723  -0.0483019  0.0859723  0.16019
0.309777  -0.135929  -0.0483019  -0.135929  0.288881  0.0859723  -0.0483019  0.0859723  0.16019
0.309777  -0.135929  -0.0483019  -0.135929  0.288881  0.0859723  -0.0483019  0.0859723  0.16019
0.309782  -0.13595  -0.0482967  -0.13595  0.288909  0.0859786  -0.0482967  0.0859786  0.160189
0.309782  -0.13595  -0.0482967  -0.13595  0.288909  0.0859786  -0.0482967  0.0859786  0.160189
0.309782  -0.13595  -0.0482967  -0.13595  0.288909  0.0859786  -0.0482967  0.0859786  0.160189
0.309782  -0.13595  -0.0482967  -0.13595  0.288909  0.0859786  -0.0482967  0.0859786  0.160189
0.309782  -0.13595  -0.0482967  -0.13595  0.288909  0.0859786  -0.0482967  0.0859786  0.160189
0.309782  -0.13595  -0.0482967  -0.13595  0.288909  0.0859786  -0.0482967  0.0859786  0.160189
0.309786  -0.135971  -0.0482915  -0.135971  0.288937  0.0859849  -0.0482915  0.0859849  0.160189
0.309786  -0.135971  -0.0482915  -0.135971  0.288937  0.0859849  -0.0482915  0.0859849  0.160189
0.309786  -0.135971  -0.0482915  -0.135971  0.288937  0.0859849  -0.0482915  0.0859849  0.160189
0.309786  -0.135971  -0.0482915  -0.135971  0.288937  0.0859849  -0.0482915  0.0859849  0.160189
0.309786  -0.135971  -0.0482915  -0.135971  0.288937  0.0859849  -0.0482915  0.0859849  0.160189
0.309778  -0.135987  -0.0482848  -0.135987  0.288977  0.0859987  -0.0482848  0.0859987  0.160193
0.309778  -0.135987  -0.0482848  -0.135987  0.288977  0.0859987  -0.0482848  0.0859987  0.160193
0.309778  -0.135987  -0.0482848  -0.135987  0.288977  0.0859987  -0.0482848  0.0859987  0.160193
0.309778  -0.135987  -0.0482848  -0.135987  0.288977  0.0859987  -0.0482848  0.0859987  0.160193
0.309778  -0.135987  -0.0482848  -0.135987  0.288977  0.0859987  -0.0482848  0.0859987  0.160193
0.309767  -0.135982  -0.0482832  -0.135982  0.288989  0.0860062  -0.0482832  0.0860062  0.160197
0.309767  -0.135982  -0.0482832  -0.135982  0.288989  0.0860062  -0.0482832  0.0860062  0.160197
0.309771  -0.136003  -0.048278  -0.136003  0.289017  0.0860125  -0.048278  0.0860125  0.160196
0.309759  -0.135998  -0.0482764  -0.135998  0.28903  0.08602  -0.0482764  0.08602  0.160201
0.309759  -0.135998  -0.0482764  -0.135998  0.28903  0.08602  -0.0482764  0.08602  0.160201
0.309747  -0.135992  -0.0482748  -0.135992  0.289042  0.0860276  -0.0482748  0.0860276  0.160205
0.309747  -0.135992  -0.0482748  -0.135992  0.289042  0.0860276  -0.0482748  0.0860276  0.160205
0.309747  -0.135992  -0.0482748  -0.135992  0.289042  0.0860276  -0.0482748  0.0860276  0.160205
0.30974  -0.135995  -0.0482904  -0.135995  0.289065  0.0860483  -0.0482904  0.0860483  0.160213
0.30974  -0.135995  -0.0482904  -0.135995  0.289065  0.0860483  -0.0482904  0.0860483  0.160213
0.309729  -0.135989  -0.0482888  -0.135989  0.289078  0.0860558  -0.0482888  0.0860558  0.160218
0.309729  -0.135989  -0.0482888  -0.135989  0.289078  0.0860558  -0.0482888  0.0860558  0.160218
0.309717  -0.135984  -0.0482873  -0.135984  0.28909  0.0860634  -0.0482873  0.0860634  0.160222
0.309717  -0.135984  -0.0482873  -0.135984  0.28909  0.0860634  -0.0482873  0.0860634  0.160222
0.309717  -0.135984  -0.0482873  -0.135984  0.28909  0.0860634  -0.0482873  0.0860634  0.160222
0.309705  -0.135979  -0.0482857  -0.135979  0.289102  0.0860709  -0.0482857  0.0860709  0.160226
0.309705  -0.135979  -0.0482857  -0.135979  0.289102  0.0860709  -0.0482857  0.0860709  0.160226
0.30971  -0.135986  -0.0483028  -0.135986  0.289113  0.0860841  -0.0483028  0.0860841  0.16023
0.30971  -0.135986  -0.0483028  -0.135986  0.289113  0.0860841  -0.0483028  0.0860841  0.16023
0.309698  -0.135981  -0.0483012  -0.135981  0.289125  0.0860916  -0.0483012  0.0860916  0.160235
0.309698  -0.135981  -0.0483012  -0.135981  0.289125  0.0860916  -0.0483012  0.0860916  0.160235
0.309698  -0.135981  -0.0483012  -0.135981  0.289125  0.0860916  -0.0483012  0.0860916  0.160235
0.309686  -0.135976  -0.0482997  -0.135976  0.289138  0.0860992  -0.0482997  0.0860992  0.160239
0.309686  -0.135976  -0.0482997  -0.135976  0.289138  0.0860992  -0.0482997  0.0860992  0.160239
0.309686  -0.135976  -0.0482997  -0.135976  0.289138  0.0860992  -0.0482997  0.0860992  0.160239
0.309686  -0.135976  -0.0482997  -0.135976  0.289138  0.0860992  -0.0482997  0.0860992  0.160239
0.309691  -0.135997  -0.0482944  -0.135997  0.289166  0.0861054  -0.0482944  0.0861054  0.160238
0.309691  -0.135997  -0.0482944  -0.135997  0.289166  0.0861054  -0.0482944  0.0861054  0.160238
0.309691  -0.135997  -0.0482944  -0.135997  0.289166  0.0861054  -0.0482944  0.0861054  0.160238
0.309686  -0.13599  -0.0482773  -0.13599  0.289155  0.0860923  -0.0482773  0.0860923  0.160234
0.309686  -0.13599  -0.0482773  -0.13599  0.289155  0.0860923  -0.0482773  0.0860923  0.160234
0.309686  -0.13599  -0.0482773  -0.13599  0.289155  0.0860923  -0.0482773  0.0860923  0.160234
0.30969  -0.136011  -0.0482721  -0.136011  0.289183  0.0860985  -0.0482721  0.0860985  0.160234
0.30969  -0.136011  -0.0482721  -0.136011  0.289183  0.0860985  -0.0482721  0.0860985  0.160234
0.30969  -0.136011  -0.0482721  -0.136011  0.289183  0.0860985  -0.0482721  0.0860985  0.160234
0.30969  -0.136011  -0.0482721  -0.136011  0.289183  0.0860985  -0.0482721  0.0860985  0.160234
0.309701  -0.136029  -0.0482514  -0.136029  0.289188  0.0860841  -0.0482514  0.0860841  0.160225
0.309705  -0.13605  -0.0482461  -0.13605  0.289216  0.0860903  -0.0482461  0.0860903  0.160225
0.309705  -0.13605  -0.0482461  -0.13605  0.289216  0.0860903  -0.0482461  0.0860903  0.160225
0.30971  -0.136072  -0.0482409  -0.136072  0.289243  0.0860966  -0.0482409  0.0860966  0.160224
0.309722  -0.136077  -0.0482425  -0.136077  0.289231  0.0860891  -0.0482425  0.0860891  0.16022
0.309726  -0.136098  -0.0482373  -0.136098  0.289259  0.0860953  -0.0482373  0.0860953  0.16022
0.309738  -0.136103  -0.0482389  -0.136103  0.289247  0.0860878  -0.0482389  0.0860878  0.160215
0.309733  -0.136096  -0.0482217  -0.136096  0.289236  0.0860746  -0.0482217  0.0860746  0.160211
0.309737  -0.136117  -0.0482165  -0.136117  0.289264  0.0860809  -0.0482165  0.0860809  0.160211
0.309742  -0.136138  -0.0482113  -0.136138  0.289292  0.0860871  -0.0482113  0.0860871  0.16021
0.309758  -0.136164  -0.0482077  -0.136164  0.289307  0.0860858  -0.0482077  0.0860858  0.160206
0.309758  -0.136164  -0.0482077  -0.136164  0.289307  0.0860858  -0.0482077  0.0860858  0.160206
0.309774  -0.13619  -0.048204  -0.13619  0.289323  0.0860845  -0.048204  0.0860845  0.160201
0.309774  -0.13619  -0.048204  -0.13619  0.289323  0.0860845  -0.048204  0.0860845  0.160201
0.30979  -0.136216  -0.0482004  -0.136216  0.289338  0.0860833  -0.0482004  0.0860833  0.160196
0.30979  -0.136216  -0.0482004  -0.136216  0.289338  0.0860833  -0.0482004  0.0860833  0.160196
0.309807  -0.136243  -0.0481967  -0.136243  0.289354  0.086082  -0.0481967  0.086082  0.160191
0.309807  -0.136243  -0.0481967  -0.136243  0.289354  0.086082  -0.0481967  0.086082  0.160191
0.309811  -0.136264  -0.0481915  -0.136264  0.289382  0.0860882  -0.0481915  0.0860882  0.160191
0.309827  -0.13629  -0.0481878  -0.13629  0.289397  0.0860869  -0.0481878  0.0860869  0.160186
0.309827  -0.13629  -0.0481878  -0.13629  0.289397  0.0860869  -0.0481878  0.0860869  0.160186
0.309832  -0.136311  -0.0481826  -0.136311  0.289425  0.0860932  -0.0481826  0.0860932  0.160185
0.309832  -0.136311  -0.0481826  -0.136311  0.289425  0.0860932  -0.0481826  0.0860932  0.160185
0.309832  -0.136311  -0.0481826  -0.136311  0.289425  0.0860932  -0.0481826  0.0860932  0.160185
0.309836  -0.136332  -0.0481774  -0.136332  0.289453  0.0860994  -0.0481774  0.0860994  0.160185
0.309836  -0.136332  -0.0481774  -0.136332  0.289453  0.0860994  -0.0481774  0.0860994  0.160185
0.309841  -0.136339  -0.0481945  -0.136339  0.289464  0.0861126  -0.0481945  0.0861126  0.160189
0.309841  -0.136339  -0.0481945  -0.136339  0.289464  0.0861126  -0.0481945  0.0861126  0.160189
0.309841  -0.136339  -0.0481945  -0.136339  0.289464  0.0861126  -0.0481945  0.0861126  0.160189
0.309841  -0.136339  -0.0481945  -0.136339  0.289464  0.0861126  -0.0481945  0.0861126  0.160189
0.309841  -0.136339  -0.0481945  -0.136339  0.289464  0.0861126  -0.0481945  0.0861126  0.160189
0.309829  -0.136334  -0.048193  -0.136334  0.289476  0.0861202  -0.048193  0.0861202  0.160193
0.309829  -0.136334  -0.048193  -0.136334  0.289476  0.0861202  -0.048193  0.0861202  0.160193
0.309829  -0.136334  -0.048193  -0.136334  0.289476  0.0861202  -0.048193  0.0861202  0.160193
0.309829  -0.136334  -0.048193  -0.136334  0.289476  0.0861202  -0.048193  0.0861202  0.160193
0.309829  -0.136334  -0.048193  -0.136334  0.289476  0.0861202  -0.048193  0.0861202  0.160193
0.309817  -0.136329  -0.0481914  -0.136329  0.289489  0.0861277  -0.0481914  0.0861277  0.160198
0.309817  -0.136329  -0.0481914  -0.136329  0.289489  0.0861277  -0.0481914  0.0861277  0.160198
0.309817  -0.136329  -0.0481914  -0.136329  0.289489  0.0861277  -0.0481914  0.0861277  0.160198
0.309817  -0.136329  -0.0481914  -0.136329  0.289489  0.0861277  -0.0481914  0.0861277  0.160198
0.309817  -0.136329  -0.0481914  -0.136329  0.289489  0.0861277  -0.0481914  0.0861277  0.160198
0.309822  -0.13635  -0.0481862  -0.13635  0.289517  0.086134  -0.0481862  0.086134  0.160197
0.309822  -0.13635  -0.0481862  -0.13635  0.289517  0.086134  -0.0481862  0.086134  0.160197
0.309822  -0.13635  -0.0481862  -0.13635  0.289517  0.086134  -0.0481862  0.086134  0.160197
0.309822  -0.13635  -0.0481862  -0.13635  0.289517  0.086134  -0.0481862  0.086134  0.160197
0.309822  -0.13635  -0.0481862  -0.13635  0.289517  0.086134  -0.0481862  0.086134  0.160197
0.309822  -0.13635  -0.0481862  -0.13635  0.289517  0.086134  -0.0481862  0.086134  0.160197
0.309822  -0.13635  -0.0481862  -0.13635  0.289517  0.086134  -0.0481862  0.086134  0.160197
0.309826  -0.136371  -0.0481809  -0.136371  0.289545  0.0861403  -0.0481809  0.0861403  0.160197
0.309826  -0.136371  -0.0481809  -0.136371  0.289545  0.0861403  -0.0481809  0.0861403  0.160197
0.309826  -0.136371  -0.0481809  -0.136371  0.289545  0.0861403  -0.0481809  0.0861403  0.160197
0.309826  -0.136371  -0.0481809  -0.136371  0.289545  0.0861403  -0.0481809  0.0861403  0.160197
0.309837  -0.13639  -0.0481601  -0.13639  0.289549  0.0861258  -0.0481601  0.0861258  0.160188
0.309837  -0.13639  -0.0481601  -0.13639  0.289549  0.0861258  -0.0481601  0.0861258  0.160188
0.309837  -0.13639  -0.0481601  -0.13639  0.289549  0.0861258  -0.0481601  0.0861258  0.160188
0.309837  -0.13639  -0.0481601  -0.13639  0.289549  0.0861258  -0.0481601  0.0861258  0.160188
0.309837  -0.13639  -0.0481601  -0.13639  0.289549  0.0861258  -0.0481601  0.0861258  0.160188
0.309842  -0.136411  -0.0481549  -0.136411  0.289577  0.086132  -0.0481549  0.086132  0.160187
0.309854  -0.136416  -0.0481565  -0.136416  0.289565  0.0861245  -0.0481565  0.0861245  0.160183
0.309854  -0.136416  -0.0481565  -0.136416  0.289565  0.0861245  -0.0481565  0.0861245  0.160183
0.309858  -0.136437  -0.0481513  -0.136437  0.289593  0.0861307  -0.0481513  0.0861307  0.160183
0.309858  -0.136437  -0.0481513  -0.136437  0.289593  0.0861307  -0.0481513  0.0861307  0.160183
0.309858  -0.136437  -0.0481513  -0.136437  0.289593  0.0861307  -0.0481513  0.0861307  0.160183
0.309874  -0.136464  -0.0481476  -0.136464  0.289609  0.0861294  -0.0481476  0.0861294  0.160178
0.309874  -0.136464  -0.0481476  -0.136464  0.289609  0.0861294  -0.0481476  0.0861294  0.160178
0.309874  -0.136464  -0.0481476  -0.136464  0.289609  0.0861294  -0.0481476  0.0861294  0.160178
0.309874  -0.136464  -0.0481476  -0.136464  0.289609  0.0861294  -0.0481476  0.0861294  0.160178
0.309874  -0.136464  -0.0481476  -0.136464  0.289609  0.0861294  -0.0481476  0.0861294  0.160178
0.309881  -0.136462  -0.048132  -0.136462  0.289586  0.0861087  -0.048132  0.0861087  0.16017
0.309881  -0.136462  -0.048132  -0.136462  0.289586  0.0861087  -0.048132  0.0861087  0.16017
0.309885  -0.136483  -0.0481268  -0.136483  0.289614  0.0861149  -0.0481268  0.0861149  0.160169
0.309885  -0.136483  -0.0481268  -0.136483  0.289614  0.0861149  -0.0481268  0.0861149  0.160169
0.309897  -0.136488  -0.0481284  -0.136488  0.289601  0.0861074  -0.0481284  0.0861074  0.160165
0.309892  -0.136481  -0.0481112  -0.136481  0.28959  0.0860942  -0.0481112  0.0860942  0.160161
0.309892  -0.136481  -0.0481112  -0.136481  0.28959  0.0860942  -0.0481112  0.0860942  0.160161
0.309904  -0.136486  -0.0481128  -0.136486  0.289578  0.0860866  -0.0481128  0.0860866  0.160157
0.309904  -0.136486  -0.0481128  -0.136486  0.289578  0.0860866  -0.0481128  0.0860866  0.160157
0.309921  -0.136512  -0.0481091  -0.136512  0.289594  0.0860853  -0.0481091  0.0860853  0.160152
0.309921  -0.136512  -0.0481091  -0.136512  0.289594  0.0860853  -0.0481091  0.0860853  0.160152
0.309921  -0.136512  -0.0481091  -0.136512  0.289594  0.0860853  -0.0481091  0.0860853  0.160152
0.309921  -0.136512  -0.0481091  -0.136512  0.289594  0.0860853  -0.0481091  0.0860853  0.160152
0.309937  -0.136539  -0.0481055  -0.136539  0.289609  0.086084  -0.0481055  0.086084  0.160147
0.309949  -0.136544  -0.048107  -0.136544  0.289597  0.0860764  -0.048107  0.0860764  0.160143
0.309949  -0.136544  -0.048107  -0.136544  0.289597  0.0860764  -0.048107  0.0860764  0.160143
0.309961  -0.136549  -0.0481086  -0.136549  0.289584  0.0860689  -0.0481086  0.0860689  0.160138
0.309961  -0.136549  -0.0481086  -0.136549  0.289584  0.0860689  -0.0481086  0.0860689  0.160138
0.309977  -0.136575  -0.0481049  -0.136575  0.2896  0.0860676  -0.0481049  0.0860676  0.160134
0.309977  -0.136575  -0.0481049  -0.136575  0.2896  0.0860676  -0.0481049  0.0860676  0.160134
0.309977  -0.136575  -0.0481049  -0.136575  0.2896  0.0860676  -0.0481049  0.0860676  0.160134
0.309989  -0.136581  -0.0481065  -0.136581  0.289588  0.08606  -0.0481065  0.08606  0.160129
0.309989  -0.136581  -0.0481065  -0.136581  0.289588  0.08606  -0.0481065  0.08606  0.160129
0.310011  -0.136614  -0.0481199  -0.136614  0.289614  0.0860719  -0.0481199  0.0860719  0.160128
0.310011  -0.136614  -0.0481199  -0.136614  0.289614  0.0860719  -0.0481199  0.0860719  0.160128
0.310011  -0.136614  -0.0481199  -0.136614  0.289614  0.0860719  -0.0481199  0.0860719  0.160128
0.310023  -0.13662  -0.0481215  -0.13662  0.289601  0.0860643  -0.0481215  0.0860643  0.160124
0.310023  -0.13662  -0.0481215  -0.13662  0.289601  0.0860643  -0.0481215  0.0860643  0.160124
0.310023  -0.13662  -0.0481215  -0.13662  0.289601  0.0860643  -0.0481215  0.0860643  0.160124
0.310018  -0.136598  -0.0481267  -0.136598  0.289573  0.0860581  -0.0481267  0.0860581  0.160125
0.310018  -0.136598  -0.0481267  -0.136598  0.289573  0.0860581  -0.0481267  0.0860581  0.160125
0.310018  -0.136598  -0.0481267  -0.136598  0.289573  0.0860581  -0.0481267  0.0860581  0.160125
0.310018  -0.136598  -0.0481267  -0.136598  0.289573  0.0860581  -0.0481267  0.0860581  0.160125
0.310018  -0.136598  -0.0481267  -0.136598  0.289573  0.0860581  -0.0481267  0.0860581  0.160125
0.310018  -0.136598  -0.0481267  -0.136598  0.289573  0.0860581  -0.0481267  0.0860581  0.160125
0.310018  -0.136598  -0.0481267  -0.136598  0.289573  0.0860581  -0.0481267  0.0860581  0.160125
0.310018  -0.136598  -0.0481267  -0.136598  0.289573  0.0860581  -0.0481267  0.0860581  0.160125
0.310018  -0.136598  -0.0481267  -0.136598  0.289573  0.0860581  -0.0481267  0.0860581  0.160125
0.310019  -0.136585  -0.0481491  -0.136585  0.289556  0.086065  -0.0481491  0.086065  0.160129
0.310019  -0.136585  -0.0481491  -0.136585  0.289556  0.086065  -0.0481491  0.086065  0.160129
0.310019  -0.136585  -0.0481491  -0.136585  0.289556  0.086065  -0.0481491  0.086065  0.160129
0.310019  -0.136585  -0.0481491  -0.136585  0.289556  0.086065  -0.0481491  0.086065  0.160129
0.310019  -0.136585  -0.0481491  -0.136585  0.289556  0.086065  -0.0481491  0.086065  0.160129
0.310036  -0.136597  -0.0481678  -0.136597  0.289554  0.0860707  -0.0481678  0.0860707  0.160129
0.310031  -0.136576  -0.0481731  -0.136576  0.289526  0.0860644  -0.0481731  0.0860644  0.160129
0.310031  -0.136576  -0.0481731  -0.136576  0.289526  0.0860644  -0.0481731  0.0860644  0.160129
0.310031  -0.136576  -0.0481731  -0.136576  0.289526  0.0860644  -0.0481731  0.0860644  0.160129
0.310037  -0.136583  -0.0481902  -0.136583  0.289537  0.0860776  -0.0481902  0.0860776  0.160133
0.310037  -0.136583  -0.0481902  -0.136583  0.289537  0.0860776  -0.0481902  0.0860776  0.160133
0.310037  -0.136583  -0.0481902  -0.136583  0.289537  0.0860776  -0.0481902  0.0860776  0.160133
0.310037  -0.136583  -0.0481902  -0.136583  0.289537  0.0860776  -0.0481902  0.0860776  0.160133
0.310037  -0.136583  -0.0481902  -0.136583  0.289537  0.0860776  -0.0481902  0.0860776  0.160133
0.310042  -0.136591  -0.0482074  -0.136591  0.289548  0.0860908  -0.0482074  0.0860908  0.160137
0.310037  -0.13657  -0.0482126  -0.13657  0.28952  0.0860846  -0.0482126  0.0860846  0.160137
0.310037  -0.13657  -0.0482126  -0.13657  0.28952  0.0860846  -0.0482126  0.0860846  0.160137
0.310037  -0.13657  -0.0482126  -0.13657  0.28952  0.0860846  -0.0482126  0.0860846  0.160137
0.310042  -0.136577  -0.0482298  -0.136577  0.28953  0.0860978  -0.0482298  0.0860978  0.160141
0.310042  -0.136577  -0.0482298  -0.136577  0.28953  0.0860978  -0.0482298  0.0860978  0.160141
0.310042  -0.136577  -0.0482298  -0.136577  0.28953  0.0860978  -0.0482298  0.0860978  0.160141
0.310047  -0.136584  -0.0482469  -0.136584  0.289541  0.086111  -0.0482469  0.086111  0.160145
0.310047  -0.136584  -0.0482469  -0.136584  0.289541  0.086111  -0.0482469  0.086111  0.160145
0.310047  -0.136584  -0.0482469  -0.136584  0.289541  0.086111  -0.0482469  0.086111  0.160145
0.310047  -0.136584  -0.0482469  -0.136584  0.289541  0.086111  -0.0482469  0.086111  0.160145
0.310053  -0.136592  -0.0482641  -0.136592  0.289552  0.0861242  -0.0482641  0.0861242  0.160149
0.310053  -0.136592  -0.0482641  -0.136592  0.289552  0.0861242  -0.0482641  0.0861242  0.160149
0.310058  -0.136599  -0.0482813  -0.136599  0.289562  0.0861374  -0.0482813  0.0861374  0.160153
0.310058  -0.136599  -0.0482813  -0.136599  0.289562  0.0861374  -0.0482813  0.0861374  0.160153
0.310058  -0.136599  -0.0482813  -0.136599  0.289562  0.0861374  -0.0482813  0.0861374  0.160153
0.310062  -0.13662  -0.048276  -0.13662  0.28959  0.0861437  -0.048276  0.0861437  0.160153
0.310062  -0.13662  -0.048276  -0.13662  0.28959  0.0861437  -0.048276  0.0861437  0.160153
0.310062  -0.13662  -0.048276  -0.13662  0.28959  0.0861437  -0.048276  0.0861437  0.160153
0.310074  -0.136625  -0.0482776  -0.136625  0.289578  0.0861361  -0.0482776  0.0861361  0.160149
0.310074  -0.136625  -0.0482776  -0.136625  0.289578  0.0861361  -0.0482776  0.0861361  0.160149
0.310074  -0.136625  -0.0482776  -0.136625  0.289578  0.0861361  -0.0482776  0.0861361  0.160149
0.310074  -0.136625  -0.0482776  -0.136625  0.289578  0.0861361  -0.0482776  0.0861361  0.160149
0.310086  -0.136631  -0.0482792  -0.136631  0.289565  0.0861285  -0.0482792  0.0861285  0.160144
0.310086  -0.136631  -0.0482792  -0.136631  0.289565  0.0861285  -0.0482792  0.0861285  0.160144
0.310086  -0.136631  -0.0482792  -0.136631  0.289565  0.0861285  -0.0482792  0.0861285  0.160144
0.310093  -0.136629  -0.0482636  -0.136629  0.289542  0.0861078  -0.0482636  0.0861078  0.160136
0.310093  -0.136629  -0.0482636  -0.136629  0.289542  0.0861078  -0.0482636  0.0861078  0.160136
0.310109  -0.136655  -0.0482599  -0.136655  0.289558  0.0861064  -0.0482599  0.0861064  0.160131
0.310121  -0.13666  -0.0482615  -0.13666  0.289545  0.0860989  -0.0482615  0.0860989  0.160127
0.310121  -0.13666  -0.0482615  -0.13666  0.289545  0.0860989  -0.0482615  0.0860989  0.160127
0.310128  -0.136658  -0.0482459  -0.136658  0.289522  0.0860781  -0.0482459  0.0860781  0.160119
0.31014  -0.136663  -0.0482474  -0.136663  0.28951  0.0860705  -0.0482474  0.0860705  0.160114
0.310157  -0.13669  -0.0482438  -0.13669  0.289526  0.0860692  -0.0482438  0.0860692  0.160109
0.310164  -0.136687  -0.0482281  -0.136687  0.289502  0.0860485  -0.0482281  0.0860485  0.160101
0.310164  -0.136687  -0.0482281  -0.136687  0.289502  0.0860485  -0.0482281  0.0860485  0.160101
0.310175  -0.136707  -0.0482073  -0.136707  0.289507  0.0860339  -0.0482073  0.0860339  0.160092
0.310175  -0.136707  -0.0482073  -0.136707  0.289507  0.0860339  -0.0482073  0.0860339  0.160092
0.310199  -0.136717  -0.0482104  -0.136717  0.289483  0.0860188  -0.0482104  0.0860188  0.160084
0.310199  -0.136717  -0.0482104  -0.136717  0.289483  0.0860188  -0.0482104  0.0860188  0.160084
0.31021  -0.136736  -0.0481896  -0.136736  0.289488  0.0860043  -0.0481896  0.0860043  0.160075
0.310217  -0.136734  -0.0481739  -0.136734  0.289464  0.0859835  -0.0481739  0.0859835  0.160067
0.310217  -0.136734  -0.0481739  -0.136734  0.289464  0.0859835  -0.0481739  0.0859835  0.160067
0.310228  -0.136753  -0.0481531  -0.136753  0.289469  0.085969  -0.0481531  0.085969  0.160058
0.310228  -0.136753  -0.0481531  -0.136753  0.289469  0.085969  -0.0481531  0.085969  0.160058
0.310235  -0.136765  -0.0481151  -0.136765  0.289464  0.0859412  -0.0481151  0.0859412  0.160045
0.310246  -0.136784  -0.0480942  -0.136784  0.289469  0.0859267  -0.0480942  0.0859267  0.160037
0.310246  -0.136784  -0.0480942  -0.136784  0.289469  0.0859267  -0.0480942  0.0859267  0.160037
0.310264  -0.1368  -0.0480577  -0.1368  0.28945  0.0858914  -0.0480577  0.0858914  0.16002
0.310264  -0.1368  -0.0480577  -0.1368  0.28945  0.0858914  -0.0480577  0.0858914  0.16002
0.310276  -0.136819  -0.0480368  -0.136819  0.289455  0.0858768  -0.0480368  0.0858768  0.160011
0.310276  -0.136819  -0.0480368  -0.136819  0.289455  0.0858768  -0.0480368  0.0858768  0.160011
0.310289  -0.136829  -0.0479832  -0.136829  0.289427  0.0858283  -0.0479832  0.0858283  0.15999
0.310312  -0.136853  -0.0479638  -0.136853  0.289419  0.0858062  -0.0479638  0.0858062  0.159977
0.310312  -0.136853  -0.0479638  -0.136853  0.289419  0.0858062  -0.0479638  0.0858062  0.159977
0.310329  -0.136884  -0.0479049  -0.136884  0.289419  0.0857639  -0.0479049  0.0857639  0.159956
0.310329  -0.136884  -0.0479049  -0.136884  0.289419  0.0857639  -0.0479049  0.0857639  0.159956
0.310359  -0.13692  -0.0478475  -0.13692  0.289405  0.0857141  -0.0478475  0.0857141  0.159931
0.310372  -0.136929  -0.0477938  -0.136929  0.289377  0.0856656  -0.0477938  0.0856656  0.15991
0.310377  -0.13695  -0.0477886  -0.13695  0.289405  0.0856718  -0.0477886  0.0856718  0.15991
0.310401  -0.136979  -0.047714  -0.136979  0.289381  0.0856088  -0.047714  0.0856088  0.15988
0.310401  -0.136979  -0.047714  -0.136979  0.289381  0.0856088  -0.047714  0.0856088  0.15988
0.310437  -0.137026  -0.0476185  -0.137026  0.289362  0.0855312  -0.0476185  0.0855312  0.159843
0.310454  -0.137057  -0.0475595  -0.137057  0.289362  0.0854889  -0.0475595  0.0854889  0.159822
0.310449  -0.137049  -0.0475424  -0.137049  0.289351  0.0854757  -0.0475424  0.0854757  0.159818
0.310485  -0.137097  -0.0474469  -0.137097  0.289333  0.0853982  -0.0474469  0.0853982  0.15978
0.310485  -0.137097  -0.0474469  -0.137097  0.289333  0.0853982  -0.0474469  0.0853982  0.15978
0.31051  -0.13713  -0.047317  -0.13713  0.289293  0.0852943  -0.047317  0.0852943  0.159736
0.310534  -0.137172  -0.04722  -0.137172  0.289287  0.0852243  -0.04722  0.0852243  0.159703
0.31054  -0.13717  -0.0472044  -0.13717  0.289264  0.0852036  -0.0472044  0.0852036  0.159695
0.31057  -0.137223  -0.0470693  -0.137223  0.289252  0.0851059  -0.0470693  0.0851059  0.15965
0.310565  -0.137216  -0.0470522  -0.137216  0.289242  0.0850928  -0.0470522  0.0850928  0.159646
0.310602  -0.137267  -0.0469014  -0.137267  0.289207  0.0849745  -0.0469014  0.0849745  0.159594
0.310632  -0.137307  -0.0467887  -0.137307  0.289179  0.0848839  -0.0467887  0.0848839  0.159553
0.310627  -0.1373  -0.0467716  -0.1373  0.289168  0.0848708  -0.0467716  0.0848708  0.15955
0.310657  -0.137358  -0.0465814  -0.137358  0.289141  0.0847325  -0.0465814  0.0847325  0.15949
0.310664  -0.137356  -0.0465658  -0.137356  0.289118  0.0847118  -0.0465658  0.0847118  0.159483
0.310695  -0.137413  -0.0463756  -0.137413  0.289091  0.0845736  -0.0463756  0.0845736  0.159424
0.310719  -0.13746  -0.0462234  -0.13746  0.289069  0.084463  -0.0462234  0.084463  0.159377
0.310726  -0.137457  -0.0462078  -0.137457  0.289046  0.0844424  -0.0462078  0.0844424  0.159369
0.310757  -0.137519  -0.0459626  -0.137519  0.289004  0.0842637  -0.0459626  0.0842637  0.159296
0.310764  -0.137517  -0.0459469  -0.137517  0.288981  0.0842431  -0.0459469  0.0842431  0.159288
0.310784  -0.137564  -0.0456678  -0.137564  0.288918  0.0840385  -0.0456678  0.0840385  0.15921
0.31081  -0.1376  -0.0454832  -0.1376  0.288863  0.0838947  -0.0454832  0.0838947  0.159153
0.310799  -0.137585  -0.0454492  -0.137585  0.288842  0.0838688  -0.0454492  0.0838688  0.159147
0.310832  -0.137637  -0.0451717  -0.137637  0.288767  0.0836571  -0.0451717  0.0836571  0.159065
0.310839  -0.137635  -0.0451561  -0.137635  0.288744  0.0836366  -0.0451561  0.0836366  0.159058
0.310851  -0.137643  -0.0448334  -0.137643  0.288609  0.0833806  -0.0448334  0.0833806  0.158968
0.310876  -0.137679  -0.044649  -0.137679  0.288555  0.0832373  -0.044649  0.0832373  0.158914
0.310883  -0.137677  -0.0446334  -0.137677  0.288532  0.0832168  -0.0446334  0.0832168  0.158907
0.310896  -0.137675  -0.0442786  -0.137675  0.288365  0.0829283  -0.0442786  0.0829283  0.158809
0.310907  -0.137694  -0.0442576  -0.137694  0.28837  0.0829136  -0.0442576  0.0829136  0.158801
0.310916  -0.137671  -0.0439087  -0.137671  0.288175  0.08262  -0.0439087  0.08262  0.158706
0.310909  -0.137663  -0.0436239  -0.137663  0.288059  0.0824009  -0.0436239  0.0824009  0.158637
0.310915  -0.137674  -0.043586  -0.137674  0.288055  0.0823735  -0.043586  0.0823735  0.158626
0.310907  -0.137642  -0.0431656  -0.137642  0.287847  0.0820362  -0.0431656  0.0820362  0.158523
0.310896  -0.137628  -0.0431321  -0.137628  0.287827  0.0820108  -0.0431321  0.0820108  0.158517
0.310894  -0.137607  -0.0426746  -0.137607  0.287615  0.0816474  -0.0426746  0.0816474  0.158406
0.310883  -0.137581  -0.0423424  -0.137581  0.287458  0.0813847  -0.0423424  0.0813847  0.158329
0.310889  -0.137593  -0.0423046  -0.137593  0.287453  0.0813575  -0.0423046  0.0813575  0.15832
0.310882  -0.137551  -0.0418542  -0.137551  0.287215  0.0809905  -0.0418542  0.0809905  0.158214
0.310876  -0.137558  -0.0418154  -0.137558  0.287223  0.0809711  -0.0418154  0.0809711  0.158209
0.310869  -0.137506  -0.0413339  -0.137506  0.286953  0.0805727  -0.0413339  0.0805727  0.158097
0.31087  -0.137485  -0.0410044  -0.137485  0.286785  0.0803049  -0.0410044  0.0803049  0.158022
0.310872  -0.137475  -0.0409724  -0.137475  0.286752  0.0802724  -0.0409724  0.0802724  0.158013
0.310848  -0.137425  -0.040453  -0.137425  0.286504  0.079865  -0.040453  0.079865  0.157907
0.310849  -0.137415  -0.0404211  -0.137415  0.286471  0.0798326  -0.0404211  0.0798326  0.157898
0.310814  -0.13735  -0.0398703  -0.13735  0.286205  0.0794023  -0.0398703  0.0794023  0.157791
0.310794  -0.1373  -0.0394775  -0.1373  0.285999  0.0790884  -0.0394775  0.0790884  0.157715
0.310795  -0.13729  -0.0394457  -0.13729  0.285966  0.0790563  -0.0394457  0.0790563  0.157707
0.310777  -0.137237  -0.0389145  -0.137237  0.285699  0.0786337  -0.0389145  0.0786337  0.157605
0.31074  -0.137175  -0.0385065  -0.137175  0.285497  0.0783178  -0.0385065  0.0783178  0.157537
0.310742  -0.137165  -0.0384748  -0.137165  0.285465  0.0782859  -0.0384748  0.0782859  0.157529
0.310713  -0.137098  -0.0379137  -0.137098  0.28518  0.0778424  -0.0379137  0.0778424  0.157431
0.310709  -0.137081  -0.0378659  -0.137081  0.285138  0.0777986  -0.0378659  0.0777986  0.157422
0.310671  -0.136999  -0.0372743  -0.136999  0.284836  0.0773333  -0.0372743  0.0773333  0.157325
0.310671  -0.137003  -0.0372209  -0.137003  0.284822  0.0772949  -0.0372209  0.0772949  0.157317
0.310616  -0.136914  -0.0365612  -0.136914  0.28451  0.0767897  -0.0365612  0.0767897  0.157221
0.310617  -0.136904  -0.0365299  -0.136904  0.284478  0.0767582  -0.0365299  0.0767582  0.157214
0.310574  -0.136815  -0.0359261  -0.136815  0.284169  0.0762861  -0.0359261  0.0762861  0.157127
0.310549  -0.136762  -0.0354719  -0.136762  0.283946  0.075932  -0.0354719  0.075932  0.157064
0.310545  -0.136744  -0.0354248  -0.136744  0.283905  0.0758892  -0.0354248  0.0758892  0.157056
0.31049  -0.136656  -0.0347711  -0.136656  0.283598  0.0753912  -0.0347711  0.0753912  0.156976
0.310455  -0.136588  -0.0342879  -0.136588  0.283359  0.0750172  -0.0342879  0.0750172  0.156918
0.310451  -0.136571  -0.0342411  -0.136571  0.283317  0.0749748  -0.0342411  0.0749748  0.156911
0.310427  -0.136529  -0.0336328  -0.136529  0.283058  0.074513  -0.0336328  0.074513  0.15684
0.310429  -0.136519  -0.0336019  -0.136519  0.283027  0.0744823  -0.0336019  0.0744823  0.156834
0.310405  -0.136481  -0.0329428  -0.136481  0.282756  0.0739853  -0.0329428  0.0739853  0.156763
0.310399  -0.136488  -0.0329056  -0.136488  0.282765  0.0739672  -0.0329056  0.0739672  0.156762
0.310367  -0.136412  -0.0322083  -0.136412  0.282428  0.0734262  -0.0322083  0.0734262  0.156691
0.310342  -0.136366  -0.0316575  -0.136366  0.282187  0.073008  -0.0316575  0.073008  0.156641
0.310338  -0.136349  -0.0316114  -0.136349  0.282146  0.0729664  -0.0316114  0.0729664  0.156636
0.310314  -0.136315  -0.030906  -0.136315  0.281868  0.0724396  -0.030906  0.0724396  0.156578
0.310315  -0.136319  -0.0308539  -0.136319  0.281856  0.0724028  -0.0308539  0.0724028  0.156574
0.310301  -0.136285  -0.0302027  -0.136285  0.28158  0.0719075  -0.0302027  0.0719075  0.156522
0.310297  -0.136268  -0.030157  -0.136268  0.281539  0.0718664  -0.030157  0.0718664  0.156518
0.310261  -0.136244  -0.0294344  -0.136244  0.281297  0.0713461  -0.0294344  0.0713461  0.15648
0.310257  -0.136227  -0.0293888  -0.136227  0.281257  0.0713052  -0.0293888  0.0713052  0.156476
0.310243  -0.136207  -0.0287202  -0.136207  0.281004  0.0708082  -0.0287202  0.0708082  0.156439
0.310243  -0.13621  -0.0286686  -0.13621  0.280992  0.0707719  -0.0286686  0.0707719  0.156436
0.310221  -0.136203  -0.0280472  -0.136203  0.280793  0.0703254  -0.0280472  0.0703254  0.156413
0.310198  -0.136185  -0.0275816  -0.136185  0.280632  0.0699889  -0.0275816  0.0699889  0.1564
0.310198  -0.136188  -0.0275302  -0.136188  0.28062  0.0699528  -0.0275302  0.0699528  0.156398
0.310158  -0.136143  -0.0268218  -0.136143  0.280358  0.0694374  -0.0268218  0.0694374  0.156384
0.310158  -0.136147  -0.0267705  -0.136147  0.280346  0.0694014  -0.0267705  0.0694014  0.156383
0.310103  -0.136078  -0.0260711  -0.136078  0.28007  0.0688926  -0.0260711  0.0688926  0.15638
0.310086  -0.136066  -0.0256243  -0.136066  0.279922  0.0685712  -0.0256243  0.0685712  0.156378
0.310082  -0.136049  -0.0255797  -0.136049  0.279882  0.0685316  -0.0255797  0.0685316  0.156377
0.310036  -0.136008  -0.0248926  -0.136008  0.279647  0.0680417  -0.0248926  0.0680417  0.156385
0.310036  -0.136012  -0.0248417  -0.136012  0.279636  0.0680062  -0.0248417  0.0680062  0.156385
0.309999  -0.135984  -0.0241863  -0.135984  0.27942  0.0675397  -0.0241863  0.0675397  0.156398
0.309964  -0.135932  -0.0237057  -0.135932  0.279221  0.0671874  -0.0237057  0.0671874  0.15641
0.309964  -0.135935  -0.0236551  -0.135935  0.279209  0.0671522  -0.0236551  0.0671522  0.156411
0.309949  -0.135902  -0.0230234  -0.135902  0.278952  0.0666801  -0.0230234  0.0666801  0.156423
0.309949  -0.135905  -0.0229729  -0.135905  0.278941  0.066645  -0.0229729  0.066645  0.156424
0.309913  -0.135864  -0.0223438  -0.135864  0.27871  0.066191  -0.0223438  0.066191  0.15645
0.309895  -0.135867  -0.0218832  -0.135867  0.278588  0.0658711  -0.0218832  0.0658711  0.156474
0.309895  -0.135871  -0.0218329  -0.135871  0.278577  0.0658363  -0.0218329  0.0658363  0.156476
0.309864  -0.13584  -0.0211712  -0.13584  0.278348  0.0653612  -0.0211712  0.0653612  0.156513
0.309864  -0.135844  -0.021121  -0.135844  0.278337  0.0653265  -0.021121  0.0653265  0.156516
0.309834  -0.1358  -0.0204822  -0.1358  0.27809  0.0648601  -0.0204822  0.0648601  0.156556
0.309815  -0.135803  -0.0200251  -0.135803  0.27797  0.064544  -0.0200251  0.064544  0.156591
0.309812  -0.135786  -0.0199818  -0.135786  0.277932  0.0645061  -0.0199818  0.0645061  0.156593
0.30979  -0.13577  -0.0193537  -0.13577  0.277724  0.0640567  -0.0193537  0.0640567  0.156642
0.309794  -0.13578  -0.019318  -0.13578  0.277722  0.0640322  -0.019318  0.0640322  0.156644
0.309749  -0.13574  -0.01865  -0.13574  0.277503  0.0635632  -0.01865  0.0635632  0.15671
0.309726  -0.135736  -0.0181823  -0.135736  0.277379  0.063241  -0.0181823  0.063241  0.156759
0.309726  -0.13574  -0.0181327  -0.13574  0.277369  0.0632069  -0.0181327  0.0632069  0.156764
0.309713  -0.135741  -0.0174879  -0.135741  0.277172  0.0627482  -0.0174879  0.0627482  0.156829
0.309713  -0.135745  -0.0174384  -0.135745  0.277162  0.0627143  -0.0174384  0.0627143  0.156834
0.309685  -0.135746  -0.0168109  -0.135746  0.277001  0.0622832  -0.0168109  0.0622832  0.156911
0.309647  -0.135732  -0.0163338  -0.135732  0.276884  0.0619631  -0.0163338  0.0619631  0.15698
0.309647  -0.135736  -0.0162845  -0.135736  0.276874  0.0619294  -0.0162845  0.0619294  0.156986
0.309625  -0.135724  -0.0156168  -0.135724  0.276666  0.0614567  -0.0156168  0.0614567  0.157073
0.309621  -0.135707  -0.0155744  -0.135707  0.276628  0.06142  -0.0155744  0.06142  0.157078
0.309613  -0.135714  -0.0149499  -0.135714  0.276445  0.0609779  -0.0149499  0.0609779  0.157162
