0.309135  -0.13635  -0.0632033  -0.13635  0.297176  0.0987727  -0.0632033  0.0987727  0.166507
0.309135  -0.13635  -0.0632033  -0.13635  0.297176  0.0987727  -0.0632033  0.0987727  0.166507
0.309144  -0.136131  -0.0636509  -0.136131  0.296955  0.0989511  -0.0636509  0.0989511  0.166688
0.309138  -0.136064  -0.0637828  -0.136064  0.296901  0.0990105  -0.0637828  0.0990105  0.166746
0.309137  -0.135943  -0.0640842  -0.135943  0.296816  0.0991599  -0.0640842  0.0991599  0.166878
0.309195  -0.136067  -0.0644333  -0.136067  0.297082  0.0994722  -0.0644333  0.0994722  0.167043
0.309204  -0.136095  -0.0644478  -0.136095  0.297122  0.0994954  -0.0644478  0.0994954  0.16705
0.309316  -0.136007  -0.065128  -0.136007  0.297042  0.0998451  -0.065128  0.0998451  0.167323
0.309322  -0.135973  -0.0652168  -0.135973  0.297008  0.0998827  -0.0652168  0.0998827  0.167361
0.30937  -0.135818  -0.0661251  -0.135818  0.297037  0.100438  -0.0661251  0.100438  0.167783
0.30938  -0.135833  -0.0661632  -0.135833  0.297062  0.100469  -0.0661632  0.100469  0.1678
0.30937  -0.135943  -0.0665717  -0.135943  0.297465  0.100899  -0.0665717  0.100899  0.168038
0.30938  -0.135944  -0.0666332  -0.135944  0.297475  0.100938  -0.0666332  0.100938  0.168065
0.309387  -0.136073  -0.0667921  -0.136073  0.297769  0.101163  -0.0667921  0.101163  0.168166
0.309397  -0.136102  -0.066807  -0.136102  0.297809  0.101186  -0.066807  0.101186  0.168174
0.309405  -0.136239  -0.0667711  -0.136239  0.298027  0.101258  -0.0667711  0.101258  0.168172
0.309288  -0.1362  -0.067028  -0.1362  0.2983  0.101571  -0.067028  0.101571  0.168364
0.309268  -0.136194  -0.0670409  -0.136194  0.298337  0.101601  -0.0670409  0.101601  0.168381
0.30918  -0.136511  -0.0669167  -0.136511  0.299036  0.101858  -0.0669167  0.101858  0.168411
0.309158  -0.136561  -0.066836  -0.136561  0.299135  0.101858  -0.066836  0.101858  0.168387
0.309148  -0.136734  -0.0669567  -0.136734  0.299527  0.102108  -0.0669567  0.102108  0.168485
0.30914  -0.136735  -0.0669728  -0.136735  0.299552  0.102131  -0.0669728  0.102131  0.168498
0.309139  -0.136876  -0.0672611  -0.136876  0.299945  0.102483  -0.0672611  0.102483  0.168676
0.30913  -0.136905  -0.0672302  -0.136905  0.300001  0.102491  -0.0672302  0.102491  0.168668
0.309132  -0.13724  -0.0671741  -0.13724  0.300589  0.102713  -0.0671741  0.102713  0.16869
0.309142  -0.137269  -0.067189  -0.137269  0.30063  0.102738  -0.067189  0.102738  0.168698
0.309204  -0.137191  -0.067624  -0.137191  0.300558  0.102957  -0.067624  0.102957  0.168888
0.309197  -0.137178  -0.0676636  -0.137178  0.300567  0.102988  -0.0676636  0.102988  0.168911
0.309202  -0.137158  -0.0677299  -0.137158  0.300549  0.103019  -0.0677299  0.103019  0.168941
0.309202  -0.137161  -0.0675929  -0.137161  0.300493  0.10291  -0.0675929  0.10291  0.168867
0.309197  -0.137139  -0.0675971  -0.137139  0.300465  0.102901  -0.0675971  0.102901  0.168869
0.309175  -0.136758  -0.0677362  -0.136758  0.299868  0.102731  -0.0677362  0.102731  0.168895
0.309161  -0.136694  -0.0677489  -0.136694  0.299784  0.102707  -0.0677489  0.102707  0.168899
0.309152  -0.136598  -0.0677144  -0.136598  0.29961  0.102611  -0.0677144  0.102611  0.16887
0.309075  -0.136361  -0.0674225  -0.136361  0.299195  0.102271  -0.0674225  0.102271  0.168715
0.30907  -0.136354  -0.0674033  -0.136354  0.299182  0.102255  -0.0674033  0.102255  0.168706
0.309013  -0.135974  -0.0674505  -0.135974  0.298621  0.102054  -0.0674505  0.102054  0.168702
0.309021  -0.135959  -0.0674578  -0.135959  0.298582  0.102039  -0.0674578  0.102039  0.168699
0.308999  -0.135885  -0.0673736  -0.135885  0.298452  0.101936  -0.0673736  0.101936  0.168653
0.309019  -0.135891  -0.0673607  -0.135891  0.298415  0.101906  -0.0673607  0.101906  0.168636
0.309024  -0.135898  -0.0673798  -0.135898  0.298428  0.101922  -0.0673798  0.101922  0.168645
0.309079  -0.135829  -0.0676339  -0.135829  0.298306  0.102007  -0.0676339  0.102007  0.168742
0.309085  -0.135837  -0.0676531  -0.135837  0.298319  0.102023  -0.0676531  0.102023  0.168751
0.309154  -0.136013  -0.0676683  -0.136013  0.298513  0.102097  -0.0676683  0.102097  0.168751
0.309171  -0.136041  -0.0676673  -0.136041  0.298528  0.102098  -0.0676673  0.102098  0.168745
0.309259  -0.136078  -0.0678848  -0.136078  0.298521  0.102202  -0.0678848  0.102202  0.168823
0.309259  -0.136064  -0.0679082  -0.136064  0.298505  0.10221  -0.0679082  0.10221  0.168834
0.309307  -0.136112  -0.0679328  -0.136112  0.298509  0.102212  -0.0679328  0.102212  0.168829
0.309312  -0.136133  -0.0679286  -0.136133  0.298536  0.10222  -0.0679286  0.10222  0.168828
0.309338  -0.136135  -0.0678215  -0.136135  0.298441  0.102105  -0.0678215  0.102105  0.168756
0.309338  -0.136135  -0.0678215  -0.136135  0.298441  0.102105  -0.0678215  0.102105  0.168756
0.309345  -0.135996  -0.0678249  -0.135996  0.298174  0.101986  -0.0678249  0.101986  0.168732
0.30934  -0.135988  -0.0678057  -0.135988  0.298161  0.101971  -0.0678057  0.101971  0.168723
0.309317  -0.135945  -0.0675376  -0.135945  0.298007  0.101745  -0.0675376  0.101745  0.168583
0.309324  -0.135943  -0.0675215  -0.135943  0.297982  0.101722  -0.0675215  0.101722  0.16857
0.309329  -0.135774  -0.067494  -0.135774  0.297651  0.101557  -0.067494  0.101557  0.168526
0.309337  -0.135759  -0.0675013  -0.135759  0.297611  0.101542  -0.0675013  0.101542  0.168523
0.309356  -0.13571  -0.0673675  -0.13571  0.297424  0.101372  -0.0673675  0.101372  0.168433
0.309373  -0.135737  -0.0673664  -0.135737  0.297439  0.101373  -0.0673664  0.101373  0.168428
0.309401  -0.135741  -0.0673373  -0.135741  0.297378  0.101319  -0.0673373  0.101319  0.168398
0.30948  -0.135657  -0.0674298  -0.135657  0.297113  0.101235  -0.0674298  0.101235  0.168393
0.309493  -0.135649  -0.0674563  -0.135649  0.297086  0.101236  -0.0674563  0.101236  0.168399
0.309577  -0.135699  -0.0674352  -0.135699  0.297003  0.101161  -0.0674352  0.101161  0.168352
0.30959  -0.135706  -0.0674383  -0.135706  0.296991  0.101154  -0.0674383  0.101154  0.168348
0.309668  -0.135716  -0.0675036  -0.135716  0.296887  0.101125  -0.0675036  0.101125  0.168344
0.309676  -0.1357  -0.0675109  -0.1357  0.296847  0.10111  -0.0675109  0.10111  0.168341
0.309732  -0.135761  -0.0674956  -0.135761  0.296841  0.101081  -0.0674956  0.101081  0.168313
0.309727  -0.135753  -0.0674764  -0.135753  0.296829  0.101066  -0.0674764  0.101066  0.168304
0.309752  -0.135807  -0.0674123  -0.135807  0.29685  0.101029  -0.0674123  0.101029  0.168265
0.309752  -0.135807  -0.0674123  -0.135807  0.29685  0.101029  -0.0674123  0.101029  0.168265
0.309764  -0.135827  -0.0673919  -0.135827  0.296853  0.101014  -0.0673919  0.101014  0.168251
0.309764  -0.135827  -0.0673919  -0.135827  0.296853  0.101014  -0.0673919  0.101014  0.168251
0.30976  -0.135905  -0.0673102  -0.135905  0.296966  0.101015  -0.0673102  0.101015  0.168221
0.309765  -0.135926  -0.067306  -0.135926  0.296993  0.101023  -0.067306  0.101023  0.16822
0.309763  -0.135935  -0.0673413  -0.135935  0.29703  0.101062  -0.0673413  0.101062  0.168242
0.309763  -0.135935  -0.0673413  -0.135935  0.29703  0.101062  -0.0673413  0.101062  0.168242
0.30977  -0.136014  -0.0673214  -0.136014  0.297152  0.101102  -0.0673214  0.101102  0.16824
0.30977  -0.136014  -0.0673214  -0.136014  0.297152  0.101102  -0.0673214  0.101102  0.16824
0.309795  -0.136066  -0.0673941  -0.136066  0.297229  0.101173  -0.0673941  0.101173  0.168274
0.3098  -0.136073  -0.0674133  -0.136073  0.297241  0.101188  -0.0674133  0.101188  0.168283
0.309814  -0.136066  -0.0674398  -0.136066  0.297214  0.101188  -0.0674398  0.101188  0.168289
0.309834  -0.136137  -0.0674465  -0.136137  0.297309  0.101229  -0.0674465  0.101229  0.168293
0.309839  -0.136159  -0.0674423  -0.136159  0.297337  0.101237  -0.0674423  0.101237  0.168292
0.309839  -0.136159  -0.0674423  -0.136159  0.297337  0.101237  -0.0674423  0.101237  0.168292
0.309831  -0.136146  -0.0674819  -0.136146  0.297346  0.101267  -0.0674819  0.101267  0.168315
0.309831  -0.136146  -0.0674819  -0.136146  0.297346  0.101267  -0.0674819  0.101267  0.168315
0.309799  -0.136168  -0.0673861  -0.136168  0.297404  0.101244  -0.0673861  0.101244  0.168284
0.309799  -0.136168  -0.0673861  -0.136168  0.297404  0.101244  -0.0673861  0.101244  0.168284
0.30974  -0.136105  -0.0673234  -0.136105  0.297376  0.10121  -0.0673234  0.10121  0.168271
0.309745  -0.136126  -0.0673192  -0.136126  0.297403  0.101219  -0.0673192  0.101219  0.168269
0.309745  -0.136126  -0.0673192  -0.136126  0.297403  0.101219  -0.0673192  0.101219  0.168269
0.309732  -0.136134  -0.0672927  -0.136134  0.297431  0.101218  -0.0672927  0.101218  0.168263
0.309706  -0.136135  -0.0672631  -0.136135  0.297471  0.101225  -0.0672631  0.101225  0.168261
0.309706  -0.136135  -0.0672631  -0.136135  0.297471  0.101225  -0.0672631  0.101225  0.168261
0.309685  -0.13613  -0.0672762  -0.13613  0.297507  0.101256  -0.0672762  0.101256  0.168278
0.309685  -0.13613  -0.0672762  -0.13613  0.297507  0.101256  -0.0672762  0.101256  0.168278
0.309685  -0.136144  -0.0672528  -0.136144  0.297523  0.101248  -0.0672528  0.101248  0.168268
0.309677  -0.136131  -0.0672923  -0.136131  0.297532  0.101279  -0.0672923  0.101279  0.168291
0.309672  -0.13611  -0.0672965  -0.13611  0.297504  0.10127  -0.0672965  0.10127  0.168292
0.309665  -0.136111  -0.0673127  -0.136111  0.297529  0.101293  -0.0673127  0.101293  0.168305
0.309659  -0.136117  -0.06727  -0.136117  0.297532  0.10127  -0.06727  0.10127  0.168286
0.309659  -0.136117  -0.06727  -0.136117  0.297532  0.10127  -0.06727  0.10127  0.168286
0.309637  -0.136068  -0.0672754  -0.136068  0.297489  0.101261  -0.0672754  0.101261  0.168293
0.309637  -0.136068  -0.0672754  -0.136068  0.297489  0.101261  -0.0672754  0.101261  0.168293
0.309613  -0.136075  -0.0671871  -0.136075  0.297507  0.101222  -0.0671871  0.101222  0.168259
0.309613  -0.136075  -0.0671871  -0.136075  0.297507  0.101222  -0.0671871  0.101222  0.168259
0.309603  -0.13606  -0.0671487  -0.13606  0.297482  0.101191  -0.0671487  0.101191  0.168242
0.309603  -0.13606  -0.0671487  -0.13606  0.297482  0.101191  -0.0671487  0.101191  0.168242
0.309589  -0.136067  -0.0671222  -0.136067  0.29751  0.101191  -0.0671222  0.101191  0.168236
0.309584  -0.13606  -0.067103  -0.13606  0.297497  0.101175  -0.067103  0.101175  0.168227
0.309597  -0.13608  -0.0670827  -0.13608  0.2975  0.10116  -0.0670827  0.10116  0.168212
0.309597  -0.13608  -0.0670827  -0.13608  0.2975  0.10116  -0.0670827  0.10116  0.168212
0.309605  -0.136051  -0.0671134  -0.136051  0.297445  0.101152  -0.0671134  0.101152  0.16822
0.309605  -0.136051  -0.0671134  -0.136051  0.297445  0.101152  -0.0671134  0.101152  0.16822
0.3096  -0.136057  -0.0670708  -0.136057  0.297448  0.101129  -0.0670708  0.101129  0.168201
0.3096  -0.136057  -0.0670708  -0.136057  0.297448  0.101129  -0.0670708  0.101129  0.168201
0.309613  -0.136063  -0.0670739  -0.136063  0.297436  0.101122  -0.0670739  0.101122  0.168197
0.309603  -0.136021  -0.0670824  -0.136021  0.297381  0.101106  -0.0670824  0.101106  0.1682
0.309603  -0.136021  -0.0670824  -0.136021  0.297381  0.101106  -0.0670824  0.101106  0.1682
0.309592  -0.136006  -0.067044  -0.136006  0.297356  0.101074  -0.067044  0.101074  0.168182
0.309569  -0.135984  -0.0670026  -0.135984  0.297344  0.10105  -0.0670026  0.10105  0.168169
0.309559  -0.135955  -0.0669877  -0.135955  0.297304  0.101027  -0.0669877  0.101027  0.168162
0.309554  -0.135948  -0.0669685  -0.135948  0.297292  0.101011  -0.0669685  0.101011  0.168153
0.309544  -0.135947  -0.0669068  -0.135947  0.297282  0.100972  -0.0669068  0.100972  0.168125
0.309544  -0.135947  -0.0669068  -0.135947  0.297282  0.100972  -0.0669068  0.100972  0.168125
0.309534  -0.135918  -0.0668919  -0.135918  0.297242  0.100949  -0.0668919  0.100949  0.168118
0.309534  -0.135918  -0.0668919  -0.135918  0.297242  0.100949  -0.0668919  0.100949  0.168118
0.309534  -0.135918  -0.0668919  -0.135918  0.297242  0.100949  -0.0668919  0.100949  0.168118
0.309528  -0.135924  -0.0668494  -0.135924  0.297245  0.100925  -0.0668494  0.100925  0.168099
0.309528  -0.135924  -0.0668494  -0.135924  0.297245  0.100925  -0.0668494  0.100925  0.168099
0.309546  -0.135924  -0.066895  -0.135924  0.29723  0.100941  -0.066895  0.100941  0.168114
0.309546  -0.135924  -0.066895  -0.135924  0.29723  0.100941  -0.066895  0.100941  0.168114
0.309559  -0.135944  -0.0668747  -0.135944  0.297233  0.100926  -0.0668747  0.100926  0.1681
0.309559  -0.135944  -0.0668747  -0.135944  0.297233  0.100926  -0.0668747  0.100926  0.1681
0.309564  -0.135952  -0.0668938  -0.135952  0.297246  0.100942  -0.0668938  0.100942  0.168108
0.309559  -0.13593  -0.066898  -0.13593  0.297218  0.100934  -0.066898  0.100934  0.16811
0.309559  -0.13593  -0.066898  -0.13593  0.297218  0.100934  -0.066898  0.100934  0.16811
0.309554  -0.13595  -0.0668321  -0.13595  0.297236  0.100903  -0.0668321  0.100903  0.168081
0.309549  -0.135929  -0.0668364  -0.135929  0.297209  0.100895  -0.0668364  0.100895  0.168082
0.309549  -0.135929  -0.0668364  -0.135929  0.297209  0.100895  -0.0668364  0.100895  0.168082
0.309549  -0.135929  -0.0668364  -0.135929  0.297209  0.100895  -0.0668364  0.100895  0.168082
0.309525  -0.135922  -0.0667717  -0.135922  0.297212  0.100864  -0.0667717  0.100864  0.168059
0.309525  -0.135922  -0.0667717  -0.135922  0.297212  0.100864  -0.0667717  0.100864  0.168059
0.30952  -0.1359  -0.0667759  -0.1359  0.297184  0.100856  -0.0667759  0.100856  0.16806
0.30952  -0.1359  -0.0667759  -0.1359  0.297184  0.100856  -0.0667759  0.100856  0.16806
0.309516  -0.135879  -0.0667802  -0.135879  0.297157  0.100848  -0.0667802  0.100848  0.168062
0.30952  -0.135914  -0.0667526  -0.135914  0.297199  0.100848  -0.0667526  0.100848  0.16805
0.30952  -0.135914  -0.0667526  -0.135914  0.297199  0.100848  -0.0667526  0.100848  0.16805
0.309516  -0.135879  -0.0667802  -0.135879  0.297157  0.100848  -0.0667802  0.100848  0.168062
0.309516  -0.135879  -0.0667802  -0.135879  0.297157  0.100848  -0.0667802  0.100848  0.168062
0.30952  -0.1359  -0.0667759  -0.1359  0.297184  0.100856  -0.0667759  0.100856  0.16806
0.309515  -0.135893  -0.0667568  -0.135893  0.297172  0.10084  -0.0667568  0.10084  0.168052
0.309515  -0.135893  -0.0667568  -0.135893  0.297172  0.10084  -0.0667568  0.10084  0.168052
0.309511  -0.135858  -0.0667844  -0.135858  0.297129  0.10084  -0.0667844  0.10084  0.168063
0.309511  -0.135858  -0.0667844  -0.135858  0.297129  0.10084  -0.0667844  0.10084  0.168063
0.309505  -0.135878  -0.0667186  -0.135878  0.297147  0.100809  -0.0667186  0.100809  0.168034
0.309505  -0.135878  -0.0667186  -0.135878  0.297147  0.100809  -0.0667186  0.100809  0.168034
0.3095  -0.13587  -0.0666994  -0.13587  0.297135  0.100794  -0.0666994  0.100794  0.168026
0.309482  -0.135843  -0.0667007  -0.135843  0.29712  0.100793  -0.0667007  0.100793  0.168031
0.309482  -0.135843  -0.0667007  -0.135843  0.29712  0.100793  -0.0667007  0.100793  0.168031
0.309482  -0.13587  -0.0666539  -0.13587  0.29715  0.100778  -0.0666539  0.100778  0.168011
0.309482  -0.13587  -0.0666539  -0.13587  0.29715  0.100778  -0.0666539  0.100778  0.168011
0.309485  -0.135834  -0.0666655  -0.135834  0.297083  0.100754  -0.0666655  0.100754  0.16801
0.309485  -0.135834  -0.0666655  -0.135834  0.297083  0.100754  -0.0666655  0.100754  0.16801
0.309485  -0.135848  -0.0666421  -0.135848  0.297098  0.100747  -0.0666421  0.100747  0.168
0.309485  -0.135848  -0.0666421  -0.135848  0.297098  0.100747  -0.0666421  0.100747  0.168
0.309485  -0.135848  -0.0666421  -0.135848  0.297098  0.100747  -0.0666421  0.100747  0.168
0.309493  -0.135833  -0.0666494  -0.135833  0.297059  0.100731  -0.0666494  0.100731  0.167997
0.309493  -0.135833  -0.0666494  -0.135833  0.297059  0.100731  -0.0666494  0.100731  0.167997
0.309487  -0.135839  -0.0666069  -0.135839  0.297062  0.100708  -0.0666069  0.100708  0.167978
0.309482  -0.135831  -0.0665878  -0.135831  0.297049  0.100693  -0.0665878  0.100693  0.16797
0.309482  -0.135831  -0.0665878  -0.135831  0.297049  0.100693  -0.0665878  0.100693  0.16797
0.309472  -0.135803  -0.066573  -0.135803  0.29701  0.100669  -0.066573  0.100669  0.167963
0.309472  -0.135803  -0.066573  -0.135803  0.29701  0.100669  -0.066573  0.100669  0.167963
0.309462  -0.135801  -0.0665114  -0.135801  0.297  0.100631  -0.0665114  0.100631  0.167935
0.309462  -0.135801  -0.0665114  -0.135801  0.297  0.100631  -0.0665114  0.100631  0.167935
0.309452  -0.135773  -0.0664966  -0.135773  0.296961  0.100607  -0.0664966  0.100607  0.167928
0.309452  -0.135773  -0.0664966  -0.135773  0.296961  0.100607  -0.0664966  0.100607  0.167928
0.309446  -0.135779  -0.0664542  -0.135779  0.296964  0.100584  -0.0664542  0.100584  0.16791
0.309446  -0.135779  -0.0664542  -0.135779  0.296964  0.100584  -0.0664542  0.100584  0.16791
0.309441  -0.135771  -0.0664351  -0.135771  0.296951  0.100569  -0.0664351  0.100569  0.167901
0.309431  -0.135729  -0.0664436  -0.135729  0.296896  0.100552  -0.0664436  0.100552  0.167904
0.309431  -0.135729  -0.0664436  -0.135729  0.296896  0.100552  -0.0664436  0.100552  0.167904
0.309426  -0.135721  -0.0664245  -0.135721  0.296884  0.100537  -0.0664245  0.100537  0.167895
0.309426  -0.135735  -0.0664012  -0.135735  0.296899  0.100529  -0.0664012  0.100529  0.167885
0.309426  -0.135735  -0.0664012  -0.135735  0.296899  0.100529  -0.0664012  0.100529  0.167885
0.309421  -0.135714  -0.0664055  -0.135714  0.296872  0.100521  -0.0664055  0.100521  0.167887
0.309421  -0.135714  -0.0664055  -0.135714  0.296872  0.100521  -0.0664055  0.100521  0.167887
0.309411  -0.135713  -0.066344  -0.135713  0.296863  0.100483  -0.066344  0.100483  0.16786
0.309416  -0.135734  -0.0663398  -0.135734  0.29689  0.100491  -0.0663398  0.100491  0.167858
0.309398  -0.135707  -0.066341  -0.135707  0.296875  0.10049  -0.066341  0.10049  0.167864
0.309393  -0.135699  -0.066322  -0.135699  0.296863  0.100475  -0.066322  0.100475  0.167855
0.309393  -0.135699  -0.066322  -0.135699  0.296863  0.100475  -0.066322  0.100475  0.167855
0.309375  -0.135699  -0.0662766  -0.135699  0.296878  0.100459  -0.0662766  0.100459  0.167841
0.309375  -0.135699  -0.0662766  -0.135699  0.296878  0.100459  -0.0662766  0.100459  0.167841
0.309375  -0.135699  -0.0662766  -0.135699  0.296878  0.100459  -0.0662766  0.100459  0.167841
0.309365  -0.13567  -0.0662618  -0.13567  0.296838  0.100435  -0.0662618  0.100435  0.167834
0.30937  -0.135692  -0.0662575  -0.135692  0.296866  0.100444  -0.0662575  0.100444  0.167832
0.30936  -0.135677  -0.0662194  -0.135677  0.296841  0.100413  -0.0662194  0.100413  0.167815
0.30936  -0.135677  -0.0662194  -0.135677  0.296841  0.100413  -0.0662194  0.100413  0.167815
0.30936  -0.135677  -0.0662194  -0.135677  0.296841  0.100413  -0.0662194  0.100413  0.167815
0.30936  -0.135677  -0.0662194  -0.135677  0.296841  0.100413  -0.0662194  0.100413  0.167815
0.309359  -0.13569  -0.0661961  -0.13569  0.296857  0.100405  -0.0661961  0.100405  0.167805
0.309354  -0.135683  -0.0661771  -0.135683  0.296845  0.10039  -0.0661771  0.10039  0.167797
0.309354  -0.135683  -0.0661771  -0.135683  0.296845  0.10039  -0.0661771  0.10039  0.167797
0.309354  -0.135683  -0.0661771  -0.135683  0.296845  0.10039  -0.0661771  0.10039  0.167797
0.309354  -0.135683  -0.0661771  -0.135683  0.296845  0.10039  -0.0661771  0.10039  0.167797
0.309344  -0.135682  -0.0661157  -0.135682  0.296835  0.100351  -0.0661157  0.100351  0.16777
0.309344  -0.135682  -0.0661157  -0.135682  0.296835  0.100351  -0.0661157  0.100351  0.16777
0.309344  -0.135682  -0.0661157  -0.135682  0.296835  0.100351  -0.0661157  0.100351  0.16777
0.309344  -0.135682  -0.0661157  -0.135682  0.296835  0.100351  -0.0661157  0.100351  0.16777
0.309326  -0.135682  -0.0660704  -0.135682  0.296851  0.100336  -0.0660704  0.100336  0.167756
0.309326  -0.135682  -0.0660704  -0.135682  0.296851  0.100336  -0.0660704  0.100336  0.167756
0.309321  -0.135674  -0.0660513  -0.135674  0.296839  0.10032  -0.0660513  0.10032  0.167747
0.309321  -0.135674  -0.0660513  -0.135674  0.296839  0.10032  -0.0660513  0.10032  0.167747
0.309315  -0.135667  -0.0660323  -0.135667  0.296826  0.100305  -0.0660323  0.100305  0.167739
0.309315  -0.135681  -0.066009  -0.135681  0.296842  0.100297  -0.066009  0.100297  0.167729
0.30931  -0.135673  -0.06599  -0.135673  0.29683  0.100282  -0.06599  0.100282  0.16772
0.30931  -0.135673  -0.06599  -0.135673  0.29683  0.100282  -0.06599  0.100282  0.16772
0.3093  -0.135658  -0.065952  -0.135658  0.296805  0.100251  -0.065952  0.100251  0.167703
0.3093  -0.135658  -0.065952  -0.135658  0.296805  0.100251  -0.065952  0.100251  0.167703
0.309295  -0.135651  -0.065933  -0.135651  0.296793  0.100235  -0.065933  0.100235  0.167695
0.309272  -0.13563  -0.065892  -0.13563  0.296781  0.100212  -0.065892  0.100212  0.167682
0.309272  -0.13563  -0.065892  -0.13563  0.296781  0.100212  -0.065892  0.100212  0.167682
0.309262  -0.135615  -0.065854  -0.135615  0.296757  0.100181  -0.065854  0.100181  0.167665
0.309262  -0.135615  -0.065854  -0.135615  0.296757  0.100181  -0.065854  0.100181  0.167665
0.309256  -0.135621  -0.0658117  -0.135621  0.29676  0.100158  -0.0658117  0.100158  0.167647
0.309256  -0.135621  -0.0658117  -0.135621  0.29676  0.100158  -0.0658117  0.100158  0.167647
0.309242  -0.135585  -0.0657781  -0.135585  0.296708  0.100119  -0.0657781  0.100119  0.167632
0.309242  -0.135585  -0.0657781  -0.135585  0.296708  0.100119  -0.0657781  0.100119  0.167632
0.309224  -0.135585  -0.0657328  -0.135585  0.296723  0.100104  -0.0657328  0.100104  0.167617
0.309219  -0.135578  -0.0657139  -0.135578  0.296711  0.100088  -0.0657139  0.100088  0.167609
0.309213  -0.13557  -0.0656949  -0.13557  0.296699  0.100073  -0.0656949  0.100073  0.167601
0.309213  -0.13557  -0.0656949  -0.13557  0.296699  0.100073  -0.0656949  0.100073  0.167601
0.309208  -0.135563  -0.0656759  -0.135563  0.296687  0.100057  -0.0656759  0.100057  0.167592
0.309186  -0.135542  -0.065635  -0.135542  0.296675  0.100034  -0.065635  0.100034  0.16758
0.309186  -0.135542  -0.065635  -0.135542  0.296675  0.100034  -0.065635  0.100034  0.16758
0.309163  -0.135521  -0.0655942  -0.135521  0.296663  0.10001  -0.0655942  0.10001  0.167567
0.309163  -0.135521  -0.0655942  -0.135521  0.296663  0.10001  -0.0655942  0.10001  0.167567
0.309158  -0.135527  -0.065552  -0.135527  0.296666  0.0999876  -0.065552  0.0999876  0.167549
0.309158  -0.135527  -0.065552  -0.135527  0.296666  0.0999876  -0.065552  0.0999876  0.167549
0.309135  -0.135506  -0.0655111  -0.135506  0.296654  0.0999641  -0.0655111  0.0999641  0.167536
0.309135  -0.135506  -0.0655111  -0.135506  0.296654  0.0999641  -0.0655111  0.0999641  0.167536
0.30913  -0.135512  -0.0654689  -0.135512  0.296657  0.0999413  -0.0654689  0.0999413  0.167518
0.309125  -0.135505  -0.06545  -0.135505  0.296645  0.0999259  -0.06545  0.0999259  0.16751
0.309125  -0.135505  -0.06545  -0.135505  0.296645  0.0999259  -0.06545  0.0999259  0.16751
0.309107  -0.135505  -0.0654049  -0.135505  0.29666  0.0999105  -0.0654049  0.0999105  0.167496
0.309107  -0.135505  -0.0654049  -0.135505  0.29666  0.0999105  -0.0654049  0.0999105  0.167496
0.309102  -0.135498  -0.065386  -0.135498  0.296648  0.0998951  -0.065386  0.0998951  0.167488
0.309101  -0.135511  -0.0653627  -0.135511  0.296664  0.0998877  -0.0653627  0.0998877  0.167478
0.309096  -0.135504  -0.0653438  -0.135504  0.296651  0.0998723  -0.0653438  0.0998723  0.16747
0.309096  -0.135518  -0.0653206  -0.135518  0.296667  0.0998649  -0.0653206  0.0998649  0.16746
0.309096  -0.135518  -0.0653206  -0.135518  0.296667  0.0998649  -0.0653206  0.0998649  0.16746
0.309091  -0.135524  -0.0652784  -0.135524  0.29667  0.0998422  -0.0652784  0.0998422  0.167442
0.309091  -0.135524  -0.0652784  -0.135524  0.29667  0.0998422  -0.0652784  0.0998422  0.167442
0.309095  -0.135559  -0.0652508  -0.135559  0.296713  0.0998428  -0.0652508  0.0998428  0.167431
0.309095  -0.135559  -0.0652508  -0.135559  0.296713  0.0998428  -0.0652508  0.0998428  0.167431
0.30909  -0.135565  -0.0652087  -0.135565  0.296716  0.09982  -0.0652087  0.09982  0.167413
0.30909  -0.135565  -0.0652087  -0.135565  0.296716  0.09982  -0.0652087  0.09982  0.167413
0.309089  -0.135593  -0.0651622  -0.135593  0.296747  0.0998052  -0.0651622  0.0998052  0.167394
0.309089  -0.135593  -0.0651622  -0.135593  0.296747  0.0998052  -0.0651622  0.0998052  0.167394
0.309096  -0.135605  -0.065123  -0.135605  0.296738  0.0997752  -0.065123  0.0997752  0.167372
0.309091  -0.135598  -0.0651041  -0.135598  0.296726  0.0997598  -0.0651041  0.0997598  0.167364
0.309091  -0.135625  -0.0650577  -0.135625  0.296757  0.0997451  -0.0650577  0.0997451  0.167345
0.309091  -0.135625  -0.0650577  -0.135625  0.296757  0.0997451  -0.0650577  0.0997451  0.167345
0.30909  -0.135639  -0.0650344  -0.135639  0.296772  0.0997377  -0.0650344  0.0997377  0.167335
0.30909  -0.135653  -0.0650112  -0.135653  0.296788  0.0997303  -0.0650112  0.0997303  0.167326
0.30909  -0.135653  -0.0650112  -0.135653  0.296788  0.0997303  -0.0650112  0.0997303  0.167326
0.309089  -0.13568  -0.0649647  -0.13568  0.296819  0.0997155  -0.0649647  0.0997155  0.167307
0.309089  -0.13568  -0.0649647  -0.13568  0.296819  0.0997155  -0.0649647  0.0997155  0.167307
0.309084  -0.135687  -0.0649226  -0.135687  0.296822  0.0996928  -0.0649226  0.0996928  0.167289
0.309084  -0.135687  -0.0649226  -0.135687  0.296822  0.0996928  -0.0649226  0.0996928  0.167289
0.309079  -0.135693  -0.0648805  -0.135693  0.296826  0.0996701  -0.0648805  0.0996701  0.167271
0.309083  -0.135714  -0.0648762  -0.135714  0.296853  0.099678  -0.0648762  0.099678  0.16727
0.309073  -0.135713  -0.0648152  -0.135713  0.296845  0.09964  -0.0648152  0.09964  0.167244
0.309073  -0.135713  -0.0648152  -0.135713  0.296845  0.09964  -0.0648152  0.09964  0.167244
0.309073  -0.135727  -0.064792  -0.135727  0.29686  0.0996326  -0.064792  0.0996326  0.167235
0.309062  -0.135726  -0.064731  -0.135726  0.296851  0.0995945  -0.064731  0.0995945  0.167209
0.309062  -0.135726  -0.064731  -0.135726  0.296851  0.0995945  -0.064731  0.0995945  0.167209
0.309049  -0.135734  -0.0647049  -0.135734  0.296879  0.0995945  -0.0647049  0.0995945  0.167204
0.309039  -0.135732  -0.064644  -0.135732  0.29687  0.0995564  -0.064644  0.0995564  0.167178
0.309039  -0.135732  -0.064644  -0.135732  0.29687  0.0995564  -0.064644  0.0995564  0.167178
0.309033  -0.135753  -0.0645787  -0.135753  0.296889  0.0995264  -0.0645787  0.0995264  0.167151
0.309033  -0.135753  -0.0645787  -0.135753  0.296889  0.0995264  -0.0645787  0.0995264  0.167151
0.309015  -0.135753  -0.0645338  -0.135753  0.296905  0.099511  -0.0645338  0.099511  0.167137
0.309015  -0.135753  -0.0645338  -0.135753  0.296905  0.099511  -0.0645338  0.099511  0.167137
0.30901  -0.135745  -0.0645149  -0.135745  0.296893  0.0994957  -0.0645149  0.0994957  0.167129
0.309005  -0.135765  -0.0644497  -0.135765  0.296912  0.0994656  -0.0644497  0.0994656  0.167102
0.309005  -0.135765  -0.0644497  -0.135765  0.296912  0.0994656  -0.0644497  0.0994656  0.167102
0.308982  -0.135758  -0.064386  -0.135758  0.296916  0.099435  -0.064386  0.099435  0.167081
0.308982  -0.135758  -0.064386  -0.135758  0.296916  0.099435  -0.064386  0.099435  0.167081
0.308977  -0.135751  -0.0643672  -0.135751  0.296904  0.0994197  -0.0643672  0.0994197  0.167073
0.308971  -0.135771  -0.0643019  -0.135771  0.296923  0.0993897  -0.0643019  0.0993897  0.167046
0.308961  -0.135756  -0.0642643  -0.135756  0.296899  0.0993592  -0.0642643  0.0993592  0.16703
0.308961  -0.135756  -0.0642643  -0.135756  0.296899  0.0993592  -0.0642643  0.0993592  0.16703
0.308956  -0.135762  -0.0642224  -0.135762  0.296902  0.0993365  -0.0642224  0.0993365  0.167013
0.308956  -0.135762  -0.0642224  -0.135762  0.296902  0.0993365  -0.0642224  0.0993365  0.167013
0.308945  -0.135775  -0.0641384  -0.135775  0.296909  0.0992913  -0.0641384  0.0992913  0.166978
0.308945  -0.135775  -0.0641384  -0.135775  0.296909  0.0992913  -0.0641384  0.0992913  0.166978
0.308935  -0.13576  -0.0641008  -0.13576  0.296885  0.0992608  -0.0641008  0.0992608  0.166962
0.308935  -0.13576  -0.0641008  -0.13576  0.296885  0.0992608  -0.0641008  0.0992608  0.166962
0.308935  -0.135774  -0.0640776  -0.135774  0.296901  0.0992534  -0.0640776  0.0992534  0.166953
0.308924  -0.135773  -0.0640169  -0.135773  0.296892  0.0992155  -0.0640169  0.0992155  0.166928
0.308919  -0.135765  -0.0639981  -0.135765  0.29688  0.0992003  -0.0639981  0.0992003  0.16692
0.308914  -0.135772  -0.0639562  -0.135772  0.296884  0.0991777  -0.0639562  0.0991777  0.166903
0.308914  -0.135772  -0.0639562  -0.135772  0.296884  0.0991777  -0.0639562  0.0991777  0.166903
0.308899  -0.135763  -0.0638768  -0.135763  0.296864  0.0991247  -0.0638768  0.0991247  0.16687
0.308899  -0.135763  -0.0638768  -0.135763  0.296864  0.0991247  -0.0638768  0.0991247  0.16687
0.308894  -0.135756  -0.063858  -0.135756  0.296852  0.0991094  -0.063858  0.0991094  0.166862
0.308879  -0.135734  -0.0638018  -0.135734  0.296815  0.0990638  -0.0638018  0.0990638  0.166838
0.308879  -0.135734  -0.0638018  -0.135734  0.296815  0.0990638  -0.0638018  0.0990638  0.166838
0.308876  -0.135731  -0.0637252  -0.135731  0.296783  0.0990035  -0.0637252  0.0990035  0.166801
0.308876  -0.135731  -0.0637252  -0.135731  0.296783  0.0990035  -0.0637252  0.0990035  0.166801
0.308856  -0.135702  -0.0636503  -0.135702  0.296735  0.0989428  -0.0636503  0.0989428  0.16677
0.308856  -0.135702  -0.0636503  -0.135702  0.296735  0.0989428  -0.0636503  0.0989428  0.16677
0.308846  -0.135701  -0.0635897  -0.135701  0.296727  0.098905  -0.0635897  0.098905  0.166745
0.308841  -0.135693  -0.063571  -0.135693  0.296715  0.0988899  -0.063571  0.0988899  0.166737
0.308838  -0.135677  -0.0635177  -0.135677  0.296666  0.098837  -0.0635177  0.098837  0.166709
0.308838  -0.135677  -0.0635177  -0.135677  0.296666  0.098837  -0.0635177  0.098837  0.166709
0.308836  -0.135661  -0.0634644  -0.135661  0.296618  0.0987842  -0.0634644  0.0987842  0.166682
0.308836  -0.135661  -0.0634644  -0.135661  0.296618  0.0987842  -0.0634644  0.0987842  0.166682
0.308816  -0.135631  -0.0633896  -0.135631  0.29657  0.0987236  -0.0633896  0.0987236  0.166651
0.308816  -0.135631  -0.0633896  -0.135631  0.29657  0.0987236  -0.0633896  0.0987236  0.166651
0.308809  -0.135594  -0.0633408  -0.135594  0.296495  0.0986631  -0.0633408  0.0986631  0.166624
0.308809  -0.135594  -0.0633408  -0.135594  0.296495  0.0986631  -0.0633408  0.0986631  0.166624
0.308804  -0.135601  -0.063299  -0.135601  0.296498  0.0986406  -0.063299  0.0986406  0.166608
0.308796  -0.135577  -0.0632272  -0.135577  0.296438  0.0985728  -0.0632272  0.0985728  0.166572
0.308796  -0.135577  -0.0632272  -0.135577  0.296438  0.0985728  -0.0632272  0.0985728  0.166572
0.308784  -0.135532  -0.0631598  -0.135532  0.296351  0.0984973  -0.0631598  0.0984973  0.166539
0.30878  -0.135525  -0.0631411  -0.135525  0.296339  0.0984822  -0.0631411  0.0984822  0.166531
0.308774  -0.135531  -0.0630994  -0.135531  0.296342  0.0984598  -0.0630994  0.0984598  0.166514
0.30875  -0.135481  -0.0630292  -0.135481  0.296267  0.0983916  -0.0630292  0.0983916  0.166485
0.30875  -0.135481  -0.0630292  -0.135481  0.296267  0.0983916  -0.0630292  0.0983916  0.166485
0.308738  -0.13545  -0.0629389  -0.13545  0.296195  0.0983089  -0.0629389  0.0983089  0.166442
0.308733  -0.135443  -0.0629203  -0.135443  0.296183  0.0982939  -0.0629203  0.0982939  0.166434
0.308721  -0.135398  -0.062853  -0.135398  0.296096  0.0982186  -0.062853  0.0982186  0.166401
0.308721  -0.135398  -0.062853  -0.135398  0.296096  0.0982186  -0.062853  0.0982186  0.166401
0.308711  -0.135383  -0.0628158  -0.135383  0.296072  0.0981885  -0.0628158  0.0981885  0.166386
0.308694  -0.135332  -0.06273  -0.135332  0.295973  0.0980983  -0.06273  0.0980983  0.166345
0.308689  -0.135324  -0.0627115  -0.135324  0.295961  0.0980832  -0.0627115  0.0980832  0.166337
0.308665  -0.135274  -0.0626416  -0.135274  0.295886  0.0980154  -0.0626416  0.0980154  0.166308
0.30866  -0.135266  -0.062623  -0.135266  0.295874  0.0980004  -0.062623  0.0980004  0.1663
0.308663  -0.135244  -0.0626117  -0.135244  0.295823  0.0979704  -0.0626117  0.0979704  0.16629
0.308634  -0.1352  -0.0625003  -0.1352  0.295752  0.0978804  -0.0625003  0.0978804  0.166244
0.308629  -0.135193  -0.0624817  -0.135193  0.29574  0.0978654  -0.0624817  0.0978654  0.166237
0.308612  -0.135127  -0.0624192  -0.135127  0.295625  0.0977828  -0.0624192  0.0977828  0.166205
0.308607  -0.13512  -0.0624007  -0.13512  0.295613  0.0977679  -0.0624007  0.0977679  0.166197
0.308605  -0.13509  -0.0623708  -0.13509  0.29555  0.0977229  -0.0623708  0.0977229  0.16618
0.308576  -0.135046  -0.0622597  -0.135046  0.295479  0.0976333  -0.0622597  0.0976333  0.166135
0.308576  -0.135046  -0.0622597  -0.135046  0.295479  0.0976333  -0.0622597  0.0976333  0.166135
0.308567  -0.134979  -0.0621815  -0.134979  0.295341  0.0975286  -0.0621815  0.0975286  0.166091
0.308562  -0.134972  -0.062163  -0.134972  0.295329  0.0975137  -0.062163  0.0975137  0.166084
0.308548  -0.134937  -0.0621305  -0.134937  0.295278  0.0974762  -0.0621305  0.0974762  0.16607
0.308521  -0.134884  -0.0619853  -0.134884  0.295172  0.0973498  -0.0619853  0.0973498  0.166007
0.308534  -0.13489  -0.061988  -0.13489  0.295159  0.0973424  -0.061988  0.0973424  0.166002
0.308514  -0.134847  -0.0619371  -0.134847  0.295097  0.0972902  -0.0619371  0.0972902  0.165981
0.308506  -0.134781  -0.0618592  -0.134781  0.294959  0.0971859  -0.0618592  0.0971859  0.165939
0.308506  -0.134781  -0.0618592  -0.134781  0.294959  0.0971859  -0.0618592  0.0971859  0.165939
0.308484  -0.134722  -0.0617557  -0.134722  0.294849  0.0970819  -0.0617557  0.0970819  0.165892
0.308479  -0.134715  -0.0617372  -0.134715  0.294837  0.0970671  -0.0617372  0.0970671  0.165884
0.308471  -0.134648  -0.0616594  -0.134648  0.294699  0.0969631  -0.0616594  0.0969631  0.165842
0.308466  -0.134641  -0.061641  -0.134641  0.294688  0.0969483  -0.061641  0.0969483  0.165834
0.308452  -0.134581  -0.0615219  -0.134581  0.294554  0.0968225  -0.0615219  0.0968225  0.165776
0.308447  -0.134573  -0.0615035  -0.134573  0.294542  0.0968077  -0.0615035  0.0968077  0.165769
0.308433  -0.134538  -0.0614713  -0.134538  0.294492  0.0967705  -0.0614713  0.0967705  0.165755
0.308414  -0.134457  -0.0613569  -0.134457  0.294331  0.0966374  -0.0613569  0.0966374  0.165699
0.308414  -0.134457  -0.0613569  -0.134457  0.294331  0.0966374  -0.0613569  0.0966374  0.165699
0.308401  -0.134397  -0.0612381  -0.134397  0.294198  0.096512  -0.0612381  0.096512  0.165641
0.308396  -0.134376  -0.0612426  -0.134376  0.29417  0.0965044  -0.0612426  0.0965044  0.165642
0.308366  -0.13429  -0.0611258  -0.13429  0.294022  0.096379  -0.0611258  0.096379  0.16559
0.308366  -0.13429  -0.0611258  -0.13429  0.294022  0.096379  -0.0611258  0.096379  0.16559
0.308359  -0.134253  -0.061078  -0.134253  0.293948  0.09632  -0.061078  0.09632  0.165566
0.308333  -0.134187  -0.0609568  -0.134187  0.293827  0.0962024  -0.0609568  0.0962024  0.165513
0.308333  -0.134187  -0.0609568  -0.134187  0.293827  0.0962024  -0.0609568  0.0962024  0.165513
0.308308  -0.134108  -0.0608587  -0.134108  0.293691  0.0960921  -0.0608587  0.0960921  0.165468
0.308308  -0.134108  -0.0608587  -0.134108  0.293691  0.0960921  -0.0608587  0.0960921  0.165468
0.308282  -0.134043  -0.0607378  -0.134043  0.293571  0.0959748  -0.0607378  0.0959748  0.165416
0.308277  -0.134035  -0.0607195  -0.134035  0.293559  0.0959602  -0.0607195  0.0959602  0.165409
0.308252  -0.133956  -0.0606216  -0.133956  0.293423  0.0958502  -0.0606216  0.0958502  0.165364
0.308252  -0.133956  -0.0606216  -0.133956  0.293423  0.0958502  -0.0606216  0.0958502  0.165364
0.308221  -0.13387  -0.0605055  -0.13387  0.293276  0.0957257  -0.0605055  0.0957257  0.165313
0.308221  -0.13387  -0.0605055  -0.13387  0.293276  0.0957257  -0.0605055  0.0957257  0.165313
0.308179  -0.133778  -0.060387  -0.133778  0.293142  0.0956088  -0.060387  0.0956088  0.165267
0.308175  -0.133771  -0.0603688  -0.133771  0.29313  0.0955943  -0.0603688  0.0955943  0.16526
0.308138  -0.133686  -0.0602687  -0.133686  0.293007  0.0954921  -0.0602687  0.0954921  0.165221
0.308138  -0.133686  -0.0602687  -0.133686  0.293007  0.0954921  -0.0602687  0.0954921  0.165221
0.308119  -0.133644  -0.0602186  -0.133644  0.292946  0.0954411  -0.0602186  0.0954411  0.165201
0.308099  -0.133573  -0.0601394  -0.133573  0.292822  0.0953464  -0.0601394  0.0953464  0.165164
0.308099  -0.133573  -0.0601394  -0.133573  0.292822  0.0953464  -0.0601394  0.0953464  0.165164
0.308062  -0.133488  -0.0600395  -0.133488  0.292699  0.0952445  -0.0600395  0.0952445  0.165125
0.308062  -0.133488  -0.0600395  -0.133488  0.292699  0.0952445  -0.0600395  0.0952445  0.165125
0.308029  -0.133425  -0.0599352  -0.133425  0.292604  0.0951503  -0.0599352  0.0951503  0.165085
0.308025  -0.133404  -0.0599398  -0.133404  0.292577  0.0951429  -0.0599398  0.0951429  0.165086
0.307992  -0.133341  -0.0598356  -0.133341  0.292482  0.0950488  -0.0598356  0.0950488  0.165047
0.307992  -0.133341  -0.0598356  -0.133341  0.292482  0.0950488  -0.0598356  0.0950488  0.165047
0.307979  -0.133306  -0.0598039  -0.133306  0.292432  0.0950125  -0.0598039  0.0950125  0.165034
0.307946  -0.133242  -0.0596998  -0.133242  0.292337  0.0949186  -0.0596998  0.0949186  0.164994
0.307946  -0.133242  -0.0596998  -0.133242  0.292337  0.0949186  -0.0596998  0.0949186  0.164994
0.307922  -0.133164  -0.0596029  -0.133164  0.292202  0.0948101  -0.0596029  0.0948101  0.164952
0.307922  -0.133164  -0.0596029  -0.133164  0.292202  0.0948101  -0.0596029  0.0948101  0.164952
0.307885  -0.133093  -0.059481  -0.133093  0.292096  0.0947021  -0.059481  0.0947021  0.164906
0.30788  -0.133086  -0.0594629  -0.133086  0.292084  0.0946877  -0.0594629  0.0946877  0.164899
0.307844  -0.133003  -0.0593638  -0.133003  0.291963  0.0945869  -0.0593638  0.0945869  0.164861
0.307851  -0.133001  -0.0593482  -0.133001  0.291939  0.0945652  -0.0593482  0.0945652  0.16485
0.307833  -0.132959  -0.0592987  -0.132959  0.291878  0.0945148  -0.0592987  0.0945148  0.164831
0.307812  -0.132902  -0.0591976  -0.132902  0.291771  0.0944142  -0.0591976  0.0944142  0.164788
0.307804  -0.132874  -0.0591842  -0.132874  0.291733  0.0943926  -0.0591842  0.0943926  0.164783
0.307767  -0.132791  -0.0590853  -0.132791  0.291612  0.0942921  -0.0590853  0.0942921  0.164745
0.307779  -0.132796  -0.0590878  -0.132796  0.2916  0.0942848  -0.0590878  0.0942848  0.164741
0.30775  -0.132711  -0.0589735  -0.132711  0.291455  0.0941629  -0.0589735  0.0941629  0.164693
0.30775  -0.132711  -0.0589735  -0.132711  0.291455  0.0941629  -0.0589735  0.0941629  0.164693
0.307725  -0.132647  -0.0588547  -0.132647  0.291337  0.0940485  -0.0588547  0.0940485  0.164643
0.307721  -0.132626  -0.0588593  -0.132626  0.291311  0.0940412  -0.0588593  0.0940412  0.164645
0.307719  -0.132611  -0.0588078  -0.132611  0.291265  0.0939912  -0.0588078  0.0939912  0.164621
0.307695  -0.132533  -0.0587118  -0.132533  0.291132  0.093884  -0.0587118  0.093884  0.16458
0.307695  -0.132533  -0.0587118  -0.132533  0.291132  0.093884  -0.0587118  0.093884  0.16458
0.307682  -0.132474  -0.0585957  -0.132474  0.291002  0.0937627  -0.0585957  0.0937627  0.164527
0.307682  -0.132474  -0.0585957  -0.132474  0.291002  0.0937627  -0.0585957  0.0937627  0.164527
0.307684  -0.132466  -0.0585622  -0.132466  0.290967  0.093727  -0.0585622  0.093727  0.164509
0.307669  -0.132416  -0.0584797  -0.132416  0.290872  0.0936416  -0.0584797  0.0936416  0.164474
0.307664  -0.132409  -0.0584618  -0.132409  0.290861  0.0936274  -0.0584618  0.0936274  0.164468
0.30766  -0.132364  -0.0583816  -0.132364  0.290754  0.0935347  -0.0583816  0.0935347  0.164428
