0.309229  -0.138138  -0.0632531  -0.138138  0.300317  0.100117  -0.0632531  0.100117  0.166765
0.309229  -0.138138  -0.0632531  -0.138138  0.300317  0.100117  -0.0632531  0.100117  0.166765
0.309229  -0.138138  -0.0632531  -0.138138  0.300317  0.100117  -0.0632531  0.100117  0.166765
0.309277  -0.13773  -0.0632749  -0.13773  0.299473  0.0997565  -0.0632749  0.0997565  0.166687
0.309275  -0.137686  -0.0632679  -0.137686  0.299392  0.0997181  -0.0632679  0.0997181  0.166677
0.309198  -0.137007  -0.0629595  -0.137007  0.298154  0.0990212  -0.0629595  0.0990212  0.166459
0.309039  -0.13631  -0.0626283  -0.13631  0.297039  0.0983883  -0.0626283  0.0983883  0.16627
0.309023  -0.136216  -0.0626117  -0.136216  0.296891  0.0983197  -0.0626117  0.0983197  0.166256
0.308845  -0.135134  -0.0623124  -0.135134  0.295131  0.0974345  -0.0623124  0.0974345  0.166034
0.308824  -0.135034  -0.0622774  -0.135034  0.294974  0.0973517  -0.0622774  0.0973517  0.166012
0.308615  -0.133941  -0.0616726  -0.133941  0.293136  0.0962554  -0.0616726  0.0962554  0.165664
0.30845  -0.133148  -0.061189  -0.133148  0.291819  0.0954441  -0.061189  0.0954441  0.1654
0.30843  -0.133049  -0.0611547  -0.133049  0.291666  0.0953632  -0.0611547  0.0953632  0.165379
0.308137  -0.131842  -0.0605104  -0.131842  0.289795  0.0942548  -0.0605104  0.0942548  0.165049
0.308109  -0.131772  -0.0604469  -0.131772  0.289697  0.0941827  -0.0604469  0.0941827  0.165024
0.307844  -0.130946  -0.0597459  -0.130946  0.288443  0.093301  -0.0597459  0.093301  0.16472
0.307659  -0.130403  -0.0592893  -0.130403  0.287647  0.0927404  -0.0592893  0.0927404  0.164531
0.307641  -0.130362  -0.0592402  -0.130362  0.287588  0.0926912  -0.0592402  0.0926912  0.164512
0.307362  -0.12968  -0.0586312  -0.12968  0.286673  0.0920179  -0.0586312  0.0920179  0.16429
0.307344  -0.12964  -0.0585825  -0.12964  0.286614  0.0919692  -0.0585825  0.0919692  0.164272
0.307067  -0.129107  -0.0578628  -0.129107  0.285917  0.0913271  -0.0578628  0.0913271  0.16403
0.306867  -0.128678  -0.0574691  -0.128678  0.285394  0.0909294  -0.0574691  0.0909294  0.163906
0.30685  -0.128638  -0.0574211  -0.128638  0.285336  0.0908814  -0.0574211  0.0908814  0.163888
0.306572  -0.128041  -0.0568192  -0.128041  0.28459  0.0902903  -0.0568192  0.0902903  0.163698
0.306545  -0.127997  -0.0567694  -0.127997  0.284546  0.0902501  -0.0567694  0.0902501  0.163686
0.306234  -0.127315  -0.0561154  -0.127315  0.283703  0.0895983  -0.0561154  0.0895983  0.163486
0.305992  -0.126687  -0.055687  -0.126687  0.28292  0.0890837  -0.055687  0.0890837  0.163354
0.305972  -0.126629  -0.0556446  -0.126629  0.28284  0.0890303  -0.0556446  0.0890303  0.16334
0.305644  -0.125735  -0.0550052  -0.125735  0.281691  0.088263  -0.0550052  0.088263  0.163139
0.305625  -0.125677  -0.0549633  -0.125677  0.281612  0.0882102  -0.0549633  0.0882102  0.163125
0.30528  -0.124645  -0.0543147  -0.124645  0.280269  0.0873599  -0.0543147  0.0873599  0.162919
0.305037  -0.123859  -0.0538412  -0.123859  0.279229  0.0867122  -0.0538412  0.0867122  0.162765
0.305015  -0.123796  -0.0537834  -0.123796  0.279142  0.086648  -0.0537834  0.086648  0.162747
0.304663  -0.122689  -0.0530474  -0.122689  0.277684  0.0857037  -0.0530474  0.0857037  0.16252
0.304643  -0.122614  -0.0530115  -0.122614  0.277584  0.0856464  -0.0530115  0.0856464  0.162508
0.30433  -0.121543  -0.0523902  -0.121543  0.276174  0.0847769  -0.0523902  0.0847769  0.162317
0.304136  -0.120912  -0.0519537  -0.120912  0.275344  0.0842302  -0.0519537  0.0842302  0.16219
0.304107  -0.120847  -0.0518958  -0.120847  0.275273  0.0841757  -0.0518958  0.0841757  0.162178
0.303832  -0.119963  -0.0511913  -0.119963  0.274093  0.0833541  -0.0511913  0.0833541  0.161978
0.303807  -0.119904  -0.0511503  -0.119904  0.274032  0.0833125  -0.0511503  0.0833125  0.161971
0.303578  -0.119149  -0.0505638  -0.119149  0.273032  0.0826226  -0.0505638  0.0826226  0.161811
0.303411  -0.118646  -0.0501261  -0.118646  0.272385  0.0821515  -0.0501261  0.0821515  0.161702
0.303396  -0.118593  -0.0500875  -0.118593  0.272314  0.0821037  -0.0500875  0.0821037  0.161691
0.303194  -0.117983  -0.0495077  -0.117983  0.271516  0.0815016  -0.0495077  0.0815016  0.161549
0.303179  -0.11793  -0.0494694  -0.11793  0.271445  0.0814543  -0.0494694  0.0814543  0.161538
0.303009  -0.117337  -0.0489656  -0.117337  0.270647  0.0808847  -0.0489656  0.0808847  0.16141
0.302909  -0.117018  -0.0486181  -0.117018  0.270207  0.0805363  -0.0486181  0.0805363  0.161324
0.302898  -0.116983  -0.0485755  -0.116983  0.270159  0.0804959  -0.0485755  0.0804959  0.161314
0.302766  -0.116487  -0.0480932  -0.116487  0.26945  0.0799683  -0.0480932  0.0799683  0.161188
0.302673  -0.116127  -0.0477149  -0.116127  0.268924  0.0795653  -0.0477149  0.0795653  0.16109
0.30267  -0.116096  -0.0476742  -0.116096  0.268864  0.0795184  -0.0476742  0.0795184  0.161076
0.302546  -0.115585  -0.0471224  -0.115585  0.268098  0.0789294  -0.0471224  0.0789294  0.160932
0.302544  -0.115554  -0.0470819  -0.115554  0.268039  0.078883  -0.0470819  0.078883  0.160919
0.30245  -0.11505  -0.0466386  -0.11505  0.267265  0.07834  -0.0466386  0.07834  0.160793
0.302385  -0.114694  -0.0462909  -0.114694  0.266703  0.0779313  -0.0462909  0.0779313  0.160695
0.302386  -0.114669  -0.0462661  -0.114669  0.266653  0.0778965  -0.0462661  0.0778965  0.160685
0.302305  -0.11419  -0.0458238  -0.11419  0.265898  0.0773603  -0.0458238  0.0773603  0.160561
0.302305  -0.114165  -0.0457992  -0.114165  0.265849  0.0773258  -0.0457992  0.0773258  0.160552
0.302234  -0.113667  -0.0454004  -0.113667  0.265064  0.076797  -0.0454004  0.076797  0.160434
0.302183  -0.113336  -0.0451186  -0.113336  0.264547  0.0764404  -0.0451186  0.0764404  0.160356
0.302184  -0.113311  -0.0450942  -0.113311  0.264498  0.0764063  -0.0450942  0.0764063  0.160347
0.302121  -0.112919  -0.0447334  -0.112919  0.263881  0.0759697  -0.0447334  0.0759697  0.160251
0.302124  -0.112899  -0.0447241  -0.112899  0.263841  0.0759463  -0.0447241  0.0759463  0.160244
0.302072  -0.112553  -0.0443855  -0.112553  0.263285  0.0755452  -0.0443855  0.0755452  0.160155
0.302035  -0.112348  -0.0441515  -0.112348  0.262961  0.0752956  -0.0441515  0.0752956  0.1601
0.302037  -0.112341  -0.0441225  -0.112341  0.262933  0.0752676  -0.0441225  0.0752676  0.16009
0.301998  -0.112083  -0.0438259  -0.112083  0.262506  0.0749418  -0.0438259  0.0749418  0.160016
0.301996  -0.112078  -0.0438109  -0.112078  0.262498  0.0749314  -0.0438109  0.0749314  0.160013
0.301954  -0.111864  -0.043485  -0.111864  0.262136  0.0746207  -0.043485  0.0746207  0.159941
0.301929  -0.111723  -0.0432687  -0.111723  0.261892  0.0744121  -0.0432687  0.0744121  0.159892
0.30193  -0.111698  -0.0432447  -0.111698  0.261844  0.074379  -0.0432447  0.074379  0.159883
0.301901  -0.111474  -0.0429905  -0.111474  0.261465  0.0740939  -0.0429905  0.0740939  0.15982
0.301896  -0.111464  -0.0429608  -0.111464  0.261449  0.0740734  -0.0429608  0.0740734  0.159815
0.30188  -0.111254  -0.0426749  -0.111254  0.261052  0.0737608  -0.0426749  0.0737608  0.159739
0.301878  -0.111248  -0.0426601  -0.111248  0.261044  0.0737506  -0.0426601  0.0737506  0.159737
0.301876  -0.111044  -0.0424396  -0.111044  0.260648  0.0734676  -0.0424396  0.0734676  0.159667
0.301869  -0.110903  -0.0422615  -0.110903  0.260379  0.0732634  -0.0422615  0.0732634  0.159618
0.301871  -0.110896  -0.0422329  -0.110896  0.260352  0.0732363  -0.0422329  0.0732363  0.159609
0.301867  -0.110723  -0.0420028  -0.110723  0.260009  0.0729731  -0.0420028  0.0729731  0.159544
0.301867  -0.110699  -0.0419791  -0.110699  0.259961  0.0729405  -0.0419791  0.0729405  0.159536
0.301872  -0.110522  -0.0417844  -0.110522  0.259604  0.072686  -0.0417844  0.072686  0.159472
0.301884  -0.110421  -0.0415993  -0.110421  0.259352  0.0724809  -0.0415993  0.0724809  0.159415
0.301889  -0.110419  -0.0415855  -0.110419  0.259332  0.072464  -0.0415855  0.072464  0.159408
0.301898  -0.110276  -0.0413817  -0.110276  0.259015  0.0722218  -0.0413817  0.0722218  0.159345
0.301901  -0.110257  -0.0413727  -0.110257  0.258976  0.0721995  -0.0413727  0.0721995  0.159339
0.301905  -0.110141  -0.0411443  -0.110141  0.258702  0.0719659  -0.0411443  0.0719659  0.159277
0.301913  -0.110071  -0.0410118  -0.110071  0.258526  0.0718214  -0.0410118  0.0718214  0.159238
0.301911  -0.110066  -0.0409973  -0.110066  0.258518  0.0718115  -0.0409973  0.0718115  0.159236
0.301931  -0.109973  -0.0408283  -0.109973  0.258264  0.0716115  -0.0408283  0.0716115  0.159178
0.301927  -0.109951  -0.0408186  -0.109951  0.258237  0.0715963  -0.0408186  0.0715963  0.159177
0.301944  -0.109888  -0.0406394  -0.109888  0.258034  0.0714144  -0.0406394  0.0714144  0.159123
0.301961  -0.10985  -0.0405462  -0.10985  0.257901  0.0713056  -0.0405462  0.0713056  0.159089
0.301961  -0.10985  -0.0405462  -0.10985  0.257901  0.0713056  -0.0405462  0.0713056  0.159089
0.301981  -0.109781  -0.0404011  -0.109781  0.257694  0.0711386  -0.0404011  0.0711386  0.15904
0.301986  -0.109779  -0.0403873  -0.109779  0.257675  0.0711218  -0.0403873  0.0711218  0.159034
0.302003  -0.109716  -0.0402084  -0.109716  0.257472  0.0709409  -0.0402084  0.0709409  0.158981
0.302018  -0.109661  -0.0401201  -0.109661  0.25732  0.0708273  -0.0401201  0.0708273  0.158949
0.302016  -0.109656  -0.0401056  -0.109656  0.257313  0.0708176  -0.0401056  0.0708176  0.158947
0.302035  -0.109586  -0.0399608  -0.109586  0.257107  0.0706514  -0.0399608  0.0706514  0.158899
0.30204  -0.109584  -0.039947  -0.109584  0.257087  0.0706348  -0.039947  0.0706348  0.158893
0.302048  -0.10949  -0.0397921  -0.10949  0.256867  0.070461  -0.0397921  0.070461  0.158849
0.302051  -0.109422  -0.0396744  -0.109422  0.256713  0.0703356  -0.0396744  0.0703356  0.158818
0.302056  -0.10942  -0.0396606  -0.10942  0.256694  0.070319  -0.0396606  0.070319  0.158812
0.302057  -0.109335  -0.039486  -0.109335  0.256498  0.0701484  -0.039486  0.0701484  0.158772
0.302062  -0.109333  -0.0394722  -0.109333  0.256478  0.0701318  -0.0394722  0.0701318  0.158766
0.30207  -0.109238  -0.0393177  -0.109238  0.256259  0.0699591  -0.0393177  0.0699591  0.158723
0.302077  -0.109192  -0.03921  -0.109192  0.256132  0.0698494  -0.03921  0.0698494  0.158694
0.302075  -0.109187  -0.0391956  -0.109187  0.256125  0.0698398  -0.0391956  0.0698398  0.158693
0.302083  -0.109105  -0.0390221  -0.109105  0.255918  0.0696633  -0.0390221  0.0696633  0.158649
0.302081  -0.1091  -0.0390078  -0.1091  0.25591  0.0696537  -0.0390078  0.0696537  0.158647
0.302084  -0.109008  -0.0388675  -0.109008  0.255712  0.0694985  -0.0388675  0.0694985  0.158612
0.302087  -0.108965  -0.0387738  -0.108965  0.255605  0.0694059  -0.0387738  0.0694059  0.158589
0.302084  -0.10896  -0.0387594  -0.10896  0.255597  0.0693964  -0.0387594  0.0693964  0.158588
0.302081  -0.108865  -0.0386189  -0.108865  0.255411  0.0692487  -0.0386189  0.0692487  0.158558
0.302081  -0.108865  -0.0386189  -0.108865  0.255411  0.0692487  -0.0386189  0.0692487  0.158558
0.302072  -0.108773  -0.0384922  -0.108773  0.255245  0.0691177  -0.0384922  0.0691177  0.158533
0.302079  -0.108776  -0.0384928  -0.108776  0.255233  0.0691107  -0.0384928  0.0691107  0.158529
0.302066  -0.108698  -0.0383608  -0.108698  0.255098  0.068992  -0.0383608  0.068992  0.158509
0.302058  -0.108619  -0.0382767  -0.108619  0.254966  0.0688968  -0.0382767  0.0688968  0.158493
0.302056  -0.108614  -0.0382624  -0.108614  0.254959  0.0688874  -0.0382624  0.0688874  0.158492
0.302039  -0.108514  -0.0381214  -0.108514  0.254798  0.0687546  -0.0381214  0.0687546  0.158471
0.302039  -0.108514  -0.0381214  -0.108514  0.254798  0.0687546  -0.0381214  0.0687546  0.158471
0.302022  -0.108403  -0.0379998  -0.108403  0.254626  0.0686265  -0.0379998  0.0686265  0.158453
0.302009  -0.108326  -0.0379297  -0.108326  0.254514  0.0685482  -0.0379297  0.0685482  0.158443
0.302007  -0.108321  -0.0379155  -0.108321  0.254507  0.0685388  -0.0379155  0.0685388  0.158442
0.301992  -0.108215  -0.0378083  -0.108215  0.254343  0.0684205  -0.0378083  0.0684205  0.158426
0.30199  -0.108211  -0.0377941  -0.108211  0.254336  0.0684112  -0.0377941  0.0684112  0.158425
0.301969  -0.108102  -0.0376866  -0.108102  0.254184  0.0683001  -0.0376866  0.0683001  0.158413
0.301956  -0.108037  -0.0375978  -0.108037  0.254085  0.0682179  -0.0375978  0.0682179  0.158402
0.301952  -0.108016  -0.0375885  -0.108016  0.254059  0.0682035  -0.0375885  0.0682035  0.158401
0.301933  -0.107924  -0.0374764  -0.107924  0.253926  0.0680979  -0.0374764  0.0680979  0.158389
0.301931  -0.107908  -0.0374813  -0.107908  0.253908  0.0680929  -0.0374813  0.0680929  0.15839
0.30191  -0.107812  -0.0373552  -0.107812  0.253768  0.0679782  -0.0373552  0.0679782  0.158377
0.301897  -0.107747  -0.0372667  -0.107747  0.253669  0.0678965  -0.0372667  0.0678965  0.158367
0.301895  -0.10773  -0.0372716  -0.10773  0.25365  0.0678915  -0.0372716  0.0678915  0.158367
0.301874  -0.107634  -0.0371458  -0.107634  0.253511  0.0677772  -0.0371458  0.0677772  0.158355
0.301872  -0.107629  -0.0371317  -0.107629  0.253504  0.067768  -0.0371317  0.067768  0.158354
0.301852  -0.107534  -0.0370061  -0.107534  0.253365  0.067654  -0.0370061  0.067654  0.158342
0.301833  -0.107455  -0.0369365  -0.107455  0.253267  0.0675839  -0.0369365  0.0675839  0.158339
0.301831  -0.10745  -0.0369225  -0.10745  0.25326  0.0675747  -0.0369225  0.0675747  0.158338
0.30181  -0.107343  -0.0368161  -0.107343  0.253111  0.0674654  -0.0368161  0.0674654  0.158327
0.301808  -0.107338  -0.0368021  -0.107338  0.253104  0.0674562  -0.0368021  0.0674562  0.158327
0.301784  -0.107245  -0.0366906  -0.107245  0.252985  0.0673589  -0.0366906  0.0673589  0.158321
0.301772  -0.107169  -0.0366217  -0.107169  0.252875  0.0672824  -0.0366217  0.0672824  0.158313
0.30177  -0.107164  -0.0366077  -0.107164  0.252868  0.0672732  -0.0366077  0.0672732  0.158312
0.301749  -0.107081  -0.0365245  -0.107081  0.252764  0.0671946  -0.0365245  0.0671946  0.158308
0.301747  -0.107076  -0.0365105  -0.107076  0.252757  0.0671855  -0.0365105  0.0671855  0.158307
0.301727  -0.106993  -0.0364274  -0.106993  0.252653  0.067107  -0.0364274  0.067107  0.158304
0.301717  -0.106934  -0.0363538  -0.106934  0.252562  0.0670357  -0.0363538  0.0670357  0.158296
0.301715  -0.106929  -0.0363399  -0.106929  0.252555  0.0670266  -0.0363399  0.0670266  0.158295
0.301689  -0.106832  -0.0362151  -0.106832  0.25243  0.0669211  -0.0362151  0.0669211  0.158289
0.301687  -0.106827  -0.0362012  -0.106827  0.252423  0.0669121  -0.0362012  0.0669121  0.158289
0.301663  -0.106735  -0.0360905  -0.106735  0.252305  0.0668159  -0.0360905  0.0668159  0.158284
0.301645  -0.106669  -0.036003  -0.106669  0.25222  0.0667429  -0.036003  0.0667429  0.15828
0.301643  -0.106664  -0.035989  -0.106664  0.252213  0.0667339  -0.035989  0.0667339  0.15828
0.30162  -0.106584  -0.0358599  -0.106584  0.252106  0.066634  -0.0358599  0.066634  0.158275
0.301616  -0.106562  -0.0358509  -0.106562  0.252081  0.0666201  -0.0358509  0.0666201  0.158274
0.301588  -0.106461  -0.0357131  -0.106461  0.25195  0.0665066  -0.0357131  0.0665066  0.158269
0.301586  -0.106456  -0.0356992  -0.106456  0.251943  0.0664976  -0.0356992  0.0664976  0.158269
0.301565  -0.106357  -0.035562  -0.106357  0.251801  0.0663775  -0.035562  0.0663775  0.15826
0.301544  -0.106282  -0.0354473  -0.106282  0.251702  0.0662873  -0.0354473  0.0662873  0.158256
0.301544  -0.106282  -0.0354473  -0.106282  0.251702  0.0662873  -0.0354473  0.0662873  0.158256
0.301517  -0.106181  -0.0353101  -0.106181  0.251572  0.0661746  -0.0353101  0.0661746  0.158252
0.301515  -0.106177  -0.0352963  -0.106177  0.251565  0.0661657  -0.0352963  0.0661657  0.158251
0.301493  -0.106074  -0.0351459  -0.106074  0.251416  0.0660376  -0.0351459  0.0660376  0.158243
0.301491  -0.106069  -0.0351321  -0.106069  0.251409  0.0660287  -0.0351321  0.0660287  0.158242
0.301463  -0.105964  -0.0349816  -0.105964  0.251273  0.0659078  -0.0349816  0.0659078  0.158238
0.301436  -0.105887  -0.0348675  -0.105887  0.251187  0.0658253  -0.0348675  0.0658253  0.15824
0.301434  -0.10587  -0.0348724  -0.10587  0.251169  0.0658206  -0.0348724  0.0658206  0.158241
0.301408  -0.10577  -0.0347362  -0.10577  0.25104  0.065709  -0.0347362  0.065709  0.158238
0.301406  -0.105765  -0.0347225  -0.105765  0.251033  0.0657002  -0.0347225  0.0657002  0.158238
0.301374  -0.105663  -0.0345862  -0.105663  0.250917  0.0655959  -0.0345862  0.0655959  0.15824
0.301356  -0.105582  -0.0345052  -0.105582  0.250815  0.06552  -0.0345052  0.06552  0.158239
0.301354  -0.105577  -0.0344915  -0.105577  0.250809  0.0655112  -0.0344915  0.0655112  0.158239
0.301325  -0.10548  -0.0343693  -0.10548  0.250699  0.0654161  -0.0343693  0.0654161  0.158242
0.301323  -0.105475  -0.0343557  -0.105475  0.250692  0.0654074  -0.0343557  0.0654074  0.158242
0.30129  -0.105369  -0.0342064  -0.105369  0.25057  0.065295  -0.0342064  0.065295  0.158245
0.301264  -0.105281  -0.034112  -0.105281  0.250474  0.0652179  -0.034112  0.0652179  0.158249
0.301264  -0.105281  -0.034112  -0.105281  0.250474  0.0652179  -0.034112  0.0652179  0.158249
0.30123  -0.105159  -0.0339682  -0.105159  0.250334  0.0651013  -0.0339682  0.0651013  0.158253
0.301228  -0.105154  -0.0339546  -0.105154  0.250328  0.0650926  -0.0339546  0.0650926  0.158253
0.301195  -0.105032  -0.0338111  -0.105032  0.250188  0.0649765  -0.0338111  0.0649765  0.158257
0.301193  -0.105027  -0.0337975  -0.105027  0.250181  0.0649678  -0.0337975  0.0649678  0.158257
0.301159  -0.104905  -0.0336544  -0.104905  0.250042  0.064852  -0.0336544  0.064852  0.158262
0.301139  -0.104816  -0.0335473  -0.104816  0.249929  0.0647603  -0.0335473  0.0647603  0.158263
0.301137  -0.104811  -0.0335338  -0.104811  0.249923  0.0647516  -0.0335338  0.0647516  0.158263
0.301099  -0.104664  -0.0333691  -0.104664  0.249753  0.0646146  -0.0333691  0.0646146  0.158268
0.301097  -0.10466  -0.0333556  -0.10466  0.249747  0.064606  -0.0333556  0.064606  0.158268
0.30106  -0.104525  -0.0331729  -0.104525  0.249589  0.0644655  -0.0331729  0.0644655  0.158275
0.301057  -0.104504  -0.0331644  -0.104504  0.249565  0.0644523  -0.0331644  0.0644523  0.158275
0.301018  -0.104354  -0.0329871  -0.104354  0.24939  0.0643077  -0.0329871  0.0643077  0.158282
0.300995  -0.104244  -0.0328725  -0.104244  0.249254  0.064204  -0.0328725  0.064204  0.158284
0.300993  -0.10424  -0.0328591  -0.10424  0.249247  0.0641955  -0.0328591  0.0641955  0.158284
0.300955  -0.10409  -0.0326826  -0.10409  0.249074  0.0640519  -0.0326826  0.0640519  0.158293
0.300952  -0.104069  -0.0326742  -0.104069  0.24905  0.0640388  -0.0326742  0.0640388  0.158293
0.300913  -0.103903  -0.0325031  -0.103903  0.248859  0.0638911  -0.0325031  0.0638911  0.158302
0.30091  -0.103882  -0.0324947  -0.103882  0.248835  0.063878  -0.0324947  0.063878  0.158303
0.30087  -0.103713  -0.0323107  -0.103713  0.248639  0.0637225  -0.0323107  0.0637225  0.158313
0.300843  -0.103602  -0.0321972  -0.103602  0.248517  0.063627  -0.0321972  0.063627  0.158321
0.300838  -0.103577  -0.0321755  -0.103577  0.248487  0.0636057  -0.0321755  0.0636057  0.158322
0.300799  -0.103396  -0.0320107  -0.103396  0.248281  0.063455  -0.0320107  0.063455  0.158333
0.300798  -0.103392  -0.0319974  -0.103392  0.248274  0.0634466  -0.0319974  0.0634466  0.158333
0.300753  -0.103205  -0.0318196  -0.103205  0.248075  0.0632951  -0.0318196  0.0632951  0.15835
0.300723  -0.103075  -0.0316987  -0.103075  0.247931  0.0631878  -0.0316987  0.0631878  0.15836
0.300721  -0.103066  -0.0316722  -0.103066  0.247918  0.0631712  -0.0316722  0.0631712  0.158361
0.300675  -0.102876  -0.0314822  -0.102876  0.247713  0.0630125  -0.0314822  0.0630125  0.158379
0.300672  -0.102856  -0.031474  -0.102856  0.24769  0.0629997  -0.031474  0.0629997  0.15838
0.300633  -0.10268  -0.0312665  -0.10268  0.247485  0.0628312  -0.0312665  0.0628312  0.158395
0.300599  -0.102544  -0.0311333  -0.102544  0.247348  0.0627238  -0.0311333  0.0627238  0.158411
0.300596  -0.102524  -0.0311252  -0.102524  0.247325  0.0627111  -0.0311252  0.0627111  0.158412
0.300552  -0.102335  -0.0309368  -0.102335  0.247123  0.0625543  -0.0309368  0.0625543  0.158432
0.30055  -0.102315  -0.0309286  -0.102315  0.247099  0.0625417  -0.0309286  0.0625417  0.158433
0.300507  -0.102127  -0.0307408  -0.102127  0.246898  0.0623856  -0.0307408  0.0623856  0.158455
0.300479  -0.101994  -0.0306089  -0.101994  0.246751  0.0622728  -0.0306089  0.0622728  0.158468
0.300476  -0.10197  -0.0305878  -0.10197  0.246722  0.0622521  -0.0305878  0.0622521  0.15847
0.30043  -0.101747  -0.0303979  -0.101747  0.246482  0.0620803  -0.0303979  0.0620803  0.158493
0.300429  -0.101743  -0.0303849  -0.101743  0.246476  0.0620723  -0.0303849  0.0620723  0.158494
0.300385  -0.10152  -0.0301957  -0.10152  0.246238  0.0619013  -0.0301957  0.0619013  0.158518
0.300381  -0.101496  -0.0301747  -0.101496  0.246209  0.0618809  -0.0301747  0.0618809  0.15852
0.300341  -0.10131  -0.0299892  -0.10131  0.246012  0.0617276  -0.0299892  0.0617276  0.158544
0.300339  -0.10129  -0.0299812  -0.10129  0.245989  0.0617152  -0.0299812  0.0617152  0.158545
0.300297  -0.101092  -0.0297575  -0.101092  0.245774  0.0615388  -0.0297575  0.0615388  0.158573
0.300294  -0.101072  -0.0297496  -0.101072  0.245751  0.0615265  -0.0297496  0.0615265  0.158574
0.300254  -0.100879  -0.0295395  -0.100879  0.245543  0.0613589  -0.0295395  0.0613589  0.158602
0.300226  -0.100724  -0.0293894  -0.100724  0.245371  0.061229  -0.0293894  0.061229  0.15862
0.300221  -0.100719  -0.0293765  -0.100719  0.245377  0.0612279  -0.0293765  0.0612279  0.158626
0.300188  -0.100521  -0.0291983  -0.100521  0.245155  0.0610663  -0.0291983  0.0610663  0.158649
0.300184  -0.100497  -0.0291777  -0.100497  0.245126  0.0610463  -0.0291777  0.0610463  0.158651
0.300153  -0.100315  -0.028995  -0.100315  0.244921  0.0608898  -0.028995  0.0608898  0.158674
0.300129  -0.10017  -0.0288717  -0.10017  0.244763  0.0607771  -0.0288717  0.0607771  0.158693
0.300126  -0.100146  -0.0288512  -0.100146  0.244735  0.0607572  -0.0288512  0.0607572  0.158695
0.300096  -0.099954  -0.0286872  -0.099954  0.244522  0.0606054  -0.0286872  0.0606054  0.158719
0.300094  -0.0999458  -0.0286617  -0.0999458  0.24451  0.0605899  -0.0286617  0.0605899  0.158721
0.300068  -0.0997515  -0.0284855  -0.0997515  0.244279  0.0604243  -0.0284855  0.0604243  0.158742
0.300046  -0.0996231  -0.0283582  -0.0996231  0.244139  0.0603173  -0.0283582  0.0603173  0.158761
0.300044  -0.0996035  -0.0283505  -0.0996035  0.244117  0.0603053  -0.0283505  0.0603053  0.158763
0.300019  -0.0994173  -0.0281449  -0.0994173  0.243893  0.0601299  -0.0281449  0.0601299  0.158787
0.300016  -0.0993977  -0.0281373  -0.0993977  0.243871  0.060118  -0.0281373  0.060118  0.158788
0.299996  -0.0992135  -0.0279322  -0.0992135  0.243635  0.0599367  -0.0279322  0.0599367  0.158809
0.299976  -0.0990599  -0.0277731  -0.0990599  0.243452  0.0597974  -0.0277731  0.0597974  0.158829
0.299974  -0.0990519  -0.027748  -0.0990519  0.24344  0.0597823  -0.027748  0.0597823  0.158832
0.299956  -0.0988765  -0.0275691  -0.0988765  0.243218  0.0596176  -0.0275691  0.0596176  0.158851
0.299955  -0.0988685  -0.027544  -0.0988685  0.243206  0.0596025  -0.027544  0.0596025  0.158854
0.299938  -0.098709  -0.0273607  -0.098709  0.243001  0.0594427  -0.0273607  0.0594427  0.158874
0.299936  -0.0986855  -0.0273407  -0.0986855  0.242974  0.0594235  -0.0273407  0.0594235  0.158877
0.299918  -0.0985184  -0.0271329  -0.0985184  0.242758  0.0592495  -0.0271329  0.0592495  0.158901
0.299916  -0.098499  -0.0271254  -0.098499  0.242736  0.0592378  -0.0271254  0.0592378  0.158902
0.299902  -0.0983442  -0.0269556  -0.0983442  0.242538  0.0590869  -0.0269556  0.0590869  0.158922
0.299888  -0.0982349  -0.0268261  -0.0982349  0.242407  0.0589811  -0.0268261  0.0589811  0.158941
0.299887  -0.0982156  -0.0268186  -0.0982156  0.242385  0.0589696  -0.0268186  0.0589696  0.158943
0.299871  -0.0980534  -0.0266248  -0.0980534  0.242177  0.0588049  -0.0266248  0.0588049  0.158967
0.29987  -0.0980495  -0.0266123  -0.0980495  0.242171  0.0587975  -0.0266123  0.0587975  0.158968
0.299855  -0.0978876  -0.026419  -0.0978876  0.241964  0.0586335  -0.026419  0.0586335  0.158993
0.299855  -0.0978837  -0.0264066  -0.0978837  0.241958  0.0586262  -0.0264066  0.0586262  0.158995
0.299839  -0.0977069  -0.0262188  -0.0977069  0.241736  0.0584588  -0.0262188  0.0584588  0.159021
0.299825  -0.0975755  -0.026071  -0.0975755  0.24158  0.058336  -0.026071  0.058336  0.159045
0.299824  -0.0975715  -0.0260586  -0.0975715  0.241574  0.0583288  -0.0260586  0.0583288  0.159047
0.29981  -0.0973954  -0.0258718  -0.0973954  0.241354  0.0581626  -0.0258718  0.0581626  0.159074
0.299798  -0.0972837  -0.025732  -0.0972837  0.24122  0.0580522  -0.025732  0.0580522  0.159098
0.299796  -0.0972645  -0.0257247  -0.0972645  0.241199  0.0580409  -0.0257247  0.0580409  0.1591
0.299781  -0.0971222  -0.0255412  -0.0971222  0.241028  0.0578979  -0.0255412  0.0578979  0.159131
0.29978  -0.0971031  -0.0255339  -0.0971031  0.241007  0.0578867  -0.0255339  0.0578867  0.159133
0.299769  -0.0969623  -0.0253507  -0.0969623  0.240825  0.0577377  -0.0253507  0.0577377  0.15916
0.299759  -0.096855  -0.0252241  -0.096855  0.240697  0.0576357  -0.0252241  0.0576357  0.159183
0.299758  -0.0968511  -0.0252119  -0.0968511  0.240692  0.0576285  -0.0252119  0.0576285  0.159185
0.299743  -0.0966945  -0.0250346  -0.0966945  0.240507  0.0574832  -0.0250346  0.0574832  0.159219
0.299741  -0.0966716  -0.0250153  -0.0966716  0.240481  0.0574649  -0.0250153  0.0574649  0.159223
0.299729  -0.0965343  -0.0248457  -0.0965343  0.240318  0.0573313  -0.0248457  0.0573313  0.159255
0.299724  -0.0965254  -0.0248217  -0.0965254  0.240319  0.0573238  -0.0248217  0.0573238  0.159263
0.299711  -0.0963694  -0.0246455  -0.0963694  0.240136  0.0571797  -0.0246455  0.0571797  0.159298
0.299701  -0.0962592  -0.0245081  -0.0962592  0.240005  0.0570722  -0.0245081  0.0570722  0.159325
0.2997  -0.0962365  -0.0244889  -0.0962365  0.239979  0.0570542  -0.0244889  0.0570542  0.159329
0.299686  -0.0960697  -0.0242773  -0.0960697  0.239781  0.0568902  -0.0242773  0.0568902  0.159372
0.299685  -0.0960659  -0.0242652  -0.0960659  0.239776  0.0568832  -0.0242652  0.0568832  0.159374
0.299672  -0.0958883  -0.0240714  -0.0958883  0.239569  0.056723  -0.0240714  0.056723  0.159415
0.299671  -0.0958845  -0.0240593  -0.0958845  0.239564  0.056716  -0.0240593  0.056716  0.159417
0.299659  -0.0957148  -0.0238901  -0.0957148  0.239368  0.0565704  -0.0238901  0.0565704  0.159455
0.299658  -0.0957073  -0.0238661  -0.0957073  0.239358  0.0565566  -0.0238661  0.0565566  0.159459
0.299646  -0.0955305  -0.0236733  -0.0955305  0.239152  0.0563979  -0.0236733  0.0563979  0.159502
0.299639  -0.0954254  -0.0235498  -0.0954254  0.23903  0.0562996  -0.0235498  0.0562996  0.15953
0.299638  -0.0954179  -0.0235259  -0.0954179  0.239019  0.0562859  -0.0235259  0.0562859  0.159534
0.299627  -0.0952455  -0.0233461  -0.0952455  0.238821  0.0561353  -0.0233461  0.0561353  0.159576
0.299626  -0.095238  -0.0233222  -0.095238  0.23881  0.0561216  -0.0233222  0.0561216  0.159581
0.299615  -0.0950586  -0.0231192  -0.0950586  0.238602  0.0559581  -0.0231192  0.0559581  0.159629
0.299615  -0.0950512  -0.0230954  -0.0950512  0.238592  0.0559445  -0.0230954  0.0559445  0.159633
0.299608  -0.0948882  -0.0228876  -0.0948882  0.238388  0.0557791  -0.0228876  0.0557791  0.159677
0.299601  -0.0947543  -0.0227232  -0.0947543  0.238232  0.0556518  -0.0227232  0.0556518  0.159717
0.299601  -0.0947469  -0.0226995  -0.0947469  0.238222  0.0556383  -0.0226995  0.0556383  0.159722
0.299592  -0.0945836  -0.0224932  -0.0945836  0.238031  0.0554809  -0.0224932  0.0554809  0.159772
0.299592  -0.0945799  -0.0224814  -0.0945799  0.238026  0.0554742  -0.0224814  0.0554742  0.159774
0.299587  -0.094418  -0.0222755  -0.094418  0.237824  0.0553111  -0.0222755  0.0553111  0.159821
0.299587  -0.0944143  -0.0222637  -0.0944143  0.237819  0.0553044  -0.0222637  0.0553044  0.159823
0.29958  -0.0942481  -0.022047  -0.0942481  0.237625  0.0551419  -0.022047  0.0551419  0.159878
0.299578  -0.0941422  -0.0219142  -0.0941422  0.237489  0.0550341  -0.0219142  0.0550341  0.159908
0.299578  -0.0941349  -0.0218907  -0.0941349  0.237479  0.0550209  -0.0218907  0.0550209  0.159913
0.299574  -0.0939518  -0.0216681  -0.0939518  0.237256  0.0548429  -0.0216681  0.0548429  0.159967
0.299574  -0.0939482  -0.0216564  -0.0939482  0.237251  0.0548363  -0.0216564  0.0548363  0.15997
0.29957  -0.0937729  -0.0214577  -0.0937729  0.237038  0.0546723  -0.0214577  0.0546723  0.16002
0.299567  -0.0936558  -0.0212915  -0.0936558  0.236901  0.0545529  -0.0212915  0.0545529  0.160064
0.299569  -0.0936531  -0.0212795  -0.0936531  0.236884  0.0545398  -0.0212795  0.0545398  0.160062
0.299567  -0.0934676  -0.0210471  -0.0934676  0.236658  0.0543578  -0.0210471  0.0543578  0.160122
0.299567  -0.093464  -0.0210355  -0.093464  0.236653  0.0543513  -0.0210355  0.0543513  0.160125
0.299565  -0.0932826  -0.0208155  -0.0932826  0.236433  0.0541767  -0.0208155  0.0541767  0.160183
0.299563  -0.0931553  -0.0206673  -0.0931553  0.236288  0.0540618  -0.0206673  0.0540618  0.160227
0.299562  -0.0931334  -0.0206493  -0.0931334  0.236264  0.0540452  -0.0206493  0.0540452  0.160233
0.299562  -0.0929639  -0.0204139  -0.0929639  0.236055  0.0538695  -0.0204139  0.0538695  0.160296
0.299562  -0.0929568  -0.0203909  -0.0929568  0.236046  0.0538568  -0.0203909  0.0538568  0.160302
0.299563  -0.0927913  -0.0201679  -0.0927913  0.235843  0.0536884  -0.0201679  0.0536884  0.160363
0.299563  -0.0926759  -0.0200046  -0.0926759  0.235709  0.0535726  -0.0200046  0.0535726  0.160412
0.299562  -0.0926542  -0.0199868  -0.0926542  0.235685  0.0535563  -0.0199868  0.0535563  0.160418
0.299562  -0.0924816  -0.0197427  -0.0924816  0.235486  0.0533835  -0.0197427  0.0533835  0.160493
0.299563  -0.0924781  -0.0197312  -0.0924781  0.235481  0.0533772  -0.0197312  0.0533772  0.160496
0.299563  -0.0922843  -0.0194703  -0.0922843  0.23526  0.0531893  -0.0194703  0.0531893  0.160578
0.299563  -0.0922627  -0.0194525  -0.0922627  0.235236  0.0531732  -0.0194525  0.0531732  0.160585
0.299565  -0.0920731  -0.0192039  -0.0920731  0.23502  0.0529927  -0.0192039  0.0529927  0.160665
0.299567  -0.0919375  -0.0190253  -0.0919375  0.234866  0.0528636  -0.0190253  0.0528636  0.160724
0.299567  -0.091916  -0.0190077  -0.091916  0.234843  0.0528477  -0.0190077  0.0528477  0.16073
0.29957  -0.0917273  -0.0187607  -0.0917273  0.234629  0.0526691  -0.0187607  0.0526691  0.160813
0.299572  -0.0915813  -0.0185995  -0.0915813  0.234468  0.0525439  -0.0185995  0.0525439  0.16087
0.299572  -0.0915599  -0.018582  -0.0915599  0.234445  0.0525281  -0.018582  0.0525281  0.160877
0.299576  -0.0913466  -0.0183578  -0.0913466  0.23421  0.0523504  -0.0183578  0.0523504  0.160958
0.299577  -0.0913397  -0.0183354  -0.0913397  0.234201  0.0523383  -0.0183354  0.0523383  0.160965
0.299583  -0.0911347  -0.0180847  -0.0911347  0.233972  0.0521533  -0.0180847  0.0521533  0.161055
0.299586  -0.0909646  -0.0178974  -0.0909646  0.233798  0.0520152  -0.0178974  0.0520152  0.16113
0.299587  -0.0909578  -0.0178751  -0.0909578  0.233788  0.0520033  -0.0178751  0.0520033  0.161137
0.299596  -0.0907327  -0.017609  -0.0907327  0.23354  0.051805  -0.017609  0.051805  0.161237
0.299597  -0.0907259  -0.0175868  -0.0907259  0.233531  0.0517931  -0.0175868  0.0517931  0.161244
0.299606  -0.0905016  -0.0173218  -0.0905016  0.233284  0.0515963  -0.0173218  0.0515963  0.161345
0.299614  -0.0903657  -0.0171371  -0.0903657  0.233132  0.0514673  -0.0171371  0.0514673  0.161415
0.299615  -0.0903446  -0.0171201  -0.0903446  0.23311  0.0514521  -0.0171201  0.0514521  0.161422
0.299627  -0.0901535  -0.016858  -0.0901535  0.232897  0.0512704  -0.016858  0.0512704  0.161523
0.299628  -0.0901325  -0.016841  -0.0901325  0.232874  0.0512553  -0.016841  0.0512553  0.161531
0.299641  -0.0899277  -0.016585  -0.0899277  0.232649  0.0510713  -0.016585  0.0510713  0.161633
0.299652  -0.0897863  -0.0163804  -0.0897863  0.232491  0.0509333  -0.0163804  0.0509333  0.161714
0.299653  -0.0897654  -0.0163636  -0.0897654  0.232469  0.0509184  -0.0163636  0.0509184  0.161721
0.299669  -0.0895584  -0.0160986  -0.0895584  0.232242  0.050731  -0.0160986  0.050731  0.16183
0.29967  -0.0895518  -0.0160768  -0.0895518  0.232234  0.0507196  -0.0160768  0.0507196  0.161838
0.299687  -0.0893279  -0.0158071  -0.0893279  0.231991  0.0505245  -0.0158071  0.0505245  0.161953
0.299701  -0.0891561  -0.0156041  -0.0891561  0.231805  0.0503768  -0.0156041  0.0503768  0.162041
0.299703  -0.0891353  -0.0155875  -0.0891353  0.231783  0.0503622  -0.0155875  0.0503622  0.162049
0.299722  -0.0888985  -0.0153248  -0.0888985  0.23153  0.0501663  -0.0153248  0.0501663  0.162166
0.299724  -0.0888921  -0.0153033  -0.0888921  0.231522  0.0501552  -0.0153033  0.0501552  0.162174
0.299748  -0.0886431  -0.0149989  -0.0886431  0.231254  0.0499386  -0.0149989  0.0499386  0.16231
0.299751  -0.0886334  -0.0149667  -0.0886334  0.231242  0.0499221  -0.0149667  0.0499221  0.162323
0.299777  -0.0883855  -0.014664  -0.0883855  0.230976  0.0497075  -0.014664  0.0497075  0.162462
0.299778  -0.0883649  -0.0146476  -0.0883649  0.230954  0.0496932  -0.0146476  0.0496932  0.16247
0.299805  -0.0881242  -0.0143676  -0.0881242  0.230699  0.0494914  -0.0143676  0.0494914  0.162602
0.299806  -0.0881178  -0.0143464  -0.0881178  0.230691  0.0494805  -0.0143464  0.0494805  0.162611
0.299833  -0.0878812  -0.0140783  -0.0878812  0.230441  0.0492857  -0.0140783  0.0492857  0.16274
0.299854  -0.0877128  -0.0138808  -0.0877128  0.230263  0.0491448  -0.0138808  0.0491448  0.162836
0.299856  -0.0876924  -0.0138647  -0.0876924  0.230243  0.0491308  -0.0138647  0.0491308  0.162845
0.29989  -0.0874133  -0.0135562  -0.0874133  0.229951  0.0489057  -0.0135562  0.0489057  0.163
0.299893  -0.0873898  -0.0135297  -0.0873898  0.229926  0.0488866  -0.0135297  0.0488866  0.163013
0.299927  -0.0871461  -0.0132338  -0.0871461  0.22967  0.0486805  -0.0132338  0.0486805  0.163162
0.29993  -0.0871258  -0.0132179  -0.0871258  0.22965  0.0486668  -0.0132179  0.0486668  0.163171
0.299965  -0.0868721  -0.0129389  -0.0868721  0.229387  0.0484645  -0.0129389  0.0484645  0.163317
0.299991  -0.086703  -0.0127347  -0.086703  0.229211  0.048323  -0.0127347  0.048323  0.163423
0.299993  -0.0866828  -0.0127189  -0.0866828  0.229191  0.0483095  -0.0127189  0.0483095  0.163432
0.300031  -0.0864308  -0.0124415  -0.0864308  0.22892  0.0481038  -0.0124415  0.0481038  0.163577
0.300034  -0.0864246  -0.0124208  -0.0864246  0.228913  0.0480936  -0.0124208  0.0480936  0.163586
0.300076  -0.0861811  -0.0121199  -0.0861811  0.22866  0.047889  -0.0121199  0.047889  0.163748
0.300108  -0.0860075  -0.0118978  -0.0860075  0.22848  0.0477407  -0.0118978  0.0477407  0.163869
0.300111  -0.0859876  -0.0118822  -0.0859876  0.228461  0.0477276  -0.0118822  0.0477276  0.163878
0.300156  -0.0857457  -0.0115831  -0.0857457  0.228201  0.0475198  -0.0115831  0.0475198  0.164039
0.300159  -0.0857258  -0.0115677  -0.0857258  0.228181  0.0475067  -0.0115677  0.0475067  0.164048
0.300204  -0.0854877  -0.0112811  -0.0854877  0.227938  0.0473121  -0.0112811  0.0473121  0.164211
0.300239  -0.0852911  -0.0110822  -0.0852911  0.227742  0.0471662  -0.0110822  0.0471662  0.164331
0.300243  -0.0852821  -0.0110517  -0.0852821  0.227731  0.0471515  -0.0110517  0.0471515  0.164346
0.300295  -0.085012  -0.0107566  -0.085012  0.227449  0.0469378  -0.0107566  0.0469378  0.164517
0.300333  -0.0848412  -0.0105394  -0.0848412  0.227276  0.0467955  -0.0105394  0.0467955  0.164645
0.300338  -0.0848186  -0.0105142  -0.0848186  0.227253  0.046778  -0.0105142  0.046778  0.16466
0.30039  -0.0845697  -0.0102376  -0.0845697  0.227006  0.0465866  -0.0102376  0.0465866  0.164831
0.300393  -0.08455  -0.0102226  -0.08455  0.226987  0.046574  -0.0102226  0.046574  0.164841
0.30045  -0.0842824  -0.00993158  -0.0842824  0.226711  0.0463655  -0.00993158  0.0463655  0.165018
0.300455  -0.0842737  -0.00990162  -0.0842737  0.226701  0.0463514  -0.00990162  0.0463514  0.165035
0.300516  -0.0840042  -0.00960316  -0.0840042  0.226435  0.0461465  -0.00960316  0.0461465  0.165225
0.300563  -0.083789  -0.00938535  -0.083789  0.226226  0.0459912  -0.00938535  0.0459912  0.165369
0.300569  -0.0837666  -0.00936065  -0.0837666  0.226205  0.0459744  -0.00936065  0.0459744  0.165385
0.300635  -0.0834824  -0.0090602  -0.0834824  0.225929  0.0457656  -0.0090602  0.0457656  0.165585
0.300641  -0.0834601  -0.00903564  -0.0834601  0.225907  0.0457489  -0.00903564  0.0457489  0.165602
0.300708  -0.0831798  -0.00874676  -0.0831798  0.225638  0.0455469  -0.00874676  0.0455469  0.165799
0.300756  -0.0829861  -0.00854692  -0.0829861  0.225452  0.0454079  -0.00854692  0.0454079  0.165937
0.30076  -0.0829669  -0.00853236  -0.0829669  0.225434  0.045396  -0.00853236  0.045396  0.165948
0.300836  -0.0826691  -0.0082317  -0.0826691  0.225151  0.0451856  -0.0082317  0.0451856  0.16616
0.300841  -0.0826607  -0.00820252  -0.0826607  0.225141  0.0451723  -0.00820252  0.0451723  0.166178
0.300924  -0.0823693  -0.00786966  -0.0823693  0.224863  0.0449539  -0.00786966  0.0449539  0.166411
0.300931  -0.0823473  -0.00784562  -0.0823473  0.224842  0.0449379  -0.00784562  0.0449379  0.166428
0.301012  -0.0820762  -0.00752915  -0.0820762  0.224584  0.0447337  -0.00752915  0.0447337  0.166653
0.30107  -0.0818796  -0.00731361  -0.0818796  0.224388  0.0445854  -0.00731361  0.0445854  0.166805
0.301076  -0.0818578  -0.00728981  -0.0818578  0.224368  0.0445696  -0.00728981  0.0445696  0.166823
0.301163  -0.0815615  -0.00698644  -0.0815615  0.224092  0.0443636  -0.00698644  0.0443636  0.167052
0.301168  -0.0815396  -0.00696185  -0.0815396  0.224061  0.0443419  -0.00696185  0.0443419  0.167064
0.301255  -0.0812711  -0.00664943  -0.0812711  0.223799  0.0441376  -0.00664943  0.0441376  0.167292
0.301262  -0.0812495  -0.00662593  -0.0812495  0.223779  0.0441223  -0.00662593  0.0441223  0.16731
0.301343  -0.0809795  -0.00635818  -0.0809795  0.223521  0.0439341  -0.00635818  0.0439341  0.167515
0.301406  -0.0807855  -0.00614722  -0.0807855  0.223332  0.0437916  -0.00614722  0.0437916  0.167674
0.301414  -0.080764  -0.00612394  -0.080764  0.223313  0.0437765  -0.00612394  0.0437765  0.167692
0.30151  -0.0804822  -0.00581187  -0.0804822  0.223045  0.0435714  -0.00581187  0.0435714  0.167933
0.301517  -0.0804607  -0.00578874  -0.0804607  0.223025  0.0435565  -0.00578874  0.0435565  0.167951
0.301618  -0.0801502  -0.00547826  -0.0801502  0.222725  0.0433382  -0.00547826  0.0433382  0.168195
0.301686  -0.0799449  -0.00527573  -0.0799449  0.222531  0.0431974  -0.00527573  0.0431974  0.168359
0.301693  -0.0799236  -0.00525284  -0.0799236  0.222512  0.0431828  -0.00525284  0.0431828  0.168378
0.301792  -0.0796366  -0.00496934  -0.0796366  0.222247  0.0429893  -0.00496934  0.0429893  0.168613
0.3018  -0.0796154  -0.00494658  -0.0796154  0.222228  0.0429749  -0.00494658  0.0429749  0.168632
0.301901  -0.0793264  -0.0046546  -0.0793264  0.221952  0.0427735  -0.0046546  0.0427735  0.168871
0.301977  -0.0791341  -0.00444223  -0.0791341  0.221782  0.0426419  -0.00444223  0.0426419  0.169052
0.301984  -0.0791126  -0.00441869  -0.0791126  0.221753  0.0426217  -0.00441869  0.0426217  0.169066
0.302093  -0.0788364  -0.00411664  -0.0788364  0.2215  0.0424292  -0.00411664  0.0424292  0.169322
0.302102  -0.0788155  -0.00409426  -0.0788155  0.221482  0.0424152  -0.00409426  0.0424152  0.169342
0.302211  -0.0785429  -0.00380317  -0.0785429  0.221235  0.0422288  -0.00380317  0.0422288  0.169594
0.302291  -0.0783388  -0.00359823  -0.0783388  0.22105  0.0420928  -0.00359823  0.0420928  0.169775
