0.309626  -0.137582  -0.0714271  -0.137582  0.302178  0.105906  -0.0714271  0.105906  0.170875
0.309626  -0.137582  -0.0714271  -0.137582  0.302178  0.105906  -0.0714271  0.105906  0.170875
0.309626  -0.137596  -0.0714033  -0.137596  0.302193  0.105898  -0.0714033  0.105898  0.170863
0.309626  -0.137596  -0.0714033  -0.137596  0.302193  0.105898  -0.0714033  0.105898  0.170863
0.309626  -0.137596  -0.0714033  -0.137596  0.302193  0.105898  -0.0714033  0.105898  0.170863
0.30962  -0.137589  -0.0713835  -0.137589  0.30218  0.105882  -0.0713835  0.105882  0.170853
0.30962  -0.137589  -0.0713835  -0.137589  0.30218  0.105882  -0.0713835  0.105882  0.170853
0.30961  -0.137573  -0.071344  -0.137573  0.302154  0.105849  -0.071344  0.105849  0.170833
0.30961  -0.137573  -0.071344  -0.137573  0.302154  0.105849  -0.071344  0.105849  0.170833
0.309605  -0.137566  -0.0713243  -0.137566  0.302141  0.105832  -0.0713243  0.105832  0.170823
0.309613  -0.137565  -0.071308  -0.137565  0.302116  0.105808  -0.071308  0.105808  0.170809
0.309613  -0.137565  -0.071308  -0.137565  0.302116  0.105808  -0.071308  0.105808  0.170809
0.309602  -0.137549  -0.0712685  -0.137549  0.30209  0.105776  -0.0712685  0.105776  0.170789
0.309602  -0.137549  -0.0712685  -0.137549  0.30209  0.105776  -0.0712685  0.105776  0.170789
0.309602  -0.137549  -0.0712685  -0.137549  0.30209  0.105776  -0.0712685  0.105776  0.170789
0.309602  -0.137535  -0.0712923  -0.137535  0.302075  0.105783  -0.0712923  0.105783  0.170801
0.309602  -0.137535  -0.0712923  -0.137535  0.302075  0.105783  -0.0712923  0.105783  0.170801
0.309607  -0.137571  -0.0712645  -0.137571  0.302118  0.105784  -0.0712645  0.105784  0.170787
0.309607  -0.137571  -0.0712645  -0.137571  0.302118  0.105784  -0.0712645  0.105784  0.170787
0.309612  -0.137579  -0.0712842  -0.137579  0.302131  0.105801  -0.0712842  0.105801  0.170797
0.309612  -0.137579  -0.0712842  -0.137579  0.302131  0.105801  -0.0712842  0.105801  0.170797
0.309612  -0.137579  -0.0712842  -0.137579  0.302131  0.105801  -0.0712842  0.105801  0.170797
0.309604  -0.137607  -0.0712529  -0.137607  0.302187  0.105809  -0.0712529  0.105809  0.170788
0.309604  -0.137607  -0.0712529  -0.137607  0.302187  0.105809  -0.0712529  0.105809  0.170788
0.309604  -0.137607  -0.0712529  -0.137607  0.302187  0.105809  -0.0712529  0.105809  0.170788
0.309604  -0.137607  -0.0712529  -0.137607  0.302187  0.105809  -0.0712529  0.105809  0.170788
0.309591  -0.137615  -0.0712257  -0.137615  0.302214  0.105808  -0.0712257  0.105808  0.170781
0.309591  -0.137615  -0.0712257  -0.137615  0.302214  0.105808  -0.0712257  0.105808  0.170781
0.309596  -0.137622  -0.0712454  -0.137622  0.302227  0.105825  -0.0712454  0.105825  0.170791
0.309596  -0.137622  -0.0712454  -0.137622  0.302227  0.105825  -0.0712454  0.105825  0.170791
0.309601  -0.137644  -0.0712414  -0.137644  0.302256  0.105833  -0.0712414  0.105833  0.170789
0.309606  -0.137666  -0.0712373  -0.137666  0.302284  0.105842  -0.0712373  0.105842  0.170788
0.309593  -0.137659  -0.0712338  -0.137659  0.302296  0.105849  -0.0712338  0.105849  0.170792
0.309593  -0.137659  -0.0712338  -0.137659  0.302296  0.105849  -0.0712338  0.105849  0.170792
0.309603  -0.137688  -0.0712495  -0.137688  0.302337  0.105874  -0.0712495  0.105874  0.1708
0.309603  -0.137688  -0.0712495  -0.137688  0.302337  0.105874  -0.0712495  0.105874  0.1708
0.309608  -0.13771  -0.0712455  -0.13771  0.302365  0.105883  -0.0712455  0.105883  0.170798
0.309595  -0.137703  -0.071242  -0.137703  0.302377  0.10589  -0.071242  0.10589  0.170802
0.309595  -0.137703  -0.071242  -0.137703  0.302377  0.10589  -0.071242  0.10589  0.170802
0.3096  -0.137725  -0.071238  -0.137725  0.302406  0.105899  -0.071238  0.105899  0.170801
0.309586  -0.137718  -0.0712345  -0.137718  0.302418  0.105906  -0.0712345  0.105906  0.170805
0.309586  -0.137732  -0.0712107  -0.137732  0.302433  0.105898  -0.0712107  0.105898  0.170793
0.309586  -0.137732  -0.0712107  -0.137732  0.302433  0.105898  -0.0712107  0.105898  0.170793
0.309586  -0.137732  -0.0712107  -0.137732  0.302433  0.105898  -0.0712107  0.105898  0.170793
0.309578  -0.137747  -0.0712032  -0.137747  0.302474  0.105914  -0.0712032  0.105914  0.170796
0.309578  -0.137747  -0.0712032  -0.137747  0.302474  0.105914  -0.0712032  0.105914  0.170796
0.309583  -0.137769  -0.0711991  -0.137769  0.302502  0.105923  -0.0711991  0.105923  0.170794
0.309583  -0.137769  -0.0711991  -0.137769  0.302502  0.105923  -0.0711991  0.105923  0.170794
0.309588  -0.13779  -0.0711951  -0.13779  0.30253  0.105931  -0.0711951  0.105931  0.170793
0.309593  -0.137812  -0.071191  -0.137812  0.302558  0.10594  -0.071191  0.10594  0.170791
0.309593  -0.137812  -0.071191  -0.137812  0.302558  0.10594  -0.071191  0.10594  0.170791
0.309603  -0.137841  -0.0712067  -0.137841  0.3026  0.105965  -0.0712067  0.105965  0.170799
0.309603  -0.137841  -0.0712067  -0.137841  0.3026  0.105965  -0.0712067  0.105965  0.170799
0.309603  -0.137855  -0.0711829  -0.137855  0.302615  0.105957  -0.0711829  0.105957  0.170788
0.309608  -0.137877  -0.0711788  -0.137877  0.302643  0.105966  -0.0711788  0.105966  0.170786
0.309608  -0.137877  -0.0711788  -0.137877  0.302643  0.105966  -0.0711788  0.105966  0.170786
0.309608  -0.137877  -0.0711788  -0.137877  0.302643  0.105966  -0.0711788  0.105966  0.170786
0.309613  -0.137899  -0.0711748  -0.137899  0.302672  0.105975  -0.0711748  0.105975  0.170785
0.309613  -0.137899  -0.0711748  -0.137899  0.302672  0.105975  -0.0711748  0.105975  0.170785
0.309618  -0.13792  -0.0711707  -0.13792  0.3027  0.105983  -0.0711707  0.105983  0.170783
0.309618  -0.13792  -0.0711707  -0.13792  0.3027  0.105983  -0.0711707  0.105983  0.170783
0.309628  -0.13795  -0.0711864  -0.13795  0.302741  0.106008  -0.0711864  0.106008  0.170792
0.309628  -0.13795  -0.0711864  -0.13795  0.302741  0.106008  -0.0711864  0.106008  0.170792
0.309628  -0.137964  -0.0711626  -0.137964  0.302757  0.106001  -0.0711626  0.106001  0.17078
0.309628  -0.137964  -0.0711626  -0.137964  0.302757  0.106001  -0.0711626  0.106001  0.17078
0.309628  -0.137964  -0.0711626  -0.137964  0.302757  0.106001  -0.0711626  0.106001  0.17078
0.309628  -0.137964  -0.0711626  -0.137964  0.302757  0.106001  -0.0711626  0.106001  0.17078
0.309647  -0.137992  -0.071162  -0.137992  0.302773  0.106002  -0.071162  0.106002  0.170774
0.309647  -0.137992  -0.071162  -0.137992  0.302773  0.106002  -0.071162  0.106002  0.170774
0.309647  -0.137992  -0.071162  -0.137992  0.302773  0.106002  -0.071162  0.106002  0.170774
0.309647  -0.137992  -0.071162  -0.137992  0.302773  0.106002  -0.071162  0.106002  0.170774
0.309652  -0.138014  -0.071158  -0.138014  0.302801  0.106011  -0.071158  0.106011  0.170773
0.309651  -0.138028  -0.0711342  -0.138028  0.302817  0.106003  -0.0711342  0.106003  0.170761
0.309651  -0.138028  -0.0711342  -0.138028  0.302817  0.106003  -0.0711342  0.106003  0.170761
0.309657  -0.138036  -0.0711539  -0.138036  0.30283  0.106019  -0.0711539  0.106019  0.170771
0.309657  -0.138036  -0.0711539  -0.138036  0.30283  0.106019  -0.0711539  0.106019  0.170771
0.309667  -0.138079  -0.0711458  -0.138079  0.302886  0.106037  -0.0711458  0.106037  0.170768
0.309667  -0.138079  -0.0711458  -0.138079  0.302886  0.106037  -0.0711458  0.106037  0.170768
0.309658  -0.138094  -0.0711382  -0.138094  0.302927  0.106052  -0.0711382  0.106052  0.170771
0.309658  -0.138094  -0.0711382  -0.138094  0.302927  0.106052  -0.0711382  0.106052  0.170771
0.309664  -0.138102  -0.071158  -0.138102  0.30294  0.106069  -0.071158  0.106069  0.170781
0.309664  -0.138102  -0.071158  -0.138102  0.30294  0.106069  -0.071158  0.106069  0.170781
0.309663  -0.138116  -0.0711342  -0.138116  0.302955  0.106061  -0.0711342  0.106061  0.170769
0.309663  -0.138116  -0.0711342  -0.138116  0.302955  0.106061  -0.0711342  0.106061  0.170769
0.309663  -0.138116  -0.0711342  -0.138116  0.302955  0.106061  -0.0711342  0.106061  0.170769
0.309663  -0.138116  -0.0711342  -0.138116  0.302955  0.106061  -0.0711342  0.106061  0.170769
0.30965  -0.138109  -0.0711307  -0.138109  0.302967  0.106068  -0.0711307  0.106068  0.170773
0.30965  -0.138109  -0.0711307  -0.138109  0.302967  0.106068  -0.0711307  0.106068  0.170773
0.30965  -0.138109  -0.0711307  -0.138109  0.302967  0.106068  -0.0711307  0.106068  0.170773
0.30965  -0.138109  -0.0711307  -0.138109  0.302967  0.106068  -0.0711307  0.106068  0.170773
0.309655  -0.138131  -0.0711266  -0.138131  0.302996  0.106077  -0.0711266  0.106077  0.170772
0.309655  -0.138131  -0.0711266  -0.138131  0.302996  0.106077  -0.0711266  0.106077  0.170772
0.309647  -0.138132  -0.0711429  -0.138132  0.303021  0.106101  -0.0711429  0.106101  0.170785
0.309647  -0.138132  -0.0711429  -0.138132  0.303021  0.106101  -0.0711429  0.106101  0.170785
0.309642  -0.138124  -0.0711231  -0.138124  0.303008  0.106084  -0.0711231  0.106084  0.170776
0.309642  -0.138124  -0.0711231  -0.138124  0.303008  0.106084  -0.0711231  0.106084  0.170776
0.309634  -0.138139  -0.0711156  -0.138139  0.303048  0.1061  -0.0711156  0.1061  0.170778
0.309634  -0.138139  -0.0711156  -0.138139  0.303048  0.1061  -0.0711156  0.1061  0.170778
0.309634  -0.138139  -0.0711156  -0.138139  0.303048  0.1061  -0.0711156  0.1061  0.170778
0.309634  -0.138139  -0.0711156  -0.138139  0.303048  0.1061  -0.0711156  0.1061  0.170778
0.309634  -0.138139  -0.0711156  -0.138139  0.303048  0.1061  -0.0711156  0.1061  0.170778
0.309634  -0.138139  -0.0711156  -0.138139  0.303048  0.1061  -0.0711156  0.1061  0.170778
0.309634  -0.138139  -0.0711156  -0.138139  0.303048  0.1061  -0.0711156  0.1061  0.170778
0.309634  -0.138139  -0.0711156  -0.138139  0.303048  0.1061  -0.0711156  0.1061  0.170778
0.309634  -0.138139  -0.0711156  -0.138139  0.303048  0.1061  -0.0711156  0.1061  0.170778
0.309639  -0.13816  -0.0711115  -0.13816  0.303077  0.106109  -0.0711115  0.106109  0.170776
0.309639  -0.13816  -0.0711115  -0.13816  0.303077  0.106109  -0.0711115  0.106109  0.170776
0.309644  -0.138182  -0.0711075  -0.138182  0.303105  0.106117  -0.0711075  0.106117  0.170775
0.309644  -0.138182  -0.0711075  -0.138182  0.303105  0.106117  -0.0711075  0.106117  0.170775
0.309649  -0.13819  -0.0711272  -0.13819  0.303118  0.106134  -0.0711272  0.106134  0.170785
0.309654  -0.138212  -0.0711231  -0.138212  0.303147  0.106143  -0.0711231  0.106143  0.170783
0.309654  -0.138212  -0.0711231  -0.138212  0.303147  0.106143  -0.0711231  0.106143  0.170783
0.309667  -0.138218  -0.0711266  -0.138218  0.303135  0.106135  -0.0711266  0.106135  0.170779
0.309672  -0.13824  -0.0711226  -0.13824  0.303163  0.106144  -0.0711226  0.106144  0.170778
0.309672  -0.13824  -0.0711226  -0.13824  0.303163  0.106144  -0.0711226  0.106144  0.170778
0.309672  -0.13824  -0.0711226  -0.13824  0.303163  0.106144  -0.0711226  0.106144  0.170778
0.309672  -0.13824  -0.0711226  -0.13824  0.303163  0.106144  -0.0711226  0.106144  0.170778
0.309672  -0.138254  -0.0710987  -0.138254  0.303179  0.106136  -0.0710987  0.106136  0.170766
0.309672  -0.138254  -0.0710987  -0.138254  0.303179  0.106136  -0.0710987  0.106136  0.170766
0.309672  -0.138254  -0.0710987  -0.138254  0.303179  0.106136  -0.0710987  0.106136  0.170766
0.309672  -0.138254  -0.0710987  -0.138254  0.303179  0.106136  -0.0710987  0.106136  0.170766
0.309672  -0.138254  -0.0710987  -0.138254  0.303179  0.106136  -0.0710987  0.106136  0.170766
0.309677  -0.138276  -0.0710947  -0.138276  0.303207  0.106145  -0.0710947  0.106145  0.170765
0.309677  -0.138276  -0.0710947  -0.138276  0.303207  0.106145  -0.0710947  0.106145  0.170765
0.309682  -0.138284  -0.0711144  -0.138284  0.30322  0.106161  -0.0711144  0.106161  0.170775
0.309682  -0.138284  -0.0711144  -0.138284  0.30322  0.106161  -0.0711144  0.106161  0.170775
0.309688  -0.138305  -0.0711104  -0.138305  0.303248  0.10617  -0.0711104  0.10617  0.170773
0.309688  -0.138305  -0.0711104  -0.138305  0.303248  0.10617  -0.0711104  0.10617  0.170773
0.30968  -0.138306  -0.0711266  -0.138306  0.303274  0.106194  -0.0711266  0.106194  0.170787
0.30968  -0.138306  -0.0711266  -0.138306  0.303274  0.106194  -0.0711266  0.106194  0.170787
0.30969  -0.138336  -0.0711423  -0.138336  0.303315  0.106219  -0.0711423  0.106219  0.170795
0.30969  -0.138336  -0.0711423  -0.138336  0.303315  0.106219  -0.0711423  0.106219  0.170795
0.30969  -0.138336  -0.0711423  -0.138336  0.303315  0.106219  -0.0711423  0.106219  0.170795
0.30969  -0.138336  -0.0711423  -0.138336  0.303315  0.106219  -0.0711423  0.106219  0.170795
0.3097  -0.138365  -0.071158  -0.138365  0.303357  0.106244  -0.071158  0.106244  0.170804
0.3097  -0.138365  -0.071158  -0.138365  0.303357  0.106244  -0.071158  0.106244  0.170804
0.3097  -0.138365  -0.071158  -0.138365  0.303357  0.106244  -0.071158  0.106244  0.170804
0.309695  -0.138358  -0.0711383  -0.138358  0.303344  0.106228  -0.0711383  0.106228  0.170794
0.309695  -0.138358  -0.0711383  -0.138358  0.303344  0.106228  -0.0711383  0.106228  0.170794
0.309695  -0.138358  -0.0711383  -0.138358  0.303344  0.106228  -0.0711383  0.106228  0.170794
0.309695  -0.138358  -0.0711383  -0.138358  0.303344  0.106228  -0.0711383  0.106228  0.170794
0.309695  -0.138358  -0.0711383  -0.138358  0.303344  0.106228  -0.0711383  0.106228  0.170794
0.309695  -0.138358  -0.0711383  -0.138358  0.303344  0.106228  -0.0711383  0.106228  0.170794
0.309695  -0.138358  -0.0711383  -0.138358  0.303344  0.106228  -0.0711383  0.106228  0.170794
0.3097  -0.138379  -0.0711342  -0.138379  0.303372  0.106236  -0.0711342  0.106236  0.170792
0.3097  -0.138379  -0.0711342  -0.138379  0.303372  0.106236  -0.0711342  0.106236  0.170792
0.30971  -0.138409  -0.0711499  -0.138409  0.303414  0.106261  -0.0711499  0.106261  0.170801
0.30971  -0.138409  -0.0711499  -0.138409  0.303414  0.106261  -0.0711499  0.106261  0.170801
0.30971  -0.138409  -0.0711499  -0.138409  0.303414  0.106261  -0.0711499  0.106261  0.170801
0.30971  -0.138409  -0.0711499  -0.138409  0.303414  0.106261  -0.0711499  0.106261  0.170801
0.309715  -0.138431  -0.0711458  -0.138431  0.303442  0.10627  -0.0711458  0.10627  0.170799
0.309715  -0.138431  -0.0711458  -0.138431  0.303442  0.10627  -0.0711458  0.10627  0.170799
0.309715  -0.138431  -0.0711458  -0.138431  0.303442  0.10627  -0.0711458  0.10627  0.170799
0.309715  -0.138431  -0.0711458  -0.138431  0.303442  0.10627  -0.0711458  0.10627  0.170799
0.30972  -0.138452  -0.0711418  -0.138452  0.303471  0.106279  -0.0711418  0.106279  0.170798
0.30972  -0.138452  -0.0711418  -0.138452  0.303471  0.106279  -0.0711418  0.106279  0.170798
0.30972  -0.138452  -0.0711418  -0.138452  0.303471  0.106279  -0.0711418  0.106279  0.170798
0.30972  -0.138452  -0.0711418  -0.138452  0.303471  0.106279  -0.0711418  0.106279  0.170798
0.309715  -0.138445  -0.071122  -0.138445  0.303458  0.106262  -0.071122  0.106262  0.170788
0.309715  -0.138445  -0.071122  -0.138445  0.303458  0.106262  -0.071122  0.106262  0.170788
0.309712  -0.138467  -0.0711342  -0.138467  0.303511  0.106295  -0.0711342  0.106295  0.1708
0.309712  -0.138467  -0.0711342  -0.138467  0.303511  0.106295  -0.0711342  0.106295  0.1708
0.309712  -0.138467  -0.0711342  -0.138467  0.303511  0.106295  -0.0711342  0.106295  0.1708
0.309717  -0.138489  -0.0711301  -0.138489  0.30354  0.106303  -0.0711301  0.106303  0.170798
0.309717  -0.138489  -0.0711301  -0.138489  0.30354  0.106303  -0.0711301  0.106303  0.170798
0.309722  -0.138511  -0.071126  -0.138511  0.303569  0.106312  -0.071126  0.106312  0.170797
0.309722  -0.138511  -0.071126  -0.138511  0.303569  0.106312  -0.071126  0.106312  0.170797
0.309727  -0.138533  -0.071122  -0.138533  0.303597  0.106321  -0.071122  0.106321  0.170795
0.309727  -0.138533  -0.071122  -0.138533  0.303597  0.106321  -0.071122  0.106321  0.170795
0.309733  -0.13854  -0.0711417  -0.13854  0.30361  0.106337  -0.0711417  0.106337  0.170805
0.309733  -0.13854  -0.0711417  -0.13854  0.30361  0.106337  -0.0711417  0.106337  0.170805
0.309732  -0.138554  -0.0711179  -0.138554  0.303626  0.106329  -0.0711179  0.106329  0.170794
0.309732  -0.138554  -0.0711179  -0.138554  0.303626  0.106329  -0.0711179  0.106329  0.170794
0.309732  -0.138554  -0.0711179  -0.138554  0.303626  0.106329  -0.0711179  0.106329  0.170794
0.309732  -0.138554  -0.0711179  -0.138554  0.303626  0.106329  -0.0711179  0.106329  0.170794
0.309732  -0.138554  -0.0711179  -0.138554  0.303626  0.106329  -0.0711179  0.106329  0.170794
0.309737  -0.138576  -0.0711138  -0.138576  0.303654  0.106338  -0.0711138  0.106338  0.170792
0.309737  -0.138576  -0.0711138  -0.138576  0.303654  0.106338  -0.0711138  0.106338  0.170792
0.309737  -0.138576  -0.0711138  -0.138576  0.303654  0.106338  -0.0711138  0.106338  0.170792
0.309737  -0.138576  -0.0711138  -0.138576  0.303654  0.106338  -0.0711138  0.106338  0.170792
0.309742  -0.138598  -0.0711097  -0.138598  0.303683  0.106347  -0.0711097  0.106347  0.170791
0.309742  -0.138598  -0.0711097  -0.138598  0.303683  0.106347  -0.0711097  0.106347  0.170791
0.309748  -0.138606  -0.0711295  -0.138606  0.303696  0.106363  -0.0711295  0.106363  0.170801
0.309753  -0.138628  -0.0711255  -0.138628  0.303724  0.106372  -0.0711255  0.106372  0.170799
0.309753  -0.138628  -0.0711255  -0.138628  0.303724  0.106372  -0.0711255  0.106372  0.170799
0.309753  -0.138628  -0.0711255  -0.138628  0.303724  0.106372  -0.0711255  0.106372  0.170799
0.309753  -0.138642  -0.0711016  -0.138642  0.30374  0.106364  -0.0711016  0.106364  0.170788
0.309753  -0.138642  -0.0711016  -0.138642  0.30374  0.106364  -0.0711016  0.106364  0.170788
0.309758  -0.138649  -0.0711214  -0.138649  0.303753  0.10638  -0.0711214  0.10638  0.170798
0.309753  -0.138642  -0.0711016  -0.138642  0.30374  0.106364  -0.0711016  0.106364  0.170788
0.309753  -0.138642  -0.0711016  -0.138642  0.30374  0.106364  -0.0711016  0.106364  0.170788
0.309758  -0.138663  -0.0710975  -0.138663  0.303769  0.106373  -0.0710975  0.106373  0.170786
0.309758  -0.138663  -0.0710975  -0.138663  0.303769  0.106373  -0.0710975  0.106373  0.170786
0.309771  -0.13867  -0.071101  -0.13867  0.303757  0.106365  -0.071101  0.106365  0.170782
0.309771  -0.13867  -0.071101  -0.13867  0.303757  0.106365  -0.071101  0.106365  0.170782
0.309776  -0.138692  -0.0710969  -0.138692  0.303785  0.106374  -0.0710969  0.106374  0.17078
0.309763  -0.138685  -0.0710934  -0.138685  0.303797  0.106381  -0.0710934  0.106381  0.170784
0.309768  -0.138693  -0.0711132  -0.138693  0.30381  0.106398  -0.0711132  0.106398  0.170794
0.309773  -0.138715  -0.0711092  -0.138715  0.303839  0.106406  -0.0711092  0.106406  0.170793
0.309768  -0.138707  -0.0710894  -0.138707  0.303826  0.10639  -0.0710894  0.10639  0.170783
0.309768  -0.138707  -0.0710894  -0.138707  0.303826  0.10639  -0.0710894  0.10639  0.170783
0.309768  -0.138707  -0.0710894  -0.138707  0.303826  0.10639  -0.0710894  0.10639  0.170783
0.309786  -0.138722  -0.0711127  -0.138722  0.303827  0.106399  -0.0711127  0.106399  0.170789
0.309786  -0.138736  -0.0710888  -0.138736  0.303842  0.106391  -0.0710888  0.106391  0.170777
0.309786  -0.138736  -0.0710888  -0.138736  0.303842  0.106391  -0.0710888  0.106391  0.170777
0.309786  -0.138736  -0.0710888  -0.138736  0.303842  0.106391  -0.0710888  0.106391  0.170777
0.309786  -0.138736  -0.0710888  -0.138736  0.303842  0.106391  -0.0710888  0.106391  0.170777
0.309799  -0.138742  -0.0710923  -0.138742  0.30383  0.106384  -0.0710923  0.106384  0.170773
0.309799  -0.138742  -0.0710923  -0.138742  0.30383  0.106384  -0.0710923  0.106384  0.170773
0.30981  -0.138772  -0.071108  -0.138772  0.303872  0.106409  -0.071108  0.106409  0.170782
0.30981  -0.138772  -0.071108  -0.138772  0.303872  0.106409  -0.071108  0.106409  0.170782
0.30981  -0.138772  -0.071108  -0.138772  0.303872  0.106409  -0.071108  0.106409  0.170782
0.309823  -0.138779  -0.0711115  -0.138779  0.30386  0.106402  -0.0711115  0.106402  0.170778
0.309823  -0.138779  -0.0711115  -0.138779  0.30386  0.106402  -0.0711115  0.106402  0.170778
0.309823  -0.138779  -0.0711115  -0.138779  0.30386  0.106402  -0.0711115  0.106402  0.170778
0.309823  -0.138779  -0.0711115  -0.138779  0.30386  0.106402  -0.0711115  0.106402  0.170778
0.309828  -0.138801  -0.0711074  -0.138801  0.303889  0.106411  -0.0711074  0.106411  0.170776
0.309828  -0.138801  -0.0711074  -0.138801  0.303889  0.106411  -0.0711074  0.106411  0.170776
0.309842  -0.138808  -0.071111  -0.138808  0.303876  0.106403  -0.071111  0.106403  0.170772
0.309842  -0.138808  -0.071111  -0.138808  0.303876  0.106403  -0.071111  0.106403  0.170772
0.309842  -0.138808  -0.071111  -0.138808  0.303876  0.106403  -0.071111  0.106403  0.170772
0.309855  -0.138814  -0.0711145  -0.138814  0.303864  0.106396  -0.0711145  0.106396  0.170768
0.309855  -0.138814  -0.0711145  -0.138814  0.303864  0.106396  -0.0711145  0.106396  0.170768
0.309855  -0.138814  -0.0711145  -0.138814  0.303864  0.106396  -0.0711145  0.106396  0.170768
0.30986  -0.138822  -0.0711343  -0.138822  0.303877  0.106413  -0.0711343  0.106413  0.170778
0.309855  -0.138814  -0.0711145  -0.138814  0.303864  0.106396  -0.0711145  0.106396  0.170768
0.309855  -0.138814  -0.0711145  -0.138814  0.303864  0.106396  -0.0711145  0.106396  0.170768
0.309855  -0.138814  -0.0711145  -0.138814  0.303864  0.106396  -0.0711145  0.106396  0.170768
0.309874  -0.138829  -0.0711378  -0.138829  0.303865  0.106405  -0.0711378  0.106405  0.170774
0.309874  -0.138829  -0.0711378  -0.138829  0.303865  0.106405  -0.0711378  0.106405  0.170774
0.309879  -0.138851  -0.0711337  -0.138851  0.303894  0.106414  -0.0711337  0.106414  0.170773
0.309879  -0.138851  -0.0711337  -0.138851  0.303894  0.106414  -0.0711337  0.106414  0.170773
0.309879  -0.138851  -0.0711337  -0.138851  0.303894  0.106414  -0.0711337  0.106414  0.170773
0.309879  -0.138851  -0.0711337  -0.138851  0.303894  0.106414  -0.0711337  0.106414  0.170773
0.309884  -0.138873  -0.0711296  -0.138873  0.303923  0.106423  -0.0711296  0.106423  0.170771
0.309884  -0.138873  -0.0711296  -0.138873  0.303923  0.106423  -0.0711296  0.106423  0.170771
0.309897  -0.13888  -0.0711331  -0.13888  0.30391  0.106416  -0.0711331  0.106416  0.170767
0.309897  -0.13888  -0.0711331  -0.13888  0.30391  0.106416  -0.0711331  0.106416  0.170767
0.309902  -0.138901  -0.0711291  -0.138901  0.303939  0.106424  -0.0711291  0.106424  0.170766
0.309902  -0.138901  -0.0711291  -0.138901  0.303939  0.106424  -0.0711291  0.106424  0.170766
0.309908  -0.138909  -0.0711489  -0.138909  0.303952  0.106441  -0.0711489  0.106441  0.170776
0.309908  -0.138909  -0.0711489  -0.138909  0.303952  0.106441  -0.0711489  0.106441  0.170776
0.309913  -0.138931  -0.0711448  -0.138931  0.303981  0.106449  -0.0711448  0.106449  0.170774
0.309913  -0.138931  -0.0711448  -0.138931  0.303981  0.106449  -0.0711448  0.106449  0.170774
0.309913  -0.138931  -0.0711448  -0.138931  0.303981  0.106449  -0.0711448  0.106449  0.170774
0.309918  -0.138939  -0.0711646  -0.138939  0.303994  0.106466  -0.0711646  0.106466  0.170784
0.309923  -0.138961  -0.0711605  -0.138961  0.304023  0.106475  -0.0711605  0.106475  0.170782
0.309923  -0.138961  -0.0711605  -0.138961  0.304023  0.106475  -0.0711605  0.106475  0.170782
0.309928  -0.138983  -0.0711565  -0.138983  0.304051  0.106483  -0.0711565  0.106483  0.170781
0.309928  -0.138983  -0.0711565  -0.138983  0.304051  0.106483  -0.0711565  0.106483  0.170781
0.309928  -0.138983  -0.0711565  -0.138983  0.304051  0.106483  -0.0711565  0.106483  0.170781
0.309928  -0.138983  -0.0711565  -0.138983  0.304051  0.106483  -0.0711565  0.106483  0.170781
0.309942  -0.138989  -0.07116  -0.138989  0.304039  0.106476  -0.07116  0.106476  0.170777
0.309942  -0.138989  -0.07116  -0.138989  0.304039  0.106476  -0.07116  0.106476  0.170777
0.309942  -0.138989  -0.07116  -0.138989  0.304039  0.106476  -0.07116  0.106476  0.170777
0.309936  -0.138982  -0.0711402  -0.138982  0.304026  0.10646  -0.0711402  0.10646  0.170767
0.309936  -0.138982  -0.0711402  -0.138982  0.304026  0.10646  -0.0711402  0.10646  0.170767
0.309936  -0.138982  -0.0711402  -0.138982  0.304026  0.10646  -0.0711402  0.10646  0.170767
0.309941  -0.139003  -0.0711361  -0.139003  0.304055  0.106468  -0.0711361  0.106468  0.170765
0.309947  -0.139011  -0.0711559  -0.139011  0.304068  0.106485  -0.0711559  0.106485  0.170775
0.309947  -0.139011  -0.0711559  -0.139011  0.304068  0.106485  -0.0711559  0.106485  0.170775
0.309952  -0.139033  -0.0711518  -0.139033  0.304097  0.106493  -0.0711518  0.106493  0.170774
0.309952  -0.139033  -0.0711518  -0.139033  0.304097  0.106493  -0.0711518  0.106493  0.170774
0.309952  -0.139033  -0.0711518  -0.139033  0.304097  0.106493  -0.0711518  0.106493  0.170774
0.309952  -0.139033  -0.0711518  -0.139033  0.304097  0.106493  -0.0711518  0.106493  0.170774
0.309957  -0.139055  -0.0711477  -0.139055  0.304125  0.106502  -0.0711477  0.106502  0.170772
0.309957  -0.139055  -0.0711477  -0.139055  0.304125  0.106502  -0.0711477  0.106502  0.170772
0.309957  -0.139055  -0.0711477  -0.139055  0.304125  0.106502  -0.0711477  0.106502  0.170772
0.309957  -0.139055  -0.0711477  -0.139055  0.304125  0.106502  -0.0711477  0.106502  0.170772
0.309962  -0.139077  -0.0711437  -0.139077  0.304154  0.106511  -0.0711437  0.106511  0.170771
0.309962  -0.139077  -0.0711437  -0.139077  0.304154  0.106511  -0.0711437  0.106511  0.170771
0.309962  -0.139077  -0.0711437  -0.139077  0.304154  0.106511  -0.0711437  0.106511  0.170771
0.309962  -0.139077  -0.0711437  -0.139077  0.304154  0.106511  -0.0711437  0.106511  0.170771
0.309967  -0.139099  -0.0711396  -0.139099  0.304183  0.106519  -0.0711396  0.106519  0.170769
0.309967  -0.139099  -0.0711396  -0.139099  0.304183  0.106519  -0.0711396  0.106519  0.170769
0.309967  -0.139099  -0.0711396  -0.139099  0.304183  0.106519  -0.0711396  0.106519  0.170769
0.309972  -0.139121  -0.0711355  -0.139121  0.304212  0.106528  -0.0711355  0.106528  0.170768
0.309972  -0.139121  -0.0711355  -0.139121  0.304212  0.106528  -0.0711355  0.106528  0.170768
0.309972  -0.139121  -0.0711355  -0.139121  0.304212  0.106528  -0.0711355  0.106528  0.170768
0.309972  -0.139121  -0.0711355  -0.139121  0.304212  0.106528  -0.0711355  0.106528  0.170768
0.309972  -0.139121  -0.0711355  -0.139121  0.304212  0.106528  -0.0711355  0.106528  0.170768
0.309978  -0.139128  -0.0711553  -0.139128  0.304225  0.106545  -0.0711553  0.106545  0.170778
0.309978  -0.139128  -0.0711553  -0.139128  0.304225  0.106545  -0.0711553  0.106545  0.170778
0.309977  -0.139143  -0.0711314  -0.139143  0.304241  0.106537  -0.0711314  0.106537  0.170766
0.309977  -0.139143  -0.0711314  -0.139143  0.304241  0.106537  -0.0711314  0.106537  0.170766
0.309977  -0.139143  -0.0711314  -0.139143  0.304241  0.106537  -0.0711314  0.106537  0.170766
0.309977  -0.139143  -0.0711314  -0.139143  0.304241  0.106537  -0.0711314  0.106537  0.170766
0.309977  -0.139143  -0.0711314  -0.139143  0.304241  0.106537  -0.0711314  0.106537  0.170766
0.309982  -0.139164  -0.0711273  -0.139164  0.304269  0.106546  -0.0711273  0.106546  0.170765
0.309982  -0.139164  -0.0711273  -0.139164  0.304269  0.106546  -0.0711273  0.106546  0.170765
0.309982  -0.139164  -0.0711273  -0.139164  0.304269  0.106546  -0.0711273  0.106546  0.170765
0.310001  -0.139179  -0.0711507  -0.139179  0.30427  0.106555  -0.0711507  0.106555  0.170771
0.310006  -0.139201  -0.0711466  -0.139201  0.304299  0.106564  -0.0711466  0.106564  0.170769
0.310006  -0.139201  -0.0711466  -0.139201  0.304299  0.106564  -0.0711466  0.106564  0.170769
0.310011  -0.139223  -0.0711425  -0.139223  0.304328  0.106572  -0.0711425  0.106572  0.170767
0.310011  -0.139223  -0.0711425  -0.139223  0.304328  0.106572  -0.0711425  0.106572  0.170767
0.31003  -0.139252  -0.071142  -0.139252  0.304345  0.106574  -0.071142  0.106574  0.170762
0.31003  -0.139252  -0.071142  -0.139252  0.304345  0.106574  -0.071142  0.106574  0.170762
0.310035  -0.139274  -0.0711379  -0.139274  0.304373  0.106582  -0.0711379  0.106582  0.17076
0.310041  -0.139281  -0.0711577  -0.139281  0.304386  0.106599  -0.0711577  0.106599  0.17077
0.310059  -0.13931  -0.0711572  -0.13931  0.304403  0.1066  -0.0711572  0.1066  0.170765
0.310059  -0.13931  -0.0711572  -0.13931  0.304403  0.1066  -0.0711572  0.1066  0.170765
0.310064  -0.139332  -0.0711531  -0.139332  0.304432  0.106609  -0.0711531  0.106609  0.170763
0.31007  -0.13934  -0.0711729  -0.13934  0.304445  0.106626  -0.0711729  0.106626  0.170773
0.31007  -0.13934  -0.0711729  -0.13934  0.304445  0.106626  -0.0711729  0.106626  0.170773
0.310088  -0.139369  -0.0711724  -0.139369  0.304462  0.106627  -0.0711724  0.106627  0.170768
0.310088  -0.139369  -0.0711724  -0.139369  0.304462  0.106627  -0.0711724  0.106627  0.170768
0.310093  -0.139391  -0.0711683  -0.139391  0.304491  0.106636  -0.0711683  0.106636  0.170766
0.310093  -0.139391  -0.0711683  -0.139391  0.304491  0.106636  -0.0711683  0.106636  0.170766
0.310093  -0.139391  -0.0711683  -0.139391  0.304491  0.106636  -0.0711683  0.106636  0.170766
0.310098  -0.139413  -0.0711642  -0.139413  0.30452  0.106644  -0.0711642  0.106644  0.170765
0.310112  -0.13942  -0.0711677  -0.13942  0.304507  0.106637  -0.0711677  0.106637  0.170761
0.310122  -0.139449  -0.0711835  -0.139449  0.304549  0.106662  -0.0711835  0.106662  0.170769
0.310122  -0.139449  -0.0711835  -0.139449  0.304549  0.106662  -0.0711835  0.106662  0.170769
0.310122  -0.139449  -0.0711835  -0.139449  0.304549  0.106662  -0.0711835  0.106662  0.170769
0.310128  -0.139471  -0.0711794  -0.139471  0.304578  0.106671  -0.0711794  0.106671  0.170768
0.310128  -0.139471  -0.0711794  -0.139471  0.304578  0.106671  -0.0711794  0.106671  0.170768
0.310128  -0.139471  -0.0711794  -0.139471  0.304578  0.106671  -0.0711794  0.106671  0.170768
0.310128  -0.139471  -0.0711794  -0.139471  0.304578  0.106671  -0.0711794  0.106671  0.170768
0.310133  -0.139493  -0.0711754  -0.139493  0.304607  0.10668  -0.0711754  0.10668  0.170766
0.310133  -0.139493  -0.0711754  -0.139493  0.304607  0.10668  -0.0711754  0.10668  0.170766
0.310133  -0.139493  -0.0711754  -0.139493  0.304607  0.10668  -0.0711754  0.10668  0.170766
0.310133  -0.139493  -0.0711754  -0.139493  0.304607  0.10668  -0.0711754  0.10668  0.170766
0.310138  -0.139515  -0.0711713  -0.139515  0.304636  0.106689  -0.0711713  0.106689  0.170764
0.310138  -0.139529  -0.0711473  -0.139529  0.304652  0.106681  -0.0711473  0.106681  0.170753
0.310138  -0.139529  -0.0711473  -0.139529  0.304652  0.106681  -0.0711473  0.106681  0.170753
0.310151  -0.139536  -0.0711508  -0.139536  0.30464  0.106673  -0.0711508  0.106673  0.170749
0.310151  -0.139536  -0.0711508  -0.139536  0.30464  0.106673  -0.0711508  0.106673  0.170749
0.310161  -0.13958  -0.0711427  -0.13958  0.304698  0.106691  -0.0711427  0.106691  0.170746
0.310161  -0.13958  -0.0711427  -0.13958  0.304698  0.106691  -0.0711427  0.106691  0.170746
0.310161  -0.13958  -0.0711427  -0.13958  0.304698  0.106691  -0.0711427  0.106691  0.170746
0.31018  -0.139609  -0.0711421  -0.139609  0.304715  0.106692  -0.0711421  0.106692  0.17074
0.31018  -0.139609  -0.0711421  -0.139609  0.304715  0.106692  -0.0711421  0.106692  0.17074
0.31019  -0.139653  -0.0711339  -0.139653  0.304772  0.106709  -0.0711339  0.106709  0.170737
0.31019  -0.139653  -0.0711339  -0.139653  0.304772  0.106709  -0.0711339  0.106709  0.170737
0.310209  -0.139682  -0.0711334  -0.139682  0.304789  0.106711  -0.0711334  0.106711  0.170732
0.310214  -0.139704  -0.0711293  -0.139704  0.304818  0.10672  -0.0711293  0.10672  0.17073
0.310219  -0.139726  -0.0711252  -0.139726  0.304847  0.106728  -0.0711252  0.106728  0.170729
0.310219  -0.139726  -0.0711252  -0.139726  0.304847  0.106728  -0.0711252  0.106728  0.170729
0.31023  -0.13977  -0.071117  -0.13977  0.304905  0.106746  -0.071117  0.106746  0.170726
0.31023  -0.13977  -0.071117  -0.13977  0.304905  0.106746  -0.071117  0.106746  0.170726
0.310254  -0.139821  -0.0711124  -0.139821  0.304951  0.106756  -0.0711124  0.106756  0.170719
0.310248  -0.139813  -0.0710925  -0.139813  0.304938  0.106739  -0.0710925  0.106739  0.170709
0.310267  -0.139842  -0.0710919  -0.139842  0.304955  0.10674  -0.0710919  0.10674  0.170703
0.310272  -0.139864  -0.0710878  -0.139864  0.304984  0.106749  -0.0710878  0.106749  0.170702
0.310277  -0.139886  -0.0710837  -0.139886  0.305013  0.106758  -0.0710837  0.106758  0.1707
0.310277  -0.139886  -0.0710837  -0.139886  0.305013  0.106758  -0.0710837  0.106758  0.1707
0.310296  -0.139929  -0.0710592  -0.139929  0.305046  0.106751  -0.0710592  0.106751  0.170683
0.310296  -0.139929  -0.0710592  -0.139929  0.305046  0.106751  -0.0710592  0.106751  0.170683
0.310295  -0.139943  -0.0710352  -0.139943  0.305062  0.106743  -0.0710352  0.106743  0.170671
0.310319  -0.139994  -0.0710305  -0.139994  0.305108  0.106753  -0.0710305  0.106753  0.170664
0.310319  -0.139994  -0.0710305  -0.139994  0.305108  0.106753  -0.0710305  0.106753  0.170664
0.310338  -0.140037  -0.071006  -0.140037  0.305141  0.106747  -0.071006  0.106747  0.170647
0.310338  -0.140037  -0.071006  -0.140037  0.305141  0.106747  -0.071006  0.106747  0.170647
0.310356  -0.14008  -0.0709814  -0.14008  0.305174  0.10674  -0.0709814  0.10674  0.17063
0.310356  -0.14008  -0.0709814  -0.14008  0.305174  0.10674  -0.0709814  0.10674  0.17063
0.310375  -0.140123  -0.0709569  -0.140123  0.305207  0.106733  -0.0709569  0.106733  0.170614
0.310375  -0.140123  -0.0709569  -0.140123  0.305207  0.106733  -0.0709569  0.106733  0.170614
0.310393  -0.14018  -0.0709083  -0.14018  0.305256  0.106719  -0.0709083  0.106719  0.170585
0.310393  -0.14018  -0.0709083  -0.14018  0.305256  0.106719  -0.0709083  0.106719  0.170585
0.310411  -0.140223  -0.0708837  -0.140223  0.305289  0.106712  -0.0708837  0.106712  0.170568
0.310411  -0.140223  -0.0708837  -0.140223  0.305289  0.106712  -0.0708837  0.106712  0.170568
0.31043  -0.140252  -0.0708831  -0.140252  0.305306  0.106713  -0.0708831  0.106713  0.170563
0.310443  -0.140288  -0.0708386  -0.140288  0.305326  0.10669  -0.0708386  0.10669  0.170536
0.310449  -0.14031  -0.0708345  -0.14031  0.305355  0.106699  -0.0708345  0.106699  0.170534
0.310467  -0.140353  -0.0708099  -0.140353  0.305388  0.106692  -0.0708099  0.106692  0.170517
0.310462  -0.140345  -0.07079  -0.140345  0.305375  0.106675  -0.07079  0.106675  0.170508
0.310467  -0.140367  -0.0707859  -0.140367  0.305404  0.106684  -0.0707859  0.106684  0.170506
0.310493  -0.140409  -0.0707449  -0.140409  0.305412  0.106654  -0.0707449  0.106654  0.170475
0.310493  -0.140409  -0.0707449  -0.140409  0.305412  0.106654  -0.0707449  0.106654  0.170475
0.310506  -0.140444  -0.0707004  -0.140444  0.305432  0.10663  -0.0707004  0.10663  0.170448
0.310506  -0.140444  -0.0707004  -0.140444  0.305432  0.10663  -0.0707004  0.10663  0.170448
0.310514  -0.140472  -0.070636  -0.140472  0.305439  0.10659  -0.070636  0.10659  0.170412
0.310514  -0.140472  -0.070636  -0.140472  0.305439  0.10659  -0.070636  0.10659  0.170412
0.310521  -0.140499  -0.0705717  -0.140499  0.305446  0.10655  -0.0705717  0.10655  0.170375
0.310521  -0.140499  -0.0705717  -0.140499  0.305446  0.10655  -0.0705717  0.10655  0.170375
0.310529  -0.140526  -0.0705073  -0.140526  0.305453  0.10651  -0.0705073  0.10651  0.170339
0.310524  -0.140518  -0.0704874  -0.140518  0.30544  0.106493  -0.0704874  0.106493  0.170329
0.310537  -0.140539  -0.0704669  -0.140539  0.305444  0.106478  -0.0704669  0.106478  0.170314
0.310534  -0.140536  -0.0703868  -0.140536  0.305408  0.106413  -0.0703868  0.106413  0.170269
0.310547  -0.140543  -0.0703903  -0.140543  0.305396  0.106405  -0.0703903  0.106405  0.170265
0.310544  -0.14054  -0.0703103  -0.14054  0.305361  0.10634  -0.0703103  0.10634  0.170221
0.310544  -0.14054  -0.0703103  -0.14054  0.305361  0.10634  -0.0703103  0.10634  0.170221
0.310549  -0.140537  -0.0702139  -0.140537  0.3053  0.106251  -0.0702139  0.106251  0.170162
0.310554  -0.140559  -0.0702097  -0.140559  0.305329  0.10626  -0.0702097  0.10626  0.170161
0.310564  -0.140563  -0.0701332  -0.140563  0.305282  0.106187  -0.0701332  0.106187  0.170113
0.310559  -0.140555  -0.0701133  -0.140555  0.305269  0.106171  -0.0701133  0.106171  0.170103
0.310564  -0.140551  -0.070017  -0.140551  0.305208  0.106082  -0.070017  0.106082  0.170045
0.310577  -0.140558  -0.0700205  -0.140558  0.305196  0.106074  -0.0700205  0.106074  0.170041
0.310571  -0.140564  -0.0699767  -0.140564  0.305199  0.10605  -0.0699767  0.10605  0.17002
0.310571  -0.140552  -0.0698606  -0.140552  0.305126  0.105944  -0.0698606  0.105944  0.169953
0.310571  -0.140552  -0.0698606  -0.140552  0.305126  0.105944  -0.0698606  0.105944  0.169953
0.310581  -0.14057  -0.0697601  -0.14057  0.305095  0.105864  -0.0697601  0.105864  0.169894
0.310581  -0.14057  -0.0697601  -0.14057  0.305095  0.105864  -0.0697601  0.105864  0.169894
0.310586  -0.140566  -0.0696639  -0.140566  0.305034  0.105775  -0.0696639  0.105775  0.169836
0.310586  -0.140566  -0.0696639  -0.140566  0.305034  0.105775  -0.0696639  0.105775  0.169836
0.310601  -0.140593  -0.0695833  -0.140593  0.305016  0.105711  -0.0695833  0.105711  0.169787
0.310596  -0.140585  -0.0695635  -0.140585  0.305003  0.105695  -0.0695635  0.105695  0.169778
0.310611  -0.140611  -0.0694829  -0.140611  0.304985  0.105631  -0.0694829  0.105631  0.169729
0.310619  -0.14061  -0.0694666  -0.14061  0.30496  0.105607  -0.0694666  0.105607  0.169715
0.310635  -0.140636  -0.069386  -0.140636  0.304942  0.105544  -0.069386  0.105544  0.169666
0.310629  -0.140628  -0.0693663  -0.140628  0.304929  0.105527  -0.0693663  0.105527  0.169657
0.310637  -0.140627  -0.0693499  -0.140627  0.304904  0.105503  -0.0693499  0.105503  0.169643
0.310641  -0.140637  -0.0692299  -0.140637  0.30486  0.105407  -0.0692299  0.105407  0.169576
0.310641  -0.140637  -0.0692299  -0.140637  0.30486  0.105407  -0.0692299  0.105407  0.169576
0.310651  -0.140655  -0.0691296  -0.140655  0.30483  0.105327  -0.0691296  0.105327  0.169517
0.310659  -0.140654  -0.0691132  -0.140654  0.304805  0.105303  -0.0691132  0.105303  0.169504
0.310664  -0.14065  -0.0690172  -0.14065  0.304744  0.105215  -0.0690172  0.105215  0.169447
0.310664  -0.14065  -0.0690172  -0.14065  0.304744  0.105215  -0.0690172  0.105215  0.169447
0.310674  -0.140668  -0.068917  -0.140668  0.304714  0.105135  -0.068917  0.105135  0.16939
0.310688  -0.140675  -0.0689203  -0.140675  0.304702  0.105127  -0.0689203  0.105127  0.169386
0.310692  -0.140671  -0.0688243  -0.140671  0.304642  0.105039  -0.0688243  0.105039  0.169329
0.310692  -0.140671  -0.0688243  -0.140671  0.304642  0.105039  -0.0688243  0.105039  0.169329
0.310716  -0.140696  -0.0687275  -0.140696  0.304599  0.104952  -0.0687275  0.104952  0.169268
0.310716  -0.140696  -0.0687275  -0.140696  0.304599  0.104952  -0.0687275  0.104952  0.169268
0.31072  -0.140692  -0.0686315  -0.140692  0.304539  0.104864  -0.0686315  0.104864  0.169212
0.310734  -0.140698  -0.0686349  -0.140698  0.304527  0.104856  -0.0686349  0.104856  0.169208
0.310738  -0.140708  -0.0685151  -0.140708  0.304484  0.10476  -0.0685151  0.10476  0.169141
0.310746  -0.140707  -0.0684987  -0.140707  0.304459  0.104736  -0.0684987  0.104736  0.169128
0.310759  -0.140702  -0.0683865  -0.140702  0.304374  0.104625  -0.0683865  0.104625  0.169059
0.310764  -0.140724  -0.0683823  -0.140724  0.304403  0.104633  -0.0683823  0.104633  0.169058
0.310776  -0.140719  -0.0682701  -0.140719  0.304318  0.104521  -0.0682701  0.104521  0.168989
0.31079  -0.140726  -0.0682734  -0.140726  0.304306  0.104514  -0.0682734  0.104514  0.168985
0.310803  -0.140721  -0.0681613  -0.140721  0.304221  0.104402  -0.0681613  0.104402  0.168917
0.310811  -0.140719  -0.0681449  -0.140719  0.304196  0.104379  -0.0681449  0.104379  0.168904
