0.3133  -0.139848  -0.0769094  -0.139848  0.301863  0.108083  -0.0769094  0.108083  0.172664
0.3133  -0.139848  -0.0769094  -0.139848  0.301863  0.108083  -0.0769094  0.108083  0.172664
0.3133  -0.139848  -0.0769094  -0.139848  0.301863  0.108083  -0.0769094  0.108083  0.172664
0.313306  -0.139856  -0.0769301  -0.139856  0.301877  0.108101  -0.0769301  0.108101  0.172675
0.313318  -0.139887  -0.0769472  -0.139887  0.301919  0.108127  -0.0769472  0.108127  0.172685
0.313318  -0.139887  -0.0769472  -0.139887  0.301919  0.108127  -0.0769472  0.108127  0.172685
0.313339  -0.139902  -0.0769717  -0.139902  0.30192  0.108137  -0.0769717  0.108137  0.172692
0.313339  -0.139902  -0.0769717  -0.139902  0.30192  0.108137  -0.0769717  0.108137  0.172692
0.313351  -0.139933  -0.0769888  -0.139933  0.301962  0.108163  -0.0769888  0.108163  0.172702
0.313351  -0.139933  -0.0769888  -0.139933  0.301962  0.108163  -0.0769888  0.108163  0.172702
0.313351  -0.139933  -0.0769888  -0.139933  0.301962  0.108163  -0.0769888  0.108163  0.172702
0.313383  -0.139979  -0.0770305  -0.139979  0.302005  0.108199  -0.0770305  0.108199  0.172719
0.313383  -0.139979  -0.0770305  -0.139979  0.302005  0.108199  -0.0770305  0.108199  0.172719
0.313389  -0.139987  -0.0770513  -0.139987  0.302019  0.108217  -0.0770513  0.108217  0.172731
0.31341  -0.140002  -0.0770758  -0.140002  0.30202  0.108227  -0.0770758  0.108227  0.172738
0.31341  -0.140002  -0.0770758  -0.140002  0.30202  0.108227  -0.0770758  0.108227  0.172738
0.313416  -0.14001  -0.0770966  -0.14001  0.302033  0.108244  -0.0770966  0.108244  0.17275
0.313416  -0.14001  -0.0770966  -0.14001  0.302033  0.108244  -0.0770966  0.108244  0.17275
0.313422  -0.140018  -0.0771174  -0.140018  0.302047  0.108261  -0.0771174  0.108261  0.172761
0.313428  -0.140027  -0.0771382  -0.140027  0.30206  0.108278  -0.0771382  0.108278  0.172773
0.313428  -0.140027  -0.0771382  -0.140027  0.30206  0.108278  -0.0771382  0.108278  0.172773
0.313434  -0.140035  -0.077159  -0.140035  0.302074  0.108296  -0.077159  0.108296  0.172784
0.313434  -0.140035  -0.077159  -0.140035  0.302074  0.108296  -0.077159  0.108296  0.172784
0.31344  -0.140043  -0.0771798  -0.140043  0.302087  0.108313  -0.0771798  0.108313  0.172796
0.31344  -0.140029  -0.0772042  -0.140029  0.302073  0.108321  -0.0772042  0.108321  0.172809
0.31344  -0.140029  -0.0772042  -0.140029  0.302073  0.108321  -0.0772042  0.108321  0.172809
0.313438  -0.140038  -0.077242  -0.140038  0.302112  0.108363  -0.077242  0.108363  0.172836
0.313438  -0.140038  -0.077242  -0.140038  0.302112  0.108363  -0.077242  0.108363  0.172836
0.313444  -0.140047  -0.0772628  -0.140047  0.302125  0.10838  -0.0772628  0.10838  0.172847
0.313444  -0.140047  -0.0772628  -0.140047  0.302125  0.10838  -0.0772628  0.10838  0.172847
0.313442  -0.140056  -0.0773006  -0.140056  0.302165  0.108422  -0.0773006  0.108422  0.172874
0.313448  -0.140064  -0.0773214  -0.140064  0.302178  0.108439  -0.0773214  0.108439  0.172886
0.313448  -0.140064  -0.0773214  -0.140064  0.302178  0.108439  -0.0773214  0.108439  0.172886
0.313445  -0.140074  -0.0773592  -0.140074  0.302217  0.108481  -0.0773592  0.108481  0.172913
0.313445  -0.140074  -0.0773592  -0.140074  0.302217  0.108481  -0.0773592  0.108481  0.172913
0.313457  -0.14009  -0.0774009  -0.14009  0.302245  0.108516  -0.0774009  0.108516  0.172936
0.313463  -0.140099  -0.0774217  -0.140099  0.302258  0.108533  -0.0774217  0.108533  0.172948
0.313463  -0.140099  -0.0774217  -0.140099  0.302258  0.108533  -0.0774217  0.108533  0.172948
0.313461  -0.140108  -0.0774595  -0.140108  0.302297  0.108575  -0.0774595  0.108575  0.172975
0.313467  -0.140131  -0.0774559  -0.140131  0.302326  0.108584  -0.0774559  0.108584  0.172973
0.313479  -0.140147  -0.0774975  -0.140147  0.302353  0.108619  -0.0774975  0.108619  0.172996
0.313479  -0.140147  -0.0774975  -0.140147  0.302353  0.108619  -0.0774975  0.108619  0.172996
0.313491  -0.140164  -0.0775392  -0.140164  0.30238  0.108653  -0.0775392  0.108653  0.173019
0.313497  -0.140172  -0.0775601  -0.140172  0.302394  0.108671  -0.0775601  0.108671  0.173031
0.313497  -0.140172  -0.0775601  -0.140172  0.302394  0.108671  -0.0775601  0.108671  0.173031
0.313495  -0.140181  -0.0775979  -0.140181  0.302433  0.108713  -0.0775979  0.108713  0.173058
0.313495  -0.140181  -0.0775979  -0.140181  0.302433  0.108713  -0.0775979  0.108713  0.173058
0.313513  -0.14022  -0.077636  -0.14022  0.302489  0.108757  -0.077636  0.108757  0.173079
0.313525  -0.140237  -0.0776777  -0.140237  0.302516  0.108791  -0.0776777  0.108791  0.173103
0.313525  -0.140237  -0.0776777  -0.140237  0.302516  0.108791  -0.0776777  0.108791  0.173103
0.313544  -0.140276  -0.0777159  -0.140276  0.302571  0.108835  -0.0777159  0.108835  0.173124
0.31355  -0.140284  -0.0777367  -0.140284  0.302585  0.108852  -0.0777367  0.108852  0.173136
0.313556  -0.140292  -0.0777576  -0.140292  0.302599  0.10887  -0.0777576  0.10887  0.173148
0.313568  -0.140309  -0.0777994  -0.140309  0.302626  0.108905  -0.0777994  0.108905  0.173171
0.313568  -0.140309  -0.0777994  -0.140309  0.302626  0.108905  -0.0777994  0.108905  0.173171
0.31358  -0.140326  -0.0778412  -0.140326  0.302653  0.108939  -0.0778412  0.108939  0.173194
0.31358  -0.140326  -0.0778412  -0.140326  0.302653  0.108939  -0.0778412  0.108939  0.173194
0.313592  -0.140342  -0.077883  -0.140342  0.30268  0.108974  -0.077883  0.108974  0.173218
0.313592  -0.140342  -0.077883  -0.140342  0.30268  0.108974  -0.077883  0.108974  0.173218
0.313599  -0.14035  -0.0779039  -0.14035  0.302694  0.108992  -0.0779039  0.108992  0.173229
0.313599  -0.14035  -0.0779039  -0.14035  0.302694  0.108992  -0.0779039  0.108992  0.173229
0.313605  -0.140359  -0.0779248  -0.140359  0.302708  0.109009  -0.0779248  0.109009  0.173241
0.313611  -0.140367  -0.0779457  -0.140367  0.302721  0.109026  -0.0779457  0.109026  0.173253
0.313611  -0.140367  -0.0779457  -0.140367  0.302721  0.109026  -0.0779457  0.109026  0.173253
0.313623  -0.140383  -0.0779875  -0.140383  0.302748  0.109061  -0.0779875  0.109061  0.173276
0.313617  -0.140361  -0.0779912  -0.140361  0.30272  0.109052  -0.0779912  0.109052  0.173278
0.313623  -0.140369  -0.0780121  -0.140369  0.302734  0.109069  -0.0780121  0.109069  0.17329
0.313615  -0.140371  -0.0780291  -0.140371  0.302759  0.109094  -0.0780291  0.109094  0.173305
0.313615  -0.140371  -0.0780291  -0.140371  0.302759  0.109094  -0.0780291  0.109094  0.173305
0.313627  -0.140387  -0.078071  -0.140387  0.302787  0.109129  -0.078071  0.109129  0.173329
0.313627  -0.140387  -0.078071  -0.140387  0.302787  0.109129  -0.078071  0.109129  0.173329
0.313639  -0.140404  -0.0781128  -0.140404  0.302814  0.109164  -0.0781128  0.109164  0.173353
0.313666  -0.140427  -0.0781586  -0.140427  0.302829  0.109191  -0.0781586  0.109191  0.173372
0.313666  -0.140427  -0.0781586  -0.140427  0.302829  0.109191  -0.0781586  0.109191  0.173372
0.313684  -0.140452  -0.0782215  -0.140452  0.30287  0.109244  -0.0782215  0.109244  0.173408
0.313684  -0.140452  -0.0782215  -0.140452  0.30287  0.109244  -0.0782215  0.109244  0.173408
0.313703  -0.140477  -0.0782843  -0.140477  0.302911  0.109296  -0.0782843  0.109296  0.173443
0.313715  -0.140494  -0.0783263  -0.140494  0.302938  0.109331  -0.0783263  0.109331  0.173467
0.313715  -0.140494  -0.0783263  -0.140494  0.302938  0.109331  -0.0783263  0.109331  0.173467
0.31374  -0.140541  -0.0783856  -0.140541  0.303008  0.109393  -0.0783856  0.109393  0.1735
0.31374  -0.140541  -0.0783856  -0.140541  0.303008  0.109393  -0.0783856  0.109393  0.1735
0.313743  -0.140559  -0.0784446  -0.140559  0.303061  0.109453  -0.0784446  0.109453  0.17354
0.313756  -0.140576  -0.0784866  -0.140576  0.303089  0.109488  -0.0784866  0.109488  0.173564
0.313756  -0.140576  -0.0784866  -0.140576  0.303089  0.109488  -0.0784866  0.109488  0.173564
0.313774  -0.140601  -0.0785496  -0.140601  0.30313  0.10954  -0.0785496  0.10954  0.173599
0.313774  -0.140601  -0.0785496  -0.140601  0.30313  0.10954  -0.0785496  0.10954  0.173599
0.313792  -0.140625  -0.0786127  -0.140625  0.303171  0.109593  -0.0786127  0.109593  0.173635
0.313805  -0.140642  -0.0786547  -0.140642  0.303198  0.109628  -0.0786547  0.109628  0.173659
0.313805  -0.140642  -0.0786547  -0.140642  0.303198  0.109628  -0.0786547  0.109628  0.173659
0.313829  -0.140675  -0.0787388  -0.140675  0.303253  0.109698  -0.0787388  0.109698  0.173707
0.313829  -0.140675  -0.0787388  -0.140675  0.303253  0.109698  -0.0787388  0.109698  0.173707
0.313848  -0.1407  -0.078802  -0.1407  0.303294  0.109751  -0.078802  0.109751  0.173742
0.31386  -0.140717  -0.0788441  -0.140717  0.303322  0.109786  -0.0788441  0.109786  0.173766
0.31386  -0.140717  -0.0788441  -0.140717  0.303322  0.109786  -0.0788441  0.109786  0.173766
0.313879  -0.140742  -0.0789072  -0.140742  0.303363  0.109838  -0.0789072  0.109838  0.173802
0.313879  -0.140742  -0.0789072  -0.140742  0.303363  0.109838  -0.0789072  0.109838  0.173802
0.313897  -0.140767  -0.0789704  -0.140767  0.303404  0.109891  -0.0789704  0.109891  0.173838
0.31391  -0.140784  -0.0790126  -0.140784  0.303432  0.109926  -0.0790126  0.109926  0.173862
0.31391  -0.140784  -0.0790126  -0.140784  0.303432  0.109926  -0.0790126  0.109926  0.173862
0.313914  -0.140802  -0.0790719  -0.140802  0.303486  0.109986  -0.0790719  0.109986  0.173902
0.31392  -0.14081  -0.079093  -0.14081  0.303499  0.110004  -0.079093  0.110004  0.173914
0.313932  -0.140827  -0.0791351  -0.140827  0.303527  0.110039  -0.0791351  0.110039  0.173939
0.313951  -0.140852  -0.0791985  -0.140852  0.303568  0.110092  -0.0791985  0.110092  0.173975
0.313951  -0.140852  -0.0791985  -0.140852  0.303568  0.110092  -0.0791985  0.110092  0.173975
0.313957  -0.14086  -0.0792196  -0.14086  0.303582  0.11011  -0.0792196  0.11011  0.173987
0.313955  -0.14087  -0.0792578  -0.14087  0.303622  0.110152  -0.0792578  0.110152  0.174015
0.313967  -0.140886  -0.0793  -0.140886  0.303649  0.110188  -0.0793  0.110188  0.174039
0.313967  -0.140886  -0.0793  -0.140886  0.303649  0.110188  -0.0793  0.110188  0.174039
0.313986  -0.140912  -0.0793634  -0.140912  0.303691  0.110241  -0.0793634  0.110241  0.174076
0.313986  -0.140912  -0.0793634  -0.140912  0.303691  0.110241  -0.0793634  0.110241  0.174076
0.313983  -0.140921  -0.0794017  -0.140921  0.303731  0.110283  -0.0794017  0.110283  0.174104
0.313983  -0.140921  -0.0794017  -0.140921  0.303731  0.110283  -0.0794017  0.110283  0.174104
0.313996  -0.140938  -0.079444  -0.140938  0.303758  0.110319  -0.079444  0.110319  0.174128
0.314002  -0.140932  -0.0794898  -0.140932  0.303757  0.110345  -0.0794898  0.110345  0.174154
0.314002  -0.140932  -0.0794898  -0.140932  0.303757  0.110345  -0.0794898  0.110345  0.174154
0.313993  -0.140933  -0.0795069  -0.140933  0.303783  0.11037  -0.0795069  0.11037  0.17417
0.313993  -0.140933  -0.0795069  -0.140933  0.303783  0.11037  -0.0795069  0.11037  0.17417
0.314006  -0.14095  -0.0795493  -0.14095  0.303811  0.110405  -0.0795493  0.110405  0.174194
0.314012  -0.140958  -0.0795704  -0.140958  0.303825  0.110423  -0.0795704  0.110423  0.174207
0.314012  -0.140958  -0.0795704  -0.140958  0.303825  0.110423  -0.0795704  0.110423  0.174207
0.31403  -0.140998  -0.0796092  -0.140998  0.303881  0.110467  -0.0796092  0.110467  0.174229
0.31403  -0.140998  -0.0796092  -0.140998  0.303881  0.110467  -0.0796092  0.110467  0.174229
0.314058  -0.141022  -0.0796556  -0.141022  0.303897  0.110496  -0.0796556  0.110496  0.17425
0.31407  -0.141038  -0.079698  -0.141038  0.303924  0.110531  -0.079698  0.110531  0.174274
0.31407  -0.141038  -0.079698  -0.141038  0.303924  0.110531  -0.079698  0.110531  0.174274
0.314089  -0.141078  -0.0797368  -0.141078  0.303981  0.110576  -0.0797368  0.110576  0.174297
0.314089  -0.141078  -0.0797368  -0.141078  0.303981  0.110576  -0.0797368  0.110576  0.174297
0.314116  -0.141102  -0.0797832  -0.141102  0.303996  0.110604  -0.0797832  0.110604  0.174318
0.314122  -0.14111  -0.0798044  -0.14111  0.30401  0.110622  -0.0798044  0.110622  0.17433
0.314129  -0.141119  -0.0798256  -0.141119  0.304024  0.110639  -0.0798256  0.110639  0.174342
0.314141  -0.14115  -0.0798433  -0.14115  0.304067  0.110667  -0.0798433  0.110667  0.174353
0.314141  -0.14115  -0.0798433  -0.14115  0.304067  0.110667  -0.0798433  0.110667  0.174353
0.314147  -0.141158  -0.0798646  -0.141158  0.304081  0.110684  -0.0798646  0.110684  0.174365
0.314162  -0.141151  -0.0798933  -0.141151  0.304054  0.110685  -0.0798933  0.110685  0.174375
0.314162  -0.141151  -0.0798933  -0.141151  0.304054  0.110685  -0.0798933  0.110685  0.174375
0.314168  -0.141159  -0.0799146  -0.141159  0.304067  0.110703  -0.0799146  0.110703  0.174387
0.314168  -0.141159  -0.0799146  -0.141159  0.304067  0.110703  -0.0799146  0.110703  0.174387
0.314168  -0.141159  -0.0799146  -0.141159  0.304067  0.110703  -0.0799146  0.110703  0.174387
0.314168  -0.141159  -0.0799146  -0.141159  0.304067  0.110703  -0.0799146  0.110703  0.174387
0.314168  -0.141159  -0.0799146  -0.141159  0.304067  0.110703  -0.0799146  0.110703  0.174387
0.314154  -0.141138  -0.0799352  -0.141138  0.304065  0.110719  -0.0799352  0.110719  0.174405
0.31416  -0.141146  -0.0799565  -0.141146  0.304079  0.110737  -0.0799565  0.110737  0.174418
0.314166  -0.141155  -0.0799777  -0.141155  0.304093  0.110754  -0.0799777  0.110754  0.17443
0.314172  -0.141163  -0.0799989  -0.141163  0.304107  0.110772  -0.0799989  0.110772  0.174442
0.314172  -0.141163  -0.0799989  -0.141163  0.304107  0.110772  -0.0799989  0.110772  0.174442
0.314179  -0.141171  -0.0800202  -0.141171  0.30412  0.11079  -0.0800202  0.11079  0.174455
0.314179  -0.141171  -0.0800202  -0.141171  0.30412  0.11079  -0.0800202  0.11079  0.174455
0.314185  -0.14118  -0.0800414  -0.14118  0.304134  0.110808  -0.0800414  0.110808  0.174467
0.314185  -0.14118  -0.0800414  -0.14118  0.304134  0.110808  -0.0800414  0.110808  0.174467
0.314185  -0.14118  -0.0800414  -0.14118  0.304134  0.110808  -0.0800414  0.110808  0.174467
0.314179  -0.141157  -0.0800449  -0.141157  0.304106  0.110798  -0.0800449  0.110798  0.174469
0.314179  -0.141157  -0.0800449  -0.141157  0.304106  0.110798  -0.0800449  0.110798  0.174469
0.314179  -0.141157  -0.0800449  -0.141157  0.304106  0.110798  -0.0800449  0.110798  0.174469
0.314172  -0.141134  -0.0800484  -0.141134  0.304077  0.110789  -0.0800484  0.110789  0.17447
0.314166  -0.141126  -0.0800272  -0.141126  0.304063  0.110771  -0.0800272  0.110771  0.174458
0.314166  -0.141126  -0.0800272  -0.141126  0.304063  0.110771  -0.0800272  0.110771  0.174458
0.314166  -0.141126  -0.0800272  -0.141126  0.304063  0.110771  -0.0800272  0.110771  0.174458
0.314166  -0.141126  -0.0800272  -0.141126  0.304063  0.110771  -0.0800272  0.110771  0.174458
0.314172  -0.141149  -0.0800237  -0.141149  0.304092  0.110781  -0.0800237  0.110781  0.174456
0.314172  -0.141149  -0.0800237  -0.141149  0.304092  0.110781  -0.0800237  0.110781  0.174456
0.314172  -0.141149  -0.0800237  -0.141149  0.304092  0.110781  -0.0800237  0.110781  0.174456
0.314172  -0.141149  -0.0800237  -0.141149  0.304092  0.110781  -0.0800237  0.110781  0.174456
0.314179  -0.141171  -0.0800202  -0.141171  0.30412  0.11079  -0.0800202  0.11079  0.174455
0.314179  -0.141171  -0.0800202  -0.141171  0.30412  0.11079  -0.0800202  0.11079  0.174455
0.314193  -0.141179  -0.0800242  -0.141179  0.304108  0.110783  -0.0800242  0.110783  0.174451
0.3142  -0.141201  -0.0800207  -0.141201  0.304137  0.110792  -0.0800207  0.110792  0.174449
0.3142  -0.141201  -0.0800207  -0.141201  0.304137  0.110792  -0.0800207  0.110792  0.174449
0.3142  -0.141201  -0.0800207  -0.141201  0.304137  0.110792  -0.0800207  0.110792  0.174449
0.3142  -0.141201  -0.0800207  -0.141201  0.304137  0.110792  -0.0800207  0.110792  0.174449
0.3142  -0.141201  -0.0800207  -0.141201  0.304137  0.110792  -0.0800207  0.110792  0.174449
0.3142  -0.141201  -0.0800207  -0.141201  0.304137  0.110792  -0.0800207  0.110792  0.174449
0.3142  -0.141201  -0.0800207  -0.141201  0.304137  0.110792  -0.0800207  0.110792  0.174449
0.3142  -0.141201  -0.0800207  -0.141201  0.304137  0.110792  -0.0800207  0.110792  0.174449
0.3142  -0.141201  -0.0800207  -0.141201  0.304137  0.110792  -0.0800207  0.110792  0.174449
0.3142  -0.141201  -0.0800207  -0.141201  0.304137  0.110792  -0.0800207  0.110792  0.174449
0.3142  -0.141201  -0.0800207  -0.141201  0.304137  0.110792  -0.0800207  0.110792  0.174449
0.3142  -0.141201  -0.0800207  -0.141201  0.304137  0.110792  -0.0800207  0.110792  0.174449
0.3142  -0.141201  -0.0800207  -0.141201  0.304137  0.110792  -0.0800207  0.110792  0.174449
0.314206  -0.14121  -0.080042  -0.14121  0.304151  0.11081  -0.080042  0.11081  0.174461
0.314206  -0.14121  -0.080042  -0.14121  0.304151  0.11081  -0.080042  0.11081  0.174461
0.314206  -0.14121  -0.080042  -0.14121  0.304151  0.11081  -0.080042  0.11081  0.174461
0.314206  -0.14121  -0.080042  -0.14121  0.304151  0.11081  -0.080042  0.11081  0.174461
0.314191  -0.141203  -0.0800379  -0.141203  0.304163  0.110817  -0.0800379  0.110817  0.174465
0.314191  -0.141203  -0.0800379  -0.141203  0.304163  0.110817  -0.0800379  0.110817  0.174465
0.314185  -0.14118  -0.0800414  -0.14118  0.304134  0.110808  -0.0800414  0.110808  0.174467
0.314185  -0.14118  -0.0800414  -0.14118  0.304134  0.110808  -0.0800414  0.110808  0.174467
0.314185  -0.14118  -0.0800414  -0.14118  0.304134  0.110808  -0.0800414  0.110808  0.174467
0.314185  -0.14118  -0.0800414  -0.14118  0.304134  0.110808  -0.0800414  0.110808  0.174467
0.314185  -0.14118  -0.0800414  -0.14118  0.304134  0.110808  -0.0800414  0.110808  0.174467
0.314185  -0.141194  -0.0800167  -0.141194  0.304149  0.110799  -0.0800167  0.110799  0.174453
0.314185  -0.141194  -0.0800167  -0.141194  0.304149  0.110799  -0.0800167  0.110799  0.174453
0.314185  -0.141194  -0.0800167  -0.141194  0.304149  0.110799  -0.0800167  0.110799  0.174453
0.314185  -0.141194  -0.0800167  -0.141194  0.304149  0.110799  -0.0800167  0.110799  0.174453
0.314185  -0.141194  -0.0800167  -0.141194  0.304149  0.110799  -0.0800167  0.110799  0.174453
0.314176  -0.14121  -0.0800091  -0.14121  0.30419  0.110816  -0.0800091  0.110816  0.174455
0.314176  -0.14121  -0.0800091  -0.14121  0.30419  0.110816  -0.0800091  0.110816  0.174455
0.314176  -0.14121  -0.0800091  -0.14121  0.30419  0.110816  -0.0800091  0.110816  0.174455
0.314182  -0.141218  -0.0800303  -0.141218  0.304204  0.110834  -0.0800303  0.110834  0.174467
0.314182  -0.141218  -0.0800303  -0.141218  0.304204  0.110834  -0.0800303  0.110834  0.174467
0.314189  -0.141241  -0.0800268  -0.141241  0.304233  0.110843  -0.0800268  0.110843  0.174465
0.314189  -0.141241  -0.0800268  -0.141241  0.304233  0.110843  -0.0800268  0.110843  0.174465
0.314189  -0.141241  -0.0800268  -0.141241  0.304233  0.110843  -0.0800268  0.110843  0.174465
0.314174  -0.141234  -0.0800228  -0.141234  0.304245  0.110851  -0.0800228  0.110851  0.174469
0.314174  -0.141234  -0.0800228  -0.141234  0.304245  0.110851  -0.0800228  0.110851  0.174469
0.31418  -0.141256  -0.0800193  -0.141256  0.304274  0.11086  -0.0800193  0.11086  0.174467
0.31418  -0.141256  -0.0800193  -0.141256  0.304274  0.11086  -0.0800193  0.11086  0.174467
0.31418  -0.141256  -0.0800193  -0.141256  0.304274  0.11086  -0.0800193  0.11086  0.174467
0.314186  -0.141279  -0.0800158  -0.141279  0.304302  0.110869  -0.0800158  0.110869  0.174465
0.314186  -0.141279  -0.0800158  -0.141279  0.304302  0.110869  -0.0800158  0.110869  0.174465
0.314186  -0.141279  -0.0800158  -0.141279  0.304302  0.110869  -0.0800158  0.110869  0.174465
0.314192  -0.141302  -0.0800123  -0.141302  0.304331  0.110879  -0.0800123  0.110879  0.174464
0.314192  -0.141302  -0.0800123  -0.141302  0.304331  0.110879  -0.0800123  0.110879  0.174464
0.314192  -0.141302  -0.0800123  -0.141302  0.304331  0.110879  -0.0800123  0.110879  0.174464
0.314192  -0.141302  -0.0800123  -0.141302  0.304331  0.110879  -0.0800123  0.110879  0.174464
0.314192  -0.141302  -0.0800123  -0.141302  0.304331  0.110879  -0.0800123  0.110879  0.174464
0.314192  -0.141302  -0.0800123  -0.141302  0.304331  0.110879  -0.0800123  0.110879  0.174464
0.314192  -0.141302  -0.0800123  -0.141302  0.304331  0.110879  -0.0800123  0.110879  0.174464
0.314192  -0.141302  -0.0800123  -0.141302  0.304331  0.110879  -0.0800123  0.110879  0.174464
0.314192  -0.141302  -0.0800123  -0.141302  0.304331  0.110879  -0.0800123  0.110879  0.174464
0.314177  -0.141295  -0.0800082  -0.141295  0.304343  0.110886  -0.0800082  0.110886  0.174468
0.314177  -0.141295  -0.0800082  -0.141295  0.304343  0.110886  -0.0800082  0.110886  0.174468
0.314177  -0.141295  -0.0800082  -0.141295  0.304343  0.110886  -0.0800082  0.110886  0.174468
0.314177  -0.141295  -0.0800082  -0.141295  0.304343  0.110886  -0.0800082  0.110886  0.174468
0.314177  -0.141295  -0.0800082  -0.141295  0.304343  0.110886  -0.0800082  0.110886  0.174468
0.314177  -0.141295  -0.0800082  -0.141295  0.304343  0.110886  -0.0800082  0.110886  0.174468
0.314177  -0.141295  -0.0800082  -0.141295  0.304343  0.110886  -0.0800082  0.110886  0.174468
0.314169  -0.14131  -0.0800006  -0.14131  0.304384  0.110903  -0.0800006  0.110903  0.17447
0.314169  -0.14131  -0.0800006  -0.14131  0.304384  0.110903  -0.0800006  0.110903  0.17447
0.314169  -0.14131  -0.0800006  -0.14131  0.304384  0.110903  -0.0800006  0.110903  0.17447
0.314169  -0.14131  -0.0800006  -0.14131  0.304384  0.110903  -0.0800006  0.110903  0.17447
0.314169  -0.14131  -0.0800006  -0.14131  0.304384  0.110903  -0.0800006  0.110903  0.17447
0.314169  -0.14131  -0.0800006  -0.14131  0.304384  0.110903  -0.0800006  0.110903  0.17447
0.314169  -0.14131  -0.0800006  -0.14131  0.304384  0.110903  -0.0800006  0.110903  0.17447
0.314154  -0.141303  -0.0799966  -0.141303  0.304396  0.11091  -0.0799966  0.11091  0.174473
0.314154  -0.141303  -0.0799966  -0.141303  0.304396  0.11091  -0.0799966  0.11091  0.174473
0.314154  -0.141303  -0.0799966  -0.141303  0.304396  0.11091  -0.0799966  0.11091  0.174473
0.314154  -0.141303  -0.0799966  -0.141303  0.304396  0.11091  -0.0799966  0.11091  0.174473
0.31416  -0.141326  -0.0799931  -0.141326  0.304425  0.110919  -0.0799931  0.110919  0.174472
0.31416  -0.141326  -0.0799931  -0.141326  0.304425  0.110919  -0.0799931  0.110919  0.174472
0.31416  -0.141326  -0.0799931  -0.141326  0.304425  0.110919  -0.0799931  0.110919  0.174472
0.314166  -0.141334  -0.0800143  -0.141334  0.304439  0.110937  -0.0800143  0.110937  0.174484
0.314166  -0.141334  -0.0800143  -0.141334  0.304439  0.110937  -0.0800143  0.110937  0.174484
0.314166  -0.141334  -0.0800143  -0.141334  0.304439  0.110937  -0.0800143  0.110937  0.174484
0.314166  -0.141334  -0.0800143  -0.141334  0.304439  0.110937  -0.0800143  0.110937  0.174484
0.314166  -0.141334  -0.0800143  -0.141334  0.304439  0.110937  -0.0800143  0.110937  0.174484
0.31416  -0.141326  -0.0799931  -0.141326  0.304425  0.110919  -0.0799931  0.110919  0.174472
0.31416  -0.141326  -0.0799931  -0.141326  0.304425  0.110919  -0.0799931  0.110919  0.174472
0.31416  -0.141326  -0.0799931  -0.141326  0.304425  0.110919  -0.0799931  0.110919  0.174472
0.314175  -0.141333  -0.0799971  -0.141333  0.304413  0.110912  -0.0799971  0.110912  0.174468
0.314175  -0.141333  -0.0799971  -0.141333  0.304413  0.110912  -0.0799971  0.110912  0.174468
0.314175  -0.141333  -0.0799971  -0.141333  0.304413  0.110912  -0.0799971  0.110912  0.174468
0.314175  -0.141333  -0.0799971  -0.141333  0.304413  0.110912  -0.0799971  0.110912  0.174468
0.314175  -0.141333  -0.0799971  -0.141333  0.304413  0.110912  -0.0799971  0.110912  0.174468
0.314175  -0.141333  -0.0799971  -0.141333  0.304413  0.110912  -0.0799971  0.110912  0.174468
0.314175  -0.141333  -0.0799971  -0.141333  0.304413  0.110912  -0.0799971  0.110912  0.174468
0.314175  -0.141333  -0.0799971  -0.141333  0.304413  0.110912  -0.0799971  0.110912  0.174468
0.314175  -0.141333  -0.0799971  -0.141333  0.304413  0.110912  -0.0799971  0.110912  0.174468
0.314175  -0.141333  -0.0799971  -0.141333  0.304413  0.110912  -0.0799971  0.110912  0.174468
0.314175  -0.141333  -0.0799971  -0.141333  0.304413  0.110912  -0.0799971  0.110912  0.174468
0.314175  -0.141333  -0.0799971  -0.141333  0.304413  0.110912  -0.0799971  0.110912  0.174468
0.31419  -0.14134  -0.0800012  -0.14134  0.304401  0.110905  -0.0800012  0.110905  0.174464
0.31419  -0.14134  -0.0800012  -0.14134  0.304401  0.110905  -0.0800012  0.110905  0.174464
0.31419  -0.14134  -0.0800012  -0.14134  0.304401  0.110905  -0.0800012  0.110905  0.174464
0.31419  -0.14134  -0.0800012  -0.14134  0.304401  0.110905  -0.0800012  0.110905  0.174464
0.314196  -0.141349  -0.0800224  -0.141349  0.304415  0.110923  -0.0800224  0.110923  0.174476
0.314196  -0.141349  -0.0800224  -0.141349  0.304415  0.110923  -0.0800224  0.110923  0.174476
0.314196  -0.141349  -0.0800224  -0.141349  0.304415  0.110923  -0.0800224  0.110923  0.174476
0.314196  -0.141349  -0.0800224  -0.141349  0.304415  0.110923  -0.0800224  0.110923  0.174476
0.314196  -0.141349  -0.0800224  -0.141349  0.304415  0.110923  -0.0800224  0.110923  0.174476
0.314196  -0.141349  -0.0800224  -0.141349  0.304415  0.110923  -0.0800224  0.110923  0.174476
0.314196  -0.141349  -0.0800224  -0.141349  0.304415  0.110923  -0.0800224  0.110923  0.174476
0.314196  -0.141349  -0.0800224  -0.141349  0.304415  0.110923  -0.0800224  0.110923  0.174476
0.314196  -0.141349  -0.0800224  -0.141349  0.304415  0.110923  -0.0800224  0.110923  0.174476
0.314196  -0.141349  -0.0800224  -0.141349  0.304415  0.110923  -0.0800224  0.110923  0.174476
0.314196  -0.141349  -0.0800224  -0.141349  0.304415  0.110923  -0.0800224  0.110923  0.174476
0.314196  -0.141349  -0.0800224  -0.141349  0.304415  0.110923  -0.0800224  0.110923  0.174476
0.314202  -0.141357  -0.0800437  -0.141357  0.304429  0.11094  -0.0800437  0.11094  0.174489
0.314202  -0.141357  -0.0800437  -0.141357  0.304429  0.11094  -0.0800437  0.11094  0.174489
0.314202  -0.141357  -0.0800437  -0.141357  0.304429  0.11094  -0.0800437  0.11094  0.174489
0.314202  -0.141357  -0.0800437  -0.141357  0.304429  0.11094  -0.0800437  0.11094  0.174489
0.314202  -0.141357  -0.0800437  -0.141357  0.304429  0.11094  -0.0800437  0.11094  0.174489
0.314202  -0.141357  -0.0800437  -0.141357  0.304429  0.11094  -0.0800437  0.11094  0.174489
0.314202  -0.141357  -0.0800437  -0.141357  0.304429  0.11094  -0.0800437  0.11094  0.174489
0.314202  -0.141357  -0.0800437  -0.141357  0.304429  0.11094  -0.0800437  0.11094  0.174489
0.314202  -0.141357  -0.0800437  -0.141357  0.304429  0.11094  -0.0800437  0.11094  0.174489
0.314196  -0.141334  -0.0800472  -0.141334  0.3044  0.110931  -0.0800472  0.110931  0.17449
0.314196  -0.141334  -0.0800472  -0.141334  0.3044  0.110931  -0.0800472  0.110931  0.17449
0.314196  -0.141334  -0.0800472  -0.141334  0.3044  0.110931  -0.0800472  0.110931  0.17449
0.314196  -0.141334  -0.0800472  -0.141334  0.3044  0.110931  -0.0800472  0.110931  0.17449
0.314196  -0.141334  -0.0800472  -0.141334  0.3044  0.110931  -0.0800472  0.110931  0.17449
0.314196  -0.141334  -0.0800472  -0.141334  0.3044  0.110931  -0.0800472  0.110931  0.17449
0.31419  -0.141326  -0.0800259  -0.141326  0.304386  0.110913  -0.0800259  0.110913  0.174478
0.314196  -0.141349  -0.0800224  -0.141349  0.304415  0.110923  -0.0800224  0.110923  0.174476
0.314196  -0.141349  -0.0800224  -0.141349  0.304415  0.110923  -0.0800224  0.110923  0.174476
0.314196  -0.141349  -0.0800224  -0.141349  0.304415  0.110923  -0.0800224  0.110923  0.174476
0.314196  -0.141349  -0.0800224  -0.141349  0.304415  0.110923  -0.0800224  0.110923  0.174476
0.314196  -0.141349  -0.0800224  -0.141349  0.304415  0.110923  -0.0800224  0.110923  0.174476
0.314196  -0.141349  -0.0800224  -0.141349  0.304415  0.110923  -0.0800224  0.110923  0.174476
0.314211  -0.141356  -0.0800265  -0.141356  0.304403  0.110915  -0.0800265  0.110915  0.174472
0.314211  -0.141356  -0.0800265  -0.141356  0.304403  0.110915  -0.0800265  0.110915  0.174472
0.314211  -0.141356  -0.0800265  -0.141356  0.304403  0.110915  -0.0800265  0.110915  0.174472
0.314211  -0.141356  -0.0800265  -0.141356  0.304403  0.110915  -0.0800265  0.110915  0.174472
0.314211  -0.141356  -0.0800265  -0.141356  0.304403  0.110915  -0.0800265  0.110915  0.174472
0.314211  -0.141356  -0.0800265  -0.141356  0.304403  0.110915  -0.0800265  0.110915  0.174472
0.314217  -0.141379  -0.080023  -0.141379  0.304431  0.110925  -0.080023  0.110925  0.174471
0.314232  -0.141386  -0.0800271  -0.141386  0.304419  0.110918  -0.0800271  0.110918  0.174467
0.314232  -0.141386  -0.0800271  -0.141386  0.304419  0.110918  -0.0800271  0.110918  0.174467
0.314232  -0.141386  -0.0800271  -0.141386  0.304419  0.110918  -0.0800271  0.110918  0.174467
0.314232  -0.141386  -0.0800271  -0.141386  0.304419  0.110918  -0.0800271  0.110918  0.174467
0.314232  -0.141386  -0.0800271  -0.141386  0.304419  0.110918  -0.0800271  0.110918  0.174467
0.314232  -0.141386  -0.0800271  -0.141386  0.304419  0.110918  -0.0800271  0.110918  0.174467
0.314238  -0.141409  -0.0800236  -0.141409  0.304448  0.110927  -0.0800236  0.110927  0.174465
0.314253  -0.141416  -0.0800276  -0.141416  0.304436  0.11092  -0.0800276  0.11092  0.174461
0.314253  -0.141416  -0.0800276  -0.141416  0.304436  0.11092  -0.0800276  0.11092  0.174461
0.314253  -0.141416  -0.0800276  -0.141416  0.304436  0.11092  -0.0800276  0.11092  0.174461
0.314253  -0.141416  -0.0800276  -0.141416  0.304436  0.11092  -0.0800276  0.11092  0.174461
0.314253  -0.141416  -0.0800276  -0.141416  0.304436  0.11092  -0.0800276  0.11092  0.174461
0.314253  -0.141416  -0.0800276  -0.141416  0.304436  0.11092  -0.0800276  0.11092  0.174461
0.314253  -0.141416  -0.0800276  -0.141416  0.304436  0.11092  -0.0800276  0.11092  0.174461
0.314253  -0.14143  -0.0800029  -0.14143  0.304451  0.110911  -0.0800029  0.110911  0.174447
0.314253  -0.14143  -0.0800029  -0.14143  0.304451  0.110911  -0.0800029  0.110911  0.174447
0.314268  -0.141437  -0.0800069  -0.141437  0.304438  0.110904  -0.0800069  0.110904  0.174443
0.314262  -0.141429  -0.0799857  -0.141429  0.304424  0.110886  -0.0799857  0.110886  0.174431
0.314262  -0.141429  -0.0799857  -0.141429  0.304424  0.110886  -0.0799857  0.110886  0.174431
0.314262  -0.141429  -0.0799857  -0.141429  0.304424  0.110886  -0.0799857  0.110886  0.174431
0.314262  -0.141429  -0.0799857  -0.141429  0.304424  0.110886  -0.0799857  0.110886  0.174431
0.314262  -0.141443  -0.0799609  -0.141443  0.304439  0.110878  -0.0799609  0.110878  0.174417
0.314262  -0.141443  -0.0799609  -0.141443  0.304439  0.110878  -0.0799609  0.110878  0.174417
0.314262  -0.141443  -0.0799609  -0.141443  0.304439  0.110878  -0.0799609  0.110878  0.174417
0.314256  -0.141435  -0.0799397  -0.141435  0.304425  0.11086  -0.0799397  0.11086  0.174404
0.314262  -0.141457  -0.0799361  -0.141457  0.304454  0.110869  -0.0799361  0.110869  0.174403
0.314262  -0.141457  -0.0799361  -0.141457  0.304454  0.110869  -0.0799361  0.110869  0.174403
0.314262  -0.141457  -0.0799361  -0.141457  0.304454  0.110869  -0.0799361  0.110869  0.174403
0.314262  -0.141472  -0.0799114  -0.141472  0.304469  0.110861  -0.0799114  0.110861  0.174388
0.314262  -0.141472  -0.0799114  -0.141472  0.304469  0.110861  -0.0799114  0.110861  0.174388
0.314277  -0.141493  -0.0798907  -0.141493  0.304472  0.110845  -0.0798907  0.110845  0.174371
0.314277  -0.141493  -0.0798907  -0.141493  0.304472  0.110845  -0.0798907  0.110845  0.174371
0.314289  -0.141539  -0.0798836  -0.141539  0.304529  0.110864  -0.0798836  0.110864  0.174367
0.314289  -0.141553  -0.0798589  -0.141553  0.304544  0.110856  -0.0798589  0.110856  0.174353
0.314289  -0.141553  -0.0798589  -0.141553  0.304544  0.110856  -0.0798589  0.110856  0.174353
0.314316  -0.141606  -0.0798559  -0.141606  0.30459  0.110867  -0.0798559  0.110867  0.174345
0.314316  -0.14162  -0.0798311  -0.14162  0.304605  0.110859  -0.0798311  0.110859  0.174331
0.314316  -0.14162  -0.0798311  -0.14162  0.304605  0.110859  -0.0798311  0.110859  0.174331
0.314344  -0.141673  -0.0798281  -0.141673  0.30465  0.11087  -0.0798281  0.11087  0.174324
0.314344  -0.141673  -0.0798281  -0.141673  0.30465  0.11087  -0.0798281  0.11087  0.174324
0.31435  -0.14171  -0.0797998  -0.14171  0.304694  0.110871  -0.0797998  0.110871  0.174308
0.314371  -0.141755  -0.0797756  -0.141755  0.304726  0.110865  -0.0797756  0.110865  0.174288
0.314371  -0.141755  -0.0797756  -0.141755  0.304726  0.110865  -0.0797756  0.110865  0.174288
0.314399  -0.141807  -0.0797726  -0.141807  0.304772  0.110877  -0.0797726  0.110877  0.174281
0.314399  -0.141807  -0.0797726  -0.141807  0.304772  0.110877  -0.0797726  0.110877  0.174281
0.314435  -0.141859  -0.0797524  -0.141859  0.304791  0.110863  -0.0797524  0.110863  0.174257
0.314441  -0.141896  -0.0797241  -0.141896  0.304835  0.110864  -0.0797241  0.110864  0.174242
0.314456  -0.141903  -0.0797281  -0.141903  0.304823  0.110857  -0.0797281  0.110857  0.174238
0.314483  -0.141971  -0.0797003  -0.141971  0.304884  0.11086  -0.0797003  0.11086  0.174216
0.314477  -0.141962  -0.0796791  -0.141962  0.30487  0.110842  -0.0796791  0.110842  0.174204
0.314513  -0.142014  -0.0796588  -0.142014  0.304889  0.110828  -0.0796588  0.110828  0.174181
0.314541  -0.142081  -0.079631  -0.142081  0.30495  0.110831  -0.079631  0.110831  0.174159
0.314541  -0.142081  -0.079631  -0.142081  0.30495  0.110831  -0.079631  0.110831  0.174159
0.314577  -0.142147  -0.0795859  -0.142147  0.304985  0.110809  -0.0795859  0.110809  0.174122
0.314577  -0.142147  -0.0795859  -0.142147  0.304985  0.110809  -0.0795859  0.110809  0.174122
0.314613  -0.142213  -0.0795409  -0.142213  0.30502  0.110787  -0.0795409  0.110787  0.174084
0.314643  -0.142257  -0.0794993  -0.142257  0.305026  0.110756  -0.0794993  0.110756  0.174049
0.31465  -0.14228  -0.0794958  -0.14228  0.305055  0.110765  -0.0794958  0.110765  0.174047
0.314686  -0.142346  -0.0794507  -0.142346  0.30509  0.110743  -0.0794507  0.110743  0.174009
0.314679  -0.142337  -0.0794294  -0.142337  0.305076  0.110725  -0.0794294  0.110725  0.173997
0.314716  -0.142403  -0.0793843  -0.142403  0.305111  0.110703  -0.0793843  0.110703  0.17396
0.314737  -0.142434  -0.0793848  -0.142434  0.305128  0.110705  -0.0793848  0.110705  0.173954
0.314767  -0.142491  -0.0793183  -0.142491  0.305149  0.110665  -0.0793183  0.110665  0.173905
0.314803  -0.142557  -0.0792732  -0.142557  0.305185  0.110643  -0.0792732  0.110643  0.173868
0.314797  -0.142549  -0.0792519  -0.142549  0.305171  0.110625  -0.0792519  0.110625  0.173856
0.314848  -0.142637  -0.0791859  -0.142637  0.305209  0.110588  -0.0791859  0.110588  0.173801
0.31487  -0.142667  -0.0791864  -0.142667  0.305226  0.11059  -0.0791864  0.11059  0.173795
0.314915  -0.142746  -0.0790991  -0.142746  0.305251  0.110534  -0.0790991  0.110534  0.173728
0.31496  -0.142811  -0.0790366  -0.142811  0.30526  0.110487  -0.0790366  0.110487  0.173675
0.31496  -0.142811  -0.0790366  -0.142811  0.30526  0.110487  -0.0790366  0.110487  0.173675
0.31502  -0.142912  -0.0789284  -0.142912  0.305288  0.110415  -0.0789284  0.110415  0.173591
0.31502  -0.142912  -0.0789284  -0.142912  0.305288  0.110415  -0.0789284  0.110415  0.173591
0.31508  -0.143014  -0.0788201  -0.143014  0.305316  0.110344  -0.0788201  0.110344  0.173507
0.315125  -0.143079  -0.0787576  -0.143079  0.305326  0.110296  -0.0787576  0.110296  0.173454
0.315125  -0.143093  -0.0787327  -0.143093  0.305341  0.110288  -0.0787327  0.110288  0.17344
0.315185  -0.143194  -0.0786244  -0.143194  0.30537  0.110216  -0.0786244  0.110216  0.173357
0.315185  -0.143194  -0.0786244  -0.143194  0.30537  0.110216  -0.0786244  0.110216  0.173357
0.315261  -0.143303  -0.0785199  -0.143303  0.305386  0.110137  -0.0785199  0.110137  0.173269
0.3153  -0.143359  -0.078436  -0.143359  0.305382  0.110072  -0.078436  0.110072  0.173205
0.315321  -0.14339  -0.0784364  -0.14339  0.3054  0.110074  -0.0784364  0.110074  0.173199
0.315375  -0.143482  -0.0783066  -0.143482  0.305415  0.109985  -0.0783066  0.109985  0.173104
0.31539  -0.14349  -0.0783106  -0.14349  0.305402  0.109977  -0.0783106  0.109977  0.1731
0.315472  -0.143621  -0.0782023  -0.143621  0.305449  0.109908  -0.0782023  0.109908  0.173012
0.315511  -0.143678  -0.0781183  -0.143678  0.305445  0.109842  -0.0781183  0.109842  0.172948
0.315526  -0.143699  -0.0780974  -0.143699  0.305449  0.109827  -0.0780974  0.109827  0.17293
0.315587  -0.143801  -0.0779887  -0.143801  0.305478  0.109755  -0.0779887  0.109755  0.172848
0.315602  -0.143823  -0.0779677  -0.143823  0.305482  0.109739  -0.0779677  0.109739  0.17283
0.315671  -0.143923  -0.0778417  -0.143923  0.305485  0.109642  -0.0778417  0.109642  0.172732
0.315716  -0.144002  -0.0777539  -0.144002  0.305512  0.109586  -0.0777539  0.109586  0.172667
0.315716  -0.144002  -0.0777539  -0.144002  0.305512  0.109586  -0.0777539  0.109586  0.172667
0.315807  -0.144133  -0.077628  -0.144133  0.305533  0.109491  -0.077628  0.109491  0.172564
0.315846  -0.144204  -0.0775189  -0.144204  0.305546  0.109418  -0.0775189  0.109418  0.172487
0.315861  -0.144226  -0.0774979  -0.144226  0.30555  0.109402  -0.0774979  0.109402  0.17247
0.315885  -0.144261  -0.0774346  -0.144261  0.305543  0.109352  -0.0774346  0.109352  0.172424
0.315976  -0.144391  -0.0773085  -0.144391  0.305565  0.109257  -0.0773085  0.109257  0.172322
0.316046  -0.144477  -0.077207  -0.144477  0.305554  0.109169  -0.077207  0.109169  0.172238
0.316046  -0.144477  -0.077207  -0.144477  0.305554  0.109169  -0.077207  0.109169  0.172238
0.31613  -0.144613  -0.0770346  -0.144613  0.305579  0.109048  -0.0770346  0.109048  0.172111
0.316146  -0.14462  -0.0770385  -0.14462  0.305566  0.10904  -0.0770385  0.10904  0.172107
0.31623  -0.144757  -0.076866  -0.144757  0.305591  0.108919  -0.076866  0.108919  0.171981
0.316245  -0.144764  -0.0768698  -0.144764  0.305579  0.108912  -0.0768698  0.108912  0.171977
0.316345  -0.144908  -0.076701  -0.144908  0.305592  0.108783  -0.076701  0.108783  0.171847
0.316393  -0.144992  -0.0765493  -0.144992  0.305596  0.108676  -0.0765493  0.108676  0.171744
0.316408  -0.144999  -0.0765531  -0.144999  0.305584  0.108668  -0.0765531  0.108668  0.17174
0.316486  -0.145127  -0.0763591  -0.145127  0.305596  0.108529  -0.0763591  0.108529  0.171604
0.316501  -0.145134  -0.0763629  -0.145134  0.305584  0.108522  -0.0763629  0.108522  0.1716
0.316573  -0.145239  -0.0761726  -0.145239  0.305566  0.108374  -0.0761726  0.108374  0.171466
0.316635  -0.14533  -0.0760245  -0.14533  0.305559  0.108259  -0.0760245  0.108259  0.17136
0.316644  -0.145329  -0.0760072  -0.145329  0.305533  0.108234  -0.0760072  0.108234  0.171345
0.31674  -0.145438  -0.0758031  -0.145438  0.305478  0.108054  -0.0758031  0.108054  0.171193
0.316739  -0.145453  -0.0757782  -0.145453  0.305494  0.108046  -0.0757782  0.108046  0.17118
0.316835  -0.145563  -0.075574  -0.145563  0.305439  0.107865  -0.075574  0.107865  0.171029
0.316906  -0.145653  -0.0754083  -0.145653  0.305406  0.107726  -0.0754083  0.107726  0.17091
0.316899  -0.145644  -0.0753872  -0.145644  0.305392  0.107708  -0.0753872  0.107708  0.170899
0.316994  -0.145768  -0.075158  -0.145768  0.305354  0.10752  -0.075158  0.10752  0.170736
0.317003  -0.145766  -0.0751406  -0.145766  0.305328  0.107495  -0.0751406  0.107495  0.170721
0.317098  -0.145891  -0.0749112  -0.145891  0.305291  0.107306  -0.0749112  0.107306  0.170559
0.317163  -0.145957  -0.0747492  -0.145957  0.305228  0.107158  -0.0747492  0.107158  0.170443
0.317185  -0.145987  -0.074749  -0.145987  0.305247  0.10716  -0.074749  0.10716  0.170437
0.317289  -0.146095  -0.0745269  -0.146095  0.305167  0.106955  -0.0745269  0.106955  0.170275
