0.306556  -0.124906  -0.0598472  -0.124906  0.280507  0.0902167  -0.0598472  0.0902167  0.164563
0.30656  -0.124925  -0.0598428  -0.124925  0.28053  0.0902239  -0.0598428  0.0902239  0.164562
0.30656  -0.124925  -0.0598428  -0.124925  0.28053  0.0902239  -0.0598428  0.0902239  0.164562
0.306543  -0.124692  -0.0604122  -0.124692  0.280414  0.0904935  -0.0604122  0.0904935  0.164796
0.306552  -0.124679  -0.0604914  -0.124679  0.280409  0.0905331  -0.0604914  0.0905331  0.164826
0.306559  -0.124675  -0.0606766  -0.124675  0.280469  0.0906611  -0.0606766  0.0906611  0.164907
0.306635  -0.124964  -0.0608546  -0.124964  0.280891  0.0909317  -0.0608546  0.0909317  0.16499
0.306647  -0.124984  -0.0609078  -0.124984  0.280923  0.0909725  -0.0609078  0.0909725  0.16501
0.306687  -0.124906  -0.0616179  -0.124906  0.281024  0.0914036  -0.0616179  0.0914036  0.16531
0.306684  -0.124914  -0.0616512  -0.124914  0.281058  0.0914381  -0.0616512  0.0914381  0.165329
0.306655  -0.125225  -0.0619166  -0.125225  0.281764  0.0919159  -0.0619166  0.0919159  0.165516
0.306652  -0.125246  -0.0619278  -0.125246  0.281811  0.0919442  -0.0619278  0.0919442  0.165526
0.306582  -0.125318  -0.0624317  -0.125318  0.282295  0.0924656  -0.0624317  0.0924656  0.165818
0.306573  -0.125314  -0.0625027  -0.125314  0.282339  0.0925279  -0.0625027  0.0925279  0.165857
0.306533  -0.125377  -0.0625804  -0.125377  0.282561  0.0926837  -0.0625804  0.0926837  0.165926
0.306432  -0.125828  -0.0622675  -0.125828  0.2834  0.0929181  -0.0622675  0.0929181  0.165897
0.306418  -0.125857  -0.062254  -0.125857  0.283473  0.0929473  -0.062254  0.0929473  0.165902
0.306373  -0.125794  -0.0624397  -0.125794  0.283535  0.0930923  -0.0624397  0.0930923  0.166008
0.306229  -0.125482  -0.0629178  -0.125482  0.283501  0.0933848  -0.0629178  0.0933848  0.166276
0.306226  -0.125503  -0.062929  -0.125503  0.283548  0.0934134  -0.062929  0.0934134  0.166286
0.30616  -0.12575  -0.0625951  -0.12575  0.283959  0.0934318  -0.0625951  0.0934318  0.166196
0.30616  -0.125737  -0.0626173  -0.125737  0.283946  0.0934383  -0.0626173  0.0934383  0.166205
0.306157  -0.125265  -0.0632843  -0.125265  0.283437  0.0935808  -0.0632843  0.0935808  0.166466
0.306168  -0.125217  -0.0633756  -0.125217  0.283373  0.0935994  -0.0633756  0.0935994  0.166498
0.306172  -0.125224  -0.0633936  -0.125224  0.283384  0.0936134  -0.0633936  0.0936134  0.166505
0.306197  -0.12549  -0.0630685  -0.12549  0.283648  0.093546  -0.0630685  0.093546  0.16637
0.306197  -0.12549  -0.0630685  -0.12549  0.283648  0.093546  -0.0630685  0.093546  0.16637
0.306226  -0.125113  -0.0636839  -0.125113  0.283216  0.0936837  -0.0636839  0.0936837  0.166603
0.306226  -0.1251  -0.0637061  -0.1251  0.283203  0.0936902  -0.0637061  0.0936902  0.166613
0.306206  -0.125425  -0.0632376  -0.125425  0.283592  0.0936128  -0.0632376  0.0936128  0.166438
0.306198  -0.125479  -0.0631643  -0.125479  0.283668  0.0936081  -0.0631643  0.0936081  0.166414
0.306187  -0.125487  -0.0631396  -0.125487  0.283693  0.0936088  -0.0631396  0.0936088  0.16641
0.30616  -0.125109  -0.0636242  -0.125109  0.283315  0.0937138  -0.0636242  0.0937138  0.16661
0.306156  -0.12509  -0.0636284  -0.12509  0.283291  0.0937062  -0.0636284  0.0937062  0.166612
0.306151  -0.125175  -0.0634551  -0.125175  0.28337  0.0936471  -0.0634551  0.0936471  0.166541
0.306132  -0.125438  -0.0629687  -0.125438  0.283643  0.0935048  -0.0629687  0.0935048  0.166349
0.306144  -0.12543  -0.0629934  -0.12543  0.283617  0.0935041  -0.0629934  0.0935041  0.166354
0.306167  -0.124991  -0.063532  -0.124991  0.283058  0.0935422  -0.063532  0.0935422  0.166543
0.306167  -0.124991  -0.063532  -0.124991  0.283058  0.0935422  -0.063532  0.0935422  0.166543
0.306194  -0.125343  -0.063092  -0.125343  0.28341  0.0934504  -0.063092  0.0934504  0.166361
0.306198  -0.125375  -0.0630656  -0.125375  0.283446  0.0934514  -0.0630656  0.0934514  0.166351
0.306264  -0.125165  -0.0635357  -0.125165  0.283162  0.0935661  -0.0635357  0.0935661  0.166516
0.306279  -0.125124  -0.0636451  -0.125124  0.28311  0.0935988  -0.0636451  0.0935988  0.166555
0.306344  -0.125428  -0.0634706  -0.125428  0.283424  0.0936288  -0.0634706  0.0936288  0.166477
0.306355  -0.12554  -0.0633691  -0.12554  0.283548  0.0936256  -0.0633691  0.0936256  0.166436
0.306377  -0.125749  -0.0631882  -0.125749  0.283782  0.0936255  -0.0631882  0.0936255  0.166365
0.306425  -0.125557  -0.0637574  -0.125557  0.283611  0.0938539  -0.0637574  0.0938539  0.166593
0.306429  -0.125525  -0.0638422  -0.125525  0.283584  0.0938875  -0.0638422  0.0938875  0.166628
0.306461  -0.125602  -0.0638683  -0.125602  0.283665  0.0939312  -0.0638683  0.0939312  0.166635
0.306502  -0.126228  -0.0632794  -0.126228  0.284398  0.0939246  -0.0632794  0.0939246  0.166411
0.306506  -0.126261  -0.0632528  -0.126261  0.284435  0.0939256  -0.0632528  0.0939256  0.1664
0.306556  -0.125968  -0.0638718  -0.125968  0.284104  0.0941096  -0.0638718  0.0941096  0.166637
0.306552  -0.125935  -0.0638983  -0.125935  0.284067  0.0941085  -0.0638983  0.0941085  0.166648
0.306625  -0.126359  -0.0635811  -0.126359  0.284513  0.0941144  -0.0635811  0.0941144  0.166511
0.306628  -0.126405  -0.0635322  -0.126405  0.284564  0.0941089  -0.0635322  0.0941089  0.166492
0.306672  -0.126422  -0.0636725  -0.126422  0.284568  0.0941784  -0.0636725  0.0941784  0.16654
0.306684  -0.126388  -0.063742  -0.126388  0.284516  0.0941909  -0.063742  0.0941909  0.166563
0.306754  -0.126409  -0.063928  -0.126409  0.284495  0.0942668  -0.063928  0.0942668  0.16662
0.306766  -0.126508  -0.0638484  -0.126508  0.284607  0.0942699  -0.0638484  0.0942699  0.166588
0.306802  -0.126859  -0.063594  -0.126859  0.285029  0.0943091  -0.063594  0.0943091  0.166493
0.306813  -0.126838  -0.0636413  -0.126838  0.28499  0.0943151  -0.0636413  0.0943151  0.166507
0.30683  -0.126744  -0.0638409  -0.126744  0.284883  0.0943748  -0.0638409  0.0943748  0.166584
0.30689  -0.12692  -0.0638304  -0.12692  0.285065  0.0944355  -0.0638304  0.0944355  0.166572
0.306898  -0.126986  -0.0637772  -0.126986  0.28514  0.0944375  -0.0637772  0.0944375  0.166551
0.30693  -0.127158  -0.063721  -0.127158  0.285349  0.0944918  -0.063721  0.0944918  0.16653
0.306931  -0.127132  -0.0637658  -0.127132  0.285322  0.094505  -0.0637658  0.094505  0.166548
0.306959  -0.127056  -0.063946  -0.127056  0.285216  0.0945512  -0.063946  0.0945512  0.166612
0.307012  -0.127277  -0.0637534  -0.127277  0.285408  0.0945148  -0.0637534  0.0945148  0.166519
0.307012  -0.127291  -0.063731  -0.127291  0.285421  0.0945081  -0.063731  0.0945081  0.16651
0.307028  -0.127276  -0.0637966  -0.127276  0.285393  0.0945284  -0.0637966  0.0945284  0.166532
0.307028  -0.127263  -0.063819  -0.127263  0.28538  0.0945351  -0.063819  0.0945351  0.166541
0.307047  -0.12724  -0.0638508  -0.12724  0.285318  0.0945197  -0.0638508  0.0945197  0.166543
0.307046  -0.127253  -0.0638284  -0.127253  0.285331  0.0945131  -0.0638284  0.0945131  0.166534
0.307029  -0.127347  -0.0636283  -0.127347  0.285439  0.094453  -0.0636283  0.094453  0.166457
0.307029  -0.127347  -0.0636283  -0.127347  0.285439  0.094453  -0.0636283  0.094453  0.166457
0.307014  -0.127188  -0.0637797  -0.127188  0.285261  0.0944623  -0.0637797  0.0944623  0.166518
0.307018  -0.127208  -0.0637755  -0.127208  0.285285  0.0944699  -0.0637755  0.0944699  0.166516
0.306993  -0.127343  -0.0635239  -0.127343  0.285457  0.0944114  -0.0635239  0.0944114  0.166425
0.306993  -0.127343  -0.0635239  -0.127343  0.285457  0.0944114  -0.0635239  0.0944114  0.166425
0.306985  -0.12729  -0.0635548  -0.12729  0.285394  0.0944029  -0.0635548  0.0944029  0.166437
0.306981  -0.127163  -0.0636639  -0.127163  0.285231  0.0943918  -0.0636639  0.0943918  0.166474
0.306977  -0.127156  -0.0636457  -0.127156  0.28522  0.0943776  -0.0636457  0.0943776  0.166467
0.306964  -0.127243  -0.0634864  -0.127243  0.285325  0.0943384  -0.0634864  0.0943384  0.166407
0.306948  -0.127218  -0.0634881  -0.127218  0.285313  0.094338  -0.0634881  0.094338  0.166413
0.306936  -0.127051  -0.0636056  -0.127051  0.285101  0.0943118  -0.0636056  0.0943118  0.166454
0.306936  -0.127051  -0.0636056  -0.127051  0.285101  0.0943118  -0.0636056  0.0943118  0.166454
0.306911  -0.127092  -0.0634368  -0.127092  0.285146  0.0942434  -0.0634368  0.0942434  0.16639
0.306907  -0.127085  -0.0634186  -0.127085  0.285135  0.0942292  -0.0634186  0.0942292  0.166382
0.306898  -0.127059  -0.0634048  -0.127059  0.2851  0.0942074  -0.0634048  0.0942074  0.166376
0.306863  -0.126895  -0.0634947  -0.126895  0.284926  0.0941889  -0.0634947  0.0941889  0.166416
0.306863  -0.126895  -0.0634947  -0.126895  0.284926  0.0941889  -0.0634947  0.0941889  0.166416
0.306838  -0.126949  -0.0633037  -0.126949  0.284984  0.0941141  -0.0633037  0.0941141  0.166343
0.306829  -0.126936  -0.0632675  -0.126936  0.284962  0.0940858  -0.0632675  0.0940858  0.166328
0.306814  -0.126804  -0.0633739  -0.126804  0.284812  0.0940818  -0.0633739  0.0940818  0.166369
0.30681  -0.126784  -0.0633781  -0.126784  0.284787  0.0940743  -0.0633781  0.0940743  0.166371
0.306806  -0.126764  -0.0633824  -0.126764  0.284763  0.0940667  -0.0633824  0.0940667  0.166372
0.306792  -0.126836  -0.0631718  -0.126836  0.284823  0.0939783  -0.0631718  0.0939783  0.166287
0.306792  -0.126836  -0.0631718  -0.126836  0.284823  0.0939783  -0.0631718  0.0939783  0.166287
0.306792  -0.12669  -0.0633434  -0.12669  0.284645  0.0939944  -0.0633434  0.0939944  0.166349
0.306788  -0.12667  -0.0633476  -0.12667  0.28462  0.0939868  -0.0633476  0.0939868  0.166351
0.306798  -0.126754  -0.0632162  -0.126754  0.284688  0.0939403  -0.0632162  0.0939403  0.166293
0.306798  -0.126767  -0.0631939  -0.126767  0.284701  0.0939337  -0.0631939  0.0939337  0.166284
0.30679  -0.126702  -0.063247  -0.126702  0.284626  0.0939317  -0.063247  0.0939317  0.166305
0.30679  -0.126688  -0.0632693  -0.126688  0.284612  0.0939383  -0.0632693  0.0939383  0.166313
0.30679  -0.126702  -0.063247  -0.126702  0.284626  0.0939317  -0.063247  0.0939317  0.166305
0.30679  -0.126728  -0.0632024  -0.126728  0.284652  0.0939186  -0.0632024  0.0939186  0.166287
0.306774  -0.126756  -0.0631148  -0.126756  0.284693  0.093892  -0.0631148  0.093892  0.166256
0.306782  -0.126662  -0.0632555  -0.126662  0.284577  0.0939166  -0.0632555  0.0939166  0.166307
0.306778  -0.126629  -0.0632821  -0.126629  0.28454  0.0939156  -0.0632821  0.0939156  0.166318
0.306773  -0.126701  -0.0631301  -0.126701  0.284608  0.0938622  -0.0631301  0.0938622  0.166256
0.306772  -0.126715  -0.0631078  -0.126715  0.284621  0.0938556  -0.0631078  0.0938556  0.166247
0.306772  -0.126741  -0.0630632  -0.126741  0.284648  0.0938425  -0.0630632  0.0938425  0.16623
0.306784  -0.126586  -0.0632595  -0.126586  0.284445  0.0938579  -0.0632595  0.0938579  0.166297
0.306784  -0.126586  -0.0632595  -0.126586  0.284445  0.0938579  -0.0632595  0.0938579  0.166297
0.306793  -0.12671  -0.0630612  -0.12671  0.284552  0.0937917  -0.0630612  0.0937917  0.166212
0.306789  -0.126704  -0.0630431  -0.126704  0.284541  0.0937776  -0.0630431  0.0937776  0.166205
0.306785  -0.126697  -0.0630251  -0.126697  0.28453  0.0937636  -0.0630251  0.0937636  0.166197
0.306797  -0.126542  -0.0632214  -0.126542  0.284326  0.093779  -0.0632214  0.093779  0.166265
0.306797  -0.126542  -0.0632214  -0.126542  0.284326  0.093779  -0.0632214  0.093779  0.166265
0.306799  -0.126694  -0.062994  -0.126694  0.284483  0.093721  -0.062994  0.093721  0.166174
0.306806  -0.126692  -0.0629785  -0.126692  0.28446  0.0936997  -0.0629785  0.0936997  0.166162
0.306806  -0.126679  -0.0630008  -0.126679  0.284446  0.0937063  -0.0630008  0.0937063  0.166171
0.306813  -0.126531  -0.0631567  -0.126531  0.284245  0.0937011  -0.0631567  0.0937011  0.166222
0.306824  -0.12655  -0.0631369  -0.12655  0.284246  0.0936873  -0.0631369  0.0936873  0.166209
0.306818  -0.126662  -0.0629181  -0.126662  0.284355  0.0936144  -0.0629181  0.0936144  0.166121
0.306818  -0.126662  -0.0629181  -0.126662  0.284355  0.0936144  -0.0629181  0.0936144  0.166121
0.306817  -0.126594  -0.0629557  -0.126594  0.284256  0.0935911  -0.0629557  0.0935911  0.16613
0.306828  -0.126492  -0.0630627  -0.126492  0.284106  0.0935804  -0.0630627  0.0935804  0.166162
0.306828  -0.126506  -0.0630404  -0.126506  0.284119  0.0935738  -0.0630404  0.0935738  0.166153
0.306818  -0.126585  -0.0628482  -0.126585  0.28419  0.0935  -0.0628482  0.0935  0.166076
0.306825  -0.12657  -0.062855  -0.12657  0.284154  0.0934853  -0.062855  0.0934853  0.166073
0.306822  -0.126511  -0.0629261  -0.126511  0.28409  0.0934974  -0.0629261  0.0934974  0.166101
0.306825  -0.126463  -0.0629594  -0.126463  0.284016  0.0934817  -0.0629594  0.0934817  0.166108
0.306825  -0.126476  -0.0629372  -0.126476  0.284029  0.0934751  -0.0629372  0.0934751  0.166099
0.30682  -0.126522  -0.06283  -0.126522  0.284071  0.093435  -0.06283  0.093435  0.166057
0.30682  -0.126509  -0.0628523  -0.126509  0.284058  0.0934415  -0.0628523  0.0934415  0.166065
0.306828  -0.126455  -0.0629259  -0.126455  0.283982  0.0934464  -0.0629259  0.0934464  0.166089
0.306827  -0.126481  -0.0628813  -0.126481  0.284008  0.0934333  -0.0628813  0.0934333  0.166072
0.306831  -0.126514  -0.0628548  -0.126514  0.284046  0.0934343  -0.0628548  0.0934343  0.166061
0.306827  -0.126494  -0.062859  -0.126494  0.284021  0.0934268  -0.062859  0.0934268  0.166063
0.306823  -0.126475  -0.0628633  -0.126475  0.283997  0.0934193  -0.0628633  0.0934193  0.166064
0.306828  -0.126468  -0.0629036  -0.126468  0.283995  0.0934399  -0.0629036  0.0934399  0.16608
0.306827  -0.126481  -0.0628813  -0.126481  0.284008  0.0934333  -0.0628813  0.0934333  0.166072
0.306816  -0.126516  -0.0628119  -0.126516  0.28406  0.0934209  -0.0628119  0.0934209  0.166049
0.306812  -0.126456  -0.0628831  -0.126456  0.283996  0.093433  -0.0628831  0.093433  0.166077
0.306812  -0.126443  -0.0629053  -0.126443  0.283983  0.0934395  -0.0629053  0.0934395  0.166086
0.306805  -0.126484  -0.062854  -0.126484  0.284046  0.0934412  -0.062854  0.0934412  0.166071
0.306805  -0.126497  -0.0628317  -0.126497  0.284059  0.0934347  -0.0628317  0.0934347  0.166062
0.306804  -0.126524  -0.0627872  -0.126524  0.284086  0.0934216  -0.0627872  0.0934216  0.166045
0.306805  -0.126458  -0.0628986  -0.126458  0.284019  0.0934542  -0.0628986  0.0934542  0.166089
0.306806  -0.126445  -0.0629209  -0.126445  0.284006  0.0934608  -0.0629209  0.0934608  0.166098
0.306797  -0.126525  -0.0628027  -0.126525  0.284109  0.0934428  -0.0628027  0.0934428  0.166056
0.306801  -0.126545  -0.0627984  -0.126545  0.284133  0.0934503  -0.0627984  0.0934503  0.166055
0.306802  -0.126505  -0.0628653  -0.126505  0.284093  0.0934699  -0.0628653  0.0934699  0.166081
0.306802  -0.126492  -0.0628876  -0.126492  0.28408  0.0934764  -0.0628876  0.0934764  0.16609
0.306802  -0.126519  -0.062843  -0.126519  0.284106  0.0934634  -0.062843  0.0934634  0.166072
0.306802  -0.126532  -0.0628207  -0.126532  0.28412  0.0934569  -0.0628207  0.0934569  0.166064
0.306801  -0.126558  -0.0627761  -0.126558  0.284146  0.0934438  -0.0627761  0.0934438  0.166046
0.306809  -0.126478  -0.0628943  -0.126478  0.284044  0.0934618  -0.0628943  0.0934618  0.166087
0.306809  -0.126478  -0.0628943  -0.126478  0.284044  0.0934618  -0.0628943  0.0934618  0.166087
0.306813  -0.12655  -0.0628009  -0.12655  0.284121  0.0934431  -0.0628009  0.0934431  0.166051
0.306808  -0.126543  -0.0627829  -0.126543  0.28411  0.0934291  -0.0627829  0.0934291  0.166043
0.306805  -0.126511  -0.0628095  -0.126511  0.284072  0.0934281  -0.0628095  0.0934281  0.166053
0.306805  -0.126497  -0.0628317  -0.126497  0.284059  0.0934347  -0.0628317  0.0934347  0.166062
0.306815  -0.126529  -0.0627897  -0.126529  0.284073  0.0934144  -0.0627897  0.0934144  0.16604
0.306815  -0.126529  -0.0627897  -0.126529  0.284073  0.0934144  -0.0627897  0.0934144  0.16604
0.306811  -0.126549  -0.0627271  -0.126549  0.284089  0.0933873  -0.0627271  0.0933873  0.166015
0.306811  -0.126535  -0.0627494  -0.126535  0.284076  0.0933938  -0.0627494  0.0933938  0.166024
0.306807  -0.126489  -0.0627982  -0.126489  0.284025  0.0933994  -0.0627982  0.0933994  0.166043
0.306818  -0.126547  -0.0627116  -0.126547  0.284066  0.0933661  -0.0627116  0.0933661  0.166004
0.306813  -0.12654  -0.0626935  -0.12654  0.284055  0.0933521  -0.0626935  0.0933521  0.165996
0.306814  -0.126527  -0.0627158  -0.126527  0.284041  0.0933586  -0.0627158  0.0933586  0.166005
0.306814  -0.126514  -0.0627381  -0.126514  0.284028  0.0933651  -0.0627381  0.0933651  0.166014
0.306821  -0.126526  -0.0627003  -0.126526  0.284018  0.0933374  -0.0627003  0.0933374  0.165994
0.306816  -0.126519  -0.0626823  -0.126519  0.284007  0.0933234  -0.0626823  0.0933234  0.165986
0.306816  -0.126545  -0.0626377  -0.126545  0.284034  0.0933103  -0.0626377  0.0933103  0.165969
0.306816  -0.126532  -0.06266  -0.126532  0.28402  0.0933168  -0.06266  0.0933168  0.165977
0.306813  -0.126486  -0.0627088  -0.126486  0.28397  0.0933224  -0.0627088  0.0933224  0.165996
0.306812  -0.126539  -0.0626197  -0.126539  0.284023  0.0932963  -0.0626197  0.0932963  0.165961
0.306811  -0.126552  -0.0625975  -0.126552  0.284036  0.0932898  -0.0625975  0.0932898  0.165952
0.306792  -0.126494  -0.0626258  -0.126494  0.283987  0.0932885  -0.0626258  0.0932885  0.165968
0.306797  -0.126501  -0.0626438  -0.126501  0.283997  0.0933025  -0.0626438  0.0933025  0.165975
0.306804  -0.126473  -0.0626728  -0.126473  0.283948  0.0932944  -0.0626728  0.0932944  0.165981
0.306787  -0.126553  -0.0624965  -0.126553  0.284042  0.0932419  -0.0624965  0.0932419  0.165917
0.306791  -0.126573  -0.0624922  -0.126573  0.284066  0.0932494  -0.0624922  0.0932494  0.165916
0.306795  -0.126486  -0.0625923  -0.126486  0.283952  0.0932533  -0.0625923  0.0932533  0.165949
0.306791  -0.126466  -0.0625966  -0.126466  0.283928  0.0932458  -0.0625966  0.0932458  0.165951
0.30679  -0.126532  -0.0624852  -0.126532  0.283995  0.0932132  -0.0624852  0.0932132  0.165907
0.30679  -0.126545  -0.062463  -0.126545  0.284008  0.0932067  -0.062463  0.0932067  0.165898
0.306786  -0.126512  -0.0624895  -0.126512  0.28397  0.0932058  -0.0624895  0.0932058  0.165908
0.306797  -0.126504  -0.0625142  -0.126504  0.283945  0.0932051  -0.0625142  0.0932051  0.165913
0.306797  -0.126517  -0.062492  -0.126517  0.283958  0.0931986  -0.062492  0.0931986  0.165904
0.306793  -0.126524  -0.0624517  -0.126524  0.28396  0.0931781  -0.0624517  0.0931781  0.165888
0.306796  -0.12657  -0.0624029  -0.12657  0.284011  0.0931725  -0.0624029  0.0931725  0.165869
0.306789  -0.126491  -0.0624783  -0.126491  0.283923  0.0931771  -0.0624783  0.0931771  0.165898
0.306789  -0.126491  -0.0624783  -0.126491  0.283923  0.0931771  -0.0624783  0.0931771  0.165898
0.306788  -0.126544  -0.0623892  -0.126544  0.283976  0.093151  -0.0623892  0.093151  0.165863
0.306784  -0.126537  -0.0623713  -0.126537  0.283965  0.0931371  -0.0623713  0.0931371  0.165856
0.30678  -0.126517  -0.0623755  -0.126517  0.283941  0.0931296  -0.0623755  0.0931296  0.165857
0.30678  -0.126504  -0.0623978  -0.126504  0.283928  0.0931361  -0.0623978  0.0931361  0.165866
0.306776  -0.126471  -0.0624243  -0.126471  0.28389  0.0931351  -0.0624243  0.0931351  0.165876
0.306771  -0.126544  -0.0622729  -0.126544  0.283959  0.0930821  -0.0622729  0.0930821  0.165817
0.306775  -0.126563  -0.0622686  -0.126563  0.283983  0.0930895  -0.0622686  0.0930895  0.165815
0.306767  -0.126484  -0.0623439  -0.126484  0.283895  0.0930942  -0.0623439  0.0930942  0.165844
0.306763  -0.126465  -0.0623482  -0.126465  0.283871  0.0930867  -0.0623482  0.0930867  0.165845
0.306774  -0.126509  -0.0622839  -0.126509  0.283898  0.09306  -0.0622839  0.09306  0.165815
0.306769  -0.126516  -0.0622437  -0.126516  0.283901  0.0930395  -0.0622437  0.0930395  0.165799
0.306766  -0.126483  -0.0622702  -0.126483  0.283863  0.0930386  -0.0622702  0.0930386  0.165809
0.306762  -0.126463  -0.0622745  -0.126463  0.283839  0.0930311  -0.0622745  0.0930311  0.165811
0.306768  -0.126462  -0.062259  -0.126462  0.283816  0.09301  -0.062259  0.09301  0.165799
0.306768  -0.126475  -0.0622368  -0.126475  0.283829  0.0930034  -0.0622368  0.0930034  0.16579
0.306772  -0.126534  -0.0621657  -0.126534  0.283893  0.0929914  -0.0621657  0.0929914  0.165763
0.306756  -0.126429  -0.0622274  -0.126429  0.28377  0.0929746  -0.0622274  0.0929746  0.165786
0.306756  -0.126415  -0.0622496  -0.126415  0.283756  0.0929811  -0.0622496  0.0929811  0.165795
0.306747  -0.126455  -0.0621248  -0.126455  0.283788  0.0929272  -0.0621248  0.0929272  0.165745
0.306751  -0.126488  -0.0620983  -0.126488  0.283825  0.0929281  -0.0620983  0.0929281  0.165735
0.306742  -0.126488  -0.0620402  -0.126488  0.283817  0.0928937  -0.0620402  0.0928937  0.165712
0.306727  -0.126343  -0.0621685  -0.126343  0.283653  0.0928965  -0.0621685  0.0928965  0.165761
0.306731  -0.12635  -0.0621864  -0.12635  0.283664  0.0929104  -0.0621864  0.0929104  0.165768
0.306717  -0.126422  -0.0619771  -0.126422  0.283725  0.0928232  -0.0619771  0.0928232  0.165686
0.306713  -0.126415  -0.0619591  -0.126415  0.283714  0.0928092  -0.0619591  0.0928092  0.165679
0.306713  -0.126309  -0.0620634  -0.126309  0.283576  0.0928057  -0.0620634  0.0928057  0.165713
0.306709  -0.126289  -0.0620676  -0.126289  0.283552  0.0927983  -0.0620676  0.0927983  0.165715
0.306705  -0.126269  -0.0620719  -0.126269  0.283527  0.0927909  -0.0620719  0.0927909  0.165716
0.306683  -0.126369  -0.0618338  -0.126369  0.283638  0.0927119  -0.0618338  0.0927119  0.165629
0.306679  -0.126363  -0.0618159  -0.126363  0.283627  0.092698  -0.0618159  0.092698  0.165621
0.306672  -0.12631  -0.0618467  -0.12631  0.283565  0.0926896  -0.0618467  0.0926896  0.165633
0.306652  -0.126159  -0.061957  -0.126159  0.283391  0.0926784  -0.061957  0.0926784  0.165674
0.306632  -0.126233  -0.0617635  -0.126233  0.283474  0.0926126  -0.0617635  0.0926126  0.165604
0.306631  -0.126246  -0.0617413  -0.126246  0.283488  0.0926061  -0.0617413  0.0926061  0.165595
0.306612  -0.126241  -0.0616809  -0.126241  0.283492  0.0925791  -0.0616809  0.0925791  0.165577
0.306589  -0.126044  -0.0618399  -0.126044  0.283267  0.0925734  -0.0618399  0.0925734  0.165636
0.306589  -0.126031  -0.061862  -0.126031  0.283254  0.0925799  -0.061862  0.0925799  0.165644
0.306545  -0.126106  -0.0615683  -0.126106  0.283344  0.0924669  -0.0615683  0.0924669  0.16554
0.30654  -0.126113  -0.0615283  -0.126113  0.283346  0.0924466  -0.0615283  0.0924466  0.165525
0.306483  -0.125899  -0.0616067  -0.125899  0.283127  0.0924074  -0.0616067  0.0924074  0.165562
0.306484  -0.125886  -0.0616288  -0.125886  0.283114  0.0924138  -0.0616288  0.0924138  0.165571
0.306421  -0.125865  -0.0614304  -0.125865  0.283115  0.0923193  -0.0614304  0.0923193  0.165508
0.306421  -0.125878  -0.0614083  -0.125878  0.283128  0.0923129  -0.0614083  0.0923129  0.1655
0.306352  -0.125765  -0.0613073  -0.125765  0.283028  0.0922296  -0.0613073  0.0922296  0.165474
0.306344  -0.125726  -0.061316  -0.125726  0.282979  0.0922148  -0.061316  0.0922148  0.165477
0.306318  -0.125616  -0.0613751  -0.125616  0.282869  0.0922054  -0.0613751  0.0922054  0.165503
0.306266  -0.125639  -0.0611133  -0.125639  0.282898  0.092085  -0.0611133  0.092085  0.165412
0.306262  -0.125633  -0.0610956  -0.125633  0.282887  0.0920712  -0.0610956  0.0920712  0.165405
0.306191  -0.125448  -0.0610877  -0.125448  0.28271  0.0920065  -0.0610877  0.0920065  0.165415
0.306187  -0.125428  -0.061092  -0.125428  0.282686  0.0919992  -0.061092  0.0919992  0.165416
0.306118  -0.125329  -0.0609695  -0.125329  0.2826  0.0919101  -0.0609695  0.0919101  0.165383
0.306118  -0.125342  -0.0609474  -0.125342  0.282613  0.0919037  -0.0609474  0.0919037  0.165374
0.306031  -0.125238  -0.0607654  -0.125238  0.282531  0.0917882  -0.0607654  0.0917882  0.165323
0.306023  -0.125199  -0.0607741  -0.125199  0.282483  0.0917736  -0.0607741  0.0917736  0.165326
0.305963  -0.125034  -0.0607468  -0.125034  0.282309  0.0916957  -0.0607468  0.0916957  0.165323
0.305948  -0.125035  -0.0607048  -0.125035  0.282323  0.0916829  -0.0607048  0.0916829  0.165312
0.305857  -0.124991  -0.0603959  -0.124991  0.282297  0.0915227  -0.0603959  0.0915227  0.165214
0.305853  -0.124971  -0.0604002  -0.124971  0.282273  0.0915155  -0.0604002  0.0915155  0.165216
0.305773  -0.124717  -0.060428  -0.124717  0.282014  0.091436  -0.060428  0.091436  0.165237
0.305769  -0.124711  -0.0604104  -0.124711  0.282003  0.0914224  -0.0604104  0.0914224  0.165231
0.305675  -0.124675  -0.0601353  -0.124675  0.282011  0.0912974  -0.0601353  0.0912974  0.165152
0.305661  -0.124663  -0.0601154  -0.124663  0.282012  0.091291  -0.0601154  0.091291  0.165149
0.305574  -0.12445  -0.0600929  -0.12445  0.281816  0.0912137  -0.0600929  0.0912137  0.165158
0.30557  -0.124431  -0.0600973  -0.124431  0.281792  0.0912065  -0.0600973  0.0912065  0.165159
0.305464  -0.124345  -0.0598689  -0.124345  0.281762  0.0910946  -0.0598689  0.0910946  0.165103
0.30545  -0.124347  -0.0598273  -0.124347  0.281777  0.091082  -0.0598273  0.091082  0.165092
0.305403  -0.12432  -0.0597286  -0.12432  0.281785  0.0910433  -0.0597286  0.0910433  0.165071
0.305286  -0.124027  -0.059737  -0.124027  0.28153  0.0909654  -0.059737  0.0909654  0.1651
0.305286  -0.124027  -0.059737  -0.124027  0.28153  0.0909654  -0.059737  0.0909654  0.1651
0.305161  -0.123959  -0.0594616  -0.123959  0.281551  0.0908562  -0.0594616  0.0908562  0.165038
0.30516  -0.123972  -0.0594398  -0.123972  0.281564  0.09085  -0.0594398  0.09085  0.16503
0.30502  -0.123703  -0.0593613  -0.123703  0.281364  0.0907548  -0.0593613  0.0907548  0.165037
0.305003  -0.12366  -0.0593679  -0.12366  0.281329  0.0907475  -0.0593679  0.0907475  0.165044
0.304862  -0.123496  -0.0591157  -0.123496  0.281233  0.0906032  -0.0591157  0.0906032  0.16499
0.304844  -0.123492  -0.0590571  -0.123492  0.281238  0.0905776  -0.0590571  0.0905776  0.164973
0.304784  -0.123428  -0.0589119  -0.123428  0.281191  0.0904924  -0.0589119  0.0904924  0.164935
0.304623  -0.123055  -0.0588933  -0.123055  0.280885  0.0903889  -0.0588933  0.0903889  0.164968
0.30461  -0.123031  -0.0588955  -0.123031  0.280874  0.0903889  -0.0588955  0.0903889  0.164973
0.304428  -0.122855  -0.0585265  -0.122855  0.280801  0.0902024  -0.0585265  0.0902024  0.164893
0.304414  -0.122845  -0.058507  -0.122845  0.280803  0.0901963  -0.058507  0.0901963  0.164891
0.30424  -0.122496  -0.058388  -0.122496  0.28053  0.0900562  -0.058388  0.0900562  0.164894
0.304223  -0.122453  -0.0583947  -0.122453  0.280496  0.0900491  -0.0583947  0.0900491  0.1649
0.304157  -0.122321  -0.0583566  -0.122321  0.280398  0.0900025  -0.0583566  0.0900025  0.164905
0.303963  -0.122145  -0.0579326  -0.122145  0.280331  0.0897931  -0.0579326  0.0897931  0.164812
0.303949  -0.122134  -0.0579133  -0.122134  0.280333  0.0897872  -0.0579133  0.0897872  0.16481
0.303735  -0.121668  -0.0578333  -0.121668  0.279973  0.0896406  -0.0578333  0.0896406  0.164841
0.303732  -0.121649  -0.0578378  -0.121649  0.27995  0.0896335  -0.0578378  0.0896335  0.164842
0.303522  -0.121357  -0.0574968  -0.121357  0.279767  0.0894233  -0.0574968  0.0894233  0.164784
0.303506  -0.12134  -0.0574608  -0.12134  0.279759  0.0894044  -0.0574608  0.0894044  0.164776
0.303293  -0.120949  -0.0572373  -0.120949  0.279469  0.089211  -0.0572373  0.089211  0.164758
0.303281  -0.120926  -0.0572396  -0.120926  0.279458  0.0892111  -0.0572396  0.0892111  0.164763
0.303047  -0.120503  -0.0570008  -0.120503  0.279162  0.0890131  -0.0570008  0.0890131  0.16475
0.303032  -0.120487  -0.056965  -0.120487  0.279154  0.0889945  -0.056965  0.0889945  0.164743
0.302783  -0.12007  -0.0566329  -0.12007  0.278867  0.0887548  -0.0566329  0.0887548  0.164704
0.302768  -0.120041  -0.0566185  -0.120041  0.278847  0.0887421  -0.0566185  0.0887421  0.164703
0.302675  -0.119812  -0.0566006  -0.119812  0.278665  0.0886765  -0.0566006  0.0886765  0.164724
0.302449  -0.119403  -0.0562585  -0.119403  0.278348  0.0884122  -0.0562585  0.0884122  0.164673
0.302299  -0.11915  -0.0560367  -0.11915  0.278175  0.0882571  -0.0560367  0.0882571  0.164645
0.302284  -0.119122  -0.0560226  -0.119122  0.278155  0.0882446  -0.0560226  0.0882446  0.164645
0.302072  -0.118552  -0.0559427  -0.118552  0.277661  0.0880373  -0.0559427  0.0880373  0.164676
0.302058  -0.118524  -0.0559286  -0.118524  0.277641  0.0880249  -0.0559286  0.0880249  0.164676
0.301836  -0.118198  -0.0555483  -0.118198  0.277456  0.0878011  -0.0555483  0.0878011  0.164626
0.301819  -0.118164  -0.0555179  -0.118164  0.277427  0.0877763  -0.0555179  0.0877763  0.16462
0.301609  -0.117652  -0.0553708  -0.117652  0.27701  0.0875684  -0.0553708  0.0875684  0.164635
0.301596  -0.117612  -0.0553778  -0.117612  0.276979  0.0875617  -0.0553778  0.0875617  0.164642
0.301377  -0.117242  -0.0550312  -0.117242  0.276742  0.0873329  -0.0550312  0.0873329  0.164605
0.30135  -0.117199  -0.0549828  -0.117199  0.276716  0.0873031  -0.0549828  0.0873031  0.164599
0.301265  -0.117047  -0.0548261  -0.117047  0.276606  0.0871945  -0.0548261  0.0871945  0.164576
0.301035  -0.116414  -0.054726  -0.116414  0.276081  0.0869683  -0.054726  0.0869683  0.164616
0.301022  -0.116387  -0.0547124  -0.116387  0.276062  0.0869563  -0.0547124  0.0869563  0.164617
0.300807  -0.116033  -0.0542807  -0.116033  0.275827  0.0866842  -0.0542807  0.0866842  0.164555
0.300792  -0.116  -0.0542511  -0.116  0.275799  0.0866601  -0.0542511  0.0866601  0.16455
0.300588  -0.115457  -0.0541009  -0.115457  0.275358  0.0864394  -0.0541009  0.0864394  0.164572
0.300576  -0.115418  -0.054108  -0.115418  0.275328  0.0864329  -0.054108  0.0864329  0.164579
0.300377  -0.115019  -0.053749  -0.115019  0.27503  0.0861671  -0.053749  0.0861671  0.164537
0.30035  -0.114973  -0.0536858  -0.114973  0.274996  0.0861263  -0.0536858  0.0861263  0.164527
0.300273  -0.114813  -0.0535535  -0.114813  0.274879  0.0860265  -0.0535535  0.0860265  0.164515
0.300088  -0.114221  -0.0535107  -0.114221  0.274378  0.0858284  -0.0535107  0.0858284  0.164565
0.300075  -0.114177  -0.053502  -0.114177  0.274339  0.08581  -0.053502  0.08581  0.164567
0.299908  -0.113882  -0.0530767  -0.113882  0.274122  0.0855393  -0.0530767  0.0855393  0.1645
0.299883  -0.113836  -0.0530143  -0.113836  0.274088  0.0854992  -0.0530143  0.0854992  0.16449
0.29982  -0.113665  -0.052942  -0.113665  0.273948  0.0854163  -0.052942  0.0854163  0.164492
0.299662  -0.113146  -0.0529212  -0.113146  0.273526  0.0852574  -0.0529212  0.0852574  0.164545
0.299649  -0.113115  -0.0528924  -0.113115  0.273499  0.0852341  -0.0528924  0.0852341  0.164541
0.299494  -0.112855  -0.052447  -0.112855  0.273318  0.0849694  -0.052447  0.0849694  0.164472
0.299483  -0.112828  -0.0524341  -0.112828  0.273301  0.084958  -0.0524341  0.084958  0.164473
0.299432  -0.112656  -0.0524006  -0.112656  0.273149  0.084886  -0.0524006  0.084886  0.164481
0.299307  -0.112173  -0.0523169  -0.112173  0.272691  0.084668  -0.0523169  0.084668  0.164497
0.299298  -0.112164  -0.0522996  -0.112164  0.272694  0.0846633  -0.0522996  0.0846633  0.164497
0.299163  -0.111887  -0.0518868  -0.111887  0.272461  0.0843873  -0.0518868  0.0843873  0.16443
0.299153  -0.111861  -0.0518741  -0.111861  0.272444  0.0843761  -0.0518741  0.0843761  0.164431
0.299054  -0.11141  -0.0518577  -0.11141  0.272004  0.0841926  -0.0518577  0.0841926  0.164458
0.299045  -0.111401  -0.0518405  -0.111401  0.272007  0.084188  -0.0518405  0.084188  0.164458
0.298936  -0.111166  -0.0514762  -0.111166  0.271801  0.0839423  -0.0514762  0.0839423  0.164397
0.298927  -0.111158  -0.0514591  -0.111158  0.271804  0.0839377  -0.0514591  0.0839377  0.164397
0.298895  -0.110996  -0.0514303  -0.110996  0.271633  0.0838535  -0.0514303  0.0838535  0.164398
0.298804  -0.110583  -0.0514059  -0.110583  0.271239  0.0836848  -0.0514059  0.0836848  0.164423
0.2988  -0.110561  -0.051395  -0.110561  0.271211  0.0836669  -0.051395  0.0836669  0.16442
0.298711  -0.110366  -0.0510127  -0.110366  0.271015  0.0834122  -0.0510127  0.0834122  0.164347
0.298703  -0.110357  -0.0509957  -0.110357  0.271018  0.0834078  -0.0509957  0.0834078  0.164348
0.298627  -0.109926  -0.051  -0.109926  0.270574  0.0832251  -0.051  0.0832251  0.164371
0.298614  -0.10988  -0.0509768  -0.10988  0.270529  0.0831965  -0.0509768  0.0831965  0.164369
0.298588  -0.109806  -0.0508755  -0.109806  0.270453  0.0831185  -0.0508755  0.0831185  0.164351
0.298512  -0.109614  -0.0505482  -0.109614  0.270255  0.0828873  -0.0505482  0.0828873  0.164291
0.298509  -0.109592  -0.0505375  -0.109592  0.270227  0.0828696  -0.0505375  0.0828696  0.164288
0.298447  -0.10923  -0.0505109  -0.10923  0.269845  0.0826964  -0.0505109  0.0826964  0.164299
0.298444  -0.109209  -0.0505002  -0.109209  0.269817  0.0826788  -0.0505002  0.0826788  0.164296
0.298387  -0.109075  -0.0501644  -0.109075  0.269655  0.0824553  -0.0501644  0.0824553  0.164226
0.298383  -0.109049  -0.0501387  -0.109049  0.269618  0.0824267  -0.0501387  0.0824267  0.164219
0.29834  -0.108734  -0.050122  -0.108734  0.269263  0.0822649  -0.050122  0.0822649  0.164224
0.298306  -0.10857  -0.0500146  -0.10857  0.269076  0.0821345  -0.0500146  0.0821345  0.164205
0.298306  -0.108581  -0.049995  -0.108581  0.269086  0.0821299  -0.049995  0.0821299  0.1642
0.298288  -0.108536  -0.0498576  -0.108536  0.269021  0.0820376  -0.0498576  0.0820376  0.164169
0.298249  -0.108279  -0.049793  -0.108279  0.268728  0.0818804  -0.049793  0.0818804  0.164161
0.298226  -0.108133  -0.049733  -0.108133  0.268556  0.0817769  -0.049733  0.0817769  0.16415
0.298225  -0.108128  -0.0497179  -0.108128  0.268547  0.081766  -0.0497179  0.081766  0.164146
0.298192  -0.108036  -0.0494939  -0.108036  0.268425  0.0816094  -0.0494939  0.0816094  0.164099
0.298191  -0.108032  -0.0494789  -0.108032  0.268416  0.0815985  -0.0494789  0.0815985  0.164095
0.298169  -0.107773  -0.0495022  -0.107773  0.268106  0.0814705  -0.0495022  0.0814705  0.1641
0.298167  -0.107756  -0.0495068  -0.107756  0.268087  0.0814641  -0.0495068  0.0814641  0.164102
0.298139  -0.107683  -0.0492161  -0.107683  0.267957  0.0812709  -0.0492161  0.0812709  0.164033
0.298137  -0.107674  -0.0491862  -0.107674  0.267941  0.0812493  -0.0491862  0.0812493  0.164026
0.298118  -0.107448  -0.0492005  -0.107448  0.26767  0.0811346  -0.0492005  0.0811346  0.164029
0.298113  -0.107395  -0.0491993  -0.107395  0.267605  0.0811048  -0.0491993  0.0811048  0.164029
0.298107  -0.107337  -0.049183  -0.107337  0.267532  0.0810642  -0.049183  0.0810642  0.164025
0.298095  -0.107308  -0.0489023  -0.107308  0.267425  0.0808822  -0.0489023  0.0808822  0.16395
0.298095  -0.107308  -0.0489023  -0.107308  0.267425  0.0808822  -0.0489023  0.0808822  0.16395
0.298085  -0.107033  -0.0489679  -0.107033  0.267075  0.0807508  -0.0489679  0.0807508  0.163957
0.298083  -0.107012  -0.0489575  -0.107012  0.267048  0.0807337  -0.0489575  0.0807337  0.163954
0.298072  -0.106988  -0.0486924  -0.106988  0.266949  0.0805634  -0.0486924  0.0805634  0.163884
0.298071  -0.106984  -0.0486776  -0.106984  0.266941  0.0805527  -0.0486776  0.0805527  0.163881
0.298069  -0.106909  -0.0486527  -0.106909  0.266829  0.0804887  -0.0486527  0.0804887  0.16387
0.29807  -0.106691  -0.0487209  -0.106691  0.266533  0.0803805  -0.0487209  0.0803805  0.163872
0.298068  -0.106687  -0.0487061  -0.106687  0.266525  0.0803699  -0.0487061  0.0803699  0.163868
0.298058  -0.106674  -0.0484223  -0.106674  0.266437  0.0801962  -0.0484223  0.0801962  0.163795
0.29806  -0.106641  -0.0484181  -0.106641  0.26638  0.0801662  -0.0484181  0.0801662  0.16379
0.298054  -0.106544  -0.0484454  -0.106544  0.266269  0.0801288  -0.0484454  0.0801288  0.163796
0.298056  -0.10639  -0.0484315  -0.10639  0.266033  0.0800097  -0.0484315  0.0800097  0.163778
0.298056  -0.106402  -0.0484121  -0.106402  0.266044  0.0800054  -0.0484121  0.0800054  0.163774
0.298045  -0.106327  -0.0482111  -0.106327  0.265897  0.079844  -0.0482111  0.079844  0.163722
0.298043  -0.106294  -0.0482202  -0.106294  0.265861  0.0798315  -0.0482202  0.0798315  0.163724
0.298038  -0.10611  -0.0482288  -0.10611  0.26561  0.0797178  -0.0482288  0.0797178  0.163716
0.298041  -0.106104  -0.0482007  -0.106104  0.265581  0.0796899  -0.0482007  0.0796899  0.163705
0.298036  -0.106094  -0.0481076  -0.106094  0.26555  0.0796328  -0.0481076  0.0796328  0.163683
0.298026  -0.105965  -0.0480184  -0.105965  0.265362  0.0795046  -0.0480184  0.0795046  0.163658
0.298024  -0.105933  -0.0480275  -0.105933  0.265326  0.0794922  -0.0480275  0.0794922  0.16366
0.298017  -0.105824  -0.0479485  -0.105824  0.265165  0.0793809  -0.0479485  0.0793809  0.163637
0.298016  -0.10582  -0.0479338  -0.10582  0.265157  0.0793704  -0.0479338  0.0793704  0.163634
0.298007  -0.105719  -0.047821  -0.105719  0.264998  0.0792445  -0.047821  0.0792445  0.163604
0.298006  -0.105703  -0.0478255  -0.105703  0.26498  0.0792383  -0.0478255  0.0792383  0.163605
0.297999  -0.105572  -0.0477853  -0.105572  0.2648  0.0791361  -0.0477853  0.0791361  0.163591
0.297999  -0.105572  -0.0477853  -0.105572  0.2648  0.0791361  -0.0477853  0.0791361  0.163591
0.297986  -0.105496  -0.0476476  -0.105496  0.264682  0.0790193  -0.0476476  0.0790193  0.16356
0.297985  -0.10548  -0.0476521  -0.10548  0.264664  0.0790132  -0.0476521  0.0790132  0.163561
0.297984  -0.105344  -0.0476473  -0.105344  0.264471  0.0789191  -0.0476473  0.0789191  0.163551
0.297983  -0.10534  -0.0476326  -0.10534  0.264463  0.0789087  -0.0476326  0.0789087  0.163548
0.297971  -0.105276  -0.047476  -0.105276  0.264356  0.0787881  -0.047476  0.0787881  0.163513
0.29797  -0.105271  -0.0474613  -0.105271  0.264348  0.0787777  -0.0474613  0.0787777  0.16351
0.297962  -0.105101  -0.0474643  -0.105101  0.264131  0.0786785  -0.0474643  0.0786785  0.163506
0.297961  -0.105085  -0.0474688  -0.105085  0.264113  0.0786724  -0.0474688  0.0786724  0.163507
0.297957  -0.105068  -0.0474103  -0.105068  0.264081  0.0786309  -0.0474103  0.0786309  0.163494
0.297947  -0.105013  -0.0472833  -0.105013  0.26399  0.0785316  -0.0472833  0.0785316  0.163466
0.29795  -0.104995  -0.0472746  -0.104995  0.263952  0.0785084  -0.0472746  0.0785084  0.16346
0.297944  -0.104846  -0.0472877  -0.104846  0.263762  0.078426  -0.0472877  0.078426  0.163459
0.297943  -0.104842  -0.0472731  -0.104842  0.263754  0.0784156  -0.0472731  0.0784156  0.163455
0.297936  -0.104819  -0.0471372  -0.104819  0.2637  0.0783289  -0.0471372  0.0783289  0.163426
0.297934  -0.104798  -0.0471272  -0.104798  0.263674  0.0783125  -0.0471272  0.0783125  0.163424
0.29793  -0.104758  -0.0471071  -0.104758  0.263622  0.0782797  -0.0471071  0.0782797  0.163419
0.29793  -0.104662  -0.0470597  -0.104662  0.263468  0.0781843  -0.0470597  0.0781843  0.1634
0.297929  -0.104658  -0.0470451  -0.104658  0.26346  0.078174  -0.0470451  0.078174  0.163397
0.297927  -0.104657  -0.0469824  -0.104657  0.263446  0.078139  -0.0469824  0.078139  0.163383
0.297923  -0.104563  -0.0469482  -0.104563  0.263313  0.0780608  -0.0469482  0.0780608  0.163372
0.297922  -0.104558  -0.0469337  -0.104558  0.263305  0.0780505  -0.0469337  0.0780505  0.163369
0.297925  -0.104518  -0.0468391  -0.104518  0.263207  0.0779592  -0.0468391  0.0779592  0.163339
0.297924  -0.104514  -0.0468246  -0.104514  0.263199  0.077949  -0.0468246  0.077949  0.163336
0.297922  -0.104448  -0.0467669  -0.104448  0.263094  0.0778729  -0.0467669  0.0778729  0.163319
0.29792  -0.104427  -0.0467569  -0.104427  0.263068  0.0778566  -0.0467569  0.0778566  0.163317
0.297917  -0.104373  -0.0466802  -0.104373  0.262973  0.0777764  -0.0466802  0.0777764  0.163297
0.297916  -0.104368  -0.0466657  -0.104368  0.262965  0.0777662  -0.0466657  0.0777662  0.163293
0.297918  -0.104312  -0.0465759  -0.104312  0.26285  0.0776692  -0.0465759  0.0776692  0.163265
