0.347534  -0.163683  -0.0612756  -0.163683  0.289969  0.0853822  -0.0612756  0.0853822  0.156508
0.347534  -0.163683  -0.0612756  -0.163683  0.289969  0.0853822  -0.0612756  0.0853822  0.156508
0.347567  -0.163717  -0.061272  -0.163717  0.289989  0.0853805  -0.061272  0.0853805  0.156503
0.347567  -0.163717  -0.061272  -0.163717  0.289989  0.0853805  -0.061272  0.0853805  0.156503
0.347592  -0.163757  -0.0612894  -0.163757  0.290036  0.0854032  -0.0612894  0.0854032  0.15651
0.347614  -0.163763  -0.0612907  -0.163763  0.290023  0.085395  -0.0612907  0.085395  0.156506
0.347614  -0.163763  -0.0612907  -0.163763  0.290023  0.085395  -0.0612907  0.085395  0.156506
0.34766  -0.16381  -0.0613094  -0.16381  0.290056  0.0854094  -0.0613094  0.0854094  0.156508
0.347707  -0.163856  -0.061328  -0.163856  0.29009  0.0854239  -0.061328  0.0854239  0.15651
0.347707  -0.163856  -0.061328  -0.163856  0.29009  0.0854239  -0.061328  0.0854239  0.15651
0.347762  -0.163897  -0.0613257  -0.163897  0.290098  0.0854141  -0.0613257  0.0854141  0.156502
0.347762  -0.163897  -0.0613257  -0.163897  0.290098  0.0854141  -0.0613257  0.0854141  0.156502
0.34783  -0.163949  -0.0613457  -0.163949  0.290118  0.0854204  -0.0613457  0.0854204  0.1565
0.347863  -0.163984  -0.0613421  -0.163984  0.290139  0.0854187  -0.0613421  0.0854187  0.156496
0.347885  -0.16399  -0.0613433  -0.16399  0.290126  0.0854106  -0.0613433  0.0854106  0.156492
0.347927  -0.164018  -0.0613187  -0.164018  0.29012  0.0853846  -0.0613187  0.0853846  0.156477
0.347982  -0.164059  -0.0613163  -0.164059  0.290127  0.0853747  -0.0613163  0.0853747  0.156468
0.347982  -0.164059  -0.0613163  -0.164059  0.290127  0.0853747  -0.0613163  0.0853747  0.156468
0.348051  -0.164112  -0.0613363  -0.164112  0.290148  0.085381  -0.0613363  0.085381  0.156467
0.348072  -0.164118  -0.0613376  -0.164118  0.290135  0.0853729  -0.0613376  0.0853729  0.156463
0.348139  -0.164187  -0.0613303  -0.164187  0.290176  0.0853695  -0.0613303  0.0853695  0.156454
0.34823  -0.164245  -0.0613516  -0.164245  0.290184  0.0853676  -0.0613516  0.0853676  0.156448
0.34823  -0.164245  -0.0613516  -0.164245  0.290184  0.0853676  -0.0613516  0.0853676  0.156448
0.348332  -0.164333  -0.0613679  -0.164333  0.290226  0.0853723  -0.0613679  0.0853723  0.156442
0.348332  -0.164333  -0.0613679  -0.164333  0.290226  0.0853723  -0.0613679  0.0853723  0.156442
0.348422  -0.164392  -0.0613892  -0.164392  0.290234  0.0853704  -0.0613892  0.0853704  0.156437
0.348422  -0.164392  -0.0613892  -0.164392  0.290234  0.0853704  -0.0613892  0.0853704  0.156437
0.348534  -0.164473  -0.0613845  -0.164473  0.290249  0.0853507  -0.0613845  0.0853507  0.15642
0.348589  -0.164514  -0.0613821  -0.164514  0.290256  0.0853408  -0.0613821  0.0853408  0.156412
0.348589  -0.164514  -0.0613821  -0.164514  0.290256  0.0853408  -0.0613821  0.0853408  0.156412
0.348667  -0.164561  -0.061381  -0.164561  0.290251  0.0853228  -0.061381  0.0853228  0.156399
0.348667  -0.164561  -0.061381  -0.164561  0.290251  0.0853228  -0.061381  0.0853228  0.156399
0.348744  -0.164607  -0.0613799  -0.164607  0.290245  0.0853047  -0.0613799  0.0853047  0.156387
0.348753  -0.164601  -0.0613587  -0.164601  0.290219  0.0852803  -0.0613587  0.0852803  0.156376
0.348753  -0.164601  -0.0613587  -0.164601  0.290219  0.0852803  -0.0613587  0.0852803  0.156376
0.34883  -0.164648  -0.0613576  -0.164648  0.290214  0.0852623  -0.0613576  0.0852623  0.156364
0.34883  -0.164648  -0.0613576  -0.164648  0.290214  0.0852623  -0.0613576  0.0852623  0.156364
0.348886  -0.164689  -0.0613552  -0.164689  0.290221  0.0852524  -0.0613552  0.0852524  0.156356
0.34892  -0.164724  -0.0613515  -0.164724  0.290242  0.0852507  -0.0613515  0.0852507  0.156351
0.348942  -0.16473  -0.0613527  -0.16473  0.290229  0.0852425  -0.0613527  0.0852425  0.156347
0.349011  -0.164783  -0.0613728  -0.164783  0.29025  0.0852488  -0.0613728  0.0852488  0.156346
0.349011  -0.164783  -0.0613728  -0.164783  0.29025  0.0852488  -0.0613728  0.0852488  0.156346
0.349067  -0.164824  -0.0613703  -0.164824  0.290257  0.0852389  -0.0613703  0.0852389  0.156337
0.349089  -0.16483  -0.0613716  -0.16483  0.290244  0.0852307  -0.0613716  0.0852307  0.156334
0.349089  -0.16483  -0.0613716  -0.16483  0.290244  0.0852307  -0.0613716  0.0852307  0.156334
0.349158  -0.164883  -0.0613916  -0.164883  0.290266  0.085237  -0.0613916  0.085237  0.156332
0.349158  -0.164883  -0.0613916  -0.164883  0.290266  0.085237  -0.0613916  0.085237  0.156332
0.349202  -0.164895  -0.0613941  -0.164895  0.29024  0.0852206  -0.0613941  0.0852206  0.156324
0.349258  -0.164936  -0.0613917  -0.164936  0.290247  0.0852107  -0.0613917  0.0852107  0.156316
0.349258  -0.164936  -0.0613917  -0.164936  0.290247  0.0852107  -0.0613917  0.0852107  0.156316
0.349302  -0.164948  -0.0613942  -0.164948  0.290221  0.0851943  -0.0613942  0.0851943  0.156308
0.349302  -0.164948  -0.0613942  -0.164948  0.290221  0.0851943  -0.0613942  0.0851943  0.156308
0.349324  -0.164954  -0.0613954  -0.164954  0.290208  0.0851861  -0.0613954  0.0851861  0.156304
0.349368  -0.164967  -0.0613979  -0.164967  0.290182  0.0851697  -0.0613979  0.0851697  0.156297
0.349368  -0.164967  -0.0613979  -0.164967  0.290182  0.0851697  -0.0613979  0.0851697  0.156297
0.34939  -0.164973  -0.0613991  -0.164973  0.290169  0.0851615  -0.0613991  0.0851615  0.156293
0.34939  -0.164973  -0.0613991  -0.164973  0.290169  0.0851615  -0.0613991  0.0851615  0.156293
0.349447  -0.165014  -0.0613967  -0.165014  0.290177  0.0851516  -0.0613967  0.0851516  0.156284
0.349482  -0.165032  -0.0614204  -0.165032  0.290178  0.0851596  -0.0614204  0.0851596  0.156287
0.349482  -0.165032  -0.0614204  -0.165032  0.290178  0.0851596  -0.0614204  0.0851596  0.156287
0.349526  -0.165044  -0.0614229  -0.165044  0.290152  0.0851432  -0.0614229  0.0851432  0.15628
0.349526  -0.165044  -0.0614229  -0.165044  0.290152  0.0851432  -0.0614229  0.0851432  0.15628
0.349584  -0.165069  -0.0614479  -0.165069  0.290139  0.085143  -0.0614479  0.085143  0.156279
0.349584  -0.165069  -0.0614479  -0.165069  0.290139  0.085143  -0.0614479  0.085143  0.156279
0.349628  -0.165081  -0.0614503  -0.165081  0.290113  0.0851266  -0.0614503  0.0851266  0.156271
0.34965  -0.165087  -0.0614516  -0.165087  0.2901  0.0851184  -0.0614516  0.0851184  0.156267
0.34965  -0.165087  -0.0614516  -0.165087  0.2901  0.0851184  -0.0614516  0.0851184  0.156267
0.349672  -0.165093  -0.0614528  -0.165093  0.290087  0.0851102  -0.0614528  0.0851102  0.156263
0.349672  -0.165093  -0.0614528  -0.165093  0.290087  0.0851102  -0.0614528  0.0851102  0.156263
0.349694  -0.165099  -0.0614541  -0.165099  0.290074  0.085102  -0.0614541  0.085102  0.15626
0.349716  -0.165106  -0.0614553  -0.165106  0.290061  0.0850938  -0.0614553  0.0850938  0.156256
0.349716  -0.165106  -0.0614553  -0.165106  0.290061  0.0850938  -0.0614553  0.0850938  0.156256
0.349739  -0.165112  -0.0614565  -0.165112  0.290048  0.0850856  -0.0614565  0.0850856  0.156252
0.349739  -0.165112  -0.0614565  -0.165112  0.290048  0.0850856  -0.0614565  0.0850856  0.156252
0.349774  -0.16513  -0.0614803  -0.16513  0.290049  0.0850936  -0.0614803  0.0850936  0.156255
0.349774  -0.16513  -0.0614803  -0.16513  0.290049  0.0850936  -0.0614803  0.0850936  0.156255
0.349774  -0.16513  -0.0614803  -0.16513  0.290049  0.0850936  -0.0614803  0.0850936  0.156255
0.349774  -0.16513  -0.0614803  -0.16513  0.290049  0.0850936  -0.0614803  0.0850936  0.156255
0.349774  -0.16513  -0.0614803  -0.16513  0.290049  0.0850936  -0.0614803  0.0850936  0.156255
0.349784  -0.165108  -0.0614864  -0.165108  0.290002  0.085079  -0.0614864  0.085079  0.156252
0.349784  -0.165108  -0.0614864  -0.165108  0.290002  0.085079  -0.0614864  0.085079  0.156252
0.349784  -0.165108  -0.0614864  -0.165108  0.290002  0.085079  -0.0614864  0.085079  0.156252
0.349798  -0.16512  -0.0615089  -0.16512  0.290016  0.0850952  -0.0615089  0.0850952  0.156259
0.349798  -0.16512  -0.0615089  -0.16512  0.290016  0.0850952  -0.0615089  0.0850952  0.156259
0.349776  -0.165114  -0.0615077  -0.165114  0.290029  0.0851034  -0.0615077  0.0851034  0.156262
0.349776  -0.165114  -0.0615077  -0.165114  0.290029  0.0851034  -0.0615077  0.0851034  0.156262
0.349789  -0.165126  -0.0615302  -0.165126  0.290043  0.0851196  -0.0615302  0.0851196  0.156269
0.349789  -0.165126  -0.0615302  -0.165126  0.290043  0.0851196  -0.0615302  0.0851196  0.156269
0.349789  -0.165126  -0.0615302  -0.165126  0.290043  0.0851196  -0.0615302  0.0851196  0.156269
0.34978  -0.165132  -0.0615515  -0.165132  0.290069  0.085144  -0.0615515  0.085144  0.15628
0.34978  -0.165132  -0.0615515  -0.165132  0.290069  0.085144  -0.0615515  0.085144  0.15628
0.349794  -0.165145  -0.061574  -0.165145  0.290083  0.0851602  -0.061574  0.0851602  0.156287
0.349794  -0.165145  -0.061574  -0.165145  0.290083  0.0851602  -0.061574  0.0851602  0.156287
0.349794  -0.165145  -0.061574  -0.165145  0.290083  0.0851602  -0.061574  0.0851602  0.156287
0.349794  -0.165145  -0.061574  -0.165145  0.290083  0.0851602  -0.061574  0.0851602  0.156287
0.349794  -0.165145  -0.061574  -0.165145  0.290083  0.0851602  -0.061574  0.0851602  0.156287
0.349794  -0.165145  -0.061574  -0.165145  0.290083  0.0851602  -0.061574  0.0851602  0.156287
0.349807  -0.165157  -0.0615965  -0.165157  0.290096  0.0851764  -0.0615965  0.0851764  0.156294
0.349807  -0.165157  -0.0615965  -0.165157  0.290096  0.0851764  -0.0615965  0.0851764  0.156294
0.349821  -0.165169  -0.0616191  -0.165169  0.29011  0.0851927  -0.0616191  0.0851927  0.156301
0.349834  -0.165181  -0.0616416  -0.165181  0.290123  0.0852089  -0.0616416  0.0852089  0.156308
0.349834  -0.165181  -0.0616416  -0.165181  0.290123  0.0852089  -0.0616416  0.0852089  0.156308
0.349861  -0.165206  -0.0616867  -0.165206  0.29015  0.0852414  -0.0616867  0.0852414  0.156322
0.349861  -0.165206  -0.0616867  -0.165206  0.29015  0.0852414  -0.0616867  0.0852414  0.156322
0.349887  -0.165247  -0.0617043  -0.165247  0.290197  0.0852641  -0.0617043  0.0852641  0.156328
0.349901  -0.165259  -0.0617269  -0.165259  0.290211  0.0852804  -0.0617269  0.0852804  0.156335
0.349901  -0.165259  -0.0617269  -0.165259  0.290211  0.0852804  -0.0617269  0.0852804  0.156335
0.349902  -0.165243  -0.0617543  -0.165243  0.290191  0.0852901  -0.0617543  0.0852901  0.156343
0.349902  -0.165243  -0.0617543  -0.165243  0.290191  0.0852901  -0.0617543  0.0852901  0.156343
0.349902  -0.165243  -0.0617543  -0.165243  0.290191  0.0852901  -0.0617543  0.0852901  0.156343
0.349902  -0.165243  -0.0617543  -0.165243  0.290191  0.0852901  -0.0617543  0.0852901  0.156343
0.349902  -0.165243  -0.0617543  -0.165243  0.290191  0.0852901  -0.0617543  0.0852901  0.156343
0.349902  -0.165243  -0.0617543  -0.165243  0.290191  0.0852901  -0.0617543  0.0852901  0.156343
0.349902  -0.165243  -0.0617543  -0.165243  0.290191  0.0852901  -0.0617543  0.0852901  0.156343
0.34989  -0.165214  -0.0617592  -0.165214  0.290157  0.0852836  -0.0617592  0.0852836  0.156344
0.349868  -0.165208  -0.061758  -0.165208  0.29017  0.0852918  -0.061758  0.0852918  0.156347
0.349868  -0.165208  -0.061758  -0.165208  0.29017  0.0852918  -0.061758  0.0852918  0.156347
0.349881  -0.165221  -0.0617805  -0.165221  0.290184  0.0853081  -0.0617805  0.0853081  0.156354
0.349881  -0.165221  -0.0617805  -0.165221  0.290184  0.0853081  -0.0617805  0.0853081  0.156354
0.349881  -0.165221  -0.0617805  -0.165221  0.290184  0.0853081  -0.0617805  0.0853081  0.156354
0.349873  -0.165227  -0.0618018  -0.165227  0.29021  0.0853325  -0.0618018  0.0853325  0.156365
0.349873  -0.165227  -0.0618018  -0.165227  0.29021  0.0853325  -0.0618018  0.0853325  0.156365
0.349886  -0.165239  -0.0618244  -0.165239  0.290224  0.0853488  -0.0618244  0.0853488  0.156372
0.349886  -0.165239  -0.0618244  -0.165239  0.290224  0.0853488  -0.0618244  0.0853488  0.156372
0.349925  -0.165292  -0.0618646  -0.165292  0.290285  0.0853878  -0.0618646  0.0853878  0.156386
0.349917  -0.165298  -0.0618859  -0.165298  0.290311  0.0854123  -0.0618859  0.0854123  0.156397
0.349917  -0.165298  -0.0618859  -0.165298  0.290311  0.0854123  -0.0618859  0.0854123  0.156397
0.34993  -0.165311  -0.0619085  -0.165311  0.290325  0.0854286  -0.0619085  0.0854286  0.156404
0.34993  -0.165311  -0.0619085  -0.165311  0.290325  0.0854286  -0.0619085  0.0854286  0.156404
0.349921  -0.165317  -0.0619298  -0.165317  0.290351  0.085453  -0.0619298  0.085453  0.156414
0.349935  -0.165329  -0.0619524  -0.165329  0.290365  0.0854693  -0.0619524  0.0854693  0.156421
0.349913  -0.165323  -0.0619511  -0.165323  0.290378  0.0854775  -0.0619511  0.0854775  0.156425
0.349926  -0.165335  -0.0619737  -0.165335  0.290392  0.0854938  -0.0619737  0.0854938  0.156432
0.349926  -0.165335  -0.0619737  -0.165335  0.290392  0.0854938  -0.0619737  0.0854938  0.156432
0.349916  -0.165358  -0.0619675  -0.165358  0.290438  0.0855085  -0.0619675  0.0855085  0.156436
0.34993  -0.16537  -0.0619901  -0.16537  0.290452  0.0855248  -0.0619901  0.0855248  0.156443
0.34993  -0.16537  -0.0619901  -0.16537  0.290452  0.0855248  -0.0619901  0.0855248  0.156443
0.349921  -0.165376  -0.0620114  -0.165376  0.290478  0.0855493  -0.0620114  0.0855493  0.156454
0.349921  -0.165376  -0.0620114  -0.165376  0.290478  0.0855493  -0.0620114  0.0855493  0.156454
0.349947  -0.165417  -0.0620292  -0.165417  0.290526  0.0855721  -0.0620292  0.0855721  0.15646
0.349947  -0.165417  -0.0620292  -0.165417  0.290526  0.0855721  -0.0620292  0.0855721  0.15646
0.349974  -0.165442  -0.0620744  -0.165442  0.290553  0.0856047  -0.0620744  0.0856047  0.156474
0.349986  -0.165471  -0.0620695  -0.165471  0.290586  0.0856113  -0.0620695  0.0856113  0.156473
0.349999  -0.165483  -0.0620921  -0.165483  0.2906  0.0856276  -0.0620921  0.0856276  0.15648
0.349999  -0.165483  -0.0620921  -0.165483  0.2906  0.0856276  -0.0620921  0.0856276  0.15648
0.350013  -0.165495  -0.0621147  -0.165495  0.290614  0.0856439  -0.0621147  0.0856439  0.156488
0.349991  -0.165489  -0.0621134  -0.165489  0.290627  0.0856521  -0.0621134  0.0856521  0.156491
0.350004  -0.165502  -0.062136  -0.165502  0.29064  0.0856684  -0.062136  0.0856684  0.156498
0.350004  -0.165502  -0.062136  -0.165502  0.29064  0.0856684  -0.062136  0.0856684  0.156498
0.350016  -0.16553  -0.0621311  -0.16553  0.290674  0.085675  -0.0621311  0.085675  0.156498
0.350016  -0.16553  -0.0621311  -0.16553  0.290674  0.085675  -0.0621311  0.085675  0.156498
0.350016  -0.16553  -0.0621311  -0.16553  0.290674  0.085675  -0.0621311  0.085675  0.156498
0.350008  -0.165536  -0.0621525  -0.165536  0.2907  0.0856995  -0.0621525  0.0856995  0.156509
0.350008  -0.165536  -0.0621525  -0.165536  0.2907  0.0856995  -0.0621525  0.0856995  0.156509
0.350008  -0.165536  -0.0621525  -0.165536  0.2907  0.0856995  -0.0621525  0.0856995  0.156509
0.350008  -0.165536  -0.0621525  -0.165536  0.2907  0.0856995  -0.0621525  0.0856995  0.156509
0.350008  -0.165536  -0.0621525  -0.165536  0.2907  0.0856995  -0.0621525  0.0856995  0.156509
0.350008  -0.165536  -0.0621525  -0.165536  0.2907  0.0856995  -0.0621525  0.0856995  0.156509
0.35002  -0.165565  -0.0621476  -0.165565  0.290734  0.0857061  -0.0621476  0.0857061  0.156508
0.35002  -0.165565  -0.0621476  -0.165565  0.290734  0.0857061  -0.0621476  0.0857061  0.156508
0.350055  -0.165584  -0.0621715  -0.165584  0.290735  0.0857142  -0.0621715  0.0857142  0.156511
0.350055  -0.165584  -0.0621715  -0.165584  0.290735  0.0857142  -0.0621715  0.0857142  0.156511
0.350055  -0.165584  -0.0621715  -0.165584  0.290735  0.0857142  -0.0621715  0.0857142  0.156511
0.350055  -0.165584  -0.0621715  -0.165584  0.290735  0.0857142  -0.0621715  0.0857142  0.156511
0.350055  -0.165584  -0.0621715  -0.165584  0.290735  0.0857142  -0.0621715  0.0857142  0.156511
0.350043  -0.165555  -0.0621764  -0.165555  0.290701  0.0857076  -0.0621764  0.0857076  0.156512
0.35003  -0.165543  -0.0621538  -0.165543  0.290687  0.0856913  -0.0621538  0.0856913  0.156505
0.35003  -0.165543  -0.0621538  -0.165543  0.290687  0.0856913  -0.0621538  0.0856913  0.156505
0.35003  -0.165543  -0.0621538  -0.165543  0.290687  0.0856913  -0.0621538  0.0856913  0.156505
0.35003  -0.165543  -0.0621538  -0.165543  0.290687  0.0856913  -0.0621538  0.0856913  0.156505
0.35003  -0.165543  -0.0621538  -0.165543  0.290687  0.0856913  -0.0621538  0.0856913  0.156505
0.35003  -0.165543  -0.0621538  -0.165543  0.290687  0.0856913  -0.0621538  0.0856913  0.156505
0.35003  -0.165543  -0.0621538  -0.165543  0.290687  0.0856913  -0.0621538  0.0856913  0.156505
0.350043  -0.165555  -0.0621764  -0.165555  0.290701  0.0857076  -0.0621764  0.0857076  0.156512
0.350043  -0.165555  -0.0621764  -0.165555  0.290701  0.0857076  -0.0621764  0.0857076  0.156512
0.350043  -0.165555  -0.0621764  -0.165555  0.290701  0.0857076  -0.0621764  0.0857076  0.156512
0.350043  -0.165555  -0.0621764  -0.165555  0.290701  0.0857076  -0.0621764  0.0857076  0.156512
0.350043  -0.165555  -0.0621764  -0.165555  0.290701  0.0857076  -0.0621764  0.0857076  0.156512
0.350043  -0.165555  -0.0621764  -0.165555  0.290701  0.0857076  -0.0621764  0.0857076  0.156512
0.350043  -0.165555  -0.0621764  -0.165555  0.290701  0.0857076  -0.0621764  0.0857076  0.156512
0.350043  -0.165555  -0.0621764  -0.165555  0.290701  0.0857076  -0.0621764  0.0857076  0.156512
0.350043  -0.165555  -0.0621764  -0.165555  0.290701  0.0857076  -0.0621764  0.0857076  0.156512
0.350057  -0.165567  -0.062199  -0.165567  0.290715  0.085724  -0.062199  0.085724  0.156519
0.350069  -0.165596  -0.0621941  -0.165596  0.290748  0.0857305  -0.0621941  0.0857305  0.156518
0.350069  -0.165596  -0.0621941  -0.165596  0.290748  0.0857305  -0.0621941  0.0857305  0.156518
0.350069  -0.165596  -0.0621941  -0.165596  0.290748  0.0857305  -0.0621941  0.0857305  0.156518
0.350069  -0.165596  -0.0621941  -0.165596  0.290748  0.0857305  -0.0621941  0.0857305  0.156518
0.350083  -0.165608  -0.0622168  -0.165608  0.290762  0.0857469  -0.0622168  0.0857469  0.156525
0.350083  -0.165608  -0.0622168  -0.165608  0.290762  0.0857469  -0.0622168  0.0857469  0.156525
0.350083  -0.165608  -0.0622168  -0.165608  0.290762  0.0857469  -0.0622168  0.0857469  0.156525
0.350083  -0.165608  -0.0622168  -0.165608  0.290762  0.0857469  -0.0622168  0.0857469  0.156525
0.350083  -0.165608  -0.0622168  -0.165608  0.290762  0.0857469  -0.0622168  0.0857469  0.156525
0.350083  -0.165608  -0.0622168  -0.165608  0.290762  0.0857469  -0.0622168  0.0857469  0.156525
0.350083  -0.165608  -0.0622168  -0.165608  0.290762  0.0857469  -0.0622168  0.0857469  0.156525
0.350083  -0.165608  -0.0622168  -0.165608  0.290762  0.0857469  -0.0622168  0.0857469  0.156525
0.350096  -0.165621  -0.0622394  -0.165621  0.290776  0.0857632  -0.0622394  0.0857632  0.156533
0.350096  -0.165621  -0.0622394  -0.165621  0.290776  0.0857632  -0.0622394  0.0857632  0.156533
0.350096  -0.165621  -0.0622394  -0.165621  0.290776  0.0857632  -0.0622394  0.0857632  0.156533
0.350096  -0.165621  -0.0622394  -0.165621  0.290776  0.0857632  -0.0622394  0.0857632  0.156533
0.350096  -0.165621  -0.0622394  -0.165621  0.290776  0.0857632  -0.0622394  0.0857632  0.156533
0.350084  -0.165592  -0.0622443  -0.165592  0.290742  0.0857566  -0.0622443  0.0857566  0.156533
0.350084  -0.165592  -0.0622443  -0.165592  0.290742  0.0857566  -0.0622443  0.0857566  0.156533
0.350084  -0.165592  -0.0622443  -0.165592  0.290742  0.0857566  -0.0622443  0.0857566  0.156533
0.350084  -0.165592  -0.0622443  -0.165592  0.290742  0.0857566  -0.0622443  0.0857566  0.156533
0.350093  -0.165586  -0.0622229  -0.165586  0.290715  0.0857321  -0.0622229  0.0857321  0.156522
0.350093  -0.165586  -0.0622229  -0.165586  0.290715  0.0857321  -0.0622229  0.0857321  0.156522
0.350093  -0.165586  -0.0622229  -0.165586  0.290715  0.0857321  -0.0622229  0.0857321  0.156522
0.350093  -0.165586  -0.0622229  -0.165586  0.290715  0.0857321  -0.0622229  0.0857321  0.156522
0.350093  -0.165586  -0.0622229  -0.165586  0.290715  0.0857321  -0.0622229  0.0857321  0.156522
0.350115  -0.165592  -0.0622242  -0.165592  0.290702  0.0857239  -0.0622242  0.0857239  0.156518
0.350127  -0.165621  -0.0622194  -0.165621  0.290736  0.0857305  -0.0622194  0.0857305  0.156518
0.350127  -0.165621  -0.0622194  -0.165621  0.290736  0.0857305  -0.0622194  0.0857305  0.156518
0.350149  -0.165627  -0.0622207  -0.165627  0.290723  0.0857223  -0.0622207  0.0857223  0.156514
0.350149  -0.165627  -0.0622207  -0.165627  0.290723  0.0857223  -0.0622207  0.0857223  0.156514
0.350149  -0.165627  -0.0622207  -0.165627  0.290723  0.0857223  -0.0622207  0.0857223  0.156514
0.350149  -0.165627  -0.0622207  -0.165627  0.290723  0.0857223  -0.0622207  0.0857223  0.156514
0.350172  -0.165633  -0.062222  -0.165633  0.29071  0.085714  -0.062222  0.085714  0.15651
0.350172  -0.165633  -0.062222  -0.165633  0.29071  0.085714  -0.062222  0.085714  0.15651
0.350172  -0.165633  -0.062222  -0.165633  0.29071  0.085714  -0.062222  0.085714  0.15651
0.350172  -0.165633  -0.062222  -0.165633  0.29071  0.085714  -0.062222  0.085714  0.15651
0.350172  -0.165633  -0.062222  -0.165633  0.29071  0.085714  -0.062222  0.085714  0.15651
0.350194  -0.16564  -0.0622233  -0.16564  0.290697  0.0857058  -0.0622233  0.0857058  0.156506
0.350194  -0.16564  -0.0622233  -0.16564  0.290697  0.0857058  -0.0622233  0.0857058  0.156506
0.350194  -0.16564  -0.0622233  -0.16564  0.290697  0.0857058  -0.0622233  0.0857058  0.156506
0.350194  -0.16564  -0.0622233  -0.16564  0.290697  0.0857058  -0.0622233  0.0857058  0.156506
0.350194  -0.16564  -0.0622233  -0.16564  0.290697  0.0857058  -0.0622233  0.0857058  0.156506
0.350194  -0.16564  -0.0622233  -0.16564  0.290697  0.0857058  -0.0622233  0.0857058  0.156506
0.350194  -0.16564  -0.0622233  -0.16564  0.290697  0.0857058  -0.0622233  0.0857058  0.156506
0.350194  -0.16564  -0.0622233  -0.16564  0.290697  0.0857058  -0.0622233  0.0857058  0.156506
0.350194  -0.16564  -0.0622233  -0.16564  0.290697  0.0857058  -0.0622233  0.0857058  0.156506
0.350194  -0.16564  -0.0622233  -0.16564  0.290697  0.0857058  -0.0622233  0.0857058  0.156506
0.350194  -0.16564  -0.0622233  -0.16564  0.290697  0.0857058  -0.0622233  0.0857058  0.156506
0.350194  -0.16564  -0.0622233  -0.16564  0.290697  0.0857058  -0.0622233  0.0857058  0.156506
0.350194  -0.16564  -0.0622233  -0.16564  0.290697  0.0857058  -0.0622233  0.0857058  0.156506
0.350207  -0.165652  -0.0622459  -0.165652  0.290711  0.0857222  -0.0622459  0.0857222  0.156513
0.350207  -0.165652  -0.0622459  -0.165652  0.290711  0.0857222  -0.0622459  0.0857222  0.156513
0.350207  -0.165652  -0.0622459  -0.165652  0.290711  0.0857222  -0.0622459  0.0857222  0.156513
0.350207  -0.165652  -0.0622459  -0.165652  0.290711  0.0857222  -0.0622459  0.0857222  0.156513
0.350207  -0.165652  -0.0622459  -0.165652  0.290711  0.0857222  -0.0622459  0.0857222  0.156513
0.350207  -0.165652  -0.0622459  -0.165652  0.290711  0.0857222  -0.0622459  0.0857222  0.156513
0.350207  -0.165652  -0.0622459  -0.165652  0.290711  0.0857222  -0.0622459  0.0857222  0.156513
0.350207  -0.165652  -0.0622459  -0.165652  0.290711  0.0857222  -0.0622459  0.0857222  0.156513
0.350207  -0.165652  -0.0622459  -0.165652  0.290711  0.0857222  -0.0622459  0.0857222  0.156513
0.350209  -0.165636  -0.0622734  -0.165636  0.290691  0.085732  -0.0622734  0.085732  0.156521
0.350209  -0.165636  -0.0622734  -0.165636  0.290691  0.085732  -0.0622734  0.085732  0.156521
0.350187  -0.165629  -0.0622721  -0.165629  0.290704  0.0857402  -0.0622721  0.0857402  0.156525
0.350187  -0.165629  -0.0622721  -0.165629  0.290704  0.0857402  -0.0622721  0.0857402  0.156525
0.350187  -0.165629  -0.0622721  -0.165629  0.290704  0.0857402  -0.0622721  0.0857402  0.156525
0.350187  -0.165629  -0.0622721  -0.165629  0.290704  0.0857402  -0.0622721  0.0857402  0.156525
0.350187  -0.165629  -0.0622721  -0.165629  0.290704  0.0857402  -0.0622721  0.0857402  0.156525
0.350187  -0.165629  -0.0622721  -0.165629  0.290704  0.0857402  -0.0622721  0.0857402  0.156525
0.350187  -0.165629  -0.0622721  -0.165629  0.290704  0.0857402  -0.0622721  0.0857402  0.156525
0.350187  -0.165629  -0.0622721  -0.165629  0.290704  0.0857402  -0.0622721  0.0857402  0.156525
0.3502  -0.165642  -0.0622948  -0.165642  0.290717  0.0857565  -0.0622948  0.0857565  0.156532
0.3502  -0.165642  -0.0622948  -0.165642  0.290717  0.0857565  -0.0622948  0.0857565  0.156532
0.3502  -0.165642  -0.0622948  -0.165642  0.290717  0.0857565  -0.0622948  0.0857565  0.156532
0.3502  -0.165642  -0.0622948  -0.165642  0.290717  0.0857565  -0.0622948  0.0857565  0.156532
0.3502  -0.165642  -0.0622948  -0.165642  0.290717  0.0857565  -0.0622948  0.0857565  0.156532
0.3502  -0.165642  -0.0622948  -0.165642  0.290717  0.0857565  -0.0622948  0.0857565  0.156532
0.3502  -0.165642  -0.0622948  -0.165642  0.290717  0.0857565  -0.0622948  0.0857565  0.156532
0.350214  -0.165654  -0.0623175  -0.165654  0.290731  0.0857729  -0.0623175  0.0857729  0.156539
0.350214  -0.165654  -0.0623175  -0.165654  0.290731  0.0857729  -0.0623175  0.0857729  0.156539
0.350214  -0.165654  -0.0623175  -0.165654  0.290731  0.0857729  -0.0623175  0.0857729  0.156539
0.350226  -0.165683  -0.0623126  -0.165683  0.290765  0.0857794  -0.0623126  0.0857794  0.156538
0.350226  -0.165683  -0.0623126  -0.165683  0.290765  0.0857794  -0.0623126  0.0857794  0.156538
0.35024  -0.165695  -0.0623352  -0.165695  0.290778  0.0857958  -0.0623352  0.0857958  0.156546
0.35024  -0.165695  -0.0623352  -0.165695  0.290778  0.0857958  -0.0623352  0.0857958  0.156546
0.35024  -0.165695  -0.0623352  -0.165695  0.290778  0.0857958  -0.0623352  0.0857958  0.156546
0.35024  -0.165695  -0.0623352  -0.165695  0.290778  0.0857958  -0.0623352  0.0857958  0.156546
0.350253  -0.165708  -0.0623579  -0.165708  0.290792  0.0858121  -0.0623579  0.0858121  0.156553
0.350253  -0.165708  -0.0623579  -0.165708  0.290792  0.0858121  -0.0623579  0.0858121  0.156553
0.350231  -0.165701  -0.0623566  -0.165701  0.290805  0.0858203  -0.0623566  0.0858203  0.156557
0.350231  -0.165701  -0.0623566  -0.165701  0.290805  0.0858203  -0.0623566  0.0858203  0.156557
0.350231  -0.165701  -0.0623566  -0.165701  0.290805  0.0858203  -0.0623566  0.0858203  0.156557
0.350244  -0.165714  -0.0623793  -0.165714  0.290819  0.0858367  -0.0623793  0.0858367  0.156564
0.350244  -0.165714  -0.0623793  -0.165714  0.290819  0.0858367  -0.0623793  0.0858367  0.156564
0.350244  -0.165714  -0.0623793  -0.165714  0.290819  0.0858367  -0.0623793  0.0858367  0.156564
0.350258  -0.165726  -0.0624019  -0.165726  0.290832  0.0858531  -0.0624019  0.0858531  0.156571
0.350258  -0.165726  -0.0624019  -0.165726  0.290832  0.0858531  -0.0624019  0.0858531  0.156571
0.350258  -0.165726  -0.0624019  -0.165726  0.290832  0.0858531  -0.0624019  0.0858531  0.156571
0.350258  -0.165726  -0.0624019  -0.165726  0.290832  0.0858531  -0.0624019  0.0858531  0.156571
0.350294  -0.165745  -0.0624259  -0.165745  0.290833  0.0858612  -0.0624259  0.0858612  0.156574
0.350294  -0.165745  -0.0624259  -0.165745  0.290833  0.0858612  -0.0624259  0.0858612  0.156574
0.350294  -0.165745  -0.0624259  -0.165745  0.290833  0.0858612  -0.0624259  0.0858612  0.156574
0.350294  -0.165745  -0.0624259  -0.165745  0.290833  0.0858612  -0.0624259  0.0858612  0.156574
0.350294  -0.165745  -0.0624259  -0.165745  0.290833  0.0858612  -0.0624259  0.0858612  0.156574
0.35033  -0.165763  -0.0624499  -0.165763  0.290834  0.0858694  -0.0624499  0.0858694  0.156577
0.35033  -0.165763  -0.0624499  -0.165763  0.290834  0.0858694  -0.0624499  0.0858694  0.156577
0.35033  -0.165763  -0.0624499  -0.165763  0.290834  0.0858694  -0.0624499  0.0858694  0.156577
0.35033  -0.165763  -0.0624499  -0.165763  0.290834  0.0858694  -0.0624499  0.0858694  0.156577
0.35033  -0.165763  -0.0624499  -0.165763  0.290834  0.0858694  -0.0624499  0.0858694  0.156577
0.350352  -0.16577  -0.0624513  -0.16577  0.290821  0.0858612  -0.0624513  0.0858612  0.156574
0.350352  -0.16577  -0.0624513  -0.16577  0.290821  0.0858612  -0.0624513  0.0858612  0.156574
0.350352  -0.16577  -0.0624513  -0.16577  0.290821  0.0858612  -0.0624513  0.0858612  0.156574
0.350366  -0.165782  -0.0624739  -0.165782  0.290834  0.0858776  -0.0624739  0.0858776  0.156581
0.350366  -0.165782  -0.0624739  -0.165782  0.290834  0.0858776  -0.0624739  0.0858776  0.156581
0.350366  -0.165782  -0.0624739  -0.165782  0.290834  0.0858776  -0.0624739  0.0858776  0.156581
0.350366  -0.165782  -0.0624739  -0.165782  0.290834  0.0858776  -0.0624739  0.0858776  0.156581
0.350354  -0.165753  -0.0624788  -0.165753  0.290801  0.085871  -0.0624788  0.085871  0.156581
0.350354  -0.165753  -0.0624788  -0.165753  0.290801  0.085871  -0.0624788  0.085871  0.156581
0.350354  -0.165753  -0.0624788  -0.165753  0.290801  0.085871  -0.0624788  0.085871  0.156581
0.350376  -0.165759  -0.0624801  -0.165759  0.290788  0.0858628  -0.0624801  0.0858628  0.156578
0.350376  -0.165759  -0.0624801  -0.165759  0.290788  0.0858628  -0.0624801  0.0858628  0.156578
0.350376  -0.165759  -0.0624801  -0.165759  0.290788  0.0858628  -0.0624801  0.0858628  0.156578
0.350376  -0.165759  -0.0624801  -0.165759  0.290788  0.0858628  -0.0624801  0.0858628  0.156578
0.350376  -0.165759  -0.0624801  -0.165759  0.290788  0.0858628  -0.0624801  0.0858628  0.156578
0.350376  -0.165759  -0.0624801  -0.165759  0.290788  0.0858628  -0.0624801  0.0858628  0.156578
0.350376  -0.165759  -0.0624801  -0.165759  0.290788  0.0858628  -0.0624801  0.0858628  0.156578
0.350376  -0.165759  -0.0624801  -0.165759  0.290788  0.0858628  -0.0624801  0.0858628  0.156578
0.350376  -0.165759  -0.0624801  -0.165759  0.290788  0.0858628  -0.0624801  0.0858628  0.156578
0.350412  -0.165778  -0.0625041  -0.165778  0.290788  0.085871  -0.0625041  0.085871  0.156581
0.350412  -0.165778  -0.0625041  -0.165778  0.290788  0.085871  -0.0625041  0.085871  0.156581
0.350412  -0.165778  -0.0625041  -0.165778  0.290788  0.085871  -0.0625041  0.085871  0.156581
0.350434  -0.165784  -0.0625055  -0.165784  0.290775  0.0858628  -0.0625055  0.0858628  0.156577
0.350434  -0.165784  -0.0625055  -0.165784  0.290775  0.0858628  -0.0625055  0.0858628  0.156577
0.350434  -0.165784  -0.0625055  -0.165784  0.290775  0.0858628  -0.0625055  0.0858628  0.156577
0.350434  -0.165784  -0.0625055  -0.165784  0.290775  0.0858628  -0.0625055  0.0858628  0.156577
0.350456  -0.16579  -0.0625068  -0.16579  0.290762  0.0858546  -0.0625068  0.0858546  0.156573
0.350456  -0.16579  -0.0625068  -0.16579  0.290762  0.0858546  -0.0625068  0.0858546  0.156573
0.350456  -0.16579  -0.0625068  -0.16579  0.290762  0.0858546  -0.0625068  0.0858546  0.156573
0.350491  -0.165825  -0.0625032  -0.165825  0.290783  0.0858529  -0.0625032  0.0858529  0.156569
0.350491  -0.165825  -0.0625032  -0.165825  0.290783  0.0858529  -0.0625032  0.0858529  0.156569
0.350513  -0.165832  -0.0625045  -0.165832  0.29077  0.0858447  -0.0625045  0.0858447  0.156565
0.350522  -0.165826  -0.0624832  -0.165826  0.290744  0.0858201  -0.0624832  0.0858201  0.156554
0.350522  -0.165826  -0.0624832  -0.165826  0.290744  0.0858201  -0.0624832  0.0858201  0.156554
0.350544  -0.165832  -0.0624845  -0.165832  0.290731  0.0858119  -0.0624845  0.0858119  0.15655
0.350544  -0.165832  -0.0624845  -0.165832  0.290731  0.0858119  -0.0624845  0.0858119  0.15655
0.350544  -0.165832  -0.0624845  -0.165832  0.290731  0.0858119  -0.0624845  0.0858119  0.15655
0.350567  -0.165838  -0.0624858  -0.165838  0.290718  0.0858037  -0.0624858  0.0858037  0.156546
0.350567  -0.165838  -0.0624858  -0.165838  0.290718  0.0858037  -0.0624858  0.0858037  0.156546
0.350575  -0.165832  -0.0624644  -0.165832  0.290691  0.0857791  -0.0624644  0.0857791  0.156535
0.350575  -0.165832  -0.0624644  -0.165832  0.290691  0.0857791  -0.0624644  0.0857791  0.156535
0.350575  -0.165832  -0.0624644  -0.165832  0.290691  0.0857791  -0.0624644  0.0857791  0.156535
0.350598  -0.165838  -0.0624657  -0.165838  0.290678  0.0857709  -0.0624657  0.0857709  0.156531
0.350598  -0.165838  -0.0624657  -0.165838  0.290678  0.0857709  -0.0624657  0.0857709  0.156531
0.350606  -0.165832  -0.0624443  -0.165832  0.290651  0.0857464  -0.0624443  0.0857464  0.15652
0.350606  -0.165832  -0.0624443  -0.165832  0.290651  0.0857464  -0.0624443  0.0857464  0.15652
0.350606  -0.165832  -0.0624443  -0.165832  0.290651  0.0857464  -0.0624443  0.0857464  0.15652
0.350615  -0.165826  -0.0624229  -0.165826  0.290625  0.0857218  -0.0624229  0.0857218  0.156509
0.350615  -0.165826  -0.0624229  -0.165826  0.290625  0.0857218  -0.0624229  0.0857218  0.156509
0.350615  -0.165826  -0.0624229  -0.165826  0.290625  0.0857218  -0.0624229  0.0857218  0.156509
0.350615  -0.165826  -0.0624229  -0.165826  0.290625  0.0857218  -0.0624229  0.0857218  0.156509
0.350602  -0.165813  -0.0624002  -0.165813  0.290611  0.0857054  -0.0624002  0.0857054  0.156502
0.350624  -0.165819  -0.0624015  -0.165819  0.290598  0.0856972  -0.0624015  0.0856972  0.156498
0.350624  -0.165819  -0.0624015  -0.165819  0.290598  0.0856972  -0.0624015  0.0856972  0.156498
0.350624  -0.165819  -0.0624015  -0.165819  0.290598  0.0856972  -0.0624015  0.0856972  0.156498
0.350624  -0.165819  -0.0624015  -0.165819  0.290598  0.0856972  -0.0624015  0.0856972  0.156498
0.350624  -0.165819  -0.0624015  -0.165819  0.290598  0.0856972  -0.0624015  0.0856972  0.156498
0.350624  -0.165819  -0.0624015  -0.165819  0.290598  0.0856972  -0.0624015  0.0856972  0.156498
0.350624  -0.165819  -0.0624015  -0.165819  0.290598  0.0856972  -0.0624015  0.0856972  0.156498
0.350658  -0.165854  -0.0623979  -0.165854  0.290619  0.0856956  -0.0623979  0.0856956  0.156493
0.350658  -0.165854  -0.0623979  -0.165854  0.290619  0.0856956  -0.0623979  0.0856956  0.156493
0.350658  -0.165854  -0.0623979  -0.165854  0.290619  0.0856956  -0.0623979  0.0856956  0.156493
0.350658  -0.165854  -0.0623979  -0.165854  0.290619  0.0856956  -0.0623979  0.0856956  0.156493
0.350658  -0.165854  -0.0623979  -0.165854  0.290619  0.0856956  -0.0623979  0.0856956  0.156493
0.350681  -0.165861  -0.0623992  -0.165861  0.290606  0.0856874  -0.0623992  0.0856874  0.15649
0.350681  -0.165861  -0.0623992  -0.165861  0.290606  0.0856874  -0.0623992  0.0856874  0.15649
0.350693  -0.165889  -0.0623943  -0.165889  0.29064  0.0856939  -0.0623943  0.0856939  0.156489
0.350715  -0.165896  -0.0623956  -0.165896  0.290627  0.0856857  -0.0623956  0.0856857  0.156485
0.350715  -0.165896  -0.0623956  -0.165896  0.290627  0.0856857  -0.0623956  0.0856857  0.156485
0.350715  -0.165896  -0.0623956  -0.165896  0.290627  0.0856857  -0.0623956  0.0856857  0.156485
0.350715  -0.165896  -0.0623956  -0.165896  0.290627  0.0856857  -0.0623956  0.0856857  0.156485
0.350738  -0.165902  -0.0623969  -0.165902  0.290614  0.0856775  -0.0623969  0.0856775  0.156481
0.350738  -0.165902  -0.0623969  -0.165902  0.290614  0.0856775  -0.0623969  0.0856775  0.156481
0.350724  -0.165889  -0.0623742  -0.165889  0.2906  0.0856611  -0.0623742  0.0856611  0.156474
0.350759  -0.165924  -0.0623706  -0.165924  0.290621  0.0856595  -0.0623706  0.0856595  0.15647
0.350759  -0.165924  -0.0623706  -0.165924  0.290621  0.0856595  -0.0623706  0.0856595  0.15647
0.350759  -0.165924  -0.0623706  -0.165924  0.290621  0.0856595  -0.0623706  0.0856595  0.15647
0.350759  -0.165924  -0.0623706  -0.165924  0.290621  0.0856595  -0.0623706  0.0856595  0.15647
0.350781  -0.165931  -0.0623719  -0.165931  0.290608  0.0856513  -0.0623719  0.0856513  0.156466
0.350803  -0.165937  -0.0623732  -0.165937  0.290595  0.0856431  -0.0623732  0.0856431  0.156462
0.350803  -0.165937  -0.0623732  -0.165937  0.290595  0.0856431  -0.0623732  0.0856431  0.156462
0.350838  -0.165972  -0.0623696  -0.165972  0.290616  0.0856414  -0.0623696  0.0856414  0.156457
0.350838  -0.165972  -0.0623696  -0.165972  0.290616  0.0856414  -0.0623696  0.0856414  0.156457
0.350847  -0.165966  -0.0623482  -0.165966  0.290589  0.0856168  -0.0623482  0.0856168  0.156446
0.350847  -0.165966  -0.0623482  -0.165966  0.290589  0.0856168  -0.0623482  0.0856168  0.156446
0.350869  -0.165972  -0.0623495  -0.165972  0.290576  0.0856086  -0.0623495  0.0856086  0.156442
0.350904  -0.166007  -0.0623459  -0.166007  0.290597  0.085607  -0.0623459  0.085607  0.156438
0.35089  -0.165994  -0.0623232  -0.165994  0.290583  0.0855906  -0.0623232  0.0855906  0.156431
0.350913  -0.166001  -0.0623245  -0.166001  0.29057  0.0855824  -0.0623245  0.0855824  0.156427
0.350913  -0.166001  -0.0623245  -0.166001  0.29057  0.0855824  -0.0623245  0.0855824  0.156427
0.350935  -0.166007  -0.0623257  -0.166007  0.290557  0.0855742  -0.0623257  0.0855742  0.156423
0.350956  -0.166029  -0.0622994  -0.166029  0.290564  0.0855561  -0.0622994  0.0855561  0.156411
0.350956  -0.166029  -0.0622994  -0.166029  0.290564  0.0855561  -0.0622994  0.0855561  0.156411
0.350942  -0.166017  -0.0622767  -0.166017  0.290551  0.0855398  -0.0622767  0.0855398  0.156404
0.350999  -0.166058  -0.0622744  -0.166058  0.290558  0.0855299  -0.0622744  0.0855299  0.156396
0.350999  -0.166058  -0.0622744  -0.166058  0.290558  0.0855299  -0.0622744  0.0855299  0.156396
0.351008  -0.166052  -0.0622529  -0.166052  0.290532  0.0855053  -0.0622529  0.0855053  0.156385
0.351008  -0.166052  -0.0622529  -0.166052  0.290532  0.0855053  -0.0622529  0.0855053  0.156385
0.351043  -0.166087  -0.0622493  -0.166087  0.290553  0.0855036  -0.0622493  0.0855036  0.15638
0.351051  -0.166081  -0.0622278  -0.166081  0.290526  0.0854791  -0.0622278  0.0854791  0.156369
0.351051  -0.166081  -0.0622278  -0.166081  0.290526  0.0854791  -0.0622278  0.0854791  0.156369
0.351095  -0.16611  -0.0622028  -0.16611  0.29052  0.0854528  -0.0622028  0.0854528  0.156354
0.351095  -0.16611  -0.0622028  -0.16611  0.29052  0.0854528  -0.0622028  0.0854528  0.156354
0.351138  -0.166138  -0.0621777  -0.166138  0.290514  0.0854265  -0.0621777  0.0854265  0.156339
0.351161  -0.166145  -0.0621789  -0.166145  0.290501  0.0854183  -0.0621789  0.0854183  0.156335
0.351173  -0.166173  -0.062174  -0.166173  0.290535  0.0854248  -0.062174  0.0854248  0.156334
0.351204  -0.166173  -0.0621538  -0.166173  0.290495  0.0853921  -0.0621538  0.0853921  0.156319
0.351216  -0.166202  -0.0621489  -0.166202  0.290529  0.0853986  -0.0621489  0.0853986  0.156319
0.351282  -0.166237  -0.0621251  -0.166237  0.29051  0.0853641  -0.0621251  0.0853641  0.156299
0.351326  -0.166266  -0.0620999  -0.166266  0.290504  0.0853378  -0.0620999  0.0853378  0.156284
0.351326  -0.166266  -0.0620999  -0.166266  0.290504  0.0853378  -0.0620999  0.0853378  0.156284
0.351392  -0.166301  -0.062076  -0.166301  0.290486  0.0853033  -0.062076  0.0853033  0.156265
0.351414  -0.166307  -0.0620773  -0.166307  0.290473  0.0852951  -0.0620773  0.0852951  0.156261
0.351493  -0.166371  -0.0620484  -0.166371  0.290488  0.085267  -0.0620484  0.085267  0.156241
0.351571  -0.166435  -0.0620196  -0.166435  0.290503  0.085239  -0.0620196  0.085239  0.156221
0.351571  -0.166435  -0.0620196  -0.166435  0.290503  0.085239  -0.0620196  0.085239  0.156221
0.35165  -0.166499  -0.0619907  -0.166499  0.290518  0.0852109  -0.0619907  0.0852109  0.156201
0.35165  -0.166499  -0.0619907  -0.166499  0.290518  0.0852109  -0.0619907  0.0852109  0.156201
0.351763  -0.166598  -0.0619581  -0.166598  0.290554  0.0851811  -0.0619581  0.0851811  0.156177
0.351749  -0.166586  -0.0619353  -0.166586  0.29054  0.0851648  -0.0619353  0.0851648  0.156169
0.351863  -0.166685  -0.0619026  -0.166685  0.290576  0.0851349  -0.0619026  0.0851349  0.156145
0.351863  -0.166685  -0.0619026  -0.166685  0.290576  0.0851349  -0.0619026  0.0851349  0.156145
0.35194  -0.166766  -0.0618459  -0.166766  0.290611  0.0850969  -0.0618459  0.0850969  0.156118
0.352019  -0.16683  -0.0618169  -0.16683  0.290627  0.0850688  -0.0618169  0.0850688  0.156098
