0.30231  -0.127508  -0.0685453  -0.127508  0.298193  0.104596  -0.0685453  0.104596  0.171969
0.302306  -0.127488  -0.0685494  -0.127488  0.298168  0.104588  -0.0685494  0.104588  0.171971
0.302306  -0.127488  -0.0685494  -0.127488  0.298168  0.104588  -0.0685494  0.104588  0.171971
0.302321  -0.12789  -0.067712  -0.12789  0.298466  0.104227  -0.067712  0.104227  0.171543
0.302314  -0.12793  -0.0675852  -0.12793  0.298496  0.104168  -0.0675852  0.104168  0.171482
0.302285  -0.127821  -0.0673622  -0.127821  0.298265  0.103938  -0.0673622  0.103938  0.171359
0.302275  -0.127788  -0.0673299  -0.127788  0.298215  0.103899  -0.0673299  0.103899  0.171343
0.302235  -0.127725  -0.0671622  -0.127725  0.298119  0.103768  -0.0671622  0.103768  0.171266
0.302236  -0.12801  -0.0662648  -0.12801  0.298214  0.103279  -0.0662648  0.103279  0.170811
0.302226  -0.128004  -0.0661879  -0.128004  0.298192  0.103227  -0.0661879  0.103227  0.170775
0.30232  -0.127803  -0.065961  -0.127803  0.297505  0.102744  -0.065961  0.102744  0.170561
0.30232  -0.127763  -0.0659546  -0.127763  0.29743  0.102706  -0.0659546  0.102706  0.170551
0.302436  -0.127685  -0.0654993  -0.127685  0.296808  0.102112  -0.0654993  0.102112  0.170218
0.302453  -0.127717  -0.0654426  -0.127717  0.2968  0.102069  -0.0654426  0.102069  0.170182
0.302614  -0.127523  -0.0654109  -0.127523  0.296059  0.101657  -0.0654109  0.101657  0.170032
0.302618  -0.127476  -0.065445  -0.127476  0.295982  0.101641  -0.065445  0.101641  0.170041
0.302817  -0.127351  -0.0655379  -0.127351  0.295338  0.101335  -0.0655379  0.101335  0.169944
0.302837  -0.127415  -0.0654545  -0.127415  0.295369  0.101294  -0.0654545  0.101294  0.169896
0.303021  -0.127758  -0.0651061  -0.127758  0.295398  0.101043  -0.0651061  0.101043  0.169644
0.303029  -0.127744  -0.0651134  -0.127744  0.29536  0.101028  -0.0651134  0.101028  0.169642
0.303131  -0.127704  -0.065356  -0.127704  0.295164  0.101048  -0.065356  0.101048  0.1697
0.303134  -0.127724  -0.0653517  -0.127724  0.29519  0.101056  -0.0653517  0.101056  0.169698
0.303139  -0.128245  -0.0647019  -0.128245  0.295818  0.100958  -0.0647019  0.100958  0.169429
0.303142  -0.128291  -0.0646527  -0.128291  0.295871  0.100952  -0.0646527  0.100952  0.169408
0.303148  -0.128371  -0.0645768  -0.128371  0.295965  0.100948  -0.0645768  0.100948  0.169376
0.303142  -0.128345  -0.0647103  -0.128345  0.295994  0.101042  -0.0647103  0.101042  0.169447
0.303142  -0.128371  -0.0646655  -0.128371  0.296022  0.101028  -0.0646655  0.101028  0.169427
0.303136  -0.128511  -0.0644745  -0.128511  0.296198  0.100997  -0.0644745  0.100997  0.169351
0.303152  -0.128702  -0.0642957  -0.128702  0.296426  0.100989  -0.0642957  0.100989  0.169277
0.303152  -0.128689  -0.0643181  -0.128689  0.296412  0.100995  -0.0643181  0.100995  0.169286
0.303228  -0.128598  -0.064637  -0.128598  0.296219  0.101073  -0.064637  0.101073  0.169392
0.303245  -0.128643  -0.0646314  -0.128643  0.296258  0.101082  -0.0646314  0.101082  0.169385
0.3033  -0.128865  -0.0644977  -0.128865  0.296473  0.101082  -0.0644977  0.101082  0.169314
0.303314  -0.128878  -0.0645188  -0.128878  0.296473  0.10109  -0.0645188  0.10109  0.169318
0.303328  -0.12885  -0.0646072  -0.12885  0.29643  0.101119  -0.0646072  0.101119  0.169351
0.303375  -0.128908  -0.0648139  -0.128908  0.296521  0.101268  -0.0648139  0.101268  0.169439
0.303366  -0.129095  -0.064662  -0.129095  0.29681  0.101311  -0.064662  0.101311  0.169392
0.30337  -0.129115  -0.0646576  -0.129115  0.296836  0.101319  -0.0646576  0.101319  0.169391
0.303358  -0.129189  -0.0645935  -0.129189  0.296966  0.101344  -0.0645935  0.101344  0.169376
0.303337  -0.129177  -0.0646613  -0.129177  0.297024  0.101417  -0.0646613  0.101417  0.169422
0.303315  -0.129245  -0.0645204  -0.129245  0.297134  0.10139  -0.0645204  0.10139  0.169373
0.303315  -0.129258  -0.0644979  -0.129258  0.297148  0.101383  -0.0644979  0.101383  0.169363
0.303282  -0.129267  -0.0643701  -0.129267  0.29718  0.101332  -0.0643701  0.101332  0.169318
0.303276  -0.129227  -0.0643788  -0.129227  0.297128  0.101315  -0.0643788  0.101315  0.169321
0.303273  -0.129127  -0.0644443  -0.129127  0.296983  0.10129  -0.0644443  0.10129  0.169342
0.303266  -0.129047  -0.064373  -0.129047  0.296822  0.101177  -0.064373  0.101177  0.169297
0.303263  -0.129041  -0.0643549  -0.129041  0.29681  0.101162  -0.0643549  0.101162  0.169289
0.303267  -0.128927  -0.064354  -0.128927  0.296595  0.101062  -0.064354  0.101062  0.169269
0.303263  -0.128907  -0.0643584  -0.128907  0.296569  0.101054  -0.0643584  0.101054  0.16927
0.303264  -0.128788  -0.064413  -0.128788  0.296375  0.100999  -0.064413  0.100999  0.16928
0.303264  -0.128788  -0.064413  -0.128788  0.296375  0.100999  -0.064413  0.100999  0.16928
0.303236  -0.128776  -0.0642748  -0.128776  0.296357  0.100918  -0.0642748  0.100918  0.169225
0.303225  -0.12877  -0.0642718  -0.12877  0.296369  0.100925  -0.0642718  0.100925  0.169229
0.303195  -0.128659  -0.0643462  -0.128659  0.296274  0.100936  -0.0643462  0.100936  0.16927
0.303195  -0.128659  -0.0643462  -0.128659  0.296274  0.100936  -0.0643462  0.100936  0.16927
0.303141  -0.128656  -0.0641393  -0.128656  0.296296  0.10084  -0.0641393  0.10084  0.169196
0.303141  -0.128669  -0.0641169  -0.128669  0.296311  0.100833  -0.0641169  0.100833  0.169186
0.303104  -0.128492  -0.0641714  -0.128492  0.296102  0.100783  -0.0641714  0.100783  0.169211
0.303101  -0.128472  -0.0641757  -0.128472  0.296076  0.100775  -0.0641757  0.100775  0.169213
0.303077  -0.128401  -0.0641678  -0.128401  0.296  0.100744  -0.0641678  0.100744  0.169213
0.303028  -0.128311  -0.0639893  -0.128311  0.29587  0.100595  -0.0639893  0.100595  0.169138
0.303025  -0.128292  -0.0639936  -0.128292  0.295844  0.100587  -0.0639936  0.100587  0.16914
0.302982  -0.128023  -0.0640728  -0.128023  0.295496  0.10049  -0.0640728  0.10049  0.169168
0.302982  -0.12801  -0.0640952  -0.12801  0.295482  0.100496  -0.0640952  0.100496  0.169177
0.302941  -0.127934  -0.0639529  -0.127934  0.295376  0.100377  -0.0639529  0.100377  0.169119
0.302927  -0.127921  -0.063932  -0.127921  0.295377  0.10037  -0.063932  0.10037  0.169115
0.302917  -0.127889  -0.0639004  -0.127889  0.295328  0.100332  -0.0639004  0.100332  0.1691
0.302877  -0.127707  -0.06401  -0.127707  0.295143  0.100326  -0.06401  0.100326  0.169155
0.302867  -0.127701  -0.0640071  -0.127701  0.295155  0.100333  -0.0640071  0.100333  0.169159
0.302828  -0.127737  -0.0638509  -0.127737  0.295238  0.100291  -0.0638509  0.100291  0.169109
0.302825  -0.127731  -0.0638329  -0.127731  0.295227  0.100276  -0.0638329  0.100276  0.169101
0.302792  -0.127615  -0.0638891  -0.127615  0.295121  0.100272  -0.0638891  0.100272  0.169134
0.302788  -0.127595  -0.0638935  -0.127595  0.295095  0.100264  -0.0638935  0.100264  0.169135
0.302768  -0.12757  -0.0638368  -0.12757  0.295073  0.100227  -0.0638368  0.100227  0.169115
0.302768  -0.127583  -0.0638145  -0.127583  0.295087  0.10022  -0.0638145  0.10022  0.169106
0.302741  -0.12752  -0.0637666  -0.12752  0.295013  0.100167  -0.0637666  0.100167  0.169089
0.302737  -0.1275  -0.063771  -0.1275  0.294988  0.100159  -0.063771  0.100159  0.16909
0.302729  -0.127376  -0.0638225  -0.127376  0.294809  0.100111  -0.0638225  0.100111  0.169104
0.302729  -0.127376  -0.0638225  -0.127376  0.294809  0.100111  -0.0638225  0.100111  0.169104
0.302714  -0.127403  -0.0636619  -0.127403  0.294819  0.100026  -0.0636619  0.100026  0.169035
0.302711  -0.127384  -0.0636662  -0.127384  0.294794  0.100018  -0.0636662  0.100018  0.169036
0.302695  -0.12726  -0.0637326  -0.12726  0.294639  0.0999915  -0.0637326  0.0999915  0.169062
0.302692  -0.127254  -0.0637148  -0.127254  0.294627  0.0999768  -0.0637148  0.0999768  0.169054
0.302688  -0.127326  -0.0635634  -0.127326  0.294699  0.0999217  -0.0635634  0.0999217  0.16899
0.302684  -0.12732  -0.0635455  -0.12732  0.294688  0.0999071  -0.0635455  0.0999071  0.168983
0.302684  -0.12732  -0.0635455  -0.12732  0.294688  0.0999071  -0.0635455  0.0999071  0.168983
0.302692  -0.127254  -0.0636418  -0.127254  0.294595  0.099919  -0.0636418  0.099919  0.169017
0.302689  -0.127247  -0.0636239  -0.127247  0.294583  0.0999043  -0.0636239  0.0999043  0.169009
0.302704  -0.127358  -0.0635069  -0.127358  0.294691  0.0998794  -0.0635069  0.0998794  0.168956
0.302704  -0.127358  -0.0635069  -0.127358  0.294691  0.0998794  -0.0635069  0.0998794  0.168956
0.302722  -0.127284  -0.0636283  -0.127284  0.294572  0.0998909  -0.0636283  0.0998909  0.168995
0.302726  -0.12729  -0.0636462  -0.12729  0.294584  0.0999056  -0.0636462  0.0999056  0.169003
0.302722  -0.127284  -0.0636283  -0.127284  0.294572  0.0998909  -0.0636283  0.0998909  0.168995
0.302741  -0.127414  -0.0635068  -0.127414  0.294706  0.0998739  -0.0635068  0.0998739  0.16894
0.302738  -0.127408  -0.063489  -0.127408  0.294694  0.0998592  -0.063489  0.0998592  0.168932
0.302736  -0.127309  -0.0636268  -0.127309  0.294585  0.0998917  -0.0636268  0.0998917  0.16899
0.302736  -0.127309  -0.0636268  -0.127309  0.294585  0.0998917  -0.0636268  0.0998917  0.16899
0.302738  -0.127421  -0.0634667  -0.127421  0.294708  0.0998525  -0.0634667  0.0998525  0.168923
0.302738  -0.127434  -0.0634445  -0.127434  0.294722  0.0998457  -0.0634445  0.0998457  0.168914
0.302732  -0.127355  -0.06352  -0.127355  0.294629  0.0998501  -0.06352  0.0998501  0.168945
0.302732  -0.127342  -0.0635422  -0.127342  0.294616  0.0998569  -0.0635422  0.0998569  0.168954
0.302729  -0.12731  -0.0635689  -0.12731  0.294576  0.0998557  -0.0635689  0.0998557  0.168965
0.302724  -0.127448  -0.0633792  -0.127448  0.294751  0.0998247  -0.0633792  0.0998247  0.168891
0.302724  -0.127448  -0.0633792  -0.127448  0.294751  0.0998247  -0.0633792  0.0998247  0.168891
0.302728  -0.127349  -0.0635021  -0.127349  0.294618  0.0998355  -0.0635021  0.0998355  0.168937
0.302725  -0.127317  -0.0635287  -0.127317  0.294579  0.0998343  -0.0635287  0.0998343  0.168947
0.302721  -0.127402  -0.0634281  -0.127402  0.294697  0.0998303  -0.0634281  0.0998303  0.168911
0.302721  -0.127416  -0.0634059  -0.127416  0.294711  0.0998236  -0.0634059  0.0998236  0.168902
0.302718  -0.12737  -0.0634547  -0.12737  0.294658  0.0998291  -0.0634547  0.0998291  0.168922
0.302725  -0.127343  -0.0634843  -0.127343  0.294607  0.0998208  -0.0634843  0.0998208  0.168929
0.302726  -0.127303  -0.063551  -0.127303  0.294565  0.099841  -0.063551  0.099841  0.168957
0.30271  -0.127449  -0.0633362  -0.127449  0.294765  0.0998105  -0.0633362  0.0998105  0.168879
0.30271  -0.127462  -0.063314  -0.127462  0.294779  0.0998037  -0.063314  0.0998037  0.168869
0.302707  -0.127443  -0.0633184  -0.127443  0.294754  0.0997958  -0.0633184  0.0997958  0.168871
0.302702  -0.127299  -0.0635051  -0.127299  0.294591  0.0998339  -0.0635051  0.0998339  0.168948
0.302702  -0.127299  -0.0635051  -0.127299  0.294591  0.0998339  -0.0635051  0.0998339  0.168948
0.302696  -0.127463  -0.063271  -0.127463  0.294794  0.0997895  -0.063271  0.0997895  0.168856
0.302696  -0.127463  -0.063271  -0.127463  0.294794  0.0997895  -0.063271  0.0997895  0.168856
0.302694  -0.127352  -0.0634311  -0.127352  0.294671  0.0998287  -0.0634311  0.0998287  0.168923
0.302691  -0.127332  -0.0634355  -0.127332  0.294645  0.0998208  -0.0634355  0.0998208  0.168924
0.302689  -0.127451  -0.0633082  -0.127451  0.294803  0.099818  -0.0633082  0.099818  0.168878
0.302689  -0.127464  -0.0632859  -0.127464  0.294817  0.0998112  -0.0632859  0.0998112  0.168868
0.3027  -0.12743  -0.0633556  -0.12743  0.294763  0.0998243  -0.0633556  0.0998243  0.168892
0.3027  -0.127417  -0.0633778  -0.127417  0.294749  0.0998311  -0.0633778  0.0998311  0.168901
0.302707  -0.12743  -0.0634135  -0.12743  0.294772  0.0998604  -0.0634135  0.0998604  0.168917
0.302696  -0.127437  -0.0633884  -0.127437  0.294798  0.0998607  -0.0633884  0.0998607  0.168912
0.302705  -0.127548  -0.0632862  -0.127548  0.294931  0.0998575  -0.0632862  0.0998575  0.168871
0.302702  -0.127516  -0.0633128  -0.127516  0.294891  0.0998563  -0.0633128  0.0998563  0.168881
0.302703  -0.127463  -0.0634018  -0.127463  0.294835  0.0998833  -0.0634018  0.0998833  0.168918
0.302709  -0.127515  -0.0633708  -0.127515  0.2949  0.0998924  -0.0633708  0.0998924  0.168906
0.302699  -0.127536  -0.0633234  -0.127536  0.29494  0.099886  -0.0633234  0.099886  0.168892
0.302699  -0.127523  -0.0633456  -0.127523  0.294926  0.0998928  -0.0633456  0.0998928  0.168901
0.302699  -0.127509  -0.0633679  -0.127509  0.294912  0.0998995  -0.0633679  0.0998995  0.16891
0.302696  -0.12745  -0.063439  -0.12745  0.294845  0.0999118  -0.063439  0.0999118  0.16894
0.302685  -0.127537  -0.0632804  -0.127537  0.294955  0.0998717  -0.0632804  0.0998717  0.168879
0.302685  -0.12755  -0.0632581  -0.12755  0.294969  0.099865  -0.0632581  0.099865  0.16887
0.302669  -0.127466  -0.0633308  -0.127466  0.294888  0.0998765  -0.0633308  0.0998765  0.168904
0.302669  -0.127453  -0.063353  -0.127453  0.294874  0.0998833  -0.063353  0.0998833  0.168914
0.302669  -0.127479  -0.0633085  -0.127479  0.294902  0.0998698  -0.0633085  0.0998698  0.168895
0.302668  -0.127492  -0.0632863  -0.127492  0.294916  0.0998631  -0.0632863  0.0998631  0.168886
0.302658  -0.127499  -0.0632611  -0.127499  0.294942  0.0998634  -0.0632611  0.0998634  0.168881
0.302658  -0.127486  -0.0632834  -0.127486  0.294928  0.0998702  -0.0632834  0.0998702  0.16889
0.302655  -0.127427  -0.0633545  -0.127427  0.294861  0.0998825  -0.0633545  0.0998825  0.168919
0.302655  -0.127427  -0.0633545  -0.127427  0.294861  0.0998825  -0.0633545  0.0998825  0.168919
0.302654  -0.127519  -0.0631988  -0.127519  0.294959  0.0998353  -0.0631988  0.0998353  0.168855
0.302654  -0.127519  -0.0631988  -0.127519  0.294959  0.0998353  -0.0631988  0.0998353  0.168855
0.302659  -0.127407  -0.063344  -0.127407  0.294812  0.0998528  -0.063344  0.0998528  0.168909
0.302659  -0.127407  -0.063344  -0.127407  0.294812  0.0998528  -0.063344  0.0998528  0.168909
0.302662  -0.127453  -0.0632951  -0.127453  0.294865  0.0998472  -0.0632951  0.0998472  0.168889
0.302655  -0.127493  -0.0631705  -0.127493  0.294898  0.099791  -0.0631705  0.099791  0.168836
0.302662  -0.127427  -0.0632667  -0.127427  0.294805  0.0998029  -0.0632667  0.0998029  0.16887
0.302662  -0.127414  -0.063289  -0.127414  0.294791  0.0998097  -0.063289  0.0998097  0.16888
0.302659  -0.127394  -0.0632933  -0.127394  0.294765  0.0998018  -0.0632933  0.0998018  0.168881
0.302655  -0.127467  -0.0631421  -0.127467  0.294838  0.0997468  -0.0631421  0.0997468  0.168818
0.302651  -0.12746  -0.0631243  -0.12746  0.294826  0.0997321  -0.0631243  0.0997321  0.16881
0.302659  -0.127381  -0.0632428  -0.127381  0.294719  0.0997508  -0.0632428  0.0997508  0.168853
0.302656  -0.127361  -0.0632472  -0.127361  0.294693  0.0997429  -0.0632472  0.0997429  0.168855
0.302655  -0.127427  -0.063136  -0.127427  0.294763  0.0997092  -0.063136  0.0997092  0.168809
0.302655  -0.127427  -0.063136  -0.127427  0.294763  0.0997092  -0.063136  0.0997092  0.168809
0.302662  -0.1274  -0.0631655  -0.1274  0.294712  0.0997009  -0.0631655  0.0997009  0.168815
0.30267  -0.127347  -0.0632395  -0.127347  0.294632  0.0997061  -0.0632395  0.0997061  0.16884
0.302673  -0.127367  -0.0632351  -0.127367  0.294658  0.099714  -0.0632351  0.099714  0.168839
0.302669  -0.1274  -0.0631506  -0.1274  0.294688  0.0996792  -0.0631506  0.0996792  0.168803
0.302665  -0.12742  -0.0630884  -0.12742  0.294704  0.0996512  -0.0630884  0.0996512  0.168777
0.302669  -0.127426  -0.0631062  -0.127426  0.294716  0.0996658  -0.0631062  0.0996658  0.168785
0.302673  -0.12734  -0.0632068  -0.12734  0.294597  0.0996697  -0.0632068  0.0996697  0.16882
0.302673  -0.12734  -0.0632068  -0.12734  0.294597  0.0996697  -0.0632068  0.0996697  0.16882
0.302672  -0.127432  -0.0630512  -0.127432  0.294695  0.0996227  -0.0630512  0.0996227  0.168756
0.302669  -0.127413  -0.0630556  -0.127413  0.294669  0.0996148  -0.0630556  0.0996148  0.168757
0.302669  -0.127387  -0.0631  -0.127387  0.294641  0.0996283  -0.0631  0.0996283  0.168776
0.302677  -0.127333  -0.063174  -0.127333  0.294562  0.0996334  -0.063174  0.0996334  0.168801
0.302676  -0.127399  -0.0630629  -0.127399  0.294632  0.0995998  -0.0630629  0.0995998  0.168755
0.302673  -0.127393  -0.0630451  -0.127393  0.29462  0.0995852  -0.0630451  0.0995852  0.168747
0.302676  -0.127412  -0.0630407  -0.127412  0.294646  0.0995931  -0.0630407  0.0995931  0.168745
0.30267  -0.127308  -0.0631606  -0.127308  0.294525  0.0996109  -0.0631606  0.0996109  0.168794
0.30267  -0.127308  -0.0631606  -0.127308  0.294525  0.0996109  -0.0631606  0.0996109  0.168794
0.302672  -0.127406  -0.0630229  -0.127406  0.294634  0.0995785  -0.0630229  0.0995785  0.168738
0.302672  -0.127406  -0.0630229  -0.127406  0.294634  0.0995785  -0.0630229  0.0995785  0.168738
0.302669  -0.127387  -0.0630273  -0.127387  0.294609  0.0995706  -0.0630273  0.0995706  0.168739
0.302667  -0.127301  -0.0631428  -0.127301  0.294514  0.0995963  -0.0631428  0.0995963  0.168786
0.302667  -0.127301  -0.0631428  -0.127301  0.294514  0.0995963  -0.0631428  0.0995963  0.168786
0.302669  -0.1274  -0.0630051  -0.1274  0.294623  0.0995639  -0.0630051  0.0995639  0.16873
0.302666  -0.127393  -0.0629873  -0.127393  0.294612  0.0995493  -0.0629873  0.0995493  0.168722
0.302674  -0.127314  -0.0631056  -0.127314  0.294504  0.0995679  -0.0631056  0.0995679  0.168765
0.302674  -0.127301  -0.0631278  -0.127301  0.29449  0.0995746  -0.0631278  0.0995746  0.168774
0.302674  -0.127314  -0.0631056  -0.127314  0.294504  0.0995679  -0.0631056  0.0995679  0.168765
0.302659  -0.127381  -0.0629517  -0.127381  0.294589  0.0995201  -0.0629517  0.0995201  0.168707
0.302659  -0.127381  -0.0629517  -0.127381  0.294589  0.0995201  -0.0629517  0.0995201  0.168707
0.302664  -0.127282  -0.0630744  -0.127282  0.294456  0.0995308  -0.0630744  0.0995308  0.168751
0.302664  -0.127282  -0.0630744  -0.127282  0.294456  0.0995308  -0.0630744  0.0995308  0.168751
0.302666  -0.127393  -0.0629145  -0.127393  0.294579  0.0994917  -0.0629145  0.0994917  0.168686
0.302662  -0.127387  -0.0628968  -0.127387  0.294568  0.0994771  -0.0628968  0.0994771  0.168678
0.302673  -0.127327  -0.0630107  -0.127327  0.294486  0.0995036  -0.0630107  0.0995036  0.168719
0.302673  -0.127314  -0.0630329  -0.127314  0.294472  0.0995103  -0.0630329  0.0995103  0.168729
0.302674  -0.127301  -0.0630551  -0.127301  0.294458  0.099517  -0.0630551  0.099517  0.168738
0.302679  -0.127418  -0.0628403  -0.127418  0.29456  0.0994349  -0.0628403  0.0994349  0.168644
0.302686  -0.127365  -0.0629142  -0.127365  0.29448  0.09944  -0.0629142  0.09944  0.168668
0.302683  -0.127346  -0.0629186  -0.127346  0.294455  0.0994322  -0.0629186  0.0994322  0.16867
0.30268  -0.127313  -0.0629452  -0.127313  0.294416  0.099431  -0.0629452  0.099431  0.16868
0.302683  -0.127333  -0.0629408  -0.127333  0.294441  0.0994389  -0.0629408  0.0994389  0.168679
0.302676  -0.127386  -0.0627942  -0.127386  0.294488  0.0993762  -0.0627942  0.0993762  0.168618
0.302679  -0.127392  -0.062812  -0.127392  0.2945  0.0993908  -0.062812  0.0993908  0.168625
0.302683  -0.127333  -0.0628681  -0.127333  0.294409  0.0993814  -0.0628681  0.0993814  0.168642
0.30268  -0.127339  -0.0628281  -0.127339  0.294411  0.0993601  -0.0628281  0.0993601  0.168625
0.302679  -0.127366  -0.0627837  -0.127366  0.294439  0.0993467  -0.0627837  0.0993467  0.168607
0.302679  -0.127392  -0.0627393  -0.127392  0.294467  0.0993333  -0.0627393  0.0993333  0.168589
0.302673  -0.127301  -0.062837  -0.127301  0.29436  0.0993444  -0.062837  0.0993444  0.168628
0.302673  -0.127287  -0.0628591  -0.127287  0.294346  0.0993511  -0.0628591  0.0993511  0.168637
0.302669  -0.12736  -0.0627082  -0.12736  0.294419  0.0992963  -0.0627082  0.0992963  0.168575
0.302679  -0.127379  -0.0626889  -0.127379  0.294421  0.0992825  -0.0626889  0.0992825  0.168562
0.302675  -0.127386  -0.0626489  -0.127386  0.294423  0.0992613  -0.0626489  0.0992613  0.168545
0.30267  -0.127268  -0.0627909  -0.127268  0.294289  0.0992857  -0.0627909  0.0992857  0.168602
0.302674  -0.127274  -0.0628087  -0.127274  0.2943  0.0993003  -0.0628087  0.0993003  0.16861
0.302669  -0.127386  -0.0625912  -0.127386  0.294415  0.0992255  -0.0625912  0.0992255  0.168521
0.302668  -0.127399  -0.062569  -0.127399  0.294429  0.0992188  -0.062569  0.0992188  0.168512
0.302676  -0.12732  -0.0626872  -0.12732  0.294321  0.0992373  -0.0626872  0.0992373  0.168554
0.302673  -0.1273  -0.0626917  -0.1273  0.294296  0.0992295  -0.0626917  0.0992295  0.168556
0.302669  -0.127347  -0.0625852  -0.127347  0.29434  0.0991882  -0.0625852  0.0991882  0.168512
0.302669  -0.12736  -0.062563  -0.12736  0.294354  0.0991815  -0.062563  0.0991815  0.168503
0.302672  -0.127353  -0.0625303  -0.127353  0.294319  0.0991453  -0.0625303  0.0991453  0.168483
0.302669  -0.127334  -0.0625347  -0.127334  0.294294  0.0991375  -0.0625347  0.0991375  0.168485
0.302663  -0.127281  -0.0625658  -0.127281  0.294229  0.0991285  -0.0625658  0.0991285  0.168497
0.302666  -0.127301  -0.0625614  -0.127301  0.294255  0.0991363  -0.0625614  0.0991363  0.168495
0.302655  -0.127361  -0.0623751  -0.127361  0.294305  0.0990527  -0.0623751  0.0990527  0.168419
0.302655  -0.127348  -0.0623973  -0.127348  0.294291  0.0990594  -0.0623973  0.0990594  0.168428
0.302659  -0.127288  -0.0624533  -0.127288  0.2942  0.09905  -0.0624533  0.09905  0.168444
0.302653  -0.127276  -0.0624178  -0.127276  0.294177  0.099021  -0.0624178  0.099021  0.168429
0.302649  -0.127283  -0.062378  -0.127283  0.294179  0.0989998  -0.062378  0.0989998  0.168412
0.302645  -0.127316  -0.0622937  -0.127316  0.29421  0.0989653  -0.0622937  0.0989653  0.168378
0.302636  -0.127231  -0.0623514  -0.127231  0.294106  0.0989552  -0.0623514  0.0989552  0.1684
0.302633  -0.127212  -0.0623558  -0.127212  0.294081  0.0989474  -0.0623558  0.0989474  0.168401
0.302619  -0.127226  -0.0622185  -0.127226  0.294077  0.0988695  -0.0622185  0.0988695  0.168344
0.302622  -0.127245  -0.0622141  -0.127245  0.294103  0.0988773  -0.0622141  0.0988773  0.168343
0.302609  -0.127194  -0.0621876  -0.127194  0.294029  0.0988328  -0.0621876  0.0988328  0.168331
0.302606  -0.127161  -0.0622142  -0.127161  0.29399  0.0988316  -0.0622142  0.0988316  0.168341
0.30261  -0.127115  -0.062248  -0.127115  0.293913  0.0988156  -0.062248  0.0988156  0.168348
0.302589  -0.127182  -0.0620372  -0.127182  0.293989  0.0987328  -0.0620372  0.0987328  0.168268
0.302585  -0.127176  -0.0620195  -0.127176  0.293978  0.0987183  -0.0620195  0.0987183  0.16826
0.302567  -0.12706  -0.0620462  -0.12706  0.293826  0.0986716  -0.0620462  0.0986716  0.168269
0.302564  -0.127027  -0.0620728  -0.127027  0.293786  0.0986705  -0.0620728  0.0986705  0.168279
0.30255  -0.127028  -0.0619579  -0.127028  0.293769  0.0985995  -0.0619579  0.0985995  0.168231
0.30255  -0.127055  -0.0619136  -0.127055  0.293797  0.0985863  -0.0619136  0.0985863  0.168214
0.302546  -0.127075  -0.0618518  -0.127075  0.293814  0.0985586  -0.0618518  0.0985586  0.168189
0.302532  -0.126886  -0.0619565  -0.126886  0.293557  0.0985092  -0.0619565  0.0985092  0.168222
0.302528  -0.126866  -0.061961  -0.126866  0.293532  0.0985014  -0.061961  0.0985014  0.168223
0.302517  -0.126926  -0.0617755  -0.126926  0.293582  0.0984186  -0.0617755  0.0984186  0.168148
0.302514  -0.12692  -0.0617578  -0.12692  0.293571  0.0984042  -0.0617578  0.0984042  0.168141
0.302505  -0.126836  -0.0617432  -0.126836  0.293435  0.0983373  -0.0617432  0.0983373  0.168127
0.302499  -0.126797  -0.0617521  -0.126797  0.293385  0.0983218  -0.0617521  0.0983218  0.16813
0.30249  -0.126739  -0.0616934  -0.126739  0.293277  0.0982418  -0.0616934  0.0982418  0.168099
0.302489  -0.126752  -0.0616713  -0.126752  0.293291  0.0982352  -0.0616713  0.0982352  0.16809
0.302476  -0.126753  -0.0614847  -0.126753  0.293242  0.098108  -0.0614847  0.098108  0.168008
0.302473  -0.126734  -0.0614891  -0.126734  0.293217  0.0981003  -0.0614891  0.0981003  0.16801
0.302475  -0.126564  -0.0615596  -0.126564  0.29294  0.098016  -0.0615596  0.098016  0.168018
0.302472  -0.126558  -0.0615421  -0.126558  0.292929  0.0980017  -0.0615421  0.0980017  0.168011
0.302461  -0.126604  -0.0613071  -0.126604  0.292933  0.0978694  -0.0613071  0.0978694  0.167911
0.302461  -0.126604  -0.0613071  -0.126604  0.292933  0.0978694  -0.0613071  0.0978694  0.167911
0.30246  -0.126415  -0.0613821  -0.126415  0.292631  0.0977776  -0.0613821  0.0977776  0.16792
0.302467  -0.126401  -0.0613893  -0.126401  0.292594  0.0977628  -0.0613893  0.0977628  0.167917
0.30246  -0.126389  -0.0613542  -0.126389  0.292572  0.0977342  -0.0613542  0.0977342  0.167903
0.30246  -0.126441  -0.0611223  -0.126441  0.292564  0.0975953  -0.0611223  0.0975953  0.167799
0.30246  -0.126441  -0.0611223  -0.126441  0.292564  0.0975953  -0.0611223  0.0975953  0.167799
0.302462  -0.126271  -0.0611927  -0.126271  0.292288  0.0975113  -0.0611927  0.0975113  0.167807
0.302462  -0.126271  -0.0611927  -0.126271  0.292288  0.0975113  -0.0611927  0.0975113  0.167807
0.302448  -0.126299  -0.0609628  -0.126299  0.292267  0.0973721  -0.0609628  0.0973721  0.16771
0.302451  -0.126318  -0.0609583  -0.126318  0.292292  0.0973798  -0.0609583  0.0973798  0.167709
0.30245  -0.126168  -0.0609672  -0.126168  0.292033  0.0972688  -0.0609672  0.0972688  0.167692
0.30245  -0.126168  -0.0609672  -0.126168  0.292033  0.0972688  -0.0609672  0.0972688  0.167692
0.302447  -0.126136  -0.0608502  -0.126136  0.291931  0.0971555  -0.0608502  0.0971555  0.167634
0.302444  -0.126129  -0.0608327  -0.126129  0.29192  0.0971413  -0.0608327  0.0971413  0.167627
0.302441  -0.126071  -0.0607597  -0.126071  0.291791  0.0970411  -0.0607597  0.0970411  0.167585
0.302438  -0.126052  -0.0607641  -0.126052  0.291766  0.0970335  -0.0607641  0.0970335  0.167587
0.302433  -0.125948  -0.0607395  -0.125948  0.291583  0.0969387  -0.0607395  0.0969387  0.167564
0.302426  -0.125936  -0.0607046  -0.125936  0.291561  0.0969105  -0.0607046  0.0969105  0.167549
0.302429  -0.125968  -0.0606065  -0.125968  0.291569  0.0968557  -0.0606065  0.0968557  0.167506
0.302411  -0.125853  -0.0605619  -0.125853  0.291388  0.0967542  -0.0605619  0.0967542  0.16748
0.302408  -0.125833  -0.0605664  -0.125833  0.291363  0.0967466  -0.0605664  0.0967466  0.167481
0.302399  -0.125763  -0.0604587  -0.125763  0.291212  0.0966187  -0.0604587  0.0966187  0.167426
0.302395  -0.12577  -0.0604193  -0.12577  0.291214  0.0965982  -0.0604193  0.0965982  0.167411
0.302398  -0.125789  -0.0603433  -0.125789  0.291208  0.0965501  -0.0603433  0.0965501  0.167376
0.302378  -0.125616  -0.060369  -0.125616  0.290961  0.0964607  -0.060369  0.0964607  0.167377
0.302385  -0.125602  -0.0603761  -0.125602  0.290924  0.096446  -0.0603761  0.096446  0.167374
0.302365  -0.125578  -0.0601785  -0.125578  0.290841  0.0963  -0.0601785  0.0963  0.16729
0.302359  -0.125566  -0.0601438  -0.125566  0.290819  0.096272  -0.0601438  0.096272  0.167276
0.302359  -0.125553  -0.0600943  -0.125553  0.290774  0.0962229  -0.0600943  0.0962229  0.167251
0.302349  -0.125359  -0.0601664  -0.125359  0.290488  0.0961396  -0.0601664  0.0961396  0.167264
0.302349  -0.125359  -0.0601664  -0.125359  0.290488  0.0961396  -0.0601664  0.0961396  0.167264
0.302326  -0.125342  -0.05993  -0.125342  0.290408  0.0959737  -0.05993  0.0959737  0.167166
0.302326  -0.125355  -0.0599081  -0.125355  0.290422  0.0959673  -0.0599081  0.0959673  0.167158
0.302312  -0.125182  -0.0599192  -0.125182  0.290154  0.0958575  -0.0599192  0.0958575  0.167148
0.302312  -0.125169  -0.059941  -0.125169  0.29014  0.0958639  -0.059941  0.0958639  0.167156
0.30229  -0.125113  -0.0597705  -0.125113  0.290019  0.0957178  -0.0597705  0.0957178  0.167083
0.30229  -0.125126  -0.0597487  -0.125126  0.290032  0.0957114  -0.0597487  0.0957114  0.167075
0.302279  -0.125011  -0.0596899  -0.125011  0.289831  0.0955903  -0.0596899  0.0955903  0.167039
0.302276  -0.124992  -0.0596944  -0.124992  0.289806  0.0955828  -0.0596944  0.0955828  0.16704
0.302255  -0.124859  -0.0596549  -0.124859  0.289603  0.0954753  -0.0596549  0.0954753  0.167017
0.302255  -0.124872  -0.0596331  -0.124872  0.289617  0.095469  -0.0596331  0.095469  0.167009
0.302246  -0.124828  -0.0594828  -0.124828  0.289495  0.0953303  -0.0594828  0.0953303  0.16694
0.302243  -0.124809  -0.0594874  -0.124809  0.289471  0.0953228  -0.0594874  0.0953228  0.166941
0.30223  -0.124636  -0.0594985  -0.124636  0.289204  0.0952137  -0.0594985  0.0952137  0.16693
0.30223  -0.124636  -0.0594985  -0.124636  0.289204  0.0952137  -0.0594985  0.0952137  0.16693
0.302217  -0.124625  -0.0594079  -0.124625  0.289175  0.0951523  -0.0594079  0.0951523  0.166896
0.302205  -0.124549  -0.0592842  -0.124549  0.289015  0.095013  -0.0592842  0.095013  0.166836
0.302199  -0.124511  -0.0592932  -0.124511  0.288966  0.0949981  -0.0592932  0.0949981  0.166839
0.302192  -0.124389  -0.0592737  -0.124389  0.288763  0.094898  -0.0592737  0.094898  0.166818
0.302185  -0.124377  -0.0592393  -0.124377  0.288742  0.0948705  -0.0592393  0.0948705  0.166805
0.302176  -0.124385  -0.0591443  -0.124385  0.288737  0.0948168  -0.0591443  0.0948168  0.166769
0.302165  -0.124257  -0.0591077  -0.124257  0.288523  0.0947032  -0.0591077  0.0947032  0.166741
0.302165  -0.124257  -0.0591077  -0.124257  0.288523  0.0947032  -0.0591077  0.0947032  0.166741
0.302157  -0.124162  -0.0590449  -0.124162  0.288348  0.0945908  -0.0590449  0.0945908  0.166705
0.302154  -0.124156  -0.0590277  -0.124156  0.288338  0.0945772  -0.0590277  0.0945772  0.166698
0.302139  -0.1241  -0.0589147  -0.1241  0.288226  0.094467  -0.0589147  0.094467  0.166649
0.302133  -0.124075  -0.0589021  -0.124075  0.288191  0.094446  -0.0589021  0.094446  0.166644
0.302128  -0.12396  -0.0588998  -0.12396  0.288  0.0943601  -0.0588998  0.0943601  0.16663
0.302125  -0.123954  -0.0588827  -0.123954  0.28799  0.0943464  -0.0588827  0.0943464  0.166623
0.302116  -0.123949  -0.0588097  -0.123949  0.287971  0.0942993  -0.0588097  0.0942993  0.166596
0.302111  -0.123886  -0.058721  -0.123886  0.287834  0.0941887  -0.058721  0.0941887  0.166551
0.302108  -0.123867  -0.0587255  -0.123867  0.28781  0.0941813  -0.0587255  0.0941813  0.166552
0.302096  -0.123791  -0.0586731  -0.123791  0.287683  0.0940977  -0.0586731  0.0940977  0.166526
0.302103  -0.12379  -0.0586584  -0.12379  0.28766  0.094077  -0.0586584  0.094077  0.166515
0.302091  -0.123741  -0.0585629  -0.123741  0.28756  0.0939811  -0.0585629  0.0939811  0.166473
0.302088  -0.123735  -0.0585458  -0.123735  0.287549  0.0939675  -0.0585458  0.0939675  0.166467
0.302089  -0.123683  -0.0585618  -0.123683  0.287465  0.0939383  -0.0585618  0.0939383  0.166466
0.30208  -0.12364  -0.0584834  -0.12364  0.287375  0.0938561  -0.0584834  0.0938561  0.166431
0.302077  -0.123634  -0.0584663  -0.123634  0.287365  0.0938426  -0.0584663  0.0938426  0.166424
0.302075  -0.123576  -0.0583949  -0.123576  0.287239  0.093746  -0.0583949  0.093746  0.166386
0.302075  -0.123576  -0.0583949  -0.123576  0.287239  0.093746  -0.0583949  0.093746  0.166386
0.302073  -0.123506  -0.0583452  -0.123506  0.2871  0.0936558  -0.0583452  0.0936558  0.166356
0.30207  -0.1235  -0.0583281  -0.1235  0.28709  0.0936423  -0.0583281  0.0936423  0.166349
0.302058  -0.123464  -0.0582113  -0.123464  0.287004  0.0935407  -0.0582113  0.0935407  0.166301
0.302058  -0.123464  -0.0582113  -0.123464  0.287004  0.0935407  -0.0582113  0.0935407  0.166301
0.302059  -0.123425  -0.0582057  -0.123425  0.286933  0.0935055  -0.0582057  0.0935055  0.166292
0.302054  -0.123362  -0.0581175  -0.123362  0.286797  0.0933958  -0.0581175  0.0933958  0.166248
0.302039  -0.123332  -0.0580325  -0.123332  0.286744  0.0933285  -0.0580325  0.0933285  0.166217
0.302048  -0.123337  -0.0580349  -0.123337  0.286732  0.0933214  -0.0580349  0.0933214  0.166212
0.302039  -0.123294  -0.0580269  -0.123294  0.286674  0.0932934  -0.0580269  0.0932934  0.166209
0.302035  -0.123218  -0.0579604  -0.123218  0.286525  0.0931901  -0.0579604  0.0931901  0.166172
0.302032  -0.123212  -0.0579434  -0.123212  0.286515  0.0931767  -0.0579434  0.0931767  0.166166
0.302017  -0.123157  -0.0578315  -0.123157  0.286405  0.0930685  -0.0578315  0.0930685  0.166119
0.302011  -0.123132  -0.0578191  -0.123132  0.28637  0.0930478  -0.0578191  0.0930478  0.166114
0.302005  -0.123107  -0.0578066  -0.123107  0.286336  0.0930271  -0.0578066  0.0930271  0.166109
0.301991  -0.123039  -0.0577164  -0.123039  0.286213  0.0929252  -0.0577164  0.0929252  0.16607
0.301988  -0.123033  -0.0576994  -0.123033  0.286203  0.0929118  -0.0576994  0.0929118  0.166064
0.301965  -0.122961  -0.0576069  -0.122961  0.286092  0.0928172  -0.0576069  0.0928172  0.166029
0.301959  -0.122936  -0.0575945  -0.122936  0.286058  0.0927966  -0.0575945  0.0927966  0.166024
0.301942  -0.122836  -0.0575305  -0.122836  0.285898  0.0926938  -0.0575305  0.0926938  0.165994
0.301942  -0.122836  -0.0575305  -0.122836  0.285898  0.0926938  -0.0575305  0.0926938  0.165994
0.301913  -0.122765  -0.0573829  -0.122765  0.28578  0.0925668  -0.0573829  0.0925668  0.165939
0.30191  -0.122746  -0.0573875  -0.122746  0.285756  0.0925595  -0.0573875  0.0925595  0.165941
0.301878  -0.122617  -0.0573089  -0.122617  0.285575  0.0924437  -0.0573089  0.0924437  0.16591
0.301878  -0.122617  -0.0573089  -0.122617  0.285575  0.0924437  -0.0573089  0.0924437  0.16591
0.301843  -0.122521  -0.0571495  -0.122521  0.285424  0.0922967  -0.0571495  0.0922967  0.165852
0.301843  -0.122521  -0.0571495  -0.122521  0.285424  0.0922967  -0.0571495  0.0922967  0.165852
0.301829  -0.122466  -0.0571081  -0.122466  0.285345  0.0922426  -0.0571081  0.0922426  0.165836
0.30179  -0.122295  -0.0570222  -0.122295  0.285107  0.0920997  -0.0570222  0.0920997  0.165802
0.301767  -0.122235  -0.0569091  -0.122235  0.285011  0.0920001  -0.0569091  0.0920001  0.165761
0.301764  -0.12223  -0.0568923  -0.12223  0.285001  0.091987  -0.0568923  0.091987  0.165755
0.301722  -0.122066  -0.0567686  -0.122066  0.284766  0.0918255  -0.0567686  0.0918255  0.165709
0.301716  -0.122041  -0.0567564  -0.122041  0.284732  0.0918052  -0.0567564  0.0918052  0.165704
0.301702  -0.121987  -0.0567152  -0.121987  0.284654  0.0917514  -0.0567152  0.0917514  0.165689
0.301665  -0.121873  -0.0565614  -0.121873  0.284481  0.0915988  -0.0565614  0.0915988  0.165633
0.301663  -0.121867  -0.0565447  -0.121867  0.284471  0.0915857  -0.0565447  0.0915857  0.165627
0.301621  -0.121691  -0.0564429  -0.121691  0.284225  0.0914311  -0.0564429  0.0914311  0.165588
0.301618  -0.121685  -0.0564262  -0.121685  0.284214  0.091418  -0.0564262  0.091418  0.165583
0.301602  -0.121612  -0.0563898  -0.121612  0.284113  0.0913575  -0.0563898  0.0913575  0.165569
0.301554  -0.121501  -0.0561965  -0.121501  0.283956  0.0911939  -0.0561965  0.0911939  0.165505
0.301551  -0.121496  -0.0561798  -0.121496  0.283946  0.0911809  -0.0561798  0.0911809  0.1655
0.301513  -0.121326  -0.0560953  -0.121326  0.283711  0.0910402  -0.0560953  0.0910402  0.165468
0.301508  -0.121302  -0.0560832  -0.121302  0.283678  0.0910201  -0.0560832  0.0910201  0.165463
0.301472  -0.121202  -0.0559094  -0.121202  0.283519  0.0908633  -0.0559094  0.0908633  0.165402
0.301472  -0.121202  -0.0559094  -0.121202  0.283519  0.0908633  -0.0559094  0.0908633  0.165402
0.301434  -0.121045  -0.0558041  -0.121045  0.283299  0.0907174  -0.0558041  0.0907174  0.165364
0.301429  -0.121021  -0.0557921  -0.121021  0.283265  0.0906975  -0.0557921  0.0906975  0.165359
0.301415  -0.120967  -0.0557515  -0.120967  0.283188  0.0906446  -0.0557515  0.0906446  0.165344
0.301369  -0.120857  -0.0555597  -0.120857  0.283033  0.0904829  -0.0555597  0.0904829  0.165283
0.301366  -0.120852  -0.0555431  -0.120852  0.283023  0.09047  -0.0555431  0.09047  0.165278
0.301332  -0.120702  -0.0554549  -0.120702  0.282814  0.0903378  -0.0554549  0.0903378  0.165246
0.301329  -0.120683  -0.0554595  -0.120683  0.28279  0.0903308  -0.0554595  0.0903308  0.165247
0.301285  -0.12058  -0.0552848  -0.12058  0.282646  0.0901827  -0.0552848  0.0901827  0.165192
0.301283  -0.120574  -0.0552683  -0.120574  0.282636  0.0901699  -0.0552683  0.0901699  0.165187
0.301246  -0.120419  -0.055164  -0.120419  0.282417  0.0900256  -0.055164  0.0900256  0.165149
0.301244  -0.1204  -0.0551686  -0.1204  0.282394  0.0900186  -0.0551686  0.0900186  0.16515
0.301201  -0.120272  -0.0550366  -0.120272  0.282224  0.0898828  -0.0550366  0.0898828  0.16511
0.301169  -0.120191  -0.0549286  -0.120191  0.282121  0.0897868  -0.0549286  0.0897868  0.165078
0.301166  -0.120186  -0.0549121  -0.120186  0.282111  0.089774  -0.0549121  0.089774  0.165073
0.301153  -0.120132  -0.054872  -0.120132  0.282035  0.0897219  -0.054872  0.0897219  0.165059
0.301112  -0.119979  -0.0547827  -0.119979  0.28184  0.0895983  -0.0547827  0.0895983  0.165032
0.301112  -0.119979  -0.0547827  -0.119979  0.28184  0.0895983  -0.0547827  0.0895983  0.165032
0.301051  -0.119837  -0.0545628  -0.119837  0.281657  0.0894143  -0.0545628  0.0894143  0.164969
0.301051  -0.119837  -0.0545628  -0.119837  0.281657  0.0894143  -0.0545628  0.0894143  0.164969
0.301005  -0.119647  -0.0544832  -0.119647  0.281417  0.0892774  -0.0544832  0.0892774  0.164945
0.301  -0.119624  -0.0544714  -0.119624  0.281384  0.0892579  -0.0544714  0.0892579  0.164941
0.300945  -0.119493  -0.0542852  -0.119493  0.281222  0.0891001  -0.0542852  0.0891001  0.16489
0.30094  -0.11947  -0.0542735  -0.11947  0.281189  0.0890806  -0.0542735  0.0890806  0.164886
0.300879  -0.119247  -0.0541642  -0.119247  0.280921  0.0889196  -0.0541642  0.0889196  0.164857
0.300879  -0.119247  -0.0541642  -0.119247  0.280921  0.0889196  -0.0541642  0.0889196  0.164857
0.300815  -0.119071  -0.0539555  -0.119071  0.280694  0.088724  -0.0539555  0.088724  0.164799
0.30081  -0.119047  -0.0539439  -0.119047  0.280662  0.0887046  -0.0539439  0.0887046  0.164795
0.30075  -0.118851  -0.0537937  -0.118851  0.280421  0.0885334  -0.0537937  0.0885334  0.164755
0.300745  -0.118828  -0.0537821  -0.118828  0.280389  0.0885141  -0.0537821  0.0885141  0.164751
0.300718  -0.118729  -0.0537337  -0.118729  0.280272  0.088444  -0.0537337  0.088444  0.164739
0.300647  -0.118562  -0.0535035  -0.118562  0.280072  0.0882515  -0.0535035  0.0882515  0.16468
0.300645  -0.118556  -0.0534873  -0.118556  0.280063  0.0882391  -0.0534873  0.0882391  0.164675
0.300579  -0.118295  -0.0533729  -0.118295  0.279744  0.0880544  -0.0533729  0.0880544  0.164646
0.30053  -0.118148  -0.053247  -0.118148  0.279569  0.0879234  -0.053247  0.0879234  0.164615
0.300525  -0.118124  -0.0532356  -0.118124  0.279537  0.0879043  -0.0532356  0.0879043  0.164611
0.300499  -0.118064  -0.0531256  -0.118064  0.27946  0.0878183  -0.0531256  0.0878183  0.164582
0.300416  -0.117803  -0.0529713  -0.117803  0.27917  0.0876313  -0.0529713  0.0876313  0.164552
0.300411  -0.11778  -0.0529599  -0.11778  0.279138  0.0876123  -0.0529599  0.0876123  0.164548
0.30034  -0.117542  -0.0528035  -0.117542  0.27886  0.0874257  -0.0528035  0.0874257  0.164512
0.300328  -0.117514  -0.0527902  -0.117514  0.278841  0.0874137  -0.0527902  0.0874137  0.164513
0.300245  -0.117274  -0.0525798  -0.117274  0.27857  0.0872051  -0.0525798  0.0872051  0.164467
0.300235  -0.117252  -0.0525825  -0.117252  0.27856  0.0872054  -0.0525825  0.0872054  0.164472
0.300205  -0.117133  -0.052524  -0.117133  0.278414  0.087118  -0.052524  0.087118  0.164458
0.300123  -0.116894  -0.0523146  -0.116894  0.278145  0.0869105  -0.0523146  0.0869105  0.164413
0.300113  -0.116885  -0.0522968  -0.116885  0.278147  0.0869054  -0.0522968  0.0869054  0.164413
0.300033  -0.11661  -0.0521497  -0.11661  0.277842  0.0867149  -0.0521497  0.0867149  0.164386
0.300031  -0.116592  -0.0521544  -0.116592  0.27782  0.0867082  -0.0521544  0.0867082  0.164387
