0.316851  -0.147193  -0.078977  -0.147193  0.309984  0.112038  -0.078977  0.112038  0.173424
0.316851  -0.147193  -0.078977  -0.147193  0.309984  0.112038  -0.078977  0.112038  0.173424
0.316841  -0.14732  -0.0785137  -0.14732  0.310031  0.111765  -0.0785137  0.111765  0.173152
0.316849  -0.147348  -0.0784457  -0.147348  0.310038  0.111721  -0.0784457  0.111721  0.173109
0.316794  -0.147439  -0.0776149  -0.147439  0.309931  0.111156  -0.0776149  0.111156  0.172622
0.316719  -0.147053  -0.0774552  -0.147053  0.309268  0.110783  -0.0774552  0.110783  0.172494
0.316692  -0.146987  -0.0774199  -0.146987  0.309178  0.110728  -0.0774199  0.110728  0.172474
0.316543  -0.146571  -0.076798  -0.146571  0.308382  0.110022  -0.076798  0.110022  0.172087
0.316455  -0.14646  -0.0759316  -0.14646  0.307942  0.109299  -0.0759316  0.109299  0.171575
0.316443  -0.146432  -0.0758507  -0.146432  0.307874  0.109221  -0.0758507  0.109221  0.171527
0.31638  -0.145783  -0.0751409  -0.145783  0.306455  0.108165  -0.0751409  0.108165  0.171018
0.316385  -0.145733  -0.075114  -0.145733  0.306342  0.108097  -0.075114  0.108097  0.170991
0.316325  -0.145079  -0.0743068  -0.145079  0.304873  0.106958  -0.0743068  0.106958  0.170428
0.316298  -0.144711  -0.073606  -0.144711  0.303925  0.106109  -0.073606  0.106109  0.169966
0.316287  -0.144669  -0.073551  -0.144669  0.303843  0.106041  -0.073551  0.106041  0.169932
0.316221  -0.143919  -0.0729416  -0.143919  0.302305  0.105006  -0.0729416  0.105006  0.169485
0.316171  -0.143533  -0.0722852  -0.143533  0.301392  0.104211  -0.0722852  0.104211  0.169068
0.316166  -0.143514  -0.0722269  -0.143514  0.30134  0.104153  -0.0722269  0.104153  0.169033
0.316108  -0.14316  -0.0711732  -0.14316  0.300327  0.10307  -0.0711732  0.10307  0.168406
0.316103  -0.143141  -0.0711152  -0.143141  0.300276  0.103013  -0.0711152  0.103013  0.168373
0.316022  -0.14253  -0.0704754  -0.14253  0.29902  0.102094  -0.0704754  0.102094  0.167956
0.315915  -0.142164  -0.0698871  -0.142164  0.29828  0.101437  -0.0698871  0.101437  0.167623
0.315904  -0.142137  -0.0698093  -0.142137  0.298216  0.101365  -0.0698093  0.101365  0.167581
0.315662  -0.141618  -0.0686555  -0.141618  0.297185  0.100272  -0.0686555  0.100272  0.166986
0.315469  -0.14102  -0.0680497  -0.14102  0.296172  0.0995152  -0.0680497  0.0995152  0.166657
0.315452  -0.140956  -0.0680013  -0.140956  0.296065  0.0994438  -0.0680013  0.0994438  0.166629
0.315163  -0.140153  -0.0671057  -0.140153  0.294722  0.0983954  -0.0671057  0.0983954  0.166166
0.315146  -0.140104  -0.0670337  -0.140104  0.294632  0.0983172  -0.0670337  0.0983172  0.166129
0.314799  -0.13934  -0.0659003  -0.13934  0.293363  0.0971739  -0.0659003  0.0971739  0.165587
0.314777  -0.139269  -0.0658334  -0.139269  0.293245  0.097089  -0.0658334  0.097089  0.165552
0.314433  -0.138233  -0.0650634  -0.138233  0.291649  0.0960298  -0.0650634  0.0960298  0.16516
0.314191  -0.137627  -0.0643903  -0.137627  0.290694  0.0952788  -0.0643903  0.0952788  0.164844
0.314155  -0.137565  -0.0642984  -0.137565  0.290607  0.0951958  -0.0642984  0.0951958  0.164806
0.313787  -0.136753  -0.063222  -0.136753  0.289334  0.0941026  -0.063222  0.0941026  0.164329
0.313758  -0.136686  -0.0631736  -0.136686  0.289245  0.094043  -0.0631736  0.094043  0.164308
0.31342  -0.135725  -0.0624683  -0.135725  0.287824  0.093104  -0.0624683  0.093104  0.163981
0.313174  -0.135163  -0.0618587  -0.135163  0.286998  0.0924535  -0.0618587  0.0924535  0.163723
0.313159  -0.135117  -0.0617903  -0.135117  0.286913  0.0923807  -0.0617903  0.0923807  0.163692
0.312807  -0.134305  -0.060881  -0.134305  0.285707  0.0914201  -0.060881  0.0914201  0.163313
0.312773  -0.134232  -0.0608155  -0.134232  0.285609  0.0913484  -0.0608155  0.0913484  0.163288
0.312452  -0.133277  -0.0602115  -0.133277  0.284236  0.0904916  -0.0602115  0.0904916  0.16302
0.312206  -0.132697  -0.0596614  -0.132697  0.283419  0.089885  -0.0596614  0.089885  0.162803
0.312174  -0.132626  -0.0595969  -0.132626  0.283324  0.0898149  -0.0595969  0.0898149  0.162779
0.311843  -0.131848  -0.0588204  -0.131848  0.282221  0.088978  -0.0588204  0.088978  0.162479
0.311816  -0.131785  -0.0587748  -0.131785  0.282137  0.0889226  -0.0587748  0.0889226  0.162462
0.311476  -0.130908  -0.0581439  -0.130908  0.280946  0.0881371  -0.0581439  0.0881371  0.162221
0.311451  -0.130845  -0.0580988  -0.130845  0.280863  0.0880824  -0.0580988  0.0880824  0.162204
0.31111  -0.13013  -0.0573175  -0.13013  0.279898  0.0873087  -0.0573175  0.0873087  0.161932
0.310878  -0.129576  -0.0568769  -0.129576  0.279168  0.0868041  -0.0568769  0.0868041  0.161778
0.310853  -0.129514  -0.0568326  -0.129514  0.279087  0.0867505  -0.0568326  0.0867505  0.161763
0.310547  -0.128758  -0.0562678  -0.128758  0.278096  0.0860842  -0.0562678  0.0860842  0.161568
0.310522  -0.128697  -0.0562239  -0.128697  0.278016  0.0860312  -0.0562239  0.0860312  0.161553
0.310229  -0.128028  -0.0555885  -0.128028  0.277127  0.0853663  -0.0555885  0.0853663  0.161343
0.310041  -0.127492  -0.0552745  -0.127492  0.276418  0.0849339  -0.0552745  0.0849339  0.161232
0.310022  -0.127438  -0.0552487  -0.127438  0.276349  0.0848948  -0.0552487  0.0848948  0.161223
0.30977  -0.126757  -0.054781  -0.126757  0.275448  0.0843107  -0.054781  0.0843107  0.161065
0.309751  -0.126717  -0.0547334  -0.126717  0.275394  0.0842657  -0.0547334  0.0842657  0.16105
0.30949  -0.12609  -0.0541802  -0.12609  0.27457  0.0836696  -0.0541802  0.0836696  0.160876
0.309294  -0.125553  -0.0538545  -0.125553  0.273881  0.083243  -0.0538545  0.083243  0.160772
0.309276  -0.1255  -0.0538294  -0.1255  0.273814  0.0832049  -0.0538294  0.0832049  0.160764
0.309017  -0.124884  -0.0532989  -0.124884  0.273026  0.0826386  -0.0532989  0.0826386  0.160607
0.308999  -0.124844  -0.0532522  -0.124844  0.272973  0.0825948  -0.0532522  0.0825948  0.160593
0.308764  -0.124263  -0.0527399  -0.124263  0.272213  0.0820456  -0.0527399  0.0820456  0.160441
0.30875  -0.12423  -0.0527106  -0.12423  0.27217  0.0820146  -0.0527106  0.0820146  0.160432
0.308525  -0.123594  -0.0523266  -0.123594  0.27136  0.0815126  -0.0523266  0.0815126  0.160317
0.308393  -0.123256  -0.0519869  -0.123256  0.270898  0.0811618  -0.0519869  0.0811618  0.160216
0.308376  -0.123218  -0.0519411  -0.123218  0.270846  0.081119  -0.0519411  0.081119  0.160203
0.308185  -0.122674  -0.0514912  -0.122674  0.270108  0.0806047  -0.0514912  0.0806047  0.160067
0.308172  -0.122642  -0.0514624  -0.122642  0.270066  0.0805743  -0.0514624  0.0805743  0.160059
0.308015  -0.122162  -0.0510574  -0.122162  0.269395  0.0801054  -0.0510574  0.0801054  0.159933
0.307925  -0.121901  -0.0507285  -0.121901  0.268995  0.0797782  -0.0507285  0.0797782  0.159832
0.307908  -0.121863  -0.0506834  -0.121863  0.268944  0.0797364  -0.0506834  0.0797364  0.15982
0.307805  -0.121456  -0.0503264  -0.121456  0.268316  0.0792995  -0.0503264  0.0792995  0.159698
0.307808  -0.121435  -0.0503159  -0.121435  0.268272  0.0792744  -0.0503159  0.0792744  0.15969
0.307717  -0.121112  -0.0499041  -0.121112  0.26774  0.0788471  -0.0499041  0.0788471  0.159557
0.307662  -0.120892  -0.0496098  -0.120892  0.267362  0.0785409  -0.0496098  0.0785409  0.15946
0.30765  -0.120861  -0.0495817  -0.120861  0.267322  0.0785115  -0.0495817  0.0785115  0.159453
0.307582  -0.120496  -0.0492595  -0.120496  0.266718  0.078097  -0.0492595  0.078097  0.159336
0.30757  -0.120465  -0.0492315  -0.120465  0.266678  0.0780678  -0.0492315  0.0780678  0.159329
0.307503  -0.120205  -0.0488111  -0.120205  0.266207  0.0776583  -0.0488111  0.0776583  0.159196
0.307483  -0.12004  -0.0485976  -0.12004  0.26589  0.0774132  -0.0485976  0.0774132  0.159118
0.307471  -0.120009  -0.0485698  -0.120009  0.26585  0.0773844  -0.0485698  0.0773844  0.159111
0.30743  -0.119726  -0.0482331  -0.119726  0.265328  0.0769924  -0.0482331  0.0769924  0.158991
0.307422  -0.119714  -0.0482007  -0.119714  0.265311  0.0769696  -0.0482007  0.0769696  0.158984
0.307369  -0.119478  -0.0477804  -0.119478  0.264855  0.0765648  -0.0477804  0.0765648  0.158853
0.30733  -0.119258  -0.0475299  -0.119258  0.264471  0.0762777  -0.0475299  0.0762777  0.15877
0.307328  -0.119231  -0.0475035  -0.119231  0.264419  0.0762422  -0.0475035  0.0762422  0.158759
0.307291  -0.11898  -0.0471443  -0.11898  0.263938  0.0758564  -0.0471443  0.0758564  0.15864
0.307289  -0.118953  -0.047118  -0.118953  0.263887  0.075821  -0.047118  0.075821  0.15863
0.307251  -0.118728  -0.0467183  -0.118728  0.263434  0.0754264  -0.0467183  0.0754264  0.158505
0.307239  -0.118698  -0.0466911  -0.118698  0.263395  0.0753985  -0.0466911  0.0753985  0.1585
0.307229  -0.11845  -0.0464405  -0.11845  0.262915  0.0750648  -0.0464405  0.0750648  0.158401
0.307222  -0.118322  -0.0462065  -0.118322  0.262627  0.0748209  -0.0462065  0.0748209  0.158322
0.307219  -0.118316  -0.0461906  -0.118316  0.262619  0.0748098  -0.0461906  0.0748098  0.158319
0.30722  -0.118128  -0.0458749  -0.118128  0.262188  0.0744609  -0.0458749  0.0744609  0.158207
0.307222  -0.117987  -0.0457149  -0.117987  0.261894  0.0742513  -0.0457149  0.0742513  0.158143
0.307224  -0.117978  -0.045684  -0.117978  0.261865  0.0742223  -0.045684  0.0742223  0.158133
0.307221  -0.117845  -0.0453689  -0.117845  0.261533  0.0739176  -0.0453689  0.0739176  0.158033
0.307209  -0.117815  -0.0453421  -0.117815  0.261495  0.0738902  -0.0453421  0.0738902  0.158027
0.307213  -0.117642  -0.0450746  -0.117642  0.261106  0.0735847  -0.0450746  0.0735847  0.157932
0.307211  -0.117615  -0.0450487  -0.117615  0.261056  0.0735504  -0.0450487  0.0735504  0.157923
0.307219  -0.117452  -0.0447462  -0.117452  0.26066  0.0732228  -0.0447462  0.0732228  0.157818
0.307222  -0.117327  -0.0445155  -0.117327  0.260364  0.0729771  -0.0445155  0.0729771  0.157741
0.307218  -0.117321  -0.0444998  -0.117321  0.260356  0.0729663  -0.0444998  0.0729663  0.157738
0.307237  -0.117123  -0.0442605  -0.117123  0.259912  0.0726497  -0.0442605  0.0726497  0.157642
0.307256  -0.117022  -0.044093  -0.117022  0.259652  0.0724482  -0.044093  0.0724482  0.157577
0.307257  -0.117013  -0.0440624  -0.117013  0.259623  0.0724197  -0.0440624  0.0724197  0.157567
0.307277  -0.116868  -0.0438084  -0.116868  0.259256  0.0721282  -0.0438084  0.0721282  0.157475
0.307279  -0.116859  -0.0437778  -0.116859  0.259227  0.0720999  -0.0437778  0.0720999  0.157466
0.307306  -0.116712  -0.0435757  -0.116712  0.258865  0.0718357  -0.0435757  0.0718357  0.157383
0.307312  -0.116709  -0.0435608  -0.116709  0.258844  0.071818  -0.0435608  0.071818  0.157376
0.307333  -0.116603  -0.0433124  -0.116603  0.25854  0.0715567  -0.0433124  0.0715567  0.157291
0.307349  -0.11651  -0.0431761  -0.11651  0.258311  0.0713857  -0.0431761  0.0713857  0.157238
0.307345  -0.116505  -0.0431605  -0.116505  0.258303  0.0713752  -0.0431605  0.0713752  0.157236
0.30738  -0.116394  -0.0429491  -0.116394  0.257983  0.0711236  -0.0429491  0.0711236  0.157153
0.307376  -0.116388  -0.0429336  -0.116388  0.257975  0.0711131  -0.0429336  0.0711131  0.157151
0.307397  -0.116269  -0.0427062  -0.116269  0.257661  0.0708589  -0.0427062  0.0708589  0.157072
0.3074  -0.116155  -0.0425745  -0.116155  0.257424  0.070691  -0.0425745  0.070691  0.157025
0.307405  -0.116152  -0.0425596  -0.116152  0.257404  0.0706735  -0.0425596  0.0706735  0.157018
0.307407  -0.116027  -0.0423315  -0.116027  0.257115  0.0704348  -0.0423315  0.0704348  0.156949
0.307412  -0.116024  -0.0423167  -0.116024  0.257095  0.0704173  -0.0423167  0.0704173  0.156942
0.307432  -0.115901  -0.0421406  -0.115901  0.256798  0.0701979  -0.0421406  0.0701979  0.156877
0.307451  -0.115826  -0.042  -0.115826  0.256591  0.0700346  -0.042  0.0700346  0.156826
0.307457  -0.115811  -0.0420055  -0.115811  0.256559  0.0700223  -0.0420055  0.0700223  0.156822
0.307477  -0.11574  -0.0418143  -0.11574  0.256336  0.0698264  -0.0418143  0.0698264  0.15676
0.30747  -0.115716  -0.0418039  -0.115716  0.256308  0.069811  -0.0418039  0.069811  0.156758
0.3075  -0.115622  -0.041654  -0.115622  0.256049  0.0696187  -0.041654  0.0696187  0.156698
0.307514  -0.11555  -0.0415285  -0.11555  0.255863  0.0694737  -0.0415285  0.0694737  0.156654
0.307523  -0.115553  -0.041529  -0.115553  0.255851  0.0694666  -0.041529  0.0694666  0.15665
0.307553  -0.115472  -0.0413589  -0.115472  0.255605  0.0692698  -0.0413589  0.0692698  0.156587
0.307553  -0.115472  -0.0413589  -0.115472  0.255605  0.0692698  -0.0413589  0.0692698  0.156587
0.307593  -0.115368  -0.0412299  -0.115368  0.255323  0.0690766  -0.0412299  0.0690766  0.156526
0.307623  -0.115323  -0.0411154  -0.115323  0.255154  0.0689404  -0.0411154  0.0689404  0.15648
0.307628  -0.11532  -0.0411005  -0.11532  0.255133  0.0689232  -0.0411005  0.0689232  0.156474
0.307677  -0.115231  -0.0409516  -0.115231  0.254852  0.0687184  -0.0409516  0.0687184  0.156406
0.307677  -0.115231  -0.0409516  -0.115231  0.254852  0.0687184  -0.0409516  0.0687184  0.156406
0.307716  -0.11514  -0.0408023  -0.11514  0.254583  0.068521  -0.0408023  0.068521  0.156343
0.307733  -0.115086  -0.0406721  -0.115086  0.254419  0.0683826  -0.0406721  0.0683826  0.156301
0.307738  -0.115083  -0.0406573  -0.115083  0.254399  0.0683654  -0.0406573  0.0683654  0.156295
0.307807  -0.115026  -0.0405343  -0.115026  0.254141  0.0681796  -0.0405343  0.0681796  0.156227
0.307813  -0.115023  -0.0405194  -0.115023  0.254121  0.0681624  -0.0405194  0.0681624  0.156221
0.307867  -0.114979  -0.0403907  -0.114979  0.253909  0.0679961  -0.0403907  0.0679961  0.156161
0.307872  -0.114976  -0.0403758  -0.114976  0.253889  0.067979  -0.0403758  0.067979  0.156155
0.30793  -0.114937  -0.0402623  -0.114937  0.253685  0.0678228  -0.0402623  0.0678228  0.156098
0.307985  -0.114929  -0.0401887  -0.114929  0.253548  0.067716  -0.0401887  0.067716  0.156054
0.307994  -0.114932  -0.0401891  -0.114932  0.253536  0.0677089  -0.0401891  0.0677089  0.15605
0.30806  -0.114917  -0.0400856  -0.114917  0.253359  0.067568  -0.0400856  0.067568  0.155994
0.308109  -0.114912  -0.0400268  -0.114912  0.253243  0.0674784  -0.0400268  0.0674784  0.155957
0.308105  -0.114906  -0.0400116  -0.114906  0.253235  0.0674684  -0.0400116  0.0674684  0.155955
0.308175  -0.114897  -0.0399232  -0.114897  0.253067  0.0673377  -0.0399232  0.0673377  0.155901
0.308188  -0.114918  -0.0399185  -0.114918  0.253075  0.0673355  -0.0399185  0.0673355  0.155897
0.308267  -0.114911  -0.0398303  -0.114911  0.252894  0.0671977  -0.0398303  0.0671977  0.155839
0.308267  -0.114911  -0.0398303  -0.114911  0.252894  0.0671977  -0.0398303  0.0671977  0.155839
0.308332  -0.114918  -0.0397364  -0.114918  0.252758  0.067079  -0.0397364  0.067079  0.155789
0.308362  -0.114907  -0.0396769  -0.114907  0.252666  0.0670038  -0.0396769  0.0670038  0.155761
0.308372  -0.11491  -0.0396771  -0.11491  0.252654  0.0669967  -0.0396771  0.0669967  0.155756
0.30844  -0.114922  -0.0395983  -0.114922  0.252525  0.066888  -0.0395983  0.066888  0.155709
0.30844  -0.114922  -0.0395983  -0.114922  0.252525  0.066888  -0.0395983  0.066888  0.155709
0.30851  -0.114912  -0.0395094  -0.114912  0.252357  0.0667576  -0.0395094  0.0667576  0.155656
0.308564  -0.114925  -0.0394452  -0.114925  0.252261  0.0666731  -0.0394452  0.0666731  0.155618
0.308564  -0.114925  -0.0394452  -0.114925  0.252261  0.0666731  -0.0394452  0.0666731  0.155618
0.30863  -0.114909  -0.0393409  -0.114909  0.252085  0.0665329  -0.0393409  0.0665329  0.155564
0.30863  -0.114909  -0.0393409  -0.114909  0.252085  0.0665329  -0.0393409  0.0665329  0.155564
0.308699  -0.114911  -0.0392316  -0.114911  0.251929  0.0663975  -0.0392316  0.0663975  0.155509
0.308749  -0.114905  -0.0391721  -0.114905  0.251813  0.0663084  -0.0391721  0.0663084  0.155473
0.308755  -0.114902  -0.0391571  -0.114902  0.251793  0.0662914  -0.0391571  0.0662914  0.155467
0.308829  -0.114897  -0.039083  -0.114897  0.251633  0.0661711  -0.039083  0.0661711  0.155416
0.308829  -0.114897  -0.039083  -0.114897  0.251633  0.0661711  -0.039083  0.0661711  0.155416
0.308903  -0.114905  -0.0389885  -0.114905  0.251485  0.0660458  -0.0389885  0.0660458  0.155363
0.308949  -0.114893  -0.0389137  -0.114893  0.251361  0.0659469  -0.0389137  0.0659469  0.155325
0.308959  -0.114895  -0.0389139  -0.114895  0.251349  0.0659399  -0.0389139  0.0659399  0.155321
0.309025  -0.114879  -0.038809  -0.114879  0.251173  0.0658001  -0.038809  0.0658001  0.155268
0.309025  -0.114879  -0.038809  -0.114879  0.251173  0.0658001  -0.038809  0.0658001  0.155268
0.3091  -0.114877  -0.038684  -0.114877  0.250998  0.0656483  -0.038684  0.0656483  0.155208
0.309142  -0.114859  -0.0385938  -0.114859  0.250867  0.0655398  -0.0385938  0.0655398  0.155169
0.309151  -0.114861  -0.0385939  -0.114861  0.250855  0.0655327  -0.0385939  0.0655327  0.155165
0.309205  -0.114814  -0.0384636  -0.114814  0.250644  0.065369  -0.0384636  0.065369  0.15511
0.309215  -0.114816  -0.0384637  -0.114816  0.250632  0.0653619  -0.0384637  0.0653619  0.155105
0.309268  -0.114781  -0.038313  -0.114781  0.250434  0.0651933  -0.038313  0.0651933  0.155048
0.309315  -0.114747  -0.0382278  -0.114747  0.250271  0.0650733  -0.0382278  0.0650733  0.155006
0.30932  -0.114743  -0.0382127  -0.114743  0.250252  0.0650565  -0.0382127  0.0650565  0.155001
0.309378  -0.114714  -0.0380771  -0.114714  0.250061  0.064898  -0.0380771  0.064898  0.154946
0.309387  -0.114717  -0.0380772  -0.114717  0.250049  0.0648909  -0.0380772  0.0648909  0.154941
0.309451  -0.114671  -0.0379466  -0.114671  0.249827  0.0647208  -0.0379466  0.0647208  0.154883
0.309489  -0.114624  -0.0378309  -0.114624  0.24965  0.0645819  -0.0378309  0.0645819  0.154838
0.309499  -0.114627  -0.037831  -0.114627  0.249638  0.0645748  -0.037831  0.0645748  0.154834
0.309561  -0.114594  -0.03768  -0.114594  0.249428  0.0644001  -0.03768  0.0644001  0.154774
0.309567  -0.11459  -0.0376649  -0.11459  0.249409  0.0643833  -0.0376649  0.0643833  0.154769
0.30964  -0.114534  -0.0375543  -0.114534  0.249163  0.0642118  -0.0375543  0.0642118  0.154708
0.309696  -0.114513  -0.0374485  -0.114513  0.249001  0.0640806  -0.0374485  0.0640806  0.154661
0.309696  -0.114513  -0.0374485  -0.114513  0.249001  0.0640806  -0.0374485  0.0640806  0.154661
0.309722  -0.114495  -0.0373729  -0.114495  0.248902  0.063997  -0.0373729  0.063997  0.154634
0.309785  -0.114449  -0.0372419  -0.114449  0.248681  0.063828  -0.0372419  0.063828  0.154577
0.309832  -0.114413  -0.0371562  -0.114413  0.24852  0.0637092  -0.0371562  0.0637092  0.154536
0.309838  -0.114409  -0.037141  -0.114409  0.2485  0.0636925  -0.037141  0.0636925  0.154531
0.309901  -0.114353  -0.0369796  -0.114353  0.248252  0.0634977  -0.0369796  0.0634977  0.154467
0.309911  -0.114355  -0.0369796  -0.114355  0.24824  0.0634906  -0.0369796  0.0634906  0.154463
0.309961  -0.114278  -0.0368233  -0.114278  0.247985  0.0632986  -0.0368233  0.0632986  0.154405
0.309966  -0.114275  -0.0368082  -0.114275  0.247966  0.063282  -0.0368082  0.063282  0.1544
0.310034  -0.114224  -0.0366617  -0.114224  0.247726  0.0630973  -0.0366617  0.0630973  0.154338
0.31008  -0.1142  -0.0365555  -0.1142  0.247577  0.0629741  -0.0365555  0.0629741  0.154297
0.310076  -0.114194  -0.0365405  -0.114194  0.247569  0.0629646  -0.0365405  0.0629646  0.154296
0.31013  -0.114122  -0.0363991  -0.114122  0.247322  0.0627829  -0.0363991  0.0627829  0.15424
0.310135  -0.114118  -0.0363839  -0.114118  0.247303  0.0627664  -0.0363839  0.0627664  0.154235
0.310213  -0.114059  -0.0362069  -0.114059  0.247025  0.0625493  -0.0362069  0.0625493  0.154164
0.310251  -0.114011  -0.0360907  -0.114011  0.246849  0.0624128  -0.0360907  0.0624128  0.154123
0.310256  -0.114007  -0.0360756  -0.114007  0.24683  0.0623963  -0.0360756  0.0623963  0.154118
0.310291  -0.113934  -0.0358841  -0.113934  0.246593  0.0621987  -0.0358841  0.0621987  0.154064
0.3103  -0.113936  -0.0358839  -0.113936  0.246581  0.0621916  -0.0358839  0.0621916  0.15406
0.31035  -0.113848  -0.0356972  -0.113848  0.246301  0.0619759  -0.0356972  0.0619759  0.153998
0.310345  -0.113842  -0.0356823  -0.113842  0.246294  0.0619666  -0.0356823  0.0619666  0.153998
0.310409  -0.113774  -0.0354902  -0.113774  0.246022  0.0617486  -0.0354902  0.0617486  0.153932
0.310447  -0.113703  -0.035364  -0.113703  0.245808  0.0615923  -0.035364  0.0615923  0.153888
0.310452  -0.113699  -0.0353488  -0.113699  0.245789  0.0615759  -0.0353488  0.0615759  0.153883
0.310516  -0.113618  -0.0351768  -0.113618  0.245505  0.0613637  -0.0351768  0.0613637  0.153819
0.310521  -0.113614  -0.0351616  -0.113614  0.245486  0.0613473  -0.0351616  0.0613473  0.153814
0.31058  -0.113527  -0.0349746  -0.113527  0.245195  0.0611262  -0.0349746  0.0611262  0.15375
0.310585  -0.113524  -0.0349594  -0.113524  0.245176  0.0611099  -0.0349594  0.0611099  0.153745
0.310663  -0.113437  -0.0348218  -0.113437  0.244876  0.0609056  -0.0348218  0.0609056  0.15368
0.310701  -0.113378  -0.0346754  -0.113378  0.244676  0.0607455  -0.0346754  0.0607455  0.153636
0.310706  -0.113374  -0.0346602  -0.113374  0.244657  0.0607292  -0.0346602  0.0607292  0.153631
0.31076  -0.113281  -0.0344581  -0.113281  0.24436  0.0605001  -0.0344581  0.0605001  0.153568
0.310765  -0.113277  -0.0344429  -0.113277  0.244341  0.0604839  -0.0344429  0.0604839  0.153564
0.310818  -0.113193  -0.0342709  -0.113193  0.244071  0.0602807  -0.0342709  0.0602807  0.153507
0.310819  -0.11317  -0.0342609  -0.11317  0.244033  0.0602603  -0.0342609  0.0602603  0.153502
0.310862  -0.113087  -0.0340392  -0.113087  0.243761  0.0600343  -0.0340392  0.0600343  0.153444
0.310905  -0.113011  -0.0338976  -0.113011  0.243531  0.0598643  -0.0338976  0.0598643  0.153398
0.310911  -0.112994  -0.0339024  -0.112994  0.2435  0.0598531  -0.0339024  0.0598531  0.153393
0.310945  -0.112876  -0.0336412  -0.112876  0.243176  0.0595895  -0.0336412  0.0595895  0.153331
0.310968  -0.112796  -0.0335005  -0.112796  0.242971  0.0594343  -0.0335005  0.0594343  0.153294
0.310973  -0.112792  -0.0334853  -0.112792  0.242952  0.0594182  -0.0334853  0.0594182  0.15329
0.311012  -0.112667  -0.0332591  -0.112667  0.242625  0.0591699  -0.0332591  0.0591699  0.15323
0.311018  -0.112663  -0.0332439  -0.112663  0.242606  0.0591538  -0.0332439  0.0591538  0.153225
0.311066  -0.112553  -0.0329973  -0.112553  0.242279  0.0588942  -0.0329973  0.0588942  0.153162
0.311071  -0.112549  -0.0329821  -0.112549  0.24226  0.0588782  -0.0329821  0.0588782  0.153157
0.311124  -0.112431  -0.0327702  -0.112431  0.241929  0.0586332  -0.0327702  0.0586332  0.153095
0.31117  -0.112372  -0.0326233  -0.112372  0.24172  0.0584695  -0.0326233  0.0584695  0.153051
0.311171  -0.112349  -0.0326134  -0.112349  0.241682  0.0584495  -0.0326134  0.0584495  0.153047
0.311228  -0.112249  -0.0323962  -0.112249  0.241371  0.0582096  -0.0323962  0.0582096  0.152986
0.311233  -0.112245  -0.032381  -0.112245  0.241352  0.0581936  -0.032381  0.0581936  0.152982
0.311275  -0.112137  -0.0321498  -0.112137  0.241047  0.0579524  -0.0321498  0.0579524  0.152926
0.311307  -0.112058  -0.0320088  -0.112058  0.240831  0.0577928  -0.0320088  0.0577928  0.152887
0.311312  -0.112054  -0.0319936  -0.112054  0.240812  0.057777  -0.0319936  0.057777  0.152883
0.311359  -0.111951  -0.0317771  -0.111951  0.240515  0.0575456  -0.0317771  0.0575456  0.152828
0.311364  -0.111947  -0.0317618  -0.111947  0.240496  0.0575297  -0.0317618  0.0575297  0.152824
0.311392  -0.111819  -0.0315368  -0.111819  0.240186  0.0572932  -0.0315368  0.0572932  0.152774
0.311418  -0.111733  -0.0313813  -0.111733  0.239965  0.057126  -0.0313813  0.057126  0.152737
0.311423  -0.111729  -0.031366  -0.111729  0.239946  0.0571103  -0.031366  0.0571103  0.152733
0.31146  -0.111602  -0.0311405  -0.111602  0.239624  0.0568679  -0.0311405  0.0568679  0.15268
0.311478  -0.111492  -0.0309759  -0.111492  0.239379  0.0566889  -0.0309759  0.0566889  0.152644
0.311483  -0.111488  -0.0309607  -0.111488  0.23936  0.0566732  -0.0309607  0.0566732  0.15264
0.311505  -0.111354  -0.0307216  -0.111354  0.239045  0.0564304  -0.0307216  0.0564304  0.152593
0.31151  -0.111349  -0.0307064  -0.111349  0.239026  0.0564147  -0.0307064  0.0564147  0.152589
0.311533  -0.111202  -0.0304873  -0.111202  0.2387  0.0561775  -0.0304873  0.0561775  0.152543
0.311538  -0.111198  -0.0304721  -0.111198  0.238682  0.0561619  -0.0304721  0.0561619  0.152539
0.311574  -0.111071  -0.030247  -0.111071  0.238363  0.0559221  -0.030247  0.0559221  0.152489
0.311595  -0.110966  -0.0300973  -0.110966  0.238126  0.0557537  -0.0300973  0.0557537  0.152455
0.311595  -0.110956  -0.0300676  -0.110956  0.2381  0.0557296  -0.0300676  0.0557296  0.152452
0.311627  -0.11081  -0.0298481  -0.11081  0.237764  0.0554873  -0.0298481  0.0554873  0.152403
0.311648  -0.110717  -0.0296788  -0.110717  0.23754  0.0553149  -0.0296788  0.0553149  0.152371
0.311653  -0.110713  -0.0296636  -0.110713  0.237521  0.0552995  -0.0296636  0.0552995  0.152367
0.311679  -0.110584  -0.0294397  -0.110584  0.237217  0.055069  -0.0294397  0.055069  0.152324
0.311674  -0.110555  -0.0294155  -0.110555  0.237173  0.0550414  -0.0294155  0.0550414  0.152321
0.3117  -0.110426  -0.0291919  -0.110426  0.236869  0.0548117  -0.0291919  0.0548117  0.152279
0.31172  -0.110333  -0.0290229  -0.110333  0.236646  0.0546407  -0.0290229  0.0546407  0.152247
0.311725  -0.110329  -0.0290076  -0.110329  0.236628  0.0546254  -0.0290076  0.0546254  0.152244
0.311755  -0.110194  -0.028769  -0.110194  0.236306  0.0543814  -0.028769  0.0543814  0.152199
0.311746  -0.110183  -0.0287404  -0.110183  0.236293  0.0543647  -0.0287404  0.0543647  0.152201
0.311776  -0.110048  -0.028502  -0.110048  0.235972  0.0541215  -0.028502  0.0541215  0.152157
0.311795  -0.109955  -0.0283333  -0.109955  0.235751  0.053952  -0.0283333  0.053952  0.152128
0.311796  -0.109933  -0.0283235  -0.109933  0.235714  0.0539331  -0.0283235  0.0539331  0.152124
0.31183  -0.109804  -0.0280996  -0.109804  0.235401  0.0536995  -0.0280996  0.0536995  0.152081
0.311835  -0.109799  -0.0280844  -0.109799  0.235383  0.0536843  -0.0280844  0.0536843  0.152078
0.311855  -0.109663  -0.0278473  -0.109663  0.235076  0.05345  -0.0278473  0.05345  0.152041
0.311884  -0.109571  -0.0276779  -0.109571  0.234843  0.0532749  -0.0276779  0.0532749  0.152009
0.311879  -0.109565  -0.0276637  -0.109565  0.234837  0.0532667  -0.0276637  0.0532667  0.15201
0.311922  -0.109436  -0.027439  -0.109436  0.234513  0.053028  -0.027439  0.053028  0.151965
0.311927  -0.109432  -0.0274238  -0.109432  0.234495  0.0530128  -0.0274238  0.0530128  0.151962
0.311955  -0.109286  -0.0271568  -0.109286  0.234153  0.0527503  -0.0271568  0.0527503  0.15192
0.311955  -0.109264  -0.0271471  -0.109264  0.234117  0.0527318  -0.0271471  0.0527318  0.151917
0.311993  -0.109129  -0.0269085  -0.109129  0.233789  0.0524865  -0.0269085  0.0524865  0.151875
0.312012  -0.109035  -0.0267404  -0.109035  0.23357  0.0523202  -0.0267404  0.0523202  0.151849
0.312012  -0.109025  -0.0267112  -0.109025  0.233546  0.0522971  -0.0267112  0.0522971  0.151847
0.312035  -0.108883  -0.0264599  -0.108883  0.233224  0.0520518  -0.0264599  0.0520518  0.151812
0.31203  -0.108855  -0.0264361  -0.108855  0.233182  0.0520254  -0.0264361  0.0520254  0.151809
0.312058  -0.108709  -0.0261699  -0.108709  0.232844  0.0517661  -0.0261699  0.0517661  0.151772
0.312062  -0.108704  -0.0261547  -0.108704  0.232825  0.0517512  -0.0261547  0.0517512  0.151769
0.312085  -0.108562  -0.0259038  -0.108562  0.232506  0.0515076  -0.0259038  0.0515076  0.151735
0.312103  -0.108468  -0.0257363  -0.108468  0.232289  0.0513433  -0.0257363  0.0513433  0.151712
0.312107  -0.108463  -0.0257211  -0.108463  0.232271  0.0513285  -0.0257211  0.0513285  0.151709
0.31212  -0.10832  -0.0254718  -0.10832  0.231964  0.051093  -0.0254718  0.051093  0.151681
0.312125  -0.108315  -0.0254566  -0.108315  0.231946  0.0510782  -0.0254566  0.0510782  0.151679
0.312151  -0.108179  -0.0252202  -0.108179  0.231634  0.0508446  -0.0252202  0.0508446  0.151646
0.312169  -0.108084  -0.025053  -0.108084  0.231419  0.0506817  -0.025053  0.0506817  0.151625
0.31216  -0.108061  -0.0250447  -0.108061  0.231395  0.0506706  -0.0250447  0.0506706  0.151626
0.312172  -0.107917  -0.024796  -0.107917  0.23109  0.0504372  -0.024796  0.0504372  0.1516
0.312172  -0.107907  -0.024767  -0.107907  0.231066  0.0504147  -0.024767  0.0504147  0.151599
0.312179  -0.107745  -0.0245241  -0.107745  0.230745  0.0501789  -0.0245241  0.0501789  0.151574
0.312183  -0.107622  -0.0243352  -0.107622  0.230501  0.0499988  -0.0243352  0.0499988  0.151557
0.312187  -0.107617  -0.0243201  -0.107617  0.230484  0.0499841  -0.0243201  0.0499841  0.151554
0.312185  -0.107444  -0.0240501  -0.107444  0.230152  0.0497343  -0.0240501  0.0497343  0.151534
0.312185  -0.107422  -0.0240406  -0.107422  0.230117  0.0497166  -0.0240406  0.0497166  0.151531
0.312192  -0.10726  -0.0237985  -0.10726  0.229798  0.0494832  -0.0237985  0.0494832  0.151509
0.312204  -0.107148  -0.0236377  -0.107148  0.229568  0.0493202  -0.0236377  0.0493202  0.15149
0.312199  -0.107142  -0.023624  -0.107142  0.229562  0.0493125  -0.023624  0.0493125  0.151492
0.31221  -0.106998  -0.0233768  -0.106998  0.229261  0.0490835  -0.0233768  0.0490835  0.151472
0.312201  -0.106987  -0.0233494  -0.106987  0.229249  0.0490682  -0.0233494  0.0490682  0.151475
0.312208  -0.106836  -0.0231369  -0.106836  0.228956  0.048859  -0.0231369  0.048859  0.151456
0.31221  -0.106734  -0.0229587  -0.106734  0.228751  0.0486996  -0.0229587  0.0486996  0.151445
0.312214  -0.10673  -0.0229436  -0.10673  0.228733  0.0486852  -0.0229436  0.0486852  0.151443
0.312216  -0.106562  -0.0226891  -0.106562  0.228412  0.0484476  -0.0226891  0.0484476  0.151426
0.31222  -0.106557  -0.022674  -0.106557  0.228394  0.0484332  -0.022674  0.0484332  0.151424
0.312217  -0.106395  -0.0224349  -0.106395  0.228091  0.0482109  -0.0224349  0.0482109  0.15141
0.312216  -0.106385  -0.0224062  -0.106385  0.228068  0.048189  -0.0224062  0.048189  0.15141
0.312217  -0.106217  -0.0221523  -0.106217  0.227748  0.0479532  -0.0221523  0.0479532  0.151395
0.312223  -0.106111  -0.0219599  -0.106111  0.227527  0.0477816  -0.0219599  0.0477816  0.151385
0.312214  -0.106088  -0.021952  -0.106088  0.227504  0.0477713  -0.021952  0.0477713  0.151386
0.312219  -0.105916  -0.0216836  -0.105916  0.227168  0.0475227  -0.0216836  0.0475227  0.151371
0.312223  -0.105911  -0.0216685  -0.105911  0.227151  0.0475085  -0.0216685  0.0475085  0.151369
0.312242  -0.105755  -0.0214409  -0.105755  0.226833  0.047283  -0.0214409  0.047283  0.151349
0.312233  -0.105744  -0.021414  -0.105744  0.226822  0.0472683  -0.021414  0.0472683  0.151353
0.312238  -0.105582  -0.0211748  -0.105582  0.226511  0.047043  -0.0211748  0.047043  0.15134
0.312244  -0.105463  -0.0210023  -0.105463  0.226281  0.0468782  -0.0210023  0.0468782  0.151329
0.312248  -0.105458  -0.0209872  -0.105458  0.226263  0.0468641  -0.0209872  0.0468641  0.151327
0.312266  -0.105301  -0.0207602  -0.105301  0.225947  0.0466407  -0.0207602  0.0466407  0.15131
0.312271  -0.105296  -0.0207451  -0.105296  0.22593  0.0466266  -0.0207451  0.0466266  0.151308
0.312275  -0.105112  -0.0204972  -0.105112  0.225587  0.0463867  -0.0204972  0.0463867  0.151294
0.312274  -0.105101  -0.0204687  -0.105101  0.225564  0.0463654  -0.0204687  0.0463654  0.151295
0.312278  -0.104939  -0.0202305  -0.104939  0.225256  0.0461431  -0.0202305  0.0461431  0.151285
0.312275  -0.104819  -0.0200604  -0.104819  0.225041  0.0459872  -0.0200604  0.0459872  0.151281
0.312279  -0.104814  -0.0200453  -0.104814  0.225023  0.0459733  -0.0200453  0.0459733  0.151279
0.312278  -0.104647  -0.0197942  -0.104647  0.224711  0.0457452  -0.0197942  0.0457452  0.151273
0.312273  -0.104619  -0.0197716  -0.104619  0.224672  0.0457214  -0.0197716  0.0457214  0.151273
0.312281  -0.104474  -0.0195284  -0.104474  0.224383  0.045504  -0.0195284  0.045504  0.151266
0.312286  -0.104365  -0.0193855  -0.104365  0.224179  0.0453638  -0.0193855  0.0453638  0.151259
0.31229  -0.10436  -0.0193704  -0.10436  0.224162  0.04535  -0.0193704  0.04535  0.151257
0.312289  -0.104215  -0.0191294  -0.104215  0.223885  0.0451405  -0.0191294  0.0451405  0.151256
0.312279  -0.104204  -0.019103  -0.104204  0.223875  0.0451263  -0.019103  0.0451263  0.151261
0.312287  -0.104047  -0.0188795  -0.104047  0.223576  0.0449152  -0.0188795  0.0449152  0.151253
0.312296  -0.103933  -0.0187219  -0.103933  0.223357  0.0447626  -0.0187219  0.0447626  0.151245
0.3123  -0.103928  -0.0187068  -0.103928  0.22334  0.0447489  -0.0187068  0.0447489  0.151244
0.312285  -0.103765  -0.0184742  -0.103765  0.223061  0.0445454  -0.0184742  0.0445454  0.151248
0.312289  -0.103759  -0.0184592  -0.103759  0.223044  0.0445317  -0.0184592  0.0445317  0.151247
0.312283  -0.103597  -0.0182251  -0.103597  0.222754  0.0443223  -0.0182251  0.0443223  0.151247
0.312278  -0.103591  -0.0182119  -0.103591  0.222748  0.0443153  -0.0182119  0.0443153  0.15125
0.312276  -0.103423  -0.0179631  -0.103423  0.222442  0.0440931  -0.0179631  0.0440931  0.15125
0.312275  -0.103299  -0.01778  -0.103299  0.222214  0.0439286  -0.01778  0.0439286  0.15125
0.31227  -0.103271  -0.0177577  -0.103271  0.222176  0.0439056  -0.0177577  0.0439056  0.151251
0.312267  -0.103103  -0.0175095  -0.103103  0.221871  0.0436848  -0.0175095  0.0436848  0.151253
0.312267  -0.102966  -0.0173456  -0.102966  0.221634  0.0435258  -0.0173456  0.0435258  0.151251
0.312271  -0.102961  -0.0173306  -0.102961  0.221617  0.0435123  -0.0173306  0.0435123  0.15125
0.312267  -0.102793  -0.0170829  -0.102793  0.221314  0.0432928  -0.0170829  0.0432928  0.151254
0.312267  -0.10277  -0.0170737  -0.10277  0.221281  0.0432769  -0.0170737  0.0432769  0.151252
0.312264  -0.102602  -0.0168264  -0.102602  0.220978  0.0430584  -0.0168264  0.0430584  0.151256
0.312258  -0.102483  -0.0166592  -0.102483  0.22077  0.04291  -0.0166592  0.04291  0.15126
0.312257  -0.102472  -0.0166313  -0.102472  0.220748  0.0428899  -0.0166313  0.0428899  0.151262
0.312254  -0.102304  -0.0163845  -0.102304  0.220447  0.0426727  -0.0163845  0.0426727  0.151268
0.312257  -0.102299  -0.0163696  -0.102299  0.22043  0.0426593  -0.0163696  0.0426593  0.151267
0.312254  -0.102131  -0.0161231  -0.102131  0.22013  0.042443  -0.0161231  0.042443  0.151274
0.312256  -0.102011  -0.0159545  -0.102011  0.219912  0.0422895  -0.0159545  0.0422895  0.151276
0.312255  -0.102001  -0.0159267  -0.102001  0.21989  0.0422696  -0.0159267  0.0422696  0.151278
0.312246  -0.101827  -0.0156679  -0.101827  0.219586  0.0420479  -0.0156679  0.0420479  0.15129
0.312246  -0.101805  -0.0156588  -0.101805  0.219554  0.0420324  -0.0156588  0.0420324  0.151288
0.312254  -0.101654  -0.0154053  -0.101654  0.219259  0.041814  -0.0154053  0.041814  0.151295
0.312257  -0.101534  -0.0152373  -0.101534  0.219043  0.0416621  -0.0152373  0.0416621  0.151298
0.31226  -0.101529  -0.0152223  -0.101529  0.219026  0.0416489  -0.0152223  0.0416489  0.151298
0.312263  -0.10135  -0.0149474  -0.10135  0.218696  0.0414098  -0.0149474  0.0414098  0.151307
0.312254  -0.101339  -0.0149219  -0.101339  0.218686  0.0413968  -0.0149219  0.0413968  0.151314
0.312269  -0.101165  -0.0146579  -0.101165  0.21835  0.0411586  -0.0146579  0.0411586  0.151317
0.312273  -0.10116  -0.014643  -0.10116  0.218334  0.0411455  -0.014643  0.0411455  0.151317
0.31228  -0.100986  -0.0143814  -0.100986  0.218011  0.0409149  -0.0143814  0.0409149  0.151325
0.312279  -0.100964  -0.0143724  -0.100964  0.217979  0.0408997  -0.0143724  0.0408997  0.151324
0.312295  -0.100812  -0.0141179  -0.100812  0.217677  0.0406785  -0.0141179  0.0406785  0.151331
0.312287  -0.100682  -0.0139255  -0.100682  0.217453  0.0405166  -0.0139255  0.0405166  0.151344
0.312286  -0.100659  -0.0139166  -0.100659  0.217421  0.0405015  -0.0139166  0.0405015  0.151343
0.312284  -0.100497  -0.0136396  -0.100497  0.217123  0.0402755  -0.0136396  0.0402755  0.151362
0.312282  -0.100487  -0.013612  -0.100487  0.217101  0.0402562  -0.013612  0.0402562  0.151365
0.312284  -0.100307  -0.0133391  -0.100307  0.216777  0.0400226  -0.0133391  0.0400226  0.151381
0.312283  -0.100285  -0.0133301  -0.100285  0.216745  0.0400076  -0.0133301  0.0400076  0.15138
0.312284  -0.100128  -0.0130665  -0.100128  0.216453  0.0397898  -0.0130665  0.0397898  0.151398
0.312276  -0.10002  -0.0128841  -0.10002  0.216263  0.0396452  -0.0128841  0.0396452  0.151416
0.312276  -0.0999976  -0.0128751  -0.0999976  0.216232  0.0396303  -0.0128751  0.0396303  0.151414
0.312273  -0.0998459  -0.0126269  -0.0998459  0.215957  0.0394267  -0.0126269  0.0394267  0.151434
0.312264  -0.0998239  -0.0126203  -0.0998239  0.215937  0.0394184  -0.0126203  0.0394184  0.151437
0.31227  -0.0996718  -0.0123701  -0.0996718  0.215652  0.0392091  -0.0123701  0.0392091  0.151454
0.31227  -0.0995516  -0.0122044  -0.0995516  0.215442  0.0390637  -0.0122044  0.0390637  0.151465
0.312265  -0.0995465  -0.0121919  -0.0995465  0.215437  0.0390574  -0.0121919  0.0390574  0.151469
0.312242  -0.0993787  -0.0119553  -0.0993787  0.215173  0.0388669  -0.0119553  0.0388669  0.151498
0.312241  -0.0993563  -0.0119464  -0.0993563  0.215142  0.0388522  -0.0119464  0.0388522  0.151497
0.312224  -0.0991776  -0.0116806  -0.0991776  0.214846  0.0386371  -0.0116806  0.0386371  0.151527
0.312206  -0.0990479  -0.0114932  -0.0990479  0.214639  0.0384874  -0.0114932  0.0384874  0.15155
0.31221  -0.0990424  -0.0114784  -0.0990424  0.214623  0.0384748  -0.0114784  0.0384748  0.151551
0.312201  -0.0988514  -0.0112292  -0.0988514  0.214307  0.038259  -0.0112292  0.038259  0.151574
0.312197  -0.0988464  -0.0112168  -0.0988464  0.214302  0.0382529  -0.0112168  0.0382529  0.151577
0.312183  -0.0986504  -0.0109556  -0.0986504  0.213983  0.0380319  -0.0109556  0.0380319  0.151605
0.312173  -0.0985202  -0.0107666  -0.0985202  0.213767  0.0378775  -0.0107666  0.0378775  0.151627
0.312177  -0.0985147  -0.0107518  -0.0985147  0.213751  0.037865  -0.0107518  0.037865  0.151628
0.312168  -0.0983237  -0.0105036  -0.0983237  0.213437  0.0376516  -0.0105036  0.0376516  0.151653
0.312159  -0.0983019  -0.0104974  -0.0983019  0.213418  0.0376437  -0.0104974  0.0376437  0.151656
0.31215  -0.098111  -0.0102496  -0.098111  0.213106  0.0374312  -0.0102496  0.0374312  0.151683
0.31214  -0.097969  -0.0100796  -0.097969  0.212881  0.0372827  -0.0100796  0.0372827  0.151702
0.312143  -0.0979634  -0.0100648  -0.0979634  0.212865  0.0372703  -0.0100648  0.0372703  0.151702
0.312121  -0.0977682  -0.009808  -0.0977682  0.212561  0.0370598  -0.009808  0.0370598  0.151738
0.312115  -0.0977409  -0.0097871  -0.0977409  0.212527  0.0370398  -0.0097871  0.0370398  0.151741
0.312093  -0.0975458  -0.00953078  -0.0975458  0.212224  0.0368303  -0.00953078  0.0368303  0.151778
0.312082  -0.0974157  -0.00934338  -0.0974157  0.212011  0.0366794  -0.00934338  0.0366794  0.151805
0.312077  -0.0973885  -0.00932257  -0.0973885  0.211977  0.0366595  -0.00932257  0.0366595  0.151808
0.312067  -0.0971977  -0.0090765  -0.0971977  0.211669  0.036451  -0.0090765  0.036451  0.151839
0.312065  -0.0971872  -0.00904967  -0.0971872  0.211648  0.036433  -0.00904967  0.036433  0.151844
0.312038  -0.0969756  -0.00880066  -0.0969756  0.211334  0.0362243  -0.00880066  0.0362243  0.151882
0.312023  -0.0968289  -0.00862019  -0.0968289  0.21111  0.0360736  -0.00862019  0.0360736  0.151909
0.312018  -0.0968241  -0.00860815  -0.0968241  0.211105  0.0360678  -0.00860815  0.0360678  0.151914
0.311999  -0.0966119  -0.00835725  -0.0966119  0.210781  0.0358544  -0.00835725  0.0358544  0.15195
0.311997  -0.0966014  -0.00833054  -0.0966014  0.210761  0.0358365  -0.00833054  0.0358365  0.151955
0.311986  -0.0964107  -0.00808598  -0.0964107  0.210457  0.0356314  -0.00808598  0.0356314  0.15199
0.311978  -0.0962752  -0.00788557  -0.0962752  0.210232  0.0354721  -0.00788557  0.0354721  0.15202
