0.323632  -0.155853  -0.0769841  -0.155853  0.313824  0.110462  -0.0769841  0.110462  0.170541
0.323632  -0.155853  -0.0769841  -0.155853  0.313824  0.110462  -0.0769841  0.110462  0.170541
0.323656  -0.155726  -0.0768487  -0.155726  0.313486  0.110224  -0.0768487  0.110224  0.170429
0.323657  -0.155714  -0.0768082  -0.155714  0.313444  0.110179  -0.0768082  0.110179  0.170402
0.323558  -0.155302  -0.0764412  -0.155302  0.312672  0.109641  -0.0764412  0.109641  0.170158
0.323551  -0.155264  -0.0764046  -0.155264  0.312597  0.109587  -0.0764046  0.109587  0.170133
0.323283  -0.15443  -0.0759387  -0.15443  0.311265  0.108797  -0.0759387  0.108797  0.169834
0.323044  -0.153813  -0.0754516  -0.153813  0.310289  0.108135  -0.0754516  0.108135  0.169547
0.323004  -0.153733  -0.0753936  -0.153733  0.310181  0.108062  -0.0753936  0.108062  0.169518
0.322556  -0.152601  -0.074391  -0.152601  0.308365  0.10677  -0.074391  0.10677  0.16894
0.322533  -0.152529  -0.0743373  -0.152529  0.308245  0.106691  -0.0743373  0.106691  0.168907
0.32234  -0.152013  -0.0739556  -0.152013  0.307436  0.106157  -0.0739556  0.106157  0.168686
0.32186  -0.150721  -0.0730433  -0.150721  0.305429  0.104857  -0.0730433  0.104857  0.168161
0.321483  -0.149749  -0.0722822  -0.149749  0.303922  0.103838  -0.0722822  0.103838  0.167736
0.321436  -0.149663  -0.0722054  -0.149663  0.303805  0.103752  -0.0722054  0.103752  0.167699
0.320911  -0.148274  -0.0712836  -0.148274  0.301711  0.102426  -0.0712836  0.102426  0.167188
0.320606  -0.147467  -0.0706445  -0.147467  0.300458  0.101576  -0.0706445  0.101576  0.166839
0.320568  -0.147392  -0.07059  -0.147392  0.300357  0.101509  -0.07059  0.101509  0.166813
0.320099  -0.146239  -0.069665  -0.146239  0.298623  0.100322  -0.069665  0.100322  0.166331
0.320071  -0.146162  -0.0695936  -0.146162  0.298499  0.100232  -0.0695936  0.100232  0.166292
0.319555  -0.144863  -0.0686637  -0.144863  0.296586  0.0989816  -0.0686637  0.0989816  0.165813
0.319192  -0.143972  -0.0679904  -0.143972  0.295279  0.0981077  -0.0679904  0.0981077  0.165475
0.31915  -0.14389  -0.0679176  -0.14389  0.295169  0.0980277  -0.0679176  0.0980277  0.165442
0.318619  -0.142664  -0.0669051  -0.142664  0.293395  0.0967937  -0.0669051  0.0967937  0.164956
0.318254  -0.141799  -0.0662199  -0.141799  0.29215  0.0959428  -0.0662199  0.0959428  0.16463
0.31822  -0.141728  -0.0661686  -0.141728  0.292056  0.0958806  -0.0661686  0.0958806  0.164607
0.317709  -0.140527  -0.065178  -0.140527  0.290327  0.0946797  -0.065178  0.0946797  0.164147
0.317663  -0.140425  -0.065112  -0.140425  0.290194  0.0945957  -0.065112  0.0945957  0.164118
0.317137  -0.139192  -0.0640803  -0.139192  0.288429  0.0933618  -0.0640803  0.0933618  0.163652
0.316814  -0.13837  -0.0634411  -0.13837  0.287233  0.0925552  -0.0634411  0.0925552  0.163358
0.316784  -0.138276  -0.0633791  -0.138276  0.287092  0.0924661  -0.0633791  0.0924661  0.163327
0.316336  -0.137159  -0.0624588  -0.137159  0.285472  0.0913463  -0.0624588  0.0913463  0.162918
0.316298  -0.137083  -0.062391  -0.137083  0.285372  0.0912732  -0.062391  0.0912732  0.162891
0.315871  -0.136036  -0.0614499  -0.136036  0.283843  0.0901779  -0.0614499  0.0901779  0.162484
0.315603  -0.135327  -0.0608748  -0.135327  0.282806  0.0894682  -0.0608748  0.0894682  0.162234
0.315581  -0.135243  -0.0608337  -0.135243  0.282681  0.0893968  -0.0608337  0.0893968  0.162212
0.315222  -0.134312  -0.0600319  -0.134312  0.281317  0.0884405  -0.0600319  0.0884405  0.161872
0.3152  -0.134243  -0.0599681  -0.134243  0.281209  0.088363  -0.0599681  0.088363  0.161844
0.314871  -0.133393  -0.0591798  -0.133393  0.27995  0.0874543  -0.0591798  0.0874543  0.161517
0.314841  -0.133327  -0.0591332  -0.133327  0.279866  0.087399  -0.0591332  0.087399  0.1615
0.314553  -0.132557  -0.0584171  -0.132557  0.278717  0.0865703  -0.0584171  0.0865703  0.161207
0.314369  -0.132084  -0.0578772  -0.132084  0.277983  0.0859954  -0.0578772  0.0859954  0.160992
0.314341  -0.132019  -0.0578314  -0.132019  0.277901  0.0859412  -0.0578314  0.0859412  0.160976
0.314105  -0.131372  -0.0571803  -0.131372  0.276913  0.0852089  -0.0571803  0.0852089  0.160716
0.314082  -0.131316  -0.057153  -0.131316  0.276842  0.0851688  -0.057153  0.0851688  0.160706
0.313866  -0.130736  -0.0564931  -0.130736  0.275938  0.0844639  -0.0564931  0.0844639  0.16045
0.31372  -0.130366  -0.0560384  -0.130366  0.275361  0.0839979  -0.0560384  0.0839979  0.160279
0.313698  -0.130323  -0.0559891  -0.130323  0.275305  0.0839518  -0.0559891  0.0839518  0.160264
0.313525  -0.1298  -0.0554619  -0.1298  0.274486  0.0833497  -0.0554619  0.0833497  0.160057
0.313509  -0.129765  -0.0554308  -0.129765  0.274441  0.0833171  -0.0554308  0.0833171  0.160047
0.313365  -0.129334  -0.0549061  -0.129334  0.273735  0.0827587  -0.0549061  0.0827587  0.159846
0.31336  -0.129317  -0.0548543  -0.129317  0.273692  0.0827125  -0.0548543  0.0827125  0.159826
0.313218  -0.128888  -0.0543324  -0.128888  0.27299  0.0821585  -0.0543324  0.0821585  0.15963
0.313111  -0.128568  -0.0539931  -0.128568  0.272489  0.0817833  -0.0539931  0.0817833  0.159504
0.313094  -0.128533  -0.0539625  -0.128533  0.272445  0.0817515  -0.0539625  0.0817515  0.159495
0.312957  -0.128152  -0.053452  -0.128152  0.271821  0.0812371  -0.053452  0.0812371  0.159313
0.312936  -0.12811  -0.053404  -0.12811  0.271767  0.0811929  -0.053404  0.0811929  0.159299
0.312811  -0.127731  -0.0529532  -0.127731  0.271153  0.0807138  -0.0529532  0.0807138  0.159137
0.312721  -0.127471  -0.0526602  -0.127471  0.27075  0.0804031  -0.0526602  0.0804031  0.159035
0.312717  -0.127441  -0.0526314  -0.127441  0.270694  0.0803646  -0.0526314  0.0803646  0.159023
0.31258  -0.127097  -0.052172  -0.127097  0.270158  0.0799178  -0.052172  0.0799178  0.158872
0.312582  -0.127073  -0.0521607  -0.127073  0.270112  0.079892  -0.0521607  0.079892  0.158864
0.312452  -0.126711  -0.0517645  -0.126711  0.269561  0.0794729  -0.0517645  0.0794729  0.158733
0.312441  -0.126697  -0.05173  -0.126697  0.269542  0.0794483  -0.05173  0.0794483  0.158724
0.312296  -0.126328  -0.0512622  -0.126328  0.268978  0.0789891  -0.0512622  0.0789891  0.158576
0.312203  -0.126066  -0.0509572  -0.126066  0.268573  0.0786737  -0.0509572  0.0786737  0.158477
0.312188  -0.126032  -0.0509276  -0.126032  0.26853  0.0786434  -0.0509276  0.0786434  0.158469
0.312056  -0.125666  -0.0505196  -0.125666  0.267978  0.0782198  -0.0505196  0.0782198  0.158341
0.312052  -0.125637  -0.0504914  -0.125637  0.267923  0.0781823  -0.0504914  0.0781823  0.158329
0.311905  -0.125262  -0.0500672  -0.125262  0.267377  0.0777569  -0.0500672  0.0777569  0.158203
0.311813  -0.125012  -0.0497987  -0.125012  0.267009  0.0774783  -0.0497987  0.0774783  0.158122
0.311797  -0.124979  -0.0497696  -0.124979  0.266967  0.0774486  -0.0497696  0.0774486  0.158115
0.311669  -0.124604  -0.0493883  -0.124604  0.26641  0.0770384  -0.0493883  0.0770384  0.157999
0.311654  -0.124571  -0.0493594  -0.124571  0.266368  0.0770089  -0.0493594  0.0770089  0.157991
0.311503  -0.124216  -0.0489346  -0.124216  0.265865  0.076604  -0.0489346  0.076604  0.157877
0.311409  -0.123949  -0.0486743  -0.123949  0.26548  0.0763245  -0.0486743  0.0763245  0.157801
0.311394  -0.123916  -0.0486457  -0.123916  0.265439  0.0762953  -0.0486457  0.0762953  0.157794
0.311262  -0.123545  -0.0483388  -0.123545  0.264928  0.0759477  -0.0483388  0.0759477  0.157709
0.311247  -0.123513  -0.0483103  -0.123513  0.264887  0.0759187  -0.0483103  0.0759187  0.157702
0.311087  -0.123104  -0.0479051  -0.123104  0.264325  0.0755037  -0.0479051  0.0755037  0.157596
0.310974  -0.12281  -0.0476355  -0.12281  0.263927  0.0752191  -0.0476355  0.0752191  0.157527
0.31096  -0.122778  -0.0476072  -0.122778  0.263886  0.0751905  -0.0476072  0.0751905  0.15752
0.310802  -0.122372  -0.0472056  -0.122372  0.26333  0.0747804  -0.0472056  0.0747804  0.157419
0.310792  -0.122359  -0.0471726  -0.122359  0.263312  0.0747576  -0.0471726  0.0747576  0.157412
0.310642  -0.121952  -0.0467575  -0.121952  0.262738  0.0743319  -0.0467575  0.0743319  0.157306
0.310543  -0.121666  -0.0464926  -0.121666  0.262334  0.0740455  -0.0464926  0.0740455  0.157237
0.31054  -0.121637  -0.0464655  -0.121637  0.262282  0.0740102  -0.0464655  0.0740102  0.157227
0.310442  -0.121304  -0.0461109  -0.121304  0.261768  0.0736308  -0.0461109  0.0736308  0.157128
0.310428  -0.121272  -0.0460832  -0.121272  0.261729  0.0736029  -0.0460832  0.0736029  0.157122
0.310321  -0.120915  -0.0457187  -0.120915  0.261187  0.0732093  -0.0457187  0.0732093  0.157023
0.310273  -0.120714  -0.0454923  -0.120714  0.260856  0.072963  -0.0454923  0.072963  0.156957
0.310259  -0.120682  -0.0454648  -0.120682  0.260817  0.0729354  -0.0454648  0.0729354  0.156952
0.310167  -0.120371  -0.0451091  -0.120371  0.260332  0.0725675  -0.0451091  0.0725675  0.156858
0.310164  -0.120343  -0.0450824  -0.120343  0.260281  0.0725329  -0.0450824  0.0725329  0.156849
0.310075  -0.119998  -0.0447385  -0.119998  0.259743  0.0721493  -0.0447385  0.0721493  0.156754
0.310061  -0.119966  -0.0447113  -0.119966  0.259705  0.0721221  -0.0447113  0.0721221  0.156749
0.309976  -0.119654  -0.044343  -0.119654  0.259204  0.0717406  -0.044343  0.0717406  0.156652
0.30992  -0.119443  -0.0440878  -0.119443  0.258862  0.0714779  -0.0440878  0.0714779  0.156586
0.309926  -0.11944  -0.0440724  -0.11944  0.258841  0.0714599  -0.0440724  0.0714599  0.156579
0.30986  -0.119154  -0.04377  -0.119154  0.258378  0.0711251  -0.04377  0.0711251  0.156496
0.309847  -0.119123  -0.0437431  -0.119123  0.25834  0.0710984  -0.0437431  0.0710984  0.156491
0.309782  -0.118841  -0.0433898  -0.118841  0.257863  0.0707314  -0.0433898  0.0707314  0.156398
0.309747  -0.118647  -0.0431691  -0.118647  0.25753  0.0704866  -0.0431691  0.0704866  0.156336
0.309748  -0.118625  -0.0431587  -0.118625  0.257488  0.0704636  -0.0431587  0.0704636  0.15633
0.309704  -0.11836  -0.0428393  -0.11836  0.257019  0.0701138  -0.0428393  0.0701138  0.15624
0.309695  -0.118335  -0.0428285  -0.118335  0.25699  0.0700981  -0.0428285  0.0700981  0.156238
0.30963  -0.118064  -0.042509  -0.118064  0.256547  0.0697644  -0.042509  0.0697644  0.156158
0.309591  -0.117852  -0.042295  -0.117852  0.256196  0.0695179  -0.042295  0.0695179  0.1561
0.309586  -0.117846  -0.0422793  -0.117846  0.256188  0.0695074  -0.0422793  0.0695074  0.156098
0.309541  -0.117591  -0.0419933  -0.117591  0.255753  0.0691903  -0.0419933  0.0691903  0.156021
0.309542  -0.117582  -0.0419625  -0.117582  0.255724  0.0691623  -0.0419625  0.0691623  0.156012
0.30952  -0.117361  -0.0417039  -0.117361  0.255315  0.0688654  -0.0417039  0.0688654  0.155936
0.309516  -0.117215  -0.0415442  -0.117215  0.255029  0.0686661  -0.0415442  0.0686661  0.155884
0.309514  -0.117187  -0.0415184  -0.117187  0.25498  0.0686333  -0.0415184  0.0686333  0.155876
0.309499  -0.117003  -0.0412507  -0.117003  0.254614  0.0683483  -0.0412507  0.0683483  0.155801
0.309486  -0.116973  -0.0412246  -0.116973  0.254578  0.0683228  -0.0412246  0.0683228  0.155797
0.309487  -0.116786  -0.0409939  -0.116786  0.254197  0.0680473  -0.0409939  0.0680473  0.155723
0.309491  -0.116677  -0.040825  -0.116677  0.253954  0.06786  -0.040825  0.06786  0.155671
0.309493  -0.116655  -0.0408148  -0.116655  0.253913  0.0678377  -0.0408148  0.0678377  0.155666
0.309497  -0.116499  -0.0405591  -0.116499  0.253567  0.0675636  -0.0405591  0.0675636  0.155591
0.309498  -0.11649  -0.0405285  -0.11649  0.253539  0.0675362  -0.0405285  0.0675362  0.155583
0.309506  -0.116327  -0.0403091  -0.116327  0.253188  0.0672784  -0.0403091  0.0672784  0.155513
0.309519  -0.116243  -0.0401512  -0.116243  0.252976  0.0671077  -0.0401512  0.0671077  0.155464
0.309525  -0.116239  -0.040136  -0.116239  0.252955  0.0670905  -0.040136  0.0670905  0.155458
0.309542  -0.116092  -0.0398969  -0.116092  0.252607  0.0668217  -0.0398969  0.0668217  0.155383
0.309548  -0.116089  -0.0398817  -0.116089  0.252587  0.0668045  -0.0398817  0.0668045  0.155377
0.309582  -0.115978  -0.0396838  -0.115978  0.252282  0.0665714  -0.0396838  0.0665714  0.155307
0.309588  -0.115974  -0.0396687  -0.115974  0.252262  0.0665543  -0.0396687  0.0665543  0.155301
0.309621  -0.115885  -0.039481  -0.115885  0.251998  0.0663436  -0.039481  0.0663436  0.155238
0.309656  -0.11582  -0.0393698  -0.11582  0.251798  0.0661974  -0.0393698  0.0661974  0.155191
0.309662  -0.115817  -0.0393546  -0.115817  0.251778  0.0661803  -0.0393546  0.0661803  0.155185
0.309696  -0.115718  -0.0391365  -0.115718  0.251488  0.0659434  -0.0391365  0.0659434  0.155115
0.309701  -0.115714  -0.0391214  -0.115714  0.251468  0.0659264  -0.0391214  0.0659264  0.155109
0.309749  -0.115624  -0.0389189  -0.115624  0.251173  0.0656929  -0.0389189  0.0656929  0.155037
0.309784  -0.115571  -0.0387873  -0.115571  0.250986  0.0655424  -0.0387873  0.0655424  0.15499
0.309785  -0.115562  -0.0387568  -0.115562  0.250958  0.0655156  -0.0387568  0.0655156  0.154983
0.309832  -0.115483  -0.038534  -0.115483  0.250677  0.0652779  -0.038534  0.0652779  0.15491
0.309837  -0.11548  -0.0385189  -0.11548  0.250657  0.0652609  -0.0385189  0.0652609  0.154904
0.30989  -0.115385  -0.0383013  -0.115385  0.250344  0.065012  -0.0383013  0.065012  0.154828
0.309935  -0.115325  -0.0381394  -0.115325  0.250118  0.0648286  -0.0381394  0.0648286  0.154771
0.309951  -0.115323  -0.0381243  -0.115323  0.250086  0.0648046  -0.0381243  0.0648046  0.154761
0.310017  -0.115249  -0.0379016  -0.115249  0.249781  0.0645542  -0.0379016  0.0645542  0.154682
0.310022  -0.115245  -0.0378864  -0.115245  0.249761  0.0645373  -0.0378864  0.0645373  0.154676
0.310084  -0.115164  -0.0376486  -0.115164  0.249449  0.0642778  -0.0376486  0.0642778  0.154597
0.310139  -0.115106  -0.0374866  -0.115106  0.249212  0.0640884  -0.0374866  0.0640884  0.154536
0.310144  -0.115102  -0.0374714  -0.115102  0.249192  0.0640717  -0.0374714  0.0640717  0.154531
0.310214  -0.115032  -0.0372638  -0.115032  0.248897  0.0638324  -0.0372638  0.0638324  0.154455
0.31022  -0.115029  -0.0372486  -0.115029  0.248877  0.0638156  -0.0372486  0.0638156  0.15445
0.310303  -0.114989  -0.037066  -0.114989  0.248616  0.0636006  -0.037066  0.0636006  0.154376
0.310357  -0.114939  -0.0369342  -0.114939  0.248407  0.0634386  -0.0369342  0.0634386  0.154324
0.310362  -0.114936  -0.036919  -0.114936  0.248387  0.0634219  -0.036919  0.0634219  0.154318
0.310422  -0.114876  -0.036691  -0.114876  0.248117  0.0631859  -0.036691  0.0631859  0.154247
0.310427  -0.114872  -0.0366758  -0.114872  0.248097  0.0631692  -0.0366758  0.0631692  0.154242
0.310516  -0.114815  -0.0364979  -0.114815  0.247805  0.0629436  -0.0364979  0.0629436  0.154166
0.31055  -0.114751  -0.0363359  -0.114751  0.247594  0.0627705  -0.0363359  0.0627705  0.154117
0.310556  -0.114747  -0.0363207  -0.114747  0.247575  0.0627538  -0.0363207  0.0627538  0.154112
0.310611  -0.114668  -0.0360978  -0.114668  0.247285  0.0625147  -0.0360978  0.0625147  0.154043
0.310616  -0.114664  -0.0360825  -0.114664  0.247266  0.0624981  -0.0360825  0.0624981  0.154038
0.310696  -0.114582  -0.0358945  -0.114582  0.246948  0.0622598  -0.0358945  0.0622598  0.153963
0.310701  -0.114578  -0.0358792  -0.114578  0.246928  0.0622432  -0.0358792  0.0622432  0.153958
0.310771  -0.114483  -0.035661  -0.114483  0.246596  0.0619866  -0.035661  0.0619866  0.153882
0.310829  -0.114428  -0.0355135  -0.114428  0.246369  0.0618102  -0.0355135  0.0618102  0.153827
0.31083  -0.114406  -0.0355035  -0.114406  0.24633  0.0617893  -0.0355035  0.0617893  0.153822
0.310905  -0.114317  -0.0353001  -0.114317  0.246007  0.0615431  -0.0353001  0.0615431  0.153748
0.310969  -0.114245  -0.0351574  -0.114245  0.245749  0.0613559  -0.0351574  0.0613559  0.153691
0.310974  -0.114241  -0.0351421  -0.114241  0.245729  0.0613395  -0.0351421  0.0613395  0.153686
0.311049  -0.114139  -0.0349587  -0.114139  0.245394  0.0610991  -0.0349587  0.0610991  0.153614
0.311044  -0.114133  -0.0349437  -0.114133  0.245387  0.0610898  -0.0349437  0.0610898  0.153613
0.311128  -0.114055  -0.03477  -0.114055  0.245079  0.0608636  -0.03477  0.0608636  0.153542
0.311133  -0.114051  -0.0347547  -0.114051  0.245059  0.0608472  -0.0347547  0.0608472  0.153537
0.311207  -0.113958  -0.0346013  -0.113958  0.244751  0.0606335  -0.0346013  0.0606335  0.153472
0.311254  -0.1139  -0.0344536  -0.1139  0.244538  0.0604661  -0.0344536  0.0604661  0.153424
0.311269  -0.113898  -0.034438  -0.113898  0.244507  0.0604427  -0.034438  0.0604427  0.153415
0.311338  -0.11381  -0.0342493  -0.11381  0.244205  0.0602154  -0.0342493  0.0602154  0.153349
0.311376  -0.113737  -0.0341221  -0.113737  0.243993  0.0600607  -0.0341221  0.0600607  0.153306
0.311381  -0.113733  -0.0341068  -0.113733  0.243973  0.0600444  -0.0341068  0.0600444  0.153302
0.311464  -0.113644  -0.0339022  -0.113644  0.24364  0.0597947  -0.0339022  0.0597947  0.153228
0.31147  -0.11364  -0.0338869  -0.11364  0.243621  0.0597785  -0.0338869  0.0597785  0.153223
0.311548  -0.113554  -0.0336975  -0.113554  0.243308  0.0595454  -0.0336975  0.0595454  0.153154
0.311553  -0.113549  -0.0336822  -0.113549  0.243289  0.0595293  -0.0336822  0.0595293  0.15315
0.311631  -0.113443  -0.0334324  -0.113443  0.242923  0.0592462  -0.0334324  0.0592462  0.153072
0.311636  -0.113439  -0.0334171  -0.113439  0.242904  0.0592301  -0.0334171  0.0592301  0.153067
0.311724  -0.113354  -0.0332269  -0.113354  0.24258  0.0589911  -0.0332269  0.0589911  0.152996
0.311729  -0.11335  -0.0332116  -0.11335  0.242561  0.058975  -0.0332116  0.058975  0.152991
0.311801  -0.113269  -0.0329869  -0.113269  0.242254  0.0587295  -0.0329869  0.0587295  0.152924
0.311849  -0.113186  -0.0328287  -0.113186  0.242005  0.0585447  -0.0328287  0.0585447  0.152875
0.311854  -0.113182  -0.0328134  -0.113182  0.241986  0.0585286  -0.0328134  0.0585286  0.152871
0.311931  -0.113107  -0.0326033  -0.113107  0.241687  0.058293  -0.0326033  0.058293  0.152805
0.311931  -0.113084  -0.0325933  -0.113084  0.241649  0.058273  -0.0325933  0.058273  0.152801
0.312003  -0.113003  -0.0323684  -0.113003  0.241344  0.058029  -0.0323684  0.058029  0.152735
0.312055  -0.112925  -0.0322249  -0.112925  0.241103  0.0578543  -0.0322249  0.0578543  0.152688
0.31206  -0.112921  -0.0322095  -0.112921  0.241084  0.0578384  -0.0322095  0.0578384  0.152684
0.312122  -0.112815  -0.0319751  -0.112815  0.240753  0.0575825  -0.0319751  0.0575825  0.15262
0.312127  -0.11281  -0.0319597  -0.11281  0.240734  0.0575666  -0.0319597  0.0575666  0.152615
0.312193  -0.112709  -0.03174  -0.112709  0.240411  0.0573202  -0.03174  0.0573202  0.152552
0.312235  -0.112619  -0.0315669  -0.112619  0.240158  0.057129  -0.0315669  0.057129  0.152506
0.31224  -0.112615  -0.0315516  -0.112615  0.240139  0.0571131  -0.0315516  0.0571131  0.152502
0.312316  -0.112505  -0.031301  -0.112505  0.239779  0.0568361  -0.031301  0.0568361  0.152432
0.312317  -0.112482  -0.031291  -0.112482  0.239741  0.0568165  -0.031291  0.0568165  0.152428
0.312383  -0.11236  -0.031011  -0.11236  0.239368  0.0565227  -0.031011  0.0565227  0.152359
0.312379  -0.112331  -0.0309864  -0.112331  0.239324  0.0564944  -0.0309864  0.0564944  0.152355
0.312434  -0.112207  -0.0307073  -0.112207  0.238964  0.0562086  -0.0307073  0.0562086  0.152292
0.312466  -0.112092  -0.0305252  -0.112092  0.238687  0.0560071  -0.0305252  0.0560071  0.152249
0.312466  -0.112082  -0.0304952  -0.112082  0.238661  0.0559827  -0.0304952  0.0559827  0.152245
0.312521  -0.111945  -0.0302362  -0.111945  0.238291  0.0557034  -0.0302362  0.0557034  0.152183
0.312526  -0.11194  -0.0302209  -0.11194  0.238272  0.0556878  -0.0302209  0.0556878  0.152179
0.312567  -0.111783  -0.0299682  -0.111783  0.237896  0.0554127  -0.0299682  0.0554127  0.152122
0.312592  -0.111684  -0.0297817  -0.111684  0.237651  0.0552236  -0.0297817  0.0552236  0.152086
0.312588  -0.111656  -0.0297573  -0.111656  0.237608  0.0551958  -0.0297573  0.0551958  0.152082
0.312643  -0.111518  -0.0294985  -0.111518  0.237239  0.0549188  -0.0294985  0.0549188  0.152023
0.312648  -0.111513  -0.0294831  -0.111513  0.237221  0.0549033  -0.0294831  0.0549033  0.152019
0.312673  -0.111348  -0.0292173  -0.111348  0.236852  0.0546291  -0.0292173  0.0546291  0.15197
0.312703  -0.111222  -0.0290058  -0.111222  0.236554  0.0544072  -0.0290058  0.0544072  0.151928
0.312708  -0.111217  -0.0289904  -0.111217  0.236535  0.0543918  -0.0289904  0.0543918  0.151924
0.312747  -0.111048  -0.0287086  -0.111048  0.236138  0.0540969  -0.0287086  0.0540969  0.151869
0.312752  -0.111044  -0.0286932  -0.111044  0.236119  0.0540814  -0.0286932  0.0540814  0.151865
0.312786  -0.110869  -0.0283972  -0.110869  0.235716  0.0537792  -0.0283972  0.0537792  0.151812
0.312786  -0.110859  -0.0283675  -0.110859  0.235691  0.0537555  -0.0283675  0.0537555  0.151809
0.312829  -0.110685  -0.0280707  -0.110685  0.235277  0.0534475  -0.0280707  0.0534475  0.151753
0.312829  -0.110674  -0.028041  -0.110674  0.235252  0.0534238  -0.028041  0.0534238  0.15175
0.312873  -0.11051  -0.0277741  -0.11051  0.234865  0.0531406  -0.0277741  0.0531406  0.151698
0.312896  -0.110388  -0.0275787  -0.110388  0.234588  0.0529378  -0.0275787  0.0529378  0.151664
0.312896  -0.110377  -0.027549  -0.110377  0.234563  0.0529143  -0.027549  0.0529143  0.151661
0.312919  -0.110188  -0.0272748  -0.110188  0.234165  0.052628  -0.0272748  0.052628  0.151616
0.312924  -0.110183  -0.0272594  -0.110183  0.234146  0.0526129  -0.0272594  0.0526129  0.151612
0.312952  -0.110012  -0.0269799  -0.110012  0.233767  0.0523311  -0.0269799  0.0523311  0.151568
0.31297  -0.109906  -0.0267805  -0.109906  0.233522  0.0521406  -0.0267805  0.0521406  0.15154
0.312965  -0.109877  -0.0267565  -0.109877  0.23348  0.052114  -0.0267565  0.052114  0.151538
0.312982  -0.109717  -0.0264589  -0.109717  0.233125  0.0518361  -0.0264589  0.0518361  0.151501
0.312982  -0.109694  -0.0264491  -0.109694  0.233089  0.0518177  -0.0264491  0.0518177  0.151498
0.312984  -0.109504  -0.0261292  -0.109504  0.232706  0.0515214  -0.0261292  0.0515214  0.151464
0.312986  -0.109368  -0.0259078  -0.109368  0.232433  0.0513135  -0.0259078  0.0513135  0.151441
0.312986  -0.109358  -0.0258783  -0.109358  0.232408  0.0512905  -0.0258783  0.0512905  0.151439
0.312983  -0.10916  -0.0255942  -0.10916  0.232034  0.0510161  -0.0255942  0.0510161  0.151409
0.31299  -0.10903  -0.0253874  -0.10903  0.231768  0.0508176  -0.0253874  0.0508176  0.151386
0.31299  -0.10902  -0.0253581  -0.10902  0.231744  0.0507948  -0.0253581  0.0507948  0.151384
0.312991  -0.10884  -0.0250691  -0.10884  0.231388  0.0505255  -0.0250691  0.0505255  0.151357
0.312986  -0.108811  -0.0250453  -0.108811  0.231347  0.0504995  -0.0250453  0.0504995  0.151356
0.312992  -0.108637  -0.0247708  -0.108637  0.230999  0.0502392  -0.0247708  0.0502392  0.151328
0.312988  -0.108609  -0.0247471  -0.108609  0.230957  0.0502134  -0.0247471  0.0502134  0.151327
0.312964  -0.108422  -0.0244478  -0.108422  0.230622  0.0499522  -0.0244478  0.0499522  0.151311
0.312937  -0.108284  -0.0242324  -0.108284  0.230389  0.0497695  -0.0242324  0.0497695  0.151305
0.312942  -0.108279  -0.0242171  -0.108279  0.230371  0.0497548  -0.0242171  0.0497548  0.151303
0.312913  -0.108064  -0.0238953  -0.108064  0.229996  0.0494701  -0.0238953  0.0494701  0.151288
0.312905  -0.107927  -0.0236779  -0.107927  0.229741  0.0492751  -0.0236779  0.0492751  0.151276
0.3129  -0.107921  -0.023664  -0.107921  0.229735  0.0492673  -0.023664  0.0492673  0.151277
0.312877  -0.107722  -0.0233862  -0.107722  0.229392  0.0490147  -0.0233862  0.0490147  0.151265
0.312876  -0.107712  -0.0233572  -0.107712  0.229368  0.0489925  -0.0233572  0.0489925  0.151264
0.312847  -0.10752  -0.0230468  -0.10752  0.229031  0.0487286  -0.0230468  0.0487286  0.151257
0.31284  -0.107371  -0.0228498  -0.107371  0.228767  0.0485405  -0.0228498  0.0485405  0.151244
0.31284  -0.107348  -0.0228402  -0.107348  0.228732  0.0485231  -0.0228402  0.0485231  0.151242
0.312797  -0.107138  -0.022538  -0.107138  0.228392  0.0482651  -0.022538  0.0482651  0.15124
0.312792  -0.10711  -0.0225148  -0.10711  0.228352  0.0482402  -0.0225148  0.0482402  0.151239
0.312749  -0.106865  -0.0222231  -0.106865  0.227968  0.0479709  -0.0222231  0.0479709  0.151234
0.312754  -0.10686  -0.0222079  -0.10686  0.22795  0.0479565  -0.0222079  0.0479565  0.151232
0.312697  -0.106621  -0.0218857  -0.106621  0.227584  0.0476832  -0.0218857  0.0476832  0.151236
0.312655  -0.106455  -0.0216527  -0.106455  0.22733  0.0474896  -0.0216527  0.0474896  0.151242
0.312655  -0.106433  -0.0216432  -0.106433  0.227295  0.0474725  -0.0216432  0.0474725  0.151239
0.312608  -0.106206  -0.0213496  -0.106206  0.226944  0.0472164  -0.0213496  0.0472164  0.151242
0.312612  -0.106201  -0.0213344  -0.106201  0.226926  0.0472022  -0.0213344  0.0472022  0.15124
0.31256  -0.105946  -0.0210185  -0.105946  0.226536  0.0469231  -0.0210185  0.0469231  0.151244
0.312533  -0.105797  -0.0208276  -0.105797  0.226301  0.0467542  -0.0208276  0.0467542  0.151246
0.312519  -0.105768  -0.0208064  -0.105768  0.226273  0.0467367  -0.0208064  0.0467367  0.15125
0.312468  -0.105525  -0.0205205  -0.105525  0.225909  0.0464814  -0.0205205  0.0464814  0.151256
0.312458  -0.105514  -0.0204936  -0.105514  0.225897  0.0464668  -0.0204936  0.0464668  0.15126
0.312402  -0.105265  -0.0201951  -0.105265  0.225529  0.0462055  -0.0201951  0.0462055  0.15127
0.312352  -0.105088  -0.0199862  -0.105088  0.225281  0.0460284  -0.0199862  0.0460284  0.151282
0.312352  -0.105078  -0.0199578  -0.105078  0.225258  0.0460073  -0.0199578  0.0460073  0.151283
0.312278  -0.104806  -0.0196549  -0.104806  0.224882  0.0457452  -0.0196549  0.0457452  0.151301
0.312268  -0.104796  -0.0196283  -0.104796  0.224871  0.0457309  -0.0196283  0.0457309  0.151305
0.312205  -0.104523  -0.019372  -0.104523  0.224496  0.045489  -0.019372  0.045489  0.151317
0.312164  -0.104348  -0.019163  -0.104348  0.224239  0.0453078  -0.019163  0.0453078  0.151328
0.31215  -0.104319  -0.0191423  -0.104319  0.224212  0.045291  -0.0191423  0.045291  0.151332
0.312086  -0.104072  -0.0188494  -0.104072  0.223862  0.0450425  -0.0188494  0.0450425  0.151352
0.312081  -0.104067  -0.0188362  -0.104067  0.223857  0.0450354  -0.0188362  0.0450354  0.151354
0.312004  -0.103803  -0.0185517  -0.103803  0.223504  0.0447923  -0.0185517  0.0447923  0.151379
0.311947  -0.103628  -0.0183481  -0.103628  0.223273  0.0446271  -0.0183481  0.0446271  0.1514
0.311946  -0.103617  -0.01832  -0.103617  0.223251  0.0446064  -0.01832  0.0446064  0.151402
0.311874  -0.103349  -0.0180221  -0.103349  0.222883  0.044352  -0.0180221  0.044352  0.151427
0.31186  -0.103321  -0.0180018  -0.103321  0.222857  0.0443356  -0.0180018  0.0443356  0.151432
0.3118  -0.103071  -0.0176973  -0.103071  0.222495  0.0440785  -0.0176973  0.0440785  0.151455
0.311752  -0.102897  -0.0174936  -0.102897  0.222256  0.0439092  -0.0174936  0.0439092  0.151475
0.311739  -0.102869  -0.0174734  -0.102869  0.22223  0.043893  -0.0174734  0.043893  0.15148
0.311671  -0.102642  -0.0171814  -0.102642  0.221915  0.0436609  -0.0171814  0.0436609  0.151512
0.311658  -0.102614  -0.0171613  -0.102614  0.221889  0.0436448  -0.0171613  0.0436448  0.151517
0.311595  -0.10237  -0.0168741  -0.10237  0.221549  0.0434048  -0.0168741  0.0434048  0.151546
0.311556  -0.102197  -0.0166702  -0.102197  0.221301  0.0432313  -0.0166702  0.0432313  0.151564
0.311546  -0.102187  -0.0166444  -0.102187  0.22129  0.0432179  -0.0166444  0.0432179  0.15157
0.311484  -0.101921  -0.0163497  -0.101921  0.22092  0.0429644  -0.0163497  0.0429644  0.151599
0.311483  -0.101911  -0.016322  -0.101911  0.220898  0.0429444  -0.016322  0.0429444  0.151601
0.311411  -0.101658  -0.0160116  -0.101658  0.220551  0.0426947  -0.0160116  0.0426947  0.15164
0.311411  -0.101648  -0.015984  -0.101648  0.220529  0.0426748  -0.015984  0.0426748  0.151642
0.311353  -0.101388  -0.0157039  -0.101388  0.220167  0.0424308  -0.0157039  0.0424308  0.151671
0.311314  -0.101216  -0.0155022  -0.101216  0.219923  0.0422609  -0.0155022  0.0422609  0.151693
0.311305  -0.101194  -0.0154953  -0.101194  0.219903  0.042252  -0.0154953  0.042252  0.151695
0.311247  -0.100947  -0.0151981  -0.100947  0.219554  0.042006  -0.0151981  0.042006  0.15173
0.311221  -0.100803  -0.0150169  -0.100803  0.219336  0.0418529  -0.0150169  0.0418529  0.151748
0.311216  -0.100775  -0.0149953  -0.100775  0.219299  0.041831  -0.0149953  0.041831  0.15175
0.311171  -0.100556  -0.0147188  -0.100556  0.218978  0.0416025  -0.0147188  0.0416025  0.151782
0.31117  -0.100546  -0.0146915  -0.100546  0.218956  0.041583  -0.0146915  0.041583  0.151784
0.311125  -0.100327  -0.0144157  -0.100327  0.218636  0.0413555  -0.0144157  0.0413555  0.151817
0.311103  -0.100178  -0.014221  -0.100178  0.218404  0.0411915  -0.014221  0.0411915  0.151837
0.311098  -0.100151  -0.0141996  -0.100151  0.218368  0.04117  -0.0141996  0.04117  0.151839
0.311049  -0.0999275  -0.0139125  -0.0999275  0.218045  0.0409381  -0.0139125  0.0409381  0.151877
0.311048  -0.0999173  -0.0138853  -0.0999173  0.218024  0.0409189  -0.0138853  0.0409189  0.15188
0.311015  -0.0997039  -0.0136218  -0.0997039  0.2177  0.0406944  -0.0136218  0.0406944  0.151909
0.310993  -0.099555  -0.0134283  -0.099555  0.217471  0.0405325  -0.0134283  0.0405325  0.15193
0.310988  -0.09955  -0.0134159  -0.09955  0.217466  0.0405262  -0.0134159  0.0405262  0.151934
0.310968  -0.0993535  -0.0131452  -0.0993535  0.217147  0.0402991  -0.0131452  0.0402991  0.151962
0.310967  -0.0993315  -0.0131365  -0.0993315  0.217116  0.0402842  -0.0131365  0.0402842  0.15196
0.310943  -0.0991403  -0.012881  -0.0991403  0.216815  0.0400709  -0.012881  0.0400709  0.151989
0.310937  -0.0990012  -0.012711  -0.0990012  0.216586  0.0399169  -0.012711  0.0399169  0.152002
0.31094  -0.0989959  -0.0126964  -0.0989959  0.216569  0.0399042  -0.0126964  0.0399042  0.152002
0.310923  -0.0988046  -0.0124394  -0.0988046  0.216258  0.0396859  -0.0124394  0.0396859  0.152028
0.310915  -0.0987829  -0.012433  -0.0987829  0.216239  0.0396777  -0.012433  0.0396777  0.152031
0.310902  -0.0985863  -0.0121619  -0.0985863  0.215913  0.0394478  -0.0121619  0.0394478  0.152059
0.310898  -0.0984538  -0.0119599  -0.0984538  0.215679  0.0392789  -0.0119599  0.0392789  0.152078
0.310897  -0.0984436  -0.0119331  -0.0984436  0.215659  0.0392602  -0.0119331  0.0392602  0.152082
0.310896  -0.0982515  -0.0116727  -0.0982515  0.215327  0.0390317  -0.0116727  0.0390317  0.152104
0.310895  -0.0982413  -0.0116458  -0.0982413  0.215307  0.039013  -0.0116458  0.039013  0.152107
0.31088  -0.0980448  -0.011376  -0.0980448  0.214983  0.0387859  -0.011376  0.0387859  0.152138
0.310881  -0.0979171  -0.0111871  -0.0979171  0.214756  0.0386251  -0.0111871  0.0386251  0.152156
0.310884  -0.0979118  -0.0111725  -0.0979118  0.21474  0.0386126  -0.0111725  0.0386126  0.152156
0.310883  -0.0977416  -0.0109218  -0.0977416  0.214442  0.0384011  -0.0109218  0.0384011  0.152181
0.310882  -0.0977196  -0.0109132  -0.0977196  0.214412  0.0383867  -0.0109132  0.0383867  0.15218
0.310884  -0.0975542  -0.0106749  -0.0975542  0.214119  0.0381819  -0.0106749  0.0381819  0.152203
0.310881  -0.0974318  -0.0105012  -0.0974318  0.21391  0.0380352  -0.0105012  0.0380352  0.152222
0.310884  -0.0974264  -0.0104866  -0.0974264  0.213894  0.0380228  -0.0104866  0.0380228  0.152222
0.310874  -0.0972567  -0.0102392  -0.0972567  0.21361  0.0378199  -0.0102392  0.0378199  0.152254
0.310873  -0.0972465  -0.0102126  -0.0972465  0.213589  0.0378017  -0.0102126  0.0378017  0.152259
0.31087  -0.0970762  -0.00996306  -0.0970762  0.213294  0.0375932  -0.00996306  0.0375932  0.152288
0.310867  -0.0969756  -0.00979858  -0.0969756  0.213117  0.0374621  -0.00979858  0.0374621  0.152309
0.310862  -0.0969489  -0.009778  -0.0969489  0.213082  0.0374422  -0.009778  0.0374422  0.152313
0.310852  -0.0968011  -0.0095401  -0.0968011  0.21283  0.0372555  -0.0095401  0.0372555  0.152348
0.310851  -0.0967791  -0.00953157  -0.0967791  0.2128  0.0372415  -0.00953157  0.0372415  0.152347
0.31084  -0.0966094  -0.0092855  -0.0966094  0.212519  0.0370416  -0.0092855  0.0370416  0.152383
0.310844  -0.0964863  -0.0091106  -0.0964863  0.212301  0.0368915  -0.0091106  0.0368915  0.152401
0.310847  -0.0964808  -0.0090961  -0.0964808  0.212285  0.0368794  -0.0090961  0.0368794  0.152402
0.310843  -0.0963104  -0.00884806  -0.0963104  0.211994  0.0366744  -0.00884806  0.0366744  0.152435
0.310838  -0.0962836  -0.00882765  -0.0962836  0.21196  0.0366548  -0.00882765  0.0366548  0.152439
0.310842  -0.0961125  -0.00857739  -0.0961125  0.211658  0.0364444  -0.00857739  0.0364444  0.152469
0.310838  -0.0959899  -0.00840566  -0.0959899  0.211454  0.0363023  -0.00840566  0.0363023  0.152494
0.310836  -0.0959797  -0.00837931  -0.0959797  0.211434  0.0362846  -0.00837931  0.0362846  0.152499
0.310831  -0.0957872  -0.00812376  -0.0957872  0.211115  0.0360682  -0.00812376  0.0360682  0.152534
0.31083  -0.0957769  -0.00809744  -0.0957769  0.211095  0.0360506  -0.00809744  0.0360506  0.152539
0.310822  -0.09559  -0.00785675  -0.09559  0.210793  0.0358472  -0.00785675  0.0358472  0.152575
0.310821  -0.0954721  -0.00769751  -0.0954721  0.210595  0.0357123  -0.00769751  0.0357123  0.152597
0.31082  -0.0954501  -0.0076891  -0.0954501  0.210565  0.0356987  -0.0076891  0.0356987  0.152596
0.310812  -0.0952632  -0.00744896  -0.0952632  0.210265  0.0354967  -0.00744896  0.0354967  0.152633
0.310815  -0.0952576  -0.00743451  -0.0952576  0.210249  0.0354848  -0.00743451  0.0354848  0.152634
0.31081  -0.0950753  -0.00720647  -0.0950753  0.209954  0.0352891  -0.00720647  0.0352891  0.152668
0.310816  -0.0949346  -0.00703668  -0.0949346  0.209716  0.035136  -0.00703668  0.035136  0.152687
0.310819  -0.094929  -0.00702225  -0.094929  0.209701  0.0351242  -0.00702225  0.0351242  0.152688
0.310813  -0.0947583  -0.00677691  -0.0947583  0.209417  0.034926  -0.00677691  0.034926  0.152729
0.310816  -0.0947527  -0.00676248  -0.0947527  0.209401  0.0349142  -0.00676248  0.0349142  0.15273
0.31081  -0.094582  -0.00651747  -0.094582  0.209118  0.0347168  -0.00651747  0.0347168  0.152771
0.310819  -0.0944575  -0.00634211  -0.0944575  0.208895  0.0345669  -0.00634211  0.0345669  0.152793
0.310818  -0.0944472  -0.00631604  -0.0944472  0.208876  0.0345497  -0.00631604  0.0345497  0.152799
0.310834  -0.0942735  -0.0060632  -0.0942735  0.20856  0.0343349  -0.0060632  0.0343349  0.152831
0.310837  -0.0942679  -0.00604879  -0.0942679  0.208544  0.0343232  -0.00604879  0.0343232  0.152832
0.310868  -0.0941139  -0.00579882  -0.0941139  0.208235  0.0341098  -0.00579882  0.0341098  0.152858
0.310866  -0.0941036  -0.0057728  -0.0941036  0.208216  0.0340928  -0.0057728  0.0340928  0.152864
0.310887  -0.0939445  -0.0055579  -0.0939445  0.207925  0.033902  -0.0055579  0.033902  0.152887
0.31091  -0.093851  -0.00536793  -0.093851  0.20772  0.0337508  -0.00536793  0.0337508  0.152911
0.310909  -0.093829  -0.00535965  -0.093829  0.207692  0.0337378  -0.00535965  0.0337378  0.152911
0.310938  -0.0937021  -0.00513264  -0.0937021  0.207428  0.0335509  -0.00513264  0.0335509  0.152938
0.310941  -0.0936964  -0.00511823  -0.0936964  0.207413  0.0335394  -0.00511823  0.0335394  0.152939
0.310967  -0.0935472  -0.00488303  -0.0935472  0.207122  0.0333402  -0.00488303  0.0333402  0.152967
0.31098  -0.0934484  -0.00472822  -0.0934484  0.206936  0.0332119  -0.00472822  0.0332119  0.152988
0.310983  -0.0934427  -0.00471381  -0.0934427  0.20692  0.0332004  -0.00471381  0.0332004  0.15299
0.311021  -0.0933083  -0.00446966  -0.0933083  0.206632  0.0329975  -0.00446966  0.0329975  0.153017
0.31102  -0.0932864  -0.00446142  -0.0932864  0.206604  0.0329847  -0.00446142  0.0329847  0.153017
0.311034  -0.0931448  -0.00420034  -0.0931448  0.206331  0.0327845  -0.00420034  0.0327845  0.153062
0.311048  -0.0930295  -0.00400553  -0.0930295  0.206112  0.0326295  -0.00400553  0.0326295  0.153093
0.31105  -0.0930237  -0.00399112  -0.0930237  0.206097  0.0326181  -0.00399112  0.0326181  0.153095
0.311079  -0.0928679  -0.00374199  -0.0928679  0.205793  0.0324106  -0.00374199  0.0324106  0.153128
0.311073  -0.0928413  -0.00372239  -0.0928413  0.205761  0.0323928  -0.00372239  0.0323928  0.153133
0.311117  -0.0927047  -0.00347552  -0.0927047  0.205465  0.0321863  -0.00347552  0.0321863  0.15316
0.311116  -0.0926944  -0.00344974  -0.0926944  0.205446  0.0321699  -0.00344974  0.0321699  0.153167
0.311143  -0.092538  -0.00320079  -0.092538  0.205144  0.031964  -0.00320079  0.031964  0.153202
0.311165  -0.0924312  -0.00302906  -0.0924312  0.204934  0.0318213  -0.00302906  0.0318213  0.153225
0.311163  -0.0924208  -0.00300332  -0.0924208  0.204916  0.031805  -0.00300332  0.031805  0.153232
0.311189  -0.092242  -0.0027464  -0.092242  0.204587  0.0315879  -0.0027464  0.0315879  0.15327
0.311192  -0.0922361  -0.002732  -0.0922361  0.204572  0.0315767  -0.002732  0.0315767  0.153271
0.311212  -0.0920803  -0.00248645  -0.0920803  0.204284  0.031379  -0.00248645  0.031379  0.153313
0.311215  -0.0920745  -0.00247205  -0.0920745  0.204269  0.0313678  -0.00247205  0.0313678  0.153315
0.311237  -0.0919126  -0.00221226  -0.0919126  0.203966  0.0311597  -0.00221226  0.0311597  0.153359
0.311249  -0.0917845  -0.00203582  -0.0917845  0.203742  0.0310129  -0.00203582  0.0310129  0.153388
0.311252  -0.0917786  -0.00202142  -0.0917786  0.203727  0.0310018  -0.00202142  0.0310018  0.15339
0.311273  -0.0916164  -0.00176189  -0.0916164  0.203426  0.0307951  -0.00176189  0.0307951  0.153436
0.311272  -0.0915944  -0.00175378  -0.0915944  0.203398  0.0307829  -0.00175378  0.0307829  0.153437
0.311298  -0.0914364  -0.00150559  -0.0914364  0.203101  0.0305819  -0.00150559  0.0305819  0.153478
0.311317  -0.0913066  -0.00132622  -0.0913066  0.202868  0.0304305  -0.00132622  0.0304305  0.153506
0.311327  -0.0912992  -0.00130861  -0.0912992  0.202842  0.0304134  -0.00130861  0.0304134  0.153505
0.311354  -0.0911349  -0.00104618  -0.0911349  0.202531  0.0302028  -0.00104618  0.0302028  0.15355
0.311353  -0.0911128  -0.0010381  -0.0911128  0.202504  0.0301908  -0.0010381  0.0301908  0.15355
0.311385  -0.0909528  -0.000786904  -0.0909528  0.202198  0.0299858  -0.000786904  0.0299858  0.153591
0.3114  -0.0908283  -0.000622102  -0.0908283  0.201981  0.029847  -0.000622102  0.029847  0.153618
0.311399  -0.0908178  -0.000596613  -0.0908178  0.201963  0.0298312  -0.000596613  0.0298312  0.153626
0.311437  -0.0906558  -0.000342243  -0.0906558  0.201647  0.0296215  -0.000342243  0.0296215  0.153665
0.311436  -0.0906337  -0.000334197  -0.0906337  0.20162  0.0296097  -0.000334197  0.0296097  0.153666
0.311455  -0.0904699  -7.54716e-05  -0.0904699  0.201323  0.0294081  -7.54716e-05  0.0294081  0.153718
0.311476  -0.090355  0.000109868  -0.090355  0.201105  0.0292609  0.000109868  0.0292609  0.153751
0.311474  -0.0903445  0.000135285  -0.0903445  0.201087  0.0292454  0.000135285  0.0292454  0.153759
0.311512  -0.0901701  0.000372113  -0.0901701  0.200765  0.0290416  0.000372113  0.0290416  0.153793
0.311538  -0.0900594  0.000546382  -0.0900594  0.200551  0.0289001  0.000546382  0.0289001  0.153822
0.31154  -0.0900533  0.000560769  -0.0900533  0.200537  0.0288894  0.000560769  0.0288894  0.153825
0.311582  -0.0898943  0.000803997  -0.0898943  0.200228  0.0286878  0.000803997  0.0286878  0.153862
0.311592  -0.0898866  0.000821807  -0.0898866  0.200202  0.0286711  0.000821807  0.0286711  0.153861
0.311637  -0.0897318  0.00105414  -0.0897318  0.199898  0.0284749  0.00105414  0.0284749  0.153893
0.311647  -0.089724  0.00107198  -0.089724  0.199872  0.0284583  0.00107198  0.0284583  0.153892
0.311701  -0.0895892  0.0012999  -0.0895892  0.199584  0.0282683  0.0012999  0.0282683  0.153921
