0.314244  -0.150365  -0.071911  -0.150365  0.317715  0.111521  -0.071911  0.111521  0.170904
0.314244  -0.150365  -0.071911  -0.150365  0.317715  0.111521  -0.071911  0.111521  0.170904
0.314244  -0.150365  -0.071911  -0.150365  0.317715  0.111521  -0.071911  0.111521  0.170904
0.314285  -0.149767  -0.072011  -0.149767  0.316514  0.11107  -0.072011  0.11107  0.170841
0.314175  -0.149145  -0.0718722  -0.149145  0.315452  0.110564  -0.0718722  0.110564  0.170709
0.314165  -0.149088  -0.0718429  -0.149088  0.315347  0.110503  -0.0718429  0.110503  0.170688
0.313861  -0.148096  -0.0711769  -0.148096  0.313711  0.109464  -0.0711769  0.109464  0.170288
0.313823  -0.147999  -0.0711279  -0.147999  0.313573  0.109385  -0.0711279  0.109385  0.170262
0.313383  -0.146542  -0.0706277  -0.146542  0.311387  0.108267  -0.0706277  0.108267  0.169951
0.31297  -0.145461  -0.0699989  -0.145461  0.309827  0.10732  -0.0699989  0.10732  0.169621
0.312928  -0.145358  -0.0699308  -0.145358  0.30968  0.107226  -0.0699308  0.107226  0.169586
0.312325  -0.143965  -0.0687826  -0.143965  0.307672  0.105811  -0.0687826  0.105811  0.169019
0.312285  -0.143863  -0.0687156  -0.143863  0.307527  0.105719  -0.0687156  0.105719  0.168986
0.311664  -0.142176  -0.0678004  -0.142176  0.305125  0.104297  -0.0678004  0.104297  0.168523
0.311216  -0.140982  -0.0671201  -0.140982  0.303444  0.103281  -0.0671201  0.103281  0.168189
0.311172  -0.140876  -0.0670354  -0.140876  0.303292  0.103175  -0.0670354  0.103175  0.168149
0.310559  -0.139284  -0.0659866  -0.139284  0.301043  0.101734  -0.0659866  0.101734  0.167651
0.310517  -0.139165  -0.0659269  -0.139165  0.300877  0.101638  -0.0659269  0.101638  0.167622
0.30992  -0.137418  -0.065139  -0.137418  0.298459  0.100285  -0.065139  0.100285  0.167241
0.309501  -0.136192  -0.0644908  -0.136192  0.296737  0.099266  -0.0644908  0.099266  0.166933
0.309457  -0.136069  -0.0644139  -0.136069  0.296566  0.099158  -0.0644139  0.099158  0.166898
0.30887  -0.134448  -0.0634479  -0.134448  0.294334  0.097774  -0.0634479  0.097774  0.166466
0.308827  -0.134327  -0.0633724  -0.134327  0.294166  0.0976681  -0.0633724  0.0976681  0.166433
0.30823  -0.132584  -0.0625111  -0.132584  0.291818  0.0963019  -0.0625111  0.0963019  0.166056
0.307825  -0.131492  -0.061786  -0.131492  0.290345  0.095344  -0.061786  0.095344  0.165756
0.307785  -0.131375  -0.0617126  -0.131375  0.290184  0.0952415  -0.0617126  0.0952415  0.165724
0.307232  -0.129912  -0.0606288  -0.129912  0.288208  0.0938969  -0.0606288  0.0938969  0.165291
0.307198  -0.129804  -0.0605747  -0.129804  0.288061  0.0938107  -0.0605747  0.0938107  0.165268
0.306738  -0.128386  -0.0596923  -0.128386  0.2861  0.0925675  -0.0596923  0.0925675  0.164903
0.30643  -0.12745  -0.0590237  -0.12745  0.284792  0.0916939  -0.0590237  0.0916939  0.164634
0.306398  -0.127357  -0.058949  -0.127357  0.284664  0.0916039  -0.058949  0.0916039  0.164606
0.306007  -0.126047  -0.0580107  -0.126047  0.282774  0.0903445  -0.0580107  0.0903445  0.164221
0.305976  -0.125943  -0.0579591  -0.125943  0.282634  0.0902625  -0.0579591  0.0902625  0.1642
0.305634  -0.124668  -0.0571836  -0.124668  0.280803  0.0891105  -0.0571836  0.0891105  0.163878
0.305413  -0.123909  -0.0565535  -0.123909  0.279686  0.0883246  -0.0565535  0.0883246  0.163632
0.305394  -0.123824  -0.0564835  -0.123824  0.279552  0.0882316  -0.0564835  0.0882316  0.163602
0.305105  -0.122753  -0.0557017  -0.122753  0.277991  0.0871856  -0.0557017  0.0871856  0.163298
0.305094  -0.122682  -0.0556665  -0.122682  0.27788  0.0871196  -0.0556665  0.0871196  0.16328
0.304872  -0.121814  -0.0549602  -0.121814  0.276574  0.0862121  -0.0549602  0.0862121  0.163006
0.304755  -0.121371  -0.0544103  -0.121371  0.275841  0.0856175  -0.0544103  0.0856175  0.162799
0.304738  -0.121328  -0.0543481  -0.121328  0.275779  0.0855609  -0.0543481  0.0855609  0.16278
0.304585  -0.120642  -0.0537079  -0.120642  0.27468  0.0847665  -0.0537079  0.0847665  0.162531
0.30458  -0.120609  -0.0536645  -0.120609  0.274616  0.0847158  -0.0536645  0.0847158  0.162513
0.304486  -0.120128  -0.0530724  -0.120128  0.273764  0.0840431  -0.0530724  0.0840431  0.162283
0.304446  -0.119833  -0.0526678  -0.119833  0.273188  0.0835797  -0.0526678  0.0835797  0.162119
0.304445  -0.119806  -0.0526412  -0.119806  0.273134  0.0835419  -0.0526412  0.0835419  0.162106
0.304411  -0.119381  -0.0522279  -0.119381  0.272329  0.0829718  -0.0522279  0.0829718  0.161921
0.304401  -0.119363  -0.0521788  -0.119363  0.272301  0.0829358  -0.0521788  0.0829358  0.161907
0.304363  -0.119047  -0.0516309  -0.119047  0.271632  0.0823564  -0.0516309  0.0823564  0.161694
0.304344  -0.118827  -0.0512662  -0.118827  0.271158  0.0819572  -0.0512662  0.0819572  0.16155
0.304343  -0.118801  -0.0512399  -0.118801  0.271106  0.0819201  -0.0512399  0.0819201  0.161538
0.304341  -0.118549  -0.050806  -0.118549  0.270517  0.0814294  -0.050806  0.0814294  0.161358
0.304343  -0.118541  -0.0507752  -0.118541  0.270487  0.0813988  -0.0507752  0.0813988  0.161345
0.304374  -0.118426  -0.0502599  -0.118426  0.270023  0.0809116  -0.0502599  0.0809116  0.16114
0.304393  -0.1183  -0.0499824  -0.1183  0.269663  0.0806004  -0.0499824  0.0806004  0.161021
0.304399  -0.118298  -0.0499678  -0.118298  0.269641  0.0805816  -0.0499678  0.0805816  0.161013
0.304431  -0.118159  -0.0495632  -0.118159  0.269182  0.0801565  -0.0495632  0.0801565  0.160845
0.304433  -0.118151  -0.0495326  -0.118151  0.269152  0.0801263  -0.0495326  0.0801263  0.160833
0.30448  -0.11809  -0.049126  -0.11809  0.26879  0.0797391  -0.049126  0.0797391  0.160668
0.304502  -0.117983  -0.0489126  -0.117983  0.26848  0.0794845  -0.0489126  0.0794845  0.160574
0.304505  -0.117975  -0.048882  -0.117975  0.26845  0.0794545  -0.048882  0.0794545  0.160562
0.304547  -0.117904  -0.0485788  -0.117904  0.268125  0.0791403  -0.0485788  0.0791403  0.160434
0.304549  -0.117896  -0.0485482  -0.117896  0.268095  0.0791104  -0.0485482  0.0791104  0.160422
0.304557  -0.117777  -0.0481841  -0.117777  0.267737  0.07876  -0.0481841  0.07876  0.160291
0.304564  -0.11768  -0.0479643  -0.11768  0.267476  0.0785282  -0.0479643  0.0785282  0.160208
0.304566  -0.117672  -0.0479338  -0.117672  0.267446  0.0784984  -0.0479338  0.0784984  0.160196
0.304562  -0.117582  -0.0475589  -0.117582  0.267158  0.0781765  -0.0475589  0.0781765  0.160076
0.304564  -0.117574  -0.0475285  -0.117574  0.267128  0.0781469  -0.0475285  0.0781469  0.160065
0.304551  -0.117404  -0.0472098  -0.117404  0.266751  0.0778192  -0.0472098  0.0778192  0.159957
0.304553  -0.117397  -0.0471794  -0.117397  0.266722  0.0777897  -0.0471794  0.0777897  0.159946
0.304528  -0.11723  -0.0468242  -0.11723  0.266362  0.0774542  -0.0468242  0.0774542  0.159838
0.304501  -0.117111  -0.0465714  -0.117111  0.266123  0.077225  -0.0465714  0.077225  0.159766
0.304504  -0.117091  -0.0465617  -0.117091  0.266081  0.0772009  -0.0465617  0.0772009  0.159759
0.304462  -0.116856  -0.046308  -0.116856  0.265686  0.0769084  -0.046308  0.0769084  0.159683
0.304461  -0.11683  -0.0462826  -0.11683  0.265635  0.0768734  -0.0462826  0.0768734  0.159673
0.304416  -0.116627  -0.0459529  -0.116627  0.26527  0.0765557  -0.0459529  0.0765557  0.159583
0.304376  -0.116444  -0.0457513  -0.116444  0.264979  0.0763353  -0.0457513  0.0763353  0.159529
0.304378  -0.116437  -0.0457213  -0.116437  0.264949  0.0763063  -0.0457213  0.0763063  0.159518
0.304322  -0.116176  -0.0454581  -0.116176  0.264541  0.0760081  -0.0454581  0.0760081  0.159447
0.304316  -0.116165  -0.045427  -0.116165  0.264524  0.0759863  -0.045427  0.0759863  0.159442
0.304246  -0.115915  -0.0450922  -0.115915  0.264137  0.0756647  -0.0450922  0.0756647  0.159364
0.304189  -0.115689  -0.0448857  -0.115689  0.263811  0.0754323  -0.0448857  0.0754323  0.159315
0.304191  -0.115681  -0.0448559  -0.115681  0.263782  0.0754037  -0.0448559  0.0754037  0.159305
0.304117  -0.115385  -0.044553  -0.115385  0.263345  0.0750789  -0.044553  0.0750789  0.159236
0.30411  -0.115374  -0.0445223  -0.115374  0.263328  0.0750575  -0.0445223  0.0750575  0.15923
0.304034  -0.11506  -0.0442255  -0.11506  0.262872  0.0747289  -0.0442255  0.0747289  0.159163
0.303991  -0.114833  -0.0440576  -0.114833  0.262534  0.0745086  -0.0440576  0.0745086  0.159119
0.303985  -0.114809  -0.0440471  -0.114809  0.262505  0.0744924  -0.0440471  0.0744924  0.159117
0.303912  -0.114528  -0.0437273  -0.114528  0.262086  0.0741675  -0.0437273  0.0741675  0.159049
0.303906  -0.114505  -0.0437169  -0.114505  0.262058  0.0741514  -0.0437169  0.0741514  0.159047
0.303846  -0.114208  -0.0434544  -0.114208  0.261612  0.0738416  -0.0434544  0.0738416  0.158984
0.303801  -0.113977  -0.0432731  -0.113977  0.261271  0.0736139  -0.0432731  0.0736139  0.158941
0.303806  -0.113974  -0.0432588  -0.113974  0.261251  0.0735964  -0.0432588  0.0735964  0.158934
0.303741  -0.113681  -0.0429476  -0.113681  0.260805  0.0732637  -0.0429476  0.0732637  0.158866
0.303735  -0.113658  -0.0429374  -0.113658  0.260777  0.0732479  -0.0429374  0.0732479  0.158864
0.303682  -0.113349  -0.0426831  -0.113349  0.260305  0.07293  -0.0426831  0.07293  0.158802
0.303646  -0.113147  -0.0424647  -0.113147  0.25998  0.0726889  -0.0424647  0.0726889  0.15875
0.303641  -0.113124  -0.0424545  -0.113124  0.259952  0.0726732  -0.0424545  0.0726732  0.158749
0.303588  -0.112829  -0.0421819  -0.112829  0.259496  0.0723534  -0.0421819  0.0723534  0.158686
0.303583  -0.112806  -0.0421718  -0.112806  0.259468  0.0723378  -0.0421718  0.0723378  0.158684
0.303542  -0.112508  -0.0419356  -0.112508  0.258999  0.0720276  -0.0419356  0.0720276  0.158623
0.30351  -0.112312  -0.041734  -0.112312  0.258685  0.0718  -0.041734  0.0718  0.158577
0.303502  -0.112285  -0.041709  -0.112285  0.25865  0.0717744  -0.041709  0.0717744  0.158573
0.303466  -0.112022  -0.0414645  -0.112022  0.258223  0.0714775  -0.0414645  0.0714775  0.158513
0.303466  -0.111997  -0.0414403  -0.111997  0.258176  0.071445  -0.0414403  0.071445  0.158505
0.303434  -0.111753  -0.0411916  -0.111753  0.257771  0.0711549  -0.0411916  0.0711549  0.158446
0.30341  -0.111574  -0.0409726  -0.111574  0.257461  0.0709186  -0.0409726  0.0709186  0.158395
0.303405  -0.111551  -0.0409627  -0.111551  0.257434  0.0709034  -0.0409627  0.0709034  0.158394
0.303397  -0.111341  -0.0407412  -0.111341  0.257042  0.0706267  -0.0407412  0.0706267  0.15833
0.303391  -0.111319  -0.0407313  -0.111319  0.257015  0.0706115  -0.0407313  0.0706115  0.158329
0.303398  -0.111163  -0.0404962  -0.111163  0.256671  0.0703446  -0.0404962  0.0703446  0.15826
0.303401  -0.111036  -0.0403625  -0.111036  0.256417  0.0701683  -0.0403625  0.0701683  0.158217
0.303396  -0.111026  -0.0403332  -0.111026  0.256402  0.0701486  -0.0403332  0.0701486  0.158214
0.303401  -0.110854  -0.0401666  -0.110854  0.256063  0.069919  -0.0401666  0.069919  0.158159
0.303406  -0.110851  -0.0401525  -0.110851  0.256043  0.0699022  -0.0401525  0.0699022  0.158153
0.303421  -0.110699  -0.0399818  -0.110699  0.255713  0.0696715  -0.0399818  0.0696715  0.158093
0.303416  -0.110677  -0.039972  -0.110677  0.255686  0.0696566  -0.039972  0.0696566  0.158092
0.303425  -0.110515  -0.0397723  -0.110515  0.255341  0.0694072  -0.0397723  0.0694072  0.15803
0.303446  -0.110447  -0.0396398  -0.110447  0.255143  0.069251  -0.0396398  0.069251  0.157984
0.303444  -0.110442  -0.0396252  -0.110442  0.255135  0.0692413  -0.0396252  0.0692413  0.157983
0.303464  -0.110324  -0.0394452  -0.110324  0.254845  0.0690226  -0.0394452  0.0690226  0.157923
0.303466  -0.110304  -0.0394361  -0.110304  0.254806  0.0690009  -0.0394361  0.0690009  0.157918
0.303485  -0.110199  -0.0392368  -0.110199  0.254528  0.0687783  -0.0392368  0.0687783  0.157858
0.30349  -0.110196  -0.0392228  -0.110196  0.254508  0.0687617  -0.0392228  0.0687617  0.157852
0.303515  -0.110076  -0.0390291  -0.110076  0.254199  0.0685277  -0.0390291  0.0685277  0.157788
0.303535  -0.110008  -0.0388969  -0.110008  0.254002  0.068373  -0.0388969  0.068373  0.157744
0.303535  -0.110008  -0.0388969  -0.110008  0.254002  0.068373  -0.0388969  0.068373  0.157744
0.303572  -0.109912  -0.0387136  -0.109912  0.253709  0.0681476  -0.0387136  0.0681476  0.157677
0.30357  -0.109907  -0.0386991  -0.109907  0.253701  0.0681381  -0.0386991  0.0681381  0.157676
0.303609  -0.109816  -0.0385303  -0.109816  0.253415  0.0679227  -0.0385303  0.0679227  0.157612
0.303642  -0.109773  -0.0384083  -0.109773  0.253233  0.0677765  -0.0384083  0.0677765  0.157565
0.303647  -0.10977  -0.0383943  -0.10977  0.253214  0.0677601  -0.0383943  0.0677601  0.157559
0.303687  -0.109716  -0.0382297  -0.109716  0.252986  0.0675718  -0.0382297  0.0675718  0.1575
0.303684  -0.109711  -0.0382153  -0.109711  0.252979  0.0675623  -0.0382153  0.0675623  0.157499
0.303729  -0.109667  -0.0380797  -0.109667  0.252766  0.0673933  -0.0380797  0.0673933  0.157443
0.303757  -0.109626  -0.0379717  -0.109626  0.252604  0.0672642  -0.0379717  0.0672642  0.157403
0.303762  -0.109623  -0.0379577  -0.109623  0.252584  0.0672478  -0.0379577  0.0672478  0.157397
0.303778  -0.109607  -0.037887  -0.109607  0.252499  0.0671729  -0.037887  0.0671729  0.157374
0.303815  -0.109573  -0.0377317  -0.109573  0.25231  0.0670068  -0.0377317  0.0670068  0.157321
0.303838  -0.109546  -0.0376185  -0.109546  0.25218  0.06689  -0.0376185  0.06689  0.157285
0.303846  -0.109548  -0.0376188  -0.109548  0.252168  0.066883  -0.0376188  0.066883  0.157281
0.303891  -0.109516  -0.0374638  -0.109516  0.251967  0.0667105  -0.0374638  0.0667105  0.157225
0.303888  -0.109511  -0.0374494  -0.109511  0.251959  0.0667011  -0.0374494  0.0667011  0.157224
0.303931  -0.109486  -0.0373229  -0.109486  0.251785  0.0665544  -0.0373229  0.0665544  0.157174
0.303928  -0.109481  -0.0373085  -0.109481  0.251778  0.066545  -0.0373085  0.066545  0.157173
0.303968  -0.109438  -0.0371868  -0.109438  0.251586  0.0663937  -0.0371868  0.0663937  0.157124
0.303989  -0.109431  -0.0370828  -0.109431  0.251493  0.0662985  -0.0370828  0.0662985  0.157095
0.303996  -0.109434  -0.0370831  -0.109434  0.251481  0.0662916  -0.0370831  0.0662916  0.15709
0.304031  -0.109394  -0.0369755  -0.109394  0.251308  0.0661568  -0.0369755  0.0661568  0.157047
0.304036  -0.109391  -0.0369614  -0.109391  0.251289  0.0661405  -0.0369614  0.0661405  0.157042
0.304074  -0.109381  -0.0368295  -0.109381  0.251146  0.0660062  -0.0368295  0.0660062  0.156998
0.304094  -0.109362  -0.0367448  -0.109362  0.251043  0.0659158  -0.0367448  0.0659158  0.15697
0.304092  -0.109357  -0.0367305  -0.109357  0.251035  0.0659066  -0.0367305  0.0659066  0.156969
0.304116  -0.109309  -0.0366083  -0.109309  0.250868  0.0657699  -0.0366083  0.0657699  0.15693
0.304116  -0.109309  -0.0366083  -0.109309  0.250868  0.0657699  -0.0366083  0.0657699  0.15693
0.304141  -0.109274  -0.0364669  -0.109274  0.250712  0.0656289  -0.0364669  0.0656289  0.156891
0.304159  -0.109238  -0.0363872  -0.109238  0.25059  0.0655341  -0.0363872  0.0655341  0.156864
0.304164  -0.109235  -0.0363731  -0.109235  0.25057  0.0655179  -0.0363731  0.0655179  0.156859
0.304188  -0.109187  -0.036251  -0.109187  0.250403  0.0653817  -0.036251  0.0653817  0.156821
0.304185  -0.109182  -0.0362367  -0.109182  0.250396  0.0653725  -0.0362367  0.0653725  0.15682
0.304217  -0.109137  -0.0361148  -0.109137  0.250217  0.0652296  -0.0361148  0.0652296  0.156778
0.304222  -0.109134  -0.0361007  -0.109134  0.250198  0.0652135  -0.0361007  0.0652135  0.156773
0.304254  -0.109089  -0.0359789  -0.109089  0.250019  0.0650708  -0.0359789  0.0650708  0.156731
0.304279  -0.109066  -0.0358801  -0.109066  0.249896  0.0649651  -0.0358801  0.0649651  0.156699
0.304277  -0.109049  -0.0358851  -0.109049  0.249878  0.0649604  -0.0358851  0.0649604  0.156699
0.304298  -0.109042  -0.0358431  -0.109042  0.249808  0.0649052  -0.0358431  0.0649052  0.156679
0.304328  -0.109005  -0.0357495  -0.109005  0.249656  0.064788  -0.0357495  0.064788  0.156644
0.304351  -0.108965  -0.0356558  -0.108965  0.249516  0.0646779  -0.0356558  0.0646779  0.156613
0.304351  -0.108965  -0.0356558  -0.108965  0.249516  0.0646779  -0.0356558  0.0646779  0.156613
0.304377  -0.108909  -0.0355055  -0.108909  0.249323  0.0645177  -0.0355055  0.0645177  0.15657
0.304381  -0.108906  -0.0354914  -0.108906  0.249304  0.0645017  -0.0354914  0.0645017  0.156565
0.304407  -0.108838  -0.0353603  -0.108838  0.2491  0.0643461  -0.0353603  0.0643461  0.156524
0.304412  -0.108835  -0.0353462  -0.108835  0.249081  0.0643301  -0.0353462  0.0643301  0.156519
0.304431  -0.108765  -0.0352151  -0.108765  0.24889  0.0641818  -0.0352151  0.0641818  0.156483
0.304438  -0.108767  -0.0352152  -0.108767  0.248878  0.0641749  -0.0352152  0.0641749  0.156479
0.304451  -0.108674  -0.035075  -0.108674  0.248661  0.0640132  -0.035075  0.0640132  0.156443
0.304473  -0.108634  -0.0349814  -0.108634  0.248521  0.063904  -0.0349814  0.063904  0.156413
0.304475  -0.108614  -0.0349723  -0.108614  0.248484  0.0638835  -0.0349723  0.0638835  0.156408
0.304498  -0.10854  -0.0348272  -0.10854  0.248274  0.06372  -0.0348272  0.06372  0.156368
0.304492  -0.108518  -0.0348181  -0.108518  0.248249  0.0637064  -0.0348181  0.0637064  0.156368
0.304509  -0.108434  -0.0346449  -0.108434  0.248026  0.0635254  -0.0346449  0.0635254  0.156327
0.304526  -0.10836  -0.0345614  -0.10836  0.24785  0.0634076  -0.0345614  0.0634076  0.156298
0.304523  -0.108355  -0.0345473  -0.108355  0.247843  0.0633987  -0.0345473  0.0633987  0.156298
0.304543  -0.108264  -0.0344075  -0.108264  0.247616  0.0632316  -0.0344075  0.0632316  0.156259
0.304548  -0.108261  -0.0343934  -0.108261  0.247597  0.0632158  -0.0343934  0.0632158  0.156254
0.304562  -0.108148  -0.0342447  -0.108148  0.247345  0.0630356  -0.0342447  0.0630356  0.156216
0.304575  -0.10808  -0.0341281  -0.10808  0.247175  0.0629053  -0.0341281  0.0629053  0.156187
0.30458  -0.108077  -0.034114  -0.108077  0.247156  0.0628895  -0.034114  0.0628895  0.156182
0.304597  -0.107969  -0.0339795  -0.107969  0.246912  0.0627189  -0.0339795  0.0627189  0.156144
0.304597  -0.107969  -0.0339795  -0.107969  0.246912  0.0627189  -0.0339795  0.0627189  0.156144
0.304613  -0.107873  -0.033826  -0.107873  0.246679  0.0625443  -0.033826  0.0625443  0.156106
0.304632  -0.107815  -0.0337377  -0.107815  0.246523  0.0624323  -0.0337377  0.0624323  0.156078
0.304634  -0.107795  -0.0337287  -0.107795  0.246486  0.0624121  -0.0337287  0.0624121  0.156074
0.304656  -0.107721  -0.0335842  -0.107721  0.246279  0.0622514  -0.0335842  0.0622514  0.156037
0.304658  -0.107701  -0.0335752  -0.107701  0.246242  0.0622313  -0.0335752  0.0622313  0.156032
0.304679  -0.107601  -0.0334079  -0.107601  0.245992  0.062042  -0.0334079  0.062042  0.155991
0.30471  -0.107542  -0.0333055  -0.107542  0.245806  0.0619081  -0.0333055  0.0619081  0.155955
0.304712  -0.107522  -0.0332965  -0.107522  0.245769  0.0618881  -0.0332965  0.0618881  0.15595
0.304743  -0.107429  -0.0331432  -0.107429  0.245514  0.0617014  -0.0331432  0.0617014  0.155905
0.30474  -0.107424  -0.0331292  -0.107424  0.245507  0.0616927  -0.0331292  0.0616927  0.155905
0.304765  -0.107309  -0.032967  -0.107309  0.245228  0.0614933  -0.032967  0.0614933  0.155861
0.30477  -0.107306  -0.032953  -0.107306  0.24521  0.0614778  -0.032953  0.0614778  0.155856
0.304786  -0.107209  -0.0328  -0.107209  0.24498  0.0613057  -0.0328  0.0613057  0.155821
0.304787  -0.107189  -0.032791  -0.107189  0.244943  0.0612858  -0.032791  0.0612858  0.155817
0.304815  -0.107091  -0.032624  -0.107091  0.244683  0.0610918  -0.032624  0.0610918  0.155773
0.304835  -0.107025  -0.0325079  -0.107025  0.244503  0.0609575  -0.0325079  0.0609575  0.155743
0.304837  -0.107004  -0.032499  -0.107004  0.244467  0.0609377  -0.032499  0.0609377  0.155738
0.304851  -0.106894  -0.0323044  -0.106894  0.244206  0.0607341  -0.0323044  0.0607341  0.1557
0.304848  -0.106889  -0.0322906  -0.106889  0.244199  0.0607256  -0.0322906  0.0607256  0.1557
0.304857  -0.106757  -0.0320875  -0.106757  0.243915  0.0605098  -0.0320875  0.0605098  0.155663
0.304861  -0.106754  -0.0320735  -0.106754  0.243896  0.0604944  -0.0320735  0.0604944  0.155659
0.304872  -0.106627  -0.0318845  -0.106627  0.243619  0.0602878  -0.0318845  0.0602878  0.155622
0.304877  -0.106624  -0.0318705  -0.106624  0.2436  0.0602724  -0.0318705  0.0602724  0.155618
0.304876  -0.10651  -0.031677  -0.10651  0.243365  0.0600844  -0.031677  0.0600844  0.15559
0.30488  -0.106415  -0.0315392  -0.106415  0.243169  0.0599375  -0.0315392  0.0599375  0.155567
0.304884  -0.106411  -0.0315252  -0.106411  0.24315  0.0599222  -0.0315252  0.0599222  0.155563
0.30488  -0.106348  -0.0314382  -0.106348  0.243033  0.0598341  -0.0314382  0.0598341  0.155551
0.304881  -0.106214  -0.0312365  -0.106214  0.242763  0.0596278  -0.0312365  0.0596278  0.155521
0.30489  -0.10614  -0.0311076  -0.10614  0.242592  0.0594944  -0.0311076  0.0594944  0.155498
0.304885  -0.106119  -0.031099  -0.106119  0.242568  0.0594819  -0.031099  0.0594819  0.155499
0.304881  -0.106  -0.0308929  -0.106  0.242328  0.0592876  -0.0308929  0.0592876  0.155474
0.304883  -0.10598  -0.030884  -0.10598  0.242292  0.0592683  -0.030884  0.0592683  0.15547
0.304872  -0.10586  -0.0306785  -0.10586  0.242065  0.0590815  -0.0306785  0.0590815  0.155451
0.304858  -0.105757  -0.0305286  -0.105757  0.241889  0.0589421  -0.0305286  0.0589421  0.155439
0.304862  -0.105753  -0.0305146  -0.105753  0.24187  0.058927  -0.0305146  0.058927  0.155435
0.304853  -0.105613  -0.0303008  -0.105613  0.241608  0.058722  -0.0303008  0.058722  0.155413
0.304854  -0.105605  -0.0302732  -0.105605  0.241584  0.0586987  -0.0302732  0.0586987  0.15541
0.304849  -0.105462  -0.0300459  -0.105462  0.241304  0.0584794  -0.0300459  0.0584794  0.155385
0.304849  -0.105361  -0.029896  -0.105361  0.241105  0.0583277  -0.029896  0.0583277  0.155366
0.304854  -0.105358  -0.0298821  -0.105358  0.241087  0.0583127  -0.0298821  0.0583127  0.155362
0.304841  -0.105201  -0.0296745  -0.105201  0.24081  0.0581056  -0.0296745  0.0581056  0.155342
0.304846  -0.105198  -0.0296605  -0.105198  0.240791  0.0580906  -0.0296605  0.0580906  0.155338
0.304832  -0.105028  -0.0294123  -0.105028  0.240485  0.0578531  -0.0294123  0.0578531  0.155317
0.304834  -0.105008  -0.0294035  -0.105008  0.240449  0.0578341  -0.0294035  0.0578341  0.155313
0.304828  -0.104865  -0.0291777  -0.104865  0.240173  0.0576178  -0.0291777  0.0576178  0.155292
0.304816  -0.104742  -0.0290208  -0.104742  0.239964  0.0574628  -0.0290208  0.0574628  0.15528
0.30482  -0.104739  -0.0290069  -0.104739  0.239946  0.0574479  -0.0290069  0.0574479  0.155276
0.304809  -0.104574  -0.0287735  -0.104574  0.239648  0.0572209  -0.0287735  0.0572209  0.155257
0.3048  -0.104468  -0.028612  -0.104468  0.239457  0.0570709  -0.028612  0.0570709  0.155246
0.304804  -0.104465  -0.0285981  -0.104465  0.239439  0.0570561  -0.0285981  0.0570561  0.155242
0.304783  -0.104294  -0.0283525  -0.104294  0.239148  0.0568293  -0.0283525  0.0568293  0.15523
0.304785  -0.104274  -0.0283438  -0.104274  0.239113  0.0568107  -0.0283438  0.0568107  0.155226
0.304762  -0.104099  -0.0280854  -0.104099  0.238816  0.056577  -0.0280854  0.056577  0.155216
0.304766  -0.104095  -0.0280715  -0.104095  0.238798  0.0565622  -0.0280715  0.0565622  0.155212
0.304746  -0.103913  -0.0278455  -0.103913  0.238499  0.0563414  -0.0278455  0.0563414  0.155201
0.304731  -0.103774  -0.0276957  -0.103774  0.238277  0.0561859  -0.0276957  0.0561859  0.155193
0.304735  -0.103771  -0.0276819  -0.103771  0.238259  0.0561713  -0.0276819  0.0561713  0.155189
0.304712  -0.103585  -0.0274435  -0.103585  0.237954  0.0559442  -0.0274435  0.0559442  0.155181
0.304713  -0.103576  -0.0274164  -0.103576  0.23793  0.0559218  -0.0274164  0.0559218  0.155179
0.304687  -0.103382  -0.0272108  -0.103382  0.237635  0.0557142  -0.0272108  0.0557142  0.155173
0.304672  -0.103255  -0.0270435  -0.103255  0.237425  0.0555565  -0.0270435  0.0555565  0.155168
0.304669  -0.103251  -0.0270303  -0.103251  0.237419  0.0555487  -0.0270303  0.0555487  0.155169
0.304639  -0.103039  -0.0267722  -0.103039  0.237089  0.0553049  -0.0267722  0.0553049  0.155165
0.30464  -0.103019  -0.0267636  -0.103019  0.237055  0.0552867  -0.0267636  0.0552867  0.155162
0.304607  -0.102803  -0.0264931  -0.102803  0.236721  0.0550365  -0.0264931  0.0550365  0.155161
0.304608  -0.102783  -0.0264845  -0.102783  0.236686  0.0550183  -0.0264845  0.0550183  0.155158
0.304575  -0.102567  -0.0262147  -0.102567  0.236354  0.0547693  -0.0262147  0.0547693  0.155158
0.304552  -0.102424  -0.0260549  -0.102424  0.236142  0.0546174  -0.0260549  0.0546174  0.15516
0.304553  -0.102404  -0.0260464  -0.102404  0.236108  0.0545994  -0.0260464  0.0545994  0.155157
0.304522  -0.102201  -0.0258177  -0.102201  0.235807  0.0543818  -0.0258177  0.0543818  0.155159
0.304517  -0.10218  -0.0258098  -0.10218  0.235785  0.0543705  -0.0258098  0.0543705  0.15516
0.30449  -0.101975  -0.025568  -0.101975  0.235467  0.0541397  -0.025568  0.0541397  0.155161
0.304473  -0.101833  -0.0254086  -0.101833  0.235246  0.0539829  -0.0254086  0.0539829  0.15516
0.304468  -0.101812  -0.0254009  -0.101812  0.235224  0.0539718  -0.0254009  0.0539718  0.155162
0.304446  -0.101628  -0.0251678  -0.101628  0.23493  0.0537537  -0.0251678  0.0537537  0.155162
0.304439  -0.101603  -0.0251471  -0.101603  0.234903  0.0537352  -0.0251471  0.0537352  0.155165
0.304415  -0.101403  -0.0249199  -0.101403  0.234594  0.0535146  -0.0249199  0.0535146  0.155166
0.304398  -0.101273  -0.0247434  -0.101273  0.234386  0.0533558  -0.0247434  0.0533558  0.155169
0.304397  -0.101249  -0.0247221  -0.101249  0.234347  0.0533308  -0.0247221  0.0533308  0.155168
0.304368  -0.10104  -0.0244702  -0.10104  0.234028  0.0530971  -0.0244702  0.0530971  0.155175
0.304363  -0.101031  -0.0244444  -0.101031  0.234017  0.0530825  -0.0244444  0.0530825  0.155178
0.304343  -0.100828  -0.0242052  -0.100828  0.233694  0.0528506  -0.0242052  0.0528506  0.15518
0.304324  -0.100683  -0.0240353  -0.100683  0.233472  0.0526904  -0.0240353  0.0526904  0.155185
0.304322  -0.100679  -0.0240225  -0.100679  0.233466  0.0526831  -0.0240225  0.0526831  0.155187
0.304291  -0.100455  -0.0237775  -0.100455  0.233136  0.0524489  -0.0237775  0.0524489  0.155196
0.304288  -0.10045  -0.0237648  -0.10045  0.23313  0.0524417  -0.0237648  0.0524417  0.155198
0.304254  -0.10023  -0.0235341  -0.10023  0.232818  0.0522225  -0.0235341  0.0522225  0.155211
0.30423  -0.100085  -0.0233663  -0.100085  0.23261  0.052071  -0.0233663  0.052071  0.155222
0.304231  -0.100065  -0.0233579  -0.100065  0.232577  0.0520537  -0.0233579  0.0520537  0.15522
0.304202  -0.0998782  -0.0231179  -0.0998782  0.232298  0.0518432  -0.0231179  0.0518432  0.155235
0.304195  -0.099853  -0.0230978  -0.099853  0.232272  0.0518255  -0.0230978  0.0518255  0.155239
0.304169  -0.0996628  -0.0228449  -0.0996628  0.231977  0.0516023  -0.0228449  0.0516023  0.155253
0.304154  -0.0995349  -0.0226722  -0.0995349  0.231775  0.0514494  -0.0226722  0.0514494  0.155262
0.304147  -0.0995098  -0.0226522  -0.0995098  0.231749  0.0514319  -0.0226522  0.0514319  0.155266
0.304118  -0.0993238  -0.022414  -0.0993238  0.231473  0.0512241  -0.022414  0.0512241  0.155284
0.304117  -0.0992995  -0.0223932  -0.0992995  0.231435  0.0512001  -0.0223932  0.0512001  0.155284
0.304093  -0.0991227  -0.0221806  -0.0991227  0.231171  0.0510072  -0.0221806  0.0510072  0.155298
0.304068  -0.0989741  -0.0220028  -0.0989741  0.230963  0.0508526  -0.0220028  0.0508526  0.155316
0.304069  -0.0989659  -0.0219768  -0.0989659  0.23094  0.0508321  -0.0219768  0.0508321  0.155316
0.304041  -0.0987692  -0.021758  -0.0987692  0.230657  0.0506304  -0.021758  0.0506304  0.155334
0.304036  -0.0987603  -0.021733  -0.0987603  0.230647  0.0506166  -0.021733  0.0506166  0.155339
0.304006  -0.0985595  -0.0215024  -0.0985595  0.23036  0.0504091  -0.0215024  0.0504091  0.155361
0.303986  -0.098432  -0.021333  -0.098432  0.230174  0.0502666  -0.021333  0.0502666  0.155378
0.303984  -0.0984078  -0.0213125  -0.0984078  0.230136  0.050243  -0.0213125  0.050243  0.155378
0.303949  -0.0982184  -0.0210663  -0.0982184  0.229873  0.0500402  -0.0210663  0.0500402  0.155409
0.303948  -0.0981944  -0.0210458  -0.0981944  0.229836  0.0500167  -0.0210458  0.0500167  0.155409
0.303911  -0.098001  -0.020788  -0.098001  0.229568  0.0498082  -0.020788  0.0498082  0.155443
0.303886  -0.0978538  -0.020613  -0.0978538  0.229364  0.0496577  -0.020613  0.0496577  0.155465
0.303887  -0.0978342  -0.0206049  -0.0978342  0.229332  0.0496411  -0.0206049  0.0496411  0.155463
0.303864  -0.0976355  -0.0203761  -0.0976355  0.229038  0.0494314  -0.0203761  0.0494314  0.155485
0.303857  -0.0976109  -0.0203568  -0.0976109  0.229013  0.0494148  -0.0203568  0.0494148  0.15549
0.303826  -0.0974076  -0.0201176  -0.0974076  0.228727  0.049206  -0.0201176  0.049206  0.15552
0.303804  -0.0972656  -0.0199561  -0.0972656  0.22853  0.0490641  -0.0199561  0.0490641  0.155541
0.303803  -0.0972417  -0.0199359  -0.0972417  0.228494  0.0490411  -0.0199359  0.0490411  0.155542
0.30377  -0.0970543  -0.0196936  -0.0970543  0.228236  0.0488438  -0.0196936  0.0488438  0.155578
0.303765  -0.0970342  -0.0196867  -0.0970342  0.228216  0.0488341  -0.0196867  0.0488341  0.155581
0.303732  -0.0968472  -0.0194451  -0.0968472  0.22796  0.0486378  -0.0194451  0.0486378  0.155618
0.303709  -0.0967016  -0.0192728  -0.0967016  0.22776  0.0484912  -0.0192728  0.0484912  0.155644
0.303704  -0.096693  -0.0192485  -0.096693  0.227751  0.0484782  -0.0192485  0.0484782  0.15565
0.303678  -0.0964875  -0.0189991  -0.0964875  0.227453  0.0482608  -0.0189991  0.0482608  0.155683
0.303674  -0.096479  -0.0189749  -0.096479  0.227443  0.0482479  -0.0189749  0.0482479  0.155689
0.303652  -0.0962824  -0.0187503  -0.0962824  0.227157  0.0480445  -0.0187503  0.0480445  0.155718
0.303635  -0.0961379  -0.0185782  -0.0961379  0.226948  0.0478935  -0.0185782  0.0478935  0.155741
0.303628  -0.0961137  -0.0185595  -0.0961137  0.226924  0.0478775  -0.0185595  0.0478775  0.155747
0.303601  -0.0959049  -0.0183  -0.0959049  0.226625  0.0476568  -0.0183  0.0476568  0.155786
0.303602  -0.0958854  -0.0182921  -0.0958854  0.226594  0.0476408  -0.0182921  0.0476408  0.155784
0.303573  -0.0956851  -0.0180585  -0.0956851  0.226317  0.0474404  -0.0180585  0.0474404  0.155823
0.303572  -0.0956614  -0.0180387  -0.0956614  0.226282  0.0474182  -0.0180387  0.0474182  0.155825
0.303547  -0.0954576  -0.0177926  -0.0954576  0.22599  0.047206  -0.0177926  0.047206  0.155863
0.303546  -0.0954339  -0.0177729  -0.0954339  0.225954  0.0471839  -0.0177729  0.0471839  0.155865
0.303512  -0.0952217  -0.017505  -0.0952217  0.225666  0.0469668  -0.017505  0.0469668  0.155915
0.303515  -0.0952178  -0.0174919  -0.0952178  0.22565  0.046954  -0.0174919  0.046954  0.155914
0.303485  -0.0950145  -0.0172486  -0.0950145  0.225372  0.0467506  -0.0172486  0.0467506  0.155959
0.303466  -0.0948866  -0.0170754  -0.0948866  0.225194  0.0466134  -0.0170754  0.0466134  0.155993
0.303467  -0.0948785  -0.0170505  -0.0948785  0.225173  0.0465945  -0.0170505  0.0465945  0.155995
0.303445  -0.0946802  -0.016819  -0.0946802  0.224891  0.0463925  -0.016819  0.0463925  0.156034
0.303441  -0.0946718  -0.0167954  -0.0946718  0.224882  0.0463802  -0.0167954  0.0463802  0.156041
0.303419  -0.0944624  -0.0165816  -0.0944624  0.224591  0.0461825  -0.0165816  0.0461825  0.156078
0.303404  -0.0943241  -0.0164255  -0.0943241  0.224394  0.0460439  -0.0164255  0.0460439  0.156105
0.303402  -0.09432  -0.0164137  -0.09432  0.224389  0.0460378  -0.0164137  0.0460378  0.156108
0.303378  -0.0941264  -0.0161969  -0.0941264  0.224126  0.0458509  -0.0161969  0.0458509  0.156151
0.303374  -0.0941068  -0.0161906  -0.0941068  0.224107  0.045842  -0.0161906  0.045842  0.156154
0.303345  -0.0939053  -0.015951  -0.0939053  0.223836  0.045644  -0.015951  0.045644  0.156205
0.303322  -0.0937786  -0.0157818  -0.0937786  0.223674  0.045517  -0.0157818  0.045517  0.156247
0.303321  -0.0937551  -0.0157625  -0.0937551  0.223639  0.0454957  -0.0157625  0.0454957  0.15625
0.303287  -0.0935388  -0.0155309  -0.0935388  0.223368  0.0453031  -0.0155309  0.0453031  0.156307
0.30329  -0.0935348  -0.0155179  -0.0935348  0.223352  0.0452907  -0.0155179  0.0452907  0.156306
0.303252  -0.0933108  -0.0152639  -0.0933108  0.223072  0.0450873  -0.0152639  0.0450873  0.156371
0.303248  -0.0933027  -0.0152408  -0.0933027  0.223064  0.0450754  -0.0152408  0.0450754  0.156378
0.303221  -0.0930914  -0.0150209  -0.0930914  0.222787  0.0448844  -0.0150209  0.0448844  0.15643
0.303197  -0.0929392  -0.0148759  -0.0929392  0.222605  0.0447603  -0.0148759  0.0447603  0.15647
0.303195  -0.0929352  -0.0148643  -0.0929352  0.222601  0.0447544  -0.0148643  0.0447544  0.156473
0.303165  -0.0927053  -0.0146395  -0.0927053  0.222309  0.0445565  -0.0146395  0.0445565  0.156529
0.303163  -0.0927013  -0.014628  -0.0927013  0.222304  0.0445507  -0.014628  0.0445507  0.156533
0.303136  -0.0925103  -0.0144175  -0.0925103  0.222061  0.0443773  -0.0144175  0.0443773  0.156588
0.303132  -0.0924911  -0.0144114  -0.0924911  0.222043  0.0443688  -0.0144114  0.0443688  0.156591
0.303104  -0.0923077  -0.0141733  -0.0923077  0.221805  0.0441875  -0.0141733  0.0441875  0.156655
0.303087  -0.092183  -0.0140064  -0.092183  0.221637  0.044059  -0.0140064  0.044059  0.156698
0.303088  -0.0921638  -0.0139989  -0.0921638  0.221608  0.0440441  -0.0139989  0.0440441  0.156697
0.303064  -0.0919889  -0.0137848  -0.0919889  0.22138  0.0438758  -0.0137848  0.0438758  0.156755
0.303065  -0.091981  -0.0137606  -0.091981  0.22136  0.043858  -0.0137606  0.043858  0.156759
0.303041  -0.0918064  -0.0135471  -0.0918064  0.221134  0.0436905  -0.0135471  0.0436905  0.156817
0.30302  -0.0916712  -0.0133996  -0.0916712  0.22097  0.0435731  -0.0133996  0.0435731  0.156862
0.303021  -0.091652  -0.0133922  -0.091652  0.220941  0.0435584  -0.0133922  0.0435584  0.156861
0.302998  -0.091478  -0.0131797  -0.091478  0.220716  0.0433923  -0.0131797  0.0433923  0.156921
0.302996  -0.091474  -0.0131684  -0.091474  0.220712  0.0433866  -0.0131684  0.0433866  0.156925
0.302977  -0.0913002  -0.012955  -0.0913002  0.220477  0.0432149  -0.012955  0.0432149  0.156982
0.302961  -0.0911655  -0.0128072  -0.0911655  0.220303  0.0430927  -0.0128072  0.0430927  0.157024
0.302958  -0.0911576  -0.0127848  -0.0911576  0.220295  0.0430816  -0.0127848  0.0430816  0.157032
0.302936  -0.0909653  -0.0125665  -0.0909653  0.220044  0.0429032  -0.0125665  0.0429032  0.157094
0.302939  -0.0909613  -0.0125538  -0.0909613  0.220028  0.0428913  -0.0125538  0.0428913  0.157094
0.302919  -0.0907843  -0.0123309  -0.0907843  0.219791  0.0427163  -0.0123309  0.0427163  0.157158
0.302905  -0.0906541  -0.0121953  -0.0906541  0.219623  0.0426012  -0.0121953  0.0426012  0.157197
0.302906  -0.0906461  -0.0121715  -0.0906461  0.219604  0.0425839  -0.0121715  0.0425839  0.157201
0.302889  -0.0904774  -0.0119718  -0.0904774  0.219377  0.0424213  -0.0119718  0.0424213  0.157257
0.302891  -0.0904694  -0.011948  -0.0904694  0.219357  0.042404  -0.011948  0.042404  0.157262
0.302874  -0.0903009  -0.0117488  -0.0903009  0.219131  0.0422422  -0.0117488  0.0422422  0.157319
0.302865  -0.090182  -0.0115963  -0.090182  0.218962  0.0421193  -0.0115963  0.0421193  0.15736
0.302862  -0.0901743  -0.0115742  -0.0901743  0.218954  0.0421085  -0.0115742  0.0421085  0.157369
0.302843  -0.0899874  -0.0113703  -0.0899874  0.218712  0.0419401  -0.0113703  0.0419401  0.157431
0.302844  -0.0899794  -0.0113466  -0.0899794  0.218693  0.041923  -0.0113466  0.041923  0.157436
0.302824  -0.089789  -0.0111322  -0.089789  0.218449  0.0417501  -0.0111322  0.0417501  0.157504
0.30281  -0.089648  -0.0109642  -0.089648  0.218261  0.0416158  -0.0109642  0.0416158  0.157555
0.302807  -0.0896403  -0.0109423  -0.0896403  0.218253  0.0416052  -0.0109423  0.0416052  0.157564
0.302787  -0.0894504  -0.0107291  -0.0894504  0.218011  0.0414338  -0.0107291  0.0414338  0.157634
0.302787  -0.0894276  -0.0107109  -0.0894276  0.217979  0.0414145  -0.0107109  0.0414145  0.157638
0.302768  -0.0892418  -0.0105093  -0.0892418  0.217741  0.0412493  -0.0105093  0.0412493  0.157704
0.302756  -0.0890942  -0.0103698  -0.0890942  0.217551  0.0411249  -0.0103698  0.0411249  0.157747
0.302754  -0.0890866  -0.010348  -0.0890866  0.217543  0.0411145  -0.010348  0.0411145  0.157757
0.302736  -0.0889014  -0.0101473  -0.0889014  0.217307  0.0409507  -0.0101473  0.0409507  0.157824
0.302735  -0.0888786  -0.0101293  -0.0888786  0.217276  0.0409316  -0.0101293  0.0409316  0.157828
0.302717  -0.0886937  -0.00992925  -0.0886937  0.217041  0.0407687  -0.00992925  0.0407687  0.157896
0.302707  -0.0885614  -0.00978545  -0.0885614  0.216865  0.0406483  -0.00978545  0.0406483  0.157942
0.302704  -0.0885429  -0.00978004  -0.0885429  0.216849  0.0406408  -0.00978004  0.0406408  0.157946
0.302688  -0.0883505  -0.00955763  -0.0883505  0.216597  0.0404627  -0.00955763  0.0404627  0.158021
0.302684  -0.0883283  -0.00954147  -0.0883283  0.216577  0.0404502  -0.00954147  0.0404502  0.15803
0.302668  -0.0881362  -0.00931975  -0.0881362  0.216326  0.0402731  -0.00931975  0.0402731  0.158106
0.302665  -0.0881288  -0.00929826  -0.0881288  0.216318  0.040263  -0.00929826  0.040263  0.158116
0.302651  -0.0879408  -0.00908795  -0.0879408  0.216072  0.0400919  -0.00908795  0.0400919  0.158187
0.302638  -0.0878097  -0.00894745  -0.0878097  0.215911  0.03998  -0.00894745  0.03998  0.15824
0.302637  -0.0877872  -0.00892973  -0.0877872  0.21588  0.0399614  -0.00892973  0.0399614  0.158245
0.302624  -0.0876106  -0.00870435  -0.0876106  0.215644  0.0397891  -0.00870435  0.0397891  0.158324
0.302623  -0.0876069  -0.00869369  -0.0876069  0.21564  0.0397841  -0.00869369  0.0397841  0.158329
0.302612  -0.0874192  -0.00848325  -0.0874192  0.215386  0.0396091  -0.00848325  0.0396091  0.158399
0.302603  -0.0872882  -0.00834211  -0.0872882  0.215215  0.0394926  -0.00834211  0.0394926  0.158449
0.302604  -0.0872804  -0.00831911  -0.0872804  0.215196  0.0394766  -0.00831911  0.0394766  0.158455
0.30259  -0.0871123  -0.00811836  -0.0871123  0.214981  0.0393226  -0.00811836  0.0393226  0.158531
0.30259  -0.0870898  -0.00810083  -0.0870898  0.214951  0.0393044  -0.00810083  0.0393044  0.158536
0.302578  -0.0869179  -0.0078883  -0.0869179  0.214722  0.0391401  -0.0078883  0.0391401  0.158613
0.30257  -0.0867983  -0.00773229  -0.0867983  0.214562  0.0390225  -0.00773229  0.0390225  0.158671
0.30257  -0.0867795  -0.00772537  -0.0867795  0.214535  0.0390093  -0.00772537  0.0390093  0.158671
0.302561  -0.0866152  -0.00753483  -0.0866152  0.214315  0.038856  -0.00753483  0.038856  0.158739
0.302554  -0.0864886  -0.00740588  -0.0864886  0.214151  0.0387468  -0.00740588  0.0387468  0.158787
0.302555  -0.0864808  -0.00738308  -0.0864808  0.214132  0.038731  -0.00738308  0.038731  0.158793
0.302545  -0.0863132  -0.00718289  -0.0863132  0.21391  0.0385742  -0.00718289  0.0385742  0.158868
0.302544  -0.0862908  -0.00716556  -0.0862908  0.21388  0.0385564  -0.00716556  0.0385564  0.158873
0.30254  -0.086141  -0.00696906  -0.086141  0.213663  0.0384011  -0.00696906  0.0384011  0.15894
0.302536  -0.0860214  -0.00681291  -0.0860214  0.213494  0.0382797  -0.00681291  0.0382797  0.158996
0.302538  -0.0860172  -0.00680063  -0.0860172  0.213479  0.0382689  -0.00680063  0.0382689  0.158997
0.30253  -0.0858459  -0.00658958  -0.0858459  0.213245  0.0381032  -0.00658958  0.0381032  0.159075
0.302528  -0.0858387  -0.00656882  -0.0858387  0.213238  0.0380939  -0.00656882  0.0380939  0.159086
0.30252  -0.085664  -0.00634799  -0.085664  0.213001  0.0379244  -0.00634799  0.0379244  0.159171
0.302515  -0.0855448  -0.00619295  -0.0855448  0.212834  0.0378047  -0.00619295  0.0378047  0.159228
