0.304496  -0.135418  -0.0602496  -0.135418  0.303942  0.101334  -0.0602496  0.101334  0.167487
0.304496  -0.135418  -0.0602496  -0.135418  0.303942  0.101334  -0.0602496  0.101334  0.167487
0.3045  -0.135425  -0.0602677  -0.135425  0.303954  0.101349  -0.0602677  0.101349  0.167495
0.304477  -0.134807  -0.0614245  -0.134807  0.303354  0.101833  -0.0614245  0.101833  0.167962
0.304475  -0.134732  -0.0615946  -0.134732  0.303293  0.101914  -0.0615946  0.101914  0.168033
0.304473  -0.13482  -0.061919  -0.13482  0.303606  0.102254  -0.061919  0.102254  0.168206
0.304473  -0.134848  -0.0619478  -0.134848  0.303671  0.1023  -0.0619478  0.1023  0.168224
0.304491  -0.134918  -0.0621011  -0.134918  0.303832  0.10246  -0.0621011  0.10246  0.1683
0.304473  -0.134591  -0.0632149  -0.134591  0.303757  0.103134  -0.0632149  0.103134  0.168814
0.30447  -0.134571  -0.0632942  -0.134571  0.303762  0.103187  -0.0632942  0.103187  0.168853
0.304291  -0.134797  -0.0636494  -0.134797  0.304752  0.103903  -0.0636494  0.103903  0.169175
0.304141  -0.134997  -0.0637077  -0.134997  0.305497  0.104317  -0.0637077  0.104317  0.169325
0.304116  -0.134992  -0.0638099  -0.134992  0.30559  0.104431  -0.0638099  0.104431  0.169392
0.304063  -0.134975  -0.0640709  -0.134975  0.305798  0.104705  -0.0640709  0.104705  0.169556
0.303814  -0.135147  -0.0639968  -0.135147  0.306665  0.105124  -0.0639968  0.105124  0.169695
0.303772  -0.135168  -0.0639334  -0.135168  0.306774  0.105146  -0.0639334  0.105146  0.169691
0.303653  -0.135129  -0.0639451  -0.135129  0.306985  0.105288  -0.0639451  0.105288  0.169764
0.303397  -0.134511  -0.0645155  -0.134511  0.306673  0.105605  -0.0645155  0.105605  0.170122
0.303362  -0.134416  -0.0646019  -0.134416  0.306617  0.105648  -0.0646019  0.105648  0.170175
0.303155  -0.134173  -0.0643902  -0.134173  0.306548  0.105558  -0.0643902  0.105558  0.170154
0.303134  -0.134118  -0.0643776  -0.134118  0.306492  0.105533  -0.0643776  0.105533  0.170153
0.303081  -0.133881  -0.0644804  -0.133881  0.306214  0.105495  -0.0644804  0.105495  0.170202
0.302915  -0.132899  -0.0652745  -0.132899  0.305128  0.105572  -0.0652745  0.105572  0.170576
0.302912  -0.132866  -0.0653018  -0.132866  0.305085  0.105571  -0.0653018  0.105571  0.170588
0.30273  -0.132774  -0.0647943  -0.132774  0.305116  0.105333  -0.0647943  0.105333  0.170419
0.302609  -0.132587  -0.0646992  -0.132587  0.305013  0.105271  -0.0646992  0.105271  0.170417
0.302592  -0.1325  -0.0647731  -0.1325  0.304923  0.105283  -0.0647731  0.105283  0.170453
0.302533  -0.132151  -0.0651282  -0.132151  0.304576  0.105371  -0.0651282  0.105371  0.170627
0.302361  -0.131852  -0.0650786  -0.131852  0.304409  0.105326  -0.0650786  0.105326  0.170665
0.302346  -0.131893  -0.0649662  -0.131893  0.30447  0.105289  -0.0649662  0.105289  0.170621
0.302196  -0.131716  -0.064594  -0.131716  0.304335  0.105052  -0.064594  0.105052  0.170494
0.302193  -0.131683  -0.0646212  -0.131683  0.304292  0.10505  -0.0646212  0.10505  0.170505
0.302054  -0.130891  -0.0649956  -0.130891  0.303331  0.104901  -0.0649956  0.104901  0.170675
0.302047  -0.130864  -0.0649819  -0.130864  0.303292  0.104878  -0.0649819  0.104878  0.170668
0.301884  -0.130632  -0.0643451  -0.130632  0.302968  0.104399  -0.0643451  0.104399  0.170402
0.301875  -0.130599  -0.0643134  -0.130599  0.302917  0.10436  -0.0643134  0.10436  0.170387
0.301751  -0.129808  -0.0644185  -0.129808  0.301811  0.103972  -0.0644185  0.103972  0.170405
0.301745  -0.129755  -0.0644499  -0.129755  0.301743  0.103962  -0.0644499  0.103962  0.170418
0.301589  -0.129354  -0.0641096  -0.129354  0.301234  0.103581  -0.0641096  0.103581  0.170283
0.30158  -0.129335  -0.0640558  -0.129335  0.301198  0.103535  -0.0640558  0.103535  0.170258
0.301467  -0.129099  -0.0637429  -0.129099  0.300901  0.103251  -0.0637429  0.103251  0.170136
0.301461  -0.129059  -0.0637519  -0.129059  0.300848  0.103235  -0.0637519  0.103235  0.170138
0.301404  -0.128714  -0.0637921  -0.128714  0.300376  0.103067  -0.0637921  0.103067  0.170146
0.301388  -0.128709  -0.0637309  -0.128709  0.300379  0.103037  -0.0637309  0.103037  0.170125
0.301377  -0.128756  -0.0635657  -0.128756  0.300416  0.102957  -0.0635657  0.102957  0.170053
0.301354  -0.128627  -0.0634841  -0.128627  0.300202  0.10282  -0.0634841  0.10282  0.170008
0.301361  -0.128587  -0.0635363  -0.128587  0.300135  0.102818  -0.0635363  0.102818  0.170024
0.301374  -0.128436  -0.0635888  -0.128436  0.299851  0.102717  -0.0635888  0.102717  0.17002
0.301374  -0.128463  -0.0635442  -0.128463  0.29988  0.102703  -0.0635442  0.102703  0.170002
0.301371  -0.128483  -0.0634091  -0.128483  0.299864  0.102616  -0.0634091  0.102616  0.169937
0.301374  -0.128352  -0.0634866  -0.128352  0.299654  0.102567  -0.0634866  0.102567  0.169956
0.301381  -0.128325  -0.0635165  -0.128325  0.299602  0.102558  -0.0635165  0.102558  0.169963
0.301385  -0.128346  -0.0633666  -0.128346  0.299562  0.102449  -0.0633666  0.102449  0.169886
0.301384  -0.128359  -0.0633443  -0.128359  0.299577  0.102442  -0.0633443  0.102442  0.169877
0.301401  -0.128392  -0.0632154  -0.128392  0.299537  0.102341  -0.0632154  0.102341  0.169805
0.301404  -0.128398  -0.0632332  -0.128398  0.299549  0.102356  -0.0632332  0.102356  0.169813
0.301429  -0.128364  -0.0632736  -0.128364  0.299446  0.102325  -0.0632736  0.102325  0.169812
0.301441  -0.128403  -0.0632499  -0.128403  0.299474  0.102319  -0.0632499  0.102319  0.169797
0.30145  -0.128475  -0.0631415  -0.128475  0.299534  0.102278  -0.0631415  0.102278  0.169746
0.30152  -0.128504  -0.0631851  -0.128504  0.299436  0.102235  -0.0631851  0.102235  0.169727
0.301517  -0.128484  -0.0631896  -0.128484  0.299409  0.102227  -0.0631896  0.102227  0.169728
0.301597  -0.128559  -0.063242  -0.128559  0.299375  0.102215  -0.063242  0.102215  0.169713
0.301596  -0.128572  -0.0632197  -0.128572  0.299389  0.102208  -0.0632197  0.102208  0.169704
0.301672  -0.12868  -0.0631874  -0.12868  0.299386  0.102161  -0.0631874  0.102161  0.169653
0.301675  -0.128686  -0.0632052  -0.128686  0.299398  0.102176  -0.0632052  0.102176  0.169661
0.301742  -0.128722  -0.0632814  -0.128722  0.299334  0.10217  -0.0632814  0.10217  0.169661
0.301742  -0.128735  -0.0632591  -0.128735  0.299349  0.102163  -0.0632591  0.102163  0.169652
0.301754  -0.128814  -0.0631684  -0.128814  0.299421  0.102136  -0.0631684  0.102136  0.169609
0.301794  -0.128851  -0.0631582  -0.128851  0.299387  0.102101  -0.0631582  0.102101  0.169583
0.301794  -0.128851  -0.0631582  -0.128851  0.299387  0.102101  -0.0631582  0.102101  0.169583
0.301831  -0.128882  -0.0631301  -0.128882  0.299342  0.102051  -0.0631301  0.102051  0.169549
0.301828  -0.128876  -0.0631123  -0.128876  0.29933  0.102036  -0.0631123  0.102036  0.169541
0.301838  -0.128909  -0.0629979  -0.128909  0.299315  0.101956  -0.0629979  0.101956  0.169482
0.301838  -0.128909  -0.0629979  -0.128909  0.299315  0.101956  -0.0629979  0.101956  0.169482
0.301856  -0.128848  -0.0630249  -0.128848  0.299173  0.101903  -0.0630249  0.101903  0.169475
0.301856  -0.128848  -0.0630249  -0.128848  0.299173  0.101903  -0.0630249  0.101903  0.169475
0.301856  -0.128888  -0.0628852  -0.128888  0.299184  0.101823  -0.0628852  0.101823  0.16941
0.301856  -0.128888  -0.0628852  -0.128888  0.299184  0.101823  -0.0628852  0.101823  0.16941
0.301867  -0.128829  -0.062927  -0.128829  0.299067  0.101792  -0.062927  0.101792  0.169415
0.301867  -0.128829  -0.062927  -0.128829  0.299067  0.101792  -0.062927  0.101792  0.169415
0.301867  -0.128842  -0.0629046  -0.128842  0.299082  0.101785  -0.0629046  0.101785  0.169406
0.301876  -0.128914  -0.0627961  -0.128914  0.299142  0.101744  -0.0627961  0.101744  0.169356
0.301876  -0.128914  -0.0627961  -0.128914  0.299142  0.101744  -0.0627961  0.101744  0.169356
0.301883  -0.128874  -0.0628482  -0.128874  0.299075  0.101742  -0.0628482  0.101742  0.169371
0.301883  -0.128874  -0.0628482  -0.128874  0.299075  0.101742  -0.0628482  0.101742  0.169371
0.301876  -0.128901  -0.0627457  -0.128901  0.299095  0.101692  -0.0627457  0.101692  0.169328
0.301876  -0.128901  -0.0627457  -0.128901  0.299095  0.101692  -0.0627457  0.101692  0.169328
0.301867  -0.128856  -0.0627369  -0.128856  0.299031  0.101661  -0.0627369  0.101661  0.169323
0.301867  -0.128856  -0.0627369  -0.128856  0.299031  0.101661  -0.0627369  0.101661  0.169323
0.301854  -0.12883  -0.0626657  -0.12883  0.298984  0.101602  -0.0626657  0.101602  0.169292
0.301854  -0.12883  -0.0626657  -0.12883  0.298984  0.101602  -0.0626657  0.101602  0.169292
0.301841  -0.128792  -0.0626169  -0.128792  0.298923  0.101549  -0.0626169  0.101549  0.16927
0.301841  -0.128792  -0.0626169  -0.128792  0.298923  0.101549  -0.0626169  0.101549  0.16927
0.301835  -0.128753  -0.0626259  -0.128753  0.298871  0.101533  -0.0626259  0.101533  0.169273
0.301829  -0.128766  -0.0625458  -0.128766  0.298877  0.10149  -0.0625458  0.10149  0.169239
0.301829  -0.128766  -0.0625458  -0.128766  0.298877  0.10149  -0.0625458  0.10149  0.169239
0.301822  -0.128727  -0.0625548  -0.128727  0.298824  0.101474  -0.0625548  0.101474  0.169242
0.301822  -0.128727  -0.0625548  -0.128727  0.298824  0.101474  -0.0625548  0.101474  0.169242
0.301816  -0.128715  -0.0625192  -0.128715  0.298801  0.101445  -0.0625192  0.101445  0.169227
0.301813  -0.128708  -0.0625015  -0.128708  0.298789  0.10143  -0.0625015  0.10143  0.169219
0.301817  -0.128689  -0.0624912  -0.128689  0.29874  0.1014  -0.0624912  0.1014  0.169208
0.301817  -0.128675  -0.0625135  -0.128675  0.298725  0.101407  -0.0625135  0.101407  0.169218
0.301811  -0.128649  -0.0625002  -0.128649  0.298687  0.101384  -0.0625002  0.101384  0.169211
0.30181  -0.128663  -0.062478  -0.128663  0.298702  0.101377  -0.062478  0.101377  0.169202
0.301804  -0.12865  -0.0624424  -0.12865  0.298678  0.101348  -0.0624424  0.101348  0.169187
0.301805  -0.128611  -0.0624367  -0.128611  0.298602  0.10131  -0.0624367  0.10131  0.169178
0.301802  -0.128591  -0.0624412  -0.128591  0.298576  0.101302  -0.0624412  0.101302  0.169179
0.301805  -0.128585  -0.0624087  -0.128585  0.298541  0.101265  -0.0624087  0.101265  0.169159
0.301802  -0.128578  -0.0623909  -0.128578  0.298529  0.10125  -0.0623909  0.10125  0.169152
0.301803  -0.128552  -0.0623629  -0.128552  0.298468  0.101206  -0.0623629  0.101206  0.169134
0.301803  -0.128539  -0.0623852  -0.128539  0.298453  0.101213  -0.0623852  0.101213  0.169143
0.301807  -0.128519  -0.0623749  -0.128519  0.298404  0.101183  -0.0623749  0.101183  0.169132
0.301804  -0.128513  -0.0623572  -0.128513  0.298392  0.101168  -0.0623572  0.101168  0.169124
0.30181  -0.128512  -0.0623424  -0.128512  0.298368  0.101146  -0.0623424  0.101146  0.169113
0.301818  -0.128486  -0.0623721  -0.128486  0.298316  0.101138  -0.0623721  0.101138  0.169119
0.301825  -0.128472  -0.0623795  -0.128472  0.298277  0.101123  -0.0623795  0.101123  0.169116
0.301825  -0.128472  -0.0623795  -0.128472  0.298277  0.101123  -0.0623795  0.101123  0.169116
0.301831  -0.128498  -0.0623203  -0.128498  0.298283  0.101087  -0.0623203  0.101087  0.169086
0.301831  -0.128498  -0.0623203  -0.128498  0.298283  0.101087  -0.0623203  0.101087  0.169086
0.301831  -0.128485  -0.0623425  -0.128485  0.298268  0.101094  -0.0623425  0.101094  0.169095
0.301835  -0.128452  -0.0623545  -0.128452  0.298204  0.101071  -0.0623545  0.101071  0.169094
0.301835  -0.128452  -0.0623545  -0.128452  0.298204  0.101071  -0.0623545  0.101071  0.169094
0.301839  -0.128458  -0.0622997  -0.128458  0.298183  0.101028  -0.0622997  0.101028  0.169065
0.301839  -0.128458  -0.0622997  -0.128458  0.298183  0.101028  -0.0622997  0.101028  0.169065
0.30185  -0.128412  -0.0623191  -0.128412  0.298081  0.10099  -0.0623191  0.10099  0.169061
0.301843  -0.128399  -0.0622837  -0.128399  0.298058  0.10096  -0.0622837  0.10096  0.169046
0.301846  -0.128419  -0.0622792  -0.128419  0.298084  0.100968  -0.0622792  0.100968  0.169044
0.301853  -0.128418  -0.0622644  -0.128418  0.29806  0.100946  -0.0622644  0.100946  0.169032
0.30186  -0.128392  -0.0622941  -0.128392  0.298007  0.100938  -0.0622941  0.100938  0.169039
0.301863  -0.128398  -0.0623118  -0.128398  0.298019  0.100953  -0.0623118  0.100953  0.169046
0.30186  -0.128392  -0.0622941  -0.128392  0.298007  0.100938  -0.0622941  0.100938  0.169039
0.301873  -0.12843  -0.0622703  -0.12843  0.298036  0.100932  -0.0622703  0.100932  0.169024
0.301873  -0.12843  -0.0622703  -0.12843  0.298036  0.100932  -0.0622703  0.100932  0.169024
0.301887  -0.128416  -0.0623354  -0.128416  0.298006  0.100953  -0.0623354  0.100953  0.169046
0.301887  -0.128416  -0.0623354  -0.128416  0.298006  0.100953  -0.0623354  0.100953  0.169046
0.301896  -0.128448  -0.0622939  -0.128448  0.298023  0.100933  -0.0622939  0.100933  0.169023
0.301896  -0.128448  -0.0622939  -0.128448  0.298023  0.100933  -0.0622939  0.100933  0.169023
0.30191  -0.128447  -0.0623368  -0.128447  0.298008  0.100947  -0.0623368  0.100947  0.169036
0.30191  -0.128447  -0.0623368  -0.128447  0.298008  0.100947  -0.0623368  0.100947  0.169036
0.301909  -0.128461  -0.0623146  -0.128461  0.298023  0.10094  -0.0623146  0.10094  0.169027
0.301906  -0.128454  -0.0622968  -0.128454  0.298011  0.100926  -0.0622968  0.100926  0.169019
0.301906  -0.128454  -0.0622968  -0.128454  0.298011  0.100926  -0.0622968  0.100926  0.169019
0.301903  -0.128422  -0.0623236  -0.128422  0.297971  0.100924  -0.0623236  0.100924  0.169029
0.301903  -0.128422  -0.0623236  -0.128422  0.297971  0.100924  -0.0623236  0.100924  0.169029
0.301906  -0.128441  -0.0623191  -0.128441  0.297997  0.100932  -0.0623191  0.100932  0.169028
0.301906  -0.128468  -0.0622746  -0.128468  0.298026  0.100919  -0.0622746  0.100919  0.16901
0.301906  -0.128468  -0.0622746  -0.128468  0.298026  0.100919  -0.0622746  0.100919  0.16901
0.301916  -0.128447  -0.062322  -0.128447  0.297985  0.100925  -0.062322  0.100925  0.169024
0.301919  -0.128467  -0.0623175  -0.128467  0.298011  0.100933  -0.0623175  0.100933  0.169023
0.301922  -0.128499  -0.0622908  -0.128499  0.298051  0.100934  -0.0622908  0.100934  0.169012
0.301922  -0.128499  -0.0622908  -0.128499  0.298051  0.100934  -0.0622908  0.100934  0.169012
0.301922  -0.128499  -0.0622908  -0.128499  0.298051  0.100934  -0.0622908  0.100934  0.169012
0.301936  -0.128512  -0.0623114  -0.128512  0.298051  0.100942  -0.0623114  0.100942  0.169016
0.301936  -0.128512  -0.0623114  -0.128512  0.298051  0.100942  -0.0623114  0.100942  0.169016
0.301941  -0.128564  -0.0622802  -0.128564  0.298118  0.100951  -0.0622802  0.100951  0.169004
0.301941  -0.128564  -0.0622802  -0.128564  0.298118  0.100951  -0.0622802  0.100951  0.169004
0.301942  -0.128551  -0.0623024  -0.128551  0.298103  0.100958  -0.0623024  0.100958  0.169013
0.301955  -0.128576  -0.0623009  -0.128576  0.298117  0.100959  -0.0623009  0.100959  0.169007
0.301952  -0.12857  -0.0622831  -0.12857  0.298106  0.100944  -0.0622831  0.100944  0.169
0.301954  -0.128603  -0.0622564  -0.128603  0.298146  0.100945  -0.0622564  0.100945  0.168989
0.301958  -0.128609  -0.0622741  -0.128609  0.298158  0.10096  -0.0622741  0.10096  0.168997
0.301955  -0.128589  -0.0622786  -0.128589  0.298132  0.100952  -0.0622786  0.100952  0.168998
0.301957  -0.128622  -0.0622519  -0.128622  0.298172  0.100953  -0.0622519  0.100953  0.168988
0.301954  -0.128616  -0.0622341  -0.128616  0.298161  0.100938  -0.0622341  0.100938  0.16898
0.301957  -0.128635  -0.0622296  -0.128635  0.298187  0.100946  -0.0622296  0.100946  0.168979
0.301967  -0.128628  -0.0622548  -0.128628  0.29816  0.100946  -0.0622548  0.100946  0.168984
0.301967  -0.128628  -0.0622548  -0.128628  0.29816  0.100946  -0.0622548  0.100946  0.168984
0.301967  -0.128655  -0.0622103  -0.128655  0.298189  0.100932  -0.0622103  0.100932  0.168966
0.301967  -0.128655  -0.0622103  -0.128655  0.298189  0.100932  -0.0622103  0.100932  0.168966
0.30198  -0.12868  -0.0622087  -0.12868  0.298204  0.100933  -0.0622087  0.100933  0.16896
0.301977  -0.12866  -0.0622132  -0.12866  0.298177  0.100925  -0.0622132  0.100925  0.168962
0.301977  -0.12866  -0.0622132  -0.12866  0.298177  0.100925  -0.0622132  0.100925  0.168962
0.301987  -0.128693  -0.0621717  -0.128693  0.298194  0.100904  -0.0621717  0.100904  0.16894
0.301987  -0.128693  -0.0621717  -0.128693  0.298194  0.100904  -0.0621717  0.100904  0.16894
0.301984  -0.128673  -0.0621762  -0.128673  0.298168  0.100896  -0.0621762  0.100896  0.168941
0.301994  -0.128679  -0.0621791  -0.128679  0.298156  0.100889  -0.0621791  0.100889  0.168937
0.301991  -0.128673  -0.0621614  -0.128673  0.298145  0.100874  -0.0621614  0.100874  0.168929
0.301987  -0.128693  -0.0620992  -0.128693  0.298162  0.100846  -0.0620992  0.100846  0.168904
0.301994  -0.128679  -0.0621066  -0.128679  0.298124  0.100831  -0.0621066  0.100831  0.168901
0.301991  -0.12866  -0.0621111  -0.12866  0.298098  0.100823  -0.0621111  0.100823  0.168902
0.302001  -0.128666  -0.0621141  -0.128666  0.298086  0.100816  -0.0621141  0.100816  0.168898
0.302001  -0.128679  -0.0620918  -0.128679  0.2981  0.100809  -0.0620918  0.100809  0.168889
0.302007  -0.128692  -0.0620548  -0.128692  0.298091  0.100781  -0.0620548  0.100781  0.168868
0.302014  -0.128678  -0.0620622  -0.128678  0.298053  0.100766  -0.0620622  0.100766  0.168865
0.302011  -0.128659  -0.0620667  -0.128659  0.298027  0.100758  -0.0620667  0.100758  0.168867
0.302011  -0.128659  -0.0620667  -0.128659  0.298027  0.100758  -0.0620667  0.100758  0.168867
0.302018  -0.128685  -0.0620074  -0.128685  0.298033  0.100722  -0.0620074  0.100722  0.168837
0.302018  -0.128685  -0.0620074  -0.128685  0.298033  0.100722  -0.0620074  0.100722  0.168837
0.302021  -0.128665  -0.0619972  -0.128665  0.297983  0.100692  -0.0619972  0.100692  0.168827
0.302018  -0.128645  -0.0620017  -0.128645  0.297957  0.100685  -0.0620017  0.100685  0.168828
0.302025  -0.128658  -0.0619647  -0.128658  0.297948  0.100656  -0.0619647  0.100656  0.168808
0.302025  -0.128671  -0.0619424  -0.128671  0.297962  0.100649  -0.0619424  0.100649  0.168799
0.302018  -0.128646  -0.0619292  -0.128646  0.297924  0.100627  -0.0619292  0.100627  0.168792
0.302022  -0.128612  -0.0619412  -0.128612  0.29786  0.100604  -0.0619412  0.100604  0.168791
0.302022  -0.128612  -0.0619412  -0.128612  0.29786  0.100604  -0.0619412  0.100604  0.168791
0.302016  -0.128613  -0.0618836  -0.128613  0.297852  0.100568  -0.0618836  0.100568  0.168767
0.302016  -0.128613  -0.0618836  -0.128613  0.297852  0.100568  -0.0618836  0.100568  0.168767
0.302012  -0.128607  -0.0618659  -0.128607  0.29784  0.100553  -0.0618659  0.100553  0.168759
0.30201  -0.128574  -0.0618926  -0.128574  0.297799  0.100552  -0.0618926  0.100552  0.16877
0.302006  -0.128568  -0.0618749  -0.128568  0.297788  0.100537  -0.0618749  0.100537  0.168762
0.302006  -0.128594  -0.0618305  -0.128594  0.297817  0.100524  -0.0618305  0.100524  0.168744
0.302003  -0.128588  -0.0618128  -0.128588  0.297806  0.100509  -0.0618128  0.100509  0.168737
0.302  -0.128555  -0.0618395  -0.128555  0.297765  0.100508  -0.0618395  0.100508  0.168747
0.301997  -0.128549  -0.0618218  -0.128549  0.297753  0.100493  -0.0618218  0.100493  0.16874
0.301997  -0.128549  -0.0618218  -0.128549  0.297753  0.100493  -0.0618218  0.100493  0.16874
0.301996  -0.128562  -0.0617996  -0.128562  0.297768  0.100486  -0.0617996  0.100486  0.168731
0.30199  -0.128536  -0.0617865  -0.128536  0.29773  0.100464  -0.0617865  0.100464  0.168725
0.30199  -0.128536  -0.0617865  -0.128536  0.29773  0.100464  -0.0617865  0.100464  0.168725
0.301987  -0.12853  -0.0617688  -0.12853  0.297719  0.100449  -0.0617688  0.100449  0.168717
0.301987  -0.12853  -0.0617688  -0.12853  0.297719  0.100449  -0.0617688  0.100449  0.168717
0.301984  -0.128537  -0.0617289  -0.128537  0.297722  0.100428  -0.0617289  0.100428  0.168701
0.301981  -0.128517  -0.0617334  -0.128517  0.297696  0.10042  -0.0617334  0.10042  0.168702
0.301967  -0.128505  -0.0617129  -0.128505  0.297696  0.100412  -0.0617129  0.100412  0.168699
0.301967  -0.128505  -0.0617129  -0.128505  0.297696  0.100412  -0.0617129  0.100412  0.168699
0.301967  -0.128518  -0.0616907  -0.128518  0.297711  0.100406  -0.0616907  0.100406  0.16869
0.301967  -0.128518  -0.0616907  -0.128518  0.297711  0.100406  -0.0616907  0.100406  0.16869
0.301964  -0.128499  -0.0616952  -0.128499  0.297685  0.100398  -0.0616952  0.100398  0.168691
0.301961  -0.128506  -0.0616553  -0.128506  0.297688  0.100376  -0.0616553  0.100376  0.168675
0.301961  -0.128506  -0.0616553  -0.128506  0.297688  0.100376  -0.0616553  0.100376  0.168675
0.30195  -0.128513  -0.0616302  -0.128513  0.297715  0.100377  -0.0616302  0.100377  0.16867
0.301947  -0.128493  -0.0616348  -0.128493  0.297688  0.100369  -0.0616348  0.100369  0.168672
0.301944  -0.1285  -0.0615949  -0.1285  0.297692  0.100347  -0.0615949  0.100347  0.168656
0.301944  -0.1285  -0.0615949  -0.1285  0.297692  0.100347  -0.0615949  0.100347  0.168656
0.301937  -0.128488  -0.0615596  -0.128488  0.297669  0.100318  -0.0615596  0.100318  0.168641
0.301937  -0.128488  -0.0615596  -0.128488  0.297669  0.100318  -0.0615596  0.100318  0.168641
0.301937  -0.128488  -0.0615596  -0.128488  0.297669  0.100318  -0.0615596  0.100318  0.168641
0.301934  -0.128495  -0.0615198  -0.128495  0.297672  0.100297  -0.0615198  0.100297  0.168625
0.301931  -0.128488  -0.0615021  -0.128488  0.29766  0.100282  -0.0615021  0.100282  0.168617
0.301931  -0.128488  -0.0615021  -0.128488  0.29766  0.100282  -0.0615021  0.100282  0.168617
0.301921  -0.128482  -0.0614992  -0.128482  0.297672  0.100289  -0.0614992  0.100289  0.168621
0.301918  -0.128476  -0.0614816  -0.128476  0.297661  0.100275  -0.0614816  0.100275  0.168614
0.301918  -0.128476  -0.0614816  -0.128476  0.297661  0.100275  -0.0614816  0.100275  0.168614
0.301917  -0.128489  -0.0614594  -0.128489  0.297675  0.100268  -0.0614594  0.100268  0.168605
0.301911  -0.128464  -0.0614463  -0.128464  0.297638  0.100246  -0.0614463  0.100246  0.168599
0.301911  -0.128464  -0.0614463  -0.128464  0.297638  0.100246  -0.0614463  0.100246  0.168599
0.301898  -0.128465  -0.0614036  -0.128465  0.297653  0.100231  -0.0614036  0.100231  0.168587
0.301898  -0.128465  -0.0614036  -0.128465  0.297653  0.100231  -0.0614036  0.100231  0.168587
0.301895  -0.128458  -0.061386  -0.128458  0.297642  0.100217  -0.061386  0.100217  0.16858
0.301888  -0.128433  -0.0613729  -0.128433  0.297604  0.100194  -0.0613729  0.100194  0.168574
0.301888  -0.128433  -0.0613729  -0.128433  0.297604  0.100194  -0.0613729  0.100194  0.168574
0.301885  -0.128439  -0.0613331  -0.128439  0.297607  0.100173  -0.0613331  0.100173  0.168558
0.301885  -0.128439  -0.0613331  -0.128439  0.297607  0.100173  -0.0613331  0.100173  0.168558
0.301882  -0.128433  -0.0613155  -0.128433  0.297596  0.100158  -0.0613155  0.100158  0.16855
0.301882  -0.128433  -0.0613155  -0.128433  0.297596  0.100158  -0.0613155  0.100158  0.16855
0.301879  -0.128427  -0.0612979  -0.128427  0.297584  0.100144  -0.0612979  0.100144  0.168543
0.301878  -0.12844  -0.0612757  -0.12844  0.297599  0.100137  -0.0612757  0.100137  0.168534
0.301878  -0.12844  -0.0612757  -0.12844  0.297599  0.100137  -0.0612757  0.100137  0.168534
0.301875  -0.128421  -0.0612803  -0.128421  0.297573  0.100129  -0.0612803  0.100129  0.168535
0.301875  -0.128421  -0.0612803  -0.128421  0.297573  0.100129  -0.0612803  0.100129  0.168535
0.301872  -0.128441  -0.0612183  -0.128441  0.297591  0.100101  -0.0612183  0.100101  0.168511
0.301872  -0.128441  -0.0612183  -0.128441  0.297591  0.100101  -0.0612183  0.100101  0.168511
0.301879  -0.128427  -0.0612257  -0.128427  0.297553  0.100086  -0.0612257  0.100086  0.168508
0.301879  -0.128427  -0.0612257  -0.128427  0.297553  0.100086  -0.0612257  0.100086  0.168508
0.301876  -0.128421  -0.0612081  -0.128421  0.297541  0.100072  -0.0612081  0.100072  0.168501
0.301882  -0.128447  -0.0611491  -0.128447  0.297547  0.100036  -0.0611491  0.100036  0.168472
0.301882  -0.128447  -0.0611491  -0.128447  0.297547  0.100036  -0.0611491  0.100036  0.168472
0.301883  -0.128408  -0.0611434  -0.128408  0.297471  0.0999991  -0.0611434  0.0999991  0.168463
0.301883  -0.128408  -0.0611434  -0.128408  0.297471  0.0999991  -0.0611434  0.0999991  0.168463
0.301886  -0.128414  -0.0610889  -0.128414  0.297451  0.0999561  -0.0610889  0.0999561  0.168435
0.301883  -0.128408  -0.0610714  -0.128408  0.297439  0.0999416  -0.0610714  0.0999416  0.168428
0.301883  -0.128382  -0.0610436  -0.128382  0.297378  0.0998975  -0.0610436  0.0998975  0.16841
0.301883  -0.128382  -0.0610436  -0.128382  0.297378  0.0998975  -0.0610436  0.0998975  0.16841
0.301894  -0.128374  -0.0609965  -0.128374  0.29732  0.0998397  -0.0609965  0.0998397  0.16838
0.30189  -0.128368  -0.0609789  -0.128368  0.297308  0.0998251  -0.0609789  0.0998251  0.168373
0.301891  -0.128355  -0.0609291  -0.128355  0.297262  0.0997744  -0.0609291  0.0997744  0.168347
0.301891  -0.128355  -0.0609291  -0.128355  0.297262  0.0997744  -0.0609291  0.0997744  0.168347
0.301885  -0.128303  -0.0608883  -0.128303  0.297164  0.0997082  -0.0608883  0.0997082  0.168323
0.301882  -0.128297  -0.0608708  -0.128297  0.297152  0.0996937  -0.0608708  0.0996937  0.168316
0.301879  -0.128304  -0.0608311  -0.128304  0.297155  0.0996725  -0.0608311  0.0996725  0.1683
0.301873  -0.128252  -0.0607904  -0.128252  0.297057  0.0996063  -0.0607904  0.0996063  0.168277
0.30187  -0.128246  -0.0607728  -0.128246  0.297046  0.0995918  -0.0607728  0.0995918  0.16827
0.301864  -0.128207  -0.0607101  -0.128207  0.296962  0.099519  -0.0607101  0.099519  0.168238
0.301864  -0.128207  -0.0607101  -0.128207  0.296962  0.099519  -0.0607101  0.099519  0.168238
0.301858  -0.128168  -0.0606473  -0.128168  0.296878  0.0994462  -0.0606473  0.0994462  0.168206
0.301849  -0.128137  -0.0606168  -0.128137  0.29683  0.0994096  -0.0606168  0.0994096  0.168193
0.301846  -0.128117  -0.0606214  -0.128117  0.296804  0.0994018  -0.0606214  0.0994018  0.168195
0.30184  -0.128105  -0.0605864  -0.128105  0.296781  0.0993729  -0.0605864  0.0993729  0.16818
0.301834  -0.128079  -0.0605016  -0.128079  0.296712  0.0992936  -0.0605016  0.0992936  0.16814
0.301834  -0.128079  -0.0605016  -0.128079  0.296712  0.0992936  -0.0605016  0.0992936  0.16814
0.301827  -0.128054  -0.0604887  -0.128054  0.296675  0.0992714  -0.0604887  0.0992714  0.168135
0.301809  -0.128003  -0.0604058  -0.128003  0.296592  0.0991916  -0.0604058  0.0991916  0.1681
0.301809  -0.128003  -0.0604058  -0.128003  0.296592  0.0991916  -0.0604058  0.0991916  0.1681
0.301799  -0.127984  -0.0603533  -0.127984  0.296558  0.0991484  -0.0603533  0.0991484  0.168079
0.301781  -0.127907  -0.0603147  -0.127907  0.296446  0.0990821  -0.0603147  0.0990821  0.168061
0.301781  -0.127907  -0.0603147  -0.127907  0.296446  0.0990821  -0.0603147  0.0990821  0.168061
0.301759  -0.127851  -0.0602145  -0.127851  0.296353  0.0989881  -0.0602145  0.0989881  0.16802
0.301756  -0.127844  -0.060197  -0.127844  0.296341  0.0989738  -0.060197  0.0989738  0.168013
0.301738  -0.127781  -0.0601364  -0.127781  0.296245  0.0989009  -0.0601364  0.0989009  0.167988
0.301738  -0.127781  -0.0601364  -0.127781  0.296245  0.0989009  -0.0601364  0.0989009  0.167988
0.301729  -0.127749  -0.0601061  -0.127749  0.296196  0.0988645  -0.0601061  0.0988645  0.167975
0.30171  -0.127712  -0.0600015  -0.127712  0.296128  0.0987786  -0.0600015  0.0987786  0.167933
0.30171  -0.127712  -0.0600015  -0.127712  0.296128  0.0987786  -0.0600015  0.0987786  0.167933
0.301689  -0.127629  -0.0599456  -0.127629  0.296006  0.0986982  -0.0599456  0.0986982  0.167908
0.301689  -0.127629  -0.0599456  -0.127629  0.296006  0.0986982  -0.0599456  0.0986982  0.167908
0.30167  -0.127592  -0.0598412  -0.127592  0.295938  0.0986125  -0.0598412  0.0986125  0.167867
0.301667  -0.127586  -0.0598238  -0.127586  0.295927  0.0985982  -0.0598238  0.0985982  0.16786
0.301646  -0.127516  -0.0597461  -0.127516  0.295819  0.0985115  -0.0597461  0.0985115  0.167827
0.301653  -0.127502  -0.0597534  -0.127502  0.295782  0.0984967  -0.0597534  0.0984967  0.167824
0.301631  -0.127446  -0.0596538  -0.127446  0.295689  0.0984035  -0.0596538  0.0984035  0.167784
0.301631  -0.127446  -0.0596538  -0.127446  0.295689  0.0984035  -0.0596538  0.0984035  0.167784
0.30161  -0.12739  -0.0595543  -0.12739  0.295596  0.0983104  -0.0595543  0.0983104  0.167744
0.301613  -0.12737  -0.0595443  -0.12737  0.295547  0.0982814  -0.0595443  0.0982814  0.167734
0.30159  -0.127281  -0.0594714  -0.127281  0.295413  0.0981874  -0.0594714  0.0981874  0.167704
0.301586  -0.127275  -0.0594541  -0.127275  0.295402  0.0981732  -0.0594541  0.0981732  0.167697
0.301587  -0.127262  -0.0594048  -0.127262  0.295357  0.0981235  -0.0594048  0.0981235  0.167672
0.30156  -0.127168  -0.0593147  -0.127168  0.295213  0.0980155  -0.0593147  0.0980155  0.167635
0.30156  -0.127168  -0.0593147  -0.127168  0.295213  0.0980155  -0.0593147  0.0980155  0.167635
0.301543  -0.127079  -0.0592275  -0.127079  0.295057  0.0979006  -0.0592275  0.0979006  0.167594
0.30154  -0.127073  -0.0592102  -0.127073  0.295046  0.0978864  -0.0592102  0.0978864  0.167587
0.301517  -0.126971  -0.0590885  -0.126971  0.294868  0.0977434  -0.0590885  0.0977434  0.167532
0.301514  -0.126965  -0.0590712  -0.126965  0.294857  0.0977293  -0.0590712  0.0977293  0.167526
0.301502  -0.126915  -0.059046  -0.126915  0.294783  0.0976859  -0.059046  0.0976859  0.167515
0.301479  -0.126801  -0.0589464  -0.126801  0.294591  0.0975498  -0.0589464  0.0975498  0.167468
0.301476  -0.126795  -0.0589291  -0.126795  0.29458  0.0975357  -0.0589291  0.0975357  0.167461
0.301461  -0.126751  -0.0588648  -0.126751  0.29451  0.0974719  -0.0588648  0.0974719  0.167436
0.301442  -0.126643  -0.0587826  -0.126643  0.29433  0.0973502  -0.0587826  0.0973502  0.167397
0.301439  -0.126624  -0.0587873  -0.126624  0.294304  0.0973426  -0.0587873  0.0973426  0.167398
0.301419  -0.126543  -0.0586616  -0.126543  0.294153  0.0972082  -0.0586616  0.0972082  0.167343
0.301413  -0.126517  -0.058649  -0.126517  0.294117  0.0971866  -0.058649  0.0971866  0.167338
0.301393  -0.126423  -0.0585453  -0.126423  0.293951  0.0970589  -0.0585453  0.0970589  0.167291
0.3014  -0.126409  -0.0585525  -0.126409  0.293914  0.0970442  -0.0585525  0.0970442  0.167288
0.301377  -0.126309  -0.0584317  -0.126309  0.293738  0.0969028  -0.0584317  0.0969028  0.167235
0.301375  -0.126303  -0.0584146  -0.126303  0.293727  0.0968888  -0.0584146  0.0968888  0.167228
0.301356  -0.126183  -0.0582841  -0.126183  0.293502  0.0967191  -0.0582841  0.0967191  0.167166
0.30135  -0.126158  -0.0582716  -0.126158  0.293466  0.0966977  -0.0582716  0.0966977  0.16716
0.301348  -0.126113  -0.0582492  -0.126113  0.293381  0.0966477  -0.0582492  0.0966477  0.167145
0.301335  -0.126019  -0.0581315  -0.126019  0.293194  0.0964999  -0.0581315  0.0964999  0.167089
0.301329  -0.125994  -0.058119  -0.125994  0.293158  0.0964785  -0.058119  0.0964785  0.167083
0.301318  -0.125956  -0.0580724  -0.125956  0.2931  0.0964294  -0.0580724  0.0964294  0.167065
0.301305  -0.125836  -0.0579982  -0.125836  0.292884  0.0962947  -0.0579982  0.0962947  0.167024
0.301309  -0.125816  -0.0579884  -0.125816  0.292836  0.0962662  -0.0579884  0.0962662  0.167015
0.301293  -0.125742  -0.0578808  -0.125742  0.292697  0.0961474  -0.0578808  0.0961474  0.166968
0.301287  -0.125717  -0.0578684  -0.125717  0.292661  0.0961262  -0.0578684  0.0961262  0.166963
0.301285  -0.125685  -0.0578244  -0.125685  0.292591  0.0960702  -0.0578244  0.0960702  0.16694
0.301273  -0.125565  -0.0577505  -0.125565  0.292377  0.095936  -0.0577505  0.095936  0.1669
0.30127  -0.125559  -0.0577335  -0.125559  0.292366  0.0959222  -0.0577335  0.0959222  0.166893
0.301257  -0.125465  -0.0576163  -0.125465  0.29218  0.0957756  -0.0576163  0.0957756  0.166838
0.301257  -0.125465  -0.0576163  -0.125465  0.29218  0.0957756  -0.0576163  0.0957756  0.166838
0.301245  -0.125345  -0.0575426  -0.125345  0.291965  0.0956419  -0.0575426  0.0956419  0.166797
0.301251  -0.125344  -0.0575281  -0.125344  0.291943  0.095621  -0.0575281  0.095621  0.166787
0.301241  -0.125256  -0.0574282  -0.125256  0.291768  0.0954886  -0.0574282  0.0954886  0.166738
0.301236  -0.125231  -0.0574159  -0.125231  0.291732  0.0954675  -0.0574159  0.0954675  0.166733
0.301224  -0.125112  -0.0573424  -0.125112  0.291519  0.0953343  -0.0573424  0.0953343  0.166692
0.301227  -0.125092  -0.0573325  -0.125092  0.291471  0.0953061  -0.0573325  0.0953061  0.166683
0.301223  -0.125042  -0.0572935  -0.125042  0.291377  0.0952432  -0.0572935  0.0952432  0.166662
0.301207  -0.124942  -0.0571599  -0.124942  0.291181  0.0950842  -0.0571599  0.0950842  0.166602
0.301207  -0.124942  -0.0571599  -0.124942  0.291181  0.0950842  -0.0571599  0.0950842  0.166602
0.301196  -0.124784  -0.0570815  -0.124784  0.290896  0.0949161  -0.0570815  0.0949161  0.166554
0.301194  -0.124778  -0.0570646  -0.124778  0.290886  0.0949025  -0.0570646  0.0949025  0.166548
0.301185  -0.124665  -0.0569385  -0.124665  0.290654  0.0947296  -0.0569385  0.0947296  0.166484
0.301191  -0.124665  -0.0569241  -0.124665  0.290631  0.0947089  -0.0569241  0.0947089  0.166474
0.301183  -0.124526  -0.0568412  -0.124526  0.290372  0.0945488  -0.0568412  0.0945488  0.166425
0.301183  -0.124526  -0.0568412  -0.124526  0.290372  0.0945488  -0.0568412  0.0945488  0.166425
0.301178  -0.124476  -0.0568023  -0.124476  0.290279  0.0944865  -0.0568023  0.0944865  0.166405
0.301181  -0.124387  -0.0566743  -0.124387  0.290061  0.0943146  -0.0566743  0.0943146  0.166337
0.301179  -0.124381  -0.0566575  -0.124381  0.29005  0.0943011  -0.0566575  0.0943011  0.166331
0.301182  -0.124254  -0.0565941  -0.124254  0.28979  0.094148  -0.0565941  0.094148  0.166284
0.30118  -0.124235  -0.0565987  -0.124235  0.289766  0.0941407  -0.0565987  0.0941407  0.166286
0.301186  -0.124152  -0.0564877  -0.124152  0.289559  0.0939829  -0.0564877  0.0939829  0.166224
0.301183  -0.124146  -0.0564709  -0.124146  0.289548  0.0939694  -0.0564709  0.0939694  0.166218
0.301192  -0.124056  -0.0563983  -0.124056  0.289338  0.0938314  -0.0563983  0.0938314  0.166169
0.301195  -0.124037  -0.0563885  -0.124037  0.289291  0.0938036  -0.0563885  0.0938036  0.16616
0.301207  -0.123966  -0.0563113  -0.123966  0.289106  0.093673  -0.0563113  0.093673  0.166111
0.301204  -0.12396  -0.0562945  -0.12396  0.289096  0.0936596  -0.0562945  0.0936596  0.166105
0.301224  -0.123907  -0.0561982  -0.123907  0.288912  0.093516  -0.0561982  0.093516  0.166044
0.301222  -0.123901  -0.0561814  -0.123901  0.288902  0.0935026  -0.0561814  0.0935026  0.166039
0.301238  -0.123855  -0.0561857  -0.123855  0.288782  0.0934462  -0.0561857  0.0934462  0.166023
0.301249  -0.123797  -0.0560871  -0.123797  0.288611  0.0933099  -0.0560871  0.0933099  0.165967
0.301256  -0.123796  -0.0560727  -0.123796  0.288588  0.0932895  -0.0560727  0.0932895  0.165957
0.301276  -0.12373  -0.0559979  -0.12373  0.288392  0.0931524  -0.0559979  0.0931524  0.165904
0.301282  -0.123716  -0.0560049  -0.123716  0.288355  0.093138  -0.0560049  0.093138  0.1659
0.30129  -0.123677  -0.0559854  -0.123677  0.288261  0.0930828  -0.0559854  0.0930828  0.165882
0.301301  -0.123632  -0.0558654  -0.123632  0.288105  0.0929409  -0.0558654  0.0929409  0.16582
0.301307  -0.123631  -0.055851  -0.123631  0.288082  0.0929205  -0.055851  0.0929205  0.16581
0.301334  -0.123539  -0.0558046  -0.123539  0.287836  0.0927756  -0.0558046  0.0927756  0.16576
0.301331  -0.12352  -0.0558093  -0.12352  0.287812  0.0927684  -0.0558093  0.0927684  0.165762
0.301341  -0.1235  -0.0557851  -0.1235  0.287742  0.0927205  -0.0557851  0.0927205  0.165743
0.301349  -0.123461  -0.0556272  -0.123461  0.28759  0.0925597  -0.0556272  0.0925597  0.165668
0.301357  -0.123384  -0.0556027  -0.123384  0.287425  0.0924702  -0.0556027  0.0924702  0.165642
0.301366  -0.123389  -0.055605  -0.123389  0.287413  0.092463  -0.055605  0.092463  0.165638
0.301377  -0.123305  -0.0555493  -0.123305  0.287216  0.09234  -0.0555493  0.09234  0.165596
0.301383  -0.123304  -0.0555349  -0.123304  0.287194  0.0923197  -0.0555349  0.0923197  0.165586
0.301381  -0.123286  -0.0554705  -0.123286  0.28714  0.0922599  -0.0554705  0.0922599  0.165559
0.301401  -0.123207  -0.0554171  -0.123207  0.286931  0.09213  -0.0554171  0.09213  0.165514
0.301399  -0.123188  -0.0554218  -0.123188  0.286907  0.0921229  -0.0554218  0.0921229  0.165515
0.301407  -0.123124  -0.0553069  -0.123124  0.286727  0.0919751  -0.0553069  0.0919751  0.165455
0.301407  -0.123124  -0.0553069  -0.123124  0.286727  0.0919751  -0.0553069  0.0919751  0.165455
0.301424  -0.123052  -0.0552156  -0.123052  0.286522  0.0918264  -0.0552156  0.0918264  0.165397
0.301419  -0.123028  -0.0552037  -0.123028  0.286488  0.0918063  -0.0552037  0.0918063  0.165393
0.301426  -0.122976  -0.0552055  -0.122976  0.286381  0.0917577  -0.0552055  0.0917577  0.165382
0.301443  -0.122942  -0.0550504  -0.122942  0.286218  0.0915913  -0.0550504  0.0915913  0.165304
0.301443  -0.122942  -0.0550504  -0.122942  0.286218  0.0915913  -0.0550504  0.0915913  0.165304
0.301458  -0.122839  -0.0549852  -0.122839  0.285976  0.0914421  -0.0549852  0.0914421  0.165255
0.301461  -0.122819  -0.0549755  -0.122819  0.285929  0.0914148  -0.0549755  0.0914148  0.165246
0.301468  -0.12278  -0.0549561  -0.12278  0.285836  0.0913604  -0.0549561  0.0913604  0.165228
0.301476  -0.122742  -0.0547989  -0.122742  0.285686  0.0912018  -0.0547989  0.0912018  0.165156
0.301473  -0.122736  -0.0547824  -0.122736  0.285675  0.0911888  -0.0547824  0.0911888  0.165151
0.301491  -0.122626  -0.0547551  -0.122626  0.28543  0.091059  -0.0547551  0.091059  0.165114
0.301488  -0.122607  -0.0547598  -0.122607  0.285406  0.091052  -0.0547598  0.091052  0.165115
0.301507  -0.122579  -0.0546216  -0.122579  0.285254  0.0908997  -0.0546216  0.0908997  0.165044
0.301502  -0.122567  -0.0545885  -0.122567  0.285234  0.0908738  -0.0545885  0.0908738  0.165033
0.301508  -0.122541  -0.0545478  -0.122541  0.285155  0.0908137  -0.0545478  0.0908137  0.165009
0.301526  -0.122418  -0.0545418  -0.122418  0.284897  0.0906903  -0.0545418  0.0906903  0.164979
0.301536  -0.122398  -0.054449  -0.122398  0.2848  0.0905914  -0.054449  0.0905914  0.164933
0.301545  -0.122415  -0.0544299  -0.122415  0.284801  0.0905784  -0.0544299  0.0905784  0.164923
0.301542  -0.122397  -0.054366  -0.122397  0.284748  0.0905197  -0.054366  0.0905197  0.164897
0.30156  -0.122274  -0.0543599  -0.122274  0.284491  0.0903966  -0.0543599  0.0903966  0.164867
0.301566  -0.12226  -0.0543667  -0.12226  0.284455  0.0903825  -0.0543667  0.0903825  0.164863
0.301564  -0.122229  -0.054324  -0.122229  0.284389  0.0903298  -0.054324  0.0903298  0.164844
0.301571  -0.122203  -0.0541463  -0.122203  0.284253  0.0901668  -0.0541463  0.0901668  0.164767
0.301579  -0.122113  -0.0541431  -0.122113  0.284078  0.0900851  -0.0541431  0.0900851  0.164749
0.301588  -0.122118  -0.0541452  -0.122118  0.284066  0.090078  -0.0541452  0.090078  0.164744
0.301588  -0.122023  -0.0540714  -0.122023  0.283874  0.089952  -0.0540714  0.089952  0.164704
0.301596  -0.122041  -0.0540523  -0.122041  0.283876  0.089939  -0.0540523  0.089939  0.164693
0.301607  -0.121982  -0.0539548  -0.121982  0.283709  0.0898071  -0.0539548  0.0898071  0.164641
0.301601  -0.121958  -0.053943  -0.121958  0.283676  0.0897874  -0.053943  0.0897874  0.164637
0.301622  -0.121853  -0.0539322  -0.121853  0.283443  0.089672  -0.0539322  0.089672  0.164606
0.301619  -0.121848  -0.0539157  -0.121848  0.283433  0.0896592  -0.0539157  0.0896592  0.164601
0.301622  -0.121828  -0.0538376  -0.121828  0.283359  0.0895812  -0.0538376  0.0895812  0.164566
0.301633  -0.121744  -0.0537825  -0.121744  0.283166  0.0894614  -0.0537825  0.0894614  0.164527
