0.308626  -0.149291  -0.0698337  -0.149291  0.326222  0.115598  -0.0698337  0.115598  0.172447
0.308626  -0.149291  -0.0698337  -0.149291  0.326222  0.115598  -0.0698337  0.115598  0.172447
0.308645  -0.149322  -0.0698333  -0.149322  0.326244  0.115599  -0.0698333  0.115599  0.172442
0.308645  -0.149322  -0.0698333  -0.149322  0.326244  0.115599  -0.0698333  0.115599  0.172442
0.308645  -0.149322  -0.0698333  -0.149322  0.326244  0.115599  -0.0698333  0.115599  0.172442
0.308659  -0.149331  -0.0698373  -0.149331  0.326232  0.115592  -0.0698373  0.115592  0.172438
0.308659  -0.149331  -0.0698373  -0.149331  0.326232  0.115592  -0.0698373  0.115592  0.172438
0.308668  -0.149331  -0.0698212  -0.149331  0.326206  0.115567  -0.0698212  0.115567  0.172424
0.308668  -0.149331  -0.0698212  -0.149331  0.326206  0.115567  -0.0698212  0.115567  0.172424
0.308676  -0.14933  -0.0698051  -0.14933  0.32618  0.115541  -0.0698051  0.115541  0.17241
0.308676  -0.14933  -0.0698051  -0.14933  0.32618  0.115541  -0.0698051  0.115541  0.17241
0.308671  -0.149322  -0.0697849  -0.149322  0.326165  0.115523  -0.0697849  0.115523  0.1724
0.308671  -0.149322  -0.0697849  -0.149322  0.326165  0.115523  -0.0697849  0.115523  0.1724
0.308665  -0.149313  -0.0697647  -0.149313  0.326151  0.115505  -0.0697647  0.115505  0.17239
0.308665  -0.149313  -0.0697647  -0.149313  0.326151  0.115505  -0.0697647  0.115505  0.17239
0.308662  -0.149337  -0.0697764  -0.149337  0.326211  0.11554  -0.0697764  0.11554  0.172403
0.308662  -0.149337  -0.0697764  -0.149337  0.326211  0.11554  -0.0697764  0.11554  0.172403
0.308667  -0.14936  -0.0697719  -0.14936  0.326245  0.115549  -0.0697719  0.115549  0.172401
0.308667  -0.14936  -0.0697719  -0.14936  0.326245  0.115549  -0.0697719  0.115549  0.172401
0.308686  -0.149391  -0.0697715  -0.149391  0.326267  0.115551  -0.0697715  0.115551  0.172396
0.308686  -0.149391  -0.0697715  -0.149391  0.326267  0.115551  -0.0697715  0.115551  0.172396
0.308686  -0.149391  -0.0697715  -0.149391  0.326267  0.115551  -0.0697715  0.115551  0.172396
0.308686  -0.149391  -0.0697715  -0.149391  0.326267  0.115551  -0.0697715  0.115551  0.172396
0.308705  -0.149423  -0.0697711  -0.149423  0.326289  0.115553  -0.0697711  0.115553  0.172391
0.308705  -0.149423  -0.0697711  -0.149423  0.326289  0.115553  -0.0697711  0.115553  0.172391
0.308705  -0.149423  -0.0697711  -0.149423  0.326289  0.115553  -0.0697711  0.115553  0.172391
0.308705  -0.149423  -0.0697711  -0.149423  0.326289  0.115553  -0.0697711  0.115553  0.172391
0.308704  -0.149438  -0.0697464  -0.149438  0.326309  0.115544  -0.0697464  0.115544  0.172379
0.308704  -0.149438  -0.0697464  -0.149438  0.326309  0.115544  -0.0697464  0.115544  0.172379
0.308718  -0.149446  -0.0697504  -0.149446  0.326297  0.115537  -0.0697504  0.115537  0.172375
0.308718  -0.149446  -0.0697504  -0.149446  0.326297  0.115537  -0.0697504  0.115537  0.172375
0.308713  -0.149438  -0.0697303  -0.149438  0.326282  0.115519  -0.0697303  0.115519  0.172365
0.308713  -0.149438  -0.0697303  -0.149438  0.326282  0.115519  -0.0697303  0.115519  0.172365
0.308707  -0.149444  -0.0696854  -0.149444  0.326287  0.115492  -0.0696854  0.115492  0.172344
0.308707  -0.149444  -0.0696854  -0.149444  0.326287  0.115492  -0.0696854  0.115492  0.172344
0.308707  -0.149444  -0.0696854  -0.149444  0.326287  0.115492  -0.0696854  0.115492  0.172344
0.308682  -0.149418  -0.0696411  -0.149418  0.32627  0.115463  -0.0696411  0.115463  0.172328
0.308682  -0.149418  -0.0696411  -0.149418  0.32627  0.115463  -0.0696411  0.115463  0.172328
0.308682  -0.149418  -0.0696411  -0.149418  0.32627  0.115463  -0.0696411  0.115463  0.172328
0.308682  -0.149418  -0.0696411  -0.149418  0.32627  0.115463  -0.0696411  0.115463  0.172328
0.308698  -0.149458  -0.0696769  -0.149458  0.326333  0.115508  -0.0696769  0.115508  0.172346
0.308703  -0.149467  -0.0696971  -0.149467  0.326348  0.115526  -0.0696971  0.115526  0.172356
0.308721  -0.149539  -0.0697648  -0.149539  0.326485  0.115624  -0.0697648  0.115624  0.172398
0.308721  -0.149539  -0.0697648  -0.149539  0.326485  0.115624  -0.0697648  0.115624  0.172398
0.308753  -0.149619  -0.0698366  -0.149619  0.326611  0.115715  -0.0698366  0.115715  0.172435
0.308753  -0.149619  -0.0698366  -0.149619  0.326611  0.115715  -0.0698366  0.115715  0.172435
0.308769  -0.149674  -0.0698478  -0.149674  0.326693  0.115751  -0.0698478  0.115751  0.172443
0.308783  -0.149683  -0.0698519  -0.149683  0.326681  0.115744  -0.0698519  0.115744  0.172439
0.308777  -0.149674  -0.0698317  -0.149674  0.326667  0.115726  -0.0698317  0.115726  0.172429
0.308777  -0.149674  -0.0698317  -0.149674  0.326667  0.115726  -0.0698317  0.115726  0.172429
0.308786  -0.149674  -0.0698156  -0.149674  0.32664  0.1157  -0.0698156  0.1157  0.172415
0.308753  -0.149608  -0.0697191  -0.149608  0.326534  0.115601  -0.0697191  0.115601  0.172366
0.308753  -0.149608  -0.0697191  -0.149608  0.326534  0.115601  -0.0697191  0.115601  0.172366
0.308757  -0.149585  -0.0697074  -0.149585  0.326474  0.115566  -0.0697074  0.115566  0.172353
0.308735  -0.149536  -0.0696514  -0.149536  0.326397  0.115503  -0.0696514  0.115503  0.172324
0.308744  -0.149522  -0.0696599  -0.149522  0.326351  0.115487  -0.0696599  0.115487  0.172322
0.308744  -0.149522  -0.0696599  -0.149522  0.326351  0.115487  -0.0696599  0.115487  0.172322
0.308744  -0.149522  -0.0696599  -0.149522  0.326351  0.115487  -0.0696599  0.115487  0.172322
0.308749  -0.149545  -0.0696554  -0.149545  0.326385  0.115496  -0.0696554  0.115496  0.17232
0.308779  -0.149593  -0.0696953  -0.149593  0.326436  0.115534  -0.0696953  0.115534  0.172335
0.308779  -0.149593  -0.0696953  -0.149593  0.326436  0.115534  -0.0696953  0.115534  0.172335
0.30879  -0.149625  -0.069711  -0.149625  0.326484  0.115561  -0.069711  0.115561  0.172344
0.30879  -0.149625  -0.069711  -0.149625  0.326484  0.115561  -0.069711  0.115561  0.172344
0.308786  -0.149648  -0.0697227  -0.149648  0.326544  0.115595  -0.0697227  0.115595  0.172356
0.308786  -0.149648  -0.0697227  -0.149648  0.326544  0.115595  -0.0697227  0.115595  0.172356
0.308786  -0.149648  -0.0697227  -0.149648  0.326544  0.115595  -0.0697227  0.115595  0.172356
0.308776  -0.149617  -0.069707  -0.149617  0.326496  0.115568  -0.069707  0.115568  0.172348
0.308776  -0.149617  -0.069707  -0.149617  0.326496  0.115568  -0.069707  0.115568  0.172348
0.308762  -0.149608  -0.0697029  -0.149608  0.326508  0.115576  -0.0697029  0.115576  0.172352
0.308751  -0.149591  -0.0696626  -0.149591  0.326479  0.115539  -0.0696626  0.115539  0.172332
0.308751  -0.149591  -0.0696626  -0.149591  0.326479  0.115539  -0.0696626  0.115539  0.172332
0.308726  -0.149551  -0.0696428  -0.149551  0.326443  0.115519  -0.0696428  0.115519  0.172327
0.308726  -0.149551  -0.0696428  -0.149551  0.326443  0.115519  -0.0696428  0.115519  0.172327
0.308726  -0.149566  -0.0696182  -0.149566  0.326462  0.115511  -0.0696182  0.115511  0.172315
0.308717  -0.14958  -0.0696096  -0.14958  0.326508  0.115527  -0.0696096  0.115527  0.172318
0.308717  -0.14958  -0.0696096  -0.14958  0.326508  0.115527  -0.0696096  0.115527  0.172318
0.308727  -0.149612  -0.0696253  -0.149612  0.326556  0.115554  -0.0696253  0.115554  0.172327
0.308727  -0.149612  -0.0696253  -0.149612  0.326556  0.115554  -0.0696253  0.115554  0.172327
0.308738  -0.149644  -0.069641  -0.149644  0.326605  0.115581  -0.069641  0.115581  0.172335
0.308738  -0.149644  -0.069641  -0.149644  0.326605  0.115581  -0.069641  0.115581  0.172335
0.308754  -0.149684  -0.0696769  -0.149684  0.326668  0.115627  -0.0696769  0.115627  0.172354
0.308759  -0.149707  -0.0696724  -0.149707  0.326702  0.115636  -0.0696724  0.115636  0.172353
0.308779  -0.149724  -0.0696966  -0.149724  0.326704  0.115647  -0.0696966  0.115647  0.172359
0.308779  -0.149724  -0.0696966  -0.149724  0.326704  0.115647  -0.0696966  0.115647  0.172359
0.308773  -0.149716  -0.0696764  -0.149716  0.32669  0.115629  -0.0696764  0.115629  0.172349
0.308787  -0.149724  -0.0696805  -0.149724  0.326678  0.115621  -0.0696805  0.115621  0.172345
0.308787  -0.149724  -0.0696805  -0.149724  0.326678  0.115621  -0.0696805  0.115621  0.172345
0.308776  -0.149707  -0.0696401  -0.149707  0.326649  0.115585  -0.0696401  0.115585  0.172325
0.308776  -0.149707  -0.0696401  -0.149707  0.326649  0.115585  -0.0696401  0.115585  0.172325
0.30877  -0.149699  -0.0696199  -0.149699  0.326635  0.115567  -0.0696199  0.115567  0.172315
0.30877  -0.149699  -0.0696199  -0.149699  0.326635  0.115567  -0.0696199  0.115567  0.172315
0.30877  -0.149699  -0.0696199  -0.149699  0.326635  0.115567  -0.0696199  0.115567  0.172315
0.30877  -0.149699  -0.0696199  -0.149699  0.326635  0.115567  -0.0696199  0.115567  0.172315
0.308761  -0.149713  -0.0696114  -0.149713  0.32668  0.115584  -0.0696114  0.115584  0.172317
0.308761  -0.149713  -0.0696114  -0.149713  0.32668  0.115584  -0.0696114  0.115584  0.172317
0.308767  -0.149722  -0.0696316  -0.149722  0.326695  0.115602  -0.0696316  0.115602  0.172327
0.308778  -0.149754  -0.0696473  -0.149754  0.326743  0.115629  -0.0696473  0.115629  0.172336
0.308778  -0.149754  -0.0696473  -0.149754  0.326743  0.115629  -0.0696473  0.115629  0.172336
0.308783  -0.149777  -0.0696428  -0.149777  0.326777  0.115638  -0.0696428  0.115638  0.172335
0.308783  -0.149777  -0.0696428  -0.149777  0.326777  0.115638  -0.0696428  0.115638  0.172335
0.308783  -0.149777  -0.0696428  -0.149777  0.326777  0.115638  -0.0696428  0.115638  0.172335
0.308783  -0.149777  -0.0696428  -0.149777  0.326777  0.115638  -0.0696428  0.115638  0.172335
0.308772  -0.149745  -0.0696271  -0.149745  0.326729  0.115611  -0.0696271  0.115611  0.172326
0.308772  -0.149745  -0.0696271  -0.149745  0.326729  0.115611  -0.0696271  0.115611  0.172326
0.308761  -0.149728  -0.0695867  -0.149728  0.3267  0.115575  -0.0695867  0.115575  0.172306
0.308761  -0.149728  -0.0695867  -0.149728  0.3267  0.115575  -0.0695867  0.115575  0.172306
0.308761  -0.149728  -0.0695867  -0.149728  0.3267  0.115575  -0.0695867  0.115575  0.172306
0.308755  -0.14972  -0.0695665  -0.14972  0.326686  0.115557  -0.0695665  0.115557  0.172296
0.30875  -0.149696  -0.069571  -0.149696  0.326652  0.115548  -0.069571  0.115548  0.172297
0.30873  -0.149694  -0.0695222  -0.149694  0.326669  0.115528  -0.0695222  0.115528  0.17228
0.30873  -0.149694  -0.0695222  -0.149694  0.326669  0.115528  -0.0695222  0.115528  0.17228
0.30872  -0.149662  -0.0695065  -0.149662  0.32662  0.115501  -0.0695065  0.115501  0.172271
0.30872  -0.149662  -0.0695065  -0.149662  0.32662  0.115501  -0.0695065  0.115501  0.172271
0.308706  -0.149654  -0.0695024  -0.149654  0.326632  0.115508  -0.0695024  0.115508  0.172275
0.308717  -0.149686  -0.0695181  -0.149686  0.32668  0.115535  -0.0695181  0.115535  0.172284
0.308717  -0.149686  -0.0695181  -0.149686  0.32668  0.115535  -0.0695181  0.115535  0.172284
0.308708  -0.149686  -0.0695342  -0.149686  0.326707  0.115561  -0.0695342  0.115561  0.172298
0.308708  -0.149686  -0.0695342  -0.149686  0.326707  0.115561  -0.0695342  0.115561  0.172298
0.308724  -0.149726  -0.0695701  -0.149726  0.32677  0.115606  -0.0695701  0.115606  0.172316
0.308724  -0.149726  -0.0695701  -0.149726  0.32677  0.115606  -0.0695701  0.115606  0.172316
0.30873  -0.149734  -0.0695902  -0.149734  0.326784  0.115624  -0.0695902  0.115624  0.172326
0.30873  -0.149734  -0.0695902  -0.149734  0.326784  0.115624  -0.0695902  0.115624  0.172326
0.30873  -0.149734  -0.0695902  -0.149734  0.326784  0.115624  -0.0695902  0.115624  0.172326
0.30873  -0.149734  -0.0695902  -0.149734  0.326784  0.115624  -0.0695902  0.115624  0.172326
0.308733  -0.149711  -0.0695786  -0.149711  0.326724  0.115589  -0.0695786  0.115589  0.172314
0.308733  -0.149711  -0.0695786  -0.149711  0.326724  0.115589  -0.0695786  0.115589  0.172314
0.308728  -0.149703  -0.0695584  -0.149703  0.326709  0.115571  -0.0695584  0.115571  0.172304
0.308711  -0.149662  -0.0695226  -0.149662  0.326646  0.115526  -0.0695226  0.115526  0.172285
0.308711  -0.149662  -0.0695226  -0.149662  0.326646  0.115526  -0.0695226  0.115526  0.172285
0.308714  -0.149654  -0.0694863  -0.149654  0.326606  0.115483  -0.0694863  0.115483  0.172261
0.308714  -0.149654  -0.0694863  -0.149654  0.326606  0.115483  -0.0694863  0.115483  0.172261
0.308728  -0.149662  -0.0694904  -0.149662  0.326594  0.115475  -0.0694904  0.115475  0.172257
0.308728  -0.149662  -0.0694904  -0.149662  0.326594  0.115475  -0.0694904  0.115475  0.172257
0.308734  -0.149671  -0.0695105  -0.149671  0.326608  0.115493  -0.0695105  0.115493  0.172267
0.308739  -0.149694  -0.069506  -0.149694  0.326642  0.115503  -0.069506  0.115503  0.172266
0.308753  -0.149702  -0.0695101  -0.149702  0.32663  0.115495  -0.0695101  0.115495  0.172262
0.308758  -0.149711  -0.0695302  -0.149711  0.326645  0.115513  -0.0695302  0.115513  0.172272
0.308758  -0.149711  -0.0695302  -0.149711  0.326645  0.115513  -0.0695302  0.115513  0.172272
0.308758  -0.149711  -0.0695302  -0.149711  0.326645  0.115513  -0.0695302  0.115513  0.172272
0.308758  -0.149711  -0.0695302  -0.149711  0.326645  0.115513  -0.0695302  0.115513  0.172272
0.308739  -0.149694  -0.069506  -0.149694  0.326642  0.115503  -0.069506  0.115503  0.172266
0.308739  -0.149694  -0.069506  -0.149694  0.326642  0.115503  -0.069506  0.115503  0.172266
0.30872  -0.149662  -0.0695065  -0.149662  0.32662  0.115501  -0.0695065  0.115501  0.172271
0.308714  -0.149654  -0.0694863  -0.149654  0.326606  0.115483  -0.0694863  0.115483  0.172261
0.308714  -0.149654  -0.0694863  -0.149654  0.326606  0.115483  -0.0694863  0.115483  0.172261
0.308709  -0.149645  -0.0694662  -0.149645  0.326591  0.115465  -0.0694662  0.115465  0.172251
0.308695  -0.149637  -0.0694621  -0.149637  0.326603  0.115472  -0.0694621  0.115472  0.172255
0.308695  -0.149637  -0.0694621  -0.149637  0.326603  0.115472  -0.0694621  0.115472  0.172255
0.30869  -0.149628  -0.069442  -0.149628  0.326589  0.115454  -0.069442  0.115454  0.172245
0.30869  -0.149628  -0.069442  -0.149628  0.326589  0.115454  -0.069442  0.115454  0.172245
0.30869  -0.149628  -0.069442  -0.149628  0.326589  0.115454  -0.069442  0.115454  0.172245
0.30869  -0.149628  -0.069442  -0.149628  0.326589  0.115454  -0.069442  0.115454  0.172245
0.3087  -0.14966  -0.0694576  -0.14966  0.326637  0.115481  -0.0694576  0.115481  0.172254
0.3087  -0.14966  -0.0694576  -0.14966  0.326637  0.115481  -0.0694576  0.115481  0.172254
0.308705  -0.149683  -0.0694531  -0.149683  0.326671  0.11549  -0.0694531  0.11549  0.172252
0.308711  -0.149692  -0.0694733  -0.149692  0.326686  0.115508  -0.0694733  0.115508  0.172262
0.308711  -0.149692  -0.0694733  -0.149692  0.326686  0.115508  -0.0694733  0.115508  0.172262
0.308716  -0.149715  -0.0694688  -0.149715  0.32672  0.115517  -0.0694688  0.115517  0.172261
0.308716  -0.149715  -0.0694688  -0.149715  0.32672  0.115517  -0.0694688  0.115517  0.172261
0.308716  -0.149715  -0.0694688  -0.149715  0.32672  0.115517  -0.0694688  0.115517  0.172261
0.308716  -0.149715  -0.0694688  -0.149715  0.32672  0.115517  -0.0694688  0.115517  0.172261
0.308716  -0.149715  -0.0694688  -0.149715  0.32672  0.115517  -0.0694688  0.115517  0.172261
0.308716  -0.149715  -0.0694688  -0.149715  0.32672  0.115517  -0.0694688  0.115517  0.172261
0.308716  -0.149715  -0.0694688  -0.149715  0.32672  0.115517  -0.0694688  0.115517  0.172261
0.308696  -0.149698  -0.0694446  -0.149698  0.326717  0.115507  -0.0694446  0.115507  0.172255
0.308696  -0.149698  -0.0694446  -0.149698  0.326717  0.115507  -0.0694446  0.115507  0.172255
0.308696  -0.149698  -0.0694446  -0.149698  0.326717  0.115507  -0.0694446  0.115507  0.172255
0.308696  -0.149698  -0.0694446  -0.149698  0.326717  0.115507  -0.0694446  0.115507  0.172255
0.308677  -0.149681  -0.0694204  -0.149681  0.326715  0.115496  -0.0694204  0.115496  0.172249
0.308677  -0.149681  -0.0694204  -0.149681  0.326715  0.115496  -0.0694204  0.115496  0.172249
0.308663  -0.149673  -0.0694164  -0.149673  0.326726  0.115503  -0.0694164  0.115503  0.172253
0.308663  -0.149673  -0.0694164  -0.149673  0.326726  0.115503  -0.0694164  0.115503  0.172253
0.308668  -0.149696  -0.0694118  -0.149696  0.32676  0.115512  -0.0694118  0.115512  0.172252
0.308668  -0.149696  -0.0694118  -0.149696  0.32676  0.115512  -0.0694118  0.115512  0.172252
0.308668  -0.149696  -0.0694118  -0.149696  0.32676  0.115512  -0.0694118  0.115512  0.172252
0.308668  -0.149696  -0.0694118  -0.149696  0.32676  0.115512  -0.0694118  0.115512  0.172252
0.308659  -0.14971  -0.0694033  -0.14971  0.326806  0.115529  -0.0694033  0.115529  0.172254
0.308659  -0.14971  -0.0694033  -0.14971  0.326806  0.115529  -0.0694033  0.115529  0.172254
0.308659  -0.14971  -0.0694033  -0.14971  0.326806  0.115529  -0.0694033  0.115529  0.172254
0.308659  -0.14971  -0.0694033  -0.14971  0.326806  0.115529  -0.0694033  0.115529  0.172254
0.308664  -0.149734  -0.0693988  -0.149734  0.32684  0.115538  -0.0693988  0.115538  0.172253
0.308664  -0.149734  -0.0693988  -0.149734  0.32684  0.115538  -0.0693988  0.115538  0.172253
0.308664  -0.149734  -0.0693988  -0.149734  0.32684  0.115538  -0.0693988  0.115538  0.172253
0.308674  -0.149765  -0.0694144  -0.149765  0.326889  0.115565  -0.0694144  0.115565  0.172261
0.308674  -0.149765  -0.0694144  -0.149765  0.326889  0.115565  -0.0694144  0.115565  0.172261
0.308674  -0.149765  -0.0694144  -0.149765  0.326889  0.115565  -0.0694144  0.115565  0.172261
0.308674  -0.149765  -0.0694144  -0.149765  0.326889  0.115565  -0.0694144  0.115565  0.172261
0.30866  -0.149757  -0.0694104  -0.149757  0.326901  0.115572  -0.0694104  0.115572  0.172265
0.30866  -0.149757  -0.0694104  -0.149757  0.326901  0.115572  -0.0694104  0.115572  0.172265
0.308665  -0.14978  -0.0694059  -0.14978  0.326935  0.115582  -0.0694059  0.115582  0.172264
0.308651  -0.149772  -0.0694018  -0.149772  0.326947  0.115589  -0.0694018  0.115589  0.172268
0.308651  -0.149772  -0.0694018  -0.149772  0.326947  0.115589  -0.0694018  0.115589  0.172268
0.308651  -0.149772  -0.0694018  -0.149772  0.326947  0.115589  -0.0694018  0.115589  0.172268
0.308651  -0.149772  -0.0694018  -0.149772  0.326947  0.115589  -0.0694018  0.115589  0.172268
0.308643  -0.149772  -0.0694179  -0.149772  0.326973  0.115614  -0.0694179  0.115614  0.172282
0.308643  -0.149772  -0.0694179  -0.149772  0.326973  0.115614  -0.0694179  0.115614  0.172282
0.308643  -0.149772  -0.0694179  -0.149772  0.326973  0.115614  -0.0694179  0.115614  0.172282
0.308648  -0.14978  -0.0694381  -0.14978  0.326987  0.115632  -0.0694381  0.115632  0.172292
0.308648  -0.14978  -0.0694381  -0.14978  0.326987  0.115632  -0.0694381  0.115632  0.172292
0.30864  -0.14978  -0.0694542  -0.14978  0.327014  0.115658  -0.0694542  0.115658  0.172306
0.30864  -0.14978  -0.0694542  -0.14978  0.327014  0.115658  -0.0694542  0.115658  0.172306
0.30864  -0.14978  -0.0694542  -0.14978  0.327014  0.115658  -0.0694542  0.115658  0.172306
0.308654  -0.149789  -0.0694583  -0.149789  0.327002  0.11565  -0.0694583  0.11565  0.172302
0.308654  -0.149789  -0.0694583  -0.149789  0.327002  0.11565  -0.0694583  0.11565  0.172302
0.308648  -0.14978  -0.0694381  -0.14978  0.326987  0.115632  -0.0694381  0.115632  0.172292
0.308648  -0.14978  -0.0694381  -0.14978  0.326987  0.115632  -0.0694381  0.115632  0.172292
0.308638  -0.149749  -0.0694225  -0.149749  0.326939  0.115605  -0.0694225  0.115605  0.172283
0.308638  -0.149749  -0.0694225  -0.149749  0.326939  0.115605  -0.0694225  0.115605  0.172283
0.308632  -0.14974  -0.0694023  -0.14974  0.326924  0.115587  -0.0694023  0.115587  0.172273
0.308632  -0.14974  -0.0694023  -0.14974  0.326924  0.115587  -0.0694023  0.115587  0.172273
0.308627  -0.149731  -0.0693822  -0.149731  0.32691  0.115569  -0.0693822  0.115569  0.172263
0.308627  -0.149731  -0.0693822  -0.149731  0.32691  0.115569  -0.0693822  0.115569  0.172263
0.308627  -0.149731  -0.0693822  -0.149731  0.32691  0.115569  -0.0693822  0.115569  0.172263
0.308627  -0.149731  -0.0693822  -0.149731  0.32691  0.115569  -0.0693822  0.115569  0.172263
0.308627  -0.149731  -0.0693822  -0.149731  0.32691  0.115569  -0.0693822  0.115569  0.172263
0.308632  -0.149755  -0.0693776  -0.149755  0.326944  0.115578  -0.0693776  0.115578  0.172262
0.308632  -0.149755  -0.0693776  -0.149755  0.326944  0.115578  -0.0693776  0.115578  0.172262
0.308632  -0.149755  -0.0693776  -0.149755  0.326944  0.115578  -0.0693776  0.115578  0.172262
0.308626  -0.149746  -0.0693575  -0.149746  0.32693  0.11556  -0.0693575  0.11556  0.172252
0.308626  -0.149746  -0.0693575  -0.149746  0.32693  0.11556  -0.0693575  0.11556  0.172252
0.308626  -0.149761  -0.0693328  -0.149761  0.326949  0.115551  -0.0693328  0.115551  0.172241
0.308626  -0.149761  -0.0693328  -0.149761  0.326949  0.115551  -0.0693328  0.115551  0.172241
0.30862  -0.149752  -0.0693127  -0.149752  0.326935  0.115533  -0.0693127  0.115533  0.172231
0.30862  -0.149752  -0.0693127  -0.149752  0.326935  0.115533  -0.0693127  0.115533  0.172231
0.308615  -0.149744  -0.0692926  -0.149744  0.32692  0.115515  -0.0692926  0.115515  0.172221
0.308615  -0.149744  -0.0692926  -0.149744  0.32692  0.115515  -0.0692926  0.115515  0.172221
0.308623  -0.149744  -0.0692765  -0.149744  0.326894  0.11549  -0.0692765  0.11549  0.172207
0.308623  -0.149744  -0.0692765  -0.149744  0.326894  0.11549  -0.0692765  0.11549  0.172207
0.308623  -0.149758  -0.0692518  -0.149758  0.326914  0.115481  -0.0692518  0.115481  0.172196
0.308623  -0.149758  -0.0692518  -0.149758  0.326914  0.115481  -0.0692518  0.115481  0.172196
0.308622  -0.149773  -0.0692271  -0.149773  0.326933  0.115472  -0.0692271  0.115472  0.172184
0.308622  -0.149773  -0.0692271  -0.149773  0.326933  0.115472  -0.0692271  0.115472  0.172184
0.308636  -0.149796  -0.0692065  -0.149796  0.326941  0.115456  -0.0692065  0.115456  0.172169
0.308636  -0.149796  -0.0692065  -0.149796  0.326941  0.115456  -0.0692065  0.115456  0.172169
0.308636  -0.149796  -0.0692065  -0.149796  0.326941  0.115456  -0.0692065  0.115456  0.172169
0.308655  -0.149828  -0.069206  -0.149828  0.326964  0.115458  -0.069206  0.115458  0.172164
0.308655  -0.149828  -0.069206  -0.149828  0.326964  0.115458  -0.069206  0.115458  0.172164
0.308649  -0.149819  -0.0691859  -0.149819  0.326949  0.11544  -0.0691859  0.11544  0.172154
0.308658  -0.149819  -0.0691698  -0.149819  0.326923  0.115414  -0.0691698  0.115414  0.17214
0.308658  -0.149819  -0.0691698  -0.149819  0.326923  0.115414  -0.0691698  0.115414  0.17214
0.308655  -0.149802  -0.0691134  -0.149802  0.326868  0.115353  -0.0691134  0.115353  0.172106
0.308655  -0.149802  -0.0691134  -0.149802  0.326868  0.115353  -0.0691134  0.115353  0.172106
0.308639  -0.149776  -0.0690531  -0.149776  0.326824  0.115299  -0.0690531  0.115299  0.172077
0.308639  -0.149776  -0.0690531  -0.149776  0.326824  0.115299  -0.0690531  0.115299  0.172077
0.308617  -0.149728  -0.0689973  -0.149728  0.326747  0.115236  -0.0689973  0.115236  0.172048
0.308612  -0.149719  -0.0689772  -0.149719  0.326733  0.115218  -0.0689772  0.115218  0.172039
0.30859  -0.149685  -0.0688969  -0.149685  0.326675  0.115146  -0.0688969  0.115146  0.171999
0.30859  -0.149685  -0.0688969  -0.149685  0.326675  0.115146  -0.0688969  0.115146  0.171999
0.308584  -0.149677  -0.0688768  -0.149677  0.326661  0.115128  -0.0688768  0.115128  0.171989
0.308558  -0.149619  -0.068801  -0.149619  0.326569  0.115047  -0.068801  0.115047  0.171951
0.308558  -0.149619  -0.068801  -0.149619  0.326569  0.115047  -0.068801  0.115047  0.171951
0.308536  -0.149585  -0.0687208  -0.149585  0.326512  0.114975  -0.0687208  0.114975  0.171912
0.308536  -0.149585  -0.0687208  -0.149585  0.326512  0.114975  -0.0687208  0.114975  0.171912
0.308519  -0.14956  -0.0686606  -0.14956  0.326469  0.114921  -0.0686606  0.114921  0.171883
0.308519  -0.14956  -0.0686606  -0.14956  0.326469  0.114921  -0.0686606  0.114921  0.171883
0.308498  -0.149526  -0.0685805  -0.149526  0.326412  0.11485  -0.0685805  0.11485  0.171844
0.308498  -0.149526  -0.0685805  -0.149526  0.326412  0.11485  -0.0685805  0.11485  0.171844
0.308465  -0.14946  -0.0684849  -0.14946  0.326306  0.114751  -0.0684849  0.114751  0.171797
0.308465  -0.14946  -0.0684849  -0.14946  0.326306  0.114751  -0.0684849  0.114751  0.171797
0.308433  -0.149395  -0.0683894  -0.149395  0.3262  0.114653  -0.0683894  0.114653  0.171749
0.308433  -0.149395  -0.0683894  -0.149395  0.3262  0.114653  -0.0683894  0.114653  0.171749
0.308382  -0.149313  -0.0682701  -0.149313  0.326093  0.114544  -0.0682701  0.114544  0.171697
0.308377  -0.149304  -0.0682502  -0.149304  0.326078  0.114526  -0.0682502  0.114526  0.171687
0.308339  -0.14923  -0.0681349  -0.14923  0.325959  0.11441  -0.0681349  0.11441  0.171631
0.308329  -0.149199  -0.0681196  -0.149199  0.325911  0.114383  -0.0681196  0.114383  0.171622
0.308318  -0.149182  -0.0680797  -0.149182  0.325882  0.114348  -0.0680797  0.114348  0.171603
0.308257  -0.149068  -0.0679454  -0.149068  0.325726  0.114212  -0.0679454  0.114212  0.171543
0.308252  -0.14906  -0.0679255  -0.14906  0.325712  0.114195  -0.0679255  0.114195  0.171533
0.30821  -0.148964  -0.0678153  -0.148964  0.325559  0.11407  -0.0678153  0.11407  0.171478
0.3082  -0.148932  -0.0678  -0.148932  0.325511  0.114044  -0.0678  0.114044  0.17147
0.308157  -0.14885  -0.0676654  -0.14885  0.325378  0.113911  -0.0676654  0.113911  0.171405
0.308157  -0.14885  -0.0676654  -0.14885  0.325378  0.113911  -0.0676654  0.113911  0.171405
0.30811  -0.148746  -0.0675356  -0.148746  0.325211  0.113769  -0.0675356  0.113769  0.171341
0.30811  -0.148746  -0.0675356  -0.148746  0.325211  0.113769  -0.0675356  0.113769  0.171341
0.30805  -0.148633  -0.0674022  -0.148633  0.325057  0.113635  -0.0674022  0.113635  0.171282
0.30805  -0.148633  -0.0674022  -0.148633  0.325057  0.113635  -0.0674022  0.113635  0.171282
0.308008  -0.148551  -0.0672682  -0.148551  0.324924  0.113502  -0.0672682  0.113502  0.171218
0.308003  -0.148543  -0.0672484  -0.148543  0.32491  0.113485  -0.0672484  0.113485  0.171208
0.307956  -0.148439  -0.0671192  -0.148439  0.324744  0.113344  -0.0671192  0.113344  0.171145
0.307951  -0.148431  -0.0670994  -0.148431  0.32473  0.113326  -0.0670994  0.113326  0.171136
0.307904  -0.148341  -0.066946  -0.148341  0.324584  0.113177  -0.066946  0.113177  0.171063
0.307898  -0.148333  -0.0669263  -0.148333  0.32457  0.113159  -0.0669263  0.113159  0.171054
0.307878  -0.148285  -0.0668717  -0.148285  0.324494  0.113098  -0.0668717  0.113098  0.171027
0.307831  -0.148196  -0.0667187  -0.148196  0.324349  0.112949  -0.0667187  0.112949  0.170955
0.307821  -0.148164  -0.0667036  -0.148164  0.324301  0.112922  -0.0667036  0.112922  0.170947
0.307769  -0.148067  -0.0665311  -0.148067  0.324142  0.112756  -0.0665311  0.112756  0.170865
0.307764  -0.148059  -0.0665115  -0.148059  0.324128  0.112739  -0.0665115  0.112739  0.170856
0.307744  -0.148011  -0.0664572  -0.148011  0.324052  0.112678  -0.0664572  0.112678  0.17083
0.307711  -0.14793  -0.0663085  -0.14793  0.323895  0.112522  -0.0663085  0.112522  0.170754
0.307705  -0.147922  -0.0662888  -0.147922  0.323881  0.112505  -0.0662888  0.112505  0.170745
0.307655  -0.14781  -0.0661413  -0.14781  0.323703  0.112348  -0.0661413  0.112348  0.170675
0.307649  -0.147802  -0.0661217  -0.147802  0.323689  0.112331  -0.0661217  0.112331  0.170666
0.307634  -0.147778  -0.0660629  -0.147778  0.323647  0.112279  -0.0660629  0.112279  0.170639
0.307601  -0.147697  -0.0659147  -0.147697  0.323491  0.112124  -0.0659147  0.112124  0.170564
0.30756  -0.147617  -0.0657825  -0.147617  0.32336  0.111994  -0.0657825  0.111994  0.170503
0.307555  -0.147608  -0.065763  -0.147608  0.323346  0.111977  -0.065763  0.111977  0.170494
0.307513  -0.147497  -0.0656004  -0.147497  0.323143  0.111796  -0.0656004  0.111796  0.170412
0.307513  -0.147497  -0.0656004  -0.147497  0.323143  0.111796  -0.0656004  0.111796  0.170412
0.307475  -0.147409  -0.0654333  -0.147409  0.322973  0.111625  -0.0654333  0.111625  0.17033
0.307465  -0.147392  -0.0653943  -0.147392  0.322946  0.111591  -0.0653943  0.111591  0.170312
0.307453  -0.147345  -0.0653248  -0.147345  0.322845  0.111506  -0.0653248  0.111506  0.170274
0.307405  -0.147241  -0.0651192  -0.147241  0.322649  0.111301  -0.0651192  0.111301  0.170175
0.3074  -0.147232  -0.0650998  -0.147232  0.322635  0.111284  -0.0650998  0.111284  0.170166
0.307369  -0.147113  -0.0648872  -0.147113  0.322368  0.111039  -0.0648872  0.111039  0.170052
0.307369  -0.147113  -0.0648872  -0.147113  0.322368  0.111039  -0.0648872  0.111039  0.170052
0.30733  -0.147009  -0.0646666  -0.147009  0.322146  0.110811  -0.0646666  0.110811  0.169941
0.307325  -0.147001  -0.0646473  -0.147001  0.322133  0.110793  -0.0646473  0.110793  0.169932
0.3073  -0.14689  -0.0644547  -0.14689  0.32188  0.110567  -0.0644547  0.110567  0.169828
0.307295  -0.146882  -0.0644354  -0.146882  0.321867  0.11055  -0.0644354  0.11055  0.16982
0.307274  -0.146794  -0.0642385  -0.146794  0.321648  0.110332  -0.0642385  0.110332  0.169715
0.307274  -0.146794  -0.0642385  -0.146794  0.321648  0.110332  -0.0642385  0.110332  0.169715
0.30723  -0.146667  -0.0640237  -0.146667  0.321394  0.110097  -0.0640237  0.110097  0.169607
0.30723  -0.146667  -0.0640237  -0.146667  0.321394  0.110097  -0.0640237  0.110097  0.169607
0.307199  -0.146563  -0.0637889  -0.146563  0.321149  0.109847  -0.0637889  0.109847  0.169487
0.307194  -0.146555  -0.0637697  -0.146555  0.321136  0.10983  -0.0637697  0.10983  0.169479
0.307187  -0.14653  -0.0636963  -0.14653  0.32107  0.109755  -0.0636963  0.109755  0.169441
0.307139  -0.146396  -0.0634633  -0.146396  0.320804  0.109504  -0.0634633  0.109504  0.169328
0.307134  -0.146388  -0.0634442  -0.146388  0.320791  0.109488  -0.0634442  0.109488  0.169319
0.307096  -0.146285  -0.063226  -0.146285  0.320572  0.109263  -0.063226  0.109263  0.169213
0.307091  -0.146277  -0.0632069  -0.146277  0.320559  0.109246  -0.0632069  0.109246  0.169205
0.307048  -0.146151  -0.062994  -0.146151  0.320308  0.109014  -0.062994  0.109014  0.169101
0.307039  -0.146121  -0.0629797  -0.146121  0.320261  0.108989  -0.0629797  0.108989  0.169094
0.306995  -0.14601  -0.0627433  -0.14601  0.32003  0.108749  -0.0627433  0.108749  0.168982
0.306986  -0.145979  -0.0627291  -0.145979  0.319984  0.108723  -0.0627291  0.108723  0.168975
0.306931  -0.145847  -0.0625136  -0.145847  0.319746  0.1085  -0.0625136  0.1085  0.168877
0.306934  -0.145838  -0.062479  -0.145838  0.319708  0.108459  -0.062479  0.108459  0.168856
0.306905  -0.145776  -0.0623887  -0.145776  0.319608  0.108368  -0.0623887  0.108368  0.168818
0.306858  -0.145643  -0.0621584  -0.145643  0.319346  0.108121  -0.0621584  0.108121  0.168708
0.306848  -0.145628  -0.0621204  -0.145628  0.319319  0.108088  -0.0621204  0.108088  0.168693
0.306792  -0.145465  -0.0618765  -0.145465  0.319012  0.107817  -0.0618765  0.107817  0.168578
0.306787  -0.145457  -0.0618576  -0.145457  0.318999  0.107801  -0.0618576  0.107801  0.16857
0.306714  -0.145279  -0.0615921  -0.145279  0.318691  0.107522  -0.0615921  0.107522  0.168452
0.306709  -0.145271  -0.0615732  -0.145271  0.318677  0.107505  -0.0615732  0.107505  0.168444
0.306641  -0.145102  -0.0613272  -0.145102  0.318383  0.107244  -0.0613272  0.107244  0.168336
0.306636  -0.145094  -0.0613084  -0.145094  0.31837  0.107228  -0.0613084  0.107228  0.168328
0.306564  -0.144903  -0.061068  -0.144903  0.318045  0.106959  -0.061068  0.106959  0.168221
0.306559  -0.144895  -0.0610492  -0.144895  0.318032  0.106942  -0.0610492  0.106942  0.168213
0.306479  -0.144674  -0.0607955  -0.144674  0.317662  0.10665  -0.0607955  0.10665  0.168101
0.306469  -0.144659  -0.0607581  -0.144659  0.317635  0.106618  -0.0607581  0.106618  0.168086
0.306432  -0.144568  -0.0606556  -0.144568  0.317493  0.106504  -0.0606556  0.106504  0.168043
0.306349  -0.144371  -0.0604136  -0.144371  0.317181  0.106245  -0.0604136  0.106245  0.167943
0.306335  -0.144333  -0.0603812  -0.144333  0.317123  0.106204  -0.0603812  0.106204  0.167929
0.306244  -0.144107  -0.0601262  -0.144107  0.316768  0.105922  -0.0601262  0.105922  0.167824
0.306234  -0.144091  -0.060089  -0.144091  0.316742  0.10589  -0.060089  0.10589  0.167809
0.306198  -0.144001  -0.0599873  -0.144001  0.316601  0.105778  -0.0599873  0.105778  0.167767
0.306103  -0.143768  -0.0597149  -0.143768  0.316234  0.105481  -0.0597149  0.105481  0.167656
0.306089  -0.14373  -0.0596828  -0.14373  0.316176  0.105441  -0.0596828  0.105441  0.167642
0.305986  -0.143469  -0.0593979  -0.143469  0.315767  0.105122  -0.0593979  0.105122  0.167526
0.305981  -0.143461  -0.0593794  -0.143461  0.315754  0.105106  -0.0593794  0.105106  0.167519
0.305879  -0.1432  -0.0590955  -0.1432  0.315346  0.104788  -0.0590955  0.104788  0.167405
0.305861  -0.143155  -0.0590452  -0.143155  0.315276  0.104732  -0.0590452  0.104732  0.167384
0.305821  -0.143059  -0.0589263  -0.143059  0.315123  0.104606  -0.0589263  0.104606  0.167337
0.305716  -0.142777  -0.0586489  -0.142777  0.314685  0.104282  -0.0586489  0.104282  0.167225
0.305711  -0.14277  -0.0586306  -0.14277  0.314673  0.104266  -0.0586306  0.104266  0.167219
0.305616  -0.142519  -0.0583675  -0.142519  0.314281  0.103967  -0.0583675  0.103967  0.167114
0.305607  -0.14249  -0.0583542  -0.14249  0.314237  0.103944  -0.0583542  0.103944  0.167108
0.305503  -0.142224  -0.0580555  -0.142224  0.313821  0.103615  -0.0580555  0.103615  0.166991
0.305499  -0.142217  -0.0580373  -0.142217  0.313809  0.1036  -0.0580373  0.1036  0.166985
0.305388  -0.141953  -0.0577549  -0.141953  0.31342  0.103296  -0.0577549  0.103296  0.16688
0.305376  -0.141917  -0.0577236  -0.141917  0.313363  0.103257  -0.0577236  0.103257  0.166868
0.305273  -0.141653  -0.0574271  -0.141653  0.312951  0.102931  -0.0574271  0.102931  0.166754
0.30526  -0.141631  -0.0573728  -0.141631  0.312914  0.102885  -0.0573728  0.102885  0.166734
0.30523  -0.141522  -0.0572641  -0.141522  0.312721  0.102746  -0.0572641  0.102746  0.166687
0.305129  -0.14126  -0.0569692  -0.14126  0.312311  0.102423  -0.0569692  0.102423  0.166575
0.305121  -0.141245  -0.0569332  -0.141245  0.312287  0.102392  -0.0569332  0.102392  0.166562
0.305012  -0.14097  -0.0566035  -0.14097  0.311854  0.10204  -0.0566035  0.10204  0.166439
0.305004  -0.140941  -0.0565905  -0.140941  0.311811  0.102017  -0.0565905  0.102017  0.166434
0.304912  -0.140681  -0.0562829  -0.140681  0.31138  0.101674  -0.0562829  0.101674  0.166315
0.3049  -0.140645  -0.0562521  -0.140645  0.311325  0.101636  -0.0562521  0.101636  0.166303
0.304805  -0.140378  -0.0559278  -0.140378  0.310884  0.10128  -0.0559278  0.10128  0.16618
0.304797  -0.140349  -0.055915  -0.140349  0.310841  0.101257  -0.055915  0.101257  0.166174
0.304772  -0.140263  -0.0558031  -0.140263  0.310682  0.101129  -0.0558031  0.101129  0.166129
0.304682  -0.140005  -0.0554981  -0.140005  0.310255  0.10079  -0.0554981  0.10079  0.166014
0.304666  -0.139962  -0.0554499  -0.139962  0.310188  0.100737  -0.0554499  0.100737  0.165996
0.304596  -0.13974  -0.0551614  -0.13974  0.309794  0.100415  -0.0551614  0.100415  0.165884
0.30458  -0.139697  -0.0551134  -0.139697  0.309728  0.100363  -0.0551134  0.100363  0.165867
0.304544  -0.139605  -0.0549997  -0.139605  0.309582  0.100244  -0.0549997  0.100244  0.165827
0.304467  -0.139369  -0.0546774  -0.139369  0.309166  0.0998938  -0.0546774  0.0998938  0.165705
0.304455  -0.139334  -0.0546472  -0.139334  0.309112  0.0998567  -0.0546472  0.0998567  0.165694
0.304431  -0.139248  -0.0545368  -0.139248  0.308956  0.0997307  -0.0545368  0.0997307  0.165651
0.304359  -0.139021  -0.0542336  -0.139021  0.308554  0.099398  -0.0542336  0.099398  0.165537
0.304355  -0.139014  -0.054216  -0.139014  0.308542  0.0993833  -0.054216  0.0993833  0.165531
0.304276  -0.138759  -0.0539014  -0.138759  0.308099  0.09903  -0.0539014  0.09903  0.165414
0.304272  -0.138752  -0.0538839  -0.138752  0.308087  0.0990154  -0.0538839  0.0990154  0.165408
0.30419  -0.13852  -0.0535801  -0.13852  0.3077  0.0986932  -0.0535801  0.0986932  0.165302
0.304186  -0.138513  -0.0535627  -0.138513  0.307689  0.0986786  -0.0535627  0.0986786  0.165296
0.30412  -0.138295  -0.0532799  -0.138295  0.307303  0.0983649  -0.0532799  0.0983649  0.165192
0.304116  -0.138288  -0.0532625  -0.138288  0.307291  0.0983504  -0.0532625  0.0983504  0.165187
0.304031  -0.13805  -0.0529434  -0.13805  0.306895  0.0980166  -0.0529434  0.0980166  0.165078
0.304035  -0.138029  -0.0529337  -0.138029  0.306842  0.0979874  -0.0529337  0.0979874  0.165069
0.303955  -0.137799  -0.0526331  -0.137799  0.306459  0.0976696  -0.0526331  0.0976696  0.164968
0.303951  -0.137792  -0.0526158  -0.137792  0.306448  0.0976553  -0.0526158  0.0976553  0.164962
0.303928  -0.137708  -0.0525076  -0.137708  0.306295  0.0975327  -0.0525076  0.0975327  0.164923
0.303853  -0.137486  -0.0522255  -0.137486  0.305925  0.0972312  -0.0522255  0.0972312  0.164828
0.303849  -0.137479  -0.0522083  -0.137479  0.305914  0.0972169  -0.0522083  0.0972169  0.164823
0.303778  -0.137264  -0.0519443  -0.137264  0.305558  0.0969308  -0.0519443  0.0969308  0.164735
0.303771  -0.137251  -0.05191  -0.137251  0.305535  0.0969024  -0.05191  0.0969024  0.164725
0.303697  -0.13703  -0.0516297  -0.13703  0.305168  0.0966034  -0.0516297  0.0966034  0.164633
0.303693  -0.137023  -0.0516126  -0.137023  0.305157  0.0965892  -0.0516126  0.0965892  0.164628
0.30363  -0.136809  -0.0513356  -0.136809  0.304779  0.0962841  -0.0513356  0.0962841  0.164533
0.303627  -0.136802  -0.0513185  -0.136802  0.304768  0.09627  -0.0513185  0.09627  0.164528
0.303554  -0.136583  -0.05104  -0.136583  0.304404  0.0959736  -0.05104  0.0959736  0.164439
0.30355  -0.136576  -0.051023  -0.136576  0.304393  0.0959596  -0.051023  0.0959596  0.164434
0.303479  -0.136344  -0.0507677  -0.136344  0.304012  0.0956714  -0.0507677  0.0956714  0.164351
0.303475  -0.136337  -0.0507507  -0.136337  0.304001  0.0956574  -0.0507507  0.0956574  0.164347
0.3034  -0.136112  -0.050457  -0.136112  0.303628  0.0953496  -0.050457  0.0953496  0.164255
0.303386  -0.136072  -0.0504115  -0.136072  0.303565  0.0953008  -0.0504115  0.0953008  0.164242
0.303365  -0.13599  -0.0503059  -0.13599  0.303416  0.095182  -0.0503059  0.095182  0.164206
0.303298  -0.135779  -0.0500474  -0.135779  0.303067  0.0949039  -0.0500474  0.0949039  0.164126
0.303294  -0.135773  -0.0500305  -0.135773  0.303056  0.0948901  -0.0500305  0.0948901  0.164121
0.303235  -0.135562  -0.0497582  -0.135562  0.302686  0.0945919  -0.0497582  0.0945919  0.164034
0.303227  -0.135549  -0.0497246  -0.135549  0.302664  0.0945644  -0.0497246  0.0945644  0.164025
0.303168  -0.135339  -0.0494532  -0.135339  0.302294  0.0942675  -0.0494532  0.0942675  0.163938
0.303127  -0.135204  -0.0492702  -0.135204  0.302063  0.094075  -0.0492702  0.094075  0.163883
0.30312  -0.135177  -0.0492587  -0.135177  0.302023  0.0940544  -0.0492587  0.0940544  0.163879
0.303099  -0.13511  -0.0491324  -0.13511  0.301894  0.0939308  -0.0491324  0.0939308  0.16384
0.303024  -0.134882  -0.0488272  -0.134882  0.301517  0.0936167  -0.0488272  0.0936167  0.163752
0.303018  -0.134855  -0.0488158  -0.134855  0.301477  0.0935963  -0.0488158  0.0935963  0.163749
0.302964  -0.134654  -0.0485637  -0.134654  0.301123  0.0933168  -0.0485637  0.0933168  0.163671
0.302954  -0.134621  -0.0485357  -0.134621  0.301072  0.0932829  -0.0485357  0.0932829  0.163663
0.3029  -0.13442  -0.0482844  -0.13442  0.300719  0.0930047  -0.0482844  0.0930047  0.163586
0.302897  -0.134413  -0.0482678  -0.134413  0.300708  0.0929912  -0.0482678  0.0929912  0.163582
0.302841  -0.134207  -0.0480006  -0.134207  0.300345  0.0927006  -0.0480006  0.0927006  0.163502
0.302834  -0.13418  -0.0479894  -0.13418  0.300306  0.0926804  -0.0479894  0.0926804  0.163498
