0.298954  -0.11907  -0.0562393  -0.11907  0.286443  0.093223  -0.0562393  0.093223  0.167044
0.298954  -0.11907  -0.0562393  -0.11907  0.286443  0.093223  -0.0562393  0.093223  0.167044
0.298953  -0.119053  -0.056244  -0.119053  0.28642  0.0932157  -0.056244  0.0932157  0.167045
0.298943  -0.11903  -0.0562462  -0.11903  0.286409  0.0932155  -0.0562462  0.0932155  0.167051
0.298943  -0.11903  -0.0562462  -0.11903  0.286409  0.0932155  -0.0562462  0.0932155  0.167051
0.298931  -0.118989  -0.0562531  -0.118989  0.286376  0.093208  -0.0562531  0.093208  0.167058
0.298929  -0.118971  -0.0562577  -0.118971  0.286353  0.0932008  -0.0562577  0.0932008  0.167059
0.298925  -0.118948  -0.056246  -0.118948  0.286319  0.0931806  -0.056246  0.0931806  0.167054
0.298915  -0.118925  -0.0562482  -0.118925  0.286309  0.0931803  -0.0562482  0.0931803  0.16706
0.298913  -0.118907  -0.0562528  -0.118907  0.286286  0.0931731  -0.0562528  0.0931731  0.167061
0.298902  -0.118879  -0.0562388  -0.118879  0.286265  0.0931599  -0.0562388  0.0931599  0.167061
0.2989  -0.118862  -0.0562434  -0.118862  0.286242  0.0931526  -0.0562434  0.0931526  0.167062
0.29889  -0.118839  -0.0562456  -0.118839  0.286231  0.0931524  -0.0562456  0.0931524  0.167068
0.298884  -0.118798  -0.0562385  -0.118798  0.286175  0.093125  -0.0562385  0.093125  0.167064
0.298884  -0.118798  -0.0562385  -0.118798  0.286175  0.093125  -0.0562385  0.093125  0.167064
0.298874  -0.118775  -0.0562408  -0.118775  0.286164  0.0931247  -0.0562408  0.0931247  0.16707
0.298872  -0.11877  -0.0562244  -0.11877  0.286154  0.0931118  -0.0562244  0.0931118  0.167064
0.298861  -0.118729  -0.0562313  -0.118729  0.28612  0.0931043  -0.0562313  0.0931043  0.167071
0.298847  -0.118683  -0.0562219  -0.118683  0.286077  0.0930839  -0.0562219  0.0930839  0.167072
0.298847  -0.118683  -0.0562219  -0.118683  0.286077  0.0930839  -0.0562219  0.0930839  0.167072
0.298833  -0.11865  -0.0561915  -0.11865  0.286046  0.0930578  -0.0561915  0.0930578  0.167066
0.298833  -0.11865  -0.0561915  -0.11865  0.286046  0.0930578  -0.0561915  0.0930578  0.167066
0.29882  -0.118604  -0.056182  -0.118604  0.286002  0.0930374  -0.056182  0.0930374  0.167067
0.298816  -0.118581  -0.0561703  -0.118581  0.285969  0.0930172  -0.0561703  0.0930172  0.167062
0.298816  -0.118581  -0.0561703  -0.118581  0.285969  0.0930172  -0.0561703  0.0930172  0.167062
0.298802  -0.118536  -0.0561609  -0.118536  0.285925  0.0929968  -0.0561609  0.0929968  0.167063
0.298802  -0.118536  -0.0561609  -0.118536  0.285925  0.0929968  -0.0561609  0.0929968  0.167063
0.298789  -0.118502  -0.0561306  -0.118502  0.285894  0.0929707  -0.0561306  0.0929707  0.167057
0.298787  -0.118485  -0.0561352  -0.118485  0.285872  0.0929635  -0.0561352  0.0929635  0.167058
0.298785  -0.118479  -0.0561189  -0.118479  0.285862  0.0929506  -0.0561189  0.0929506  0.167053
0.298775  -0.118457  -0.0561211  -0.118457  0.285851  0.0929503  -0.0561211  0.0929503  0.167058
0.298775  -0.118457  -0.0561211  -0.118457  0.285851  0.0929503  -0.0561211  0.0929503  0.167058
0.298764  -0.118429  -0.0561071  -0.118429  0.28583  0.0929372  -0.0561071  0.0929372  0.167058
0.298762  -0.118423  -0.0560908  -0.118423  0.28582  0.0929243  -0.0560908  0.0929243  0.167052
0.298762  -0.118423  -0.0560908  -0.118423  0.28582  0.0929243  -0.0560908  0.0929243  0.167052
0.298752  -0.118401  -0.0560931  -0.118401  0.285809  0.0929241  -0.0560931  0.0929241  0.167058
0.298752  -0.118401  -0.0560931  -0.118401  0.285809  0.0929241  -0.0560931  0.0929241  0.167058
0.29875  -0.118396  -0.0560768  -0.118396  0.285799  0.0929112  -0.0560768  0.0929112  0.167052
0.298742  -0.118391  -0.0560745  -0.118391  0.285811  0.0929182  -0.0560745  0.0929182  0.167056
0.298742  -0.118391  -0.0560745  -0.118391  0.285811  0.0929182  -0.0560745  0.0929182  0.167056
0.29874  -0.118373  -0.0560791  -0.118373  0.285789  0.0929109  -0.0560791  0.0929109  0.167058
0.29874  -0.118373  -0.0560791  -0.118373  0.285789  0.0929109  -0.0560791  0.0929109  0.167058
0.298739  -0.118368  -0.0560628  -0.118368  0.285778  0.092898  -0.0560628  0.092898  0.167052
0.298731  -0.118363  -0.0560605  -0.118363  0.285791  0.092905  -0.0560605  0.092905  0.167056
0.298731  -0.118363  -0.0560605  -0.118363  0.285791  0.092905  -0.0560605  0.092905  0.167056
0.298729  -0.118358  -0.0560442  -0.118358  0.28578  0.0928921  -0.0560442  0.0928921  0.16705
0.298729  -0.118358  -0.0560442  -0.118358  0.28578  0.0928921  -0.0560442  0.0928921  0.16705
0.298737  -0.118362  -0.0560465  -0.118362  0.285768  0.0928851  -0.0560465  0.0928851  0.167046
0.298735  -0.118357  -0.0560303  -0.118357  0.285758  0.0928722  -0.0560303  0.0928722  0.16704
0.298735  -0.118357  -0.0560303  -0.118357  0.285758  0.0928722  -0.0560303  0.0928722  0.16704
0.298742  -0.118362  -0.0560326  -0.118362  0.285746  0.0928652  -0.0560326  0.0928652  0.167036
0.298742  -0.118362  -0.0560326  -0.118362  0.285746  0.0928652  -0.0560326  0.0928652  0.167036
0.29874  -0.118357  -0.0560163  -0.118357  0.285736  0.0928523  -0.0560163  0.0928523  0.16703
0.298746  -0.118344  -0.0560232  -0.118344  0.285701  0.0928381  -0.0560232  0.0928381  0.167027
0.298746  -0.118344  -0.0560232  -0.118344  0.285701  0.0928381  -0.0560232  0.0928381  0.167027
0.298752  -0.118343  -0.0560093  -0.118343  0.285679  0.0928182  -0.0560093  0.0928182  0.167017
0.298752  -0.118343  -0.0560093  -0.118343  0.285679  0.0928182  -0.0560093  0.0928182  0.167017
0.29875  -0.118338  -0.055993  -0.118338  0.285669  0.0928053  -0.055993  0.0928053  0.167011
0.298758  -0.118343  -0.0559953  -0.118343  0.285657  0.0927983  -0.0559953  0.0927983  0.167007
0.298758  -0.118343  -0.0559953  -0.118343  0.285657  0.0927983  -0.0559953  0.0927983  0.167007
0.298761  -0.118324  -0.055986  -0.118324  0.285612  0.0927712  -0.055986  0.0927712  0.166998
0.298761  -0.118324  -0.055986  -0.118324  0.285612  0.0927712  -0.055986  0.0927712  0.166998
0.298761  -0.118324  -0.055986  -0.118324  0.285612  0.0927712  -0.055986  0.0927712  0.166998
0.298769  -0.118329  -0.0559883  -0.118329  0.2856  0.0927642  -0.0559883  0.0927642  0.166993
0.298769  -0.118329  -0.0559883  -0.118329  0.2856  0.0927642  -0.0559883  0.0927642  0.166993
0.298767  -0.118311  -0.0559929  -0.118311  0.285577  0.092757  -0.0559929  0.092757  0.166995
0.298767  -0.118311  -0.0559929  -0.118311  0.285577  0.092757  -0.0559929  0.092757  0.166995
0.298775  -0.118316  -0.0559952  -0.118316  0.285565  0.09275  -0.0559952  0.09275  0.16699
0.298775  -0.118316  -0.0559952  -0.118316  0.285565  0.09275  -0.0559952  0.09275  0.16699
0.298775  -0.118316  -0.0559952  -0.118316  0.285565  0.09275  -0.0559952  0.09275  0.16699
0.298775  -0.118316  -0.0559952  -0.118316  0.285565  0.09275  -0.0559952  0.09275  0.16699
0.298775  -0.118316  -0.0559952  -0.118316  0.285565  0.09275  -0.0559952  0.09275  0.16699
0.298777  -0.118321  -0.0560115  -0.118321  0.285575  0.0927629  -0.0560115  0.0927629  0.166996
0.298777  -0.118321  -0.0560115  -0.118321  0.285575  0.0927629  -0.0560115  0.0927629  0.166996
0.298775  -0.118304  -0.0560161  -0.118304  0.285552  0.0927557  -0.0560161  0.0927557  0.166997
0.298775  -0.118304  -0.0560161  -0.118304  0.285552  0.0927557  -0.0560161  0.0927557  0.166997
0.298775  -0.118304  -0.0560161  -0.118304  0.285552  0.0927557  -0.0560161  0.0927557  0.166997
0.298775  -0.118304  -0.0560161  -0.118304  0.285552  0.0927557  -0.0560161  0.0927557  0.166997
0.298775  -0.118291  -0.056037  -0.118291  0.28554  0.0927614  -0.056037  0.0927614  0.167004
0.298775  -0.118291  -0.056037  -0.118291  0.28554  0.0927614  -0.056037  0.0927614  0.167004
0.298773  -0.118273  -0.0560416  -0.118273  0.285517  0.0927542  -0.0560416  0.0927542  0.167006
0.298773  -0.118273  -0.0560416  -0.118273  0.285517  0.0927542  -0.0560416  0.0927542  0.167006
0.298773  -0.118273  -0.0560416  -0.118273  0.285517  0.0927542  -0.0560416  0.0927542  0.167006
0.298773  -0.118273  -0.0560416  -0.118273  0.285517  0.0927542  -0.0560416  0.0927542  0.167006
0.298771  -0.118256  -0.0560462  -0.118256  0.285494  0.092747  -0.0560462  0.092747  0.167007
0.298771  -0.118256  -0.0560462  -0.118256  0.285494  0.092747  -0.0560462  0.092747  0.167007
0.298771  -0.118256  -0.0560462  -0.118256  0.285494  0.092747  -0.0560462  0.092747  0.167007
0.298777  -0.118243  -0.0560531  -0.118243  0.28546  0.0927328  -0.0560531  0.0927328  0.167004
0.298777  -0.118243  -0.0560531  -0.118243  0.28546  0.0927328  -0.0560531  0.0927328  0.167004
0.298777  -0.118243  -0.0560531  -0.118243  0.28546  0.0927328  -0.0560531  0.0927328  0.167004
0.298775  -0.118225  -0.0560577  -0.118225  0.285437  0.0927256  -0.0560577  0.0927256  0.167005
0.298775  -0.118225  -0.0560577  -0.118225  0.285437  0.0927256  -0.0560577  0.0927256  0.167005
0.298777  -0.11823  -0.056074  -0.11823  0.285447  0.0927385  -0.056074  0.0927385  0.167011
0.298777  -0.11823  -0.056074  -0.11823  0.285447  0.0927385  -0.056074  0.0927385  0.167011
0.298783  -0.118217  -0.0560809  -0.118217  0.285412  0.0927242  -0.0560809  0.0927242  0.167008
0.298783  -0.118217  -0.0560809  -0.118217  0.285412  0.0927242  -0.0560809  0.0927242  0.167008
0.298785  -0.118222  -0.0560972  -0.118222  0.285422  0.0927371  -0.0560972  0.0927371  0.167013
0.298785  -0.118222  -0.0560972  -0.118222  0.285422  0.0927371  -0.0560972  0.0927371  0.167013
0.298791  -0.118209  -0.0561041  -0.118209  0.285388  0.0927229  -0.0561041  0.0927229  0.16701
0.298793  -0.118215  -0.0561204  -0.118215  0.285398  0.0927358  -0.0561204  0.0927358  0.167016
0.298793  -0.118215  -0.0561204  -0.118215  0.285398  0.0927358  -0.0561204  0.0927358  0.167016
0.298791  -0.118197  -0.056125  -0.118197  0.285375  0.0927286  -0.056125  0.0927286  0.167017
0.298791  -0.118197  -0.056125  -0.118197  0.285375  0.0927286  -0.056125  0.0927286  0.167017
0.298793  -0.118202  -0.0561412  -0.118202  0.285385  0.0927415  -0.0561412  0.0927415  0.167023
0.298791  -0.118184  -0.0561458  -0.118184  0.285362  0.0927343  -0.0561458  0.0927343  0.167024
0.298791  -0.118184  -0.0561458  -0.118184  0.285362  0.0927343  -0.0561458  0.0927343  0.167024
0.298791  -0.118184  -0.0561458  -0.118184  0.285362  0.0927343  -0.0561458  0.0927343  0.167024
0.298791  -0.118184  -0.0561458  -0.118184  0.285362  0.0927343  -0.0561458  0.0927343  0.167024
0.298791  -0.118172  -0.0561667  -0.118172  0.28535  0.09274  -0.0561667  0.09274  0.167032
0.298789  -0.118154  -0.0561713  -0.118154  0.285327  0.0927328  -0.0561713  0.0927328  0.167033
0.298789  -0.118154  -0.0561713  -0.118154  0.285327  0.0927328  -0.0561713  0.0927328  0.167033
0.298787  -0.118136  -0.0561759  -0.118136  0.285305  0.0927255  -0.0561759  0.0927255  0.167034
0.298787  -0.118136  -0.0561759  -0.118136  0.285305  0.0927255  -0.0561759  0.0927255  0.167034
0.298788  -0.118124  -0.0561968  -0.118124  0.285292  0.0927312  -0.0561968  0.0927312  0.167041
0.298786  -0.118106  -0.0562014  -0.118106  0.285269  0.092724  -0.0562014  0.092724  0.167042
0.298786  -0.118106  -0.0562014  -0.118106  0.285269  0.092724  -0.0562014  0.092724  0.167042
0.298782  -0.118083  -0.0561897  -0.118083  0.285237  0.0927039  -0.0561897  0.0927039  0.167038
0.298774  -0.118078  -0.0561874  -0.118078  0.285249  0.0927109  -0.0561874  0.0927109  0.167042
0.298772  -0.11806  -0.056192  -0.11806  0.285226  0.0927037  -0.056192  0.0927037  0.167043
0.29877  -0.118043  -0.0561965  -0.118043  0.285204  0.0926965  -0.0561965  0.0926965  0.167045
0.298768  -0.118037  -0.0561803  -0.118037  0.285194  0.0926836  -0.0561803  0.0926836  0.167039
0.298757  -0.117997  -0.0561871  -0.117997  0.28516  0.0926762  -0.0561871  0.0926762  0.167046
0.298757  -0.117997  -0.0561871  -0.117997  0.28516  0.0926762  -0.0561871  0.0926762  0.167046
0.298755  -0.117979  -0.0561917  -0.117979  0.285138  0.092669  -0.0561917  0.092669  0.167047
0.298751  -0.117956  -0.05618  -0.117956  0.285105  0.0926489  -0.05618  0.0926489  0.167042
0.298744  -0.117952  -0.0561777  -0.117952  0.285117  0.0926559  -0.0561777  0.0926559  0.167047
0.298742  -0.117934  -0.0561823  -0.117934  0.285095  0.0926487  -0.0561823  0.0926487  0.167048
0.298742  -0.117934  -0.0561823  -0.117934  0.285095  0.0926487  -0.0561823  0.0926487  0.167048
0.298732  -0.117912  -0.0561846  -0.117912  0.285084  0.0926484  -0.0561846  0.0926484  0.167054
0.298732  -0.117912  -0.0561846  -0.117912  0.285084  0.0926484  -0.0561846  0.0926484  0.167054
0.298732  -0.117912  -0.0561846  -0.117912  0.285084  0.0926484  -0.0561846  0.0926484  0.167054
0.298721  -0.117884  -0.0561706  -0.117884  0.285064  0.0926354  -0.0561706  0.0926354  0.167053
0.298721  -0.117884  -0.0561706  -0.117884  0.285064  0.0926354  -0.0561706  0.0926354  0.167053
0.298723  -0.117889  -0.0561869  -0.117889  0.285074  0.0926482  -0.0561869  0.0926482  0.167059
0.298715  -0.117884  -0.0561845  -0.117884  0.285086  0.0926552  -0.0561845  0.0926552  0.167064
0.298715  -0.117884  -0.0561845  -0.117884  0.285086  0.0926552  -0.0561845  0.0926552  0.167064
0.298715  -0.117884  -0.0561845  -0.117884  0.285086  0.0926552  -0.0561845  0.0926552  0.167064
0.298715  -0.117884  -0.0561845  -0.117884  0.285086  0.0926552  -0.0561845  0.0926552  0.167064
0.298707  -0.11788  -0.0561822  -0.11788  0.285098  0.0926622  -0.0561822  0.0926622  0.167068
0.298707  -0.11788  -0.0561822  -0.11788  0.285098  0.0926622  -0.0561822  0.0926622  0.167068
0.298707  -0.11788  -0.0561822  -0.11788  0.285098  0.0926622  -0.0561822  0.0926622  0.167068
0.298709  -0.117885  -0.0561985  -0.117885  0.285108  0.0926751  -0.0561985  0.0926751  0.167074
0.298709  -0.117885  -0.0561985  -0.117885  0.285108  0.0926751  -0.0561985  0.0926751  0.167074
0.298702  -0.11788  -0.0561962  -0.11788  0.28512  0.092682  -0.0561962  0.092682  0.167078
0.298702  -0.11788  -0.0561962  -0.11788  0.28512  0.092682  -0.0561962  0.092682  0.167078
0.298702  -0.11788  -0.0561962  -0.11788  0.28512  0.092682  -0.0561962  0.092682  0.167078
0.298704  -0.117898  -0.0561916  -0.117898  0.285143  0.0926893  -0.0561916  0.0926893  0.167077
0.298704  -0.117898  -0.0561916  -0.117898  0.285143  0.0926893  -0.0561916  0.0926893  0.167077
0.298704  -0.117898  -0.0561916  -0.117898  0.285143  0.0926893  -0.0561916  0.0926893  0.167077
0.298704  -0.117898  -0.0561916  -0.117898  0.285143  0.0926893  -0.0561916  0.0926893  0.167077
0.298704  -0.117898  -0.0561916  -0.117898  0.285143  0.0926893  -0.0561916  0.0926893  0.167077
0.298704  -0.117898  -0.0561916  -0.117898  0.285143  0.0926893  -0.0561916  0.0926893  0.167077
0.298704  -0.117898  -0.0561916  -0.117898  0.285143  0.0926893  -0.0561916  0.0926893  0.167077
0.298702  -0.117893  -0.0561753  -0.117893  0.285133  0.0926764  -0.0561753  0.0926764  0.167071
0.298703  -0.11791  -0.0561707  -0.11791  0.285155  0.0926836  -0.0561707  0.0926836  0.16707
0.298703  -0.11791  -0.0561707  -0.11791  0.285155  0.0926836  -0.0561707  0.0926836  0.16707
0.298702  -0.117905  -0.0561545  -0.117905  0.285145  0.0926707  -0.0561545  0.0926707  0.167064
0.298702  -0.117905  -0.0561545  -0.117905  0.285145  0.0926707  -0.0561545  0.0926707  0.167064
0.2987  -0.1179  -0.0561382  -0.1179  0.285135  0.0926579  -0.0561382  0.0926579  0.167058
0.2987  -0.1179  -0.0561382  -0.1179  0.285135  0.0926579  -0.0561382  0.0926579  0.167058
0.2987  -0.1179  -0.0561382  -0.1179  0.285135  0.0926579  -0.0561382  0.0926579  0.167058
0.298698  -0.117895  -0.0561219  -0.117895  0.285125  0.092645  -0.0561219  0.092645  0.167052
0.298698  -0.117895  -0.0561219  -0.117895  0.285125  0.092645  -0.0561219  0.092645  0.167052
0.298696  -0.117889  -0.0561057  -0.117889  0.285115  0.0926321  -0.0561057  0.0926321  0.167047
0.298694  -0.117884  -0.0560894  -0.117884  0.285105  0.0926193  -0.0560894  0.0926193  0.167041
0.298694  -0.117884  -0.0560894  -0.117884  0.285105  0.0926193  -0.0560894  0.0926193  0.167041
0.298694  -0.117884  -0.0560894  -0.117884  0.285105  0.0926193  -0.0560894  0.0926193  0.167041
0.298694  -0.117884  -0.0560894  -0.117884  0.285105  0.0926193  -0.0560894  0.0926193  0.167041
0.298692  -0.117879  -0.0560732  -0.117879  0.285095  0.0926064  -0.0560732  0.0926064  0.167035
0.298692  -0.117879  -0.0560732  -0.117879  0.285095  0.0926064  -0.0560732  0.0926064  0.167035
0.298699  -0.117884  -0.0560755  -0.117884  0.285083  0.0925995  -0.0560755  0.0925995  0.167031
0.298699  -0.117884  -0.0560755  -0.117884  0.285083  0.0925995  -0.0560755  0.0925995  0.167031
0.298699  -0.117884  -0.0560755  -0.117884  0.285083  0.0925995  -0.0560755  0.0925995  0.167031
0.298699  -0.117884  -0.0560755  -0.117884  0.285083  0.0925995  -0.0560755  0.0925995  0.167031
0.298699  -0.117884  -0.0560755  -0.117884  0.285083  0.0925995  -0.0560755  0.0925995  0.167031
0.298699  -0.117884  -0.0560755  -0.117884  0.285083  0.0925995  -0.0560755  0.0925995  0.167031
0.298699  -0.117884  -0.0560755  -0.117884  0.285083  0.0925995  -0.0560755  0.0925995  0.167031
0.298699  -0.117884  -0.0560755  -0.117884  0.285083  0.0925995  -0.0560755  0.0925995  0.167031
0.298701  -0.117889  -0.0560917  -0.117889  0.285093  0.0926123  -0.0560917  0.0926123  0.167036
0.298701  -0.117889  -0.0560917  -0.117889  0.285093  0.0926123  -0.0560917  0.0926123  0.167036
0.298701  -0.117889  -0.0560917  -0.117889  0.285093  0.0926123  -0.0560917  0.0926123  0.167036
0.298701  -0.117889  -0.0560917  -0.117889  0.285093  0.0926123  -0.0560917  0.0926123  0.167036
0.298692  -0.117866  -0.056094  -0.117866  0.285082  0.0926121  -0.056094  0.0926121  0.167042
0.298692  -0.117866  -0.056094  -0.117866  0.285082  0.0926121  -0.056094  0.0926121  0.167042
0.298694  -0.117872  -0.0561103  -0.117872  0.285092  0.0926249  -0.0561103  0.0926249  0.167048
0.298694  -0.117872  -0.0561103  -0.117872  0.285092  0.0926249  -0.0561103  0.0926249  0.167048
0.298694  -0.117872  -0.0561103  -0.117872  0.285092  0.0926249  -0.0561103  0.0926249  0.167048
0.298696  -0.117877  -0.0561265  -0.117877  0.285102  0.0926378  -0.0561265  0.0926378  0.167054
0.298696  -0.117877  -0.0561265  -0.117877  0.285102  0.0926378  -0.0561265  0.0926378  0.167054
0.298696  -0.117877  -0.0561265  -0.117877  0.285102  0.0926378  -0.0561265  0.0926378  0.167054
0.298698  -0.117882  -0.0561428  -0.117882  0.285112  0.0926507  -0.0561428  0.0926507  0.167059
0.298698  -0.117882  -0.0561428  -0.117882  0.285112  0.0926507  -0.0561428  0.0926507  0.167059
0.298698  -0.117882  -0.0561428  -0.117882  0.285112  0.0926507  -0.0561428  0.0926507  0.167059
0.298698  -0.117882  -0.0561428  -0.117882  0.285112  0.0926507  -0.0561428  0.0926507  0.167059
0.298692  -0.117883  -0.0561567  -0.117883  0.285135  0.0926705  -0.0561567  0.0926705  0.16707
0.298692  -0.117883  -0.0561567  -0.117883  0.285135  0.0926705  -0.0561567  0.0926705  0.16707
0.298692  -0.117883  -0.0561567  -0.117883  0.285135  0.0926705  -0.0561567  0.0926705  0.16707
0.298684  -0.117878  -0.0561544  -0.117878  0.285147  0.0926775  -0.0561544  0.0926775  0.167074
0.298684  -0.117878  -0.0561544  -0.117878  0.285147  0.0926775  -0.0561544  0.0926775  0.167074
0.298684  -0.117878  -0.0561544  -0.117878  0.285147  0.0926775  -0.0561544  0.0926775  0.167074
0.298684  -0.117878  -0.0561544  -0.117878  0.285147  0.0926775  -0.0561544  0.0926775  0.167074
0.298684  -0.117878  -0.0561544  -0.117878  0.285147  0.0926775  -0.0561544  0.0926775  0.167074
0.298677  -0.117873  -0.0561521  -0.117873  0.285159  0.0926845  -0.0561521  0.0926845  0.167078
0.298677  -0.117873  -0.0561521  -0.117873  0.285159  0.0926845  -0.0561521  0.0926845  0.167078
0.298675  -0.117855  -0.0561567  -0.117855  0.285136  0.0926773  -0.0561567  0.0926773  0.16708
0.298673  -0.11785  -0.0561405  -0.11785  0.285126  0.0926644  -0.0561405  0.0926644  0.167074
0.298673  -0.11785  -0.0561405  -0.11785  0.285126  0.0926644  -0.0561405  0.0926644  0.167074
0.298665  -0.117845  -0.0561381  -0.117845  0.285138  0.0926714  -0.0561381  0.0926714  0.167078
0.298664  -0.117828  -0.0561427  -0.117828  0.285116  0.0926642  -0.0561427  0.0926642  0.167079
0.298664  -0.117828  -0.0561427  -0.117828  0.285116  0.0926642  -0.0561427  0.0926642  0.167079
0.298664  -0.117828  -0.0561427  -0.117828  0.285116  0.0926642  -0.0561427  0.0926642  0.167079
0.298664  -0.117828  -0.0561427  -0.117828  0.285116  0.0926642  -0.0561427  0.0926642  0.167079
0.298662  -0.11781  -0.0561473  -0.11781  0.285093  0.092657  -0.0561473  0.092657  0.167081
0.298662  -0.11781  -0.0561473  -0.11781  0.285093  0.092657  -0.0561473  0.092657  0.167081
0.298654  -0.117805  -0.056145  -0.117805  0.285105  0.092664  -0.056145  0.092664  0.167085
0.298652  -0.117788  -0.0561496  -0.117788  0.285083  0.0926568  -0.0561496  0.0926568  0.167086
0.298652  -0.117788  -0.0561496  -0.117788  0.285083  0.0926568  -0.0561496  0.0926568  0.167086
0.298645  -0.117783  -0.0561473  -0.117783  0.285095  0.0926638  -0.0561473  0.0926638  0.167091
0.298645  -0.117783  -0.0561473  -0.117783  0.285095  0.0926638  -0.0561473  0.0926638  0.167091
0.298643  -0.117765  -0.0561519  -0.117765  0.285072  0.0926565  -0.0561519  0.0926565  0.167092
0.298643  -0.117765  -0.0561519  -0.117765  0.285072  0.0926565  -0.0561519  0.0926565  0.167092
0.298635  -0.11776  -0.0561496  -0.11776  0.285084  0.0926635  -0.0561496  0.0926635  0.167096
0.298633  -0.117743  -0.0561541  -0.117743  0.285062  0.0926563  -0.0561541  0.0926563  0.167098
0.298626  -0.117738  -0.0561518  -0.117738  0.285074  0.0926633  -0.0561518  0.0926633  0.167102
0.298624  -0.11772  -0.0561564  -0.11772  0.285052  0.0926561  -0.0561564  0.0926561  0.167103
0.298624  -0.11772  -0.0561564  -0.11772  0.285052  0.0926561  -0.0561564  0.0926561  0.167103
0.298616  -0.117715  -0.0561541  -0.117715  0.285064  0.0926631  -0.0561541  0.0926631  0.167108
0.298616  -0.117715  -0.0561541  -0.117715  0.285064  0.0926631  -0.0561541  0.0926631  0.167108
0.298607  -0.117693  -0.0561564  -0.117693  0.285053  0.0926629  -0.0561564  0.0926629  0.167113
0.298599  -0.117688  -0.0561541  -0.117688  0.285065  0.0926698  -0.0561541  0.0926698  0.167118
0.298599  -0.117688  -0.0561541  -0.117688  0.285065  0.0926698  -0.0561541  0.0926698  0.167118
0.29859  -0.117666  -0.0561563  -0.117666  0.285055  0.0926696  -0.0561563  0.0926696  0.167123
0.29859  -0.117666  -0.0561563  -0.117666  0.285055  0.0926696  -0.0561563  0.0926696  0.167123
0.298581  -0.117643  -0.0561586  -0.117643  0.285044  0.0926694  -0.0561586  0.0926694  0.167129
0.298581  -0.117643  -0.0561586  -0.117643  0.285044  0.0926694  -0.0561586  0.0926694  0.167129
0.298573  -0.117639  -0.0561563  -0.117639  0.285057  0.0926764  -0.0561563  0.0926764  0.167133
0.298573  -0.117639  -0.0561563  -0.117639  0.285057  0.0926764  -0.0561563  0.0926764  0.167133
0.298564  -0.117616  -0.0561586  -0.117616  0.285046  0.0926761  -0.0561586  0.0926761  0.167139
0.298558  -0.117617  -0.0561725  -0.117617  0.285068  0.092696  -0.0561725  0.092696  0.167149
0.298558  -0.117617  -0.0561725  -0.117617  0.285068  0.092696  -0.0561725  0.092696  0.167149
0.298549  -0.117594  -0.0561748  -0.117594  0.285058  0.0926957  -0.0561748  0.0926957  0.167155
0.298549  -0.117594  -0.0561748  -0.117594  0.285058  0.0926957  -0.0561748  0.0926957  0.167155
0.298532  -0.117567  -0.0561747  -0.117567  0.28506  0.0927025  -0.0561747  0.0927025  0.167165
0.298532  -0.117567  -0.0561747  -0.117567  0.28506  0.0927025  -0.0561747  0.0927025  0.167165
0.298522  -0.117545  -0.056177  -0.117545  0.285049  0.0927022  -0.056177  0.0927022  0.16717
0.298515  -0.11754  -0.0561747  -0.11754  0.285061  0.0927092  -0.0561747  0.0927092  0.167175
0.298515  -0.11754  -0.0561747  -0.11754  0.285061  0.0927092  -0.0561747  0.0927092  0.167175
0.298505  -0.117518  -0.056177  -0.117518  0.285051  0.092709  -0.056177  0.092709  0.16718
0.298498  -0.117513  -0.0561746  -0.117513  0.285063  0.092716  -0.0561746  0.092716  0.167185
0.298489  -0.117491  -0.0561769  -0.117491  0.285053  0.0927157  -0.0561769  0.0927157  0.16719
0.298489  -0.117491  -0.0561769  -0.117491  0.285053  0.0927157  -0.0561769  0.0927157  0.16719
0.298474  -0.117481  -0.0561723  -0.117481  0.285077  0.0927297  -0.0561723  0.0927297  0.167199
0.298464  -0.117459  -0.0561746  -0.117459  0.285067  0.0927294  -0.0561746  0.0927294  0.167205
0.298464  -0.117459  -0.0561746  -0.117459  0.285067  0.0927294  -0.0561746  0.0927294  0.167205
0.298457  -0.117454  -0.0561722  -0.117454  0.285079  0.0927364  -0.0561722  0.0927364  0.167209
0.298455  -0.117437  -0.0561768  -0.117437  0.285056  0.0927292  -0.0561768  0.0927292  0.16721
0.29844  -0.117427  -0.0561722  -0.117427  0.28508  0.0927432  -0.0561722  0.0927432  0.167219
0.298432  -0.117422  -0.0561699  -0.117422  0.285092  0.0927501  -0.0561699  0.0927501  0.167223
0.298432  -0.117422  -0.0561699  -0.117422  0.285092  0.0927501  -0.0561699  0.0927501  0.167223
0.298423  -0.1174  -0.0561721  -0.1174  0.285082  0.0927499  -0.0561721  0.0927499  0.167229
0.298423  -0.1174  -0.0561721  -0.1174  0.285082  0.0927499  -0.0561721  0.0927499  0.167229
0.298408  -0.117391  -0.0561675  -0.117391  0.285106  0.0927638  -0.0561675  0.0927638  0.167238
0.298401  -0.117386  -0.0561652  -0.117386  0.285118  0.0927708  -0.0561652  0.0927708  0.167242
0.298401  -0.117386  -0.0561652  -0.117386  0.285118  0.0927708  -0.0561652  0.0927708  0.167242
0.298395  -0.117399  -0.0561583  -0.117399  0.285153  0.092785  -0.0561583  0.092785  0.167245
0.298395  -0.117399  -0.0561583  -0.117399  0.285153  0.092785  -0.0561583  0.092785  0.167245
0.29838  -0.117389  -0.0561536  -0.117389  0.285177  0.092799  -0.0561536  0.092799  0.167254
0.29838  -0.117389  -0.0561536  -0.117389  0.285177  0.092799  -0.0561536  0.092799  0.167254
0.298373  -0.117385  -0.0561513  -0.117385  0.285189  0.0928059  -0.0561513  0.0928059  0.167258
0.298363  -0.117375  -0.0561328  -0.117375  0.285191  0.0928001  -0.0561328  0.0928001  0.167257
0.298363  -0.117375  -0.0561328  -0.117375  0.285191  0.0928001  -0.0561328  0.0928001  0.167257
0.298356  -0.11737  -0.0561305  -0.11737  0.285203  0.0928071  -0.0561305  0.0928071  0.167261
0.29835  -0.117383  -0.0561236  -0.117383  0.285238  0.0928212  -0.0561236  0.0928212  0.167264
0.298343  -0.117378  -0.0561212  -0.117378  0.28525  0.0928282  -0.0561212  0.0928282  0.167268
0.298343  -0.117378  -0.0561212  -0.117378  0.28525  0.0928282  -0.0561212  0.0928282  0.167268
0.298335  -0.117373  -0.0561189  -0.117373  0.285262  0.0928352  -0.0561189  0.0928352  0.167273
0.298328  -0.117369  -0.0561166  -0.117369  0.285274  0.0928422  -0.0561166  0.0928422  0.167277
0.298328  -0.117369  -0.0561166  -0.117369  0.285274  0.0928422  -0.0561166  0.0928422  0.167277
0.298322  -0.117382  -0.0561097  -0.117382  0.285309  0.0928564  -0.0561097  0.0928564  0.16728
0.298322  -0.117382  -0.0561097  -0.117382  0.285309  0.0928564  -0.0561097  0.0928564  0.16728
0.298313  -0.117372  -0.0560912  -0.117372  0.285311  0.0928505  -0.0560912  0.0928505  0.167279
0.298313  -0.117372  -0.0560912  -0.117372  0.285311  0.0928505  -0.0560912  0.0928505  0.167279
0.298305  -0.117367  -0.0560888  -0.117367  0.285323  0.0928575  -0.0560888  0.0928575  0.167283
0.298298  -0.117362  -0.0560865  -0.117362  0.285335  0.0928645  -0.0560865  0.0928645  0.167288
0.298298  -0.117362  -0.0560865  -0.117362  0.285335  0.0928645  -0.0560865  0.0928645  0.167288
0.298289  -0.117352  -0.056068  -0.117352  0.285337  0.0928586  -0.056068  0.0928586  0.167286
0.298289  -0.117352  -0.056068  -0.117352  0.285337  0.0928586  -0.056068  0.0928586  0.167286
0.29829  -0.11737  -0.0560634  -0.11737  0.285359  0.0928658  -0.0560634  0.0928658  0.167285
0.298283  -0.117365  -0.0560611  -0.117365  0.285371  0.0928728  -0.0560611  0.0928728  0.167289
0.298281  -0.11736  -0.0560449  -0.11736  0.285361  0.09286  -0.0560449  0.09286  0.167283
0.298281  -0.11736  -0.0560449  -0.11736  0.285361  0.09286  -0.0560449  0.09286  0.167283
0.298281  -0.11736  -0.0560449  -0.11736  0.285361  0.09286  -0.0560449  0.09286  0.167283
0.298274  -0.117355  -0.0560426  -0.117355  0.285373  0.0928669  -0.0560426  0.0928669  0.167288
0.298274  -0.117355  -0.0560426  -0.117355  0.285373  0.0928669  -0.0560426  0.0928669  0.167288
0.298272  -0.11735  -0.0560264  -0.11735  0.285363  0.0928541  -0.0560264  0.0928541  0.167282
0.298274  -0.117368  -0.0560218  -0.117368  0.285386  0.0928613  -0.0560218  0.0928613  0.167281
0.298274  -0.117368  -0.0560218  -0.117368  0.285386  0.0928613  -0.0560218  0.0928613  0.167281
0.298274  -0.117368  -0.0560218  -0.117368  0.285386  0.0928613  -0.0560218  0.0928613  0.167281
0.298275  -0.117385  -0.0560172  -0.117385  0.285408  0.0928685  -0.0560172  0.0928685  0.167279
0.298277  -0.11739  -0.0560334  -0.11739  0.285418  0.0928814  -0.0560334  0.0928814  0.167285
0.298277  -0.11739  -0.0560334  -0.11739  0.285418  0.0928814  -0.0560334  0.0928814  0.167285
0.298277  -0.11739  -0.0560334  -0.11739  0.285418  0.0928814  -0.0560334  0.0928814  0.167285
0.298279  -0.117408  -0.0560288  -0.117408  0.285441  0.0928886  -0.0560288  0.0928886  0.167284
0.29828  -0.117426  -0.0560242  -0.117426  0.285463  0.0928958  -0.0560242  0.0928958  0.167283
0.29828  -0.117426  -0.0560242  -0.117426  0.285463  0.0928958  -0.0560242  0.0928958  0.167283
0.298273  -0.117421  -0.0560218  -0.117421  0.285475  0.0929028  -0.0560218  0.0929028  0.167287
0.298273  -0.117421  -0.0560218  -0.117421  0.285475  0.0929028  -0.0560218  0.0929028  0.167287
0.298267  -0.117434  -0.0560149  -0.117434  0.28551  0.092917  -0.0560149  0.092917  0.16729
0.298267  -0.117434  -0.0560149  -0.117434  0.28551  0.092917  -0.0560149  0.092917  0.16729
0.298267  -0.117434  -0.0560149  -0.117434  0.28551  0.092917  -0.0560149  0.092917  0.16729
0.298263  -0.117452  -0.0560242  -0.117452  0.285554  0.092944  -0.0560242  0.092944  0.167299
0.298263  -0.117452  -0.0560242  -0.117452  0.285554  0.092944  -0.0560242  0.092944  0.167299
0.298256  -0.117447  -0.0560219  -0.117447  0.285566  0.092951  -0.0560219  0.092951  0.167303
0.298249  -0.117442  -0.0560195  -0.117442  0.285579  0.092958  -0.0560195  0.092958  0.167308
0.298249  -0.117442  -0.0560195  -0.117442  0.285579  0.092958  -0.0560195  0.092958  0.167308
0.298241  -0.117438  -0.0560172  -0.117438  0.285591  0.0929649  -0.0560172  0.0929649  0.167312
0.298234  -0.117433  -0.0560149  -0.117433  0.285603  0.0929719  -0.0560149  0.0929719  0.167317
0.298226  -0.117428  -0.0560126  -0.117428  0.285615  0.0929789  -0.0560126  0.0929789  0.167321
0.298219  -0.117423  -0.0560102  -0.117423  0.285627  0.0929859  -0.0560102  0.0929859  0.167325
0.298219  -0.117423  -0.0560102  -0.117423  0.285627  0.0929859  -0.0560102  0.0929859  0.167325
0.298204  -0.117414  -0.0560056  -0.117414  0.285651  0.0929998  -0.0560056  0.0929998  0.167334
0.298204  -0.117414  -0.0560056  -0.117414  0.285651  0.0929998  -0.0560056  0.0929998  0.167334
0.298189  -0.117404  -0.0560009  -0.117404  0.285675  0.0930138  -0.0560009  0.0930138  0.167343
0.298184  -0.117405  -0.0560148  -0.117405  0.285697  0.0930336  -0.0560148  0.0930336  0.167353
0.298176  -0.1174  -0.0560124  -0.1174  0.285709  0.0930405  -0.0560124  0.0930405  0.167357
0.298167  -0.117378  -0.0560147  -0.117378  0.285699  0.0930403  -0.0560147  0.0930403  0.167363
0.298167  -0.117378  -0.0560147  -0.117378  0.285699  0.0930403  -0.0560147  0.0930403  0.167363
0.298152  -0.117368  -0.0560101  -0.117368  0.285723  0.0930542  -0.0560101  0.0930542  0.167372
0.298138  -0.117359  -0.0560054  -0.117359  0.285747  0.0930682  -0.0560054  0.0930682  0.16738
0.298138  -0.117359  -0.0560054  -0.117359  0.285747  0.0930682  -0.0560054  0.0930682  0.16738
0.298123  -0.117349  -0.0560007  -0.117349  0.285771  0.0930821  -0.0560007  0.0930821  0.167389
0.298123  -0.117349  -0.0560007  -0.117349  0.285771  0.0930821  -0.0560007  0.0930821  0.167389
0.298108  -0.11734  -0.0559961  -0.11734  0.285796  0.0930961  -0.0559961  0.0930961  0.167398
0.298093  -0.11733  -0.0559914  -0.11733  0.28582  0.09311  -0.0559914  0.09311  0.167407
0.298093  -0.11733  -0.0559914  -0.11733  0.28582  0.09311  -0.0559914  0.09311  0.167407
0.298079  -0.117321  -0.0559867  -0.117321  0.285844  0.0931239  -0.0559867  0.0931239  0.167415
0.298079  -0.117321  -0.0559867  -0.117321  0.285844  0.0931239  -0.0559867  0.0931239  0.167415
0.298057  -0.117307  -0.0559797  -0.117307  0.28588  0.0931449  -0.0559797  0.0931449  0.167428
0.298057  -0.117307  -0.0559797  -0.117307  0.28588  0.0931449  -0.0559797  0.0931449  0.167428
0.29804  -0.117292  -0.0559589  -0.117292  0.285894  0.0931459  -0.0559589  0.0931459  0.167431
0.298026  -0.117282  -0.0559542  -0.117282  0.285918  0.0931599  -0.0559542  0.0931599  0.16744
0.298026  -0.117282  -0.0559542  -0.117282  0.285918  0.0931599  -0.0559542  0.0931599  0.16744
0.298011  -0.117273  -0.0559496  -0.117273  0.285943  0.0931738  -0.0559496  0.0931738  0.167449
0.297996  -0.117263  -0.0559449  -0.117263  0.285967  0.0931878  -0.0559449  0.0931878  0.167458
0.297989  -0.117259  -0.0559425  -0.117259  0.285979  0.0931947  -0.0559425  0.0931947  0.167462
0.297974  -0.117249  -0.0559379  -0.117249  0.286003  0.0932087  -0.0559379  0.0932087  0.167471
0.297967  -0.117244  -0.0559355  -0.117244  0.286015  0.0932156  -0.0559355  0.0932156  0.167475
0.297952  -0.117235  -0.0559309  -0.117235  0.286039  0.0932296  -0.0559309  0.0932296  0.167484
0.297951  -0.11723  -0.0559147  -0.11723  0.286029  0.0932167  -0.0559147  0.0932167  0.167478
0.29793  -0.117233  -0.0559031  -0.117233  0.286088  0.0932449  -0.0559031  0.0932449  0.16749
0.297916  -0.117224  -0.0558984  -0.117224  0.286112  0.0932588  -0.0558984  0.0932588  0.167499
0.297916  -0.117224  -0.0558984  -0.117224  0.286112  0.0932588  -0.0558984  0.0932588  0.167499
0.297901  -0.117214  -0.0558937  -0.117214  0.286136  0.0932727  -0.0558937  0.0932727  0.167507
0.297894  -0.117209  -0.0558914  -0.117209  0.286148  0.0932797  -0.0558914  0.0932797  0.167512
0.297878  -0.117182  -0.0558913  -0.117182  0.28615  0.0932864  -0.0558913  0.0932864  0.167522
0.297863  -0.117173  -0.0558866  -0.117173  0.286174  0.0933003  -0.0558866  0.0933003  0.16753
0.297863  -0.117173  -0.0558866  -0.117173  0.286174  0.0933003  -0.0558866  0.0933003  0.16753
0.297849  -0.117163  -0.0558819  -0.117163  0.286198  0.0933142  -0.0558819  0.0933142  0.167539
0.297849  -0.117163  -0.0558819  -0.117163  0.286198  0.0933142  -0.0558819  0.0933142  0.167539
0.297834  -0.117154  -0.0558773  -0.117154  0.286222  0.0933282  -0.0558773  0.0933282  0.167548
0.29782  -0.117144  -0.0558726  -0.117144  0.286246  0.0933421  -0.0558726  0.0933421  0.167557
0.29782  -0.117144  -0.0558726  -0.117144  0.286246  0.0933421  -0.0558726  0.0933421  0.167557
0.297805  -0.117135  -0.0558679  -0.117135  0.286271  0.093356  -0.0558679  0.093356  0.167565
0.297805  -0.117135  -0.0558679  -0.117135  0.286271  0.093356  -0.0558679  0.093356  0.167565
0.297798  -0.11713  -0.0558655  -0.11713  0.286283  0.093363  -0.0558655  0.093363  0.16757
0.297784  -0.11712  -0.0558609  -0.11712  0.286307  0.0933769  -0.0558609  0.0933769  0.167578
0.297784  -0.11712  -0.0558609  -0.11712  0.286307  0.0933769  -0.0558609  0.0933769  0.167578
0.297777  -0.117116  -0.0558585  -0.117116  0.286319  0.0933839  -0.0558585  0.0933839  0.167583
0.297769  -0.117111  -0.0558562  -0.117111  0.286331  0.0933908  -0.0558562  0.0933908  0.167587
0.297762  -0.117106  -0.0558538  -0.117106  0.286343  0.0933978  -0.0558538  0.0933978  0.167592
0.297762  -0.117106  -0.0558538  -0.117106  0.286343  0.0933978  -0.0558538  0.0933978  0.167592
0.297748  -0.117097  -0.0558491  -0.117097  0.286367  0.0934117  -0.0558491  0.0934117  0.1676
0.297733  -0.117087  -0.0558444  -0.117087  0.286391  0.0934257  -0.0558444  0.0934257  0.167609
0.297733  -0.117087  -0.0558444  -0.117087  0.286391  0.0934257  -0.0558444  0.0934257  0.167609
0.297722  -0.1171  -0.0558512  -0.1171  0.286448  0.0934597  -0.0558512  0.0934597  0.167622
0.297715  -0.117095  -0.0558489  -0.117095  0.28646  0.0934666  -0.0558489  0.0934666  0.167627
0.297715  -0.117095  -0.0558489  -0.117095  0.28646  0.0934666  -0.0558489  0.0934666  0.167627
0.297693  -0.117081  -0.0558418  -0.117081  0.286496  0.0934875  -0.0558418  0.0934875  0.16764
0.297693  -0.117081  -0.0558418  -0.117081  0.286496  0.0934875  -0.0558418  0.0934875  0.16764
0.297672  -0.117067  -0.0558348  -0.117067  0.286532  0.0935084  -0.0558348  0.0935084  0.167653
0.297658  -0.117057  -0.0558301  -0.117057  0.286557  0.0935223  -0.0558301  0.0935223  0.167662
0.297658  -0.117057  -0.0558301  -0.117057  0.286557  0.0935223  -0.0558301  0.0935223  0.167662
0.297636  -0.117055  -0.0558023  -0.117055  0.286605  0.0935376  -0.0558023  0.0935376  0.167668
0.297636  -0.117055  -0.0558023  -0.117055  0.286605  0.0935376  -0.0558023  0.0935376  0.167668
0.297615  -0.117041  -0.0557952  -0.117041  0.286641  0.0935585  -0.0557952  0.0935585  0.167681
0.297593  -0.117027  -0.0557882  -0.117027  0.286678  0.0935793  -0.0557882  0.0935793  0.167694
0.297593  -0.117027  -0.0557882  -0.117027  0.286678  0.0935793  -0.0557882  0.0935793  0.167694
0.29757  -0.116995  -0.0557857  -0.116995  0.286691  0.093593  -0.0557857  0.093593  0.167708
0.297563  -0.11699  -0.0557834  -0.11699  0.286703  0.0935999  -0.0557834  0.0935999  0.167713
0.297535  -0.116971  -0.0557739  -0.116971  0.286752  0.0936278  -0.0557739  0.0936278  0.16773
0.297519  -0.116957  -0.0557532  -0.116957  0.286766  0.0936288  -0.0557532  0.0936288  0.167733
0.297519  -0.116957  -0.0557532  -0.116957  0.286766  0.0936288  -0.0557532  0.0936288  0.167733
0.297491  -0.116937  -0.0557437  -0.116937  0.286814  0.0936567  -0.0557437  0.0936567  0.167751
0.297483  -0.116933  -0.0557414  -0.116933  0.286826  0.0936636  -0.0557414  0.0936636  0.167755
0.297455  -0.116914  -0.0557319  -0.116914  0.286874  0.0936914  -0.0557319  0.0936914  0.167773
0.297455  -0.116914  -0.0557319  -0.116914  0.286874  0.0936914  -0.0557319  0.0936914  0.167773
0.297427  -0.116895  -0.0557225  -0.116895  0.286922  0.0937192  -0.0557225  0.0937192  0.16779
0.29742  -0.11689  -0.0557201  -0.11689  0.286934  0.0937262  -0.0557201  0.0937262  0.167794
0.29739  -0.116853  -0.0557153  -0.116853  0.28696  0.0937467  -0.0557153  0.0937467  0.167813
0.297376  -0.116844  -0.0557106  -0.116844  0.286984  0.0937607  -0.0557106  0.0937607  0.167822
0.297376  -0.116844  -0.0557106  -0.116844  0.286984  0.0937607  -0.0557106  0.0937607  0.167822
0.297348  -0.116825  -0.0557012  -0.116825  0.287033  0.0937885  -0.0557012  0.0937885  0.16784
0.297348  -0.116825  -0.0557012  -0.116825  0.287033  0.0937885  -0.0557012  0.0937885  0.16784
0.297327  -0.116823  -0.0556734  -0.116823  0.287081  0.0938037  -0.0556734  0.0938037  0.167846
0.297306  -0.116808  -0.0556663  -0.116808  0.287117  0.0938246  -0.0556663  0.0938246  0.167859
0.297306  -0.116808  -0.0556663  -0.116808  0.287117  0.0938246  -0.0556663  0.0938246  0.167859
0.297292  -0.116799  -0.0556615  -0.116799  0.287141  0.0938385  -0.0556615  0.0938385  0.167868
0.297271  -0.116784  -0.0556545  -0.116784  0.287178  0.0938593  -0.0556545  0.0938593  0.167881
0.29725  -0.11677  -0.0556474  -0.11677  0.287214  0.0938802  -0.0556474  0.0938802  0.167894
0.29725  -0.11677  -0.0556474  -0.11677  0.287214  0.0938802  -0.0556474  0.0938802  0.167894
0.297231  -0.116773  -0.0556356  -0.116773  0.287272  0.0939083  -0.0556356  0.0939083  0.167906
0.297208  -0.116754  -0.0556125  -0.116754  0.287299  0.0939163  -0.0556125  0.0939163  0.167913
0.297208  -0.116754  -0.0556125  -0.116754  0.287299  0.0939163  -0.0556125  0.0939163  0.167913
0.297187  -0.116739  -0.0556054  -0.116739  0.287335  0.0939372  -0.0556054  0.0939372  0.167926
0.297187  -0.116739  -0.0556054  -0.116739  0.287335  0.0939372  -0.0556054  0.0939372  0.167926
0.29716  -0.116733  -0.0555752  -0.116733  0.287395  0.0939594  -0.0555752  0.0939594  0.167937
