0.308113  -0.135389  -0.0655753  -0.135389  0.298506  0.101124  -0.0655753  0.101124  0.168094
0.308118  -0.135396  -0.0655942  -0.135396  0.298518  0.101139  -0.0655942  0.101139  0.168102
0.308118  -0.135396  -0.0655942  -0.135396  0.298518  0.101139  -0.0655942  0.101139  0.168102
0.308118  -0.135396  -0.0655942  -0.135396  0.298518  0.101139  -0.0655942  0.101139  0.168102
0.308131  -0.135389  -0.0656205  -0.135389  0.29849  0.101139  -0.0656205  0.101139  0.168108
0.308131  -0.135389  -0.0656205  -0.135389  0.29849  0.101139  -0.0656205  0.101139  0.168108
0.308131  -0.135389  -0.0656205  -0.135389  0.29849  0.101139  -0.0656205  0.101139  0.168108
0.308131  -0.135375  -0.0656437  -0.135375  0.298475  0.101147  -0.0656437  0.101147  0.168118
0.308144  -0.135381  -0.0656467  -0.135381  0.298463  0.101139  -0.0656467  0.101139  0.168113
0.308148  -0.135389  -0.0656656  -0.135389  0.298475  0.101155  -0.0656656  0.101155  0.168122
0.308161  -0.135381  -0.0656918  -0.135381  0.298447  0.101155  -0.0656918  0.101155  0.168128
0.308161  -0.135381  -0.0656918  -0.135381  0.298447  0.101155  -0.0656918  0.101155  0.168128
0.308161  -0.135367  -0.065715  -0.135367  0.298432  0.101162  -0.065715  0.101162  0.168137
0.308161  -0.135367  -0.065715  -0.135367  0.298432  0.101162  -0.065715  0.101162  0.168137
0.308174  -0.135374  -0.0657181  -0.135374  0.29842  0.101155  -0.0657181  0.101155  0.168133
0.308174  -0.135374  -0.0657181  -0.135374  0.29842  0.101155  -0.0657181  0.101155  0.168133
0.308191  -0.135387  -0.06574  -0.135387  0.29842  0.101163  -0.06574  0.101163  0.168138
0.308191  -0.135374  -0.0657632  -0.135374  0.298404  0.101171  -0.0657632  0.101171  0.168148
0.308191  -0.135374  -0.0657632  -0.135374  0.298404  0.101171  -0.0657632  0.101171  0.168148
0.308204  -0.13538  -0.0657663  -0.13538  0.298392  0.101164  -0.0657663  0.101164  0.168143
0.308204  -0.13538  -0.0657663  -0.13538  0.298392  0.101164  -0.0657663  0.101164  0.168143
0.308216  -0.135372  -0.0657925  -0.135372  0.298365  0.101164  -0.0657925  0.101164  0.168149
0.308216  -0.135372  -0.0657925  -0.135372  0.298365  0.101164  -0.0657925  0.101164  0.168149
0.308229  -0.135379  -0.0657956  -0.135379  0.298353  0.101156  -0.0657956  0.101156  0.168145
0.308229  -0.135379  -0.0657956  -0.135379  0.298353  0.101156  -0.0657956  0.101156  0.168145
0.308241  -0.135371  -0.0658218  -0.135371  0.298325  0.101157  -0.0658218  0.101157  0.168151
0.308241  -0.135371  -0.0658218  -0.135371  0.298325  0.101157  -0.0658218  0.101157  0.168151
0.308249  -0.135356  -0.0658292  -0.135356  0.298285  0.101141  -0.0658292  0.101141  0.168148
0.308249  -0.135356  -0.0658292  -0.135356  0.298285  0.101141  -0.0658292  0.101141  0.168148
0.308254  -0.135364  -0.0658481  -0.135364  0.298297  0.101157  -0.0658481  0.101157  0.168157
0.308254  -0.135364  -0.0658481  -0.135364  0.298297  0.101157  -0.0658481  0.101157  0.168157
0.30825  -0.135343  -0.0658524  -0.135343  0.29827  0.101149  -0.0658524  0.101149  0.168158
0.30825  -0.135343  -0.0658524  -0.135343  0.29827  0.101149  -0.0658524  0.101149  0.168158
0.30825  -0.135343  -0.0658524  -0.135343  0.29827  0.101149  -0.0658524  0.101149  0.168158
0.30825  -0.135343  -0.0658524  -0.135343  0.29827  0.101149  -0.0658524  0.101149  0.168158
0.308233  -0.135315  -0.0658537  -0.135315  0.298254  0.101148  -0.0658537  0.101148  0.168163
0.308233  -0.135315  -0.0658537  -0.135315  0.298254  0.101148  -0.0658537  0.101148  0.168163
0.308233  -0.135315  -0.0658537  -0.135315  0.298254  0.101148  -0.0658537  0.101148  0.168163
0.308233  -0.135315  -0.0658537  -0.135315  0.298254  0.101148  -0.0658537  0.101148  0.168163
0.308233  -0.135315  -0.0658537  -0.135315  0.298254  0.101148  -0.0658537  0.101148  0.168163
0.308233  -0.135315  -0.0658537  -0.135315  0.298254  0.101148  -0.0658537  0.101148  0.168163
0.308228  -0.135294  -0.065858  -0.135294  0.298227  0.10114  -0.065858  0.10114  0.168165
0.308228  -0.135294  -0.065858  -0.135294  0.298227  0.10114  -0.065858  0.10114  0.168165
0.308228  -0.135294  -0.065858  -0.135294  0.298227  0.10114  -0.065858  0.10114  0.168165
0.308228  -0.135294  -0.065858  -0.135294  0.298227  0.10114  -0.065858  0.10114  0.168165
0.308228  -0.135294  -0.065858  -0.135294  0.298227  0.10114  -0.065858  0.10114  0.168165
0.308228  -0.135294  -0.065858  -0.135294  0.298227  0.10114  -0.065858  0.10114  0.168165
0.308233  -0.135301  -0.0658769  -0.135301  0.298239  0.101155  -0.0658769  0.101155  0.168173
0.308233  -0.135301  -0.0658769  -0.135301  0.298239  0.101155  -0.0658769  0.101155  0.168173
0.308238  -0.135323  -0.0658726  -0.135323  0.298267  0.101163  -0.0658726  0.101163  0.168172
0.308238  -0.135323  -0.0658726  -0.135323  0.298267  0.101163  -0.0658726  0.101163  0.168172
0.308238  -0.135323  -0.0658726  -0.135323  0.298267  0.101163  -0.0658726  0.101163  0.168172
0.308238  -0.135323  -0.0658726  -0.135323  0.298267  0.101163  -0.0658726  0.101163  0.168172
0.308238  -0.135323  -0.0658726  -0.135323  0.298267  0.101163  -0.0658726  0.101163  0.168172
0.308238  -0.135323  -0.0658726  -0.135323  0.298267  0.101163  -0.0658726  0.101163  0.168172
0.308238  -0.135323  -0.0658726  -0.135323  0.298267  0.101163  -0.0658726  0.101163  0.168172
0.308238  -0.135323  -0.0658726  -0.135323  0.298267  0.101163  -0.0658726  0.101163  0.168172
0.308233  -0.135301  -0.0658769  -0.135301  0.298239  0.101155  -0.0658769  0.101155  0.168173
0.308233  -0.135301  -0.0658769  -0.135301  0.298239  0.101155  -0.0658769  0.101155  0.168173
0.308233  -0.135301  -0.0658769  -0.135301  0.298239  0.101155  -0.0658769  0.101155  0.168173
0.308233  -0.135301  -0.0658769  -0.135301  0.298239  0.101155  -0.0658769  0.101155  0.168173
0.308221  -0.135295  -0.0658739  -0.135295  0.298251  0.101162  -0.0658739  0.101162  0.168177
0.308221  -0.135295  -0.0658739  -0.135295  0.298251  0.101162  -0.0658739  0.101162  0.168177
0.308221  -0.135295  -0.0658739  -0.135295  0.298251  0.101162  -0.0658739  0.101162  0.168177
0.308221  -0.135295  -0.0658739  -0.135295  0.298251  0.101162  -0.0658739  0.101162  0.168177
0.308221  -0.135295  -0.0658739  -0.135295  0.298251  0.101162  -0.0658739  0.101162  0.168177
0.308221  -0.135295  -0.0658739  -0.135295  0.298251  0.101162  -0.0658739  0.101162  0.168177
0.308225  -0.135316  -0.0658695  -0.135316  0.298279  0.101171  -0.0658695  0.101171  0.168176
0.308225  -0.135316  -0.0658695  -0.135316  0.298279  0.101171  -0.0658695  0.101171  0.168176
0.308213  -0.13531  -0.0658665  -0.13531  0.298291  0.101178  -0.0658665  0.101178  0.16818
0.308213  -0.13531  -0.0658665  -0.13531  0.298291  0.101178  -0.0658665  0.101178  0.16818
0.308213  -0.13531  -0.0658665  -0.13531  0.298291  0.101178  -0.0658665  0.101178  0.16818
0.308213  -0.13531  -0.0658665  -0.13531  0.298291  0.101178  -0.0658665  0.101178  0.16818
0.308213  -0.13531  -0.0658665  -0.13531  0.298291  0.101178  -0.0658665  0.101178  0.16818
0.308213  -0.13531  -0.0658665  -0.13531  0.298291  0.101178  -0.0658665  0.101178  0.16818
0.308218  -0.135317  -0.0658854  -0.135317  0.298303  0.101193  -0.0658854  0.101193  0.168189
0.308218  -0.135317  -0.0658854  -0.135317  0.298303  0.101193  -0.0658854  0.101193  0.168189
0.308213  -0.13531  -0.0658665  -0.13531  0.298291  0.101178  -0.0658665  0.101178  0.16818
0.308213  -0.13531  -0.0658665  -0.13531  0.298291  0.101178  -0.0658665  0.101178  0.16818
0.308205  -0.135311  -0.0658824  -0.135311  0.298315  0.101201  -0.0658824  0.101201  0.168193
0.308205  -0.135311  -0.0658824  -0.135311  0.298315  0.101201  -0.0658824  0.101201  0.168193
0.3082  -0.135304  -0.0658635  -0.135304  0.298303  0.101185  -0.0658635  0.101185  0.168184
0.3082  -0.135304  -0.0658635  -0.135304  0.298303  0.101185  -0.0658635  0.101185  0.168184
0.3082  -0.135304  -0.0658635  -0.135304  0.298303  0.101185  -0.0658635  0.101185  0.168184
0.3082  -0.135304  -0.0658635  -0.135304  0.298303  0.101185  -0.0658635  0.101185  0.168184
0.308205  -0.135311  -0.0658824  -0.135311  0.298315  0.101201  -0.0658824  0.101201  0.168193
0.308205  -0.135311  -0.0658824  -0.135311  0.298315  0.101201  -0.0658824  0.101201  0.168193
0.308205  -0.135311  -0.0658824  -0.135311  0.298315  0.101201  -0.0658824  0.101201  0.168193
0.308205  -0.135311  -0.0658824  -0.135311  0.298315  0.101201  -0.0658824  0.101201  0.168193
0.308205  -0.135311  -0.0658824  -0.135311  0.298315  0.101201  -0.0658824  0.101201  0.168193
0.308205  -0.135311  -0.0658824  -0.135311  0.298315  0.101201  -0.0658824  0.101201  0.168193
0.308205  -0.135311  -0.0658824  -0.135311  0.298315  0.101201  -0.0658824  0.101201  0.168193
0.308205  -0.135311  -0.0658824  -0.135311  0.298315  0.101201  -0.0658824  0.101201  0.168193
0.308205  -0.135311  -0.0658824  -0.135311  0.298315  0.101201  -0.0658824  0.101201  0.168193
0.3082  -0.135304  -0.0658635  -0.135304  0.298303  0.101185  -0.0658635  0.101185  0.168184
0.3082  -0.135304  -0.0658635  -0.135304  0.298303  0.101185  -0.0658635  0.101185  0.168184
0.3082  -0.135304  -0.0658635  -0.135304  0.298303  0.101185  -0.0658635  0.101185  0.168184
0.3082  -0.135304  -0.0658635  -0.135304  0.298303  0.101185  -0.0658635  0.101185  0.168184
0.3082  -0.135304  -0.0658635  -0.135304  0.298303  0.101185  -0.0658635  0.101185  0.168184
0.3082  -0.135304  -0.0658635  -0.135304  0.298303  0.101185  -0.0658635  0.101185  0.168184
0.3082  -0.135304  -0.0658635  -0.135304  0.298303  0.101185  -0.0658635  0.101185  0.168184
0.3082  -0.135304  -0.0658635  -0.135304  0.298303  0.101185  -0.0658635  0.101185  0.168184
0.3082  -0.135304  -0.0658635  -0.135304  0.298303  0.101185  -0.0658635  0.101185  0.168184
0.3082  -0.135304  -0.0658635  -0.135304  0.298303  0.101185  -0.0658635  0.101185  0.168184
0.3082  -0.135304  -0.0658635  -0.135304  0.298303  0.101185  -0.0658635  0.101185  0.168184
0.3082  -0.135304  -0.0658635  -0.135304  0.298303  0.101185  -0.0658635  0.101185  0.168184
0.3082  -0.135304  -0.0658635  -0.135304  0.298303  0.101185  -0.0658635  0.101185  0.168184
0.3082  -0.135304  -0.0658635  -0.135304  0.298303  0.101185  -0.0658635  0.101185  0.168184
0.3082  -0.135304  -0.0658635  -0.135304  0.298303  0.101185  -0.0658635  0.101185  0.168184
0.3082  -0.135304  -0.0658635  -0.135304  0.298303  0.101185  -0.0658635  0.101185  0.168184
0.3082  -0.135304  -0.0658635  -0.135304  0.298303  0.101185  -0.0658635  0.101185  0.168184
0.3082  -0.135304  -0.0658635  -0.135304  0.298303  0.101185  -0.0658635  0.101185  0.168184
0.3082  -0.135304  -0.0658635  -0.135304  0.298303  0.101185  -0.0658635  0.101185  0.168184
0.3082  -0.135304  -0.0658635  -0.135304  0.298303  0.101185  -0.0658635  0.101185  0.168184
0.308213  -0.13531  -0.0658665  -0.13531  0.298291  0.101178  -0.0658665  0.101178  0.16818
0.308213  -0.13531  -0.0658665  -0.13531  0.298291  0.101178  -0.0658665  0.101178  0.16818
0.308208  -0.135303  -0.0658476  -0.135303  0.298279  0.101162  -0.0658476  0.101162  0.168172
0.308208  -0.135303  -0.0658476  -0.135303  0.298279  0.101162  -0.0658476  0.101162  0.168172
0.308208  -0.135303  -0.0658476  -0.135303  0.298279  0.101162  -0.0658476  0.101162  0.168172
0.308208  -0.135303  -0.0658476  -0.135303  0.298279  0.101162  -0.0658476  0.101162  0.168172
0.308208  -0.135303  -0.0658476  -0.135303  0.298279  0.101162  -0.0658476  0.101162  0.168172
0.308208  -0.135303  -0.0658476  -0.135303  0.298279  0.101162  -0.0658476  0.101162  0.168172
0.308208  -0.135303  -0.0658476  -0.135303  0.298279  0.101162  -0.0658476  0.101162  0.168172
0.308208  -0.135303  -0.0658476  -0.135303  0.298279  0.101162  -0.0658476  0.101162  0.168172
0.308208  -0.135303  -0.0658476  -0.135303  0.298279  0.101162  -0.0658476  0.101162  0.168172
0.30822  -0.135309  -0.0658506  -0.135309  0.298267  0.101155  -0.0658506  0.101155  0.168168
0.30822  -0.135309  -0.0658506  -0.135309  0.298267  0.101155  -0.0658506  0.101155  0.168168
0.30822  -0.135309  -0.0658506  -0.135309  0.298267  0.101155  -0.0658506  0.101155  0.168168
0.308225  -0.135316  -0.0658695  -0.135316  0.298279  0.101171  -0.0658695  0.101171  0.168176
0.308225  -0.135316  -0.0658695  -0.135316  0.298279  0.101171  -0.0658695  0.101171  0.168176
0.308225  -0.135316  -0.0658695  -0.135316  0.298279  0.101171  -0.0658695  0.101171  0.168176
0.308225  -0.135316  -0.0658695  -0.135316  0.298279  0.101171  -0.0658695  0.101171  0.168176
0.308225  -0.135316  -0.0658695  -0.135316  0.298279  0.101171  -0.0658695  0.101171  0.168176
0.308225  -0.135316  -0.0658695  -0.135316  0.298279  0.101171  -0.0658695  0.101171  0.168176
0.308225  -0.135316  -0.0658695  -0.135316  0.298279  0.101171  -0.0658695  0.101171  0.168176
0.308225  -0.135316  -0.0658695  -0.135316  0.298279  0.101171  -0.0658695  0.101171  0.168176
0.308225  -0.135316  -0.0658695  -0.135316  0.298279  0.101171  -0.0658695  0.101171  0.168176
0.308213  -0.13531  -0.0658665  -0.13531  0.298291  0.101178  -0.0658665  0.101178  0.16818
0.308213  -0.13531  -0.0658665  -0.13531  0.298291  0.101178  -0.0658665  0.101178  0.16818
0.308213  -0.13531  -0.0658665  -0.13531  0.298291  0.101178  -0.0658665  0.101178  0.16818
0.308213  -0.13531  -0.0658665  -0.13531  0.298291  0.101178  -0.0658665  0.101178  0.16818
0.308208  -0.135289  -0.0658708  -0.135289  0.298263  0.10117  -0.0658708  0.10117  0.168181
0.308208  -0.135289  -0.0658708  -0.135289  0.298263  0.10117  -0.0658708  0.10117  0.168181
0.308208  -0.135289  -0.0658708  -0.135289  0.298263  0.10117  -0.0658708  0.10117  0.168181
0.308208  -0.135289  -0.0658708  -0.135289  0.298263  0.10117  -0.0658708  0.10117  0.168181
0.308213  -0.13531  -0.0658665  -0.13531  0.298291  0.101178  -0.0658665  0.101178  0.16818
0.308208  -0.135289  -0.0658708  -0.135289  0.298263  0.10117  -0.0658708  0.10117  0.168181
0.308208  -0.135289  -0.0658708  -0.135289  0.298263  0.10117  -0.0658708  0.10117  0.168181
0.308208  -0.135289  -0.0658708  -0.135289  0.298263  0.10117  -0.0658708  0.10117  0.168181
0.308213  -0.13531  -0.0658665  -0.13531  0.298291  0.101178  -0.0658665  0.101178  0.16818
0.308196  -0.135283  -0.0658678  -0.135283  0.298276  0.101177  -0.0658678  0.101177  0.168186
0.308196  -0.135283  -0.0658678  -0.135283  0.298276  0.101177  -0.0658678  0.101177  0.168186
0.3082  -0.135304  -0.0658635  -0.135304  0.298303  0.101185  -0.0658635  0.101185  0.168184
0.3082  -0.135304  -0.0658635  -0.135304  0.298303  0.101185  -0.0658635  0.101185  0.168184
0.3082  -0.135304  -0.0658635  -0.135304  0.298303  0.101185  -0.0658635  0.101185  0.168184
0.308205  -0.135311  -0.0658824  -0.135311  0.298315  0.101201  -0.0658824  0.101201  0.168193
0.308205  -0.135311  -0.0658824  -0.135311  0.298315  0.101201  -0.0658824  0.101201  0.168193
0.308218  -0.135317  -0.0658854  -0.135317  0.298303  0.101193  -0.0658854  0.101193  0.168189
0.308218  -0.135317  -0.0658854  -0.135317  0.298303  0.101193  -0.0658854  0.101193  0.168189
0.308218  -0.135317  -0.0658854  -0.135317  0.298303  0.101193  -0.0658854  0.101193  0.168189
0.308218  -0.135317  -0.0658854  -0.135317  0.298303  0.101193  -0.0658854  0.101193  0.168189
0.308218  -0.135317  -0.0658854  -0.135317  0.298303  0.101193  -0.0658854  0.101193  0.168189
0.308218  -0.135317  -0.0658854  -0.135317  0.298303  0.101193  -0.0658854  0.101193  0.168189
0.308205  -0.135311  -0.0658824  -0.135311  0.298315  0.101201  -0.0658824  0.101201  0.168193
0.30821  -0.135318  -0.0659013  -0.135318  0.298328  0.101216  -0.0659013  0.101216  0.168201
0.30821  -0.135318  -0.0659013  -0.135318  0.298328  0.101216  -0.0659013  0.101216  0.168201
0.30821  -0.135318  -0.0659013  -0.135318  0.298328  0.101216  -0.0659013  0.101216  0.168201
0.30821  -0.135318  -0.0659013  -0.135318  0.298328  0.101216  -0.0659013  0.101216  0.168201
0.30821  -0.135318  -0.0659013  -0.135318  0.298328  0.101216  -0.0659013  0.101216  0.168201
0.30821  -0.135318  -0.0659013  -0.135318  0.298328  0.101216  -0.0659013  0.101216  0.168201
0.30821  -0.135318  -0.0659013  -0.135318  0.298328  0.101216  -0.0659013  0.101216  0.168201
0.30821  -0.135318  -0.0659013  -0.135318  0.298328  0.101216  -0.0659013  0.101216  0.168201
0.308215  -0.135326  -0.0659202  -0.135326  0.29834  0.101232  -0.0659202  0.101232  0.16821
0.308215  -0.135326  -0.0659202  -0.135326  0.29834  0.101232  -0.0659202  0.101232  0.16821
0.308215  -0.135326  -0.0659202  -0.135326  0.29834  0.101232  -0.0659202  0.101232  0.16821
0.308215  -0.135326  -0.0659202  -0.135326  0.29834  0.101232  -0.0659202  0.101232  0.16821
0.308215  -0.135326  -0.0659202  -0.135326  0.29834  0.101232  -0.0659202  0.101232  0.16821
0.308215  -0.135326  -0.0659202  -0.135326  0.29834  0.101232  -0.0659202  0.101232  0.16821
0.30822  -0.135333  -0.0659391  -0.135333  0.298352  0.101247  -0.0659391  0.101247  0.168218
0.308207  -0.135327  -0.0659361  -0.135327  0.298364  0.101254  -0.0659361  0.101254  0.168222
0.308207  -0.135327  -0.0659361  -0.135327  0.298364  0.101254  -0.0659361  0.101254  0.168222
0.308207  -0.135327  -0.0659361  -0.135327  0.298364  0.101254  -0.0659361  0.101254  0.168222
0.308203  -0.135306  -0.0659404  -0.135306  0.298337  0.101246  -0.0659404  0.101246  0.168224
0.308203  -0.135306  -0.0659404  -0.135306  0.298337  0.101246  -0.0659404  0.101246  0.168224
0.308203  -0.135306  -0.0659404  -0.135306  0.298337  0.101246  -0.0659404  0.101246  0.168224
0.308203  -0.135306  -0.0659404  -0.135306  0.298337  0.101246  -0.0659404  0.101246  0.168224
0.308203  -0.135306  -0.0659404  -0.135306  0.298337  0.101246  -0.0659404  0.101246  0.168224
0.308203  -0.135306  -0.0659404  -0.135306  0.298337  0.101246  -0.0659404  0.101246  0.168224
0.308203  -0.135306  -0.0659404  -0.135306  0.298337  0.101246  -0.0659404  0.101246  0.168224
0.308198  -0.135285  -0.0659447  -0.135285  0.298309  0.101238  -0.0659447  0.101238  0.168225
0.308198  -0.135285  -0.0659447  -0.135285  0.298309  0.101238  -0.0659447  0.101238  0.168225
0.308198  -0.135285  -0.0659447  -0.135285  0.298309  0.101238  -0.0659447  0.101238  0.168225
0.308198  -0.135285  -0.0659447  -0.135285  0.298309  0.101238  -0.0659447  0.101238  0.168225
0.308203  -0.135292  -0.0659636  -0.135292  0.298321  0.101254  -0.0659636  0.101254  0.168234
0.308203  -0.135292  -0.0659636  -0.135292  0.298321  0.101254  -0.0659636  0.101254  0.168234
0.308203  -0.135292  -0.0659636  -0.135292  0.298321  0.101254  -0.0659636  0.101254  0.168234
0.308208  -0.135299  -0.0659825  -0.135299  0.298334  0.101269  -0.0659825  0.101269  0.168242
0.308208  -0.135299  -0.0659825  -0.135299  0.298334  0.101269  -0.0659825  0.101269  0.168242
0.308208  -0.135299  -0.0659825  -0.135299  0.298334  0.101269  -0.0659825  0.101269  0.168242
0.308208  -0.135299  -0.0659825  -0.135299  0.298334  0.101269  -0.0659825  0.101269  0.168242
0.308225  -0.135313  -0.0660045  -0.135313  0.298334  0.101277  -0.0660045  0.101277  0.168246
0.308225  -0.135313  -0.0660045  -0.135313  0.298334  0.101277  -0.0660045  0.101277  0.168246
0.30823  -0.13532  -0.0660234  -0.13532  0.298346  0.101293  -0.0660234  0.101293  0.168255
0.30823  -0.13532  -0.0660234  -0.13532  0.298346  0.101293  -0.0660234  0.101293  0.168255
0.30823  -0.13532  -0.0660234  -0.13532  0.298346  0.101293  -0.0660234  0.101293  0.168255
0.308242  -0.135327  -0.0660265  -0.135327  0.298334  0.101286  -0.0660265  0.101286  0.168251
0.308242  -0.135327  -0.0660265  -0.135327  0.298334  0.101286  -0.0660265  0.101286  0.168251
0.308247  -0.135334  -0.0660454  -0.135334  0.298346  0.101301  -0.0660454  0.101301  0.168259
0.308247  -0.135334  -0.0660454  -0.135334  0.298346  0.101301  -0.0660454  0.101301  0.168259
0.308264  -0.135348  -0.0660674  -0.135348  0.298346  0.101309  -0.0660674  0.101309  0.168264
0.308264  -0.135348  -0.0660674  -0.135348  0.298346  0.101309  -0.0660674  0.101309  0.168264
0.308264  -0.135348  -0.0660674  -0.135348  0.298346  0.101309  -0.0660674  0.101309  0.168264
0.308269  -0.135355  -0.0660863  -0.135355  0.298358  0.101325  -0.0660863  0.101325  0.168272
0.308269  -0.135355  -0.0660863  -0.135355  0.298358  0.101325  -0.0660863  0.101325  0.168272
0.308269  -0.135355  -0.0660863  -0.135355  0.298358  0.101325  -0.0660863  0.101325  0.168272
0.308269  -0.135355  -0.0660863  -0.135355  0.298358  0.101325  -0.0660863  0.101325  0.168272
0.308269  -0.135355  -0.0660863  -0.135355  0.298358  0.101325  -0.0660863  0.101325  0.168272
0.308269  -0.135355  -0.0660863  -0.135355  0.298358  0.101325  -0.0660863  0.101325  0.168272
0.308265  -0.135334  -0.0660906  -0.135334  0.298331  0.101317  -0.0660906  0.101317  0.168274
0.308265  -0.135334  -0.0660906  -0.135334  0.298331  0.101317  -0.0660906  0.101317  0.168274
0.308265  -0.135334  -0.0660906  -0.135334  0.298331  0.101317  -0.0660906  0.101317  0.168274
0.308265  -0.135334  -0.0660906  -0.135334  0.298331  0.101317  -0.0660906  0.101317  0.168274
0.30826  -0.135327  -0.0660717  -0.135327  0.298318  0.101301  -0.0660717  0.101301  0.168265
0.308243  -0.135299  -0.066073  -0.135299  0.298303  0.101301  -0.066073  0.101301  0.168271
0.308243  -0.135299  -0.066073  -0.135299  0.298303  0.101301  -0.066073  0.101301  0.168271
0.308238  -0.135278  -0.0660773  -0.135278  0.298275  0.101292  -0.0660773  0.101292  0.168272
0.308238  -0.135278  -0.0660773  -0.135278  0.298275  0.101292  -0.0660773  0.101292  0.168272
0.308238  -0.135278  -0.0660773  -0.135278  0.298275  0.101292  -0.0660773  0.101292  0.168272
0.308238  -0.135278  -0.0660773  -0.135278  0.298275  0.101292  -0.0660773  0.101292  0.168272
0.308238  -0.135278  -0.0660773  -0.135278  0.298275  0.101292  -0.0660773  0.101292  0.168272
0.308234  -0.135257  -0.0660816  -0.135257  0.298248  0.101284  -0.0660816  0.101284  0.168274
0.308234  -0.135257  -0.0660816  -0.135257  0.298248  0.101284  -0.0660816  0.101284  0.168274
0.308221  -0.135251  -0.0660785  -0.135251  0.29826  0.101292  -0.0660785  0.101292  0.168278
0.308221  -0.135251  -0.0660785  -0.135251  0.29826  0.101292  -0.0660785  0.101292  0.168278
0.308221  -0.135251  -0.0660785  -0.135251  0.29826  0.101292  -0.0660785  0.101292  0.168278
0.308238  -0.135278  -0.0660773  -0.135278  0.298275  0.101292  -0.0660773  0.101292  0.168272
0.308238  -0.135278  -0.0660773  -0.135278  0.298275  0.101292  -0.0660773  0.101292  0.168272
0.308238  -0.135278  -0.0660773  -0.135278  0.298275  0.101292  -0.0660773  0.101292  0.168272
0.308238  -0.135278  -0.0660773  -0.135278  0.298275  0.101292  -0.0660773  0.101292  0.168272
0.308238  -0.135278  -0.0660773  -0.135278  0.298275  0.101292  -0.0660773  0.101292  0.168272
0.308238  -0.135278  -0.0660773  -0.135278  0.298275  0.101292  -0.0660773  0.101292  0.168272
0.308238  -0.135278  -0.0660773  -0.135278  0.298275  0.101292  -0.0660773  0.101292  0.168272
0.308251  -0.135284  -0.0660803  -0.135284  0.298263  0.101285  -0.0660803  0.101285  0.168268
0.308251  -0.135284  -0.0660803  -0.135284  0.298263  0.101285  -0.0660803  0.101285  0.168268
0.308251  -0.135284  -0.0660803  -0.135284  0.298263  0.101285  -0.0660803  0.101285  0.168268
0.308251  -0.135284  -0.0660803  -0.135284  0.298263  0.101285  -0.0660803  0.101285  0.168268
0.308251  -0.135284  -0.0660803  -0.135284  0.298263  0.101285  -0.0660803  0.101285  0.168268
0.308251  -0.135284  -0.0660803  -0.135284  0.298263  0.101285  -0.0660803  0.101285  0.168268
0.308263  -0.135291  -0.0660834  -0.135291  0.298251  0.101278  -0.0660834  0.101278  0.168264
0.308263  -0.135291  -0.0660834  -0.135291  0.298251  0.101278  -0.0660834  0.101278  0.168264
0.308263  -0.135291  -0.0660834  -0.135291  0.298251  0.101278  -0.0660834  0.101278  0.168264
0.308263  -0.135291  -0.0660834  -0.135291  0.298251  0.101278  -0.0660834  0.101278  0.168264
0.308263  -0.135291  -0.0660834  -0.135291  0.298251  0.101278  -0.0660834  0.101278  0.168264
0.308263  -0.135291  -0.0660834  -0.135291  0.298251  0.101278  -0.0660834  0.101278  0.168264
0.308246  -0.135277  -0.0660614  -0.135277  0.298251  0.10127  -0.0660614  0.10127  0.168259
0.308246  -0.135277  -0.0660614  -0.135277  0.298251  0.10127  -0.0660614  0.10127  0.168259
0.308246  -0.135277  -0.0660614  -0.135277  0.298251  0.10127  -0.0660614  0.10127  0.168259
0.308246  -0.135277  -0.0660614  -0.135277  0.298251  0.10127  -0.0660614  0.10127  0.168259
0.308234  -0.135271  -0.0660583  -0.135271  0.298263  0.101277  -0.0660583  0.101277  0.168264
0.308234  -0.135271  -0.0660583  -0.135271  0.298263  0.101277  -0.0660583  0.101277  0.168264
0.308234  -0.135271  -0.0660583  -0.135271  0.298263  0.101277  -0.0660583  0.101277  0.168264
0.308221  -0.135264  -0.0660553  -0.135264  0.298275  0.101284  -0.0660553  0.101284  0.168268
0.308221  -0.135264  -0.0660553  -0.135264  0.298275  0.101284  -0.0660553  0.101284  0.168268
0.308209  -0.135258  -0.0660522  -0.135258  0.298288  0.101291  -0.0660522  0.101291  0.168272
0.308204  -0.135251  -0.0660333  -0.135251  0.298275  0.101276  -0.0660333  0.101276  0.168263
0.308191  -0.135245  -0.0660302  -0.135245  0.298287  0.101283  -0.0660302  0.101283  0.168267
0.308191  -0.135245  -0.0660302  -0.135245  0.298287  0.101283  -0.0660302  0.101283  0.168267
0.308179  -0.135238  -0.0660272  -0.135238  0.2983  0.10129  -0.0660272  0.10129  0.168271
0.308179  -0.135238  -0.0660272  -0.135238  0.2983  0.10129  -0.0660272  0.10129  0.168271
0.308166  -0.135246  -0.0660009  -0.135246  0.298327  0.10129  -0.0660009  0.10129  0.168266
0.308166  -0.135246  -0.0660009  -0.135246  0.298327  0.10129  -0.0660009  0.10129  0.168266
0.308149  -0.135232  -0.065979  -0.135232  0.298327  0.101282  -0.065979  0.101282  0.168261
0.308149  -0.135232  -0.065979  -0.135232  0.298327  0.101282  -0.065979  0.101282  0.168261
0.308149  -0.135232  -0.065979  -0.135232  0.298327  0.101282  -0.065979  0.101282  0.168261
0.308132  -0.135219  -0.065957  -0.135219  0.298327  0.101274  -0.065957  0.101274  0.168257
0.308132  -0.135219  -0.065957  -0.135219  0.298327  0.101274  -0.065957  0.101274  0.168257
0.308115  -0.135205  -0.065935  -0.135205  0.298327  0.101266  -0.065935  0.101266  0.168252
0.308115  -0.135205  -0.065935  -0.135205  0.298327  0.101266  -0.065935  0.101266  0.168252
0.308098  -0.135191  -0.0659131  -0.135191  0.298327  0.101257  -0.0659131  0.101257  0.168248
0.308085  -0.135185  -0.06591  -0.135185  0.298339  0.101265  -0.06591  0.101265  0.168252
0.308085  -0.135185  -0.06591  -0.135185  0.298339  0.101265  -0.06591  0.101265  0.168252
0.308073  -0.135193  -0.0658838  -0.135193  0.298367  0.101265  -0.0658838  0.101265  0.168246
0.308073  -0.135193  -0.0658838  -0.135193  0.298367  0.101265  -0.0658838  0.101265  0.168246
0.308055  -0.135179  -0.0658619  -0.135179  0.298367  0.101256  -0.0658619  0.101256  0.168242
0.308043  -0.135186  -0.0658356  -0.135186  0.298394  0.101256  -0.0658356  0.101256  0.168236
0.308043  -0.135186  -0.0658356  -0.135186  0.298394  0.101256  -0.0658356  0.101256  0.168236
0.308026  -0.135173  -0.0658137  -0.135173  0.298394  0.101248  -0.0658137  0.101248  0.168232
0.308013  -0.135166  -0.0658106  -0.135166  0.298406  0.101255  -0.0658106  0.101255  0.168236
0.308013  -0.13518  -0.0657874  -0.13518  0.298422  0.101248  -0.0657874  0.101248  0.168226
0.307983  -0.13516  -0.0657625  -0.13516  0.298434  0.101247  -0.0657625  0.101247  0.168226
0.307983  -0.13516  -0.0657625  -0.13516  0.298434  0.101247  -0.0657625  0.101247  0.168226
0.307966  -0.135147  -0.0657406  -0.135147  0.298434  0.101239  -0.0657406  0.101239  0.168221
0.307966  -0.135147  -0.0657406  -0.135147  0.298434  0.101239  -0.0657406  0.101239  0.168221
0.307954  -0.135154  -0.0657143  -0.135154  0.298461  0.101238  -0.0657143  0.101238  0.168216
0.307924  -0.135134  -0.0656894  -0.135134  0.298474  0.101238  -0.0656894  0.101238  0.168215
0.30792  -0.135127  -0.0656705  -0.135127  0.298461  0.101222  -0.0656705  0.101222  0.168207
0.30789  -0.135107  -0.0656456  -0.135107  0.298474  0.101221  -0.0656456  0.101221  0.168207
0.30789  -0.135107  -0.0656456  -0.135107  0.298474  0.101221  -0.0656456  0.101221  0.168207
0.30786  -0.135101  -0.0655975  -0.135101  0.298501  0.101213  -0.0655975  0.101213  0.168197
0.30786  -0.135101  -0.0655975  -0.135101  0.298501  0.101213  -0.0655975  0.101213  0.168197
0.307826  -0.135074  -0.0655537  -0.135074  0.298501  0.101196  -0.0655537  0.101196  0.168188
0.307819  -0.135089  -0.0655464  -0.135089  0.298541  0.101212  -0.0655464  0.101212  0.168191
0.307806  -0.135082  -0.0655433  -0.135082  0.298553  0.101219  -0.0655433  0.101219  0.168195
0.307772  -0.135055  -0.0654996  -0.135055  0.298553  0.101203  -0.0654996  0.101203  0.168186
0.307772  -0.135055  -0.0654996  -0.135055  0.298553  0.101203  -0.0654996  0.101203  0.168186
0.307743  -0.135049  -0.0654516  -0.135049  0.29858  0.101194  -0.0654516  0.101194  0.168176
0.307743  -0.135049  -0.0654516  -0.135049  0.29858  0.101194  -0.0654516  0.101194  0.168176
0.307701  -0.135023  -0.0654237  -0.135023  0.298605  0.101201  -0.0654237  0.101201  0.16818
0.307697  -0.135016  -0.0654049  -0.135016  0.298593  0.101185  -0.0654049  0.101185  0.168172
0.307672  -0.135003  -0.0653988  -0.135003  0.298617  0.1012  -0.0653988  0.1012  0.16818
0.307638  -0.13499  -0.065332  -0.13499  0.298632  0.101176  -0.065332  0.101176  0.168162
0.307626  -0.134984  -0.065329  -0.134984  0.298645  0.101183  -0.065329  0.101183  0.168166
0.30758  -0.13495  -0.0652823  -0.13495  0.298657  0.101174  -0.0652823  0.101174  0.168162
0.30758  -0.13495  -0.0652823  -0.13495  0.298657  0.101174  -0.0652823  0.101174  0.168162
0.307563  -0.134937  -0.0652605  -0.134937  0.298657  0.101166  -0.0652605  0.101166  0.168157
0.307512  -0.134896  -0.0651951  -0.134896  0.298657  0.101142  -0.0651951  0.101142  0.168145
0.307512  -0.134896  -0.0651951  -0.134896  0.298657  0.101142  -0.0651951  0.101142  0.168145
0.30745  -0.134849  -0.0651268  -0.134849  0.298669  0.101124  -0.0651268  0.101124  0.168136
0.30745  -0.134849  -0.0651268  -0.134849  0.298669  0.101124  -0.0651268  0.101124  0.168136
0.307399  -0.134809  -0.0650615  -0.134809  0.298669  0.1011  -0.0650615  0.1011  0.168124
0.307399  -0.134809  -0.0650615  -0.134809  0.298669  0.1011  -0.0650615  0.1011  0.168124
0.307349  -0.134768  -0.0649962  -0.134768  0.298669  0.101076  -0.0649962  0.101076  0.168111
0.307337  -0.134762  -0.0649932  -0.134762  0.298681  0.101083  -0.0649932  0.101083  0.168115
0.307282  -0.134715  -0.0649093  -0.134715  0.298669  0.101043  -0.0649093  0.101043  0.168095
0.307282  -0.134715  -0.0649093  -0.134715  0.298669  0.101043  -0.0649093  0.101043  0.168095
0.30722  -0.134668  -0.0648412  -0.134668  0.298682  0.101026  -0.0648412  0.101026  0.168086
0.30722  -0.134668  -0.0648412  -0.134668  0.298682  0.101026  -0.0648412  0.101026  0.168086
0.307191  -0.134648  -0.0648165  -0.134648  0.298694  0.101025  -0.0648165  0.101025  0.168086
0.307141  -0.134608  -0.0647514  -0.134608  0.298694  0.101001  -0.0647514  0.101001  0.168074
0.307141  -0.134608  -0.0647514  -0.134608  0.298694  0.101001  -0.0647514  0.101001  0.168074
0.307075  -0.13454  -0.0646878  -0.13454  0.298679  0.100976  -0.0646878  0.100976  0.168067
0.30707  -0.134533  -0.0646692  -0.134533  0.298667  0.10096  -0.0646692  0.10096  0.168059
0.307054  -0.13452  -0.0646475  -0.13452  0.298667  0.100952  -0.0646475  0.100952  0.168055
0.307004  -0.13448  -0.0645826  -0.13448  0.298667  0.100928  -0.0645826  0.100928  0.168043
0.307004  -0.13448  -0.0645826  -0.13448  0.298667  0.100928  -0.0645826  0.100928  0.168043
0.306955  -0.134439  -0.0645177  -0.134439  0.298667  0.100904  -0.0645177  0.100904  0.168031
0.306955  -0.134439  -0.0645177  -0.134439  0.298667  0.100904  -0.0645177  0.100904  0.168031
0.306905  -0.134399  -0.0644529  -0.134399  0.298668  0.10088  -0.0644529  0.10088  0.168019
0.306901  -0.134392  -0.0644342  -0.134392  0.298656  0.100864  -0.0644342  0.100864  0.16801
0.306856  -0.134359  -0.0643881  -0.134359  0.298668  0.100856  -0.0643881  0.100856  0.168007
0.306851  -0.134352  -0.0643695  -0.134352  0.298656  0.10084  -0.0643695  0.10084  0.167998
0.306835  -0.134338  -0.0643479  -0.134338  0.298656  0.100832  -0.0643479  0.100832  0.167994
0.306786  -0.134298  -0.0642832  -0.134298  0.298656  0.100808  -0.0642832  0.100808  0.167982
0.306786  -0.134298  -0.0642832  -0.134298  0.298656  0.100808  -0.0642832  0.100808  0.167982
0.306769  -0.134285  -0.0642616  -0.134285  0.298657  0.1008  -0.0642616  0.1008  0.167979
0.30672  -0.134245  -0.064197  -0.134245  0.298657  0.100776  -0.064197  0.100776  0.167967
0.30672  -0.134259  -0.064174  -0.134259  0.298672  0.100769  -0.064174  0.100769  0.167957
0.306691  -0.134239  -0.0641495  -0.134239  0.298685  0.100768  -0.0641495  0.100768  0.167957
0.306654  -0.134205  -0.0640879  -0.134205  0.298673  0.100737  -0.0640879  0.100737  0.167942
0.306642  -0.134199  -0.0640849  -0.134199  0.298685  0.100744  -0.0640849  0.100744  0.167946
0.306589  -0.134152  -0.0640018  -0.134152  0.298673  0.100705  -0.0640018  0.100705  0.167926
0.306589  -0.134152  -0.0640018  -0.134152  0.298673  0.100705  -0.0640018  0.100705  0.167926
0.306557  -0.134125  -0.0639588  -0.134125  0.298674  0.100689  -0.0639588  0.100689  0.167918
0.306504  -0.134065  -0.0638988  -0.134065  0.298647  0.100657  -0.0638988  0.100657  0.167908
0.306504  -0.134065  -0.0638988  -0.134065  0.298647  0.100657  -0.0638988  0.100657  0.167908
0.306451  -0.134018  -0.063816  -0.134018  0.298635  0.100618  -0.063816  0.100618  0.167888
0.306439  -0.134011  -0.063813  -0.134011  0.298647  0.100625  -0.063813  0.100625  0.167892
0.306386  -0.133965  -0.0637302  -0.133965  0.298636  0.100586  -0.0637302  0.100586  0.167873
0.306382  -0.133957  -0.0637117  -0.133957  0.298624  0.100571  -0.0637117  0.100571  0.167865
0.306354  -0.133938  -0.0636873  -0.133938  0.298636  0.10057  -0.0636873  0.10057  0.167865
0.306297  -0.133884  -0.0635862  -0.133884  0.298613  0.100516  -0.0635862  0.100516  0.167838
0.306297  -0.133884  -0.0635862  -0.133884  0.298613  0.100516  -0.0635862  0.100516  0.167838
0.30624  -0.133817  -0.063508  -0.133817  0.298574  0.100469  -0.063508  0.100469  0.16782
0.306236  -0.13381  -0.0634896  -0.13381  0.298562  0.100454  -0.0634896  0.100454  0.167812
0.306167  -0.133736  -0.0634086  -0.133736  0.298535  0.100414  -0.0634086  0.100414  0.167799
0.306167  -0.133736  -0.0634086  -0.133736  0.298535  0.100414  -0.0634086  0.100414  0.167799
0.306107  -0.133662  -0.0633123  -0.133662  0.298485  0.100353  -0.0633123  0.100353  0.167773
0.306091  -0.133648  -0.0632909  -0.133648  0.298485  0.100345  -0.0632909  0.100345  0.167769
0.306071  -0.133628  -0.0632512  -0.133628  0.298473  0.100322  -0.0632512  0.100322  0.167758
0.306015  -0.133561  -0.0631734  -0.133561  0.298435  0.100275  -0.0631734  0.100275  0.16774
0.306003  -0.133555  -0.0631705  -0.133555  0.298447  0.100282  -0.0631705  0.100282  0.167745
0.305951  -0.133508  -0.0630883  -0.133508  0.298436  0.100244  -0.0630883  0.100244  0.167726
0.305947  -0.133501  -0.0630699  -0.133501  0.298424  0.100229  -0.0630699  0.100229  0.167718
0.305895  -0.133455  -0.0629878  -0.133455  0.298413  0.10019  -0.0629878  0.10019  0.167699
0.305895  -0.133455  -0.0629878  -0.133455  0.298413  0.10019  -0.0629878  0.10019  0.167699
0.305843  -0.133409  -0.0629058  -0.133409  0.298402  0.100152  -0.0629058  0.100152  0.167681
0.305832  -0.133403  -0.0629029  -0.133403  0.298414  0.100159  -0.0629029  0.100159  0.167685
0.305784  -0.133363  -0.0628392  -0.133363  0.298415  0.100135  -0.0628392  0.100135  0.167674
0.305784  -0.133363  -0.0628392  -0.133363  0.298415  0.100135  -0.0628392  0.100135  0.167674
0.305765  -0.133343  -0.0627997  -0.133343  0.298403  0.100113  -0.0627997  0.100113  0.167663
0.305722  -0.133311  -0.0627544  -0.133311  0.298416  0.100104  -0.0627544  0.100104  0.16766
0.305717  -0.133304  -0.0627361  -0.133304  0.298404  0.100089  -0.0627361  0.100089  0.167652
0.305674  -0.133285  -0.0626681  -0.133285  0.298432  0.100074  -0.0626681  0.100074  0.16764
0.305663  -0.133279  -0.0626652  -0.133279  0.298444  0.100081  -0.0626652  0.100081  0.167644
0.305616  -0.13324  -0.0626017  -0.13324  0.298445  0.100058  -0.0626017  0.100058  0.167634
0.305616  -0.13324  -0.0626017  -0.13324  0.298445  0.100058  -0.0626017  0.100058  0.167634
0.305565  -0.133194  -0.0625201  -0.133194  0.298434  0.100019  -0.0625201  0.100019  0.167616
0.305565  -0.133194  -0.0625201  -0.133194  0.298434  0.100019  -0.0625201  0.100019  0.167616
0.305545  -0.133174  -0.0624807  -0.133174  0.298423  0.0999965  -0.0624807  0.0999965  0.167605
0.305494  -0.133114  -0.0624218  -0.133114  0.298396  0.0999654  -0.0624218  0.0999654  0.167596
0.305483  -0.133108  -0.0624189  -0.133108  0.298409  0.0999726  -0.0624189  0.0999726  0.1676
0.305444  -0.133068  -0.0623403  -0.133068  0.298386  0.0999272  -0.0623403  0.0999272  0.167578
0.305432  -0.133062  -0.0623374  -0.133062  0.298398  0.0999344  -0.0623374  0.0999344  0.167582
0.305389  -0.133001  -0.0622634  -0.133001  0.298348  0.0998812  -0.0622634  0.0998812  0.167561
0.305378  -0.132995  -0.0622605  -0.132995  0.29836  0.0998884  -0.0622605  0.0998884  0.167565
0.305331  -0.132956  -0.0621973  -0.132956  0.298361  0.0998653  -0.0621973  0.0998653  0.167555
0.305327  -0.132949  -0.0621791  -0.132949  0.298349  0.0998503  -0.0621791  0.0998503  0.167547
0.305277  -0.13289  -0.0621205  -0.13289  0.298323  0.0998194  -0.0621205  0.0998194  0.167538
0.305273  -0.132883  -0.0621023  -0.132883  0.298311  0.0998044  -0.0621023  0.0998044  0.167531
0.305258  -0.13287  -0.0620813  -0.13287  0.298311  0.0997968  -0.0620813  0.0997968  0.167528
0.305208  -0.132811  -0.0620228  -0.132811  0.298285  0.0997659  -0.0620228  0.0997659  0.167519
0.305173  -0.132778  -0.0619626  -0.132778  0.298274  0.0997356  -0.0619626  0.0997356  0.167505
0.305173  -0.132778  -0.0619626  -0.132778  0.298274  0.0997356  -0.0619626  0.0997356  0.167505
0.305138  -0.132732  -0.0619252  -0.132732  0.298248  0.0997124  -0.0619252  0.0997124  0.167499
0.305104  -0.132699  -0.0618651  -0.132699  0.298237  0.0996822  -0.0618651  0.0996822  0.167485
0.305089  -0.132686  -0.0618441  -0.132686  0.298237  0.0996746  -0.0618441  0.0996746  0.167482
0.30505  -0.132633  -0.0617887  -0.132633  0.298199  0.0996366  -0.0617887  0.0996366  0.167469
0.305039  -0.132627  -0.0617858  -0.132627  0.298211  0.0996438  -0.0617858  0.0996438  0.167473
0.305024  -0.132614  -0.0617649  -0.132614  0.298212  0.0996362  -0.0617649  0.0996362  0.16747
0.304974  -0.132569  -0.061684  -0.132569  0.298201  0.0995984  -0.061684  0.0995984  0.167453
0.304974  -0.132569  -0.061684  -0.132569  0.298201  0.0995984  -0.061684  0.0995984  0.167453
0.304944  -0.132543  -0.0616421  -0.132543  0.298202  0.0995832  -0.0616421  0.0995832  0.167446
0.304929  -0.13253  -0.0616212  -0.13253  0.298202  0.0995755  -0.0616212  0.0995755  0.167443
0.304902  -0.132524  -0.0615749  -0.132524  0.29823  0.0995681  -0.0615749  0.0995681  0.167435
0.304902  -0.132524  -0.0615749  -0.132524  0.29823  0.0995681  -0.0615749  0.0995681  0.167435
0.304861  -0.132493  -0.0615302  -0.132493  0.298243  0.0995601  -0.0615302  0.0995601  0.167433
0.304861  -0.132493  -0.0615302  -0.132493  0.298243  0.0995601  -0.0615302  0.0995601  0.167433
0.304827  -0.132488  -0.0614991  -0.132488  0.298295  0.0995748  -0.0614991  0.0995748  0.167437
0.304823  -0.132481  -0.0614811  -0.132481  0.298284  0.0995599  -0.0614811  0.0995599  0.167429
0.304815  -0.132495  -0.0614737  -0.132495  0.298323  0.099575  -0.0614737  0.099575  0.167432
0.304785  -0.13247  -0.0614319  -0.13247  0.298324  0.0995598  -0.0614319  0.0995598  0.167426
0.304778  -0.132484  -0.0614245  -0.132484  0.298363  0.0995748  -0.0614245  0.0995748  0.167429
0.304751  -0.132479  -0.0613782  -0.132479  0.298391  0.0995674  -0.0613782  0.0995674  0.167421
0.30474  -0.132472  -0.0613754  -0.132472  0.298403  0.0995746  -0.0613754  0.0995746  0.167425
