0.311523  -0.144048  -0.0810177  -0.144048  0.315057  0.117238  -0.0810177  0.117238  0.177049
0.311523  -0.144048  -0.0810177  -0.144048  0.315057  0.117238  -0.0810177  0.117238  0.177049
0.311517  -0.144039  -0.0809963  -0.144039  0.315042  0.117219  -0.0809963  0.117219  0.177036
0.311516  -0.144614  -0.0796657  -0.144614  0.31551  0.116571  -0.0796657  0.116571  0.176223
0.31153  -0.144665  -0.0795953  -0.144665  0.315547  0.116537  -0.0795953  0.116537  0.176176
0.311436  -0.144769  -0.0786484  -0.144769  0.315486  0.115923  -0.0786484  0.115923  0.175609
0.311418  -0.144729  -0.0786099  -0.144729  0.315426  0.115876  -0.0786099  0.115876  0.175586
0.311194  -0.144429  -0.0779691  -0.144429  0.314998  0.115337  -0.0779691  0.115337  0.175234
0.311164  -0.14443  -0.0777897  -0.14443  0.314975  0.11522  -0.0777897  0.11522  0.175133
0.31104  -0.144775  -0.0760696  -0.144775  0.315081  0.114183  -0.0760696  0.114183  0.174144
0.311042  -0.144795  -0.0759827  -0.144795  0.315074  0.114122  -0.0759827  0.114122  0.174091
0.311135  -0.144685  -0.075273  -0.144685  0.314344  0.113305  -0.075273  0.113305  0.173573
0.311152  -0.144683  -0.0752397  -0.144683  0.314292  0.113255  -0.0752397  0.113255  0.173543
0.311399  -0.144188  -0.0755866  -0.144188  0.313009  0.112834  -0.0755866  0.112834  0.173545
0.311422  -0.144195  -0.075574  -0.144195  0.312971  0.112802  -0.075574  0.112802  0.173526
0.311899  -0.144769  -0.0748579  -0.144769  0.312792  0.112106  -0.0748579  0.112106  0.17292
0.311999  -0.144924  -0.0747131  -0.144924  0.312825  0.111995  -0.0747131  0.111995  0.172804
0.312352  -0.145246  -0.0746067  -0.145246  0.312701  0.111761  -0.0746067  0.111761  0.172608
0.313137  -0.145126  -0.0756234  -0.145126  0.311419  0.111614  -0.0756234  0.111614  0.172811
0.313203  -0.145122  -0.0757345  -0.145122  0.311335  0.111629  -0.0757345  0.111629  0.172845
0.313894  -0.145841  -0.0756101  -0.145841  0.311333  0.111337  -0.0756101  0.111337  0.172535
0.313952  -0.145974  -0.075452  -0.145974  0.311402  0.111247  -0.075452  0.111247  0.17243
0.314423  -0.146476  -0.0748992  -0.146476  0.311221  0.110666  -0.0748992  0.110666  0.171938
0.314447  -0.146454  -0.0749358  -0.146454  0.311148  0.110651  -0.0749358  0.110651  0.171945
0.314553  -0.146298  -0.0752274  -0.146298  0.310789  0.110651  -0.0752274  0.110651  0.172045
0.314498  -0.146151  -0.0751002  -0.146151  0.310555  0.110483  -0.0751002  0.110483  0.17197
0.314497  -0.14621  -0.0750007  -0.14621  0.310622  0.110448  -0.0750007  0.110448  0.171919
0.31429  -0.146684  -0.073464  -0.146684  0.311216  0.10977  -0.073464  0.10977  0.171174
0.314188  -0.146408  -0.0734173  -0.146408  0.310861  0.109617  -0.0734173  0.109617  0.17115
0.314189  -0.146379  -0.0734669  -0.146379  0.310827  0.109634  -0.0734669  0.109634  0.171175
0.314118  -0.146114  -0.073636  -0.146114  0.310531  0.109638  -0.073636  0.109638  0.171266
0.313973  -0.146212  -0.0732843  -0.146212  0.310832  0.109583  -0.0732843  0.109583  0.171145
0.313981  -0.146675  -0.0726042  -0.146675  0.311392  0.109379  -0.0726042  0.109379  0.170817
0.31398  -0.146733  -0.0725052  -0.146733  0.311462  0.109344  -0.0725052  0.109344  0.170769
0.314033  -0.146755  -0.0724995  -0.146755  0.311399  0.109297  -0.0724995  0.109297  0.170743
0.314261  -0.146456  -0.073474  -0.146456  0.310841  0.109623  -0.073474  0.109623  0.171156
0.314275  -0.146444  -0.0735651  -0.146444  0.310834  0.109675  -0.0735651  0.109675  0.171202
0.31445  -0.147171  -0.0731652  -0.147171  0.31171  0.109739  -0.0731652  0.109739  0.170999
0.314497  -0.1473  -0.0730861  -0.1473  0.311833  0.109725  -0.0730861  0.109725  0.170951
0.314593  -0.147559  -0.0729277  -0.147559  0.312078  0.109697  -0.0729277  0.109697  0.170854
0.314738  -0.147228  -0.0736957  -0.147228  0.311521  0.109916  -0.0736957  0.109916  0.171182
0.314745  -0.147208  -0.0737663  -0.147208  0.3115  0.109951  -0.0737663  0.109951  0.171218
0.314694  -0.147381  -0.0736787  -0.147381  0.311885  0.110075  -0.0736787  0.110075  0.171219
0.314684  -0.147426  -0.0736211  -0.147426  0.311963  0.110074  -0.0736211  0.110074  0.171197
0.314579  -0.14778  -0.0730273  -0.14778  0.312572  0.109978  -0.0730273  0.109978  0.170956
0.314558  -0.147749  -0.0730276  -0.147749  0.312552  0.109977  -0.0730276  0.109977  0.170962
0.314375  -0.147181  -0.0734644  -0.147181  0.312005  0.110084  -0.0734644  0.110084  0.171215
0.31436  -0.147159  -0.0734854  -0.147159  0.311999  0.1101  -0.0734854  0.1101  0.171231
0.314157  -0.147468  -0.0728867  -0.147468  0.312706  0.110074  -0.0728867  0.110074  0.171029
0.314147  -0.147513  -0.0728292  -0.147513  0.312785  0.110073  -0.0728292  0.110073  0.171007
0.314043  -0.147464  -0.0727403  -0.147464  0.312847  0.110073  -0.0727403  0.110073  0.170998
0.314044  -0.147435  -0.0727899  -0.147435  0.312812  0.11009  -0.0727899  0.11009  0.171022
0.313999  -0.147218  -0.0730178  -0.147218  0.312584  0.110156  -0.0730178  0.110156  0.171142
0.31399  -0.147287  -0.073119  -0.147287  0.312779  0.11031  -0.073119  0.11031  0.171218
0.313993  -0.147364  -0.0730781  -0.147364  0.312904  0.110335  -0.0730781  0.110335  0.171206
0.31406  -0.14767  -0.0728962  -0.14767  0.313282  0.110357  -0.0728962  0.110357  0.171116
0.314075  -0.147663  -0.0729249  -0.147663  0.313252  0.110358  -0.0729249  0.110358  0.171124
0.314115  -0.147328  -0.0735288  -0.147328  0.312806  0.110552  -0.0735288  0.110552  0.171407
0.314115  -0.147313  -0.0735537  -0.147313  0.312789  0.110561  -0.0735537  0.110561  0.171419
0.314108  -0.147537  -0.0734273  -0.147537  0.313174  0.110645  -0.0734273  0.110645  0.171385
0.31412  -0.147584  -0.0734192  -0.147584  0.313238  0.110664  -0.0734192  0.110664  0.171382
0.314064  -0.147533  -0.0733284  -0.147533  0.313205  0.110607  -0.0733284  0.110607  0.171347
0.314058  -0.14751  -0.0733324  -0.14751  0.313174  0.110598  -0.0733324  0.110598  0.171348
0.313932  -0.147129  -0.0735732  -0.147129  0.312793  0.110632  -0.0735732  0.110632  0.171491
0.313926  -0.147106  -0.0735773  -0.147106  0.312761  0.110623  -0.0735773  0.110623  0.171493
0.313753  -0.147212  -0.0730668  -0.147212  0.313062  0.11047  -0.0730668  0.11047  0.171292
0.313753  -0.147226  -0.073042  -0.147226  0.31308  0.110462  -0.073042  0.110462  0.17128
0.313691  -0.147152  -0.0729556  -0.147152  0.313016  0.110397  -0.0729556  0.110397  0.171247
0.313561  -0.14662  -0.0732776  -0.14662  0.312389  0.110379  -0.0732776  0.110379  0.171415
0.313534  -0.146565  -0.0732819  -0.146565  0.312338  0.110368  -0.0732819  0.110368  0.171422
0.313512  -0.146564  -0.0732327  -0.146564  0.312354  0.110349  -0.0732327  0.110349  0.171403
0.313462  -0.146658  -0.072878  -0.146658  0.31247  0.110182  -0.072878  0.110182  0.171233
0.313462  -0.146658  -0.072878  -0.146658  0.31247  0.110182  -0.072878  0.110182  0.171233
0.313459  -0.146254  -0.073297  -0.146254  0.311892  0.110208  -0.073297  0.110208  0.171416
0.31346  -0.146224  -0.0733464  -0.146224  0.311857  0.110225  -0.0733464  0.110225  0.17144
0.313448  -0.146163  -0.0733792  -0.146163  0.311778  0.110216  -0.0733792  0.110216  0.171456
0.313426  -0.146283  -0.07307  -0.146283  0.311908  0.110077  -0.07307  0.110077  0.171303
0.313434  -0.146282  -0.0730531  -0.146282  0.311882  0.110052  -0.0730531  0.110052  0.171288
0.313386  -0.145933  -0.0732744  -0.145933  0.311407  0.110006  -0.0732744  0.110006  0.171386
0.313387  -0.145918  -0.0732991  -0.145918  0.31139  0.110015  -0.0732991  0.110015  0.171398
0.313275  -0.145728  -0.0731841  -0.145728  0.311188  0.109886  -0.0731841  0.109886  0.171354
0.313275  -0.145742  -0.0731594  -0.145742  0.311205  0.109878  -0.0731594  0.109878  0.171341
0.313164  -0.145645  -0.0728347  -0.145645  0.311083  0.109648  -0.0728347  0.109648  0.171188
0.313158  -0.145621  -0.0728388  -0.145621  0.311052  0.109639  -0.0728388  0.109639  0.17119
0.313071  -0.145232  -0.0729735  -0.145232  0.310537  0.10953  -0.0729735  0.10953  0.171249
0.313059  -0.145201  -0.0729569  -0.145201  0.310493  0.109504  -0.0729569  0.109504  0.17124
0.313025  -0.145182  -0.0728669  -0.145182  0.31048  0.10945  -0.0728669  0.10945  0.1712
0.312968  -0.145177  -0.0725592  -0.145177  0.310442  0.109251  -0.0725592  0.109251  0.171046
0.312983  -0.145185  -0.0725629  -0.145185  0.310429  0.109244  -0.0725629  0.109244  0.171042
0.312979  -0.144875  -0.07277  -0.144875  0.309941  0.109167  -0.07277  0.109167  0.171115
0.312979  -0.144875  -0.07277  -0.144875  0.309941  0.109167  -0.07277  0.109167  0.171115
0.313024  -0.144945  -0.0726455  -0.144945  0.309932  0.109069  -0.0726455  0.109069  0.17103
0.313018  -0.144937  -0.072625  -0.144937  0.309919  0.109052  -0.072625  0.109052  0.17102
0.313086  -0.144936  -0.0726722  -0.144936  0.30981  0.109015  -0.0726722  0.109015  0.171014
0.31308  -0.144913  -0.0726763  -0.144913  0.30978  0.109006  -0.0726763  0.109006  0.171015
0.31314  -0.144871  -0.072814  -0.144871  0.309647  0.109019  -0.072814  0.109019  0.171059
0.313155  -0.144878  -0.0728177  -0.144878  0.309634  0.109011  -0.0728177  0.109011  0.171055
0.313199  -0.145078  -0.0726164  -0.145078  0.309838  0.108956  -0.0726164  0.108956  0.170947
0.313199  -0.145078  -0.0726164  -0.145078  0.309838  0.108956  -0.0726164  0.108956  0.170947
0.313259  -0.145035  -0.0727541  -0.145035  0.309704  0.108969  -0.0727541  0.108969  0.170991
0.313253  -0.145012  -0.0727582  -0.145012  0.309674  0.10896  -0.0727582  0.10896  0.170993
0.313314  -0.145161  -0.0726588  -0.145161  0.309797  0.108931  -0.0726588  0.108931  0.170929
0.313313  -0.145176  -0.0726342  -0.145176  0.309814  0.108922  -0.0726342  0.108922  0.170917
0.313339  -0.145258  -0.0725806  -0.145258  0.309898  0.108916  -0.0725806  0.108916  0.170886
0.313418  -0.145285  -0.0727062  -0.145285  0.309857  0.108955  -0.0727062  0.108955  0.170925
0.313424  -0.145293  -0.0727268  -0.145293  0.30987  0.108973  -0.0727268  0.108973  0.170936
0.313513  -0.145424  -0.072746  -0.145424  0.309959  0.108996  -0.072746  0.108996  0.170924
0.313519  -0.145447  -0.0727419  -0.145447  0.30999  0.109005  -0.0727419  0.109005  0.170923
0.31362  -0.14561  -0.0727777  -0.14561  0.310123  0.109055  -0.0727777  0.109055  0.17092
0.31362  -0.14561  -0.0727777  -0.14561  0.310123  0.109055  -0.0727777  0.109055  0.17092
0.313736  -0.145717  -0.0729781  -0.145717  0.310199  0.109183  -0.0729781  0.109183  0.170999
0.313742  -0.14574  -0.0729741  -0.14574  0.31023  0.109192  -0.0729741  0.109192  0.170997
0.31382  -0.145926  -0.0729739  -0.145926  0.310436  0.109257  -0.0729739  0.109257  0.170989
0.31382  -0.145926  -0.0729739  -0.145926  0.310436  0.109257  -0.0729739  0.109257  0.170989
0.313879  -0.146023  -0.0730729  -0.146023  0.310555  0.109355  -0.0730729  0.109355  0.171035
0.313885  -0.146032  -0.0730935  -0.146032  0.310569  0.109372  -0.0730935  0.109372  0.171046
0.313897  -0.146064  -0.0731102  -0.146064  0.310614  0.109399  -0.0731102  0.109399  0.171055
0.313897  -0.146194  -0.073033  -0.146194  0.310828  0.109441  -0.073033  0.109441  0.171031
0.313897  -0.146194  -0.073033  -0.146194  0.310828  0.109441  -0.073033  0.109441  0.171031
0.313886  -0.14622  -0.0730628  -0.14622  0.310911  0.1095  -0.0730628  0.1095  0.171058
0.31388  -0.146197  -0.0730669  -0.146197  0.31088  0.109491  -0.0730669  0.109491  0.17106
0.313877  -0.146221  -0.0730798  -0.146221  0.310937  0.109525  -0.0730798  0.109525  0.171073
0.313859  -0.146267  -0.0730394  -0.146267  0.31104  0.109549  -0.0730394  0.109549  0.171065
0.313844  -0.146259  -0.0730357  -0.146259  0.311053  0.109556  -0.0730357  0.109556  0.171069
0.313821  -0.146238  -0.0730736  -0.146238  0.311073  0.109597  -0.0730736  0.109597  0.1711
0.313827  -0.146247  -0.0730942  -0.146247  0.311087  0.109615  -0.0730942  0.109615  0.17111
0.313804  -0.146241  -0.0731074  -0.146241  0.311125  0.109647  -0.0731074  0.109647  0.171129
0.313772  -0.14625  -0.0731127  -0.14625  0.311207  0.109695  -0.0731127  0.109695  0.17115
0.313763  -0.146251  -0.0731296  -0.146251  0.311233  0.10972  -0.0731296  0.10972  0.171164
0.313723  -0.146247  -0.0731766  -0.146247  0.311323  0.109802  -0.0731766  0.109802  0.171211
0.313714  -0.146248  -0.0731935  -0.146248  0.311349  0.109827  -0.0731935  0.109827  0.171226
0.313684  -0.146233  -0.073186  -0.146233  0.311373  0.109842  -0.073186  0.109842  0.171234
0.313613  -0.146243  -0.0731759  -0.146243  0.311522  0.109922  -0.0731759  0.109922  0.171265
0.313598  -0.146235  -0.0731721  -0.146235  0.311534  0.109929  -0.0731721  0.109929  0.171269
0.313507  -0.1462  -0.0731869  -0.1462  0.311647  0.110016  -0.0731869  0.110016  0.171317
0.313492  -0.146192  -0.0731831  -0.146192  0.311659  0.110023  -0.0731831  0.110023  0.171321
0.313453  -0.146192  -0.0731677  -0.146192  0.311727  0.110054  -0.0731677  0.110054  0.171332
0.313332  -0.14617  -0.0731254  -0.14617  0.311898  0.110138  -0.0731254  0.110138  0.171364
0.313332  -0.14617  -0.0731254  -0.14617  0.311898  0.110138  -0.0731254  0.110138  0.171364
0.313226  -0.146127  -0.0731363  -0.146127  0.312023  0.110232  -0.0731363  0.110232  0.171417
0.313226  -0.146127  -0.0731363  -0.146127  0.312023  0.110232  -0.0731363  0.110232  0.171417
0.313194  -0.146136  -0.0731415  -0.146136  0.312104  0.110281  -0.0731415  0.110281  0.171437
0.313123  -0.146145  -0.0731312  -0.146145  0.312253  0.11036  -0.0731312  0.11036  0.171468
0.313108  -0.146138  -0.0731273  -0.146138  0.312265  0.110368  -0.0731273  0.110368  0.171472
0.313051  -0.14615  -0.0731829  -0.14615  0.312425  0.110491  -0.0731829  0.110491  0.171537
0.313051  -0.14615  -0.0731829  -0.14615  0.312425  0.110491  -0.0731829  0.110491  0.171537
0.312992  -0.146191  -0.0731891  -0.146191  0.312619  0.110597  -0.0731891  0.110597  0.171577
0.312977  -0.146183  -0.0731853  -0.146183  0.312631  0.110605  -0.0731853  0.110605  0.171581
0.312898  -0.146193  -0.0731916  -0.146193  0.312806  0.110709  -0.0731916  0.110709  0.171627
0.312904  -0.146202  -0.0732122  -0.146202  0.31282  0.110727  -0.0732122  0.110727  0.171637
0.312866  -0.146187  -0.0732213  -0.146187  0.312871  0.110767  -0.0732213  0.110767  0.17166
0.312766  -0.146196  -0.0731784  -0.146196  0.313061  0.110853  -0.0731784  0.110853  0.171686
0.312745  -0.146179  -0.0731539  -0.146179  0.313059  0.110842  -0.0731539  0.110842  0.17168
0.312707  -0.146179  -0.0731383  -0.146179  0.313127  0.110873  -0.0731383  0.110873  0.17169
0.31259  -0.146118  -0.0731075  -0.146118  0.313223  0.110932  -0.0731075  0.110932  0.171721
0.312522  -0.146103  -0.0730842  -0.146103  0.313315  0.110978  -0.0730842  0.110978  0.171739
0.312516  -0.146094  -0.0730636  -0.146094  0.313301  0.11096  -0.0730636  0.11096  0.171729
0.312463  -0.146087  -0.0730441  -0.146087  0.313381  0.110998  -0.0730441  0.110998  0.171743
0.312334  -0.146008  -0.0729722  -0.146008  0.313449  0.111022  -0.0729722  0.111022  0.171753
0.31232  -0.146  -0.0729683  -0.146  0.313462  0.111029  -0.0729683  0.111029  0.171757
0.312261  -0.14597  -0.0729529  -0.14597  0.31351  0.111058  -0.0729529  0.111058  0.171773
0.312133  -0.145891  -0.072881  -0.145891  0.313578  0.111081  -0.072881  0.111081  0.171783
0.312118  -0.145883  -0.0728771  -0.145883  0.31359  0.111089  -0.0728771  0.111089  0.171787
0.311996  -0.145813  -0.0728258  -0.145813  0.313673  0.11113  -0.0728258  0.11113  0.171808
0.311982  -0.145806  -0.0728219  -0.145806  0.313685  0.111137  -0.0728219  0.111137  0.171812
0.31186  -0.14575  -0.072746  -0.14575  0.313785  0.111169  -0.072746  0.111169  0.17182
0.311831  -0.145735  -0.0727383  -0.145735  0.313809  0.111184  -0.0727383  0.111184  0.171828
0.311698  -0.145648  -0.072646  -0.145648  0.313864  0.111189  -0.072646  0.111189  0.171828
0.311683  -0.14564  -0.0726422  -0.14564  0.313876  0.111197  -0.0726422  0.111197  0.171832
0.31162  -0.145601  -0.0726063  -0.145601  0.31391  0.111208  -0.0726063  0.111208  0.171837
0.311487  -0.145514  -0.0725141  -0.145514  0.313965  0.111214  -0.0725141  0.111214  0.171837
0.311481  -0.145506  -0.0724937  -0.145506  0.313951  0.111197  -0.0724937  0.111197  0.171826
0.311349  -0.145419  -0.0724017  -0.145419  0.314005  0.111202  -0.0724017  0.111202  0.171826
0.311338  -0.145388  -0.0723854  -0.145388  0.31396  0.111176  -0.0723854  0.111176  0.171817
0.3112  -0.145293  -0.0722731  -0.145293  0.314001  0.111164  -0.0722731  0.111164  0.171807
0.311186  -0.145285  -0.0722692  -0.145285  0.314013  0.111171  -0.0722692  0.111171  0.171811
0.311043  -0.145167  -0.0721612  -0.145167  0.314022  0.11115  -0.0721612  0.11115  0.171802
0.311023  -0.145151  -0.0721371  -0.145151  0.31402  0.11114  -0.0721371  0.11114  0.171796
0.310921  -0.145065  -0.0720775  -0.145065  0.314034  0.11114  -0.0720775  0.11114  0.1718
0.310901  -0.145049  -0.0720534  -0.145049  0.314032  0.11113  -0.0720534  0.11113  0.171793
0.310819  -0.144994  -0.0719936  -0.144994  0.314064  0.111131  -0.0719936  0.111131  0.171792
0.310799  -0.144978  -0.0719695  -0.144978  0.314063  0.111121  -0.0719695  0.111121  0.171786
0.310765  -0.144955  -0.0719415  -0.144955  0.314073  0.111118  -0.0719415  0.111118  0.171783
0.310664  -0.144869  -0.0718822  -0.144869  0.314086  0.111118  -0.0718822  0.111118  0.171788
0.310664  -0.144869  -0.0718822  -0.144869  0.314086  0.111118  -0.0718822  0.111118  0.171788
0.310576  -0.144806  -0.0718022  -0.144806  0.314105  0.111102  -0.0718022  0.111102  0.171777
0.310562  -0.144799  -0.0717984  -0.144799  0.314117  0.111109  -0.0717984  0.111109  0.17178
0.310484  -0.14472  -0.0717266  -0.14472  0.314092  0.111077  -0.0717266  0.111077  0.171767
0.31047  -0.144713  -0.0717227  -0.144713  0.314104  0.111084  -0.0717227  0.111084  0.171771
0.310391  -0.144649  -0.0716266  -0.144649  0.314097  0.111043  -0.0716266  0.111043  0.171745
0.310377  -0.144641  -0.0716227  -0.144641  0.314109  0.111051  -0.0716227  0.111051  0.171749
0.310299  -0.144578  -0.0715267  -0.144578  0.314102  0.11101  -0.0715267  0.11101  0.171724
0.310293  -0.144555  -0.0715309  -0.144555  0.314071  0.111001  -0.0715309  0.111001  0.171725
0.310221  -0.1445  -0.0714551  -0.1445  0.314078  0.110978  -0.0714551  0.110978  0.17171
0.310221  -0.1445  -0.0714551  -0.1445  0.314078  0.110978  -0.0714551  0.110978  0.17171
0.310157  -0.144429  -0.0713873  -0.144429  0.314041  0.110939  -0.0713873  0.110939  0.171693
0.310151  -0.144421  -0.0713672  -0.144421  0.314027  0.110921  -0.0713672  0.110921  0.171683
0.310127  -0.144382  -0.0713474  -0.144382  0.313994  0.110902  -0.0713474  0.110902  0.171678
0.310074  -0.144343  -0.0712957  -0.144343  0.314003  0.110889  -0.0712957  0.110889  0.171669
0.310074  -0.144343  -0.0712957  -0.144343  0.314003  0.110889  -0.0712957  0.110889  0.171669
0.31001  -0.144273  -0.0712282  -0.144273  0.313967  0.11085  -0.0712282  0.11085  0.171652
0.31001  -0.144273  -0.0712282  -0.144273  0.313967  0.11085  -0.0712282  0.11085  0.171652
0.309958  -0.144234  -0.0711766  -0.144234  0.313975  0.110837  -0.0711766  0.110837  0.171644
0.309944  -0.144226  -0.0711728  -0.144226  0.313987  0.110844  -0.0711728  0.110844  0.171647
0.309919  -0.144188  -0.0711531  -0.144188  0.313955  0.110825  -0.0711531  0.110825  0.171643
0.309867  -0.144149  -0.0711015  -0.144149  0.313963  0.110813  -0.0711015  0.110813  0.171634
0.309847  -0.144133  -0.0710776  -0.144133  0.313961  0.110803  -0.0710776  0.110803  0.171628
0.30979  -0.144071  -0.0710303  -0.144071  0.313939  0.110781  -0.0710303  0.110781  0.171621
0.309776  -0.144063  -0.0710266  -0.144063  0.313951  0.110788  -0.0710266  0.110788  0.171625
0.309713  -0.143994  -0.0709592  -0.143994  0.313915  0.110749  -0.0709592  0.110749  0.171608
0.309713  -0.143994  -0.0709592  -0.143994  0.313915  0.110749  -0.0709592  0.110749  0.171608
0.309689  -0.143955  -0.0709396  -0.143955  0.313882  0.11073  -0.0709396  0.11073  0.171603
0.309631  -0.143894  -0.0708924  -0.143894  0.31386  0.110708  -0.0708924  0.110708  0.171596
0.309618  -0.143886  -0.0708887  -0.143886  0.313872  0.110716  -0.0708887  0.110716  0.1716
0.30958  -0.14384  -0.0708653  -0.14384  0.313851  0.110704  -0.0708653  0.110704  0.1716
0.30958  -0.14384  -0.0708653  -0.14384  0.313851  0.110704  -0.0708653  0.110704  0.1716
0.309528  -0.143801  -0.070814  -0.143801  0.31386  0.110691  -0.070814  0.110691  0.171591
0.309523  -0.143779  -0.0708182  -0.143779  0.313829  0.110682  -0.0708182  0.110682  0.171593
0.309476  -0.143748  -0.0707869  -0.143748  0.313851  0.110687  -0.0707869  0.110687  0.171595
0.309476  -0.143748  -0.0707869  -0.143748  0.313851  0.110687  -0.0707869  0.110687  0.171595
0.309462  -0.14374  -0.0707831  -0.14374  0.313863  0.110694  -0.0707831  0.110694  0.171599
0.309425  -0.143695  -0.0707598  -0.143695  0.313843  0.110682  -0.0707598  0.110682  0.171598
0.309419  -0.143687  -0.0707398  -0.143687  0.313829  0.110665  -0.0707398  0.110665  0.171588
0.309406  -0.143679  -0.070736  -0.143679  0.313841  0.110672  -0.070736  0.110672  0.171592
0.309367  -0.143648  -0.0706885  -0.143648  0.313838  0.110652  -0.0706885  0.110652  0.17158
0.309354  -0.14364  -0.0706847  -0.14364  0.31385  0.11066  -0.0706847  0.11066  0.171584
0.309321  -0.143617  -0.0706572  -0.143617  0.31386  0.110657  -0.0706572  0.110657  0.171581
0.309321  -0.143617  -0.0706572  -0.143617  0.31386  0.110657  -0.0706572  0.110657  0.171581
0.309278  -0.143563  -0.070614  -0.143563  0.313826  0.110628  -0.070614  0.110628  0.171571
0.309273  -0.143555  -0.070594  -0.143555  0.313812  0.110611  -0.070594  0.110611  0.171561
0.30924  -0.143532  -0.0705665  -0.143532  0.313823  0.110608  -0.0705665  0.110608  0.171559
0.30924  -0.143532  -0.0705665  -0.143532  0.313823  0.110608  -0.0705665  0.110608  0.171559
0.309197  -0.143478  -0.0705234  -0.143478  0.313788  0.110579  -0.0705234  0.110579  0.171548
0.309197  -0.143478  -0.0705234  -0.143478  0.313788  0.110579  -0.0705234  0.110579  0.171548
0.309192  -0.14347  -0.0705034  -0.14347  0.313775  0.110562  -0.0705034  0.110562  0.171538
0.309159  -0.143447  -0.070476  -0.143447  0.313785  0.110559  -0.070476  0.110559  0.171536
0.309159  -0.143447  -0.070476  -0.143447  0.313785  0.110559  -0.070476  0.110559  0.171536
0.309145  -0.143453  -0.070448  -0.143453  0.313814  0.110558  -0.070448  0.110558  0.171528
0.30914  -0.143445  -0.0704281  -0.143445  0.313801  0.110541  -0.0704281  0.110541  0.171518
0.309127  -0.143438  -0.0704243  -0.143438  0.313813  0.110548  -0.0704243  0.110548  0.171522
0.309113  -0.143445  -0.0703964  -0.143445  0.313842  0.110547  -0.0703964  0.110547  0.171515
0.309113  -0.143445  -0.0703964  -0.143445  0.313842  0.110547  -0.0703964  0.110547  0.171515
0.309107  -0.143436  -0.0703765  -0.143436  0.313828  0.11053  -0.0703765  0.11053  0.171505
0.309093  -0.143443  -0.0703485  -0.143443  0.313858  0.110529  -0.0703485  0.110529  0.171497
0.309093  -0.143443  -0.0703485  -0.143443  0.313858  0.110529  -0.0703485  0.110529  0.171497
0.30908  -0.14345  -0.0703206  -0.14345  0.313887  0.110528  -0.0703206  0.110528  0.17149
0.309066  -0.143457  -0.0702927  -0.143457  0.313916  0.110527  -0.0702927  0.110527  0.171483
0.309066  -0.143457  -0.0702927  -0.143457  0.313916  0.110527  -0.0702927  0.110527  0.171483
0.309046  -0.143455  -0.0702448  -0.143455  0.313932  0.110509  -0.0702448  0.110509  0.171465
0.309046  -0.143455  -0.0702448  -0.143455  0.313932  0.110509  -0.0702448  0.110509  0.171465
0.309028  -0.14344  -0.0702212  -0.14344  0.313931  0.110499  -0.0702212  0.110499  0.171459
0.309014  -0.143446  -0.0701932  -0.143446  0.31396  0.110498  -0.0701932  0.110498  0.171452
0.309014  -0.143446  -0.0701932  -0.143446  0.31396  0.110498  -0.0701932  0.110498  0.171452
0.308986  -0.14346  -0.0701374  -0.14346  0.314019  0.110496  -0.0701374  0.110496  0.171437
0.308986  -0.14346  -0.0701374  -0.14346  0.314019  0.110496  -0.0701374  0.110496  0.171437
0.30894  -0.143443  -0.0700821  -0.143443  0.314058  0.110492  -0.0700821  0.110492  0.171428
0.30894  -0.143443  -0.0700821  -0.143443  0.314058  0.110492  -0.0700821  0.110492  0.171428
0.308902  -0.143427  -0.0700107  -0.143427  0.314073  0.110464  -0.0700107  0.110464  0.171404
0.308902  -0.143427  -0.0700107  -0.143427  0.314073  0.110464  -0.0700107  0.110464  0.171404
0.30884  -0.143372  -0.0699201  -0.143372  0.314054  0.110417  -0.0699201  0.110417  0.171377
0.308827  -0.143364  -0.0699164  -0.143364  0.314066  0.110424  -0.0699164  0.110424  0.171381
0.308808  -0.143349  -0.0698928  -0.143349  0.314065  0.110414  -0.0698928  0.110414  0.171375
0.308747  -0.143294  -0.0698023  -0.143294  0.314046  0.110367  -0.0698023  0.110367  0.171347
0.308728  -0.143278  -0.0697787  -0.143278  0.314045  0.110357  -0.0697787  0.110357  0.171342
0.308667  -0.143223  -0.0696883  -0.143223  0.314026  0.110311  -0.0696883  0.110311  0.171314
0.308661  -0.143215  -0.0696685  -0.143215  0.314013  0.110294  -0.0696685  0.110294  0.171304
0.308582  -0.143131  -0.0695788  -0.143131  0.313976  0.110245  -0.0695788  0.110245  0.171283
0.308569  -0.143123  -0.0695751  -0.143123  0.313988  0.110253  -0.0695751  0.110253  0.171287
0.308479  -0.143023  -0.0694459  -0.143023  0.313923  0.11017  -0.0694459  0.11017  0.171245
0.308479  -0.143023  -0.0694459  -0.143023  0.313923  0.11017  -0.0694459  0.11017  0.171245
0.30839  -0.142909  -0.0693411  -0.142909  0.313842  0.110096  -0.0693411  0.110096  0.171216
0.308385  -0.142901  -0.0693214  -0.142901  0.313829  0.110079  -0.0693214  0.110079  0.171206
0.308288  -0.142801  -0.0692087  -0.142801  0.31379  0.110022  -0.0692087  0.110022  0.171179
0.308265  -0.142764  -0.0691896  -0.142764  0.313758  0.110003  -0.0691896  0.110003  0.171175
0.308164  -0.142642  -0.0690815  -0.142642  0.313689  0.109937  -0.0690815  0.109937  0.171149
0.308151  -0.142635  -0.0690778  -0.142635  0.313701  0.109944  -0.0690778  0.109944  0.171153
0.308036  -0.142506  -0.0689662  -0.142506  0.313644  0.109885  -0.0689662  0.109885  0.171132
0.307954  -0.142401  -0.0688817  -0.142401  0.313577  0.109829  -0.0688817  0.109829  0.171112
0.307954  -0.142401  -0.0688817  -0.142401  0.313577  0.109829  -0.0688817  0.109829  0.171112
0.307836  -0.14225  -0.0687747  -0.14225  0.31349  0.109761  -0.0687747  0.109761  0.171093
0.307836  -0.14225  -0.0687747  -0.14225  0.31349  0.109761  -0.0687747  0.109761  0.171093
0.307782  -0.14219  -0.068729  -0.14219  0.313468  0.10974  -0.068729  0.10974  0.171087
0.307678  -0.142062  -0.068602  -0.142062  0.313386  0.109658  -0.068602  0.109658  0.171053
0.307597  -0.141943  -0.0685419  -0.141943  0.313302  0.10961  -0.0685419  0.10961  0.171044
0.307584  -0.141935  -0.0685383  -0.141935  0.313314  0.109617  -0.0685383  0.109617  0.171048
0.307462  -0.141778  -0.0684125  -0.141778  0.313214  0.109533  -0.0684125  0.109533  0.17102
0.307462  -0.141778  -0.0684125  -0.141778  0.313214  0.109533  -0.0684125  0.109533  0.17102
0.307409  -0.141733  -0.0683431  -0.141733  0.31321  0.109504  -0.0683431  0.109504  0.171003
0.307289  -0.141562  -0.0682415  -0.141562  0.313093  0.109429  -0.0682415  0.109429  0.170986
0.307271  -0.141547  -0.0682184  -0.141547  0.313092  0.109419  -0.0682184  0.109419  0.17098
0.307165  -0.141428  -0.0681277  -0.141428  0.31305  0.109378  -0.0681277  0.109378  0.17097
0.30716  -0.14142  -0.0681083  -0.14142  0.313037  0.109361  -0.0681083  0.109361  0.17096
0.307108  -0.14136  -0.068063  -0.14136  0.313015  0.109341  -0.068063  0.109341  0.170955
0.306998  -0.14122  -0.0679769  -0.14122  0.312943  0.109291  -0.0679769  0.109291  0.170946
0.306993  -0.141212  -0.0679575  -0.141212  0.31293  0.109274  -0.0679575  0.109274  0.170936
0.306884  -0.141086  -0.0678479  -0.141086  0.312875  0.109217  -0.0678479  0.109217  0.170917
0.306866  -0.141071  -0.0678249  -0.141071  0.312873  0.109207  -0.0678249  0.109207  0.170911
0.306753  -0.140937  -0.0676961  -0.140937  0.312805  0.109133  -0.0676961  0.109133  0.170883
0.306753  -0.140937  -0.0676961  -0.140937  0.312805  0.109133  -0.0676961  0.109133  0.170883
0.306635  -0.140782  -0.0675719  -0.140782  0.312707  0.10905  -0.0675719  0.10905  0.170855
0.306613  -0.140746  -0.0675535  -0.140746  0.312675  0.109032  -0.0675535  0.109032  0.170851
0.306509  -0.140612  -0.0674095  -0.140612  0.312582  0.108934  -0.0674095  0.108934  0.17081
0.306496  -0.140605  -0.0674059  -0.140605  0.312594  0.108942  -0.0674059  0.108942  0.170814
0.306371  -0.140407  -0.0672912  -0.140407  0.312436  0.108842  -0.0672912  0.108842  0.17079
0.306354  -0.140393  -0.0672685  -0.140393  0.312435  0.108833  -0.0672685  0.108833  0.170785
0.306311  -0.14032  -0.0672318  -0.14032  0.312372  0.108797  -0.0672318  0.108797  0.170777
0.306174  -0.140144  -0.0670667  -0.140144  0.31226  0.108689  -0.0670667  0.108689  0.170736
0.306153  -0.140107  -0.0670484  -0.140107  0.312229  0.108671  -0.0670484  0.108671  0.170733
0.306012  -0.139896  -0.0669118  -0.139896  0.312071  0.108563  -0.0669118  0.108563  0.170704
0.306008  -0.139889  -0.0668927  -0.139889  0.312058  0.108546  -0.0668927  0.108546  0.170695
0.305873  -0.1397  -0.066752  -0.1397  0.31193  0.108447  -0.066752  0.108447  0.170666
0.305856  -0.139685  -0.0667294  -0.139685  0.311929  0.108438  -0.0667294  0.108438  0.170661
0.30581  -0.139605  -0.066674  -0.139605  0.311854  0.108386  -0.066674  0.108386  0.170645
0.305679  -0.139395  -0.0665228  -0.139395  0.311672  0.108255  -0.0665228  0.108255  0.170604
0.305663  -0.13938  -0.0665002  -0.13938  0.311671  0.108246  -0.0665002  0.108246  0.170599
0.305537  -0.139192  -0.066345  -0.139192  0.311519  0.108123  -0.066345  0.108123  0.170557
0.305521  -0.139178  -0.0663225  -0.139178  0.311518  0.108114  -0.0663225  0.108114  0.170552
0.305397  -0.138976  -0.0661911  -0.138976  0.31135  0.108  -0.0661911  0.108  0.170521
0.305397  -0.138976  -0.0661911  -0.138976  0.31135  0.108  -0.0661911  0.108  0.170521
0.305273  -0.13879  -0.0660367  -0.13879  0.311199  0.107879  -0.0660367  0.107879  0.17048
0.305257  -0.138775  -0.0660143  -0.138775  0.311198  0.10787  -0.0660143  0.10787  0.170475
0.305211  -0.138696  -0.0659596  -0.138696  0.311124  0.107818  -0.0659596  0.107818  0.17046
0.305089  -0.138496  -0.0658291  -0.138496  0.310957  0.107705  -0.0658291  0.107705  0.170429
0.305073  -0.138482  -0.0658068  -0.138482  0.310956  0.107696  -0.0658068  0.107696  0.170425
0.304947  -0.138317  -0.0656642  -0.138317  0.310861  0.107608  -0.0656642  0.107608  0.170396
0.304943  -0.138296  -0.0656687  -0.138296  0.310832  0.107599  -0.0656687  0.107599  0.170397
0.304819  -0.138119  -0.0655498  -0.138119  0.31072  0.107519  -0.0655498  0.107519  0.170379
0.304803  -0.138104  -0.0655275  -0.138104  0.310719  0.10751  -0.0655275  0.10751  0.170374
0.304683  -0.137948  -0.0654044  -0.137948  0.310638  0.107438  -0.0654044  0.107438  0.170355
0.304679  -0.137941  -0.0653856  -0.137941  0.310625  0.107421  -0.0653856  0.107421  0.170346
0.304556  -0.137764  -0.0652673  -0.137764  0.310514  0.107341  -0.0652673  0.107341  0.170328
0.304552  -0.137757  -0.0652485  -0.137757  0.310502  0.107325  -0.0652485  0.107325  0.17032
0.304414  -0.137566  -0.0651084  -0.137566  0.31039  0.107236  -0.0651084  0.107236  0.170297
0.30441  -0.137545  -0.0651129  -0.137545  0.310361  0.107228  -0.0651129  0.107228  0.170299
0.304277  -0.137376  -0.0649686  -0.137376  0.31028  0.107148  -0.0649686  0.107148  0.170276
0.304257  -0.137341  -0.064951  -0.137341  0.31025  0.10713  -0.064951  0.10713  0.170272
0.304207  -0.137264  -0.0649127  -0.137264  0.310201  0.107103  -0.0649127  0.107103  0.17027
0.304071  -0.137075  -0.0647734  -0.137075  0.310091  0.107015  -0.0647734  0.107015  0.170249
0.304067  -0.137068  -0.0647547  -0.137068  0.310078  0.106999  -0.0647547  0.106999  0.17024
0.303928  -0.136858  -0.0646204  -0.136858  0.309939  0.106902  -0.0646204  0.106902  0.17022
0.303924  -0.136851  -0.0646018  -0.136851  0.309927  0.106886  -0.0646018  0.106886  0.170212
0.303768  -0.136593  -0.0644736  -0.136593  0.309742  0.106781  -0.0644736  0.106781  0.170199
0.303745  -0.136551  -0.0644378  -0.136551  0.309699  0.106748  -0.0644378  0.106748  0.170188
0.303589  -0.136322  -0.0642639  -0.136322  0.309548  0.106628  -0.0642639  0.106628  0.170156
0.303582  -0.136295  -0.06425  -0.136295  0.309507  0.106603  -0.06425  0.106603  0.170149
0.303424  -0.136032  -0.0641043  -0.136032  0.309311  0.106483  -0.0641043  0.106483  0.170128
0.303406  -0.135997  -0.0640872  -0.135997  0.309281  0.106466  -0.0640872  0.106466  0.170125
0.303245  -0.135742  -0.0639006  -0.135742  0.30909  0.106322  -0.0639006  0.106322  0.170087
0.303234  -0.135735  -0.0638973  -0.135735  0.309102  0.106329  -0.0638973  0.106329  0.170092
0.303058  -0.135433  -0.0637174  -0.135433  0.308866  0.106177  -0.0637174  0.106177  0.170061
0.303043  -0.13542  -0.0636957  -0.13542  0.308866  0.106168  -0.0636957  0.106168  0.170057
0.302977  -0.13531  -0.0636413  -0.13531  0.30879  0.106125  -0.0636413  0.106125  0.170053
0.302824  -0.135037  -0.063446  -0.135037  0.308548  0.105952  -0.063446  0.105952  0.170005
0.302796  -0.134996  -0.0634258  -0.134996  0.308531  0.105942  -0.0634258  0.105942  0.170006
0.302648  -0.134717  -0.0632723  -0.134717  0.308286  0.105793  -0.0632723  0.105793  0.169977
0.302627  -0.134663  -0.06326  -0.134663  0.308228  0.105768  -0.06326  0.105768  0.169976
0.30257  -0.134555  -0.0631912  -0.134555  0.308129  0.105702  -0.0631912  0.105702  0.16996
0.302435  -0.134311  -0.0629962  -0.134311  0.307906  0.105531  -0.0629962  0.105531  0.169908
0.302414  -0.134271  -0.0629612  -0.134271  0.307865  0.105499  -0.0629612  0.105499  0.169897
0.302278  -0.133981  -0.0628171  -0.133981  0.307583  0.105336  -0.0628171  0.105336  0.169866
0.302267  -0.133974  -0.0628139  -0.133974  0.307595  0.105343  -0.0628139  0.105343  0.16987
0.302146  -0.133725  -0.0626461  -0.133725  0.307346  0.105174  -0.0626461  0.105174  0.169825
0.302139  -0.133698  -0.0626326  -0.133698  0.307305  0.10515  -0.0626326  0.10515  0.169818
0.302022  -0.133471  -0.0624608  -0.133471  0.307086  0.104989  -0.0624608  0.104989  0.169772
0.302005  -0.133438  -0.0624442  -0.133438  0.307057  0.104973  -0.0624442  0.104973  0.16977
0.301897  -0.133184  -0.0623034  -0.133184  0.306782  0.104805  -0.0623034  0.104805  0.16973
0.301893  -0.133177  -0.0622854  -0.133177  0.30677  0.10479  -0.0622854  0.10479  0.169723
0.301799  -0.132978  -0.0620983  -0.132978  0.306544  0.104609  -0.0620983  0.104609  0.16966
0.301782  -0.132945  -0.0620819  -0.132945  0.306516  0.104593  -0.0620819  0.104593  0.169658
0.301703  -0.132732  -0.0619616  -0.132732  0.306259  0.104435  -0.0619616  0.104435  0.169617
0.301696  -0.132706  -0.0619483  -0.132706  0.306219  0.104411  -0.0619483  0.104411  0.169611
0.30162  -0.132541  -0.0617786  -0.132541  0.306022  0.104248  -0.0617786  0.104248  0.169552
0.301617  -0.132534  -0.0617607  -0.132534  0.30601  0.104233  -0.0617607  0.104233  0.169544
0.301541  -0.132343  -0.0616365  -0.132343  0.305783  0.104084  -0.0616365  0.104084  0.169503
0.301535  -0.132316  -0.0616233  -0.132316  0.305743  0.104061  -0.0616233  0.104061  0.169497
0.301476  -0.132172  -0.0614931  -0.132172  0.305559  0.103921  -0.0614931  0.103921  0.169449
0.301473  -0.132165  -0.0614753  -0.132165  0.305547  0.103906  -0.0614753  0.103906  0.169442
0.301415  -0.132034  -0.0613229  -0.132034  0.305381  0.10376  -0.0613229  0.10376  0.169386
0.301415  -0.132034  -0.0613229  -0.132034  0.305381  0.10376  -0.0613229  0.10376  0.169386
0.30136  -0.131883  -0.0612335  -0.131883  0.305194  0.103643  -0.0612335  0.103643  0.169355
0.301357  -0.131877  -0.0612158  -0.131877  0.305182  0.103628  -0.0612158  0.103628  0.169348
0.301305  -0.131773  -0.061077  -0.131773  0.305056  0.103506  -0.061077  0.103506  0.169299
0.301302  -0.131766  -0.0610592  -0.131766  0.305044  0.103491  -0.0610592  0.103491  0.169291
0.301254  -0.131642  -0.0609833  -0.131642  0.304898  0.103398  -0.0609833  0.103398  0.169268
0.301248  -0.131616  -0.0609702  -0.131616  0.304858  0.103375  -0.0609702  0.103375  0.169261
0.301187  -0.131506  -0.0608289  -0.131506  0.304744  0.10326  -0.0608289  0.10326  0.169217
0.301187  -0.131506  -0.0608289  -0.131506  0.304744  0.10326  -0.0608289  0.10326  0.169217
0.301167  -0.13148  -0.0607728  -0.13148  0.30472  0.103222  -0.0607728  0.103222  0.169199
0.301123  -0.131363  -0.0607148  -0.131363  0.304587  0.103145  -0.0607148  0.103145  0.169183
0.301117  -0.131336  -0.0607018  -0.131336  0.304547  0.103122  -0.0607018  0.103122  0.169177
0.301063  -0.131253  -0.0605739  -0.131253  0.304473  0.10303  -0.0605739  0.10303  0.169139
0.30106  -0.131247  -0.0605563  -0.131247  0.304461  0.103015  -0.0605563  0.103015  0.169132
0.301043  -0.131228  -0.060518  -0.131228  0.30445  0.102993  -0.060518  0.102993  0.169122
0.300997  -0.131104  -0.0604427  -0.131104  0.304305  0.102901  -0.0604427  0.102901  0.169098
0.300997  -0.131104  -0.0604427  -0.131104  0.304305  0.102901  -0.0604427  0.102901  0.169098
0.300949  -0.131021  -0.0603006  -0.131021  0.304207  0.102788  -0.0603006  0.102788  0.16905
0.30094  -0.131015  -0.0602976  -0.131015  0.304219  0.102795  -0.0602976  0.102795  0.169054
0.300931  -0.130983  -0.0602672  -0.130983  0.304168  0.102757  -0.0602672  0.102757  0.169041
0.300887  -0.130866  -0.0602098  -0.130866  0.304036  0.10268  -0.0602098  0.10268  0.169025
0.300887  -0.130866  -0.0602098  -0.130866  0.304036  0.10268  -0.0602098  0.10268  0.169025
0.300844  -0.13079  -0.0600856  -0.13079  0.30395  0.102583  -0.0600856  0.102583  0.168985
0.300844  -0.13079  -0.0600856  -0.13079  0.30395  0.102583  -0.0600856  0.102583  0.168985
0.300801  -0.130673  -0.0600284  -0.130673  0.303818  0.102506  -0.0600284  0.102506  0.168969
0.300801  -0.130673  -0.0600284  -0.130673  0.303818  0.102506  -0.0600284  0.102506  0.168969
0.300764  -0.130584  -0.0599123  -0.130584  0.303693  0.102393  -0.0599123  0.102393  0.168926
0.300761  -0.130577  -0.0598948  -0.130577  0.303682  0.102379  -0.0598948  0.102379  0.168919
0.300743  -0.130539  -0.0598615  -0.130539  0.303643  0.102348  -0.0598615  0.102348  0.16891
0.300705  -0.13039  -0.059817  -0.13039  0.303444  0.102249  -0.059817  0.102249  0.168893
0.300702  -0.130384  -0.0597995  -0.130384  0.303433  0.102234  -0.0597995  0.102234  0.168886
0.300653  -0.130282  -0.0596633  -0.130282  0.303309  0.102115  -0.0596633  0.102115  0.16884
0.300633  -0.130212  -0.0595856  -0.130212  0.303197  0.102025  -0.0595856  0.102025  0.168807
0.30063  -0.130192  -0.0595903  -0.130192  0.303169  0.102018  -0.0595903  0.102018  0.168808
0.30059  -0.130038  -0.0595286  -0.130038  0.30296  0.101904  -0.0595286  0.101904  0.168785
0.300587  -0.130031  -0.0595112  -0.130031  0.302949  0.101889  -0.0595112  0.101889  0.168778
0.300563  -0.129981  -0.0594434  -0.129981  0.302887  0.10183  -0.0594434  0.10183  0.168755
0.300528  -0.129866  -0.059301  -0.129866  0.302702  0.101674  -0.059301  0.101674  0.168696
0.300528  -0.129866  -0.059301  -0.129866  0.302702  0.101674  -0.059301  0.101674  0.168696
0.300483  -0.129687  -0.0592271  -0.129687  0.302455  0.101539  -0.0592271  0.101539  0.168667
0.30048  -0.12968  -0.0592097  -0.12968  0.302443  0.101524  -0.0592097  0.101524  0.16866
0.300433  -0.129567  -0.0590255  -0.129567  0.302275  0.101355  -0.0590255  0.101355  0.16859
0.30043  -0.129548  -0.0590303  -0.129548  0.302248  0.101348  -0.0590303  0.101348  0.168592
0.300385  -0.129382  -0.0589347  -0.129382  0.302017  0.101206  -0.0589347  0.101206  0.168555
0.30038  -0.129357  -0.0589221  -0.129357  0.301979  0.101184  -0.0589221  0.101184  0.168549
0.300331  -0.129211  -0.0587654  -0.129211  0.301769  0.101014  -0.0587654  0.101014  0.16849
0.300329  -0.129205  -0.0587481  -0.129205  0.301757  0.101  -0.0587481  0.101  0.168483
0.300312  -0.129142  -0.0586885  -0.129142  0.301658  0.100926  -0.0586885  0.100926  0.168458
