0.301727  -0.131715  -0.071886  -0.131715  0.308873  0.11181  -0.071886  0.11181  0.175005
0.301727  -0.131715  -0.071886  -0.131715  0.308873  0.11181  -0.071886  0.11181  0.175005
0.301727  -0.131729  -0.0718629  -0.131729  0.308887  0.111802  -0.0718629  0.111802  0.174993
0.301723  -0.131722  -0.0718439  -0.131722  0.308874  0.111786  -0.0718439  0.111786  0.174982
0.301717  -0.131695  -0.0718291  -0.131695  0.308834  0.11176  -0.0718291  0.11176  0.174974
0.301717  -0.131695  -0.0718291  -0.131695  0.308834  0.11176  -0.0718291  0.11176  0.174974
0.301706  -0.131662  -0.0717953  -0.131662  0.308781  0.111718  -0.0717953  0.111718  0.174954
0.301703  -0.131655  -0.0717763  -0.131655  0.308768  0.111701  -0.0717763  0.111701  0.174944
0.3017  -0.131649  -0.0717573  -0.131649  0.308755  0.111685  -0.0717573  0.111685  0.174933
0.301686  -0.131609  -0.0717046  -0.131609  0.308688  0.111626  -0.0717046  0.111626  0.174904
0.301697  -0.131616  -0.0717084  -0.131616  0.308676  0.111619  -0.0717084  0.111619  0.1749
0.301687  -0.131582  -0.0716746  -0.131582  0.308623  0.111577  -0.0716746  0.111577  0.17488
0.301687  -0.131582  -0.0716746  -0.131582  0.308623  0.111577  -0.0716746  0.111577  0.17488
0.301691  -0.131563  -0.0716636  -0.131563  0.308571  0.111544  -0.0716636  0.111544  0.174868
0.301691  -0.131563  -0.0716636  -0.131563  0.308571  0.111544  -0.0716636  0.111544  0.174868
0.301691  -0.131563  -0.0716636  -0.131563  0.308571  0.111544  -0.0716636  0.111544  0.174868
0.301691  -0.131563  -0.0716636  -0.131563  0.308571  0.111544  -0.0716636  0.111544  0.174868
0.301691  -0.131563  -0.0716636  -0.131563  0.308571  0.111544  -0.0716636  0.111544  0.174868
0.301694  -0.131569  -0.0716826  -0.131569  0.308584  0.111561  -0.0716826  0.111561  0.174878
0.301694  -0.131556  -0.0717057  -0.131556  0.30857  0.111568  -0.0717057  0.111568  0.17489
0.301698  -0.131576  -0.0717015  -0.131576  0.308597  0.111577  -0.0717015  0.111577  0.174889
0.301683  -0.131562  -0.0716788  -0.131562  0.308596  0.111568  -0.0716788  0.111568  0.174882
0.301683  -0.131562  -0.0716788  -0.131562  0.308596  0.111568  -0.0716788  0.111568  0.174882
0.301673  -0.131555  -0.071675  -0.131555  0.308608  0.111575  -0.071675  0.111575  0.174886
0.301662  -0.131549  -0.0716712  -0.131549  0.30862  0.111582  -0.0716712  0.111582  0.17489
0.301662  -0.131549  -0.0716712  -0.131549  0.30862  0.111582  -0.0716712  0.111582  0.17489
0.30164  -0.131548  -0.0716404  -0.131548  0.308658  0.111588  -0.0716404  0.111588  0.174886
0.30164  -0.131548  -0.0716404  -0.131548  0.308658  0.111588  -0.0716404  0.111588  0.174886
0.301636  -0.131568  -0.0716514  -0.131568  0.30871  0.111621  -0.0716514  0.111621  0.174899
0.301636  -0.131568  -0.0716514  -0.131568  0.30871  0.111621  -0.0716514  0.111621  0.174899
0.301628  -0.131581  -0.0716434  -0.131581  0.308749  0.111637  -0.0716434  0.111637  0.174901
0.301628  -0.131581  -0.0716434  -0.131581  0.308749  0.111637  -0.0716434  0.111637  0.174901
0.301618  -0.131574  -0.0716396  -0.131574  0.308761  0.111644  -0.0716396  0.111644  0.174905
0.301618  -0.131574  -0.0716396  -0.131574  0.308761  0.111644  -0.0716396  0.111644  0.174905
0.301618  -0.131574  -0.0716396  -0.131574  0.308761  0.111644  -0.0716396  0.111644  0.174905
0.301607  -0.131581  -0.0716127  -0.131581  0.308788  0.111643  -0.0716127  0.111643  0.174897
0.301607  -0.131581  -0.0716127  -0.131581  0.308788  0.111643  -0.0716127  0.111643  0.174897
0.301603  -0.131561  -0.0716169  -0.131561  0.30876  0.111634  -0.0716169  0.111634  0.174898
0.301589  -0.131547  -0.0715941  -0.131547  0.308759  0.111625  -0.0715941  0.111625  0.174892
0.301589  -0.131547  -0.0715941  -0.131547  0.308759  0.111625  -0.0715941  0.111625  0.174892
0.301572  -0.131527  -0.0715525  -0.131527  0.308745  0.111598  -0.0715525  0.111598  0.174875
0.301572  -0.131527  -0.0715525  -0.131527  0.308745  0.111598  -0.0715525  0.111598  0.174875
0.301554  -0.131494  -0.0715339  -0.131494  0.308717  0.11158  -0.0715339  0.11158  0.17487
0.301544  -0.131487  -0.0715301  -0.131487  0.308729  0.111587  -0.0715301  0.111587  0.174874
0.301526  -0.131467  -0.0714884  -0.131467  0.308715  0.111561  -0.0714884  0.111561  0.174857
0.301526  -0.131467  -0.0714884  -0.131467  0.308715  0.111561  -0.0714884  0.111561  0.174857
0.301515  -0.13146  -0.0714846  -0.13146  0.308727  0.111568  -0.0714846  0.111568  0.174861
0.301494  -0.131446  -0.071477  -0.131446  0.308751  0.111582  -0.071477  0.111582  0.174869
0.301494  -0.131446  -0.071477  -0.131446  0.308751  0.111582  -0.071477  0.111582  0.174869
0.301483  -0.131439  -0.0714732  -0.131439  0.308763  0.111589  -0.0714732  0.111589  0.174873
0.301483  -0.131439  -0.0714732  -0.131439  0.308763  0.111589  -0.0714732  0.111589  0.174873
0.301472  -0.131432  -0.0714694  -0.131432  0.308775  0.111596  -0.0714694  0.111596  0.174877
0.301472  -0.131432  -0.0714694  -0.131432  0.308775  0.111596  -0.0714694  0.111596  0.174877
0.301458  -0.131419  -0.0714467  -0.131419  0.308774  0.111586  -0.0714467  0.111586  0.174871
0.301458  -0.131419  -0.0714467  -0.131419  0.308774  0.111586  -0.0714467  0.111586  0.174871
0.301462  -0.131425  -0.0714656  -0.131425  0.308787  0.111603  -0.0714656  0.111603  0.174881
0.301462  -0.131425  -0.0714656  -0.131425  0.308787  0.111603  -0.0714656  0.111603  0.174881
0.301451  -0.131418  -0.0714618  -0.131418  0.308799  0.11161  -0.0714618  0.11161  0.174885
0.301451  -0.131418  -0.0714618  -0.131418  0.308799  0.11161  -0.0714618  0.11161  0.174885
0.301451  -0.131418  -0.0714618  -0.131418  0.308799  0.11161  -0.0714618  0.11161  0.174885
0.301451  -0.131418  -0.0714618  -0.131418  0.308799  0.11161  -0.0714618  0.11161  0.174885
0.301454  -0.131438  -0.0714577  -0.131438  0.308826  0.111619  -0.0714577  0.111619  0.174883
0.301454  -0.131438  -0.0714577  -0.131438  0.308826  0.111619  -0.0714577  0.111619  0.174883
0.301454  -0.131438  -0.0714577  -0.131438  0.308826  0.111619  -0.0714577  0.111619  0.174883
0.301454  -0.131438  -0.0714577  -0.131438  0.308826  0.111619  -0.0714577  0.111619  0.174883
0.301461  -0.131465  -0.0714724  -0.131465  0.308866  0.111644  -0.0714724  0.111644  0.174892
0.301461  -0.131465  -0.0714724  -0.131465  0.308866  0.111644  -0.0714724  0.111644  0.174892
0.301461  -0.131465  -0.0714724  -0.131465  0.308866  0.111644  -0.0714724  0.111644  0.174892
0.301461  -0.131465  -0.0714724  -0.131465  0.308866  0.111644  -0.0714724  0.111644  0.174892
0.301464  -0.131472  -0.0714913  -0.131472  0.308879  0.111661  -0.0714913  0.111661  0.174903
0.301478  -0.131498  -0.0714909  -0.131498  0.308894  0.111663  -0.0714909  0.111663  0.174897
0.301478  -0.131498  -0.0714909  -0.131498  0.308894  0.111663  -0.0714909  0.111663  0.174897
0.301481  -0.131505  -0.0715099  -0.131505  0.308907  0.11168  -0.0715099  0.11168  0.174907
0.301481  -0.131505  -0.0715099  -0.131505  0.308907  0.11168  -0.0715099  0.11168  0.174907
0.301481  -0.131505  -0.0715099  -0.131505  0.308907  0.11168  -0.0715099  0.11168  0.174907
0.301481  -0.131505  -0.0715099  -0.131505  0.308907  0.11168  -0.0715099  0.11168  0.174907
0.301485  -0.131525  -0.0715057  -0.131525  0.308935  0.111689  -0.0715057  0.111689  0.174906
0.301488  -0.131532  -0.0715246  -0.131532  0.308948  0.111705  -0.0715246  0.111705  0.174916
0.301485  -0.131512  -0.0715288  -0.131512  0.30892  0.111696  -0.0715288  0.111696  0.174918
0.301481  -0.131505  -0.0715099  -0.131505  0.308907  0.11168  -0.0715099  0.11168  0.174907
0.301481  -0.131505  -0.0715099  -0.131505  0.308907  0.11168  -0.0715099  0.11168  0.174907
0.301481  -0.131505  -0.0715099  -0.131505  0.308907  0.11168  -0.0715099  0.11168  0.174907
0.301481  -0.131505  -0.0715099  -0.131505  0.308907  0.11168  -0.0715099  0.11168  0.174907
0.301481  -0.131505  -0.0715099  -0.131505  0.308907  0.11168  -0.0715099  0.11168  0.174907
0.301478  -0.131485  -0.071514  -0.131485  0.30888  0.111671  -0.071514  0.111671  0.174909
0.301478  -0.131485  -0.071514  -0.131485  0.30888  0.111671  -0.071514  0.111671  0.174909
0.301478  -0.131485  -0.071514  -0.131485  0.30888  0.111671  -0.071514  0.111671  0.174909
0.301478  -0.131485  -0.071514  -0.131485  0.30888  0.111671  -0.071514  0.111671  0.174909
0.301478  -0.131485  -0.071514  -0.131485  0.30888  0.111671  -0.071514  0.111671  0.174909
0.301478  -0.131485  -0.071514  -0.131485  0.30888  0.111671  -0.071514  0.111671  0.174909
0.301475  -0.131478  -0.0714951  -0.131478  0.308867  0.111654  -0.0714951  0.111654  0.174899
0.301475  -0.131465  -0.0715182  -0.131465  0.308853  0.111662  -0.0715182  0.111662  0.174911
0.301475  -0.131465  -0.0715182  -0.131465  0.308853  0.111662  -0.0715182  0.111662  0.174911
0.301461  -0.131451  -0.0714955  -0.131451  0.308852  0.111652  -0.0714955  0.111652  0.174904
0.301461  -0.131451  -0.0714955  -0.131451  0.308852  0.111652  -0.0714955  0.111652  0.174904
0.301464  -0.131458  -0.0715144  -0.131458  0.308865  0.111669  -0.0715144  0.111669  0.174915
0.301453  -0.131451  -0.0715106  -0.131451  0.308877  0.111676  -0.0715106  0.111676  0.174919
0.301453  -0.131451  -0.0715106  -0.131451  0.308877  0.111676  -0.0715106  0.111676  0.174919
0.301453  -0.131451  -0.0715106  -0.131451  0.308877  0.111676  -0.0715106  0.111676  0.174919
0.301443  -0.131444  -0.0715068  -0.131444  0.308889  0.111683  -0.0715068  0.111683  0.174923
0.301443  -0.131444  -0.0715068  -0.131444  0.308889  0.111683  -0.0715068  0.111683  0.174923
0.301429  -0.131417  -0.0715072  -0.131417  0.308873  0.111681  -0.0715072  0.111681  0.174928
0.301429  -0.131417  -0.0715072  -0.131417  0.308873  0.111681  -0.0715072  0.111681  0.174928
0.301425  -0.131411  -0.0714883  -0.131411  0.30886  0.111664  -0.0714883  0.111664  0.174918
0.301425  -0.131411  -0.0714883  -0.131411  0.30886  0.111664  -0.0714883  0.111664  0.174918
0.301415  -0.131404  -0.0714845  -0.131404  0.308872  0.111671  -0.0714845  0.111671  0.174922
0.301415  -0.131404  -0.0714845  -0.131404  0.308872  0.111671  -0.0714845  0.111671  0.174922
0.301415  -0.131404  -0.0714845  -0.131404  0.308872  0.111671  -0.0714845  0.111671  0.174922
0.301407  -0.131403  -0.0714996  -0.131403  0.308897  0.111695  -0.0714996  0.111695  0.174936
0.301407  -0.131403  -0.0714996  -0.131403  0.308897  0.111695  -0.0714996  0.111695  0.174936
0.301407  -0.131403  -0.0714996  -0.131403  0.308897  0.111695  -0.0714996  0.111695  0.174936
0.301407  -0.131403  -0.0714996  -0.131403  0.308897  0.111695  -0.0714996  0.111695  0.174936
0.301407  -0.131403  -0.0714996  -0.131403  0.308897  0.111695  -0.0714996  0.111695  0.174936
0.301407  -0.131403  -0.0714996  -0.131403  0.308897  0.111695  -0.0714996  0.111695  0.174936
0.301411  -0.13141  -0.0715185  -0.13141  0.30891  0.111711  -0.0715185  0.111711  0.174947
0.301411  -0.13141  -0.0715185  -0.13141  0.30891  0.111711  -0.0715185  0.111711  0.174947
0.301411  -0.13141  -0.0715185  -0.13141  0.30891  0.111711  -0.0715185  0.111711  0.174947
0.301411  -0.13141  -0.0715185  -0.13141  0.30891  0.111711  -0.0715185  0.111711  0.174947
0.301414  -0.131417  -0.0715374  -0.131417  0.308923  0.111728  -0.0715374  0.111728  0.174957
0.301414  -0.131417  -0.0715374  -0.131417  0.308923  0.111728  -0.0715374  0.111728  0.174957
0.301414  -0.131417  -0.0715374  -0.131417  0.308923  0.111728  -0.0715374  0.111728  0.174957
0.301414  -0.131417  -0.0715374  -0.131417  0.308923  0.111728  -0.0715374  0.111728  0.174957
0.301425  -0.131424  -0.0715412  -0.131424  0.308911  0.111721  -0.0715412  0.111721  0.174953
0.301425  -0.131424  -0.0715412  -0.131424  0.308911  0.111721  -0.0715412  0.111721  0.174953
0.301428  -0.13143  -0.0715601  -0.13143  0.308924  0.111737  -0.0715601  0.111737  0.174964
0.301428  -0.13143  -0.0715601  -0.13143  0.308924  0.111737  -0.0715601  0.111737  0.174964
0.301428  -0.13143  -0.0715601  -0.13143  0.308924  0.111737  -0.0715601  0.111737  0.174964
0.301421  -0.13143  -0.0715752  -0.13143  0.308949  0.111761  -0.0715752  0.111761  0.174978
0.301421  -0.13143  -0.0715752  -0.13143  0.308949  0.111761  -0.0715752  0.111761  0.174978
0.301424  -0.131436  -0.0715941  -0.131436  0.308962  0.111778  -0.0715941  0.111778  0.174989
0.301424  -0.131436  -0.0715941  -0.131436  0.308962  0.111778  -0.0715941  0.111778  0.174989
0.301421  -0.131416  -0.0715983  -0.131416  0.308935  0.111769  -0.0715983  0.111769  0.17499
0.301421  -0.131416  -0.0715983  -0.131416  0.308935  0.111769  -0.0715983  0.111769  0.17499
0.301424  -0.131423  -0.0716172  -0.131423  0.308948  0.111785  -0.0716172  0.111785  0.175001
0.301424  -0.131423  -0.0716172  -0.131423  0.308948  0.111785  -0.0716172  0.111785  0.175001
0.301413  -0.131416  -0.0716134  -0.131416  0.30896  0.111792  -0.0716134  0.111792  0.175005
0.30141  -0.131396  -0.0716176  -0.131396  0.308933  0.111783  -0.0716176  0.111783  0.175006
0.30141  -0.131396  -0.0716176  -0.131396  0.308933  0.111783  -0.0716176  0.111783  0.175006
0.301393  -0.131362  -0.071599  -0.131362  0.308904  0.111765  -0.071599  0.111765  0.175002
0.301393  -0.131362  -0.071599  -0.131362  0.308904  0.111765  -0.071599  0.111765  0.175002
0.301386  -0.131336  -0.0715843  -0.131336  0.308864  0.111739  -0.0715843  0.111739  0.174993
0.301386  -0.131336  -0.0715843  -0.131336  0.308864  0.111739  -0.0715843  0.111739  0.174993
0.301366  -0.131282  -0.0715699  -0.131282  0.308809  0.111712  -0.0715699  0.111712  0.17499
0.301366  -0.131282  -0.0715699  -0.131282  0.308809  0.111712  -0.0715699  0.111712  0.17499
0.301359  -0.131256  -0.0715552  -0.131256  0.308768  0.111686  -0.0715552  0.111686  0.174981
0.301359  -0.131256  -0.0715552  -0.131256  0.308768  0.111686  -0.0715552  0.111686  0.174981
0.301345  -0.131229  -0.0715555  -0.131229  0.308753  0.111684  -0.0715555  0.111684  0.174987
0.301345  -0.131229  -0.0715555  -0.131229  0.308753  0.111684  -0.0715555  0.111684  0.174987
0.301331  -0.131202  -0.0715559  -0.131202  0.308738  0.111682  -0.0715559  0.111682  0.174993
0.301331  -0.131202  -0.0715559  -0.131202  0.308738  0.111682  -0.0715559  0.111682  0.174993
0.301321  -0.131182  -0.0715752  -0.131182  0.308736  0.111697  -0.0715752  0.111697  0.175009
0.30131  -0.131175  -0.0715714  -0.131175  0.308748  0.111704  -0.0715714  0.111704  0.175013
0.30131  -0.131175  -0.0715714  -0.131175  0.308748  0.111704  -0.0715714  0.111704  0.175013
0.301293  -0.131141  -0.0715528  -0.131141  0.308719  0.111685  -0.0715528  0.111685  0.175008
0.301293  -0.131141  -0.0715528  -0.131141  0.308719  0.111685  -0.0715528  0.111685  0.175008
0.301268  -0.131107  -0.0715494  -0.131107  0.308716  0.11169  -0.0715494  0.11169  0.175018
0.301265  -0.131087  -0.0715536  -0.131087  0.308689  0.111681  -0.0715536  0.111681  0.17502
0.301251  -0.131074  -0.0715309  -0.131074  0.308688  0.111672  -0.0715309  0.111672  0.175013
0.301251  -0.131074  -0.0715309  -0.131074  0.308688  0.111672  -0.0715309  0.111672  0.175013
0.301223  -0.131034  -0.0715086  -0.131034  0.308672  0.11166  -0.0715086  0.11166  0.175012
0.30122  -0.131014  -0.0715127  -0.131014  0.308645  0.111651  -0.0715127  0.111651  0.175014
0.301209  -0.131007  -0.0715089  -0.131007  0.308656  0.111658  -0.0715089  0.111658  0.175018
0.301196  -0.13098  -0.0715093  -0.13098  0.308641  0.111656  -0.0715093  0.111656  0.175024
0.301185  -0.130973  -0.0715055  -0.130973  0.308653  0.111663  -0.0715055  0.111663  0.175028
0.301174  -0.130966  -0.0715017  -0.130966  0.308665  0.11167  -0.0715017  0.11167  0.175032
0.301157  -0.130919  -0.0715063  -0.130919  0.308623  0.111659  -0.0715063  0.111659  0.175039
0.301143  -0.130906  -0.0714836  -0.130906  0.308622  0.11165  -0.0714836  0.11165  0.175033
0.30113  -0.130879  -0.071484  -0.130879  0.308607  0.111648  -0.071484  0.111648  0.175039
0.301119  -0.130872  -0.0714802  -0.130872  0.308619  0.111655  -0.0714802  0.111655  0.175043
0.301105  -0.130846  -0.0714805  -0.130846  0.308604  0.111653  -0.0714805  0.111653  0.175048
0.301095  -0.130839  -0.0714767  -0.130839  0.308616  0.11166  -0.0714767  0.11166  0.175052
0.301075  -0.130785  -0.0714625  -0.130785  0.30856  0.111633  -0.0714625  0.111633  0.175049
0.301064  -0.130779  -0.0714587  -0.130779  0.308572  0.11164  -0.0714587  0.11164  0.175053
0.301064  -0.130779  -0.0714587  -0.130779  0.308572  0.11164  -0.0714587  0.11164  0.175053
0.301023  -0.130712  -0.0714368  -0.130712  0.308541  0.111626  -0.0714368  0.111626  0.175058
0.30102  -0.130692  -0.071441  -0.130692  0.308514  0.111617  -0.071441  0.111617  0.17506
0.300992  -0.130652  -0.0714187  -0.130652  0.308498  0.111606  -0.0714187  0.111606  0.175059
0.300989  -0.130632  -0.0714229  -0.130632  0.308471  0.111597  -0.0714229  0.111597  0.175061
0.300975  -0.130618  -0.0714003  -0.130618  0.30847  0.111587  -0.0714003  0.111587  0.175055
0.300945  -0.130559  -0.0713822  -0.130559  0.308427  0.111567  -0.0713822  0.111567  0.175056
0.300942  -0.130539  -0.0713864  -0.130539  0.3084  0.111558  -0.0713864  0.111558  0.175057
0.300901  -0.130472  -0.0713646  -0.130472  0.308369  0.111544  -0.0713646  0.111544  0.175062
0.300901  -0.130472  -0.0713646  -0.130472  0.308369  0.111544  -0.0713646  0.111544  0.175062
0.30087  -0.130412  -0.0713466  -0.130412  0.308326  0.111524  -0.0713466  0.111524  0.175064
0.30087  -0.130412  -0.0713466  -0.130412  0.308326  0.111524  -0.0713466  0.111524  0.175064
0.300837  -0.130332  -0.0713328  -0.130332  0.308256  0.111495  -0.0713328  0.111495  0.175066
0.300837  -0.130332  -0.0713328  -0.130332  0.308256  0.111495  -0.0713328  0.111495  0.175066
0.30081  -0.130279  -0.0713336  -0.130279  0.308226  0.111491  -0.0713336  0.111491  0.175078
0.300796  -0.130266  -0.071311  -0.130266  0.308225  0.111481  -0.071311  0.111481  0.175071
0.300793  -0.130246  -0.0713152  -0.130246  0.308198  0.111472  -0.0713152  0.111472  0.175073
0.300763  -0.130186  -0.0712972  -0.130186  0.308155  0.111452  -0.0712972  0.111452  0.175074
0.300753  -0.130179  -0.0712935  -0.130179  0.308167  0.111459  -0.0712935  0.111459  0.175078
0.300722  -0.13012  -0.0712755  -0.13012  0.308125  0.111439  -0.0712755  0.111439  0.175079
0.300722  -0.13012  -0.0712755  -0.13012  0.308125  0.111439  -0.0712755  0.111439  0.175079
0.300709  -0.130093  -0.0712759  -0.130093  0.30811  0.111437  -0.0712759  0.111437  0.175085
0.300669  -0.130027  -0.0712542  -0.130027  0.308079  0.111423  -0.0712542  0.111423  0.17509
0.300669  -0.130027  -0.0712542  -0.130027  0.308079  0.111423  -0.0712542  0.111423  0.17509
0.300642  -0.129974  -0.071255  -0.129974  0.308049  0.111419  -0.071255  0.111419  0.175102
0.300631  -0.129967  -0.0712512  -0.129967  0.308061  0.111426  -0.0712512  0.111426  0.175106
0.300608  -0.129933  -0.0712479  -0.129933  0.308058  0.111432  -0.0712479  0.111432  0.175115
0.300594  -0.129907  -0.0712483  -0.129907  0.308043  0.11143  -0.0712483  0.11143  0.175121
0.300584  -0.1299  -0.0712445  -0.1299  0.308055  0.111437  -0.0712445  0.111437  0.175125
0.30056  -0.129867  -0.0712412  -0.129867  0.308052  0.111442  -0.0712412  0.111442  0.175135
0.300557  -0.129847  -0.0712454  -0.129847  0.308026  0.111433  -0.0712454  0.111433  0.175137
0.300547  -0.12984  -0.0712416  -0.12984  0.308038  0.11144  -0.0712416  0.11144  0.175141
0.30052  -0.129787  -0.0712424  -0.129787  0.308008  0.111436  -0.0712424  0.111436  0.175152
0.30051  -0.12978  -0.0712386  -0.12978  0.30802  0.111443  -0.0712386  0.111443  0.175156
0.300486  -0.129747  -0.0712353  -0.129747  0.308017  0.111448  -0.0712353  0.111448  0.175166
0.300483  -0.129727  -0.0712395  -0.129727  0.30799  0.111439  -0.0712395  0.111439  0.175167
0.300483  -0.129727  -0.0712395  -0.129727  0.30799  0.111439  -0.0712395  0.111439  0.175167
0.300454  -0.129668  -0.0712216  -0.129668  0.307948  0.111419  -0.0712216  0.111419  0.175169
0.300454  -0.129668  -0.0712216  -0.129668  0.307948  0.111419  -0.0712216  0.111419  0.175169
0.300427  -0.129615  -0.0712224  -0.129615  0.307918  0.111415  -0.0712224  0.111415  0.17518
0.300427  -0.129615  -0.0712224  -0.129615  0.307918  0.111415  -0.0712224  0.111415  0.17518
0.300411  -0.129569  -0.071227  -0.129569  0.307877  0.111404  -0.071227  0.111404  0.175188
0.300408  -0.129549  -0.0712312  -0.129549  0.30785  0.111395  -0.0712312  0.111395  0.175189
0.300394  -0.129536  -0.0712088  -0.129536  0.307849  0.111385  -0.0712088  0.111385  0.175183
0.300378  -0.12949  -0.0712134  -0.12949  0.307808  0.111375  -0.0712134  0.111375  0.175191
0.300375  -0.12947  -0.0712176  -0.12947  0.307781  0.111366  -0.0712176  0.111366  0.175192
0.300372  -0.129451  -0.0712217  -0.129451  0.307754  0.111357  -0.0712217  0.111357  0.175194
0.300359  -0.129424  -0.0712222  -0.129424  0.30774  0.111355  -0.0712222  0.111355  0.1752
0.300356  -0.129404  -0.0712264  -0.129404  0.307713  0.111346  -0.0712264  0.111346  0.175202
0.300337  -0.129352  -0.0712123  -0.129352  0.307659  0.111319  -0.0712123  0.111319  0.175199
0.300327  -0.129345  -0.0712085  -0.129345  0.307671  0.111325  -0.0712085  0.111325  0.175203
0.300305  -0.129273  -0.0711986  -0.129273  0.30759  0.111289  -0.0711986  0.111289  0.175202
0.300305  -0.129273  -0.0711986  -0.129273  0.30759  0.111289  -0.0711986  0.111289  0.175202
0.300288  -0.129241  -0.0711804  -0.129241  0.307563  0.111271  -0.0711804  0.111271  0.175197
0.300256  -0.129162  -0.0711668  -0.129162  0.307494  0.111242  -0.0711668  0.111242  0.1752
0.300256  -0.129162  -0.0711668  -0.129162  0.307494  0.111242  -0.0711668  0.111242  0.1752
0.300224  -0.129097  -0.0711303  -0.129097  0.307439  0.111205  -0.0711303  0.111205  0.175191
0.300214  -0.12909  -0.0711265  -0.12909  0.307451  0.111212  -0.0711265  0.111212  0.175195
0.300211  -0.12907  -0.0711307  -0.12907  0.307425  0.111203  -0.0711307  0.111203  0.175197
0.300175  -0.129011  -0.0711279  -0.129011  0.307407  0.111206  -0.0711279  0.111206  0.175212
0.300172  -0.128991  -0.0711321  -0.128991  0.307381  0.111197  -0.0711321  0.111197  0.175214
0.300146  -0.128952  -0.0711101  -0.128952  0.307366  0.111186  -0.0711101  0.111186  0.175213
0.300135  -0.128945  -0.0711064  -0.128945  0.307378  0.111193  -0.0711064  0.111193  0.175217
0.300109  -0.128893  -0.0711072  -0.128893  0.307348  0.111189  -0.0711072  0.111189  0.175229
0.300109  -0.128893  -0.0711072  -0.128893  0.307348  0.111189  -0.0711072  0.111189  0.175229
0.30006  -0.12882  -0.071082  -0.12882  0.307331  0.111183  -0.071082  0.111183  0.175238
0.30006  -0.12882  -0.071082  -0.12882  0.307331  0.111183  -0.071082  0.111183  0.175238
0.300021  -0.128755  -0.0710605  -0.128755  0.307301  0.11117  -0.0710605  0.11117  0.175243
0.300021  -0.128755  -0.0710605  -0.128755  0.307301  0.11117  -0.0710605  0.11117  0.175243
0.29997  -0.128663  -0.0710395  -0.128663  0.307256  0.111155  -0.0710395  0.111155  0.175254
0.29997  -0.128663  -0.0710395  -0.128663  0.307256  0.111155  -0.0710395  0.111155  0.175254
0.299944  -0.128624  -0.0710176  -0.128624  0.307241  0.111143  -0.0710176  0.111143  0.175254
0.299892  -0.128546  -0.0709739  -0.128546  0.307211  0.111121  -0.0709739  0.111121  0.175252
0.299882  -0.128539  -0.0709701  -0.128539  0.307223  0.111128  -0.0709701  0.111128  0.175256
0.299831  -0.128448  -0.0709492  -0.128448  0.307179  0.111113  -0.0709492  0.111113  0.175267
0.299828  -0.128441  -0.0709306  -0.128441  0.307166  0.111096  -0.0709306  0.111096  0.175257
0.299764  -0.128337  -0.0708875  -0.128337  0.307121  0.111072  -0.0708875  0.111072  0.175262
0.299754  -0.12833  -0.0708837  -0.12833  0.307133  0.111079  -0.0708837  0.111079  0.175266
0.29969  -0.128226  -0.0708406  -0.128226  0.307089  0.111055  -0.0708406  0.111055  0.175271
0.299688  -0.128207  -0.0708448  -0.128207  0.307062  0.111046  -0.0708448  0.111046  0.175272
0.299662  -0.128168  -0.070823  -0.128168  0.307047  0.111035  -0.070823  0.111035  0.175272
0.299593  -0.128039  -0.0707657  -0.128039  0.306964  0.110985  -0.0707657  0.110985  0.175268
0.299591  -0.128032  -0.0707472  -0.128032  0.306951  0.110969  -0.0707472  0.110969  0.175258
0.299522  -0.127903  -0.0706899  -0.127903  0.306868  0.110919  -0.0706899  0.110919  0.175255
0.299507  -0.127871  -0.0706719  -0.127871  0.306841  0.110901  -0.0706719  0.110901  0.17525
0.299482  -0.127832  -0.0706502  -0.127832  0.306826  0.11089  -0.0706502  0.11089  0.17525
0.299396  -0.127665  -0.0705568  -0.127665  0.306704  0.110807  -0.0705568  0.110807  0.175232
0.299383  -0.127652  -0.0705346  -0.127652  0.306703  0.110797  -0.0705346  0.110797  0.175225
0.299353  -0.127588  -0.0704987  -0.127588  0.306649  0.110761  -0.0704987  0.110761  0.175217
0.299258  -0.127415  -0.0704019  -0.127415  0.306539  0.110685  -0.0704019  0.110685  0.175203
0.299255  -0.127409  -0.0703835  -0.127409  0.306527  0.110669  -0.0703835  0.110669  0.175193
0.299215  -0.127339  -0.0703441  -0.127339  0.306485  0.11064  -0.0703441  0.11064  0.175188
0.299131  -0.127173  -0.0702512  -0.127173  0.306364  0.110557  -0.0702512  0.110557  0.17517
0.299122  -0.127166  -0.0702475  -0.127166  0.306376  0.110564  -0.0702475  0.110564  0.175174
0.299019  -0.126987  -0.0701475  -0.126987  0.306279  0.110495  -0.0701475  0.110495  0.175165
0.299004  -0.126955  -0.0701298  -0.126955  0.306252  0.110477  -0.0701298  0.110477  0.175161
0.29897  -0.126911  -0.0701047  -0.126911  0.30625  0.110473  -0.0701047  0.110473  0.175164
0.29888  -0.126745  -0.070027  -0.126745  0.306154  0.110413  -0.070027  0.110413  0.175161
0.298878  -0.126739  -0.0700087  -0.126739  0.306141  0.110397  -0.0700087  0.110397  0.175151
0.298789  -0.126574  -0.0699312  -0.126574  0.306045  0.110338  -0.0699312  0.110338  0.175148
0.298777  -0.126561  -0.0699092  -0.126561  0.306045  0.110329  -0.0699092  0.110329  0.175142
0.298688  -0.126396  -0.0698319  -0.126396  0.305949  0.110269  -0.0698319  0.110269  0.175139
0.298686  -0.12639  -0.0698137  -0.12639  0.305937  0.110253  -0.0698137  0.110253  0.175129
0.298586  -0.126213  -0.0697147  -0.126213  0.305841  0.110185  -0.0697147  0.110185  0.17512
0.298574  -0.126201  -0.0696929  -0.126201  0.305841  0.110176  -0.0696929  0.110176  0.175115
0.298473  -0.126019  -0.069576  -0.126019  0.305733  0.110092  -0.069576  0.110092  0.175096
0.298461  -0.125993  -0.0695766  -0.125993  0.305719  0.11009  -0.0695766  0.11009  0.175102
0.298412  -0.125912  -0.0695161  -0.125912  0.305679  0.110053  -0.0695161  0.110053  0.175092
0.298321  -0.125736  -0.0694033  -0.125736  0.30556  0.109962  -0.0694033  0.109962  0.17507
0.298307  -0.125705  -0.0693858  -0.125705  0.305534  0.109944  -0.0693858  0.109944  0.175066
0.298206  -0.125505  -0.069274  -0.125505  0.305401  0.109852  -0.069274  0.109852  0.175049
0.298197  -0.125499  -0.0692704  -0.125499  0.305413  0.109859  -0.0692704  0.109859  0.175053
0.298089  -0.125269  -0.069127  -0.125269  0.305232  0.109727  -0.069127  0.109727  0.17502
0.29808  -0.125262  -0.0691234  -0.125262  0.305244  0.109734  -0.0691234  0.109734  0.175024
0.298041  -0.125175  -0.0690894  -0.125175  0.305178  0.109697  -0.0690894  0.109697  0.175022
0.297942  -0.124976  -0.0689783  -0.124976  0.305048  0.109605  -0.0689783  0.109605  0.175006
0.297929  -0.124945  -0.068961  -0.124945  0.305022  0.109588  -0.068961  0.109588  0.175002
0.297837  -0.124748  -0.0688359  -0.124748  0.304867  0.109474  -0.0688359  0.109474  0.174973
0.297828  -0.124742  -0.0688323  -0.124742  0.304879  0.109481  -0.0688323  0.109481  0.174977
0.297726  -0.12452  -0.0687083  -0.12452  0.304712  0.109365  -0.0687083  0.109365  0.174954
0.297715  -0.124508  -0.0686868  -0.124508  0.304712  0.109357  -0.0686868  0.109357  0.174948
0.297676  -0.124416  -0.0686352  -0.124416  0.304635  0.109304  -0.0686352  0.109304  0.174937
0.297573  -0.124202  -0.0684716  -0.124202  0.30447  0.109167  -0.0684716  0.109167  0.174893
0.297562  -0.124177  -0.0684724  -0.124177  0.304456  0.109165  -0.0684724  0.109165  0.174899
0.297461  -0.123951  -0.0683315  -0.123951  0.304279  0.109035  -0.0683315  0.109035  0.174867
0.297448  -0.123921  -0.0683145  -0.123921  0.304253  0.109017  -0.0683145  0.109017  0.174864
0.297412  -0.123848  -0.068259  -0.123848  0.304203  0.108974  -0.068259  0.108974  0.174851
0.297323  -0.123635  -0.0681401  -0.123635  0.304026  0.108853  -0.0681401  0.108853  0.174825
0.29731  -0.123605  -0.0681231  -0.123605  0.304001  0.108836  -0.0681231  0.108836  0.174821
0.29723  -0.123399  -0.068008  -0.123399  0.303813  0.108709  -0.068008  0.108709  0.174792
0.29722  -0.123387  -0.0679867  -0.123387  0.303813  0.1087  -0.0679867  0.1087  0.174786
0.297137  -0.123157  -0.0678586  -0.123157  0.303589  0.108549  -0.0678586  0.108549  0.174749
0.297125  -0.123127  -0.0678417  -0.123127  0.303564  0.108532  -0.0678417  0.108532  0.174746
0.297088  -0.123037  -0.0677912  -0.123037  0.303489  0.10848  -0.0677912  0.10848  0.174735
0.297  -0.122808  -0.0676779  -0.122808  0.303291  0.108352  -0.0676779  0.108352  0.174712
0.296991  -0.122802  -0.0676744  -0.122802  0.303302  0.108359  -0.0676744  0.108359  0.174716
0.296906  -0.122605  -0.0675351  -0.122605  0.303142  0.108233  -0.0675351  0.108233  0.17468
0.296894  -0.122575  -0.0675184  -0.122575  0.303117  0.108216  -0.0675184  0.108216  0.174677
0.296808  -0.122347  -0.0674058  -0.122347  0.30292  0.108088  -0.0674058  0.108088  0.174654
0.296808  -0.122347  -0.0674058  -0.122347  0.30292  0.108088  -0.0674058  0.108088  0.174654
0.296725  -0.122138  -0.0672892  -0.122138  0.302748  0.107969  -0.0672892  0.107969  0.17463
0.296715  -0.122127  -0.0672682  -0.122127  0.302748  0.107961  -0.0672682  0.107961  0.174625
0.296682  -0.122043  -0.0672359  -0.122043  0.302686  0.107925  -0.0672359  0.107925  0.174624
0.296594  -0.121835  -0.067134  -0.121835  0.302539  0.107829  -0.067134  0.107829  0.174614
0.296592  -0.121829  -0.0671164  -0.121829  0.302527  0.107814  -0.0671164  0.107814  0.174605
0.296514  -0.121645  -0.0670138  -0.121645  0.302393  0.10772  -0.0670138  0.10772  0.174589
0.296503  -0.121616  -0.0669973  -0.121616  0.302369  0.107703  -0.0669973  0.107703  0.174585
0.296426  -0.121433  -0.0668949  -0.121433  0.302235  0.107609  -0.0668949  0.107609  0.17457
0.296415  -0.121403  -0.0668784  -0.121403  0.302211  0.107592  -0.0668784  0.107592  0.174566
0.29638  -0.121315  -0.0668291  -0.121315  0.302139  0.107542  -0.0668291  0.107542  0.174557
0.296303  -0.121127  -0.0667097  -0.121127  0.301994  0.107433  -0.0667097  0.107433  0.174532
0.296294  -0.121103  -0.0667107  -0.121103  0.301982  0.107431  -0.0667107  0.107431  0.174538
0.296219  -0.120921  -0.0666091  -0.120921  0.30185  0.107338  -0.0666091  0.107338  0.174523
0.296217  -0.120916  -0.0665917  -0.120916  0.301838  0.107323  -0.0665917  0.107323  0.174514
0.296145  -0.120753  -0.0664859  -0.120753  0.30173  0.107238  -0.0664859  0.107238  0.174497
0.296142  -0.120729  -0.066473  -0.120729  0.301694  0.107215  -0.066473  0.107215  0.17449
0.296067  -0.12053  -0.0663763  -0.12053  0.301539  0.107113  -0.0663763  0.107113  0.174477
0.296056  -0.120501  -0.06636  -0.120501  0.301515  0.107097  -0.06636  0.107097  0.174474
0.296034  -0.120443  -0.0663275  -0.120443  0.301467  0.107064  -0.0663275  0.107064  0.174468
0.29596  -0.120245  -0.0662312  -0.120245  0.301313  0.106963  -0.0662312  0.106963  0.174455
0.29595  -0.120216  -0.066215  -0.120216  0.301289  0.106946  -0.066215  0.106946  0.174452
0.295927  -0.12014  -0.066187  -0.12014  0.301218  0.106905  -0.066187  0.106905  0.174448
0.295856  -0.119961  -0.0660867  -0.119961  0.301088  0.106812  -0.0660867  0.106812  0.174433
0.295848  -0.119955  -0.0660834  -0.119955  0.3011  0.106819  -0.0660834  0.106819  0.174438
0.295778  -0.119776  -0.0659834  -0.119776  0.300971  0.106727  -0.0659834  0.106727  0.174424
0.29577  -0.11977  -0.0659801  -0.11977  0.300983  0.106734  -0.0659801  0.106734  0.174428
0.295749  -0.119712  -0.0659479  -0.119712  0.300936  0.106701  -0.0659479  0.106701  0.174422
0.29568  -0.119534  -0.0658482  -0.119534  0.300807  0.106609  -0.0658482  0.106609  0.174408
0.295671  -0.119523  -0.0658277  -0.119523  0.300807  0.106601  -0.0658277  0.106601  0.174404
0.295651  -0.119466  -0.0657956  -0.119466  0.30076  0.106569  -0.0657956  0.106569  0.174398
0.295584  -0.119293  -0.0657134  -0.119293  0.300644  0.106492  -0.0657134  0.106492  0.174393
0.295582  -0.119288  -0.0656962  -0.119288  0.300632  0.106477  -0.0656962  0.106477  0.174384
0.295524  -0.119139  -0.0656131  -0.119139  0.300528  0.106402  -0.0656131  0.106402  0.174374
0.295516  -0.119115  -0.0656142  -0.119115  0.300516  0.106401  -0.0656142  0.106401  0.17438
0.295488  -0.119053  -0.0655791  -0.119053  0.300482  0.106375  -0.0655791  0.106375  0.174378
0.29544  -0.118915  -0.0655165  -0.118915  0.300377  0.106308  -0.0655165  0.106308  0.174373
0.29543  -0.118887  -0.0655006  -0.118887  0.300354  0.106292  -0.0655006  0.106292  0.17437
0.295374  -0.118739  -0.0654179  -0.118739  0.300251  0.106217  -0.0654179  0.106217  0.17436
0.295373  -0.118734  -0.0654008  -0.118734  0.300239  0.106203  -0.0654008  0.106203  0.174351
0.295308  -0.118563  -0.0653195  -0.118563  0.300124  0.106127  -0.0653195  0.106127  0.174347
0.295298  -0.118534  -0.0653037  -0.118534  0.300101  0.106111  -0.0653037  0.106111  0.174344
0.295279  -0.118478  -0.065272  -0.118478  0.300055  0.106078  -0.065272  0.106078  0.174339
0.295215  -0.118302  -0.065174  -0.118302  0.29993  0.105988  -0.065174  0.105988  0.174327
0.295213  -0.118297  -0.0651569  -0.118297  0.299918  0.105973  -0.0651569  0.105973  0.174318
0.295156  -0.118128  -0.0650624  -0.118128  0.299781  0.105876  -0.0650624  0.105876  0.174302
0.295155  -0.118111  -0.0650668  -0.118111  0.299758  0.105868  -0.0650668  0.105868  0.174303
0.295135  -0.11805  -0.0650184  -0.11805  0.299701  0.105821  -0.0650184  0.105821  0.174289
0.295079  -0.117893  -0.0649027  -0.117893  0.299576  0.105718  -0.0649027  0.105718  0.174263
0.295078  -0.117876  -0.0649072  -0.117876  0.299553  0.10571  -0.0649072  0.10571  0.174265
0.295022  -0.117703  -0.0647962  -0.117703  0.299406  0.105599  -0.0647962  0.105599  0.17424
0.295019  -0.117681  -0.0647838  -0.117681  0.299371  0.105576  -0.0647838  0.105576  0.174234
0.294963  -0.117508  -0.0646731  -0.117508  0.299224  0.105465  -0.0646731  0.105465  0.17421
0.294962  -0.117503  -0.0646562  -0.117503  0.299213  0.105451  -0.0646562  0.105451  0.174201
0.294943  -0.11743  -0.0646295  -0.11743  0.299145  0.105411  -0.0646295  0.105411  0.174198
0.294894  -0.117246  -0.0645269  -0.117246  0.298963  0.105285  -0.0645269  0.105285  0.174172
0.294887  -0.117241  -0.0645238  -0.117241  0.298975  0.105292  -0.0645238  0.105292  0.174176
0.294838  -0.11707  -0.0644001  -0.11707  0.298806  0.105161  -0.0644001  0.105161  0.17414
0.294837  -0.117053  -0.0644046  -0.117053  0.298784  0.105153  -0.0644046  0.105153  0.174141
0.294791  -0.116892  -0.0643148  -0.116892  0.298638  0.10505  -0.0643148  0.10505  0.174122
0.29479  -0.116887  -0.064298  -0.116887  0.298626  0.105036  -0.064298  0.105036  0.174114
0.294745  -0.116739  -0.0641872  -0.116739  0.298493  0.104928  -0.0641872  0.104928  0.174085
0.294744  -0.116722  -0.0641917  -0.116722  0.29847  0.10492  -0.0641917  0.10492  0.174087
0.294699  -0.116574  -0.0640811  -0.116574  0.298337  0.104812  -0.0640811  0.104812  0.174058
0.294698  -0.116557  -0.0640856  -0.116557  0.298314  0.104804  -0.0640856  0.104804  0.17406
0.294654  -0.11641  -0.0639753  -0.11641  0.298181  0.104696  -0.0639753  0.104696  0.174032
0.294645  -0.116383  -0.06396  -0.116383  0.298159  0.104681  -0.06396  0.104681  0.174029
0.294634  -0.116328  -0.0639157  -0.116328  0.298092  0.104628  -0.0639157  0.104628  0.174012
0.294592  -0.116204  -0.0638179  -0.116204  0.297993  0.104543  -0.0638179  0.104543  0.173991
0.294591  -0.116187  -0.0638224  -0.116187  0.297971  0.104535  -0.0638224  0.104535  0.173992
0.294556  -0.116068  -0.0637279  -0.116068  0.297861  0.104444  -0.0637279  0.104444  0.173967
0.294556  -0.116068  -0.0637279  -0.116068  0.297861  0.104444  -0.0637279  0.104444  0.173967
0.294514  -0.115926  -0.063635  -0.115926  0.29774  0.104352  -0.063635  0.104352  0.173947
0.294514  -0.115926  -0.063635  -0.115926  0.29774  0.104352  -0.063635  0.104352  0.173947
0.294474  -0.115807  -0.0635545  -0.115807  0.297654  0.104282  -0.0635545  0.104282  0.173934
0.294473  -0.115785  -0.0635424  -0.115785  0.29762  0.104259  -0.0635424  0.104259  0.173928
0.294432  -0.115662  -0.0634453  -0.115662  0.297523  0.104175  -0.0634453  0.104175  0.173907
0.294432  -0.115662  -0.0634453  -0.115662  0.297523  0.104175  -0.0634453  0.104175  0.173907
0.294393  -0.115538  -0.0633485  -0.115538  0.297426  0.104092  -0.0633485  0.104092  0.173887
0.294392  -0.115533  -0.0633319  -0.115533  0.297415  0.104077  -0.0633319  0.104077  0.173879
0.294344  -0.115378  -0.0632036  -0.115378  0.297285  0.103964  -0.0632036  0.103964  0.173848
0.294337  -0.115368  -0.063184  -0.115368  0.297286  0.103957  -0.063184  0.103957  0.173844
0.294336  -0.115351  -0.0631886  -0.115351  0.297264  0.103949  -0.0631886  0.103949  0.173846
0.294321  -0.115314  -0.0631539  -0.115314  0.297243  0.103926  -0.0631539  0.103926  0.17384
0.294296  -0.115236  -0.0630546  -0.115236  0.297168  0.103845  -0.0630546  0.103845  0.173808
0.294289  -0.115209  -0.0630396  -0.115209  0.297146  0.10383  -0.0630396  0.10383  0.173806
0.29428  -0.115178  -0.063008  -0.115178  0.297114  0.1038  -0.063008  0.1038  0.173796
0.29425  -0.115099  -0.0629224  -0.115099  0.297061  0.103741  -0.0629224  0.103741  0.173777
0.294249  -0.115077  -0.0629104  -0.115077  0.297028  0.103719  -0.0629104  0.103719  0.17377
0.294235  -0.115057  -0.0628714  -0.115057  0.29703  0.103704  -0.0628714  0.103704  0.173763
0.294211  -0.114984  -0.062789  -0.114984  0.296966  0.103638  -0.062789  0.103638  0.173739
0.294211  -0.114967  -0.0627935  -0.114967  0.296944  0.10363  -0.0627935  0.10363  0.173741
0.294181  -0.114885  -0.0626917  -0.114885  0.296881  0.103556  -0.0626917  0.103556  0.173714
0.294181  -0.114885  -0.0626917  -0.114885  0.296881  0.103556  -0.0626917  0.103556  0.173714
0.294158  -0.114829  -0.062605  -0.114829  0.296839  0.103499  -0.062605  0.103499  0.173689
0.294158  -0.114829  -0.062605  -0.114829  0.296839  0.103499  -0.062605  0.103499  0.173689
0.294135  -0.114756  -0.0625229  -0.114756  0.296776  0.103433  -0.0625229  0.103433  0.173666
0.294129  -0.11475  -0.0625199  -0.11475  0.296788  0.10344  -0.0625199  0.10344  0.17367
0.294113  -0.1147  -0.0624364  -0.1147  0.296734  0.103375  -0.0624364  0.103375  0.173641
0.294107  -0.114695  -0.0624334  -0.114695  0.296746  0.103382  -0.0624334  0.103382  0.173646
0.294093  -0.114666  -0.0623618  -0.114666  0.296727  0.103339  -0.0623618  0.103339  0.173623
0.294093  -0.114666  -0.0623618  -0.114666  0.296727  0.103339  -0.0623618  0.103339  0.173623
0.294078  -0.114637  -0.0622902  -0.114637  0.296707  0.103297  -0.0622902  0.103297  0.1736
0.294078  -0.114637  -0.0622902  -0.114637  0.296707  0.103297  -0.0622902  0.103297  0.1736
0.294064  -0.114612  -0.0622351  -0.114612  0.296698  0.103269  -0.0622351  0.103269  0.173586
0.294064  -0.114608  -0.0622187  -0.114608  0.296687  0.103255  -0.0622187  0.103255  0.173578
0.29405  -0.114588  -0.06218  -0.114588  0.296689  0.103241  -0.06218  0.103241  0.173571
0.29405  -0.114588  -0.06218  -0.114588  0.296689  0.103241  -0.06218  0.103241  0.173571
0.294043  -0.114586  -0.0621234  -0.114586  0.29669  0.103214  -0.0621234  0.103214  0.173551
0.294043  -0.114586  -0.0621234  -0.114586  0.29669  0.103214  -0.0621234  0.103214  0.173551
0.29403  -0.114566  -0.0620847  -0.114566  0.296692  0.103199  -0.0620847  0.103199  0.173544
0.294029  -0.114561  -0.0620684  -0.114561  0.296681  0.103185  -0.0620684  0.103185  0.173536
0.294023  -0.114568  -0.0620445  -0.114568  0.296705  0.103186  -0.0620445  0.103186  0.173531
