0.297312  -0.121534  -0.0745181  -0.121534  0.303373  0.112238  -0.0745181  0.112238  0.178557
0.297312  -0.121534  -0.0745181  -0.121534  0.303373  0.112238  -0.0745181  0.112238  0.178557
0.297312  -0.121534  -0.0745181  -0.121534  0.303373  0.112238  -0.0745181  0.112238  0.178557
0.297312  -0.121534  -0.0745181  -0.121534  0.303373  0.112238  -0.0745181  0.112238  0.178557
0.297301  -0.121509  -0.0745183  -0.121509  0.303361  0.112236  -0.0745183  0.112236  0.178563
0.297301  -0.121509  -0.0745183  -0.121509  0.303361  0.112236  -0.0745183  0.112236  0.178563
0.297301  -0.121509  -0.0745183  -0.121509  0.303361  0.112236  -0.0745183  0.112236  0.178563
0.297288  -0.121479  -0.0745001  -0.121479  0.303337  0.112217  -0.0745001  0.112217  0.178558
0.297288  -0.121479  -0.0745001  -0.121479  0.303337  0.112217  -0.0745001  0.112217  0.178558
0.297277  -0.121454  -0.0745003  -0.121454  0.303325  0.112215  -0.0745003  0.112215  0.178564
0.297266  -0.121443  -0.0744781  -0.121443  0.303324  0.112206  -0.0744781  0.112206  0.178557
0.297266  -0.121443  -0.0744781  -0.121443  0.303324  0.112206  -0.0744781  0.112206  0.178557
0.297256  -0.121418  -0.0744783  -0.121418  0.303312  0.112203  -0.0744783  0.112203  0.178563
0.297256  -0.121418  -0.0744783  -0.121418  0.303312  0.112203  -0.0744783  0.112203  0.178563
0.297256  -0.121418  -0.0744783  -0.121418  0.303312  0.112203  -0.0744783  0.112203  0.178563
0.297256  -0.121418  -0.0744783  -0.121418  0.303312  0.112203  -0.0744783  0.112203  0.178563
0.297245  -0.121393  -0.0744785  -0.121393  0.3033  0.112201  -0.0744785  0.112201  0.178569
0.297245  -0.121393  -0.0744785  -0.121393  0.3033  0.112201  -0.0744785  0.112201  0.178569
0.297245  -0.121393  -0.0744785  -0.121393  0.3033  0.112201  -0.0744785  0.112201  0.178569
0.297236  -0.121387  -0.0744747  -0.121387  0.303312  0.112208  -0.0744747  0.112208  0.178573
0.297236  -0.121387  -0.0744747  -0.121387  0.303312  0.112208  -0.0744747  0.112208  0.178573
0.297234  -0.121369  -0.0744787  -0.121369  0.303289  0.112199  -0.0744787  0.112199  0.178575
0.297234  -0.121369  -0.0744787  -0.121369  0.303289  0.112199  -0.0744787  0.112199  0.178575
0.297234  -0.121369  -0.0744787  -0.121369  0.303289  0.112199  -0.0744787  0.112199  0.178575
0.297238  -0.121351  -0.0744681  -0.121351  0.30324  0.112167  -0.0744681  0.112167  0.178561
0.297238  -0.121351  -0.0744681  -0.121351  0.30324  0.112167  -0.0744681  0.112167  0.178561
0.297236  -0.121333  -0.0744721  -0.121333  0.303216  0.112158  -0.0744721  0.112158  0.178563
0.297236  -0.121333  -0.0744721  -0.121333  0.303216  0.112158  -0.0744721  0.112158  0.178563
0.297236  -0.121333  -0.0744721  -0.121333  0.303216  0.112158  -0.0744721  0.112158  0.178563
0.297232  -0.121309  -0.0744577  -0.121309  0.30318  0.112132  -0.0744577  0.112132  0.178554
0.297232  -0.121309  -0.0744577  -0.121309  0.30318  0.112132  -0.0744577  0.112132  0.178554
0.297232  -0.121309  -0.0744577  -0.121309  0.30318  0.112132  -0.0744577  0.112132  0.178554
0.29723  -0.121291  -0.0744617  -0.121291  0.303156  0.112123  -0.0744617  0.112123  0.178556
0.297239  -0.121297  -0.0744655  -0.121297  0.303144  0.112117  -0.0744655  0.112117  0.178552
0.297237  -0.121279  -0.0744695  -0.121279  0.30312  0.112107  -0.0744695  0.112107  0.178554
0.297237  -0.121279  -0.0744695  -0.121279  0.30312  0.112107  -0.0744695  0.112107  0.178554
0.297239  -0.121284  -0.0744879  -0.121284  0.303133  0.112124  -0.0744879  0.112124  0.178566
0.297239  -0.121284  -0.0744879  -0.121284  0.303133  0.112124  -0.0744879  0.112124  0.178566
0.297237  -0.121266  -0.0744919  -0.121266  0.303109  0.112115  -0.0744919  0.112115  0.178568
0.297235  -0.121248  -0.0744959  -0.121248  0.303085  0.112106  -0.0744959  0.112106  0.17857
0.297235  -0.121248  -0.0744959  -0.121248  0.303085  0.112106  -0.0744959  0.112106  0.17857
0.297233  -0.121229  -0.0744999  -0.121229  0.303062  0.112096  -0.0744999  0.112096  0.178572
0.29723  -0.121211  -0.0745039  -0.121211  0.303038  0.112087  -0.0745039  0.112087  0.178574
0.29723  -0.121211  -0.0745039  -0.121211  0.303038  0.112087  -0.0745039  0.112087  0.178574
0.297235  -0.121181  -0.0745157  -0.121181  0.302978  0.112062  -0.0745157  0.112062  0.178574
0.297235  -0.121181  -0.0745157  -0.121181  0.302978  0.112062  -0.0745157  0.112062  0.178574
0.297229  -0.121139  -0.0745053  -0.121139  0.302918  0.112028  -0.0745053  0.112028  0.178567
0.297227  -0.12112  -0.0745093  -0.12112  0.302895  0.112019  -0.0745093  0.112019  0.178569
0.297227  -0.12112  -0.0745093  -0.12112  0.302895  0.112019  -0.0745093  0.112019  0.178569
0.297225  -0.121102  -0.0745133  -0.121102  0.302871  0.11201  -0.0745133  0.11201  0.178571
0.297222  -0.121084  -0.0745173  -0.121084  0.302847  0.112001  -0.0745173  0.112001  0.178573
0.29722  -0.121065  -0.0745213  -0.121065  0.302824  0.111992  -0.0745213  0.111992  0.178575
0.297218  -0.121047  -0.0745253  -0.121047  0.3028  0.111983  -0.0745253  0.111983  0.178577
0.297218  -0.121047  -0.0745253  -0.121047  0.3028  0.111983  -0.0745253  0.111983  0.178577
0.297207  -0.121023  -0.0745255  -0.121023  0.302788  0.11198  -0.0745255  0.11198  0.178583
0.297205  -0.121004  -0.0745295  -0.121004  0.302765  0.111971  -0.0745295  0.111971  0.178585
0.297205  -0.121004  -0.0745295  -0.121004  0.302765  0.111971  -0.0745295  0.111971  0.178585
0.297201  -0.120968  -0.0745375  -0.120968  0.302717  0.111953  -0.0745375  0.111953  0.178589
0.297201  -0.120968  -0.0745375  -0.120968  0.302717  0.111953  -0.0745375  0.111953  0.178589
0.297201  -0.120955  -0.0745599  -0.120955  0.302706  0.11196  -0.0745599  0.11196  0.178602
0.297201  -0.120955  -0.0745599  -0.120955  0.302706  0.11196  -0.0745599  0.11196  0.178602
0.297199  -0.120937  -0.0745638  -0.120937  0.302683  0.111951  -0.0745638  0.111951  0.178604
0.297188  -0.120912  -0.0745641  -0.120912  0.302671  0.111949  -0.0745641  0.111949  0.17861
0.297188  -0.120912  -0.0745641  -0.120912  0.302671  0.111949  -0.0745641  0.111949  0.17861
0.297186  -0.120894  -0.074568  -0.120894  0.302647  0.11194  -0.074568  0.11194  0.178612
0.297186  -0.120894  -0.074568  -0.120894  0.302647  0.11194  -0.074568  0.11194  0.178612
0.297184  -0.120876  -0.074572  -0.120876  0.302624  0.111931  -0.074572  0.111931  0.178614
0.297184  -0.120876  -0.074572  -0.120876  0.302624  0.111931  -0.074572  0.111931  0.178614
0.297182  -0.120857  -0.074576  -0.120857  0.3026  0.111922  -0.074576  0.111922  0.178616
0.297184  -0.120863  -0.0745944  -0.120863  0.302613  0.111938  -0.0745944  0.111938  0.178628
0.297184  -0.120863  -0.0745944  -0.120863  0.302613  0.111938  -0.0745944  0.111938  0.178628
0.297182  -0.120845  -0.0745984  -0.120845  0.302589  0.111929  -0.0745984  0.111929  0.17863
0.297182  -0.120845  -0.0745984  -0.120845  0.302589  0.111929  -0.0745984  0.111929  0.17863
0.29718  -0.120826  -0.0746024  -0.120826  0.302566  0.11192  -0.0746024  0.11192  0.178632
0.29718  -0.120826  -0.0746024  -0.120826  0.302566  0.11192  -0.0746024  0.11192  0.178632
0.29718  -0.120826  -0.0746024  -0.120826  0.302566  0.11192  -0.0746024  0.11192  0.178632
0.297178  -0.120808  -0.0746064  -0.120808  0.302542  0.111911  -0.0746064  0.111911  0.178634
0.297178  -0.120808  -0.0746064  -0.120808  0.302542  0.111911  -0.0746064  0.111911  0.178634
0.297178  -0.120808  -0.0746064  -0.120808  0.302542  0.111911  -0.0746064  0.111911  0.178634
0.297178  -0.120808  -0.0746064  -0.120808  0.302542  0.111911  -0.0746064  0.111911  0.178634
0.297178  -0.120808  -0.0746064  -0.120808  0.302542  0.111911  -0.0746064  0.111911  0.178634
0.297178  -0.120808  -0.0746064  -0.120808  0.302542  0.111911  -0.0746064  0.111911  0.178634
0.297178  -0.120808  -0.0746064  -0.120808  0.302542  0.111911  -0.0746064  0.111911  0.178634
0.297176  -0.12079  -0.0746104  -0.12079  0.302518  0.111902  -0.0746104  0.111902  0.178636
0.297176  -0.12079  -0.0746104  -0.12079  0.302518  0.111902  -0.0746104  0.111902  0.178636
0.297176  -0.12079  -0.0746104  -0.12079  0.302518  0.111902  -0.0746104  0.111902  0.178636
0.297176  -0.12079  -0.0746104  -0.12079  0.302518  0.111902  -0.0746104  0.111902  0.178636
0.297176  -0.12079  -0.0746104  -0.12079  0.302518  0.111902  -0.0746104  0.111902  0.178636
0.297185  -0.120796  -0.0746141  -0.120796  0.302506  0.111895  -0.0746141  0.111895  0.178632
0.297185  -0.120796  -0.0746141  -0.120796  0.302506  0.111895  -0.0746141  0.111895  0.178632
0.297185  -0.120796  -0.0746141  -0.120796  0.302506  0.111895  -0.0746141  0.111895  0.178632
0.297185  -0.120796  -0.0746141  -0.120796  0.302506  0.111895  -0.0746141  0.111895  0.178632
0.297185  -0.120796  -0.0746141  -0.120796  0.302506  0.111895  -0.0746141  0.111895  0.178632
0.297185  -0.120796  -0.0746141  -0.120796  0.302506  0.111895  -0.0746141  0.111895  0.178632
0.297185  -0.120796  -0.0746141  -0.120796  0.302506  0.111895  -0.0746141  0.111895  0.178632
0.297182  -0.120791  -0.0745958  -0.120791  0.302494  0.111879  -0.0745958  0.111879  0.17862
0.297182  -0.120791  -0.0745958  -0.120791  0.302494  0.111879  -0.0745958  0.111879  0.17862
0.297189  -0.120779  -0.0746035  -0.120779  0.302458  0.111863  -0.0746035  0.111863  0.178618
0.297187  -0.120773  -0.0745852  -0.120773  0.302446  0.111847  -0.0745852  0.111847  0.178607
0.297187  -0.120773  -0.0745852  -0.120773  0.302446  0.111847  -0.0745852  0.111847  0.178607
0.297187  -0.120773  -0.0745852  -0.120773  0.302446  0.111847  -0.0745852  0.111847  0.178607
0.297187  -0.120773  -0.0745852  -0.120773  0.302446  0.111847  -0.0745852  0.111847  0.178607
0.297196  -0.12078  -0.074589  -0.12078  0.302433  0.11184  -0.074589  0.11184  0.178603
0.297196  -0.12078  -0.074589  -0.12078  0.302433  0.11184  -0.074589  0.11184  0.178603
0.297196  -0.12078  -0.074589  -0.12078  0.302433  0.11184  -0.074589  0.11184  0.178603
0.297194  -0.120761  -0.074593  -0.120761  0.30241  0.111831  -0.074593  0.111831  0.178605
0.297194  -0.120761  -0.074593  -0.120761  0.30241  0.111831  -0.074593  0.111831  0.178605
0.297196  -0.120767  -0.0746113  -0.120767  0.302423  0.111847  -0.0746113  0.111847  0.178617
0.297196  -0.120767  -0.0746113  -0.120767  0.302423  0.111847  -0.0746113  0.111847  0.178617
0.297196  -0.120767  -0.0746113  -0.120767  0.302423  0.111847  -0.0746113  0.111847  0.178617
0.297196  -0.120767  -0.0746113  -0.120767  0.302423  0.111847  -0.0746113  0.111847  0.178617
0.297196  -0.120767  -0.0746113  -0.120767  0.302423  0.111847  -0.0746113  0.111847  0.178617
0.297183  -0.120737  -0.0745932  -0.120737  0.302398  0.111829  -0.0745932  0.111829  0.178611
0.297183  -0.120737  -0.0745932  -0.120737  0.302398  0.111829  -0.0745932  0.111829  0.178611
0.297183  -0.120737  -0.0745932  -0.120737  0.302398  0.111829  -0.0745932  0.111829  0.178611
0.297181  -0.120731  -0.0745748  -0.120731  0.302386  0.111812  -0.0745748  0.111812  0.1786
0.297181  -0.120731  -0.0745748  -0.120731  0.302386  0.111812  -0.0745748  0.111812  0.1786
0.297181  -0.120731  -0.0745748  -0.120731  0.302386  0.111812  -0.0745748  0.111812  0.1786
0.297181  -0.120731  -0.0745748  -0.120731  0.302386  0.111812  -0.0745748  0.111812  0.1786
0.297181  -0.120731  -0.0745748  -0.120731  0.302386  0.111812  -0.0745748  0.111812  0.1786
0.297181  -0.120731  -0.0745748  -0.120731  0.302386  0.111812  -0.0745748  0.111812  0.1786
0.297181  -0.120731  -0.0745748  -0.120731  0.302386  0.111812  -0.0745748  0.111812  0.1786
0.297181  -0.120731  -0.0745748  -0.120731  0.302386  0.111812  -0.0745748  0.111812  0.1786
0.297181  -0.120731  -0.0745748  -0.120731  0.302386  0.111812  -0.0745748  0.111812  0.1786
0.297181  -0.120731  -0.0745748  -0.120731  0.302386  0.111812  -0.0745748  0.111812  0.1786
0.297181  -0.120731  -0.0745748  -0.120731  0.302386  0.111812  -0.0745748  0.111812  0.1786
0.297183  -0.120737  -0.0745932  -0.120737  0.302398  0.111829  -0.0745932  0.111829  0.178611
0.297183  -0.120737  -0.0745932  -0.120737  0.302398  0.111829  -0.0745932  0.111829  0.178611
0.297183  -0.120737  -0.0745932  -0.120737  0.302398  0.111829  -0.0745932  0.111829  0.178611
0.297183  -0.120737  -0.0745932  -0.120737  0.302398  0.111829  -0.0745932  0.111829  0.178611
0.297183  -0.120737  -0.0745932  -0.120737  0.302398  0.111829  -0.0745932  0.111829  0.178611
0.297172  -0.120725  -0.074571  -0.120725  0.302398  0.111819  -0.074571  0.111819  0.178604
0.297172  -0.120725  -0.074571  -0.120725  0.302398  0.111819  -0.074571  0.111819  0.178604
0.297172  -0.120725  -0.074571  -0.120725  0.302398  0.111819  -0.074571  0.111819  0.178604
0.297172  -0.120725  -0.074571  -0.120725  0.302398  0.111819  -0.074571  0.111819  0.178604
0.297172  -0.120725  -0.074571  -0.120725  0.302398  0.111819  -0.074571  0.111819  0.178604
0.297181  -0.120744  -0.0745524  -0.120744  0.302397  0.111805  -0.0745524  0.111805  0.178587
0.297181  -0.120744  -0.0745524  -0.120744  0.302397  0.111805  -0.0745524  0.111805  0.178587
0.297181  -0.120744  -0.0745524  -0.120744  0.302397  0.111805  -0.0745524  0.111805  0.178587
0.297181  -0.120744  -0.0745524  -0.120744  0.302397  0.111805  -0.0745524  0.111805  0.178587
0.297181  -0.120744  -0.0745524  -0.120744  0.302397  0.111805  -0.0745524  0.111805  0.178587
0.297181  -0.120744  -0.0745524  -0.120744  0.302397  0.111805  -0.0745524  0.111805  0.178587
0.297181  -0.120744  -0.0745524  -0.120744  0.302397  0.111805  -0.0745524  0.111805  0.178587
0.297183  -0.120762  -0.0745485  -0.120762  0.30242  0.111814  -0.0745485  0.111814  0.178585
0.297181  -0.120757  -0.0745301  -0.120757  0.302408  0.111798  -0.0745301  0.111798  0.178573
0.297181  -0.120757  -0.0745301  -0.120757  0.302408  0.111798  -0.0745301  0.111798  0.178573
0.29719  -0.120763  -0.0745339  -0.120763  0.302396  0.111791  -0.0745339  0.111791  0.178569
0.29719  -0.120763  -0.0745339  -0.120763  0.302396  0.111791  -0.0745339  0.111791  0.178569
0.29719  -0.120763  -0.0745339  -0.120763  0.302396  0.111791  -0.0745339  0.111791  0.178569
0.29719  -0.120763  -0.0745339  -0.120763  0.302396  0.111791  -0.0745339  0.111791  0.178569
0.29719  -0.120763  -0.0745339  -0.120763  0.302396  0.111791  -0.0745339  0.111791  0.178569
0.297188  -0.120758  -0.0745155  -0.120758  0.302383  0.111775  -0.0745155  0.111775  0.178558
0.297188  -0.120758  -0.0745155  -0.120758  0.302383  0.111775  -0.0745155  0.111775  0.178558
0.297188  -0.120758  -0.0745155  -0.120758  0.302383  0.111775  -0.0745155  0.111775  0.178558
0.297188  -0.120758  -0.0745155  -0.120758  0.302383  0.111775  -0.0745155  0.111775  0.178558
0.297188  -0.120758  -0.0745155  -0.120758  0.302383  0.111775  -0.0745155  0.111775  0.178558
0.297188  -0.120758  -0.0745155  -0.120758  0.302383  0.111775  -0.0745155  0.111775  0.178558
0.29719  -0.120763  -0.0745339  -0.120763  0.302396  0.111791  -0.0745339  0.111791  0.178569
0.29719  -0.120763  -0.0745339  -0.120763  0.302396  0.111791  -0.0745339  0.111791  0.178569
0.29719  -0.120763  -0.0745339  -0.120763  0.302396  0.111791  -0.0745339  0.111791  0.178569
0.297181  -0.120757  -0.0745301  -0.120757  0.302408  0.111798  -0.0745301  0.111798  0.178573
0.297183  -0.120762  -0.0745485  -0.120762  0.30242  0.111814  -0.0745485  0.111814  0.178585
0.297183  -0.120762  -0.0745485  -0.120762  0.30242  0.111814  -0.0745485  0.111814  0.178585
0.297183  -0.120762  -0.0745485  -0.120762  0.30242  0.111814  -0.0745485  0.111814  0.178585
0.297183  -0.120762  -0.0745485  -0.120762  0.30242  0.111814  -0.0745485  0.111814  0.178585
0.297181  -0.120744  -0.0745524  -0.120744  0.302397  0.111805  -0.0745524  0.111805  0.178587
0.297181  -0.120744  -0.0745524  -0.120744  0.302397  0.111805  -0.0745524  0.111805  0.178587
0.297183  -0.12075  -0.0745708  -0.12075  0.302409  0.111822  -0.0745708  0.111822  0.178598
0.297183  -0.12075  -0.0745708  -0.12075  0.302409  0.111822  -0.0745708  0.111822  0.178598
0.297183  -0.12075  -0.0745708  -0.12075  0.302409  0.111822  -0.0745708  0.111822  0.178598
0.297183  -0.12075  -0.0745708  -0.12075  0.302409  0.111822  -0.0745708  0.111822  0.178598
0.297183  -0.12075  -0.0745708  -0.12075  0.302409  0.111822  -0.0745708  0.111822  0.178598
0.297181  -0.120731  -0.0745748  -0.120731  0.302386  0.111812  -0.0745748  0.111812  0.1786
0.297181  -0.120731  -0.0745748  -0.120731  0.302386  0.111812  -0.0745748  0.111812  0.1786
0.297181  -0.120731  -0.0745748  -0.120731  0.302386  0.111812  -0.0745748  0.111812  0.1786
0.297183  -0.120737  -0.0745932  -0.120737  0.302398  0.111829  -0.0745932  0.111829  0.178611
0.297183  -0.120737  -0.0745932  -0.120737  0.302398  0.111829  -0.0745932  0.111829  0.178611
0.297183  -0.120737  -0.0745932  -0.120737  0.302398  0.111829  -0.0745932  0.111829  0.178611
0.297181  -0.120719  -0.0745971  -0.120719  0.302375  0.11182  -0.0745971  0.11182  0.178613
0.297181  -0.120719  -0.0745971  -0.120719  0.302375  0.11182  -0.0745971  0.11182  0.178613
0.297189  -0.120725  -0.0746009  -0.120725  0.302363  0.111813  -0.0746009  0.111813  0.178609
0.297189  -0.120725  -0.0746009  -0.120725  0.302363  0.111813  -0.0746009  0.111813  0.178609
0.297187  -0.120707  -0.0746049  -0.120707  0.302339  0.111804  -0.0746049  0.111804  0.178611
0.297187  -0.120707  -0.0746049  -0.120707  0.302339  0.111804  -0.0746049  0.111804  0.178611
0.297187  -0.120707  -0.0746049  -0.120707  0.302339  0.111804  -0.0746049  0.111804  0.178611
0.297187  -0.120707  -0.0746049  -0.120707  0.302339  0.111804  -0.0746049  0.111804  0.178611
0.297187  -0.120694  -0.0746273  -0.120694  0.302328  0.111811  -0.0746273  0.111811  0.178625
0.297187  -0.120694  -0.0746273  -0.120694  0.302328  0.111811  -0.0746273  0.111811  0.178625
0.297196  -0.1207  -0.074631  -0.1207  0.302316  0.111804  -0.074631  0.111804  0.178621
0.297196  -0.1207  -0.074631  -0.1207  0.302316  0.111804  -0.074631  0.111804  0.178621
0.297194  -0.120682  -0.074635  -0.120682  0.302293  0.111795  -0.074635  0.111795  0.178623
0.297194  -0.120682  -0.074635  -0.120682  0.302293  0.111795  -0.074635  0.111795  0.178623
0.297194  -0.120682  -0.074635  -0.120682  0.302293  0.111795  -0.074635  0.111795  0.178623
0.2972  -0.12067  -0.0746428  -0.12067  0.302257  0.111779  -0.0746428  0.111779  0.178621
0.2972  -0.12067  -0.0746428  -0.12067  0.302257  0.111779  -0.0746428  0.111779  0.178621
0.297198  -0.120652  -0.0746468  -0.120652  0.302234  0.11177  -0.0746468  0.11177  0.178623
0.297198  -0.120652  -0.0746468  -0.120652  0.302234  0.11177  -0.0746468  0.11177  0.178623
0.297198  -0.120652  -0.0746468  -0.120652  0.302234  0.11177  -0.0746468  0.11177  0.178623
0.297207  -0.120645  -0.0746729  -0.120645  0.302211  0.11177  -0.0746729  0.11177  0.178632
0.297207  -0.120645  -0.0746729  -0.120645  0.302211  0.11177  -0.0746729  0.11177  0.178632
0.297207  -0.120645  -0.0746729  -0.120645  0.302211  0.11177  -0.0746729  0.11177  0.178632
0.297205  -0.120627  -0.0746769  -0.120627  0.302187  0.111761  -0.0746769  0.111761  0.178634
0.297205  -0.120627  -0.0746769  -0.120627  0.302187  0.111761  -0.0746769  0.111761  0.178634
0.297203  -0.120609  -0.0746809  -0.120609  0.302164  0.111752  -0.0746809  0.111752  0.178636
0.297203  -0.120609  -0.0746809  -0.120609  0.302164  0.111752  -0.0746809  0.111752  0.178636
0.297205  -0.120614  -0.0746992  -0.120614  0.302176  0.111768  -0.0746992  0.111768  0.178648
0.297203  -0.120596  -0.0747032  -0.120596  0.302153  0.111759  -0.0747032  0.111759  0.17865
0.297203  -0.120596  -0.0747032  -0.120596  0.302153  0.111759  -0.0747032  0.111759  0.17865
0.297203  -0.120596  -0.0747032  -0.120596  0.302153  0.111759  -0.0747032  0.111759  0.17865
0.297203  -0.120596  -0.0747032  -0.120596  0.302153  0.111759  -0.0747032  0.111759  0.17865
0.297201  -0.120578  -0.0747072  -0.120578  0.302129  0.11175  -0.0747072  0.11175  0.178652
0.297194  -0.120577  -0.0747218  -0.120577  0.302154  0.111773  -0.0747218  0.111773  0.178667
0.297194  -0.120577  -0.0747218  -0.120577  0.302154  0.111773  -0.0747218  0.111773  0.178667
0.297192  -0.120559  -0.0747258  -0.120559  0.302131  0.111764  -0.0747258  0.111764  0.178669
0.297192  -0.120559  -0.0747258  -0.120559  0.302131  0.111764  -0.0747258  0.111764  0.178669
0.297192  -0.120559  -0.0747258  -0.120559  0.302131  0.111764  -0.0747258  0.111764  0.178669
0.297192  -0.120546  -0.0747481  -0.120546  0.30212  0.111771  -0.0747481  0.111771  0.178683
0.297192  -0.120546  -0.0747481  -0.120546  0.30212  0.111771  -0.0747481  0.111771  0.178683
0.297183  -0.12054  -0.0747443  -0.12054  0.302132  0.111778  -0.0747443  0.111778  0.178687
0.297183  -0.12054  -0.0747443  -0.12054  0.302132  0.111778  -0.0747443  0.111778  0.178687
0.297181  -0.120522  -0.0747483  -0.120522  0.302108  0.111769  -0.0747483  0.111769  0.178689
0.297181  -0.120522  -0.0747483  -0.120522  0.302108  0.111769  -0.0747483  0.111769  0.178689
0.297181  -0.120522  -0.0747483  -0.120522  0.302108  0.111769  -0.0747483  0.111769  0.178689
0.297173  -0.120515  -0.0747445  -0.120515  0.30212  0.111776  -0.0747445  0.111776  0.178693
0.297173  -0.120515  -0.0747445  -0.120515  0.30212  0.111776  -0.0747445  0.111776  0.178693
0.297173  -0.120515  -0.0747445  -0.120515  0.30212  0.111776  -0.0747445  0.111776  0.178693
0.297171  -0.120497  -0.0747485  -0.120497  0.302097  0.111767  -0.0747485  0.111767  0.178695
0.297162  -0.120491  -0.0747447  -0.120491  0.302109  0.111773  -0.0747447  0.111773  0.178699
0.297162  -0.120491  -0.0747447  -0.120491  0.302109  0.111773  -0.0747447  0.111773  0.178699
0.297162  -0.120491  -0.0747447  -0.120491  0.302109  0.111773  -0.0747447  0.111773  0.178699
0.297162  -0.120491  -0.0747447  -0.120491  0.302109  0.111773  -0.0747447  0.111773  0.178699
0.297162  -0.120491  -0.0747447  -0.120491  0.302109  0.111773  -0.0747447  0.111773  0.178699
0.297153  -0.120485  -0.0747409  -0.120485  0.302121  0.11178  -0.0747409  0.11178  0.178702
0.297153  -0.120485  -0.0747409  -0.120485  0.302121  0.11178  -0.0747409  0.11178  0.178702
0.297153  -0.120485  -0.0747409  -0.120485  0.302121  0.11178  -0.0747409  0.11178  0.178702
0.297153  -0.120485  -0.0747409  -0.120485  0.302121  0.11178  -0.0747409  0.11178  0.178702
0.297153  -0.120485  -0.0747409  -0.120485  0.302121  0.11178  -0.0747409  0.11178  0.178702
0.297153  -0.120485  -0.0747409  -0.120485  0.302121  0.11178  -0.0747409  0.11178  0.178702
0.297153  -0.120485  -0.0747409  -0.120485  0.302121  0.11178  -0.0747409  0.11178  0.178702
0.297153  -0.120485  -0.0747409  -0.120485  0.302121  0.11178  -0.0747409  0.11178  0.178702
0.297153  -0.120497  -0.0747186  -0.120497  0.302132  0.111773  -0.0747186  0.111773  0.178689
0.297153  -0.120497  -0.0747186  -0.120497  0.302132  0.111773  -0.0747186  0.111773  0.178689
0.297153  -0.120497  -0.0747186  -0.120497  0.302132  0.111773  -0.0747186  0.111773  0.178689
0.297153  -0.120497  -0.0747186  -0.120497  0.302132  0.111773  -0.0747186  0.111773  0.178689
0.297153  -0.120497  -0.0747186  -0.120497  0.302132  0.111773  -0.0747186  0.111773  0.178689
0.297153  -0.120497  -0.0747186  -0.120497  0.302132  0.111773  -0.0747186  0.111773  0.178689
0.297153  -0.120497  -0.0747186  -0.120497  0.302132  0.111773  -0.0747186  0.111773  0.178689
0.297153  -0.120497  -0.0747186  -0.120497  0.302132  0.111773  -0.0747186  0.111773  0.178689
0.297153  -0.120497  -0.0747186  -0.120497  0.302132  0.111773  -0.0747186  0.111773  0.178689
0.297151  -0.120492  -0.0747002  -0.120492  0.302119  0.111757  -0.0747002  0.111757  0.178678
0.297151  -0.120492  -0.0747002  -0.120492  0.302119  0.111757  -0.0747002  0.111757  0.178678
0.297153  -0.12051  -0.0746962  -0.12051  0.302143  0.111766  -0.0746962  0.111766  0.178676
0.297151  -0.120505  -0.0746779  -0.120505  0.30213  0.11175  -0.0746779  0.11175  0.178664
0.297151  -0.120505  -0.0746779  -0.120505  0.30213  0.11175  -0.0746779  0.11175  0.178664
0.297149  -0.120499  -0.0746595  -0.120499  0.302118  0.111734  -0.0746595  0.111734  0.178653
0.297149  -0.120499  -0.0746595  -0.120499  0.302118  0.111734  -0.0746595  0.111734  0.178653
0.297149  -0.120499  -0.0746595  -0.120499  0.302118  0.111734  -0.0746595  0.111734  0.178653
0.29715  -0.120512  -0.0746372  -0.120512  0.302128  0.111727  -0.0746372  0.111727  0.17864
0.29715  -0.120512  -0.0746372  -0.120512  0.302128  0.111727  -0.0746372  0.111727  0.17864
0.29715  -0.120512  -0.0746372  -0.120512  0.302128  0.111727  -0.0746372  0.111727  0.17864
0.29715  -0.120512  -0.0746372  -0.120512  0.302128  0.111727  -0.0746372  0.111727  0.17864
0.29715  -0.120525  -0.0746149  -0.120525  0.302139  0.11172  -0.0746149  0.11172  0.178626
0.29715  -0.120525  -0.0746149  -0.120525  0.302139  0.11172  -0.0746149  0.11172  0.178626
0.29715  -0.120525  -0.0746149  -0.120525  0.302139  0.11172  -0.0746149  0.11172  0.178626
0.29715  -0.120525  -0.0746149  -0.120525  0.302139  0.11172  -0.0746149  0.11172  0.178626
0.29715  -0.120525  -0.0746149  -0.120525  0.302139  0.11172  -0.0746149  0.11172  0.178626
0.29715  -0.120537  -0.0745925  -0.120537  0.30215  0.111713  -0.0745925  0.111713  0.178613
0.29715  -0.120537  -0.0745925  -0.120537  0.30215  0.111713  -0.0745925  0.111713  0.178613
0.29715  -0.120537  -0.0745925  -0.120537  0.30215  0.111713  -0.0745925  0.111713  0.178613
0.29715  -0.120537  -0.0745925  -0.120537  0.30215  0.111713  -0.0745925  0.111713  0.178613
0.297152  -0.120556  -0.0745885  -0.120556  0.302174  0.111722  -0.0745885  0.111722  0.178611
0.297152  -0.120556  -0.0745885  -0.120556  0.302174  0.111722  -0.0745885  0.111722  0.178611
0.297152  -0.120556  -0.0745885  -0.120556  0.302174  0.111722  -0.0745885  0.111722  0.178611
0.297152  -0.120556  -0.0745885  -0.120556  0.302174  0.111722  -0.0745885  0.111722  0.178611
0.297154  -0.120574  -0.0745846  -0.120574  0.302197  0.111731  -0.0745846  0.111731  0.178609
0.297154  -0.120574  -0.0745846  -0.120574  0.302197  0.111731  -0.0745846  0.111731  0.178609
0.297154  -0.120574  -0.0745846  -0.120574  0.302197  0.111731  -0.0745846  0.111731  0.178609
0.297156  -0.120592  -0.0745806  -0.120592  0.302221  0.11174  -0.0745806  0.11174  0.178607
0.297156  -0.120592  -0.0745806  -0.120592  0.302221  0.11174  -0.0745806  0.11174  0.178607
0.297158  -0.120598  -0.0745989  -0.120598  0.302233  0.111756  -0.0745989  0.111756  0.178618
0.297158  -0.120598  -0.0745989  -0.120598  0.302233  0.111756  -0.0745989  0.111756  0.178618
0.297158  -0.120598  -0.0745989  -0.120598  0.302233  0.111756  -0.0745989  0.111756  0.178618
0.297149  -0.120591  -0.0745951  -0.120591  0.302245  0.111763  -0.0745951  0.111763  0.178622
0.297149  -0.120591  -0.0745951  -0.120591  0.302245  0.111763  -0.0745951  0.111763  0.178622
0.297149  -0.120591  -0.0745951  -0.120591  0.302245  0.111763  -0.0745951  0.111763  0.178622
0.297149  -0.120591  -0.0745951  -0.120591  0.302245  0.111763  -0.0745951  0.111763  0.178622
0.297149  -0.120591  -0.0745951  -0.120591  0.302245  0.111763  -0.0745951  0.111763  0.178622
0.297149  -0.120591  -0.0745951  -0.120591  0.302245  0.111763  -0.0745951  0.111763  0.178622
0.297147  -0.120573  -0.0745991  -0.120573  0.302222  0.111754  -0.0745991  0.111754  0.178624
0.297147  -0.120573  -0.0745991  -0.120573  0.302222  0.111754  -0.0745991  0.111754  0.178624
0.297147  -0.120573  -0.0745991  -0.120573  0.302222  0.111754  -0.0745991  0.111754  0.178624
0.297147  -0.120573  -0.0745991  -0.120573  0.302222  0.111754  -0.0745991  0.111754  0.178624
0.297141  -0.120572  -0.0746137  -0.120572  0.302246  0.111777  -0.0746137  0.111777  0.178639
0.297141  -0.120572  -0.0746137  -0.120572  0.302246  0.111777  -0.0746137  0.111777  0.178639
0.297141  -0.120572  -0.0746137  -0.120572  0.302246  0.111777  -0.0746137  0.111777  0.178639
0.297141  -0.120572  -0.0746137  -0.120572  0.302246  0.111777  -0.0746137  0.111777  0.178639
0.297141  -0.120572  -0.0746137  -0.120572  0.302246  0.111777  -0.0746137  0.111777  0.178639
0.297141  -0.12056  -0.074636  -0.12056  0.302235  0.111784  -0.074636  0.111784  0.178653
0.297132  -0.120553  -0.0746323  -0.120553  0.302247  0.111791  -0.0746323  0.111791  0.178657
0.297132  -0.120553  -0.0746323  -0.120553  0.302247  0.111791  -0.0746323  0.111791  0.178657
0.297132  -0.120553  -0.0746323  -0.120553  0.302247  0.111791  -0.0746323  0.111791  0.178657
0.297132  -0.120553  -0.0746323  -0.120553  0.302247  0.111791  -0.0746323  0.111791  0.178657
0.29713  -0.120535  -0.0746363  -0.120535  0.302224  0.111782  -0.0746363  0.111782  0.178659
0.29713  -0.120535  -0.0746363  -0.120535  0.302224  0.111782  -0.0746363  0.111782  0.178659
0.29713  -0.120535  -0.0746363  -0.120535  0.302224  0.111782  -0.0746363  0.111782  0.178659
0.29713  -0.120535  -0.0746363  -0.120535  0.302224  0.111782  -0.0746363  0.111782  0.178659
0.29713  -0.120535  -0.0746363  -0.120535  0.302224  0.111782  -0.0746363  0.111782  0.178659
0.297128  -0.120517  -0.0746402  -0.120517  0.302201  0.111773  -0.0746402  0.111773  0.178661
0.297128  -0.120517  -0.0746402  -0.120517  0.302201  0.111773  -0.0746402  0.111773  0.178661
0.297128  -0.120517  -0.0746402  -0.120517  0.302201  0.111773  -0.0746402  0.111773  0.178661
0.29713  -0.120522  -0.0746586  -0.120522  0.302213  0.111789  -0.0746586  0.111789  0.178672
0.29713  -0.120522  -0.0746586  -0.120522  0.302213  0.111789  -0.0746586  0.111789  0.178672
0.29713  -0.120522  -0.0746586  -0.120522  0.302213  0.111789  -0.0746586  0.111789  0.178672
0.29713  -0.120522  -0.0746586  -0.120522  0.302213  0.111789  -0.0746586  0.111789  0.178672
0.29713  -0.12051  -0.0746809  -0.12051  0.302202  0.111796  -0.0746809  0.111796  0.178686
0.29713  -0.12051  -0.0746809  -0.12051  0.302202  0.111796  -0.0746809  0.111796  0.178686
0.29713  -0.12051  -0.0746809  -0.12051  0.302202  0.111796  -0.0746809  0.111796  0.178686
0.297132  -0.120515  -0.0746993  -0.120515  0.302215  0.111812  -0.0746993  0.111812  0.178697
0.297132  -0.120515  -0.0746993  -0.120515  0.302215  0.111812  -0.0746993  0.111812  0.178697
0.297132  -0.120515  -0.0746993  -0.120515  0.302215  0.111812  -0.0746993  0.111812  0.178697
0.297134  -0.120521  -0.0747176  -0.120521  0.302228  0.111828  -0.0747176  0.111828  0.178708
0.297134  -0.120521  -0.0747176  -0.120521  0.302228  0.111828  -0.0747176  0.111828  0.178708
0.297132  -0.120502  -0.0747216  -0.120502  0.302204  0.111819  -0.0747216  0.111819  0.17871
0.297132  -0.120502  -0.0747216  -0.120502  0.302204  0.111819  -0.0747216  0.111819  0.17871
0.297125  -0.120502  -0.0747362  -0.120502  0.302229  0.111842  -0.0747362  0.111842  0.178726
0.297127  -0.120507  -0.0747546  -0.120507  0.302241  0.111858  -0.0747546  0.111858  0.178737
0.297127  -0.120507  -0.0747546  -0.120507  0.302241  0.111858  -0.0747546  0.111858  0.178737
0.297127  -0.120507  -0.0747546  -0.120507  0.302241  0.111858  -0.0747546  0.111858  0.178737
0.297127  -0.120507  -0.0747546  -0.120507  0.302241  0.111858  -0.0747546  0.111858  0.178737
0.297129  -0.120513  -0.0747729  -0.120513  0.302254  0.111874  -0.0747729  0.111874  0.178748
0.297122  -0.120512  -0.0747875  -0.120512  0.302279  0.111897  -0.0747875  0.111897  0.178764
0.297122  -0.120512  -0.0747875  -0.120512  0.302279  0.111897  -0.0747875  0.111897  0.178764
0.297124  -0.120517  -0.0748059  -0.120517  0.302291  0.111913  -0.0748059  0.111913  0.178775
0.297122  -0.120499  -0.0748099  -0.120499  0.302268  0.111904  -0.0748099  0.111904  0.178777
0.297122  -0.120499  -0.0748099  -0.120499  0.302268  0.111904  -0.0748099  0.111904  0.178777
0.297116  -0.120498  -0.0748244  -0.120498  0.302292  0.111927  -0.0748244  0.111927  0.178793
0.297116  -0.120498  -0.0748244  -0.120498  0.302292  0.111927  -0.0748244  0.111927  0.178793
0.297116  -0.120498  -0.0748244  -0.120498  0.302292  0.111927  -0.0748244  0.111927  0.178793
0.297116  -0.120498  -0.0748244  -0.120498  0.302292  0.111927  -0.0748244  0.111927  0.178793
0.297105  -0.120474  -0.0748246  -0.120474  0.302281  0.111925  -0.0748246  0.111925  0.178799
0.297107  -0.12048  -0.074843  -0.12048  0.302294  0.111941  -0.074843  0.111941  0.17881
0.297107  -0.12048  -0.074843  -0.12048  0.302294  0.111941  -0.074843  0.111941  0.17881
0.297096  -0.120455  -0.0748432  -0.120455  0.302282  0.111939  -0.0748432  0.111939  0.178816
0.297096  -0.120455  -0.0748432  -0.120455  0.302282  0.111939  -0.0748432  0.111939  0.178816
0.297086  -0.120431  -0.0748434  -0.120431  0.302271  0.111937  -0.0748434  0.111937  0.178822
0.297086  -0.120431  -0.0748434  -0.120431  0.302271  0.111937  -0.0748434  0.111937  0.178822
0.297084  -0.120412  -0.0748473  -0.120412  0.302247  0.111928  -0.0748473  0.111928  0.178824
0.297084  -0.120412  -0.0748473  -0.120412  0.302247  0.111928  -0.0748473  0.111928  0.178824
0.297084  -0.120412  -0.0748473  -0.120412  0.302247  0.111928  -0.0748473  0.111928  0.178824
0.297075  -0.120394  -0.0748659  -0.120394  0.302249  0.111942  -0.0748659  0.111942  0.178841
0.297075  -0.120394  -0.0748659  -0.120394  0.302249  0.111942  -0.0748659  0.111942  0.178841
0.297075  -0.120394  -0.0748659  -0.120394  0.302249  0.111942  -0.0748659  0.111942  0.178841
0.297064  -0.120369  -0.0748661  -0.120369  0.302237  0.111939  -0.0748661  0.111939  0.178847
0.297064  -0.120369  -0.0748661  -0.120369  0.302237  0.111939  -0.0748661  0.111939  0.178847
0.297062  -0.120351  -0.0748701  -0.120351  0.302214  0.11193  -0.0748701  0.11193  0.178849
0.29706  -0.120333  -0.074874  -0.120333  0.30219  0.111921  -0.074874  0.111921  0.178852
0.29706  -0.120333  -0.074874  -0.120333  0.30219  0.111921  -0.074874  0.111921  0.178852
0.297048  -0.120303  -0.0748559  -0.120303  0.302166  0.111903  -0.0748559  0.111903  0.178846
0.297048  -0.120303  -0.0748559  -0.120303  0.302166  0.111903  -0.0748559  0.111903  0.178846
0.297039  -0.120297  -0.0748521  -0.120297  0.302179  0.11191  -0.0748521  0.11191  0.17885
0.297037  -0.120279  -0.074856  -0.120279  0.302155  0.111901  -0.074856  0.111901  0.178852
0.297037  -0.120279  -0.074856  -0.120279  0.302155  0.111901  -0.074856  0.111901  0.178852
0.297027  -0.120254  -0.0748562  -0.120254  0.302144  0.111898  -0.0748562  0.111898  0.178858
0.297027  -0.120254  -0.0748562  -0.120254  0.302144  0.111898  -0.0748562  0.111898  0.178858
0.297018  -0.120248  -0.0748524  -0.120248  0.302156  0.111905  -0.0748524  0.111905  0.178862
0.297008  -0.120224  -0.0748526  -0.120224  0.302145  0.111903  -0.0748526  0.111903  0.178868
0.297008  -0.120224  -0.0748526  -0.120224  0.302145  0.111903  -0.0748526  0.111903  0.178868
0.296999  -0.120217  -0.0748489  -0.120217  0.302157  0.11191  -0.0748489  0.11191  0.178872
0.296999  -0.120217  -0.0748489  -0.120217  0.302157  0.11191  -0.0748489  0.11191  0.178872
0.296988  -0.120193  -0.074849  -0.120193  0.302145  0.111908  -0.074849  0.111908  0.178878
0.29698  -0.120187  -0.0748453  -0.120187  0.302157  0.111915  -0.0748453  0.111915  0.178882
0.29698  -0.120187  -0.0748453  -0.120187  0.302157  0.111915  -0.0748453  0.111915  0.178882
0.296971  -0.120181  -0.0748415  -0.120181  0.302169  0.111921  -0.0748415  0.111921  0.178886
0.296971  -0.120181  -0.0748415  -0.120181  0.302169  0.111921  -0.0748415  0.111921  0.178886
0.296963  -0.120174  -0.0748377  -0.120174  0.302181  0.111928  -0.0748377  0.111928  0.17889
0.296952  -0.12015  -0.0748379  -0.12015  0.30217  0.111926  -0.0748379  0.111926  0.178896
0.296952  -0.12015  -0.0748379  -0.12015  0.30217  0.111926  -0.0748379  0.111926  0.178896
0.296944  -0.120144  -0.0748341  -0.120144  0.302182  0.111933  -0.0748341  0.111933  0.1789
0.296944  -0.120144  -0.0748341  -0.120144  0.302182  0.111933  -0.0748341  0.111933  0.1789
0.296944  -0.120144  -0.0748341  -0.120144  0.302182  0.111933  -0.0748341  0.111933  0.1789
0.296935  -0.120138  -0.0748303  -0.120138  0.302194  0.11194  -0.0748303  0.11194  0.178904
0.296935  -0.120138  -0.0748303  -0.120138  0.302194  0.11194  -0.0748303  0.11194  0.178904
0.296935  -0.120138  -0.0748303  -0.120138  0.302194  0.11194  -0.0748303  0.11194  0.178904
0.296935  -0.120138  -0.0748303  -0.120138  0.302194  0.11194  -0.0748303  0.11194  0.178904
0.296927  -0.120131  -0.0748265  -0.120131  0.302206  0.111947  -0.0748265  0.111947  0.178908
0.296927  -0.120131  -0.0748265  -0.120131  0.302206  0.111947  -0.0748265  0.111947  0.178908
0.296927  -0.120131  -0.0748265  -0.120131  0.302206  0.111947  -0.0748265  0.111947  0.178908
0.296925  -0.120113  -0.0748305  -0.120113  0.302183  0.111937  -0.0748305  0.111937  0.17891
0.296925  -0.120113  -0.0748305  -0.120113  0.302183  0.111937  -0.0748305  0.111937  0.17891
0.296914  -0.120102  -0.0748084  -0.120102  0.302182  0.111928  -0.0748084  0.111928  0.178903
0.296914  -0.120102  -0.0748084  -0.120102  0.302182  0.111928  -0.0748084  0.111928  0.178903
0.296914  -0.120102  -0.0748084  -0.120102  0.302182  0.111928  -0.0748084  0.111928  0.178903
0.296914  -0.120102  -0.0748084  -0.120102  0.302182  0.111928  -0.0748084  0.111928  0.178903
0.296906  -0.120095  -0.0748046  -0.120095  0.302194  0.111935  -0.0748046  0.111935  0.178907
0.296906  -0.120095  -0.0748046  -0.120095  0.302194  0.111935  -0.0748046  0.111935  0.178907
0.296906  -0.120095  -0.0748046  -0.120095  0.302194  0.111935  -0.0748046  0.111935  0.178907
0.296906  -0.120095  -0.0748046  -0.120095  0.302194  0.111935  -0.0748046  0.111935  0.178907
0.296897  -0.120089  -0.0748008  -0.120089  0.302206  0.111942  -0.0748008  0.111942  0.17891
0.296897  -0.120089  -0.0748008  -0.120089  0.302206  0.111942  -0.0748008  0.111942  0.17891
0.296897  -0.120089  -0.0748008  -0.120089  0.302206  0.111942  -0.0748008  0.111942  0.17891
0.296897  -0.120089  -0.0748008  -0.120089  0.302206  0.111942  -0.0748008  0.111942  0.17891
0.296897  -0.120089  -0.0748008  -0.120089  0.302206  0.111942  -0.0748008  0.111942  0.17891
0.296897  -0.120089  -0.0748008  -0.120089  0.302206  0.111942  -0.0748008  0.111942  0.17891
0.296897  -0.120089  -0.0748008  -0.120089  0.302206  0.111942  -0.0748008  0.111942  0.17891
0.296891  -0.120101  -0.0747931  -0.120101  0.302242  0.111958  -0.0747931  0.111958  0.178912
0.296891  -0.120101  -0.0747931  -0.120101  0.302242  0.111958  -0.0747931  0.111958  0.178912
0.296891  -0.120101  -0.0747931  -0.120101  0.302242  0.111958  -0.0747931  0.111958  0.178912
0.296891  -0.120101  -0.0747931  -0.120101  0.302242  0.111958  -0.0747931  0.111958  0.178912
0.296882  -0.120095  -0.0747893  -0.120095  0.302254  0.111965  -0.0747893  0.111965  0.178916
0.29688  -0.120089  -0.0747709  -0.120089  0.302241  0.111948  -0.0747709  0.111948  0.178905
0.29688  -0.120089  -0.0747709  -0.120089  0.302241  0.111948  -0.0747709  0.111948  0.178905
0.296874  -0.120101  -0.0747632  -0.120101  0.302276  0.111964  -0.0747632  0.111964  0.178907
0.296874  -0.120101  -0.0747632  -0.120101  0.302276  0.111964  -0.0747632  0.111964  0.178907
0.296865  -0.120095  -0.0747594  -0.120095  0.302288  0.111971  -0.0747594  0.111971  0.178911
0.296867  -0.120113  -0.0747554  -0.120113  0.302312  0.11198  -0.0747554  0.11198  0.178909
0.296867  -0.120113  -0.0747554  -0.120113  0.302312  0.11198  -0.0747554  0.11198  0.178909
0.296857  -0.120102  -0.0747333  -0.120102  0.302311  0.111971  -0.0747333  0.111971  0.178901
0.296857  -0.120102  -0.0747333  -0.120102  0.302311  0.111971  -0.0747333  0.111971  0.178901
0.296851  -0.120113  -0.0747255  -0.120113  0.302347  0.111987  -0.0747255  0.111987  0.178903
0.296853  -0.120132  -0.0747215  -0.120132  0.30237  0.111996  -0.0747215  0.111996  0.178901
0.296844  -0.120125  -0.0747178  -0.120125  0.302382  0.112003  -0.0747178  0.112003  0.178905
0.296846  -0.120143  -0.0747138  -0.120143  0.302405  0.112012  -0.0747138  0.112012  0.178903
0.296846  -0.120143  -0.0747138  -0.120143  0.302405  0.112012  -0.0747138  0.112012  0.178903
0.296838  -0.12015  -0.0746877  -0.12015  0.302428  0.112012  -0.0746877  0.112012  0.178894
0.29684  -0.120168  -0.0746837  -0.120168  0.302452  0.112021  -0.0746837  0.112021  0.178892
