0.332334  -0.16453  -0.0985457  -0.16453  0.325675  0.127538  -0.0985457  0.127538  0.183114
0.332334  -0.16453  -0.0985457  -0.16453  0.325675  0.127538  -0.0985457  0.127538  0.183114
0.332317  -0.164896  -0.0978164  -0.164896  0.326072  0.127235  -0.0978164  0.127235  0.182614
0.332317  -0.164945  -0.0977318  -0.164945  0.326127  0.127203  -0.0977318  0.127203  0.182556
0.332404  -0.165811  -0.0963896  -0.165811  0.327042  0.126687  -0.0963896  0.126687  0.181628
0.332384  -0.16592  -0.0960384  -0.16592  0.327127  0.126494  -0.0960384  0.126494  0.181387
0.332374  -0.165908  -0.0960127  -0.165908  0.327109  0.126472  -0.0960127  0.126472  0.181371
0.332259  -0.165889  -0.0956069  -0.165889  0.327076  0.126215  -0.0956069  0.126215  0.181111
0.33228  -0.165931  -0.0955561  -0.165931  0.327101  0.126186  -0.0955561  0.126186  0.18107
0.332227  -0.166533  -0.0939336  -0.166533  0.327627  0.125334  -0.0939336  0.125334  0.179982
0.332288  -0.166809  -0.0928948  -0.166809  0.32761  0.124603  -0.0928948  0.124603  0.179239
0.332309  -0.166821  -0.0928268  -0.166821  0.32757  0.124534  -0.0928268  0.124534  0.179182
0.332477  -0.166622  -0.0922298  -0.166622  0.326669  0.12369  -0.0922298  0.12369  0.178644
0.332498  -0.166617  -0.0921899  -0.166617  0.32661  0.123631  -0.0921899  0.123631  0.178605
0.332791  -0.166429  -0.0915623  -0.166429  0.325527  0.122656  -0.0915623  0.122656  0.178
0.333081  -0.166473  -0.09088  -0.166473  0.324871  0.121831  -0.09088  0.121831  0.177401
0.333122  -0.166493  -0.0908172  -0.166493  0.324819  0.121755  -0.0908172  0.121755  0.177343
0.333821  -0.166679  -0.090193  -0.166679  0.323839  0.120722  -0.090193  0.120722  0.176648
0.333873  -0.166665  -0.0901658  -0.166665  0.323721  0.120638  -0.0901658  0.120638  0.176605
0.334726  -0.166553  -0.0901153  -0.166553  0.322205  0.119726  -0.0901153  0.119726  0.176206
0.335335  -0.166768  -0.08971  -0.166768  0.321534  0.119005  -0.08971  0.119005  0.175719
0.335398  -0.166797  -0.0896513  -0.166797  0.32147  0.118922  -0.0896513  0.118922  0.175658
0.336258  -0.167318  -0.0887433  -0.167318  0.320807  0.117805  -0.0887433  0.117805  0.17479
0.33631  -0.167318  -0.0886871  -0.167318  0.320707  0.117712  -0.0886871  0.117712  0.174732
0.337171  -0.167364  -0.0884613  -0.167364  0.319457  0.116809  -0.0884613  0.116809  0.174259
0.337569  -0.167429  -0.0880101  -0.167429  0.318826  0.11614  -0.0880101  0.11614  0.17382
0.3376  -0.167468  -0.0879381  -0.167468  0.318824  0.116083  -0.0879381  0.116083  0.173767
0.338021  -0.167961  -0.0864244  -0.167961  0.318532  0.114844  -0.0864244  0.114844  0.172705
0.338041  -0.167987  -0.0863273  -0.167987  0.318514  0.114767  -0.0863273  0.114767  0.17264
0.33838  -0.167872  -0.0854113  -0.167872  0.317459  0.113634  -0.0854113  0.113634  0.171917
0.338586  -0.167654  -0.0848672  -0.167654  0.316553  0.112846  -0.0848672  0.112846  0.171467
0.338594  -0.167651  -0.0847735  -0.167651  0.316499  0.11276  -0.0847735  0.11276  0.171405
0.338867  -0.167843  -0.0833833  -0.167843  0.315928  0.111533  -0.0833833  0.111533  0.170482
0.338895  -0.167864  -0.083266  -0.167864  0.315882  0.111429  -0.083266  0.111429  0.170404
0.339193  -0.167556  -0.0823828  -0.167556  0.314563  0.110233  -0.0823828  0.110233  0.16972
0.339407  -0.167019  -0.0820575  -0.167019  0.313163  0.109397  -0.0820575  0.109397  0.16937
0.339426  -0.166979  -0.0819995  -0.166979  0.313043  0.109306  -0.0819995  0.109306  0.169323
0.339803  -0.166876  -0.0809706  -0.166876  0.311951  0.108095  -0.0809706  0.108095  0.168575
0.339832  -0.166881  -0.0808812  -0.166881  0.311887  0.108003  -0.0808812  0.108003  0.168514
0.340232  -0.166603  -0.0800887  -0.166603  0.310546  0.106846  -0.0800887  0.106846  0.167881
0.340251  -0.166546  -0.0800584  -0.166546  0.310406  0.106766  -0.0800584  0.106766  0.167849
0.340522  -0.165959  -0.0797079  -0.165959  0.30886  0.105852  -0.0797079  0.105852  0.167471
0.34063  -0.165791  -0.0790555  -0.165791  0.30817  0.105125  -0.0790555  0.105125  0.167042
0.340625  -0.165758  -0.0789662  -0.165758  0.308083  0.105033  -0.0789662  0.105033  0.166989
0.34071  -0.16549  -0.0778316  -0.16549  0.307067  0.103871  -0.0778316  0.103871  0.166292
0.340706  -0.165441  -0.0777704  -0.165441  0.306961  0.103791  -0.0777704  0.103791  0.166252
0.340792  -0.164771  -0.077205  -0.164771  0.305444  0.102802  -0.077205  0.102802  0.165816
0.340734  -0.164356  -0.0765979  -0.164356  0.304554  0.102071  -0.0765979  0.102071  0.165444
0.340741  -0.164335  -0.0765332  -0.164335  0.304484  0.102  -0.0765332  0.102  0.165404
0.3406  -0.163941  -0.0752447  -0.163941  0.303484  0.100809  -0.0752447  0.100809  0.164706
0.340586  -0.163912  -0.0751773  -0.163912  0.303427  0.100746  -0.0751773  0.100746  0.16467
0.340473  -0.163096  -0.0745145  -0.163096  0.301882  0.0997392  -0.0745145  0.0997392  0.164238
0.340378  -0.162508  -0.0741112  -0.162508  0.30082  0.0990852  -0.0741112  0.0990852  0.163972
0.340353  -0.162453  -0.0740483  -0.162453  0.30073  0.0990154  -0.0740483  0.0990154  0.163939
0.340193  -0.161964  -0.0730975  -0.161964  0.299721  0.0980503  -0.0730975  0.0980503  0.163431
0.340168  -0.161908  -0.0730349  -0.161908  0.299632  0.0979813  -0.0730349  0.0979813  0.163399
0.340118  -0.161141  -0.0725936  -0.161141  0.298191  0.0971478  -0.0725936  0.0971478  0.163079
0.340072  -0.160557  -0.0723683  -0.160557  0.297149  0.0966066  -0.0723683  0.0966066  0.162894
0.340047  -0.160502  -0.0723062  -0.160502  0.297061  0.0965385  -0.0723062  0.0965385  0.162862
0.339895  -0.160018  -0.0715053  -0.160018  0.296115  0.0956982  -0.0715053  0.0956982  0.162441
0.339882  -0.159974  -0.0714664  -0.159974  0.296042  0.0956479  -0.0714664  0.0956479  0.16242
0.339707  -0.159252  -0.0709501  -0.159252  0.294818  0.0948837  -0.0709501  0.0948837  0.162114
0.339516  -0.158658  -0.0706571  -0.158658  0.29392  0.0943906  -0.0706571  0.0943906  0.161941
0.339503  -0.158615  -0.0706184  -0.158615  0.293847  0.094341  -0.0706184  0.094341  0.16192
0.339234  -0.158114  -0.0698553  -0.158114  0.293035  0.0936072  -0.0698553  0.0936072  0.161561
0.3392  -0.15808  -0.0697878  -0.15808  0.292994  0.0935568  -0.0697878  0.0935568  0.161534
0.338887  -0.157385  -0.0692257  -0.157385  0.291976  0.092878  -0.0692257  0.092878  0.161259
0.338605  -0.156763  -0.0688383  -0.156763  0.291111  0.0923606  -0.0688383  0.0923606  0.161069
0.338593  -0.15672  -0.0688002  -0.15672  0.29104  0.092312  -0.0688002  0.092312  0.161048
0.338241  -0.156129  -0.0681234  -0.156129  0.290208  0.0916458  -0.0681234  0.0916458  0.160751
0.338208  -0.156096  -0.068057  -0.156096  0.290169  0.0915965  -0.068057  0.0915965  0.160725
0.337875  -0.155333  -0.067586  -0.155333  0.289099  0.0909604  -0.067586  0.0909604  0.160496
0.337844  -0.155269  -0.0675726  -0.155269  0.289023  0.0909294  -0.0675726  0.0909294  0.160489
0.337538  -0.154485  -0.067227  -0.154485  0.287935  0.0903571  -0.067227  0.0903571  0.160307
0.337318  -0.154085  -0.0668322  -0.154085  0.287378  0.0899453  -0.0668322  0.0899453  0.160135
0.337317  -0.154054  -0.0668167  -0.154054  0.287322  0.0899141  -0.0668167  0.0899141  0.160124
0.337006  -0.153406  -0.0664211  -0.153406  0.286454  0.0893997  -0.0664211  0.0893997  0.159943
0.336995  -0.153349  -0.0664101  -0.153349  0.286368  0.0893614  -0.0664101  0.0893614  0.159933
0.33667  -0.152637  -0.0661187  -0.152637  0.28545  0.0888931  -0.0661187  0.0888931  0.159794
0.336437  -0.152268  -0.0657424  -0.152268  0.284972  0.0885275  -0.0657424  0.0885275  0.159642
0.336406  -0.152221  -0.0657037  -0.152221  0.284916  0.0884889  -0.0657037  0.0884889  0.159627
0.336094  -0.151678  -0.0653125  -0.151678  0.284235  0.0880514  -0.0653125  0.0880514  0.159468
0.336073  -0.151642  -0.0652954  -0.151642  0.284193  0.0880287  -0.0652954  0.0880287  0.159461
0.335776  -0.151082  -0.0649792  -0.151082  0.283494  0.0876266  -0.0649792  0.0876266  0.159329
0.335549  -0.150734  -0.0646488  -0.150734  0.283062  0.087306  -0.0646488  0.087306  0.159201
0.335528  -0.150713  -0.0646062  -0.150713  0.283037  0.0872751  -0.0646062  0.0872751  0.159186
0.335213  -0.150198  -0.0642144  -0.150198  0.282409  0.0868598  -0.0642144  0.0868598  0.159035
0.335193  -0.150162  -0.0641976  -0.150162  0.282368  0.0868374  -0.0641976  0.0868374  0.159028
0.334922  -0.149645  -0.063903  -0.149645  0.281722  0.0864642  -0.063903  0.0864642  0.158907
0.33473  -0.149332  -0.0636402  -0.149332  0.281333  0.0861946  -0.0636402  0.0861946  0.158806
0.334719  -0.149292  -0.0636042  -0.149292  0.281266  0.0861495  -0.0636042  0.0861495  0.158789
0.334459  -0.148819  -0.0632822  -0.148819  0.280672  0.0857784  -0.0632822  0.0857784  0.15866
0.334439  -0.148783  -0.0632657  -0.148783  0.280631  0.0857565  -0.0632657  0.0857565  0.158654
0.334221  -0.148308  -0.0630395  -0.148308  0.280018  0.0854262  -0.0630395  0.0854262  0.158554
0.334202  -0.148273  -0.063023  -0.148273  0.279977  0.0854044  -0.063023  0.0854044  0.158548
0.33403  -0.147954  -0.0627247  -0.147954  0.279545  0.0850932  -0.0627247  0.0850932  0.158428
0.33392  -0.147725  -0.062567  -0.147725  0.279239  0.0849024  -0.062567  0.0849024  0.158361
0.333911  -0.1477  -0.0625715  -0.1477  0.279211  0.0848956  -0.0625715  0.0848956  0.158362
0.333763  -0.147402  -0.0623816  -0.147402  0.278825  0.084662  -0.0623816  0.084662  0.158284
0.333772  -0.147383  -0.0623876  -0.147383  0.278783  0.0846475  -0.0623876  0.0846475  0.158281
0.333631  -0.147155  -0.0621179  -0.147155  0.278477  0.084397  -0.0621179  0.084397  0.158178
0.33355  -0.147003  -0.0619479  -0.147003  0.278259  0.084228  -0.0619479  0.084228  0.15811
0.333531  -0.146968  -0.0619317  -0.146968  0.278219  0.0842065  -0.0619317  0.0842065  0.158104
0.33345  -0.146771  -0.0617725  -0.146771  0.277932  0.0840169  -0.0617725  0.0840169  0.158035
0.333431  -0.146736  -0.0617563  -0.146736  0.277892  0.0839954  -0.0617563  0.0839954  0.158029
0.333347  -0.146585  -0.061522  -0.146585  0.277655  0.083782  -0.061522  0.083782  0.157936
0.333323  -0.146492  -0.0614117  -0.146492  0.27749  0.0836572  -0.0614117  0.0836572  0.157885
0.333323  -0.146492  -0.0614117  -0.146492  0.27749  0.0836572  -0.0614117  0.0836572  0.157885
0.33329  -0.146344  -0.0612914  -0.146344  0.277244  0.083497  -0.0612914  0.083497  0.157825
0.333289  -0.146315  -0.0612768  -0.146315  0.277191  0.0834679  -0.0612768  0.0834679  0.157815
0.333263  -0.146252  -0.0611165  -0.146252  0.277059  0.0833275  -0.0611165  0.0833275  0.157749
0.333268  -0.146203  -0.0610431  -0.146203  0.276946  0.0832391  -0.0610431  0.0832391  0.157711
0.333276  -0.146198  -0.0610239  -0.146198  0.276922  0.0832167  -0.0610239  0.0832167  0.1577
0.333291  -0.146159  -0.0609711  -0.146159  0.27682  0.083143  -0.0609711  0.083143  0.157669
0.333299  -0.146155  -0.0609519  -0.146155  0.276796  0.0831206  -0.0609519  0.0831206  0.157658
0.333322  -0.14617  -0.0608443  -0.14617  0.276755  0.0830375  -0.0608443  0.0830375  0.157611
0.333337  -0.146175  -0.0607809  -0.146175  0.276723  0.0829847  -0.0607809  0.0829847  0.157582
0.333355  -0.14618  -0.0607823  -0.14618  0.27671  0.0829769  -0.0607823  0.0829769  0.157578
0.333388  -0.146191  -0.0607203  -0.146191  0.276665  0.0829164  -0.0607203  0.0829164  0.157545
0.333388  -0.146191  -0.0607203  -0.146191  0.276665  0.0829164  -0.0607203  0.0829164  0.157545
0.33342  -0.146231  -0.060608  -0.146231  0.276653  0.0828398  -0.060608  0.0828398  0.157497
0.333427  -0.146241  -0.0605638  -0.146241  0.276646  0.0828095  -0.0605638  0.0828095  0.157479
0.333445  -0.146246  -0.0605651  -0.146246  0.276633  0.0828017  -0.0605651  0.0828017  0.157475
0.33347  -0.146261  -0.0605222  -0.146261  0.276612  0.0827635  -0.0605222  0.0827635  0.157452
0.33347  -0.146261  -0.0605222  -0.146261  0.276612  0.0827635  -0.0605222  0.0827635  0.157452
0.333476  -0.146286  -0.0604529  -0.146286  0.276621  0.0827251  -0.0604529  0.0827251  0.157427
0.333475  -0.146301  -0.0604277  -0.146301  0.276637  0.0827171  -0.0604277  0.0827171  0.157419
0.333475  -0.146301  -0.0604277  -0.146301  0.276637  0.0827171  -0.0604277  0.0827171  0.157419
0.333484  -0.146325  -0.0604231  -0.146325  0.276666  0.0827236  -0.0604231  0.0827236  0.157418
0.333484  -0.146325  -0.0604231  -0.146325  0.276666  0.0827236  -0.0604231  0.0827236  0.157418
0.333447  -0.14633  -0.0603953  -0.14633  0.276708  0.0827311  -0.0603953  0.0827311  0.157419
0.333411  -0.14632  -0.0603926  -0.14632  0.276733  0.0827466  -0.0603926  0.0827466  0.157427
0.333411  -0.14632  -0.0603926  -0.14632  0.276733  0.0827466  -0.0603926  0.0827466  0.157427
0.33334  -0.146301  -0.0603871  -0.146301  0.276784  0.0827777  -0.0603871  0.0827777  0.157443
0.33334  -0.146301  -0.0603871  -0.146301  0.276784  0.0827777  -0.0603871  0.0827777  0.157443
0.33325  -0.146276  -0.0603802  -0.146276  0.276847  0.0828166  -0.0603802  0.0828166  0.157463
0.33316  -0.146251  -0.0603733  -0.146251  0.276911  0.0828555  -0.0603733  0.0828555  0.157483
0.333142  -0.146247  -0.060372  -0.146247  0.276923  0.0828633  -0.060372  0.0828633  0.157487
0.333008  -0.146187  -0.0603669  -0.146187  0.276984  0.0829112  -0.0603669  0.0829112  0.157515
0.3329  -0.146158  -0.0603586  -0.146158  0.27706  0.0829578  -0.0603586  0.0829578  0.157539
0.3329  -0.146158  -0.0603586  -0.146158  0.27706  0.0829578  -0.0603586  0.0829578  0.157539
0.332731  -0.146088  -0.0603506  -0.146088  0.277146  0.0830212  -0.0603506  0.0830212  0.157576
0.332713  -0.146084  -0.0603492  -0.146084  0.277159  0.083029  -0.0603492  0.083029  0.15758
0.332544  -0.146014  -0.0603412  -0.146014  0.277245  0.0830924  -0.0603412  0.0830924  0.157617
0.33241  -0.145955  -0.060336  -0.145955  0.277305  0.0831402  -0.060336  0.0831402  0.157646
0.332384  -0.145926  -0.0603392  -0.145926  0.27729  0.0831415  -0.0603392  0.0831415  0.157651
0.332198  -0.145837  -0.0603547  -0.145837  0.277372  0.0832206  -0.0603547  0.0832206  0.157699
0.33218  -0.145832  -0.0603532  -0.145832  0.277385  0.0832283  -0.0603532  0.0832283  0.157703
0.331968  -0.145728  -0.0603468  -0.145728  0.277468  0.0833006  -0.0603468  0.0833006  0.157749
0.331774  -0.145629  -0.0603417  -0.145629  0.277538  0.0833651  -0.0603417  0.0833651  0.157791
0.331756  -0.145624  -0.0603402  -0.145624  0.277551  0.0833728  -0.0603402  0.0833728  0.157795
0.331511  -0.145496  -0.0603556  -0.145496  0.277643  0.0834685  -0.0603556  0.0834685  0.157856
0.331493  -0.145491  -0.0603542  -0.145491  0.277656  0.0834762  -0.0603542  0.0834762  0.15786
0.331239  -0.145353  -0.0603491  -0.145353  0.277736  0.0835573  -0.0603491  0.0835573  0.157915
0.33102  -0.145225  -0.0603468  -0.145225  0.277791  0.0836227  -0.0603468  0.0836227  0.157962
0.330994  -0.145196  -0.0603499  -0.145196  0.277776  0.0836239  -0.0603499  0.0836239  0.157967
0.330663  -0.145014  -0.0603432  -0.145014  0.277879  0.0837292  -0.0603432  0.0837292  0.158039
0.330628  -0.144975  -0.060326  -0.144975  0.277851  0.0837158  -0.060326  0.0837158  0.158037
0.330316  -0.144798  -0.0603206  -0.144798  0.277942  0.0838132  -0.0603206  0.0838132  0.158105
0.33029  -0.144769  -0.0603237  -0.144769  0.277926  0.0838143  -0.0603237  0.0838143  0.15811
0.329945  -0.144554  -0.060301  -0.144554  0.27799  0.0838982  -0.060301  0.0838982  0.158177
0.329704  -0.144412  -0.0602765  -0.144412  0.278046  0.0839565  -0.0602765  0.0839565  0.158221
0.32967  -0.144402  -0.0602735  -0.144402  0.278072  0.083972  -0.0602735  0.083972  0.158229
0.32931  -0.144154  -0.0602349  -0.144154  0.278096  0.0840345  -0.0602349  0.0840345  0.15829
0.329293  -0.144149  -0.0602334  -0.144149  0.278108  0.0840423  -0.0602334  0.0840423  0.158294
0.328936  -0.143887  -0.0602194  -0.143887  0.278116  0.0841125  -0.0602194  0.0841125  0.158362
0.32891  -0.143873  -0.0601978  -0.143873  0.278118  0.0841058  -0.0601978  0.0841058  0.15836
0.328555  -0.143626  -0.0601591  -0.143626  0.278142  0.0841681  -0.0601591  0.0841681  0.158421
0.328293  -0.143428  -0.0601234  -0.143428  0.278132  0.0841985  -0.0601234  0.0841985  0.158461
0.328268  -0.143399  -0.0601264  -0.143399  0.278117  0.0841996  -0.0601264  0.0841996  0.158466
0.327899  -0.14312  -0.0600722  -0.14312  0.278103  0.0842407  -0.0600722  0.0842407  0.158521
0.327866  -0.143082  -0.0600552  -0.143082  0.278076  0.0842273  -0.0600552  0.0842273  0.15852
0.327474  -0.14279  -0.0599795  -0.14279  0.278064  0.0842617  -0.0599795  0.0842617  0.158573
0.327184  -0.142556  -0.059927  -0.142556  0.278028  0.0842786  -0.059927  0.0842786  0.158612
0.32716  -0.142527  -0.05993  -0.142527  0.278013  0.0842797  -0.05993  0.0842797  0.158617
0.326748  -0.142181  -0.0598437  -0.142181  0.277935  0.0842863  -0.0598437  0.0842863  0.158666
0.326723  -0.142167  -0.0598224  -0.142167  0.277936  0.0842797  -0.0598224  0.0842797  0.158663
0.326331  -0.141826  -0.0597379  -0.141826  0.277846  0.0842787  -0.0597379  0.0842787  0.158708
0.326056  -0.141576  -0.0596918  -0.141576  0.277772  0.0842814  -0.0596918  0.0842814  0.158744
0.326023  -0.141539  -0.059675  -0.141539  0.277746  0.0842681  -0.059675  0.0842681  0.158743
0.325669  -0.14121  -0.059594  -0.14121  0.277632  0.0842519  -0.059594  0.0842519  0.15878
0.325645  -0.141182  -0.059597  -0.141182  0.277617  0.0842529  -0.059597  0.0842529  0.158785
0.325333  -0.14086  -0.0595013  -0.14086  0.277456  0.0841997  -0.0595013  0.0841997  0.158804
0.32511  -0.140641  -0.0594361  -0.140641  0.277361  0.084172  -0.0594361  0.084172  0.158821
0.325102  -0.140618  -0.0594407  -0.140618  0.277334  0.0841653  -0.0594407  0.0841653  0.158822
0.324769  -0.140312  -0.0593377  -0.140312  0.277226  0.0841342  -0.0593377  0.0841342  0.158848
0.324745  -0.140298  -0.0593166  -0.140298  0.277227  0.0841277  -0.0593166  0.0841277  0.158846
0.324454  -0.140011  -0.0592367  -0.140011  0.277106  0.0840957  -0.0592367  0.0840957  0.15887
0.324251  -0.1398  -0.0591735  -0.1398  0.277  0.0840605  -0.0591735  0.0840605  0.158883
0.324251  -0.1398  -0.0591735  -0.1398  0.277  0.0840605  -0.0591735  0.0840605  0.158883
0.32397  -0.139525  -0.0590521  -0.139525  0.276872  0.0839995  -0.0590521  0.0839995  0.158891
0.323947  -0.139497  -0.0590551  -0.139497  0.276858  0.0840005  -0.0590551  0.0840005  0.158896
0.323684  -0.139228  -0.0589356  -0.139228  0.276718  0.0839321  -0.0589356  0.0839321  0.158899
0.323661  -0.1392  -0.0589386  -0.1392  0.276704  0.0839331  -0.0589386  0.0839331  0.158904
0.323438  -0.13895  -0.0588419  -0.13895  0.276551  0.0838638  -0.0588419  0.0838638  0.158906
0.323277  -0.138773  -0.0587781  -0.138773  0.276448  0.0838205  -0.0587781  0.0838205  0.15891
0.32327  -0.138751  -0.0587826  -0.138751  0.276422  0.0838139  -0.0587826  0.0838139  0.158911
0.323056  -0.138525  -0.0586818  -0.138525  0.276296  0.0837514  -0.0586818  0.0837514  0.158912
0.323056  -0.138525  -0.0586818  -0.138525  0.276296  0.0837514  -0.0586818  0.0837514  0.158912
0.322905  -0.138345  -0.0586006  -0.138345  0.276171  0.0836869  -0.0586006  0.0836869  0.158907
0.322874  -0.138309  -0.0585844  -0.138309  0.276146  0.083674  -0.0585844  0.083674  0.158905
0.322746  -0.138157  -0.0585003  -0.138157  0.276035  0.0836085  -0.0585003  0.0836085  0.158895
0.322648  -0.138041  -0.0584326  -0.138041  0.275949  0.0835561  -0.0584326  0.0835561  0.158885
0.322641  -0.138018  -0.0584371  -0.138018  0.275923  0.0835495  -0.0584371  0.0835495  0.158886
0.32252  -0.137889  -0.0583488  -0.137889  0.275838  0.0834909  -0.0583488  0.0834909  0.158875
0.32246  -0.137805  -0.0582797  -0.137805  0.275754  0.08343  -0.0582797  0.08343  0.158856
0.32246  -0.137805  -0.0582797  -0.137805  0.275754  0.08343  -0.0582797  0.08343  0.158856
0.322377  -0.137695  -0.0582138  -0.137695  0.275656  0.0833703  -0.0582138  0.0833703  0.158843
0.322377  -0.137695  -0.0582138  -0.137695  0.275656  0.0833703  -0.0582138  0.0833703  0.158843
0.322333  -0.137616  -0.0581464  -0.137616  0.27556  0.083302  -0.0581464  0.083302  0.15882
0.322333  -0.137616  -0.0581464  -0.137616  0.27556  0.083302  -0.0581464  0.083302  0.15882
0.322303  -0.137568  -0.0580937  -0.137568  0.275501  0.0832541  -0.0580937  0.0832541  0.158803
0.322296  -0.137533  -0.0580615  -0.137533  0.27544  0.0832124  -0.0580615  0.0832124  0.158788
0.322296  -0.137533  -0.0580615  -0.137533  0.27544  0.0832124  -0.0580615  0.0832124  0.158788
0.322311  -0.137526  -0.0580264  -0.137526  0.275393  0.0831697  -0.0580264  0.0831697  0.158767
0.322318  -0.137522  -0.0580088  -0.137522  0.27537  0.0831484  -0.0580088  0.0831484  0.158757
0.322318  -0.137522  -0.0580088  -0.137522  0.27537  0.0831484  -0.0580088  0.0831484  0.158757
0.322348  -0.13752  -0.0579751  -0.13752  0.27531  0.0830982  -0.0579751  0.0830982  0.158733
0.322348  -0.13752  -0.0579751  -0.13752  0.27531  0.0830982  -0.0579751  0.0830982  0.158733
0.322378  -0.137543  -0.0579544  -0.137543  0.275301  0.0830758  -0.0579544  0.0830758  0.158718
0.322393  -0.137548  -0.0579559  -0.137548  0.275288  0.0830682  -0.0579559  0.0830682  0.158714
0.322423  -0.137571  -0.0579352  -0.137571  0.275278  0.0830458  -0.0579352  0.0830458  0.158698
0.322453  -0.137595  -0.0579145  -0.137595  0.275269  0.0830234  -0.0579145  0.0830234  0.158683
0.322453  -0.137595  -0.0579145  -0.137595  0.275269  0.0830234  -0.0579145  0.0830234  0.158683
0.322498  -0.137609  -0.0579189  -0.137609  0.275231  0.0830007  -0.0579189  0.0830007  0.158671
0.322498  -0.137609  -0.0579189  -0.137609  0.275231  0.0830007  -0.0579189  0.0830007  0.158671
0.322543  -0.137637  -0.0578997  -0.137637  0.275209  0.0829708  -0.0578997  0.0829708  0.158652
0.322588  -0.137665  -0.0578805  -0.137665  0.275186  0.0829408  -0.0578805  0.0829408  0.158632
0.322588  -0.137665  -0.0578805  -0.137665  0.275186  0.0829408  -0.0578805  0.0829408  0.158632
0.322641  -0.137701  -0.0578803  -0.137701  0.275175  0.0829246  -0.0578803  0.0829246  0.158619
0.322641  -0.137701  -0.0578803  -0.137701  0.275175  0.0829246  -0.0578803  0.0829246  0.158619
0.322686  -0.13773  -0.057861  -0.13773  0.275153  0.0828946  -0.057861  0.0828946  0.1586
0.322702  -0.137734  -0.0578625  -0.137734  0.27514  0.082887  -0.0578625  0.082887  0.158596
0.322754  -0.137771  -0.0578624  -0.137771  0.275129  0.0828708  -0.0578624  0.0828708  0.158583
0.322777  -0.137772  -0.0578462  -0.137772  0.275093  0.0828419  -0.0578462  0.0828419  0.158568
0.322777  -0.137772  -0.0578462  -0.137772  0.275093  0.0828419  -0.0578462  0.0828419  0.158568
0.322837  -0.137831  -0.0578414  -0.137831  0.275108  0.0828321  -0.0578414  0.0828321  0.158554
0.322875  -0.137863  -0.0578397  -0.137863  0.275109  0.0828235  -0.0578397  0.0828235  0.158545
0.32289  -0.137868  -0.0578412  -0.137868  0.275097  0.0828159  -0.0578412  0.0828159  0.158541
0.322943  -0.137904  -0.057841  -0.137904  0.275086  0.0827997  -0.057841  0.0827997  0.158528
0.322943  -0.137904  -0.057841  -0.137904  0.275086  0.0827997  -0.057841  0.0827997  0.158528
0.322996  -0.137941  -0.0578408  -0.137941  0.275074  0.0827834  -0.0578408  0.0827834  0.158515
0.323004  -0.137963  -0.0578362  -0.137963  0.275101  0.0827899  -0.0578362  0.0827899  0.158514
0.323057  -0.138  -0.057836  -0.138  0.275089  0.0827736  -0.057836  0.0827736  0.1585
0.323094  -0.138032  -0.0578343  -0.138032  0.275091  0.0827649  -0.0578343  0.0827649  0.158491
0.323094  -0.138032  -0.0578343  -0.138032  0.275091  0.0827649  -0.0578343  0.0827649  0.158491
0.323148  -0.138069  -0.0578341  -0.138069  0.275079  0.0827487  -0.0578341  0.0827487  0.158478
0.323148  -0.138069  -0.0578341  -0.138069  0.275079  0.0827487  -0.0578341  0.0827487  0.158478
0.323178  -0.138078  -0.057837  -0.138078  0.275054  0.0827335  -0.057837  0.0827335  0.15847
0.323216  -0.13811  -0.0578353  -0.13811  0.275056  0.0827248  -0.0578353  0.0827248  0.158461
0.323209  -0.138101  -0.0578162  -0.138101  0.275045  0.082711  -0.0578162  0.082711  0.158455
0.323246  -0.138133  -0.0578145  -0.138133  0.275046  0.0827023  -0.0578145  0.0827023  0.158446
0.323246  -0.138133  -0.0578145  -0.138133  0.275046  0.0827023  -0.0578145  0.0827023  0.158446
0.323269  -0.138161  -0.0578113  -0.138161  0.27506  0.0827012  -0.0578113  0.0827012  0.158441
0.323277  -0.138157  -0.0577936  -0.138157  0.275036  0.0826799  -0.0577936  0.0826799  0.158431
0.323292  -0.138162  -0.0577951  -0.138162  0.275024  0.0826723  -0.0577951  0.0826723  0.158426
0.323284  -0.138153  -0.0577759  -0.138153  0.275013  0.0826585  -0.0577759  0.0826585  0.15842
0.3233  -0.138158  -0.0577773  -0.138158  0.275  0.0826509  -0.0577773  0.0826509  0.158416
0.323292  -0.138149  -0.0577582  -0.138149  0.274989  0.0826372  -0.0577582  0.0826372  0.15841
0.323306  -0.138168  -0.0577358  -0.138168  0.274992  0.0826223  -0.0577358  0.0826223  0.158399
0.323306  -0.138168  -0.0577358  -0.138168  0.274992  0.0826223  -0.0577358  0.0826223  0.158399
0.323291  -0.138137  -0.0577213  -0.138137  0.274955  0.082602  -0.0577213  0.082602  0.158394
0.323291  -0.138137  -0.0577213  -0.138137  0.274955  0.082602  -0.0577213  0.082602  0.158394
0.323283  -0.138128  -0.0577021  -0.138128  0.274944  0.0825883  -0.0577021  0.0825883  0.158388
0.323283  -0.138128  -0.0577021  -0.138128  0.274944  0.0825883  -0.0577021  0.0825883  0.158388
0.323268  -0.138111  -0.0576638  -0.138111  0.274922  0.0825608  -0.0576638  0.0825608  0.158376
0.323237  -0.138076  -0.0576478  -0.138076  0.274897  0.0825481  -0.0576478  0.0825481  0.158375
0.323237  -0.138076  -0.0576478  -0.138076  0.274897  0.0825481  -0.0576478  0.0825481  0.158375
0.323222  -0.138059  -0.0576095  -0.138059  0.274875  0.0825207  -0.0576095  0.0825207  0.158363
0.323222  -0.138059  -0.0576095  -0.138059  0.274875  0.0825207  -0.0576095  0.0825207  0.158363
0.323176  -0.138006  -0.0575552  -0.138006  0.274829  0.0824806  -0.0575552  0.0824806  0.158351
0.323176  -0.138006  -0.0575552  -0.138006  0.274829  0.0824806  -0.0575552  0.0824806  0.158351
0.323138  -0.137962  -0.0575202  -0.137962  0.274793  0.0824543  -0.0575202  0.0824543  0.158344
0.323107  -0.137914  -0.0574674  -0.137914  0.274734  0.0824067  -0.0574674  0.0824067  0.158327
0.323107  -0.137914  -0.0574674  -0.137914  0.274734  0.0824067  -0.0574674  0.0824067  0.158327
0.323061  -0.137861  -0.0574133  -0.137861  0.274688  0.0823667  -0.0574133  0.0823667  0.158314
0.323061  -0.137861  -0.0574133  -0.137861  0.274688  0.0823667  -0.0574133  0.0823667  0.158314
0.323015  -0.137808  -0.0573592  -0.137808  0.274641  0.0823267  -0.0573592  0.0823267  0.158301
0.323008  -0.1378  -0.0573401  -0.1378  0.27463  0.082313  -0.0573401  0.082313  0.158296
0.322955  -0.137725  -0.0572907  -0.137725  0.274558  0.0822667  -0.0572907  0.0822667  0.158284
0.322916  -0.137695  -0.057232  -0.137695  0.274538  0.0822333  -0.057232  0.0822333  0.15827
0.322916  -0.137695  -0.057232  -0.137695  0.274538  0.0822333  -0.057232  0.0822333  0.15827
0.322863  -0.137634  -0.057159  -0.137634  0.27448  0.0821798  -0.057159  0.0821798  0.158252
0.322863  -0.137634  -0.057159  -0.137634  0.27448  0.0821798  -0.057159  0.0821798  0.158252
0.322809  -0.137573  -0.057086  -0.137573  0.274423  0.0821263  -0.057086  0.0821263  0.158234
0.322772  -0.137529  -0.0570512  -0.137529  0.274388  0.0821002  -0.0570512  0.0821002  0.158227
0.322764  -0.137521  -0.0570322  -0.137521  0.274377  0.0820866  -0.0570322  0.0820866  0.158221
0.322718  -0.137468  -0.0569783  -0.137468  0.274331  0.0820468  -0.0569783  0.0820468  0.158209
0.322711  -0.13746  -0.0569593  -0.13746  0.27432  0.0820332  -0.0569593  0.0820332  0.158203
0.322658  -0.137399  -0.0568865  -0.137399  0.274263  0.0819799  -0.0568865  0.0819799  0.158185
0.322642  -0.137395  -0.0568852  -0.137395  0.274276  0.0819875  -0.0568852  0.0819875  0.158189
0.322589  -0.137334  -0.0568124  -0.137334  0.274219  0.0819343  -0.0568124  0.0819343  0.158171
0.322559  -0.137286  -0.0567602  -0.137286  0.27416  0.0818871  -0.0567602  0.0818871  0.158154
0.322559  -0.137286  -0.0567602  -0.137286  0.27416  0.0818871  -0.0567602  0.0818871  0.158154
0.322491  -0.137221  -0.0566862  -0.137221  0.274116  0.0818416  -0.0566862  0.0818416  0.15814
0.322491  -0.137221  -0.0566862  -0.137221  0.274116  0.0818416  -0.0566862  0.0818416  0.15814
0.322432  -0.137138  -0.0566183  -0.137138  0.274033  0.0817821  -0.0566183  0.0817821  0.158123
0.322424  -0.13713  -0.0565994  -0.13713  0.274022  0.0817686  -0.0565994  0.0817686  0.158118
0.322371  -0.137069  -0.0565269  -0.137069  0.273965  0.0817156  -0.0565269  0.0817156  0.1581
0.322326  -0.137017  -0.0564734  -0.137017  0.27392  0.0816762  -0.0564734  0.0816762  0.158088
0.322326  -0.137017  -0.0564734  -0.137017  0.27392  0.0816762  -0.0564734  0.0816762  0.158088
0.322259  -0.136926  -0.0563869  -0.136926  0.273826  0.0816034  -0.0563869  0.0816034  0.158065
0.322259  -0.136926  -0.0563869  -0.136926  0.273826  0.0816034  -0.0563869  0.0816034  0.158065
0.322199  -0.136858  -0.0562957  -0.136858  0.273759  0.0815371  -0.0562957  0.0815371  0.158042
0.322147  -0.136798  -0.0562236  -0.136798  0.273702  0.0814843  -0.0562236  0.0814843  0.158024
0.322139  -0.136789  -0.0562047  -0.136789  0.273692  0.0814708  -0.0562047  0.0814708  0.158019
0.322065  -0.13669  -0.0560996  -0.13669  0.273588  0.0813849  -0.0560996  0.0813849  0.157991
0.322058  -0.136668  -0.0561043  -0.136668  0.273562  0.0813786  -0.0561043  0.0813786  0.157992
0.321991  -0.136591  -0.0559946  -0.136591  0.273484  0.0812991  -0.0559946  0.0812991  0.157963
0.321932  -0.136509  -0.0559274  -0.136509  0.273402  0.0812403  -0.0559274  0.0812403  0.157947
0.321932  -0.136509  -0.0559274  -0.136509  0.273402  0.0812403  -0.0559274  0.0812403  0.157947
0.321858  -0.13641  -0.0558227  -0.13641  0.273299  0.0811547  -0.0558227  0.0811547  0.15792
0.321799  -0.136342  -0.0557321  -0.136342  0.273232  0.081089  -0.0557321  0.081089  0.157897
0.321799  -0.136342  -0.0557321  -0.136342  0.273232  0.081089  -0.0557321  0.081089  0.157897
0.321725  -0.136244  -0.0556276  -0.136244  0.273129  0.0810037  -0.0556276  0.0810037  0.15787
0.321718  -0.136235  -0.0556089  -0.136235  0.273118  0.0809903  -0.0556089  0.0809903  0.157864
0.321637  -0.136129  -0.0554858  -0.136129  0.273005  0.0808917  -0.0554858  0.0808917  0.157832
0.321637  -0.136129  -0.0554858  -0.136129  0.273005  0.0808917  -0.0554858  0.0808917  0.157832
0.321542  -0.135992  -0.055349  -0.135992  0.272855  0.0807738  -0.055349  0.0807738  0.157795
0.321476  -0.135902  -0.0552637  -0.135902  0.272763  0.0807023  -0.0552637  0.0807023  0.157774
0.321476  -0.135902  -0.0552637  -0.135902  0.272763  0.0807023  -0.0552637  0.0807023  0.157774
0.321367  -0.135761  -0.055126  -0.135761  0.272626  0.0805923  -0.055126  0.0805923  0.157742
0.32136  -0.135753  -0.0551073  -0.135753  0.272615  0.0805791  -0.0551073  0.0805791  0.157736
0.321244  -0.13559  -0.0549746  -0.13559  0.272453  0.0804632  -0.0549746  0.0804632  0.157705
0.32115  -0.13548  -0.0548513  -0.13548  0.272353  0.0803732  -0.0548513  0.0803732  0.157678
0.321136  -0.13545  -0.0548375  -0.13545  0.272317  0.0803537  -0.0548375  0.0803537  0.157674
0.32102  -0.135302  -0.054682  -0.135302  0.272171  0.0802314  -0.054682  0.0802314  0.157637
0.320992  -0.135267  -0.0546669  -0.135267  0.272147  0.0802195  -0.0546669  0.0802195  0.157637
0.320863  -0.13509  -0.0544981  -0.13509  0.271965  0.0800781  -0.0544981  0.0800781  0.157596
0.320841  -0.135077  -0.0544783  -0.135077  0.271967  0.0800725  -0.0544783  0.0800725  0.157595
0.320685  -0.134865  -0.0542949  -0.134865  0.271762  0.0799198  -0.0542949  0.0799198  0.157554
0.320579  -0.134712  -0.0541823  -0.134712  0.271612  0.0798186  -0.0541823  0.0798186  0.15753
0.320571  -0.134704  -0.0541638  -0.134704  0.271602  0.0798055  -0.0541638  0.0798055  0.157525
0.320417  -0.13448  -0.0540045  -0.13448  0.271383  0.0796606  -0.0540045  0.0796606  0.157491
0.320417  -0.13448  -0.0540045  -0.13448  0.271383  0.0796606  -0.0540045  0.0796606  0.157491
0.320241  -0.134243  -0.053826  -0.134243  0.271167  0.0795107  -0.053826  0.0795107  0.157456
0.320123  -0.134062  -0.0537007  -0.134062  0.270983  0.0793912  -0.0537007  0.0793912  0.157429
0.320109  -0.134058  -0.0536995  -0.134058  0.270995  0.0793987  -0.0536995  0.0793987  0.157433
0.319922  -0.133793  -0.0535085  -0.133793  0.270745  0.0792306  -0.0535085  0.0792306  0.157395
0.319915  -0.133785  -0.0534902  -0.133785  0.270735  0.0792177  -0.0534902  0.0792177  0.15739
0.319735  -0.133529  -0.053318  -0.133529  0.270496  0.0790632  -0.053318  0.0790632  0.157358
0.319591  -0.13334  -0.0531915  -0.13334  0.270338  0.0789598  -0.0531915  0.0789598  0.157339
0.319591  -0.13334  -0.0531915  -0.13334  0.270338  0.0789598  -0.0531915  0.0789598  0.157339
0.3194  -0.133082  -0.0530192  -0.133082  0.270113  0.0788137  -0.0530192  0.0788137  0.157312
0.319379  -0.133056  -0.0530229  -0.133056  0.2701  0.0788152  -0.0530229  0.0788152  0.157317
0.319182  -0.13279  -0.052833  -0.13279  0.269866  0.0786568  -0.052833  0.0786568  0.157285
0.31906  -0.132629  -0.0527039  -0.132629  0.269723  0.078553  -0.0527039  0.078553  0.157262
0.319033  -0.132596  -0.0526895  -0.132596  0.2697  0.0785417  -0.0526895  0.0785417  0.157263
0.318866  -0.132351  -0.052538  -0.132351  0.269475  0.0784023  -0.052538  0.0784023  0.157237
0.318839  -0.132318  -0.0525236  -0.132318  0.269453  0.0783911  -0.0525236  0.0783911  0.157237
0.318659  -0.132045  -0.0523593  -0.132045  0.269194  0.0782336  -0.0523593  0.0782336  0.157208
0.318513  -0.131852  -0.0522171  -0.131852  0.26903  0.0781197  -0.0522171  0.0781197  0.157187
0.3185  -0.131823  -0.0522039  -0.131823  0.268995  0.0781011  -0.0522039  0.0781011  0.157183
0.318308  -0.131562  -0.0520169  -0.131562  0.268765  0.0779453  -0.0520169  0.0779453  0.157154
0.318308  -0.131562  -0.0520169  -0.131562  0.268765  0.0779453  -0.0520169  0.0779453  0.157154
0.318111  -0.131293  -0.0518125  -0.131293  0.268526  0.0777776  -0.0518125  0.0777776  0.15712
0.317987  -0.131114  -0.0516906  -0.131114  0.268361  0.0776701  -0.0516906  0.0776701  0.1571
0.317967  -0.131103  -0.0516717  -0.131103  0.268364  0.077665  -0.0516717  0.077665  0.1571
0.317799  -0.130855  -0.0515052  -0.130855  0.268134  0.0775159  -0.0515052  0.0775159  0.157073
0.317676  -0.130677  -0.0513839  -0.130677  0.26797  0.077409  -0.0513839  0.077409  0.157053
0.317656  -0.130665  -0.0513651  -0.130665  0.267973  0.077404  -0.0513651  0.077404  0.157053
0.317483  -0.130411  -0.0511818  -0.130411  0.267734  0.0772434  -0.0511818  0.0772434  0.157022
0.317457  -0.130379  -0.0511679  -0.130379  0.267712  0.0772326  -0.0511679  0.0772326  0.157022
0.317278  -0.130129  -0.051002  -0.130129  0.267497  0.0770924  -0.051002  0.0770924  0.157
0.317158  -0.129953  -0.0508818  -0.129953  0.267335  0.0769866  -0.0508818  0.0769866  0.156982
0.317138  -0.129941  -0.0508632  -0.129941  0.267338  0.0769817  -0.0508632  0.0769817  0.156982
0.316961  -0.129693  -0.0506982  -0.129693  0.267124  0.0768424  -0.0506982  0.0768424  0.15696
0.316942  -0.129682  -0.0506796  -0.129682  0.267127  0.0768375  -0.0506796  0.0768375  0.15696
0.31676  -0.129414  -0.05052  -0.129414  0.266889  0.076693  -0.05052  0.076693  0.15694
0.316623  -0.129228  -0.0503824  -0.129228  0.266732  0.0765833  -0.0503824  0.0765833  0.156923
0.316598  -0.129196  -0.0503688  -0.129196  0.266711  0.0765727  -0.0503688  0.0765727  0.156923
0.316418  -0.128929  -0.0502102  -0.128929  0.266475  0.0764291  -0.0502102  0.0764291  0.156904
0.316412  -0.128922  -0.0501927  -0.128922  0.266466  0.0764169  -0.0501927  0.0764169  0.1569
0.316221  -0.128653  -0.0500337  -0.128653  0.266244  0.0762813  -0.0500337  0.0762813  0.156885
0.316215  -0.128645  -0.0500163  -0.128645  0.266234  0.0762691  -0.0500163  0.0762691  0.156881
0.316025  -0.128377  -0.0498579  -0.128377  0.266013  0.076134  -0.0498579  0.076134  0.156867
0.315884  -0.128197  -0.0497385  -0.128197  0.26588  0.0760454  -0.0497385  0.0760454  0.156859
0.315872  -0.128169  -0.0497259  -0.128169  0.265847  0.0760276  -0.0497259  0.0760276  0.156856
0.315678  -0.127919  -0.0495628  -0.127919  0.265664  0.0759065  -0.0495628  0.0759065  0.156846
0.315653  -0.127887  -0.0495494  -0.127887  0.265643  0.0758961  -0.0495494  0.0758961  0.156847
0.315466  -0.127645  -0.0494041  -0.127645  0.26547  0.0757875  -0.0494041  0.0757875  0.156842
0.31546  -0.127638  -0.0493868  -0.127638  0.26546  0.0757755  -0.0493868  0.0757755  0.156838
0.315274  -0.127397  -0.049242  -0.127397  0.265288  0.0756672  -0.049242  0.0756672  0.156833
0.315268  -0.12739  -0.0492247  -0.12739  0.265278  0.0756553  -0.0492247  0.0756553  0.156829
0.315071  -0.127146  -0.0490795  -0.127146  0.265119  0.0755548  -0.0490795  0.0755548  0.156828
0.315059  -0.127118  -0.0490672  -0.127118  0.265086  0.0755372  -0.0490672  0.0755372  0.156825
0.314875  -0.12689  -0.0489568  -0.12689  0.264947  0.075461  -0.0489568  0.075461  0.156833
0.314763  -0.126754  -0.0488861  -0.126754  0.264869  0.0754156  -0.0488861  0.0754156  0.156837
0.314752  -0.126727  -0.0488738  -0.126727  0.264836  0.075398  -0.0488738  0.075398  0.156834
0.314558  -0.126485  -0.0487298  -0.126485  0.264679  0.0752985  -0.0487298  0.0752985  0.156835
0.314558  -0.126485  -0.0487298  -0.126485  0.264679  0.0752985  -0.0487298  0.0752985  0.156835
0.31436  -0.126237  -0.0485691  -0.126237  0.264513  0.0751876  -0.0485691  0.0751876  0.156832
0.314214  -0.126058  -0.048452  -0.126058  0.264397  0.075109  -0.048452  0.075109  0.156831
0.314204  -0.126031  -0.0484399  -0.126031  0.264364  0.0750916  -0.0484399  0.0750916  0.156828
0.314024  -0.125819  -0.0483093  -0.125819  0.264241  0.0750105  -0.0483093  0.0750105  0.156832
0.314013  -0.125792  -0.0482972  -0.125792  0.264209  0.0749931  -0.0482972  0.0749931  0.156829
0.313836  -0.125569  -0.0481339  -0.125569  0.264056  0.0748816  -0.0481339  0.0748816  0.156823
0.313824  -0.125566  -0.0481331  -0.125566  0.264068  0.074889  -0.0481331  0.074889  0.156827
0.313643  -0.125324  -0.0479753  -0.125324  0.263892  0.0747722  -0.0479753  0.0747722  0.156821
0.313524  -0.125178  -0.0478724  -0.125178  0.263798  0.0747047  -0.0478724  0.0747047  0.15682
0.313502  -0.125148  -0.0478596  -0.125148  0.263778  0.0746948  -0.0478596  0.0746948  0.156821
0.313352  -0.124935  -0.0476994  -0.124935  0.263602  0.0745698  -0.0476994  0.0745698  0.156807
0.313329  -0.124905  -0.0476866  -0.124905  0.263583  0.0745599  -0.0476866  0.0745599  0.156809
0.313185  -0.124699  -0.0475438  -0.124699  0.263416  0.0744469  -0.0475438  0.0744469  0.156799
0.313082  -0.124535  -0.0474315  -0.124535  0.263267  0.0743484  -0.0474315  0.0743484  0.156787
0.31307  -0.124531  -0.0474307  -0.124531  0.263279  0.0743557  -0.0474307  0.0743557  0.156791
0.312918  -0.1243  -0.0472767  -0.1243  0.263082  0.0742263  -0.0472767  0.0742263  0.156779
0.312912  -0.124293  -0.04726  -0.124293  0.263073  0.0742148  -0.04726  0.0742148  0.156775
0.312738  -0.124056  -0.0471049  -0.124056  0.262901  0.0741004  -0.0471049  0.0741004  0.156772
0.312624  -0.123889  -0.0469928  -0.123889  0.262765  0.0740101  -0.0469928  0.0740101  0.156765
0.312613  -0.123886  -0.046992  -0.123886  0.262778  0.0740174  -0.046992  0.0740174  0.15677
0.312456  -0.123673  -0.0468337  -0.123673  0.262618  0.073902  -0.0468337  0.073902  0.156762
0.31244  -0.123663  -0.0468163  -0.123663  0.262621  0.0738979  -0.0468163  0.0738979  0.156763
0.312306  -0.123467  -0.0466924  -0.123467  0.262467  0.0737985  -0.0466924  0.0737985  0.156758
0.3122  -0.123309  -0.0465978  -0.123309  0.262341  0.0737203  -0.0465978  0.0737203  0.156756
0.312184  -0.123299  -0.0465805  -0.123299  0.262345  0.0737162  -0.0465805  0.0737162  0.156757
0.31203  -0.123088  -0.0464234  -0.123088  0.262186  0.0736019  -0.0464234  0.0736019  0.15675
0.312009  -0.123058  -0.046411  -0.123058  0.262167  0.0735924  -0.046411  0.0735924  0.156752
