0.30831  -0.120805  -0.0692263  -0.120805  0.274509  0.0920186  -0.0692263  0.0920186  0.167755
0.30831  -0.120805  -0.0692263  -0.120805  0.274509  0.0920186  -0.0692263  0.0920186  0.167755
0.308314  -0.121147  -0.0686651  -0.121147  0.274803  0.0918714  -0.0686651  0.0918714  0.167491
0.30831  -0.121166  -0.0686021  -0.121166  0.274814  0.091845  -0.0686021  0.091845  0.167461
0.308287  -0.121534  -0.0678192  -0.121534  0.275103  0.091583  -0.0678192  0.091583  0.167099
0.308282  -0.121528  -0.0678007  -0.121528  0.275093  0.0915691  -0.0678007  0.0915691  0.16709
0.308246  -0.121486  -0.0677627  -0.121486  0.275074  0.091548  -0.0677627  0.091548  0.167083
0.308154  -0.121837  -0.0670751  -0.121837  0.27551  0.0914186  -0.0670751  0.0914186  0.166814
0.308158  -0.121895  -0.0670044  -0.121895  0.275566  0.0914076  -0.0670044  0.0914076  0.166782
0.308173  -0.122429  -0.0660795  -0.122429  0.276002  0.091124  -0.0660795  0.091124  0.166363
0.308173  -0.122442  -0.0660573  -0.122442  0.276014  0.0911177  -0.0660573  0.0911177  0.166354
0.308348  -0.12274  -0.0658089  -0.12274  0.276071  0.0909729  -0.0658089  0.0909729  0.166174
0.308371  -0.122776  -0.0657692  -0.122776  0.27607  0.090946  -0.0657692  0.090946  0.166146
0.30867  -0.123207  -0.0657097  -0.123207  0.276208  0.0909107  -0.0657097  0.0909107  0.166019
0.308702  -0.123243  -0.0657289  -0.123243  0.276217  0.0909177  -0.0657289  0.0909177  0.166017
0.309184  -0.123748  -0.0659873  -0.123748  0.276292  0.0909808  -0.0659873  0.0909808  0.165972
0.309228  -0.123802  -0.0659867  -0.123802  0.276301  0.0909744  -0.0659867  0.0909744  0.165956
0.309862  -0.12447  -0.0662289  -0.12447  0.276381  0.0909975  -0.0662289  0.0909975  0.165853
0.309907  -0.124511  -0.0662508  -0.124511  0.276378  0.0909974  -0.0662508  0.0909974  0.165847
0.31057  -0.124979  -0.0668584  -0.124979  0.276257  0.0911168  -0.0668584  0.0911168  0.165898
0.31065  -0.125056  -0.0669002  -0.125056  0.276263  0.091124  -0.0669002  0.091124  0.16589
0.311156  -0.125814  -0.0667734  -0.125814  0.276587  0.0910938  -0.0667734  0.0910938  0.165684
0.311191  -0.125864  -0.0667704  -0.125864  0.276609  0.0910945  -0.0667704  0.0910945  0.165673
0.311501  -0.126187  -0.0669293  -0.126187  0.276684  0.0911453  -0.0669293  0.0911453  0.165651
0.311501  -0.126187  -0.0669293  -0.126187  0.276684  0.0911453  -0.0669293  0.0911453  0.165651
0.311619  -0.126699  -0.0665779  -0.126699  0.277182  0.0911596  -0.0665779  0.0911596  0.165487
0.311623  -0.126746  -0.0665284  -0.126746  0.27723  0.091154  -0.0665284  0.091154  0.165466
0.311629  -0.127168  -0.066053  -0.127168  0.277718  0.0911185  -0.066053  0.0911185  0.165281
0.311634  -0.127188  -0.066049  -0.127188  0.277742  0.0911261  -0.066049  0.0911261  0.16528
0.311693  -0.127548  -0.0659883  -0.127548  0.278217  0.0912975  -0.0659883  0.0912975  0.165273
0.311719  -0.127663  -0.0659455  -0.127663  0.278348  0.0913285  -0.0659455  0.0913285  0.165256
0.311744  -0.127898  -0.065832  -0.127898  0.27865  0.0913984  -0.065832  0.0913984  0.165221
0.311949  -0.128476  -0.0658699  -0.128476  0.279291  0.0916645  -0.0658699  0.0916645  0.165228
0.311965  -0.128511  -0.0659035  -0.128511  0.279338  0.0917005  -0.0659035  0.0917005  0.165243
0.312298  -0.129133  -0.0662183  -0.129133  0.279958  0.09208  -0.0662183  0.09208  0.165338
0.312327  -0.129187  -0.0662317  -0.129187  0.280006  0.0921022  -0.0662317  0.0921022  0.165339
0.312715  -0.130006  -0.066454  -0.130006  0.280832  0.0925099  -0.066454  0.0925099  0.165392
0.31278  -0.130094  -0.0665461  -0.130094  0.280913  0.0925829  -0.0665461  0.0925829  0.165422
0.313153  -0.130629  -0.067056  -0.130629  0.281415  0.0930089  -0.067056  0.0930089  0.165591
0.313194  -0.130698  -0.067108  -0.130698  0.281487  0.0930607  -0.067108  0.0930607  0.165609
0.313451  -0.131294  -0.0671806  -0.131294  0.282101  0.0933184  -0.0671806  0.0933184  0.165616
0.313468  -0.131344  -0.0671918  -0.131344  0.282162  0.0933485  -0.0671918  0.0933485  0.165622
0.313605  -0.131687  -0.0673744  -0.131687  0.282601  0.0936174  -0.0673744  0.0936174  0.165706
0.313605  -0.131687  -0.0673744  -0.131687  0.282601  0.0936174  -0.0673744  0.0936174  0.165706
0.313623  -0.13206  -0.0672992  -0.13206  0.283177  0.0938302  -0.0672992  0.0938302  0.165715
0.313628  -0.132095  -0.0672719  -0.132095  0.283216  0.0938308  -0.0672719  0.0938308  0.165704
0.313616  -0.132414  -0.0671825  -0.132414  0.283745  0.0940208  -0.0671825  0.0940208  0.165711
0.313614  -0.132437  -0.0671951  -0.132437  0.283795  0.0940507  -0.0671951  0.0940507  0.165722
0.313594  -0.132502  -0.0672303  -0.132502  0.283955  0.0941477  -0.0672303  0.0941477  0.16576
0.313624  -0.132864  -0.0672396  -0.132864  0.284533  0.0944049  -0.0672396  0.0944049  0.165806
0.313628  -0.132923  -0.0672249  -0.132923  0.284622  0.0944355  -0.0672249  0.0944355  0.165806
0.313659  -0.13306  -0.0672365  -0.13306  0.284811  0.0945192  -0.0672365  0.0945192  0.165818
0.313766  -0.133307  -0.0675357  -0.133307  0.285189  0.0948342  -0.0675357  0.0948342  0.165963
0.313789  -0.133352  -0.0675897  -0.133352  0.28525  0.0948869  -0.0675897  0.0948869  0.165987
0.313965  -0.133765  -0.0678076  -0.133765  0.285763  0.095199  -0.0678076  0.095199  0.166083
0.313983  -0.133802  -0.0678424  -0.133802  0.285813  0.0952369  -0.0678424  0.0952369  0.166099
0.314049  -0.133932  -0.0679263  -0.133932  0.285963  0.0953362  -0.0679263  0.0953362  0.166133
0.314182  -0.134119  -0.0682717  -0.134119  0.286215  0.0956163  -0.0682717  0.0956163  0.166283
0.314194  -0.134135  -0.0683107  -0.134135  0.286239  0.0956465  -0.0683107  0.0956465  0.166301
0.31424  -0.134358  -0.0683836  -0.134358  0.286581  0.0958304  -0.0683836  0.0958304  0.166352
0.31424  -0.134358  -0.0683836  -0.134358  0.286581  0.0958304  -0.0683836  0.0958304  0.166352
0.314205  -0.134428  -0.0684527  -0.134428  0.286793  0.0959741  -0.0684527  0.0959741  0.166417
0.314192  -0.134409  -0.0684735  -0.134409  0.286791  0.0959888  -0.0684735  0.0959888  0.166431
0.314162  -0.134421  -0.0684807  -0.134421  0.286866  0.0960339  -0.0684807  0.0960339  0.16645
0.314043  -0.134462  -0.068334  -0.134462  0.287074  0.0960715  -0.068334  0.0960715  0.166434
0.314029  -0.13447  -0.0683077  -0.13447  0.287101  0.0960716  -0.0683077  0.0960716  0.166428
0.313911  -0.134413  -0.0683258  -0.134413  0.28721  0.0961601  -0.0683258  0.0961601  0.166483
0.313911  -0.134413  -0.0683258  -0.134413  0.28721  0.0961601  -0.0683258  0.0961601  0.166483
0.313827  -0.134417  -0.0682983  -0.134417  0.287348  0.0962274  -0.0682983  0.0962274  0.166509
0.313832  -0.134438  -0.0682942  -0.134438  0.287374  0.0962353  -0.0682942  0.0962353  0.166507
0.313821  -0.134474  -0.0683599  -0.134474  0.287485  0.096326  -0.0683599  0.096326  0.166553
0.313827  -0.134481  -0.0683794  -0.134481  0.287497  0.0963413  -0.0683794  0.0963413  0.166562
0.313857  -0.134479  -0.0685477  -0.134479  0.287514  0.0964393  -0.0685477  0.0964393  0.166638
0.313857  -0.134479  -0.0685477  -0.134479  0.287514  0.0964393  -0.0685477  0.0964393  0.166638
0.313894  -0.134557  -0.068558  -0.134557  0.287592  0.096471  -0.068558  0.096471  0.166638
0.3139  -0.134565  -0.0685776  -0.134565  0.287604  0.0964863  -0.0685776  0.0964863  0.166647
0.313895  -0.134488  -0.0686758  -0.134488  0.287521  0.0965075  -0.0686758  0.0965075  0.16669
0.313895  -0.134488  -0.0686758  -0.134488  0.287521  0.0965075  -0.0686758  0.0965075  0.16669
0.313889  -0.13448  -0.0686563  -0.13448  0.287509  0.0964923  -0.0686563  0.0964923  0.166681
0.313826  -0.134436  -0.0685098  -0.134436  0.287476  0.0964082  -0.0685098  0.0964082  0.166625
0.31382  -0.134428  -0.0684903  -0.134428  0.287465  0.096393  -0.0684903  0.096393  0.166616
0.313746  -0.134286  -0.0684462  -0.134286  0.287323  0.0963224  -0.0684462  0.0963224  0.166605
0.313727  -0.134273  -0.0684239  -0.134273  0.287323  0.0963145  -0.0684239  0.0963145  0.166601
0.313658  -0.134221  -0.0682584  -0.134221  0.287279  0.0962156  -0.0682584  0.0962156  0.166537
0.313652  -0.134214  -0.0682389  -0.134214  0.287267  0.0962004  -0.0682389  0.0962004  0.166528
0.313629  -0.134155  -0.068208  -0.134155  0.287191  0.0961542  -0.068208  0.0961542  0.166513
0.313629  -0.134155  -0.068208  -0.134155  0.287191  0.0961542  -0.068208  0.0961542  0.166513
0.313645  -0.134137  -0.0681981  -0.134137  0.287128  0.0961165  -0.0681981  0.0961165  0.166498
0.313658  -0.134157  -0.0681774  -0.134157  0.28713  0.0961019  -0.0681774  0.0961019  0.166483
0.313707  -0.134158  -0.0681925  -0.134158  0.287055  0.0960646  -0.0681925  0.0960646  0.166469
0.313726  -0.134171  -0.0682147  -0.134171  0.287054  0.0960724  -0.0682147  0.0960724  0.166473
0.313754  -0.134168  -0.0682438  -0.134168  0.287015  0.096065  -0.0682438  0.096065  0.166475
0.313822  -0.13421  -0.0682341  -0.13421  0.286968  0.0960211  -0.0682341  0.0960211  0.166445
0.313836  -0.134216  -0.0682369  -0.134216  0.286956  0.0960137  -0.0682369  0.0960137  0.166441
0.31389  -0.134238  -0.0682479  -0.134238  0.286906  0.0959844  -0.0682479  0.0959844  0.166425
0.313896  -0.134246  -0.0682674  -0.134246  0.286918  0.0959995  -0.0682674  0.0959995  0.166433
0.313918  -0.134263  -0.06823  -0.134263  0.286896  0.0959624  -0.06823  0.0959624  0.166406
0.313931  -0.134283  -0.0682092  -0.134283  0.286898  0.0959478  -0.0682092  0.0959478  0.166392
0.313938  -0.134308  -0.0681454  -0.134308  0.286902  0.0959108  -0.0681454  0.0959108  0.166359
0.313938  -0.134308  -0.0681454  -0.134308  0.286902  0.0959108  -0.0681454  0.0959108  0.166359
0.313958  -0.134335  -0.0681442  -0.134335  0.286916  0.0959113  -0.0681442  0.0959113  0.166353
0.313958  -0.134335  -0.0681442  -0.134335  0.286916  0.0959113  -0.0681442  0.0959113  0.166353
0.313971  -0.134369  -0.0680999  -0.134369  0.286932  0.0958894  -0.0680999  0.0958894  0.166329
0.314008  -0.134447  -0.0681101  -0.134447  0.287009  0.0959209  -0.0681101  0.0959209  0.166329
0.314008  -0.134447  -0.0681101  -0.134447  0.287009  0.0959209  -0.0681101  0.0959209  0.166329
0.314073  -0.134508  -0.0681728  -0.134508  0.287034  0.0959522  -0.0681728  0.0959522  0.166341
0.314073  -0.134508  -0.0681728  -0.134508  0.287034  0.0959522  -0.0681728  0.0959522  0.166341
0.314123  -0.134592  -0.0681858  -0.134592  0.2871  0.0959764  -0.0681858  0.0959764  0.166338
0.314123  -0.134592  -0.0681858  -0.134592  0.2871  0.0959764  -0.0681858  0.0959764  0.166338
0.314163  -0.134605  -0.0682539  -0.134605  0.287085  0.0959994  -0.0682539  0.0959994  0.166357
0.314169  -0.134613  -0.0682735  -0.134613  0.287097  0.0960146  -0.0682735  0.0960146  0.166366
0.314181  -0.134656  -0.0682654  -0.134656  0.287149  0.0960304  -0.0682654  0.0960304  0.166363
0.314181  -0.134656  -0.0682654  -0.134656  0.287149  0.0960304  -0.0682654  0.0960304  0.166363
0.314181  -0.134656  -0.0682654  -0.134656  0.287149  0.0960304  -0.0682654  0.0960304  0.166363
0.314181  -0.134656  -0.0682654  -0.134656  0.287149  0.0960304  -0.0682654  0.0960304  0.166363
0.314147  -0.134651  -0.0682168  -0.134651  0.287176  0.0960226  -0.0682168  0.0960226  0.166352
0.314147  -0.134651  -0.0682168  -0.134651  0.287176  0.0960226  -0.0682168  0.0960226  0.166352
0.314127  -0.134637  -0.0681945  -0.134637  0.287177  0.0960147  -0.0681945  0.0960147  0.166348
0.314102  -0.134602  -0.0681762  -0.134602  0.287151  0.095999  -0.0681762  0.095999  0.166344
0.314088  -0.134597  -0.0681735  -0.134597  0.287163  0.0960063  -0.0681735  0.0960063  0.166348
0.314074  -0.134605  -0.0681472  -0.134605  0.28719  0.0960064  -0.0681472  0.0960064  0.166342
0.314074  -0.134605  -0.0681472  -0.134605  0.28719  0.0960064  -0.0681472  0.0960064  0.166342
0.314068  -0.134583  -0.0681512  -0.134583  0.287164  0.0959985  -0.0681512  0.0959985  0.166344
0.314074  -0.134591  -0.0681707  -0.134591  0.287175  0.0960137  -0.0681707  0.0960137  0.166353
0.314068  -0.13457  -0.0681747  -0.13457  0.287149  0.0960058  -0.0681747  0.0960058  0.166354
0.314068  -0.13457  -0.0681747  -0.13457  0.287149  0.0960058  -0.0681747  0.0960058  0.166354
0.314068  -0.13457  -0.0681747  -0.13457  0.287149  0.0960058  -0.0681747  0.0960058  0.166354
0.314063  -0.134534  -0.0682023  -0.134534  0.287109  0.0960052  -0.0682023  0.0960052  0.166366
0.314063  -0.134534  -0.0682023  -0.134534  0.287109  0.0960052  -0.0682023  0.0960052  0.166366
0.314043  -0.134521  -0.06818  -0.134521  0.287109  0.0959974  -0.06818  0.0959974  0.166361
0.314037  -0.134513  -0.0681605  -0.134513  0.287097  0.0959822  -0.0681605  0.0959822  0.166352
0.313998  -0.134472  -0.0681395  -0.134472  0.287084  0.0959738  -0.0681395  0.0959738  0.166353
0.313998  -0.134472  -0.0681395  -0.134472  0.287084  0.0959738  -0.0681395  0.0959738  0.166353
0.313978  -0.134459  -0.0681172  -0.134459  0.287085  0.095966  -0.0681172  0.095966  0.166348
0.313972  -0.134451  -0.0680977  -0.134451  0.287073  0.0959508  -0.0680977  0.0959508  0.16634
0.313958  -0.13446  -0.0680715  -0.13446  0.287099  0.0959509  -0.0680715  0.0959509  0.166333
0.313958  -0.13446  -0.0680715  -0.13446  0.287099  0.0959509  -0.0680715  0.0959509  0.166333
0.313964  -0.134467  -0.068091  -0.134467  0.287111  0.095966  -0.068091  0.095966  0.166342
0.313964  -0.134467  -0.068091  -0.134467  0.287111  0.095966  -0.068091  0.095966  0.166342
0.313964  -0.134467  -0.068091  -0.134467  0.287111  0.095966  -0.068091  0.095966  0.166342
0.313984  -0.134481  -0.0681132  -0.134481  0.287111  0.0959739  -0.0681132  0.0959739  0.166347
0.314004  -0.134494  -0.0681355  -0.134494  0.28711  0.0959817  -0.0681355  0.0959817  0.166352
0.314004  -0.134494  -0.0681355  -0.134494  0.28711  0.0959817  -0.0681355  0.0959817  0.166352
0.314029  -0.134529  -0.0681537  -0.134529  0.287136  0.0959974  -0.0681537  0.0959974  0.166355
0.314029  -0.134529  -0.0681537  -0.134529  0.287136  0.0959974  -0.0681537  0.0959974  0.166355
0.314049  -0.134542  -0.068176  -0.134542  0.287135  0.0960052  -0.068176  0.0960052  0.166359
0.314049  -0.134542  -0.068176  -0.134542  0.287135  0.0960052  -0.068176  0.0960052  0.166359
0.314055  -0.134564  -0.068172  -0.134564  0.287162  0.0960131  -0.068172  0.0960131  0.166358
0.314055  -0.134564  -0.068172  -0.134564  0.287162  0.0960131  -0.068172  0.0960131  0.166358
0.31406  -0.134586  -0.0681679  -0.134586  0.287188  0.096021  -0.0681679  0.096021  0.166357
0.314055  -0.134564  -0.068172  -0.134564  0.287162  0.0960131  -0.068172  0.0960131  0.166358
0.314055  -0.134564  -0.068172  -0.134564  0.287162  0.0960131  -0.068172  0.0960131  0.166358
0.31406  -0.134586  -0.0681679  -0.134586  0.287188  0.096021  -0.0681679  0.096021  0.166357
0.31406  -0.134599  -0.0681444  -0.134599  0.287202  0.0960137  -0.0681444  0.0960137  0.166346
0.31406  -0.134599  -0.0681444  -0.134599  0.287202  0.0960137  -0.0681444  0.0960137  0.166346
0.314054  -0.134578  -0.0681484  -0.134578  0.287176  0.0960058  -0.0681484  0.0960058  0.166348
0.314054  -0.134578  -0.0681484  -0.134578  0.287176  0.0960058  -0.0681484  0.0960058  0.166348
0.314054  -0.134592  -0.0681249  -0.134592  0.28719  0.0959986  -0.0681249  0.0959986  0.166338
0.314054  -0.134592  -0.0681249  -0.134592  0.28719  0.0959986  -0.0681249  0.0959986  0.166338
0.314062  -0.134576  -0.0681317  -0.134576  0.287152  0.0959833  -0.0681317  0.0959833  0.166335
0.314062  -0.134576  -0.0681317  -0.134576  0.287152  0.0959833  -0.0681317  0.0959833  0.166335
0.314062  -0.134576  -0.0681317  -0.134576  0.287152  0.0959833  -0.0681317  0.0959833  0.166335
0.314056  -0.134568  -0.0681122  -0.134568  0.28714  0.0959681  -0.0681122  0.0959681  0.166326
0.314056  -0.134568  -0.0681122  -0.134568  0.28714  0.0959681  -0.0681122  0.0959681  0.166326
0.314056  -0.134568  -0.0681122  -0.134568  0.28714  0.0959681  -0.0681122  0.0959681  0.166326
0.31405  -0.13456  -0.0680927  -0.13456  0.287128  0.095953  -0.0680927  0.095953  0.166317
0.31405  -0.13456  -0.0680927  -0.13456  0.287128  0.095953  -0.0680927  0.095953  0.166317
0.314056  -0.134582  -0.0680886  -0.134582  0.287154  0.0959609  -0.0680886  0.0959609  0.166316
0.314042  -0.134576  -0.0680859  -0.134576  0.287166  0.0959682  -0.0680859  0.0959682  0.16632
0.314042  -0.134576  -0.0680859  -0.134576  0.287166  0.0959682  -0.0680859  0.0959682  0.16632
0.314042  -0.13459  -0.0680623  -0.13459  0.287181  0.0959609  -0.0680623  0.0959609  0.16631
0.314047  -0.134611  -0.0680583  -0.134611  0.287207  0.0959688  -0.0680583  0.0959688  0.166308
0.314047  -0.134611  -0.0680583  -0.134611  0.287207  0.0959688  -0.0680583  0.0959688  0.166308
0.314047  -0.134611  -0.0680583  -0.134611  0.287207  0.0959688  -0.0680583  0.0959688  0.166308
0.314047  -0.134611  -0.0680583  -0.134611  0.287207  0.0959688  -0.0680583  0.0959688  0.166308
0.314059  -0.134655  -0.0680502  -0.134655  0.287259  0.0959846  -0.0680502  0.0959846  0.166305
0.314053  -0.134647  -0.0680307  -0.134647  0.287247  0.0959694  -0.0680307  0.0959694  0.166297
0.314073  -0.13466  -0.068053  -0.13466  0.287247  0.0959772  -0.068053  0.0959772  0.166301
0.314073  -0.13466  -0.068053  -0.13466  0.287247  0.0959772  -0.068053  0.0959772  0.166301
0.314073  -0.13466  -0.068053  -0.13466  0.287247  0.0959772  -0.068053  0.0959772  0.166301
0.314064  -0.13469  -0.0680226  -0.13469  0.2873  0.0959852  -0.0680226  0.0959852  0.166294
0.314064  -0.13469  -0.0680226  -0.13469  0.2873  0.0959852  -0.0680226  0.0959852  0.166294
0.31407  -0.134698  -0.0680421  -0.134698  0.287312  0.0960003  -0.0680421  0.0960003  0.166303
0.31407  -0.134698  -0.0680421  -0.134698  0.287312  0.0960003  -0.0680421  0.0960003  0.166303
0.314062  -0.134728  -0.0680118  -0.134728  0.287365  0.0960083  -0.0680118  0.0960083  0.166295
0.314062  -0.134728  -0.0680118  -0.134728  0.287365  0.0960083  -0.0680118  0.0960083  0.166295
0.314068  -0.134749  -0.0680078  -0.134749  0.287391  0.0960162  -0.0680078  0.0960162  0.166293
0.314054  -0.13473  -0.0680286  -0.13473  0.287389  0.0960308  -0.0680286  0.0960308  0.166308
0.31404  -0.134738  -0.0680022  -0.134738  0.287416  0.0960309  -0.0680022  0.0960309  0.166302
0.31404  -0.134738  -0.0680022  -0.134738  0.287416  0.0960309  -0.0680022  0.0960309  0.166302
0.314034  -0.13473  -0.0679827  -0.13473  0.287404  0.0960157  -0.0679827  0.0960157  0.166293
0.31404  -0.134738  -0.0680022  -0.134738  0.287416  0.0960309  -0.0680022  0.0960309  0.166302
0.314015  -0.134703  -0.067984  -0.134703  0.28739  0.0960151  -0.067984  0.0960151  0.166298
0.314015  -0.134703  -0.067984  -0.134703  0.28739  0.0960151  -0.067984  0.0960151  0.166298
0.314001  -0.134711  -0.0679577  -0.134711  0.287416  0.0960152  -0.0679577  0.0960152  0.166292
0.314001  -0.134711  -0.0679577  -0.134711  0.287416  0.0960152  -0.0679577  0.0960152  0.166292
0.313995  -0.13469  -0.0679618  -0.13469  0.28739  0.0960073  -0.0679618  0.0960073  0.166294
0.313995  -0.13469  -0.0679618  -0.13469  0.28739  0.0960073  -0.0679618  0.0960073  0.166294
0.313969  -0.134668  -0.06792  -0.134668  0.287379  0.0959843  -0.06792  0.0959843  0.16628
0.313969  -0.134668  -0.06792  -0.134668  0.287379  0.0959843  -0.06792  0.0959843  0.16628
0.31395  -0.134641  -0.0679213  -0.134641  0.287365  0.0959838  -0.0679213  0.0959838  0.166286
0.31395  -0.134641  -0.0679213  -0.134641  0.287365  0.0959838  -0.0679213  0.0959838  0.166286
0.313936  -0.134649  -0.067895  -0.134649  0.287391  0.0959838  -0.067895  0.0959838  0.16628
0.313936  -0.134649  -0.067895  -0.134649  0.287391  0.0959838  -0.067895  0.0959838  0.16628
0.31393  -0.134642  -0.0678756  -0.134642  0.28738  0.0959687  -0.0678756  0.0959687  0.166271
0.31393  -0.134628  -0.0678991  -0.134628  0.287365  0.095976  -0.0678991  0.095976  0.166281
0.31393  -0.134628  -0.0678991  -0.134628  0.287365  0.095976  -0.0678991  0.095976  0.166281
0.313916  -0.134636  -0.0678728  -0.134636  0.287392  0.095976  -0.0678728  0.095976  0.166275
0.31391  -0.134628  -0.0678533  -0.134628  0.28738  0.0959609  -0.0678533  0.0959609  0.166266
0.31391  -0.134628  -0.0678533  -0.134628  0.28738  0.0959609  -0.0678533  0.0959609  0.166266
0.31391  -0.134628  -0.0678533  -0.134628  0.28738  0.0959609  -0.0678533  0.0959609  0.166266
0.31391  -0.134628  -0.0678533  -0.134628  0.28738  0.0959609  -0.0678533  0.0959609  0.166266
0.313896  -0.134636  -0.0678271  -0.134636  0.287407  0.0959609  -0.0678271  0.0959609  0.16626
0.313896  -0.134636  -0.0678271  -0.134636  0.287407  0.0959609  -0.0678271  0.0959609  0.16626
0.313896  -0.134636  -0.0678271  -0.134636  0.287407  0.0959609  -0.0678271  0.0959609  0.16626
0.313896  -0.134636  -0.0678271  -0.134636  0.287407  0.0959609  -0.0678271  0.0959609  0.16626
0.313896  -0.134636  -0.0678271  -0.134636  0.287407  0.0959609  -0.0678271  0.0959609  0.16626
0.313882  -0.134645  -0.0678008  -0.134645  0.287433  0.095961  -0.0678008  0.095961  0.166254
0.313882  -0.134645  -0.0678008  -0.134645  0.287433  0.095961  -0.0678008  0.095961  0.166254
0.313863  -0.134617  -0.0678021  -0.134617  0.287419  0.0959605  -0.0678021  0.0959605  0.16626
0.313863  -0.134617  -0.0678021  -0.134617  0.287419  0.0959605  -0.0678021  0.0959605  0.16626
0.313863  -0.134645  -0.0677551  -0.134645  0.287448  0.0959459  -0.0677551  0.0959459  0.16624
0.313863  -0.134645  -0.0677551  -0.134645  0.287448  0.0959459  -0.0677551  0.0959459  0.16624
0.313849  -0.134639  -0.0677523  -0.134639  0.28746  0.0959532  -0.0677523  0.0959532  0.166244
0.313843  -0.134618  -0.0677564  -0.134618  0.287434  0.0959454  -0.0677564  0.0959454  0.166245
0.313837  -0.13461  -0.0677369  -0.13461  0.287422  0.0959302  -0.0677369  0.0959302  0.166236
0.313837  -0.13461  -0.0677369  -0.13461  0.287422  0.0959302  -0.0677369  0.0959302  0.166236
0.313831  -0.134616  -0.067694  -0.134616  0.287425  0.0959078  -0.067694  0.0959078  0.166218
0.313825  -0.134608  -0.0676745  -0.134608  0.287413  0.0958926  -0.0676745  0.0958926  0.166209
0.3138  -0.134573  -0.0676564  -0.134573  0.287387  0.095877  -0.0676564  0.095877  0.166206
0.3138  -0.134573  -0.0676564  -0.134573  0.287387  0.095877  -0.0676564  0.095877  0.166206
0.313794  -0.134566  -0.0676369  -0.134566  0.287375  0.0958618  -0.0676369  0.0958618  0.166197
0.313782  -0.13455  -0.0675981  -0.13455  0.287352  0.0958316  -0.0675981  0.0958316  0.16618
0.313782  -0.13455  -0.0675981  -0.13455  0.287352  0.0958316  -0.0675981  0.0958316  0.16618
0.313762  -0.134537  -0.0675759  -0.134537  0.287352  0.0958238  -0.0675759  0.0958238  0.166175
0.313762  -0.134537  -0.0675759  -0.134537  0.287352  0.0958238  -0.0675759  0.0958238  0.166175
0.313762  -0.134551  -0.0675524  -0.134551  0.287366  0.0958165  -0.0675524  0.0958165  0.166165
0.313756  -0.134543  -0.067533  -0.134543  0.287355  0.0958014  -0.067533  0.0958014  0.166157
0.313742  -0.134537  -0.0675303  -0.134537  0.287367  0.0958087  -0.0675303  0.0958087  0.166161
0.313742  -0.134537  -0.0675303  -0.134537  0.287367  0.0958087  -0.0675303  0.0958087  0.166161
0.313731  -0.134522  -0.0674914  -0.134522  0.287343  0.0957785  -0.0674914  0.0957785  0.166143
0.313731  -0.134522  -0.0674914  -0.134522  0.287343  0.0957785  -0.0674914  0.0957785  0.166143
0.313717  -0.13453  -0.0674652  -0.13453  0.28737  0.0957786  -0.0674652  0.0957786  0.166137
0.313717  -0.13453  -0.0674652  -0.13453  0.28737  0.0957786  -0.0674652  0.0957786  0.166137
0.313717  -0.13453  -0.0674652  -0.13453  0.28737  0.0957786  -0.0674652  0.0957786  0.166137
0.313691  -0.134509  -0.0674237  -0.134509  0.287358  0.0957557  -0.0674237  0.0957557  0.166124
0.313691  -0.134523  -0.0674002  -0.134523  0.287373  0.0957484  -0.0674002  0.0957484  0.166114
0.313652  -0.134482  -0.0673794  -0.134482  0.287359  0.0957402  -0.0673794  0.0957402  0.166115
0.313646  -0.134475  -0.06736  -0.134475  0.287348  0.0957251  -0.06736  0.0957251  0.166107
0.313633  -0.134469  -0.0673573  -0.134469  0.28736  0.0957324  -0.0673573  0.0957324  0.166111
0.313607  -0.134462  -0.0672923  -0.134462  0.287363  0.0957023  -0.0672923  0.0957023  0.166088
0.313588  -0.134448  -0.0672702  -0.134448  0.287363  0.0956946  -0.0672702  0.0956946  0.166083
0.313543  -0.1344  -0.0672301  -0.1344  0.287338  0.0956713  -0.0672301  0.0956713  0.166076
0.313543  -0.1344  -0.0672301  -0.1344  0.287338  0.0956713  -0.0672301  0.0956713  0.166076
0.313504  -0.134374  -0.067186  -0.134374  0.287339  0.0956558  -0.067186  0.0956558  0.166067
0.313498  -0.134366  -0.0671666  -0.134366  0.287327  0.0956407  -0.0671666  0.0956407  0.166058
0.313454  -0.134318  -0.0671266  -0.134318  0.287302  0.0956175  -0.0671266  0.0956175  0.166051
0.313454  -0.134318  -0.0671266  -0.134318  0.287302  0.0956175  -0.0671266  0.0956175  0.166051
0.313404  -0.134262  -0.0670673  -0.134262  0.287265  0.0955792  -0.0670673  0.0955792  0.166035
0.31339  -0.134256  -0.0670645  -0.134256  0.287278  0.0955865  -0.0670645  0.0955865  0.166039
0.313365  -0.134235  -0.0670232  -0.134235  0.287266  0.0955638  -0.0670232  0.0955638  0.166026
0.313315  -0.13418  -0.0669639  -0.13418  0.287229  0.0955255  -0.0669639  0.0955255  0.16601
0.313301  -0.134174  -0.0669612  -0.134174  0.287242  0.0955329  -0.0669612  0.0955329  0.166014
0.313238  -0.134113  -0.0668993  -0.134113  0.287217  0.095502  -0.0668993  0.095502  0.166002
0.313232  -0.134105  -0.06688  -0.134105  0.287205  0.095487  -0.06688  0.095487  0.165994
0.313207  -0.134084  -0.0668387  -0.134084  0.287194  0.0954643  -0.0668387  0.0954643  0.165981
0.313125  -0.133996  -0.0667784  -0.133996  0.287156  0.095433  -0.0667784  0.095433  0.165975
0.313125  -0.133996  -0.0667784  -0.133996  0.287156  0.095433  -0.0667784  0.095433  0.165975
0.313062  -0.133935  -0.0667166  -0.133935  0.287132  0.0954023  -0.0667166  0.0954023  0.165963
0.313042  -0.133922  -0.0666947  -0.133922  0.287132  0.0953946  -0.0666947  0.0953946  0.165959
0.313023  -0.133909  -0.0666728  -0.133909  0.287133  0.095387  -0.0666728  0.095387  0.165955
0.312961  -0.133834  -0.0666345  -0.133834  0.287094  0.0953635  -0.0666345  0.0953635  0.165953
0.312961  -0.133834  -0.0666345  -0.133834  0.287094  0.0953635  -0.0666345  0.0953635  0.165953
0.312892  -0.133766  -0.0665536  -0.133766  0.287058  0.0953178  -0.0665536  0.0953178  0.165933
0.312892  -0.133766  -0.0665536  -0.133766  0.287058  0.0953178  -0.0665536  0.0953178  0.165933
0.312824  -0.133683  -0.0664962  -0.133683  0.287008  0.0952794  -0.0664962  0.0952794  0.165923
0.312811  -0.133678  -0.0664935  -0.133678  0.28702  0.0952868  -0.0664935  0.0952868  0.165927
0.312792  -0.133665  -0.0664717  -0.133665  0.287021  0.0952792  -0.0664717  0.0952792  0.165923
0.312737  -0.133602  -0.0663937  -0.133602  0.286972  0.0952263  -0.0663937  0.0952263  0.165899
0.312704  -0.133583  -0.0663692  -0.133583  0.286985  0.095226  -0.0663692  0.095226  0.165899
0.312699  -0.133562  -0.0663733  -0.133562  0.286959  0.0952183  -0.0663733  0.0952183  0.1659
0.31268  -0.133549  -0.0663515  -0.133549  0.28696  0.0952107  -0.0663515  0.0952107  0.165896
0.312618  -0.133488  -0.0662901  -0.133488  0.286936  0.0951802  -0.0662901  0.0951802  0.165885
0.31258  -0.133462  -0.0662465  -0.133462  0.286937  0.095165  -0.0662465  0.095165  0.165876
0.31258  -0.133462  -0.0662465  -0.133462  0.286937  0.095165  -0.0662465  0.095165  0.165876
0.312556  -0.133428  -0.0662288  -0.133428  0.286912  0.0951497  -0.0662288  0.0951497  0.165874
0.312494  -0.133367  -0.0661676  -0.133367  0.286887  0.0951192  -0.0661676  0.0951192  0.165862
0.312486  -0.133383  -0.0661608  -0.133383  0.286926  0.0951343  -0.0661608  0.0951343  0.165865
0.312437  -0.133328  -0.0661023  -0.133328  0.286889  0.0950966  -0.0661023  0.0950966  0.16585
0.312418  -0.133315  -0.0660805  -0.133315  0.28689  0.095089  -0.0660805  0.095089  0.165846
0.312362  -0.133262  -0.0660385  -0.133262  0.286878  0.0950735  -0.0660385  0.0950735  0.165843
0.312362  -0.133262  -0.0660385  -0.133262  0.286878  0.0950735  -0.0660385  0.0950735  0.165843
0.3123  -0.133215  -0.0659542  -0.133215  0.286868  0.095036  -0.0659542  0.095036  0.165822
0.312295  -0.133208  -0.0659351  -0.133208  0.286856  0.0950212  -0.0659351  0.0950212  0.165814
0.312276  -0.133195  -0.0659134  -0.133195  0.286857  0.0950136  -0.0659134  0.0950136  0.16581
0.312209  -0.133113  -0.0658565  -0.133113  0.286807  0.0949756  -0.0658565  0.0949756  0.1658
0.312209  -0.133113  -0.0658565  -0.133113  0.286807  0.0949756  -0.0658565  0.0949756  0.1658
0.312142  -0.133059  -0.0657534  -0.133059  0.286786  0.0949235  -0.0657534  0.0949235  0.165772
0.312129  -0.133053  -0.0657507  -0.133053  0.286798  0.0949308  -0.0657507  0.0949308  0.165776
0.312105  -0.133019  -0.0657332  -0.133019  0.286773  0.0949156  -0.0657332  0.0949156  0.165773
0.312033  -0.132931  -0.0656576  -0.132931  0.286712  0.0948629  -0.0656576  0.0948629  0.165756
0.311977  -0.132892  -0.0655926  -0.132892  0.286714  0.0948404  -0.0655926  0.0948404  0.165744
0.311972  -0.132884  -0.0655736  -0.132884  0.286702  0.0948256  -0.0655736  0.0948256  0.165735
0.311935  -0.132845  -0.0655536  -0.132845  0.286689  0.0948178  -0.0655536  0.0948178  0.165737
0.311851  -0.13275  -0.0654755  -0.13275  0.286641  0.0947726  -0.0654755  0.0947726  0.165724
0.311845  -0.132743  -0.0654565  -0.132743  0.286629  0.0947578  -0.0654565  0.0947578  0.165716
0.311808  -0.132717  -0.0654133  -0.132717  0.28663  0.0947429  -0.0654133  0.0947429  0.165708
0.311719  -0.132616  -0.0653165  -0.132616  0.28657  0.094683  -0.0653165  0.094683  0.165686
0.311719  -0.132616  -0.0653165  -0.132616  0.28657  0.094683  -0.0653165  0.094683  0.165686
0.311635  -0.132522  -0.0652387  -0.132522  0.286521  0.094638  -0.0652387  0.094638  0.165673
0.311635  -0.132522  -0.0652387  -0.132522  0.286521  0.094638  -0.0652387  0.094638  0.165673
0.311598  -0.132496  -0.0651956  -0.132496  0.286523  0.0946232  -0.0651956  0.0946232  0.165665
0.311527  -0.132422  -0.0650975  -0.132422  0.286476  0.0945639  -0.0650975  0.0945639  0.165639
0.31148  -0.132354  -0.0650629  -0.132354  0.286426  0.0945338  -0.0650629  0.0945338  0.165634
0.31148  -0.132354  -0.0650629  -0.132354  0.286426  0.0945338  -0.0650629  0.0945338  0.165634
0.31142  -0.132308  -0.0649796  -0.132308  0.286417  0.094497  -0.0649796  0.094497  0.165614
0.311402  -0.132295  -0.0649582  -0.132295  0.286418  0.0944896  -0.0649582  0.0944896  0.165611
0.311342  -0.132236  -0.064898  -0.132236  0.286395  0.0944599  -0.064898  0.0944599  0.1656
0.311342  -0.132236  -0.064898  -0.132236  0.286395  0.0944599  -0.064898  0.0944599  0.1656
0.311283  -0.132177  -0.0648379  -0.132177  0.286371  0.0944302  -0.0648379  0.0944302  0.16559
0.311277  -0.132169  -0.0648191  -0.132169  0.28636  0.0944155  -0.0648191  0.0944155  0.165582
0.311247  -0.132151  -0.0647951  -0.132151  0.286373  0.0944155  -0.0647951  0.0944155  0.165583
0.311182  -0.132084  -0.0647163  -0.132084  0.286338  0.0943712  -0.0647163  0.0943712  0.165565
0.311151  -0.132066  -0.0646923  -0.132066  0.286351  0.0943711  -0.0646923  0.0943711  0.165565
0.311146  -0.132059  -0.0646735  -0.132059  0.28634  0.0943565  -0.0646735  0.0943565  0.165557
0.311079  -0.132015  -0.0646068  -0.132015  0.286355  0.0943418  -0.0646068  0.0943418  0.16555
0.311079  -0.132015  -0.0646068  -0.132015  0.286355  0.0943418  -0.0646068  0.0943418  0.16555
0.311025  -0.131977  -0.0645428  -0.131977  0.286357  0.0943199  -0.0645428  0.0943199  0.165539
0.31102  -0.131969  -0.064524  -0.131969  0.286346  0.0943053  -0.064524  0.0943053  0.165531
0.310966  -0.131931  -0.06446  -0.131931  0.286348  0.0942833  -0.06446  0.0942833  0.16552
0.310966  -0.131931  -0.06446  -0.131931  0.286348  0.0942833  -0.06446  0.0942833  0.16552
0.310907  -0.131886  -0.0643773  -0.131886  0.286339  0.0942469  -0.0643773  0.0942469  0.165501
0.310907  -0.131886  -0.0643773  -0.131886  0.286339  0.0942469  -0.0643773  0.0942469  0.165501
0.310853  -0.131847  -0.0643134  -0.131847  0.286342  0.094225  -0.0643134  0.094225  0.165489
0.310848  -0.13184  -0.0642947  -0.13184  0.28633  0.0942104  -0.0642947  0.0942104  0.165482
0.310825  -0.131806  -0.0642776  -0.131806  0.286305  0.0941955  -0.0642776  0.0941955  0.165479
0.310766  -0.131761  -0.0641951  -0.131761  0.286297  0.0941592  -0.0641951  0.0941592  0.16546
0.310761  -0.131754  -0.0641764  -0.131754  0.286285  0.0941446  -0.0641764  0.0941446  0.165453
0.310715  -0.131714  -0.0640965  -0.131714  0.286264  0.094101  -0.0640965  0.094101  0.16543
0.310715  -0.131714  -0.0640965  -0.131714  0.286264  0.094101  -0.0640965  0.094101  0.16543
0.310646  -0.13164  -0.0639997  -0.13164  0.286218  0.0940426  -0.0639997  0.0940426  0.165405
0.310641  -0.131633  -0.063981  -0.131633  0.286207  0.0940281  -0.063981  0.0940281  0.165397
0.31059  -0.131572  -0.0639055  -0.131572  0.28616  0.093977  -0.0639055  0.093977  0.165376
0.31059  -0.131572  -0.0639055  -0.131572  0.28616  0.093977  -0.0639055  0.093977  0.165376
0.310517  -0.131478  -0.0638132  -0.131478  0.286089  0.0939112  -0.0638132  0.0939112  0.165352
0.310517  -0.131478  -0.0638132  -0.131478  0.286089  0.0939112  -0.0638132  0.0939112  0.165352
0.310494  -0.131459  -0.0637734  -0.131459  0.286079  0.0938895  -0.0637734  0.0938895  0.165341
0.310438  -0.131391  -0.0636795  -0.131391  0.286021  0.0938242  -0.0636795  0.0938242  0.165312
0.310428  -0.131363  -0.0636652  -0.131363  0.285984  0.0938022  -0.0636652  0.0938022  0.165306
0.310373  -0.131295  -0.0635714  -0.131295  0.285926  0.0937369  -0.0635714  0.0937369  0.165278
0.310373  -0.131295  -0.0635714  -0.131295  0.285926  0.0937369  -0.0635714  0.0937369  0.165278
0.310295  -0.131194  -0.0634609  -0.131194  0.285844  0.093657  -0.0634609  0.093657  0.165247
0.31029  -0.131187  -0.0634424  -0.131187  0.285833  0.0936426  -0.0634424  0.0936426  0.165239
0.310267  -0.131167  -0.0634027  -0.131167  0.285822  0.0936211  -0.0634027  0.0936211  0.165228
0.310197  -0.131052  -0.0632993  -0.131052  0.285702  0.0935266  -0.0632993  0.0935266  0.165195
0.310197  -0.131052  -0.0632993  -0.131052  0.285702  0.0935266  -0.0632993  0.0935266  0.165195
0.310132  -0.130956  -0.0631917  -0.130956  0.285608  0.0934398  -0.0631917  0.0934398  0.165161
0.310127  -0.130949  -0.0631732  -0.130949  0.285597  0.0934255  -0.0631732  0.0934255  0.165153
0.310058  -0.130834  -0.0630701  -0.130834  0.285478  0.0933314  -0.0630701  0.0933314  0.165121
0.310058  -0.130834  -0.0630701  -0.130834  0.285478  0.0933314  -0.0630701  0.0933314  0.165121
0.310026  -0.130786  -0.0630165  -0.130786  0.285431  0.0932881  -0.0630165  0.0932881  0.165104
0.309952  -0.130664  -0.0628951  -0.130664  0.285301  0.09318  -0.0628951  0.09318  0.165064
0.309947  -0.130657  -0.0628767  -0.130657  0.285289  0.0931656  -0.0628767  0.0931656  0.165056
0.309915  -0.130596  -0.0628459  -0.130596  0.285228  0.0931294  -0.0628459  0.0931294  0.165048
0.309836  -0.130453  -0.0627292  -0.130453  0.285073  0.093014  -0.0627292  0.093014  0.16501
0.309836  -0.130453  -0.0627292  -0.130453  0.285073  0.093014  -0.0627292  0.093014  0.16501
0.309805  -0.130406  -0.0626758  -0.130406  0.285027  0.0929711  -0.0626758  0.0929711  0.164993
0.309709  -0.130251  -0.0625385  -0.130251  0.284873  0.0928491  -0.0625385  0.0928491  0.164952
0.309705  -0.130231  -0.0625428  -0.130231  0.284848  0.0928417  -0.0625428  0.0928417  0.164953
0.309622  -0.130082  -0.0624083  -0.130082  0.284682  0.0927127  -0.0624083  0.0927127  0.164908
0.309622  -0.130082  -0.0624083  -0.130082  0.284682  0.0927127  -0.0624083  0.0927127  0.164908
0.309569  -0.130002  -0.0623387  -0.130002  0.284612  0.0926557  -0.0623387  0.0926557  0.16489
0.309492  -0.12986  -0.0622229  -0.12986  0.284458  0.0925413  -0.0622229  0.0925413  0.164852
0.309492  -0.12986  -0.0622229  -0.12986  0.284458  0.0925413  -0.0622229  0.0925413  0.164852
0.309394  -0.129686  -0.0620909  -0.129686  0.28428  0.092413  -0.0620909  0.092413  0.164813
0.309394  -0.129686  -0.0620909  -0.129686  0.28428  0.092413  -0.0620909  0.092413  0.164813
0.309305  -0.12954  -0.0619731  -0.12954  0.28414  0.0923064  -0.0619731  0.0923064  0.16478
0.309296  -0.129513  -0.0619592  -0.129513  0.284103  0.0922849  -0.0619592  0.0922849  0.164774
0.309203  -0.129346  -0.061846  -0.129346  0.283938  0.0921713  -0.061846  0.0921713  0.164743
0.309203  -0.129346  -0.061846  -0.129346  0.283938  0.0921713  -0.061846  0.0921713  0.164743
0.309111  -0.129194  -0.0617106  -0.129194  0.283787  0.0920512  -0.0617106  0.0920512  0.164704
0.30909  -0.129162  -0.0616944  -0.129162  0.283763  0.0920371  -0.0616944  0.0920371  0.164702
0.309059  -0.129102  -0.0616643  -0.129102  0.283704  0.0920016  -0.0616643  0.0920016  0.164694
0.308972  -0.128957  -0.0615474  -0.128957  0.283564  0.0918959  -0.0615474  0.0918959  0.164662
0.308956  -0.128945  -0.0615269  -0.128945  0.283565  0.0918891  -0.0615269  0.0918891  0.16466
0.308864  -0.128793  -0.0613921  -0.128793  0.283415  0.0917697  -0.0613921  0.0917697  0.164621
0.308843  -0.128761  -0.061376  -0.128761  0.283391  0.0917557  -0.061376  0.0917557  0.164619
0.308753  -0.128596  -0.061264  -0.128596  0.283228  0.0916432  -0.061264  0.0916432  0.164589
0.308744  -0.128569  -0.0612502  -0.128569  0.283192  0.0916219  -0.0612502  0.0916219  0.164583
0.30863  -0.128408  -0.0611114  -0.128408  0.283067  0.0915177  -0.0611114  0.0915177  0.164553
0.308625  -0.128401  -0.0610934  -0.128401  0.283056  0.0915038  -0.0610934  0.0915038  0.164546
0.308596  -0.128342  -0.0610636  -0.128342  0.282997  0.0914686  -0.0610636  0.0914686  0.164539
0.308495  -0.12816  -0.0609723  -0.12816  0.282833  0.0913706  -0.0609723  0.0913706  0.164522
0.308479  -0.128148  -0.060952  -0.128148  0.282835  0.091364  -0.060952  0.091364  0.164519
0.308378  -0.127993  -0.0608162  -0.127993  0.282698  0.0912531  -0.0608162  0.0912531  0.164486
0.308374  -0.127973  -0.0608206  -0.127973  0.282674  0.0912459  -0.0608206  0.0912459  0.164487
0.308269  -0.127798  -0.0606894  -0.127798  0.282513  0.091128  -0.0606894  0.091128  0.164455
0.308265  -0.127778  -0.0606938  -0.127778  0.282489  0.0911207  -0.0606938  0.0911207  0.164456
0.308161  -0.127617  -0.0605407  -0.127617  0.282343  0.0909966  -0.0605407  0.0909966  0.164417
0.308145  -0.127605  -0.0605205  -0.127605  0.282344  0.0909901  -0.0605205  0.0909901  0.164414
0.308037  -0.127411  -0.0603944  -0.127411  0.28216  0.0908657  -0.0603944  0.0908657  0.164384
0.308037  -0.127411  -0.0603944  -0.127411  0.28216  0.0908657  -0.0603944  0.0908657  0.164384
0.307919  -0.127226  -0.0602441  -0.127226  0.282003  0.0907423  -0.0602441  0.0907423  0.164351
0.30791  -0.127199  -0.0602307  -0.127199  0.281968  0.0907214  -0.0602307  0.0907214  0.164345
0.30787  -0.127149  -0.060177  -0.127149  0.281936  0.0906876  -0.060177  0.0906876  0.164334
0.307748  -0.126945  -0.0600317  -0.126945  0.281755  0.0905575  -0.0600317  0.0905575  0.164303
0.307739  -0.126918  -0.0600183  -0.126918  0.28172  0.0905366  -0.0600183  0.0905366  0.164297
0.307614  -0.126708  -0.0598556  -0.126708  0.281529  0.0903934  -0.0598556  0.0903934  0.164259
0.307603  -0.126703  -0.0598533  -0.126703  0.281541  0.0904006  -0.0598533  0.0904006  0.164264
0.307566  -0.126632  -0.0597889  -0.126632  0.281462  0.0903391  -0.0597889  0.0903391  0.164244
0.307446  -0.126416  -0.0596667  -0.126416  0.281269  0.0902164  -0.0596667  0.0902164  0.164221
0.307438  -0.126389  -0.0596533  -0.126389  0.281234  0.0901957  -0.0596533  0.0901957  0.164215
0.307318  -0.1262  -0.0594873  -0.1262  0.281069  0.0900606  -0.0594873  0.0900606  0.164177
0.30731  -0.126174  -0.0594741  -0.126174  0.281034  0.0900399  -0.0594741  0.0900399  0.164172
0.30718  -0.125913  -0.0593438  -0.125913  0.280784  0.0898903  -0.0593438  0.0898903  0.164145
0.307161  -0.125882  -0.0593284  -0.125882  0.280762  0.0898769  -0.0593284  0.0898769  0.164144
0.307114  -0.125794  -0.0592843  -0.125794  0.280683  0.0898295  -0.0592843  0.0898295  0.164137
