0.338948  -0.165186  -0.072108  -0.165186  0.306681  0.100406  -0.072108  0.100406  0.163801
0.338959  -0.165198  -0.0721311  -0.165198  0.306696  0.100424  -0.0721311  0.100424  0.163811
0.33898  -0.165205  -0.0721339  -0.165205  0.306683  0.100416  -0.0721339  0.100416  0.163807
0.339038  -0.165265  -0.0722494  -0.165265  0.306757  0.100506  -0.0722494  0.100506  0.163855
0.339071  -0.165284  -0.0722754  -0.165284  0.30676  0.100516  -0.0722754  0.100516  0.163861
0.339106  -0.16532  -0.0723447  -0.16532  0.306804  0.100571  -0.0723447  0.100571  0.163891
0.339227  -0.165451  -0.0724579  -0.165451  0.306923  0.100662  -0.0724579  0.100662  0.16393
0.339227  -0.165451  -0.0724579  -0.165451  0.306923  0.100662  -0.0724579  0.100662  0.16393
0.339349  -0.165566  -0.0725986  -0.165566  0.307022  0.100763  -0.0725986  0.100763  0.16398
0.339361  -0.165578  -0.0726218  -0.165578  0.307037  0.100781  -0.0726218  0.100781  0.16399
0.339484  -0.165693  -0.0727627  -0.165693  0.307136  0.100883  -0.0727627  0.100883  0.16404
0.339484  -0.165693  -0.0727627  -0.165693  0.307136  0.100883  -0.0727627  0.100883  0.16404
0.339586  -0.165801  -0.0729009  -0.165801  0.307248  0.100992  -0.0729009  0.100992  0.164094
0.339597  -0.165813  -0.0729241  -0.165813  0.307263  0.10101  -0.0729241  0.10101  0.164104
0.339715  -0.165961  -0.0729397  -0.165961  0.307381  0.101038  -0.0729397  0.101038  0.164098
0.339715  -0.165961  -0.0729397  -0.165961  0.307381  0.101038  -0.0729397  0.101038  0.164098
0.339793  -0.166012  -0.0730155  -0.166012  0.3074  0.101077  -0.0730155  0.101077  0.16412
0.339793  -0.166012  -0.0730155  -0.166012  0.3074  0.101077  -0.0730155  0.101077  0.16412
0.33986  -0.166035  -0.0730953  -0.166035  0.307385  0.101107  -0.0730953  0.101107  0.164143
0.33987  -0.166064  -0.0730912  -0.166064  0.30742  0.101116  -0.0730912  0.101116  0.164142
0.339913  -0.166128  -0.073086  -0.166128  0.307478  0.101124  -0.073086  0.101124  0.164136
0.339913  -0.166128  -0.073086  -0.166128  0.307478  0.101124  -0.073086  0.101124  0.164136
0.340014  -0.166155  -0.0732197  -0.166155  0.307444  0.101175  -0.0732197  0.101175  0.164177
0.340014  -0.166155  -0.0732197  -0.166155  0.307444  0.101175  -0.0732197  0.101175  0.164177
0.340112  -0.16623  -0.0732711  -0.16623  0.307472  0.101196  -0.0732711  0.101196  0.164184
0.340112  -0.16623  -0.0732711  -0.16623  0.307472  0.101196  -0.0732711  0.101196  0.164184
0.340243  -0.166326  -0.073349  -0.166326  0.307501  0.101227  -0.073349  0.101227  0.164197
0.340255  -0.166338  -0.0733724  -0.166338  0.307516  0.101246  -0.0733724  0.101246  0.164207
0.340311  -0.166349  -0.0734291  -0.166349  0.307486  0.101258  -0.0734291  0.101258  0.164221
0.340409  -0.166425  -0.0734808  -0.166425  0.307513  0.101279  -0.0734808  0.101279  0.164228
0.340409  -0.166425  -0.0734808  -0.166425  0.307513  0.101279  -0.0734808  0.101279  0.164228
0.340529  -0.166508  -0.0735354  -0.166508  0.307528  0.101292  -0.0735354  0.101292  0.164232
0.340529  -0.166508  -0.0735354  -0.166508  0.307528  0.101292  -0.0735354  0.101292  0.164232
0.340626  -0.166551  -0.0735708  -0.166551  0.307492  0.101279  -0.0735708  0.101279  0.164226
0.340626  -0.166551  -0.0735708  -0.166551  0.307492  0.101279  -0.0735708  0.101279  0.164226
0.340702  -0.166587  -0.0736032  -0.166587  0.30747  0.101273  -0.0736032  0.101273  0.164225
0.340723  -0.166595  -0.0736062  -0.166595  0.307457  0.101265  -0.0736062  0.101265  0.164221
0.340745  -0.166602  -0.0736092  -0.166602  0.307444  0.101257  -0.0736092  0.101257  0.164217
0.34083  -0.166633  -0.0736211  -0.166633  0.307394  0.101225  -0.0736211  0.101225  0.164202
0.34083  -0.166633  -0.0736211  -0.166633  0.307394  0.101225  -0.0736211  0.101225  0.164202
0.340928  -0.166676  -0.0736565  -0.166676  0.307358  0.101212  -0.0736565  0.101212  0.164196
0.340949  -0.166684  -0.0736595  -0.166684  0.307346  0.101204  -0.0736595  0.101204  0.164192
0.341047  -0.166727  -0.0736949  -0.166727  0.30731  0.10119  -0.0736949  0.10119  0.164187
0.341047  -0.166727  -0.0736949  -0.166727  0.30731  0.10119  -0.0736949  0.10119  0.164187
0.341145  -0.16677  -0.0737303  -0.16677  0.307275  0.101177  -0.0737303  0.101177  0.164182
0.341145  -0.16677  -0.0737303  -0.16677  0.307275  0.101177  -0.0737303  0.101177  0.164182
0.341254  -0.166826  -0.0737892  -0.166826  0.307254  0.101182  -0.0737892  0.101182  0.164186
0.341254  -0.166826  -0.0737892  -0.166826  0.307254  0.101182  -0.0737892  0.101182  0.164186
0.341297  -0.166841  -0.0737951  -0.166841  0.307229  0.101166  -0.0737951  0.101166  0.164179
0.341383  -0.166872  -0.073807  -0.166872  0.307178  0.101134  -0.073807  0.101134  0.164163
0.341383  -0.166872  -0.073807  -0.166872  0.307178  0.101134  -0.073807  0.101134  0.164163
0.341469  -0.166903  -0.073819  -0.166903  0.307128  0.101102  -0.073819  0.101102  0.164148
0.341469  -0.166903  -0.073819  -0.166903  0.307128  0.101102  -0.073819  0.101102  0.164148
0.341534  -0.166926  -0.0738279  -0.166926  0.30709  0.101078  -0.0738279  0.101078  0.164136
0.341555  -0.166934  -0.0738309  -0.166934  0.307077  0.10107  -0.0738309  0.10107  0.164132
0.341642  -0.166965  -0.0738427  -0.166965  0.307027  0.101038  -0.0738427  0.101038  0.164117
0.34163  -0.166936  -0.0738468  -0.166936  0.306991  0.10103  -0.0738468  0.10103  0.164118
0.341717  -0.166967  -0.0738587  -0.166967  0.306941  0.100998  -0.0738587  0.100998  0.164103
0.341717  -0.166967  -0.0738587  -0.166967  0.306941  0.100998  -0.0738587  0.100998  0.164103
0.341738  -0.166975  -0.0738616  -0.166975  0.306928  0.10099  -0.0738616  0.10099  0.164099
0.341792  -0.16697  -0.0738746  -0.16697  0.306855  0.100958  -0.0738746  0.100958  0.164088
0.341813  -0.166977  -0.0738775  -0.166977  0.306842  0.10095  -0.0738775  0.10095  0.164084
0.341878  -0.167  -0.0738864  -0.167  0.306804  0.100926  -0.0738864  0.100926  0.164073
0.341878  -0.167  -0.0738864  -0.167  0.306804  0.100926  -0.0738864  0.100926  0.164073
0.341932  -0.166995  -0.0738994  -0.166995  0.306731  0.100894  -0.0738994  0.100894  0.164062
0.341932  -0.166995  -0.0738994  -0.166995  0.306731  0.100894  -0.0738994  0.100894  0.164062
0.341952  -0.16697  -0.0738858  -0.16697  0.306655  0.100851  -0.0738858  0.100851  0.164046
0.341952  -0.16697  -0.0738858  -0.16697  0.306655  0.100851  -0.0738858  0.100851  0.164046
0.341993  -0.166952  -0.0738751  -0.166952  0.306567  0.1008  -0.0738751  0.1008  0.164025
0.341993  -0.166952  -0.0738751  -0.166952  0.306567  0.1008  -0.0738751  0.1008  0.164025
0.342015  -0.16696  -0.0738781  -0.16696  0.306554  0.100792  -0.0738781  0.100792  0.164021
0.342034  -0.166934  -0.0738645  -0.166934  0.306479  0.10075  -0.0738645  0.10075  0.164005
0.342034  -0.166934  -0.0738645  -0.166934  0.306479  0.10075  -0.0738645  0.10075  0.164005
0.342066  -0.166921  -0.0738744  -0.166921  0.306418  0.100725  -0.0738744  0.100725  0.163998
0.342066  -0.166921  -0.0738744  -0.166921  0.306418  0.100725  -0.0738744  0.100725  0.163998
0.342131  -0.166944  -0.0738832  -0.166944  0.30638  0.100701  -0.0738832  0.100701  0.163986
0.342131  -0.166944  -0.0738832  -0.166944  0.30638  0.100701  -0.0738832  0.100701  0.163986
0.342176  -0.166943  -0.0739168  -0.166943  0.306335  0.100696  -0.0739168  0.100696  0.16399
0.342176  -0.166943  -0.0739168  -0.166943  0.306335  0.100696  -0.0739168  0.100696  0.16399
0.342241  -0.166966  -0.0739256  -0.166966  0.306297  0.100672  -0.0739256  0.100672  0.163978
0.342241  -0.166966  -0.0739256  -0.166966  0.306297  0.100672  -0.0739256  0.100672  0.163978
0.342296  -0.166994  -0.073955  -0.166994  0.306286  0.100674  -0.073955  0.100674  0.163981
0.342296  -0.166994  -0.073955  -0.166994  0.306286  0.100674  -0.073955  0.100674  0.163981
0.342328  -0.166981  -0.073965  -0.166981  0.306226  0.10065  -0.073965  0.10065  0.163974
0.342328  -0.166981  -0.073965  -0.166981  0.306226  0.10065  -0.073965  0.10065  0.163974
0.342371  -0.166996  -0.0739709  -0.166996  0.306201  0.100634  -0.0739709  0.100634  0.163967
0.342371  -0.166996  -0.0739709  -0.166996  0.306201  0.100634  -0.0739709  0.100634  0.163967
0.342425  -0.16699  -0.0739837  -0.16699  0.306127  0.100601  -0.0739837  0.100601  0.163956
0.342425  -0.16699  -0.0739837  -0.16699  0.306127  0.100601  -0.0739837  0.100601  0.163956
0.342445  -0.166965  -0.07397  -0.166965  0.306052  0.100559  -0.07397  0.100559  0.163939
0.342445  -0.166965  -0.07397  -0.166965  0.306052  0.100559  -0.07397  0.100559  0.163939
0.342488  -0.16698  -0.0739759  -0.16698  0.306026  0.100543  -0.0739759  0.100543  0.163932
0.34251  -0.166988  -0.0739788  -0.166988  0.306014  0.100535  -0.0739788  0.100535  0.163928
0.342554  -0.167003  -0.0739847  -0.167003  0.305988  0.100519  -0.0739847  0.100519  0.16392
0.342566  -0.167016  -0.0740083  -0.167016  0.306003  0.100537  -0.0740083  0.100537  0.16393
0.34262  -0.16701  -0.0740211  -0.16701  0.30593  0.100505  -0.0740211  0.100505  0.16392
0.34262  -0.16701  -0.0740211  -0.16701  0.30593  0.100505  -0.0740211  0.100505  0.16392
0.342684  -0.167049  -0.0740022  -0.167049  0.305912  0.100471  -0.0740022  0.100471  0.163897
0.342684  -0.167049  -0.0740022  -0.167049  0.305912  0.100471  -0.0740022  0.100471  0.163897
0.342738  -0.167044  -0.0740151  -0.167044  0.305839  0.100439  -0.0740151  0.100439  0.163887
0.342738  -0.167044  -0.0740151  -0.167044  0.305839  0.100439  -0.0740151  0.100439  0.163887
0.342814  -0.167095  -0.0740198  -0.167095  0.305836  0.100423  -0.0740198  0.100423  0.163874
0.342814  -0.167095  -0.0740198  -0.167095  0.305836  0.100423  -0.0740198  0.100423  0.163874
0.342867  -0.167106  -0.0740049  -0.167106  0.305783  0.100381  -0.0740049  0.100381  0.163852
0.342867  -0.167106  -0.0740049  -0.167106  0.305783  0.100381  -0.0740049  0.100381  0.163852
0.34292  -0.167116  -0.07399  -0.167116  0.30573  0.100338  -0.07399  0.100338  0.16383
0.34292  -0.167116  -0.07399  -0.167116  0.30573  0.100338  -0.07399  0.100338  0.16383
0.342942  -0.167124  -0.0739929  -0.167124  0.305718  0.10033  -0.0739929  0.10033  0.163827
0.343007  -0.167147  -0.0740017  -0.167147  0.30568  0.100306  -0.0740017  0.100306  0.163815
0.343029  -0.167154  -0.0740046  -0.167154  0.305667  0.100298  -0.0740046  0.100298  0.163811
0.343094  -0.167194  -0.0739856  -0.167194  0.305649  0.100264  -0.0739856  0.100264  0.163788
0.343094  -0.167194  -0.0739856  -0.167194  0.305649  0.100264  -0.0739856  0.100264  0.163788
0.343159  -0.167217  -0.0739943  -0.167217  0.305611  0.10024  -0.0739943  0.10024  0.163777
0.343159  -0.167217  -0.0739943  -0.167217  0.305611  0.10024  -0.0739943  0.10024  0.163777
0.343212  -0.167227  -0.0739793  -0.167227  0.305558  0.100198  -0.0739793  0.100198  0.163755
0.343212  -0.167227  -0.0739793  -0.167227  0.305558  0.100198  -0.0739793  0.100198  0.163755
0.343278  -0.16725  -0.073988  -0.16725  0.30552  0.100174  -0.073988  0.100174  0.163743
0.343299  -0.167258  -0.0739909  -0.167258  0.305507  0.100166  -0.0739909  0.100166  0.16374
0.343376  -0.167309  -0.0739956  -0.167309  0.305504  0.10015  -0.0739956  0.10015  0.163727
0.343376  -0.167309  -0.0739956  -0.167309  0.305504  0.10015  -0.0739956  0.10015  0.163727
0.343442  -0.167332  -0.0740043  -0.167332  0.305466  0.100126  -0.0740043  0.100126  0.163715
0.343442  -0.167332  -0.0740043  -0.167332  0.305466  0.100126  -0.0740043  0.100126  0.163715
0.343519  -0.167384  -0.0740089  -0.167384  0.305464  0.100111  -0.0740089  0.100111  0.163703
0.343519  -0.167384  -0.0740089  -0.167384  0.305464  0.100111  -0.0740089  0.100111  0.163703
0.343585  -0.167406  -0.0740176  -0.167406  0.305425  0.100087  -0.0740176  0.100087  0.163691
0.343607  -0.167414  -0.0740204  -0.167414  0.305413  0.100079  -0.0740204  0.100079  0.163687
0.343662  -0.167458  -0.0740222  -0.167458  0.305423  0.100071  -0.0740222  0.100071  0.163678
0.343706  -0.167473  -0.0740279  -0.167473  0.305397  0.100055  -0.0740279  0.100055  0.163671
0.343706  -0.167473  -0.0740279  -0.167473  0.305397  0.100055  -0.0740279  0.100055  0.163671
0.343772  -0.167496  -0.0740366  -0.167496  0.305359  0.100031  -0.0740366  0.100031  0.163659
0.343772  -0.167496  -0.0740366  -0.167496  0.305359  0.100031  -0.0740366  0.100031  0.163659
0.343837  -0.167519  -0.0740452  -0.167519  0.305321  0.100007  -0.0740452  0.100007  0.163648
0.343837  -0.167519  -0.0740452  -0.167519  0.305321  0.100007  -0.0740452  0.100007  0.163648
0.343915  -0.167571  -0.0740498  -0.167571  0.305318  0.0999911  -0.0740498  0.0999911  0.163635
0.343937  -0.167578  -0.0740527  -0.167578  0.305306  0.0999831  -0.0740527  0.0999831  0.163631
0.343993  -0.167606  -0.0740822  -0.167606  0.305295  0.0999854  -0.0740822  0.0999854  0.163633
0.344015  -0.167613  -0.0740851  -0.167613  0.305283  0.0999774  -0.0740851  0.0999774  0.16363
0.344047  -0.167616  -0.0740671  -0.167616  0.305242  0.099943  -0.0740671  0.099943  0.163612
0.344069  -0.167624  -0.07407  -0.167624  0.305229  0.099935  -0.07407  0.099935  0.163608
0.344135  -0.167647  -0.0740786  -0.167647  0.305191  0.099911  -0.0740786  0.099911  0.163596
0.344135  -0.167647  -0.0740786  -0.167647  0.305191  0.099911  -0.0740786  0.099911  0.163596
0.344157  -0.167654  -0.0740815  -0.167654  0.305179  0.0999029  -0.0740815  0.0999029  0.163592
0.344223  -0.167677  -0.0740901  -0.167677  0.305141  0.0998789  -0.0740901  0.0998789  0.163581
0.344223  -0.167677  -0.0740901  -0.167677  0.305141  0.0998789  -0.0740901  0.0998789  0.163581
0.344289  -0.1677  -0.0740987  -0.1677  0.305102  0.0998548  -0.0740987  0.0998548  0.163569
0.344289  -0.1677  -0.0740987  -0.1677  0.305102  0.0998548  -0.0740987  0.0998548  0.163569
0.344311  -0.167708  -0.0741015  -0.167708  0.30509  0.0998468  -0.0741015  0.0998468  0.163565
0.344377  -0.16773  -0.0741101  -0.16773  0.305052  0.0998228  -0.0741101  0.0998228  0.163554
0.344377  -0.16773  -0.0741101  -0.16773  0.305052  0.0998228  -0.0741101  0.0998228  0.163554
0.344443  -0.167753  -0.0741187  -0.167753  0.305014  0.0997987  -0.0741187  0.0997987  0.163542
0.344443  -0.167753  -0.0741187  -0.167753  0.305014  0.0997987  -0.0741187  0.0997987  0.163542
0.344509  -0.167776  -0.0741273  -0.167776  0.304975  0.0997747  -0.0741273  0.0997747  0.163531
0.344509  -0.167776  -0.0741273  -0.167776  0.304975  0.0997747  -0.0741273  0.0997747  0.163531
0.344554  -0.167791  -0.074133  -0.167791  0.30495  0.0997586  -0.074133  0.0997586  0.163523
0.344554  -0.167791  -0.074133  -0.167791  0.30495  0.0997586  -0.074133  0.0997586  0.163523
0.344608  -0.167785  -0.0741456  -0.167785  0.304877  0.0997263  -0.0741456  0.0997263  0.163513
0.344608  -0.167785  -0.0741456  -0.167785  0.304877  0.0997263  -0.0741456  0.0997263  0.163513
0.344675  -0.167808  -0.0741542  -0.167808  0.304839  0.0997022  -0.0741542  0.0997022  0.163501
0.344675  -0.167808  -0.0741542  -0.167808  0.304839  0.0997022  -0.0741542  0.0997022  0.163501
0.344741  -0.167831  -0.0741627  -0.167831  0.3048  0.0996782  -0.0741627  0.0996782  0.16349
0.344741  -0.167831  -0.0741627  -0.167831  0.3048  0.0996782  -0.0741627  0.0996782  0.16349
0.344807  -0.167853  -0.0741713  -0.167853  0.304762  0.0996541  -0.0741713  0.0996541  0.163478
0.344829  -0.167861  -0.0741741  -0.167861  0.30475  0.0996461  -0.0741741  0.0996461  0.163474
0.344896  -0.167884  -0.0741827  -0.167884  0.304711  0.099622  -0.0741827  0.099622  0.163463
0.344896  -0.167884  -0.0741827  -0.167884  0.304711  0.099622  -0.0741827  0.099622  0.163463
0.344962  -0.167906  -0.0741912  -0.167906  0.304673  0.0995979  -0.0741912  0.0995979  0.163451
0.344962  -0.167906  -0.0741912  -0.167906  0.304673  0.0995979  -0.0741912  0.0995979  0.163451
0.345029  -0.167929  -0.0741997  -0.167929  0.304635  0.0995738  -0.0741997  0.0995738  0.16344
0.345029  -0.167929  -0.0741997  -0.167929  0.304635  0.0995738  -0.0741997  0.0995738  0.16344
0.345095  -0.167952  -0.0742083  -0.167952  0.304597  0.0995497  -0.0742083  0.0995497  0.163428
0.345095  -0.167952  -0.0742083  -0.167952  0.304597  0.0995497  -0.0742083  0.0995497  0.163428
0.345162  -0.167975  -0.0742168  -0.167975  0.304559  0.0995257  -0.0742168  0.0995257  0.163416
0.345162  -0.167975  -0.0742168  -0.167975  0.304559  0.0995257  -0.0742168  0.0995257  0.163416
0.345229  -0.167997  -0.0742253  -0.167997  0.304521  0.0995016  -0.0742253  0.0995016  0.163405
0.345229  -0.167997  -0.0742253  -0.167997  0.304521  0.0995016  -0.0742253  0.0995016  0.163405
0.345318  -0.168027  -0.0742366  -0.168027  0.30447  0.0994694  -0.0742366  0.0994694  0.16339
0.345318  -0.168027  -0.0742366  -0.168027  0.30447  0.0994694  -0.0742366  0.0994694  0.16339
0.345384  -0.16805  -0.0742451  -0.16805  0.304432  0.0994453  -0.0742451  0.0994453  0.163378
0.345418  -0.168087  -0.0742439  -0.168087  0.304454  0.0994456  -0.0742439  0.0994456  0.163373
0.345453  -0.168107  -0.0742706  -0.168107  0.304456  0.0994559  -0.0742706  0.0994559  0.163379
0.34552  -0.168129  -0.0742791  -0.168129  0.304418  0.0994318  -0.0742791  0.0994318  0.163368
0.345543  -0.168137  -0.0742819  -0.168137  0.304406  0.0994237  -0.0742819  0.0994237  0.163364
0.345597  -0.168147  -0.0742665  -0.168147  0.304352  0.0993813  -0.0742665  0.0993813  0.163342
0.345619  -0.168155  -0.0742694  -0.168155  0.30434  0.0993733  -0.0742694  0.0993733  0.163338
0.345686  -0.168177  -0.0742778  -0.168177  0.304301  0.0993491  -0.0742778  0.0993491  0.163327
0.345686  -0.168177  -0.0742778  -0.168177  0.304301  0.0993491  -0.0742778  0.0993491  0.163327
0.345775  -0.168208  -0.0742891  -0.168208  0.304251  0.099317  -0.0742891  0.099317  0.163311
0.345775  -0.168208  -0.0742891  -0.168208  0.304251  0.099317  -0.0742891  0.099317  0.163311
0.345864  -0.168238  -0.0743004  -0.168238  0.3042  0.0992848  -0.0743004  0.0992848  0.163296
0.345864  -0.168238  -0.0743004  -0.168238  0.3042  0.0992848  -0.0743004  0.0992848  0.163296
0.345931  -0.16826  -0.0743088  -0.16826  0.304161  0.0992607  -0.0743088  0.0992607  0.163285
0.345931  -0.16826  -0.0743088  -0.16826  0.304161  0.0992607  -0.0743088  0.0992607  0.163285
0.346021  -0.168291  -0.0743201  -0.168291  0.30411  0.0992285  -0.0743201  0.0992285  0.163269
0.346021  -0.168291  -0.0743201  -0.168291  0.30411  0.0992285  -0.0743201  0.0992285  0.163269
0.346097  -0.168308  -0.0743074  -0.168308  0.304044  0.099178  -0.0743074  0.099178  0.163244
0.346097  -0.168308  -0.0743074  -0.168308  0.304044  0.099178  -0.0743074  0.099178  0.163244
0.346165  -0.168331  -0.0743158  -0.168331  0.304006  0.0991539  -0.0743158  0.0991539  0.163232
0.346187  -0.168338  -0.0743186  -0.168338  0.303994  0.0991459  -0.0743186  0.0991459  0.163228
0.346254  -0.168361  -0.074327  -0.168361  0.303955  0.0991217  -0.074327  0.0991217  0.163217
0.346254  -0.168361  -0.074327  -0.168361  0.303955  0.0991217  -0.074327  0.0991217  0.163217
0.346331  -0.168378  -0.0743142  -0.168378  0.303889  0.0990712  -0.0743142  0.0990712  0.163191
0.346353  -0.168386  -0.074317  -0.168386  0.303877  0.0990632  -0.074317  0.0990632  0.163187
0.346376  -0.168394  -0.0743198  -0.168394  0.303864  0.0990551  -0.0743198  0.0990551  0.163184
0.346466  -0.168424  -0.074331  -0.168424  0.303813  0.0990229  -0.074331  0.0990229  0.163168
0.346466  -0.168424  -0.074331  -0.168424  0.303813  0.0990229  -0.074331  0.0990229  0.163168
0.346488  -0.168431  -0.0743338  -0.168431  0.3038  0.0990149  -0.0743338  0.0990149  0.163164
0.346578  -0.168461  -0.0743449  -0.168461  0.303749  0.0989827  -0.0743449  0.0989827  0.163149
0.346578  -0.168461  -0.0743449  -0.168461  0.303749  0.0989827  -0.0743449  0.0989827  0.163149
0.346668  -0.168491  -0.0743561  -0.168491  0.303698  0.0989504  -0.0743561  0.0989504  0.163134
0.34669  -0.168499  -0.0743588  -0.168499  0.303685  0.0989424  -0.0743588  0.0989424  0.16313
0.346713  -0.168506  -0.0743616  -0.168506  0.303673  0.0989343  -0.0743616  0.0989343  0.163126
0.346803  -0.168536  -0.0743727  -0.168536  0.303622  0.0989021  -0.0743727  0.0989021  0.163111
0.346803  -0.168536  -0.0743727  -0.168536  0.303622  0.0989021  -0.0743727  0.0989021  0.163111
0.346857  -0.168546  -0.0743571  -0.168546  0.303568  0.0988596  -0.0743571  0.0988596  0.163089
0.34688  -0.168554  -0.0743599  -0.168554  0.303556  0.0988516  -0.0743599  0.0988516  0.163085
0.346947  -0.168576  -0.0743682  -0.168576  0.303517  0.0988274  -0.0743682  0.0988274  0.163073
0.34697  -0.168584  -0.074371  -0.168584  0.303505  0.0988193  -0.074371  0.0988193  0.16307
0.347038  -0.168606  -0.0743793  -0.168606  0.303466  0.0987952  -0.0743793  0.0987952  0.163058
0.34706  -0.168614  -0.074382  -0.168614  0.303454  0.0987871  -0.074382  0.0987871  0.163054
0.347128  -0.168636  -0.0743903  -0.168636  0.303415  0.0987629  -0.0743903  0.0987629  0.163043
0.347128  -0.168636  -0.0743903  -0.168636  0.303415  0.0987629  -0.0743903  0.0987629  0.163043
0.347218  -0.168666  -0.0744014  -0.168666  0.303364  0.0987307  -0.0744014  0.0987307  0.163027
0.347218  -0.168666  -0.0744014  -0.168666  0.303364  0.0987307  -0.0744014  0.0987307  0.163027
0.347286  -0.168689  -0.0744097  -0.168689  0.303326  0.0987065  -0.0744097  0.0987065  0.163016
0.347309  -0.168696  -0.0744124  -0.168696  0.303313  0.0986984  -0.0744124  0.0986984  0.163012
0.347377  -0.168719  -0.0744207  -0.168719  0.303275  0.0986743  -0.0744207  0.0986743  0.163001
0.347377  -0.168719  -0.0744207  -0.168719  0.303275  0.0986743  -0.0744207  0.0986743  0.163001
0.347467  -0.168749  -0.0744317  -0.168749  0.303224  0.098642  -0.0744317  0.098642  0.162985
0.347467  -0.168749  -0.0744317  -0.168749  0.303224  0.098642  -0.0744317  0.098642  0.162985
0.347535  -0.168771  -0.07444  -0.168771  0.303186  0.0986178  -0.07444  0.0986178  0.162974
0.347535  -0.168771  -0.07444  -0.168771  0.303186  0.0986178  -0.07444  0.0986178  0.162974
0.347626  -0.168801  -0.074451  -0.168801  0.303135  0.0985855  -0.074451  0.0985855  0.162958
0.347626  -0.168801  -0.074451  -0.168801  0.303135  0.0985855  -0.074451  0.0985855  0.162958
0.347694  -0.168823  -0.0744593  -0.168823  0.303096  0.0985613  -0.0744593  0.0985613  0.162947
0.347694  -0.168823  -0.0744593  -0.168823  0.303096  0.0985613  -0.0744593  0.0985613  0.162947
0.347784  -0.168853  -0.0744703  -0.168853  0.303045  0.098529  -0.0744703  0.098529  0.162931
0.347784  -0.168853  -0.0744703  -0.168853  0.303045  0.098529  -0.0744703  0.098529  0.162931
0.347863  -0.168854  -0.0744852  -0.168854  0.302959  0.0984886  -0.0744852  0.0984886  0.162917
0.347863  -0.168854  -0.0744852  -0.168854  0.302959  0.0984886  -0.0744852  0.0984886  0.162917
0.347931  -0.168876  -0.0744935  -0.168876  0.302921  0.0984644  -0.0744935  0.0984644  0.162906
0.347931  -0.168876  -0.0744935  -0.168876  0.302921  0.0984644  -0.0744935  0.0984644  0.162906
0.348022  -0.168906  -0.0745044  -0.168906  0.30287  0.0984321  -0.0745044  0.0984321  0.16289
0.348022  -0.168906  -0.0745044  -0.168906  0.30287  0.0984321  -0.0745044  0.0984321  0.16289
0.348045  -0.168914  -0.0745072  -0.168914  0.302857  0.098424  -0.0745072  0.098424  0.162887
0.348135  -0.16896  -0.07449  -0.16896  0.302826  0.0983816  -0.07449  0.0983816  0.16286
0.348135  -0.16896  -0.07449  -0.16896  0.302826  0.0983816  -0.07449  0.0983816  0.16286
0.348203  -0.168982  -0.0744982  -0.168982  0.302788  0.0983573  -0.0744982  0.0983573  0.162848
0.348226  -0.16899  -0.0745009  -0.16899  0.302775  0.0983493  -0.0745009  0.0983493  0.162845
0.348281  -0.169  -0.0744849  -0.169  0.302721  0.0983067  -0.0744849  0.0983067  0.162823
0.348281  -0.169  -0.0744849  -0.169  0.302721  0.0983067  -0.0744849  0.0983067  0.162823
0.348327  -0.169014  -0.0744904  -0.169014  0.302696  0.0982906  -0.0744904  0.0982906  0.162815
0.348382  -0.169024  -0.0744744  -0.169024  0.302643  0.098248  -0.0744744  0.098248  0.162794
0.348427  -0.169039  -0.0744798  -0.169039  0.302617  0.0982319  -0.0744798  0.0982319  0.162786
0.348427  -0.169039  -0.0744798  -0.169039  0.302617  0.0982319  -0.0744798  0.0982319  0.162786
0.348437  -0.169034  -0.0744584  -0.169034  0.302589  0.0982055  -0.0744584  0.0982055  0.162772
0.348505  -0.169056  -0.0744666  -0.169056  0.302551  0.0981812  -0.0744666  0.0981812  0.16276
0.348505  -0.169056  -0.0744666  -0.169056  0.302551  0.0981812  -0.0744666  0.0981812  0.16276
0.34856  -0.169065  -0.0744506  -0.169065  0.302497  0.0981387  -0.0744506  0.0981387  0.162739
0.348593  -0.169068  -0.0744318  -0.169068  0.302457  0.0981042  -0.0744318  0.0981042  0.162721
0.348593  -0.169068  -0.0744318  -0.169068  0.302457  0.0981042  -0.0744318  0.0981042  0.162721
0.348661  -0.16909  -0.0744399  -0.16909  0.302418  0.09808  -0.0744399  0.09808  0.16271
0.348661  -0.16909  -0.0744399  -0.16909  0.302418  0.09808  -0.0744399  0.09808  0.16271
0.348671  -0.169084  -0.0744185  -0.169084  0.302391  0.0980536  -0.0744185  0.0980536  0.162696
0.348726  -0.169094  -0.0744024  -0.169094  0.302337  0.098011  -0.0744024  0.098011  0.162674
0.348726  -0.169094  -0.0744024  -0.169094  0.302337  0.098011  -0.0744024  0.098011  0.162674
0.348794  -0.169116  -0.0744105  -0.169116  0.302299  0.0979868  -0.0744105  0.0979868  0.162662
0.348794  -0.169116  -0.0744105  -0.169116  0.302299  0.0979868  -0.0744105  0.0979868  0.162662
0.348827  -0.169118  -0.0743917  -0.169118  0.302258  0.0979523  -0.0743917  0.0979523  0.162645
0.348827  -0.169118  -0.0743917  -0.169118  0.302258  0.0979523  -0.0743917  0.0979523  0.162645
0.348895  -0.16914  -0.0743998  -0.16914  0.30222  0.097928  -0.0743998  0.097928  0.162633
0.348883  -0.169111  -0.0744038  -0.169111  0.302185  0.0979199  -0.0744038  0.0979199  0.162634
0.348928  -0.169142  -0.074381  -0.169142  0.302179  0.0978936  -0.074381  0.0978936  0.162615
0.348951  -0.16915  -0.0743837  -0.16915  0.302167  0.0978855  -0.0743837  0.0978855  0.162612
0.348983  -0.169152  -0.0743649  -0.169152  0.302126  0.097851  -0.0743649  0.097851  0.162594
0.348983  -0.169152  -0.0743649  -0.169152  0.302126  0.097851  -0.0743649  0.097851  0.162594
0.349015  -0.169154  -0.0743461  -0.169154  0.302085  0.0978166  -0.0743461  0.0978166  0.162576
0.349038  -0.169161  -0.0743488  -0.169161  0.302073  0.0978085  -0.0743488  0.0978085  0.162572
0.349071  -0.169163  -0.0743299  -0.169163  0.302032  0.097774  -0.0743299  0.097774  0.162554
0.349071  -0.169163  -0.0743299  -0.169163  0.302032  0.097774  -0.0743299  0.097774  0.162554
0.349103  -0.169165  -0.0743111  -0.169165  0.301991  0.0977396  -0.0743111  0.0977396  0.162537
0.349103  -0.169165  -0.0743111  -0.169165  0.301991  0.0977396  -0.0743111  0.0977396  0.162537
0.349149  -0.16918  -0.0743164  -0.16918  0.301966  0.0977234  -0.0743164  0.0977234  0.162529
0.349149  -0.16918  -0.0743164  -0.16918  0.301966  0.0977234  -0.0743164  0.0977234  0.162529
0.349181  -0.169182  -0.0742976  -0.169182  0.301925  0.0976889  -0.0742976  0.0976889  0.162511
0.349181  -0.169182  -0.0742976  -0.169182  0.301925  0.0976889  -0.0742976  0.0976889  0.162511
0.349168  -0.169169  -0.0742734  -0.169169  0.30191  0.0976707  -0.0742734  0.0976707  0.162501
0.349213  -0.169184  -0.0742788  -0.169184  0.301885  0.0976545  -0.0742788  0.0976545  0.162494
0.349213  -0.169184  -0.0742788  -0.169184  0.301885  0.0976545  -0.0742788  0.0976545  0.162494
0.349223  -0.169178  -0.0742572  -0.169178  0.301857  0.0976281  -0.0742572  0.0976281  0.16248
0.349246  -0.169186  -0.0742599  -0.169186  0.301844  0.09762  -0.0742599  0.09762  0.162476
0.349255  -0.16918  -0.0742384  -0.16918  0.301816  0.0975937  -0.0742384  0.0975937  0.162462
0.349255  -0.16918  -0.0742384  -0.16918  0.301816  0.0975937  -0.0742384  0.0975937  0.162462
0.349252  -0.169146  -0.0742209  -0.169146  0.301753  0.0975592  -0.0742209  0.0975592  0.162449
0.349239  -0.169133  -0.0741967  -0.169133  0.301738  0.097541  -0.0741967  0.097541  0.162439
0.349248  -0.169127  -0.0741752  -0.169127  0.30171  0.0975146  -0.0741752  0.0975146  0.162425
0.349248  -0.169127  -0.0741752  -0.169127  0.30171  0.0975146  -0.0741752  0.0975146  0.162425
0.349235  -0.169114  -0.0741511  -0.169114  0.301696  0.0974964  -0.0741511  0.0974964  0.162415
0.349258  -0.169122  -0.0741537  -0.169122  0.301683  0.0974883  -0.0741537  0.0974883  0.162411
0.349244  -0.169109  -0.0741296  -0.169109  0.301668  0.0974701  -0.0741296  0.0974701  0.162401
0.349244  -0.169109  -0.0741296  -0.169109  0.301668  0.0974701  -0.0741296  0.0974701  0.162401
0.349254  -0.169103  -0.0741081  -0.169103  0.30164  0.0974437  -0.0741081  0.0974437  0.162387
0.349254  -0.169103  -0.0741081  -0.169103  0.30164  0.0974437  -0.0741081  0.0974437  0.162387
0.349277  -0.169111  -0.0741107  -0.169111  0.301627  0.0974357  -0.0741107  0.0974357  0.162384
0.349277  -0.169111  -0.0741107  -0.169111  0.301627  0.0974357  -0.0741107  0.0974357  0.162384
0.349286  -0.169105  -0.0740892  -0.169105  0.301599  0.0974093  -0.0740892  0.0974093  0.16237
0.349286  -0.169105  -0.0740892  -0.169105  0.301599  0.0974093  -0.0740892  0.0974093  0.16237
0.349272  -0.169093  -0.0740651  -0.169093  0.301584  0.0973911  -0.0740651  0.0973911  0.16236
0.349272  -0.169093  -0.0740651  -0.169093  0.301584  0.0973911  -0.0740651  0.0973911  0.16236
0.349295  -0.1691  -0.0740677  -0.1691  0.301572  0.097383  -0.0740677  0.097383  0.162356
0.349295  -0.1691  -0.0740677  -0.1691  0.301572  0.097383  -0.0740677  0.097383  0.162356
0.349282  -0.169087  -0.0740435  -0.169087  0.301557  0.0973648  -0.0740435  0.0973648  0.162346
0.349282  -0.169087  -0.0740435  -0.169087  0.301557  0.0973648  -0.0740435  0.0973648  0.162346
0.349268  -0.169074  -0.0740194  -0.169074  0.301542  0.0973466  -0.0740194  0.0973466  0.162336
0.349291  -0.169082  -0.074022  -0.169082  0.301529  0.0973385  -0.074022  0.0973385  0.162332
0.349291  -0.169082  -0.074022  -0.169082  0.301529  0.0973385  -0.074022  0.0973385  0.162332
0.349278  -0.169069  -0.0739979  -0.169069  0.301514  0.0973203  -0.0739979  0.0973203  0.162322
0.349278  -0.169069  -0.0739979  -0.169069  0.301514  0.0973203  -0.0739979  0.0973203  0.162322
0.349287  -0.169063  -0.0739764  -0.169063  0.301486  0.097294  -0.0739764  0.097294  0.162308
0.349287  -0.169063  -0.0739764  -0.169063  0.301486  0.097294  -0.0739764  0.097294  0.162308
0.349274  -0.169051  -0.0739523  -0.169051  0.301471  0.0972758  -0.0739523  0.0972758  0.162298
0.349274  -0.169051  -0.0739523  -0.169051  0.301471  0.0972758  -0.0739523  0.0972758  0.162298
0.34926  -0.169038  -0.0739281  -0.169038  0.301456  0.0972576  -0.0739281  0.0972576  0.162288
0.34926  -0.169038  -0.0739281  -0.169038  0.301456  0.0972576  -0.0739281  0.0972576  0.162288
0.34927  -0.169032  -0.0739066  -0.169032  0.301429  0.0972313  -0.0739066  0.0972313  0.162275
0.34927  -0.169032  -0.0739066  -0.169032  0.301429  0.0972313  -0.0739066  0.0972313  0.162275
0.349256  -0.169019  -0.0738825  -0.169019  0.301414  0.0972131  -0.0738825  0.0972131  0.162265
0.349256  -0.169019  -0.0738825  -0.169019  0.301414  0.0972131  -0.0738825  0.0972131  0.162265
0.349256  -0.169019  -0.0738825  -0.169019  0.301414  0.0972131  -0.0738825  0.0972131  0.162265
0.34923  -0.168977  -0.0738625  -0.168977  0.301364  0.0971868  -0.0738625  0.0971868  0.162256
0.34923  -0.168977  -0.0738625  -0.168977  0.301364  0.0971868  -0.0738625  0.0971868  0.162256
0.34923  -0.168977  -0.0738625  -0.168977  0.301364  0.0971868  -0.0738625  0.0971868  0.162256
0.34923  -0.168977  -0.0738625  -0.168977  0.301364  0.0971868  -0.0738625  0.0971868  0.162256
0.349217  -0.168964  -0.0738384  -0.168964  0.301349  0.0971687  -0.0738384  0.0971687  0.162246
0.349217  -0.168964  -0.0738384  -0.168964  0.301349  0.0971687  -0.0738384  0.0971687  0.162246
0.349203  -0.168952  -0.0738143  -0.168952  0.301334  0.0971505  -0.0738143  0.0971505  0.162236
0.349203  -0.168952  -0.0738143  -0.168952  0.301334  0.0971505  -0.0738143  0.0971505  0.162236
0.349203  -0.168952  -0.0738143  -0.168952  0.301334  0.0971505  -0.0738143  0.0971505  0.162236
0.349203  -0.168952  -0.0738143  -0.168952  0.301334  0.0971505  -0.0738143  0.0971505  0.162236
0.349202  -0.168968  -0.0737861  -0.168968  0.301354  0.0971404  -0.0737861  0.0971404  0.162225
0.349202  -0.168968  -0.0737861  -0.168968  0.301354  0.0971404  -0.0737861  0.0971404  0.162225
0.349189  -0.168955  -0.073762  -0.168955  0.301339  0.0971222  -0.073762  0.0971222  0.162215
0.349189  -0.168955  -0.073762  -0.168955  0.301339  0.0971222  -0.073762  0.0971222  0.162215
0.349189  -0.168955  -0.073762  -0.168955  0.301339  0.0971222  -0.073762  0.0971222  0.162215
0.349189  -0.168955  -0.073762  -0.168955  0.301339  0.0971222  -0.073762  0.0971222  0.162215
0.349175  -0.168943  -0.0737379  -0.168943  0.301324  0.097104  -0.0737379  0.097104  0.162205
0.349175  -0.168943  -0.0737379  -0.168943  0.301324  0.097104  -0.0737379  0.097104  0.162205
0.349139  -0.168922  -0.0737112  -0.168922  0.301322  0.097094  -0.0737112  0.097094  0.162199
0.349139  -0.168922  -0.0737112  -0.168922  0.301322  0.097094  -0.0737112  0.097094  0.162199
0.349139  -0.168922  -0.0737112  -0.168922  0.301322  0.097094  -0.0737112  0.097094  0.162199
0.349139  -0.168922  -0.0737112  -0.168922  0.301322  0.097094  -0.0737112  0.097094  0.162199
0.349115  -0.168932  -0.0736805  -0.168932  0.301355  0.097092  -0.0736805  0.097092  0.162192
0.349115  -0.168932  -0.0736805  -0.168932  0.301355  0.097092  -0.0736805  0.097092  0.162192
0.349115  -0.168932  -0.0736805  -0.168932  0.301355  0.097092  -0.0736805  0.097092  0.162192
0.349115  -0.168932  -0.0736805  -0.168932  0.301355  0.097092  -0.0736805  0.097092  0.162192
0.349092  -0.168924  -0.0736779  -0.168924  0.301368  0.0971001  -0.0736779  0.0971001  0.162195
0.349092  -0.168924  -0.0736779  -0.168924  0.301368  0.0971001  -0.0736779  0.0971001  0.162195
0.349092  -0.168924  -0.0736779  -0.168924  0.301368  0.0971001  -0.0736779  0.0971001  0.162195
0.349069  -0.168917  -0.0736753  -0.168917  0.30138  0.0971082  -0.0736753  0.0971082  0.162199
0.349069  -0.168917  -0.0736753  -0.168917  0.30138  0.0971082  -0.0736753  0.0971082  0.162199
0.349069  -0.168917  -0.0736753  -0.168917  0.30138  0.0971082  -0.0736753  0.0971082  0.162199
0.349034  -0.16888  -0.0736768  -0.16888  0.301358  0.0971082  -0.0736768  0.0971082  0.162204
0.349034  -0.16888  -0.0736768  -0.16888  0.301358  0.0971082  -0.0736768  0.0971082  0.162204
0.349011  -0.168873  -0.0736742  -0.168873  0.301371  0.0971163  -0.0736742  0.0971163  0.162208
0.349011  -0.168873  -0.0736742  -0.168873  0.301371  0.0971163  -0.0736742  0.0971163  0.162208
0.349011  -0.168873  -0.0736742  -0.168873  0.301371  0.0971163  -0.0736742  0.0971163  0.162208
0.349011  -0.168873  -0.0736742  -0.168873  0.301371  0.0971163  -0.0736742  0.0971163  0.162208
0.348988  -0.168866  -0.0736716  -0.168866  0.301384  0.0971244  -0.0736716  0.0971244  0.162212
0.348988  -0.168866  -0.0736716  -0.168866  0.301384  0.0971244  -0.0736716  0.0971244  0.162212
0.348965  -0.168858  -0.073669  -0.168858  0.301397  0.0971325  -0.073669  0.0971325  0.162216
0.348965  -0.168858  -0.073669  -0.168858  0.301397  0.0971325  -0.073669  0.0971325  0.162216
0.348942  -0.168851  -0.0736664  -0.168851  0.301409  0.0971406  -0.0736664  0.0971406  0.16222
0.348942  -0.168851  -0.0736664  -0.168851  0.301409  0.0971406  -0.0736664  0.0971406  0.16222
0.348907  -0.168814  -0.0736679  -0.168814  0.301387  0.0971406  -0.0736679  0.0971406  0.162225
0.348907  -0.168814  -0.0736679  -0.168814  0.301387  0.0971406  -0.0736679  0.0971406  0.162225
0.348884  -0.168807  -0.0736653  -0.168807  0.3014  0.0971487  -0.0736653  0.0971487  0.162228
0.348884  -0.168807  -0.0736653  -0.168807  0.3014  0.0971487  -0.0736653  0.0971487  0.162228
0.348862  -0.1688  -0.0736627  -0.1688  0.301413  0.0971568  -0.0736627  0.0971568  0.162232
0.348839  -0.168792  -0.0736601  -0.168792  0.301426  0.0971649  -0.0736601  0.0971649  0.162236
0.348839  -0.168792  -0.0736601  -0.168792  0.301426  0.0971649  -0.0736601  0.0971649  0.162236
0.348829  -0.168798  -0.0736815  -0.168798  0.301453  0.0971912  -0.0736815  0.0971912  0.16225
0.348829  -0.168798  -0.0736815  -0.168798  0.301453  0.0971912  -0.0736815  0.0971912  0.16225
0.348807  -0.16879  -0.0736789  -0.16879  0.301466  0.0971993  -0.0736789  0.0971993  0.162254
0.348807  -0.16879  -0.0736789  -0.16879  0.301466  0.0971993  -0.0736789  0.0971993  0.162254
0.348784  -0.168783  -0.0736763  -0.168783  0.301479  0.0972074  -0.0736763  0.0972074  0.162257
0.348784  -0.168783  -0.0736763  -0.168783  0.301479  0.0972074  -0.0736763  0.0972074  0.162257
0.348761  -0.168776  -0.0736737  -0.168776  0.301492  0.0972154  -0.0736737  0.0972154  0.162261
0.348761  -0.168776  -0.0736737  -0.168776  0.301492  0.0972154  -0.0736737  0.0972154  0.162261
0.348751  -0.168781  -0.0736951  -0.168781  0.301519  0.0972417  -0.0736951  0.0972417  0.162275
0.348751  -0.168781  -0.0736951  -0.168781  0.301519  0.0972417  -0.0736951  0.0972417  0.162275
0.348729  -0.168774  -0.0736925  -0.168774  0.301532  0.0972498  -0.0736925  0.0972498  0.162279
0.348729  -0.168774  -0.0736925  -0.168774  0.301532  0.0972498  -0.0736925  0.0972498  0.162279
0.348684  -0.168743  -0.0737154  -0.168743  0.301538  0.0972761  -0.0737154  0.0972761  0.162298
0.348684  -0.168743  -0.0737154  -0.168743  0.301538  0.0972761  -0.0737154  0.0972761  0.162298
0.348661  -0.168735  -0.0737128  -0.168735  0.30155  0.0972842  -0.0737128  0.0972842  0.162301
0.348661  -0.168735  -0.0737128  -0.168735  0.30155  0.0972842  -0.0737128  0.0972842  0.162301
0.348616  -0.168721  -0.0737076  -0.168721  0.301576  0.0973003  -0.0737076  0.0973003  0.162309
0.348581  -0.168684  -0.073709  -0.168684  0.301554  0.0973004  -0.073709  0.0973004  0.162314
0.348581  -0.168684  -0.073709  -0.168684  0.301554  0.0973004  -0.073709  0.0973004  0.162314
0.348581  -0.168684  -0.073709  -0.168684  0.301554  0.0973004  -0.073709  0.0973004  0.162314
0.348535  -0.168669  -0.0737038  -0.168669  0.301579  0.0973165  -0.0737038  0.0973165  0.162322
0.348535  -0.168669  -0.0737038  -0.168669  0.301579  0.0973165  -0.0737038  0.0973165  0.162322
0.34849  -0.168655  -0.0736985  -0.168655  0.301605  0.0973327  -0.0736985  0.0973327  0.162329
0.34849  -0.168655  -0.0736985  -0.168655  0.301605  0.0973327  -0.0736985  0.0973327  0.162329
0.348444  -0.16864  -0.0736933  -0.16864  0.30163  0.0973489  -0.0736933  0.0973489  0.162337
0.348444  -0.16864  -0.0736933  -0.16864  0.30163  0.0973489  -0.0736933  0.0973489  0.162337
0.348399  -0.168625  -0.073688  -0.168625  0.301656  0.0973651  -0.073688  0.0973651  0.162345
0.348399  -0.168625  -0.073688  -0.168625  0.301656  0.0973651  -0.073688  0.0973651  0.162345
0.348353  -0.168611  -0.0736828  -0.168611  0.301682  0.0973812  -0.0736828  0.0973812  0.162353
0.348353  -0.168611  -0.0736828  -0.168611  0.301682  0.0973812  -0.0736828  0.0973812  0.162353
0.348344  -0.168616  -0.0737042  -0.168616  0.301709  0.0974075  -0.0737042  0.0974075  0.162366
0.348298  -0.168601  -0.0736989  -0.168601  0.301735  0.0974237  -0.0736989  0.0974237  0.162374
0.348298  -0.168601  -0.0736989  -0.168601  0.301735  0.0974237  -0.0736989  0.0974237  0.162374
0.348253  -0.168587  -0.0736937  -0.168587  0.301761  0.0974398  -0.0736937  0.0974398  0.162382
0.348253  -0.168587  -0.0736937  -0.168587  0.301761  0.0974398  -0.0736937  0.0974398  0.162382
0.348185  -0.168564  -0.0736858  -0.168564  0.301799  0.0974641  -0.0736858  0.0974641  0.162393
0.348185  -0.168564  -0.0736858  -0.168564  0.301799  0.0974641  -0.0736858  0.0974641  0.162393
0.348139  -0.16855  -0.0736805  -0.16855  0.301824  0.0974802  -0.0736805  0.0974802  0.162401
0.348117  -0.168542  -0.0736779  -0.168542  0.301837  0.0974883  -0.0736779  0.0974883  0.162405
0.348094  -0.168535  -0.0736752  -0.168535  0.30185  0.0974964  -0.0736752  0.0974964  0.162409
0.348049  -0.16852  -0.07367  -0.16852  0.301876  0.0975126  -0.07367  0.0975126  0.162416
