0.33538  -0.158397  -0.0652326  -0.158397  0.296672  0.0929654  -0.0652326  0.0929654  0.16064
0.33538  -0.158397  -0.0652326  -0.158397  0.296672  0.0929654  -0.0652326  0.0929654  0.16064
0.335409  -0.15843  -0.0652302  -0.15843  0.296692  0.0929648  -0.0652302  0.0929648  0.160635
0.335409  -0.15843  -0.0652302  -0.15843  0.296692  0.0929648  -0.0652302  0.0929648  0.160635
0.335459  -0.158501  -0.0652451  -0.158501  0.296758  0.0929881  -0.0652451  0.0929881  0.160637
0.335507  -0.158541  -0.0652449  -0.158541  0.296766  0.0929796  -0.0652449  0.0929796  0.160629
0.335507  -0.158541  -0.0652449  -0.158541  0.296766  0.0929796  -0.0652449  0.0929796  0.160629
0.335576  -0.158618  -0.0652619  -0.158618  0.29682  0.092995  -0.0652619  0.092995  0.160627
0.335586  -0.158645  -0.0652574  -0.158645  0.296852  0.0930023  -0.0652574  0.0930023  0.160626
0.335655  -0.158722  -0.0652744  -0.158722  0.296906  0.0930177  -0.0652744  0.0930177  0.160624
0.335714  -0.158789  -0.0652696  -0.158789  0.296946  0.0930165  -0.0652696  0.0930165  0.160614
0.335714  -0.158789  -0.0652696  -0.158789  0.296946  0.0930165  -0.0652696  0.0930165  0.160614
0.335772  -0.158855  -0.0652649  -0.158855  0.296987  0.0930154  -0.0652649  0.0930154  0.160605
0.335792  -0.158862  -0.0652671  -0.158862  0.296974  0.0930074  -0.0652671  0.0930074  0.160601
0.33585  -0.158929  -0.0652623  -0.158929  0.297014  0.0930062  -0.0652623  0.0930062  0.160591
0.335909  -0.158995  -0.0652576  -0.158995  0.297055  0.093005  -0.0652576  0.093005  0.160581
0.335929  -0.159002  -0.0652598  -0.159002  0.297042  0.0929971  -0.0652598  0.0929971  0.160577
0.336017  -0.159102  -0.0652526  -0.159102  0.297103  0.0929953  -0.0652526  0.0929953  0.160562
0.336076  -0.159169  -0.0652479  -0.159169  0.297143  0.0929941  -0.0652479  0.0929941  0.160553
0.336076  -0.159169  -0.0652479  -0.159169  0.297143  0.0929941  -0.0652479  0.0929941  0.160553
0.336175  -0.15928  -0.0652625  -0.15928  0.297217  0.0930089  -0.0652625  0.0930089  0.160546
0.336175  -0.15928  -0.0652625  -0.15928  0.297217  0.0930089  -0.0652625  0.0930089  0.160546
0.336304  -0.159425  -0.0652748  -0.159425  0.297312  0.093023  -0.0652748  0.093023  0.160534
0.336304  -0.159425  -0.0652748  -0.159425  0.297312  0.093023  -0.0652748  0.093023  0.160534
0.336412  -0.159532  -0.0652698  -0.159532  0.29736  0.0930133  -0.0652698  0.0930133  0.160516
0.336511  -0.159644  -0.0652845  -0.159644  0.297435  0.093028  -0.0652845  0.093028  0.160509
0.336511  -0.159644  -0.0652845  -0.159644  0.297435  0.093028  -0.0652845  0.093028  0.160509
0.336641  -0.159789  -0.0652967  -0.159789  0.29753  0.0930422  -0.0652967  0.0930422  0.160498
0.33672  -0.159863  -0.0652941  -0.159863  0.297558  0.093033  -0.0652941  0.093033  0.160484
0.33673  -0.15989  -0.0652896  -0.15989  0.297592  0.0930403  -0.0652896  0.0930403  0.160483
0.33686  -0.160035  -0.0653018  -0.160035  0.297687  0.0930545  -0.0653018  0.0930545  0.160472
0.33688  -0.160042  -0.065304  -0.160042  0.297674  0.0930465  -0.065304  0.0930465  0.160468
0.336979  -0.16017  -0.0652922  -0.16017  0.297769  0.093052  -0.0652922  0.093052  0.160452
0.337089  -0.160309  -0.0653023  -0.160309  0.297878  0.0930741  -0.0653023  0.0930741  0.160445
0.337089  -0.160309  -0.0653023  -0.160309  0.297878  0.0930741  -0.0653023  0.0930741  0.160445
0.337219  -0.160471  -0.0652881  -0.160471  0.297993  0.0930789  -0.0652881  0.0930789  0.160424
0.33725  -0.160489  -0.0653122  -0.160489  0.297994  0.0930876  -0.0653122  0.0930876  0.160428
0.33738  -0.160651  -0.065298  -0.160651  0.29811  0.0930924  -0.065298  0.0930924  0.160408
0.337481  -0.160764  -0.0653127  -0.160764  0.298186  0.0931072  -0.0653127  0.0931072  0.160401
0.337481  -0.160764  -0.0653127  -0.160764  0.298186  0.0931072  -0.0653127  0.0931072  0.160401
0.337631  -0.160933  -0.0653006  -0.160933  0.298289  0.0931039  -0.0653006  0.0931039  0.160377
0.337631  -0.160933  -0.0653006  -0.160933  0.298289  0.0931039  -0.0653006  0.0931039  0.160377
0.337793  -0.161114  -0.0653104  -0.161114  0.298407  0.0931174  -0.0653104  0.0931174  0.160361
0.337914  -0.16125  -0.0653007  -0.16125  0.29849  0.0931148  -0.0653007  0.0931148  0.160342
0.337914  -0.16125  -0.0653007  -0.16125  0.29849  0.0931148  -0.0653007  0.0931148  0.160342
0.338076  -0.161431  -0.0653105  -0.161431  0.298608  0.0931282  -0.0653105  0.0931282  0.160325
0.338076  -0.161431  -0.0653105  -0.161431  0.298608  0.0931282  -0.0653105  0.0931282  0.160325
0.338239  -0.161613  -0.0653204  -0.161613  0.298726  0.0931417  -0.0653204  0.0931417  0.160309
0.338361  -0.161749  -0.0653106  -0.161749  0.29881  0.093139  -0.0653106  0.093139  0.16029
0.338361  -0.161749  -0.0653106  -0.161749  0.29881  0.093139  -0.0653106  0.093139  0.16029
0.338513  -0.16192  -0.0652983  -0.16192  0.298915  0.0931356  -0.0652983  0.0931356  0.160266
0.338543  -0.161954  -0.0652958  -0.161954  0.298936  0.0931349  -0.0652958  0.0931349  0.160261
0.338696  -0.162125  -0.0652835  -0.162125  0.299041  0.0931315  -0.0652835  0.0931315  0.160237
0.338798  -0.162255  -0.0652715  -0.162255  0.299138  0.0931367  -0.0652715  0.0931367  0.160222
0.338808  -0.162282  -0.0652669  -0.162282  0.299171  0.093144  -0.0652669  0.093144  0.160221
0.338961  -0.162454  -0.0652545  -0.162454  0.299277  0.0931405  -0.0652545  0.0931405  0.160197
0.338992  -0.162488  -0.065252  -0.162488  0.299298  0.0931398  -0.065252  0.0931398  0.160192
0.339156  -0.162687  -0.065235  -0.162687  0.299438  0.0931436  -0.065235  0.0931436  0.160167
0.33926  -0.162802  -0.0652497  -0.162802  0.299516  0.0931583  -0.0652497  0.0931583  0.16016
0.339291  -0.162836  -0.0652472  -0.162836  0.299537  0.0931576  -0.0652472  0.0931576  0.160156
0.339424  -0.163001  -0.0652326  -0.163001  0.299656  0.0931621  -0.0652326  0.0931621  0.160136
0.339455  -0.163036  -0.0652301  -0.163036  0.299677  0.0931613  -0.0652301  0.0931613  0.160131
0.33961  -0.163208  -0.0652176  -0.163208  0.299784  0.0931577  -0.0652176  0.0931577  0.160107
0.339713  -0.163339  -0.0652054  -0.163339  0.299882  0.0931628  -0.0652054  0.0931628  0.160092
0.339713  -0.163339  -0.0652054  -0.163339  0.299882  0.0931628  -0.0652054  0.0931628  0.160092
0.339856  -0.1635  -0.0651706  -0.1635  0.299975  0.0931422  -0.0651706  0.0931422  0.16006
0.339867  -0.163528  -0.0651659  -0.163528  0.300009  0.0931495  -0.0651659  0.0931495  0.160059
0.340002  -0.163694  -0.0651512  -0.163694  0.30013  0.0931538  -0.0651512  0.0931538  0.160039
0.340095  -0.163798  -0.0651436  -0.163798  0.300194  0.0931516  -0.0651436  0.0931516  0.160025
0.340126  -0.163833  -0.0651411  -0.163833  0.300216  0.0931508  -0.0651411  0.0931508  0.16002
0.340251  -0.163971  -0.0651309  -0.163971  0.300302  0.0931478  -0.0651309  0.0931478  0.160001
0.340251  -0.163971  -0.0651309  -0.163971  0.300302  0.0931478  -0.0651309  0.0931478  0.160001
0.340407  -0.164145  -0.0651181  -0.164145  0.30041  0.093144  -0.0651181  0.093144  0.159977
0.340501  -0.164249  -0.0651105  -0.164249  0.300475  0.0931417  -0.0651105  0.0931417  0.159963
0.340501  -0.164249  -0.0651105  -0.164249  0.300475  0.0931417  -0.0651105  0.0931417  0.159963
0.340626  -0.164389  -0.0651002  -0.164389  0.300561  0.0931386  -0.0651002  0.0931386  0.159944
0.340637  -0.164416  -0.0650956  -0.164416  0.300596  0.0931458  -0.0650956  0.0931458  0.159943
0.340763  -0.164556  -0.0650853  -0.164556  0.300683  0.0931427  -0.0650853  0.0931427  0.159924
0.340825  -0.164625  -0.0650802  -0.164625  0.300726  0.0931411  -0.0650802  0.0931411  0.159914
0.340857  -0.16466  -0.0650776  -0.16466  0.300748  0.0931404  -0.0650776  0.0931404  0.159909
0.340951  -0.164765  -0.0650699  -0.164765  0.300813  0.093138  -0.0650699  0.093138  0.159895
0.340951  -0.164765  -0.0650699  -0.164765  0.300813  0.093138  -0.0650699  0.093138  0.159895
0.341066  -0.164893  -0.0650372  -0.164893  0.300886  0.0931178  -0.0650372  0.0931178  0.159868
0.341129  -0.164963  -0.065032  -0.164963  0.30093  0.0931162  -0.065032  0.0931162  0.159859
0.341129  -0.164963  -0.065032  -0.164963  0.30093  0.0931162  -0.065032  0.0931162  0.159859
0.341224  -0.165068  -0.0650242  -0.165068  0.300996  0.0931138  -0.0650242  0.0931138  0.159844
0.341244  -0.165075  -0.0650263  -0.165075  0.300983  0.0931057  -0.0650263  0.0931057  0.159841
0.34135  -0.165208  -0.0650138  -0.165208  0.301083  0.0931105  -0.0650138  0.0931105  0.159826
0.341426  -0.16529  -0.065031  -0.16529  0.301141  0.0931259  -0.065031  0.0931259  0.159824
0.341426  -0.16529  -0.065031  -0.16529  0.301141  0.0931259  -0.065031  0.0931259  0.159824
0.341531  -0.165423  -0.0650185  -0.165423  0.301242  0.0931307  -0.0650185  0.0931307  0.159809
0.341531  -0.165423  -0.0650185  -0.165423  0.301242  0.0931307  -0.0650185  0.0931307  0.159809
0.341627  -0.165529  -0.0650107  -0.165529  0.301308  0.0931283  -0.0650107  0.0931283  0.159795
0.34169  -0.165599  -0.0650055  -0.165599  0.301352  0.0931266  -0.0650055  0.0931266  0.159785
0.34169  -0.165599  -0.0650055  -0.165599  0.301352  0.0931266  -0.0650055  0.0931266  0.159785
0.341798  -0.165716  -0.06502  -0.165716  0.301432  0.0931412  -0.06502  0.0931412  0.159779
0.341841  -0.16578  -0.0650127  -0.16578  0.301489  0.0931476  -0.0650127  0.0931476  0.159773
0.341841  -0.16578  -0.0650127  -0.16578  0.301489  0.0931476  -0.0650127  0.0931476  0.159773
0.341915  -0.165878  -0.0650028  -0.165878  0.301568  0.0931532  -0.0650028  0.0931532  0.159763
0.341936  -0.165885  -0.0650049  -0.165885  0.301555  0.0931451  -0.0650049  0.0931451  0.159759
0.342011  -0.165984  -0.0649949  -0.165984  0.301634  0.0931507  -0.0649949  0.0931507  0.159749
0.342011  -0.165984  -0.0649949  -0.165984  0.301634  0.0931507  -0.0649949  0.0931507  0.159749
0.342086  -0.166083  -0.064985  -0.166083  0.301713  0.0931563  -0.064985  0.0931563  0.159739
0.342129  -0.166146  -0.0649777  -0.166146  0.301771  0.0931627  -0.0649777  0.0931627  0.159733
0.342129  -0.166146  -0.0649777  -0.166146  0.301771  0.0931627  -0.0649777  0.0931627  0.159733
0.342172  -0.16621  -0.0649703  -0.16621  0.301828  0.0931691  -0.0649703  0.0931691  0.159728
0.342193  -0.166217  -0.0649724  -0.166217  0.301815  0.093161  -0.0649724  0.093161  0.159724
0.342236  -0.16628  -0.0649651  -0.16628  0.301872  0.0931674  -0.0649651  0.0931674  0.159718
0.342279  -0.166344  -0.0649577  -0.166344  0.301929  0.0931738  -0.0649577  0.0931738  0.159713
0.342279  -0.166344  -0.0649577  -0.166344  0.301929  0.0931738  -0.0649577  0.0931738  0.159713
0.342355  -0.166427  -0.0649749  -0.166427  0.301988  0.0931893  -0.0649749  0.0931893  0.159711
0.342387  -0.166462  -0.0649723  -0.166462  0.30201  0.0931884  -0.0649723  0.0931884  0.159707
0.342387  -0.166462  -0.0649723  -0.166462  0.30201  0.0931884  -0.0649723  0.0931884  0.159707
0.342452  -0.166533  -0.064967  -0.166533  0.302055  0.0931867  -0.064967  0.0931867  0.159697
0.342452  -0.166533  -0.064967  -0.166533  0.302055  0.0931867  -0.064967  0.0931867  0.159697
0.342484  -0.166568  -0.0649644  -0.166568  0.302077  0.0931858  -0.0649644  0.0931858  0.159692
0.342482  -0.166584  -0.0649371  -0.166584  0.302098  0.0931759  -0.0649371  0.0931759  0.159684
0.342536  -0.166627  -0.0649365  -0.166627  0.302108  0.093167  -0.0649365  0.093167  0.159675
0.342547  -0.166655  -0.0649318  -0.166655  0.302143  0.0931742  -0.0649318  0.0931742  0.159674
0.342547  -0.166655  -0.0649318  -0.166655  0.302143  0.0931742  -0.0649318  0.0931742  0.159674
0.3426  -0.166698  -0.0649312  -0.166698  0.302152  0.0931652  -0.0649312  0.0931652  0.159666
0.342611  -0.166726  -0.0649265  -0.166726  0.302187  0.0931725  -0.0649265  0.0931725  0.159665
0.342643  -0.166762  -0.0649239  -0.166762  0.30221  0.0931716  -0.0649239  0.0931716  0.15966
0.342654  -0.16679  -0.0649191  -0.16679  0.302245  0.0931789  -0.0649191  0.0931789  0.159659
0.342676  -0.166797  -0.0649212  -0.166797  0.302232  0.0931707  -0.0649212  0.0931707  0.159655
0.342708  -0.166832  -0.0649185  -0.166832  0.302254  0.0931699  -0.0649185  0.0931699  0.159651
0.342708  -0.166832  -0.0649185  -0.166832  0.302254  0.0931699  -0.0649185  0.0931699  0.159651
0.34274  -0.166868  -0.0649159  -0.166868  0.302277  0.093169  -0.0649159  0.093169  0.159646
0.342772  -0.166903  -0.0649132  -0.166903  0.302299  0.0931681  -0.0649132  0.0931681  0.159641
0.342772  -0.166903  -0.0649132  -0.166903  0.302299  0.0931681  -0.0649132  0.0931681  0.159641
0.342805  -0.166939  -0.0649105  -0.166939  0.302322  0.0931673  -0.0649105  0.0931673  0.159637
0.342805  -0.166939  -0.0649105  -0.166939  0.302322  0.0931673  -0.0649105  0.0931673  0.159637
0.342826  -0.166946  -0.0649126  -0.166946  0.302309  0.0931591  -0.0649126  0.0931591  0.159633
0.342837  -0.166974  -0.0649079  -0.166974  0.302344  0.0931664  -0.0649079  0.0931664  0.159632
0.342837  -0.166974  -0.0649079  -0.166974  0.302344  0.0931664  -0.0649079  0.0931664  0.159632
0.342858  -0.166982  -0.0649099  -0.166982  0.302331  0.0931583  -0.0649099  0.0931583  0.159628
0.342858  -0.166982  -0.0649099  -0.166982  0.302331  0.0931583  -0.0649099  0.0931583  0.159628
0.342891  -0.167017  -0.0649072  -0.167017  0.302354  0.0931574  -0.0649072  0.0931574  0.159623
0.342912  -0.167024  -0.0649093  -0.167024  0.302341  0.0931492  -0.0649093  0.0931492  0.159619
0.342912  -0.167024  -0.0649093  -0.167024  0.302341  0.0931492  -0.0649093  0.0931492  0.159619
0.342923  -0.167053  -0.0649046  -0.167053  0.302376  0.0931565  -0.0649046  0.0931565  0.159619
0.342944  -0.16706  -0.0649066  -0.16706  0.302363  0.0931484  -0.0649066  0.0931484  0.159615
0.342944  -0.16706  -0.0649066  -0.16706  0.302363  0.0931484  -0.0649066  0.0931484  0.159615
0.342944  -0.16706  -0.0649066  -0.16706  0.302363  0.0931484  -0.0649066  0.0931484  0.159615
0.342966  -0.167067  -0.0649086  -0.167067  0.30235  0.0931402  -0.0649086  0.0931402  0.159611
0.342987  -0.167074  -0.0649107  -0.167074  0.302338  0.0931321  -0.0649107  0.0931321  0.159607
0.342987  -0.167074  -0.0649107  -0.167074  0.302338  0.0931321  -0.0649107  0.0931321  0.159607
0.343008  -0.167081  -0.0649127  -0.167081  0.302325  0.093124  -0.0649127  0.093124  0.159603
0.343008  -0.167081  -0.0649127  -0.167081  0.302325  0.093124  -0.0649127  0.093124  0.159603
0.34303  -0.167088  -0.0649147  -0.167088  0.302312  0.0931159  -0.0649147  0.0931159  0.159599
0.34303  -0.167088  -0.0649147  -0.167088  0.302312  0.0931159  -0.0649147  0.0931159  0.159599
0.34303  -0.167088  -0.0649147  -0.167088  0.302312  0.0931159  -0.0649147  0.0931159  0.159599
0.343051  -0.167096  -0.0649168  -0.167096  0.302299  0.0931077  -0.0649168  0.0931077  0.159595
0.343051  -0.167096  -0.0649168  -0.167096  0.302299  0.0931077  -0.0649168  0.0931077  0.159595
0.343085  -0.167115  -0.0649414  -0.167115  0.302301  0.0931168  -0.0649414  0.0931168  0.159599
0.343085  -0.167115  -0.0649414  -0.167115  0.302301  0.0931168  -0.0649414  0.0931168  0.159599
0.343085  -0.167115  -0.0649414  -0.167115  0.302301  0.0931168  -0.0649414  0.0931168  0.159599
0.343095  -0.167094  -0.0649481  -0.167094  0.302253  0.0931014  -0.0649481  0.0931014  0.159596
0.343095  -0.167094  -0.0649481  -0.167094  0.302253  0.0931014  -0.0649481  0.0931014  0.159596
0.343117  -0.167101  -0.0649502  -0.167101  0.30224  0.0930933  -0.0649502  0.0930933  0.159592
0.343117  -0.167101  -0.0649502  -0.167101  0.30224  0.0930933  -0.0649502  0.0930933  0.159592
0.343117  -0.167101  -0.0649502  -0.167101  0.30224  0.0930933  -0.0649502  0.0930933  0.159592
0.343138  -0.167108  -0.0649522  -0.167108  0.302227  0.0930852  -0.0649522  0.0930852  0.159588
0.343138  -0.167108  -0.0649522  -0.167108  0.302227  0.0930852  -0.0649522  0.0930852  0.159588
0.343159  -0.167115  -0.0649542  -0.167115  0.302214  0.093077  -0.0649542  0.093077  0.159584
0.343148  -0.167087  -0.0649589  -0.167087  0.302179  0.0930698  -0.0649589  0.0930698  0.159585
0.343148  -0.167087  -0.0649589  -0.167087  0.302179  0.0930698  -0.0649589  0.0930698  0.159585
0.343148  -0.167087  -0.0649589  -0.167087  0.302179  0.0930698  -0.0649589  0.0930698  0.159585
0.34317  -0.167094  -0.064961  -0.167094  0.302166  0.0930617  -0.064961  0.0930617  0.159581
0.34317  -0.167094  -0.064961  -0.167094  0.302166  0.0930617  -0.064961  0.0930617  0.159581
0.34317  -0.167094  -0.064961  -0.167094  0.302166  0.0930617  -0.064961  0.0930617  0.159581
0.343191  -0.167101  -0.064963  -0.167101  0.302153  0.0930535  -0.064963  0.0930535  0.159577
0.343191  -0.167101  -0.064963  -0.167101  0.302153  0.0930535  -0.064963  0.0930535  0.159577
0.343203  -0.167113  -0.0649856  -0.167113  0.302168  0.0930707  -0.0649856  0.0930707  0.159585
0.343203  -0.167113  -0.0649856  -0.167113  0.302168  0.0930707  -0.0649856  0.0930707  0.159585
0.343203  -0.167113  -0.0649856  -0.167113  0.302168  0.0930707  -0.0649856  0.0930707  0.159585
0.343225  -0.16712  -0.0649876  -0.16712  0.302155  0.0930626  -0.0649876  0.0930626  0.159581
0.343225  -0.16712  -0.0649876  -0.16712  0.302155  0.0930626  -0.0649876  0.0930626  0.159581
0.343234  -0.167115  -0.0649671  -0.167115  0.302128  0.0930373  -0.0649671  0.0930373  0.159569
0.343234  -0.167115  -0.0649671  -0.167115  0.302128  0.0930373  -0.0649671  0.0930373  0.159569
0.343234  -0.167115  -0.0649671  -0.167115  0.302128  0.0930373  -0.0649671  0.0930373  0.159569
0.343255  -0.167122  -0.0649691  -0.167122  0.302115  0.0930292  -0.0649691  0.0930292  0.159565
0.343255  -0.167122  -0.0649691  -0.167122  0.302115  0.0930292  -0.0649691  0.0930292  0.159565
0.343277  -0.167129  -0.0649711  -0.167129  0.302102  0.093021  -0.0649711  0.093021  0.159561
0.343277  -0.167129  -0.0649711  -0.167129  0.302102  0.093021  -0.0649711  0.093021  0.159561
0.343277  -0.167129  -0.0649711  -0.167129  0.302102  0.093021  -0.0649711  0.093021  0.159561
0.343298  -0.167137  -0.0649732  -0.167137  0.302089  0.0930129  -0.0649732  0.0930129  0.159558
0.34331  -0.167149  -0.0649958  -0.167149  0.302104  0.0930301  -0.0649958  0.0930301  0.159565
0.34331  -0.167149  -0.0649958  -0.167149  0.302104  0.0930301  -0.0649958  0.0930301  0.159565
0.343332  -0.167156  -0.0649978  -0.167156  0.302091  0.0930219  -0.0649978  0.0930219  0.159562
0.343344  -0.167168  -0.0650204  -0.167168  0.302105  0.0930391  -0.0650204  0.0930391  0.159569
0.343344  -0.167168  -0.0650204  -0.167168  0.302105  0.0930391  -0.0650204  0.0930391  0.159569
0.343344  -0.167168  -0.0650204  -0.167168  0.302105  0.0930391  -0.0650204  0.0930391  0.159569
0.343353  -0.167163  -0.0649998  -0.167163  0.302078  0.0930138  -0.0649998  0.0930138  0.159558
0.343353  -0.167163  -0.0649998  -0.167163  0.302078  0.0930138  -0.0649998  0.0930138  0.159558
0.343353  -0.167163  -0.0649998  -0.167163  0.302078  0.0930138  -0.0649998  0.0930138  0.159558
0.343362  -0.167158  -0.0649792  -0.167158  0.302051  0.0929885  -0.0649792  0.0929885  0.159546
0.343362  -0.167158  -0.0649792  -0.167158  0.302051  0.0929885  -0.0649792  0.0929885  0.159546
0.343362  -0.167158  -0.0649792  -0.167158  0.302051  0.0929885  -0.0649792  0.0929885  0.159546
0.34335  -0.167146  -0.0649566  -0.167146  0.302037  0.0929713  -0.0649566  0.0929713  0.159538
0.343371  -0.167153  -0.0649587  -0.167153  0.302024  0.0929632  -0.0649587  0.0929632  0.159534
0.34338  -0.167148  -0.0649381  -0.167148  0.301997  0.0929379  -0.0649381  0.0929379  0.159522
0.34338  -0.167148  -0.0649381  -0.167148  0.301997  0.0929379  -0.0649381  0.0929379  0.159522
0.34338  -0.167148  -0.0649381  -0.167148  0.301997  0.0929379  -0.0649381  0.0929379  0.159522
0.34338  -0.167148  -0.0649381  -0.167148  0.301997  0.0929379  -0.0649381  0.0929379  0.159522
0.343413  -0.167183  -0.0649354  -0.167183  0.302019  0.092937  -0.0649354  0.092937  0.159518
0.343425  -0.167196  -0.064958  -0.167196  0.302033  0.0929542  -0.064958  0.0929542  0.159525
0.343425  -0.167196  -0.064958  -0.167196  0.302033  0.0929542  -0.064958  0.0929542  0.159525
0.343447  -0.167203  -0.06496  -0.167203  0.302021  0.092946  -0.06496  0.092946  0.159521
0.343447  -0.167203  -0.06496  -0.167203  0.302021  0.092946  -0.06496  0.092946  0.159521
0.343447  -0.167203  -0.06496  -0.167203  0.302021  0.092946  -0.06496  0.092946  0.159521
0.343468  -0.16721  -0.064962  -0.16721  0.302008  0.0929379  -0.064962  0.0929379  0.159518
0.343468  -0.16721  -0.064962  -0.16721  0.302008  0.0929379  -0.064962  0.0929379  0.159518
0.343468  -0.16721  -0.064962  -0.16721  0.302008  0.0929379  -0.064962  0.0929379  0.159518
0.343468  -0.16721  -0.064962  -0.16721  0.302008  0.0929379  -0.064962  0.0929379  0.159518
0.343489  -0.167217  -0.0649641  -0.167217  0.301995  0.0929298  -0.0649641  0.0929298  0.159514
0.343489  -0.167217  -0.0649641  -0.167217  0.301995  0.0929298  -0.0649641  0.0929298  0.159514
0.343489  -0.167217  -0.0649641  -0.167217  0.301995  0.0929298  -0.0649641  0.0929298  0.159514
0.343511  -0.167224  -0.0649661  -0.167224  0.301982  0.0929217  -0.0649661  0.0929217  0.15951
0.343511  -0.167224  -0.0649661  -0.167224  0.301982  0.0929217  -0.0649661  0.0929217  0.15951
0.343535  -0.167265  -0.064984  -0.167265  0.302032  0.0929461  -0.064984  0.0929461  0.159517
0.343535  -0.167265  -0.064984  -0.167265  0.302032  0.0929461  -0.064984  0.0929461  0.159517
0.343556  -0.167272  -0.064986  -0.167272  0.302019  0.0929379  -0.064986  0.0929379  0.159513
0.343556  -0.167272  -0.064986  -0.167272  0.302019  0.0929379  -0.064986  0.0929379  0.159513
0.343556  -0.167272  -0.064986  -0.167272  0.302019  0.0929379  -0.064986  0.0929379  0.159513
0.343556  -0.167272  -0.064986  -0.167272  0.302019  0.0929379  -0.064986  0.0929379  0.159513
0.343556  -0.167272  -0.064986  -0.167272  0.302019  0.0929379  -0.064986  0.0929379  0.159513
0.34359  -0.167291  -0.0650106  -0.167291  0.30202  0.092947  -0.0650106  0.092947  0.159517
0.343601  -0.16732  -0.0650059  -0.16732  0.302056  0.0929542  -0.0650059  0.0929542  0.159516
0.343601  -0.16732  -0.0650059  -0.16732  0.302056  0.0929542  -0.0650059  0.0929542  0.159516
0.343623  -0.167327  -0.0650079  -0.167327  0.302043  0.0929461  -0.0650079  0.0929461  0.159512
0.343623  -0.167327  -0.0650079  -0.167327  0.302043  0.0929461  -0.0650079  0.0929461  0.159512
0.343644  -0.167334  -0.06501  -0.167334  0.30203  0.0929379  -0.06501  0.0929379  0.159508
0.343644  -0.167334  -0.06501  -0.167334  0.30203  0.0929379  -0.06501  0.0929379  0.159508
0.343644  -0.167334  -0.06501  -0.167334  0.30203  0.0929379  -0.06501  0.0929379  0.159508
0.343632  -0.167322  -0.0649873  -0.167322  0.302016  0.0929207  -0.0649873  0.0929207  0.1595
0.343632  -0.167322  -0.0649873  -0.167322  0.302016  0.0929207  -0.0649873  0.0929207  0.1595
0.343653  -0.167329  -0.0649893  -0.167329  0.302003  0.0929126  -0.0649893  0.0929126  0.159497
0.343653  -0.167329  -0.0649893  -0.167329  0.302003  0.0929126  -0.0649893  0.0929126  0.159497
0.343653  -0.167329  -0.0649893  -0.167329  0.302003  0.0929126  -0.0649893  0.0929126  0.159497
0.343653  -0.167329  -0.0649893  -0.167329  0.302003  0.0929126  -0.0649893  0.0929126  0.159497
0.343653  -0.167329  -0.0649893  -0.167329  0.302003  0.0929126  -0.0649893  0.0929126  0.159497
0.343674  -0.167336  -0.0649914  -0.167336  0.30199  0.0929045  -0.0649914  0.0929045  0.159493
0.343674  -0.167336  -0.0649914  -0.167336  0.30199  0.0929045  -0.0649914  0.0929045  0.159493
0.343674  -0.167336  -0.0649914  -0.167336  0.30199  0.0929045  -0.0649914  0.0929045  0.159493
0.343696  -0.167343  -0.0649934  -0.167343  0.301977  0.0928963  -0.0649934  0.0928963  0.159489
0.343696  -0.167343  -0.0649934  -0.167343  0.301977  0.0928963  -0.0649934  0.0928963  0.159489
0.343717  -0.16735  -0.0649954  -0.16735  0.301964  0.0928882  -0.0649954  0.0928882  0.159485
0.343705  -0.167338  -0.0649728  -0.167338  0.30195  0.092871  -0.0649728  0.092871  0.159477
0.343705  -0.167338  -0.0649728  -0.167338  0.30195  0.092871  -0.0649728  0.092871  0.159477
0.343738  -0.167374  -0.06497  -0.167374  0.301973  0.0928701  -0.06497  0.0928701  0.159472
0.343738  -0.167374  -0.06497  -0.167374  0.301973  0.0928701  -0.06497  0.0928701  0.159472
0.343759  -0.167381  -0.0649721  -0.167381  0.30196  0.092862  -0.0649721  0.092862  0.159468
0.343781  -0.167388  -0.0649741  -0.167388  0.301947  0.0928538  -0.0649741  0.0928538  0.159464
0.343781  -0.167388  -0.0649741  -0.167388  0.301947  0.0928538  -0.0649741  0.0928538  0.159464
0.343793  -0.1674  -0.0649967  -0.1674  0.301961  0.092871  -0.0649967  0.092871  0.159472
0.343793  -0.1674  -0.0649967  -0.1674  0.301961  0.092871  -0.0649967  0.092871  0.159472
0.343826  -0.167436  -0.064994  -0.167436  0.301984  0.0928701  -0.064994  0.0928701  0.159468
0.343847  -0.167443  -0.064996  -0.167443  0.301971  0.092862  -0.064996  0.092862  0.159464
0.343847  -0.167443  -0.064996  -0.167443  0.301971  0.092862  -0.064996  0.092862  0.159464
0.343869  -0.16745  -0.064998  -0.16745  0.301958  0.0928538  -0.064998  0.0928538  0.15946
0.343869  -0.16745  -0.064998  -0.16745  0.301958  0.0928538  -0.064998  0.0928538  0.15946
0.34389  -0.167457  -0.065  -0.167457  0.301945  0.0928457  -0.065  0.0928457  0.159456
0.34389  -0.167457  -0.065  -0.167457  0.301945  0.0928457  -0.065  0.0928457  0.159456
0.343879  -0.167429  -0.0650047  -0.167429  0.30191  0.0928385  -0.0650047  0.0928385  0.159457
0.343901  -0.167436  -0.0650067  -0.167436  0.301897  0.0928303  -0.0650067  0.0928303  0.159453
0.343901  -0.167436  -0.0650067  -0.167436  0.301897  0.0928303  -0.0650067  0.0928303  0.159453
0.343922  -0.167443  -0.0650087  -0.167443  0.301884  0.0928222  -0.0650087  0.0928222  0.159449
0.343922  -0.167443  -0.0650087  -0.167443  0.301884  0.0928222  -0.0650087  0.0928222  0.159449
0.343944  -0.16745  -0.0650108  -0.16745  0.301872  0.0928141  -0.0650108  0.0928141  0.159445
0.343965  -0.167457  -0.0650128  -0.167457  0.301859  0.0928059  -0.0650128  0.0928059  0.159441
0.343965  -0.167457  -0.0650128  -0.167457  0.301859  0.0928059  -0.0650128  0.0928059  0.159441
0.343987  -0.167464  -0.0650148  -0.167464  0.301846  0.0927978  -0.0650148  0.0927978  0.159437
0.343987  -0.167464  -0.0650148  -0.167464  0.301846  0.0927978  -0.0650148  0.0927978  0.159437
0.343997  -0.167443  -0.0650215  -0.167443  0.301798  0.0927824  -0.0650215  0.0927824  0.159434
0.343997  -0.167443  -0.0650215  -0.167443  0.301798  0.0927824  -0.0650215  0.0927824  0.159434
0.343997  -0.167443  -0.0650215  -0.167443  0.301798  0.0927824  -0.0650215  0.0927824  0.159434
0.344019  -0.16745  -0.0650235  -0.16745  0.301785  0.0927743  -0.0650235  0.0927743  0.15943
0.344019  -0.16745  -0.0650235  -0.16745  0.301785  0.0927743  -0.0650235  0.0927743  0.15943
0.34404  -0.167457  -0.0650255  -0.167457  0.301772  0.0927661  -0.0650255  0.0927661  0.159426
0.344051  -0.167436  -0.0650322  -0.167436  0.301724  0.0927508  -0.0650322  0.0927508  0.159423
0.344051  -0.167436  -0.0650322  -0.167436  0.301724  0.0927508  -0.0650322  0.0927508  0.159423
0.344072  -0.167443  -0.0650342  -0.167443  0.301711  0.0927426  -0.0650342  0.0927426  0.159419
0.344072  -0.167443  -0.0650342  -0.167443  0.301711  0.0927426  -0.0650342  0.0927426  0.159419
0.344061  -0.167414  -0.0650389  -0.167414  0.301676  0.0927354  -0.0650389  0.0927354  0.15942
0.344083  -0.167421  -0.0650409  -0.167421  0.301663  0.0927273  -0.0650409  0.0927273  0.159416
0.344083  -0.167421  -0.0650409  -0.167421  0.301663  0.0927273  -0.0650409  0.0927273  0.159416
0.344071  -0.167393  -0.0650456  -0.167393  0.301628  0.0927201  -0.0650456  0.0927201  0.159417
0.344071  -0.167393  -0.0650456  -0.167393  0.301628  0.0927201  -0.0650456  0.0927201  0.159417
0.344093  -0.1674  -0.0650476  -0.1674  0.301615  0.0927119  -0.0650476  0.0927119  0.159413
0.344105  -0.167412  -0.0650703  -0.167412  0.30163  0.0927291  -0.0650703  0.0927291  0.159421
0.344105  -0.167412  -0.0650703  -0.167412  0.30163  0.0927291  -0.0650703  0.0927291  0.159421
0.344116  -0.167391  -0.065077  -0.167391  0.301582  0.0927137  -0.065077  0.0927137  0.159418
0.344116  -0.167391  -0.065077  -0.167391  0.301582  0.0927137  -0.065077  0.0927137  0.159418
0.344116  -0.167391  -0.065077  -0.167391  0.301582  0.0927137  -0.065077  0.0927137  0.159418
0.344137  -0.167398  -0.065079  -0.167398  0.301569  0.0927056  -0.065079  0.0927056  0.159414
0.344137  -0.167398  -0.065079  -0.167398  0.301569  0.0927056  -0.065079  0.0927056  0.159414
0.344137  -0.167398  -0.065079  -0.167398  0.301569  0.0927056  -0.065079  0.0927056  0.159414
0.344137  -0.167398  -0.065079  -0.167398  0.301569  0.0927056  -0.065079  0.0927056  0.159414
0.344172  -0.167417  -0.0651036  -0.167417  0.30157  0.0927146  -0.0651036  0.0927146  0.159418
0.344172  -0.167417  -0.0651036  -0.167417  0.30157  0.0927146  -0.0651036  0.0927146  0.159418
0.344172  -0.167417  -0.0651036  -0.167417  0.30157  0.0927146  -0.0651036  0.0927146  0.159418
0.344193  -0.167424  -0.0651056  -0.167424  0.301557  0.0927065  -0.0651056  0.0927065  0.159414
0.344193  -0.167424  -0.0651056  -0.167424  0.301557  0.0927065  -0.0651056  0.0927065  0.159414
0.344193  -0.167424  -0.0651056  -0.167424  0.301557  0.0927065  -0.0651056  0.0927065  0.159414
0.344206  -0.167437  -0.0651283  -0.167437  0.301572  0.0927237  -0.0651283  0.0927237  0.159422
0.344206  -0.167437  -0.0651283  -0.167437  0.301572  0.0927237  -0.0651283  0.0927237  0.159422
0.344206  -0.167437  -0.0651283  -0.167437  0.301572  0.0927237  -0.0651283  0.0927237  0.159422
0.344206  -0.167437  -0.0651283  -0.167437  0.301572  0.0927237  -0.0651283  0.0927237  0.159422
0.344227  -0.167444  -0.0651303  -0.167444  0.301559  0.0927155  -0.0651303  0.0927155  0.159418
0.344239  -0.167472  -0.0651256  -0.167472  0.301594  0.0927228  -0.0651256  0.0927228  0.159417
0.344239  -0.167472  -0.0651256  -0.167472  0.301594  0.0927228  -0.0651256  0.0927228  0.159417
0.344239  -0.167472  -0.0651256  -0.167472  0.301594  0.0927228  -0.0651256  0.0927228  0.159417
0.344239  -0.167472  -0.0651256  -0.167472  0.301594  0.0927228  -0.0651256  0.0927228  0.159417
0.344226  -0.16746  -0.0651029  -0.16746  0.30158  0.0927056  -0.0651029  0.0927056  0.159409
0.344226  -0.16746  -0.0651029  -0.16746  0.30158  0.0927056  -0.0651029  0.0927056  0.159409
0.344226  -0.16746  -0.0651029  -0.16746  0.30158  0.0927056  -0.0651029  0.0927056  0.159409
0.344226  -0.16746  -0.0651029  -0.16746  0.30158  0.0927056  -0.0651029  0.0927056  0.159409
0.344226  -0.16746  -0.0651029  -0.16746  0.30158  0.0927056  -0.0651029  0.0927056  0.159409
0.344247  -0.167467  -0.0651049  -0.167467  0.301567  0.0926974  -0.0651049  0.0926974  0.159405
0.344247  -0.167467  -0.0651049  -0.167467  0.301567  0.0926974  -0.0651049  0.0926974  0.159405
0.344247  -0.167467  -0.0651049  -0.167467  0.301567  0.0926974  -0.0651049  0.0926974  0.159405
0.344247  -0.167467  -0.0651049  -0.167467  0.301567  0.0926974  -0.0651049  0.0926974  0.159405
0.344247  -0.167467  -0.0651049  -0.167467  0.301567  0.0926974  -0.0651049  0.0926974  0.159405
0.344247  -0.167467  -0.0651049  -0.167467  0.301567  0.0926974  -0.0651049  0.0926974  0.159405
0.344247  -0.167467  -0.0651049  -0.167467  0.301567  0.0926974  -0.0651049  0.0926974  0.159405
0.344269  -0.167474  -0.0651069  -0.167474  0.301554  0.0926893  -0.0651069  0.0926893  0.159401
0.344269  -0.167474  -0.0651069  -0.167474  0.301554  0.0926893  -0.0651069  0.0926893  0.159401
0.344269  -0.167474  -0.0651069  -0.167474  0.301554  0.0926893  -0.0651069  0.0926893  0.159401
0.344256  -0.167462  -0.0650842  -0.167462  0.30154  0.0926721  -0.0650842  0.0926721  0.159393
0.344256  -0.167462  -0.0650842  -0.167462  0.30154  0.0926721  -0.0650842  0.0926721  0.159393
0.344256  -0.167462  -0.0650842  -0.167462  0.30154  0.0926721  -0.0650842  0.0926721  0.159393
0.344256  -0.167462  -0.0650842  -0.167462  0.30154  0.0926721  -0.0650842  0.0926721  0.159393
0.344256  -0.167462  -0.0650842  -0.167462  0.30154  0.0926721  -0.0650842  0.0926721  0.159393
0.344256  -0.167462  -0.0650842  -0.167462  0.30154  0.0926721  -0.0650842  0.0926721  0.159393
0.344256  -0.167462  -0.0650842  -0.167462  0.30154  0.0926721  -0.0650842  0.0926721  0.159393
0.344256  -0.167462  -0.0650842  -0.167462  0.30154  0.0926721  -0.0650842  0.0926721  0.159393
0.344256  -0.167462  -0.0650842  -0.167462  0.30154  0.0926721  -0.0650842  0.0926721  0.159393
0.344256  -0.167462  -0.0650842  -0.167462  0.30154  0.0926721  -0.0650842  0.0926721  0.159393
0.344256  -0.167462  -0.0650842  -0.167462  0.30154  0.0926721  -0.0650842  0.0926721  0.159393
0.344278  -0.167469  -0.0650862  -0.167469  0.301527  0.092664  -0.0650862  0.092664  0.159389
0.344278  -0.167469  -0.0650862  -0.167469  0.301527  0.092664  -0.0650862  0.092664  0.159389
0.344278  -0.167469  -0.0650862  -0.167469  0.301527  0.092664  -0.0650862  0.092664  0.159389
0.344278  -0.167469  -0.0650862  -0.167469  0.301527  0.092664  -0.0650862  0.092664  0.159389
0.344278  -0.167469  -0.0650862  -0.167469  0.301527  0.092664  -0.0650862  0.092664  0.159389
0.3443  -0.167476  -0.0650882  -0.167476  0.301514  0.0926558  -0.0650882  0.0926558  0.159386
0.3443  -0.167476  -0.0650882  -0.167476  0.301514  0.0926558  -0.0650882  0.0926558  0.159386
0.3443  -0.167476  -0.0650882  -0.167476  0.301514  0.0926558  -0.0650882  0.0926558  0.159386
0.3443  -0.167476  -0.0650882  -0.167476  0.301514  0.0926558  -0.0650882  0.0926558  0.159386
0.3443  -0.167476  -0.0650882  -0.167476  0.301514  0.0926558  -0.0650882  0.0926558  0.159386
0.344334  -0.167495  -0.0651129  -0.167495  0.301516  0.0926649  -0.0651129  0.0926649  0.15939
0.344334  -0.167495  -0.0651129  -0.167495  0.301516  0.0926649  -0.0651129  0.0926649  0.15939
0.344334  -0.167495  -0.0651129  -0.167495  0.301516  0.0926649  -0.0651129  0.0926649  0.15939
0.344355  -0.167503  -0.0651149  -0.167503  0.301503  0.0926567  -0.0651149  0.0926567  0.159386
0.344355  -0.167503  -0.0651149  -0.167503  0.301503  0.0926567  -0.0651149  0.0926567  0.159386
0.344355  -0.167503  -0.0651149  -0.167503  0.301503  0.0926567  -0.0651149  0.0926567  0.159386
0.344355  -0.167503  -0.0651149  -0.167503  0.301503  0.0926567  -0.0651149  0.0926567  0.159386
0.344355  -0.167503  -0.0651149  -0.167503  0.301503  0.0926567  -0.0651149  0.0926567  0.159386
0.344377  -0.16751  -0.0651169  -0.16751  0.30149  0.0926486  -0.0651169  0.0926486  0.159382
0.344377  -0.16751  -0.0651169  -0.16751  0.30149  0.0926486  -0.0651169  0.0926486  0.159382
0.344388  -0.167538  -0.0651122  -0.167538  0.301525  0.0926558  -0.0651122  0.0926558  0.159381
0.34441  -0.167545  -0.0651142  -0.167545  0.301512  0.0926477  -0.0651142  0.0926477  0.159377
0.34441  -0.167545  -0.0651142  -0.167545  0.301512  0.0926477  -0.0651142  0.0926477  0.159377
0.34441  -0.167545  -0.0651142  -0.167545  0.301512  0.0926477  -0.0651142  0.0926477  0.159377
0.34441  -0.167545  -0.0651142  -0.167545  0.301512  0.0926477  -0.0651142  0.0926477  0.159377
0.34441  -0.167545  -0.0651142  -0.167545  0.301512  0.0926477  -0.0651142  0.0926477  0.159377
0.344432  -0.167552  -0.0651162  -0.167552  0.3015  0.0926395  -0.0651162  0.0926395  0.159373
0.344432  -0.167552  -0.0651162  -0.167552  0.3015  0.0926395  -0.0651162  0.0926395  0.159373
0.344443  -0.167581  -0.0651114  -0.167581  0.301535  0.0926467  -0.0651114  0.0926467  0.159372
0.344443  -0.167581  -0.0651114  -0.167581  0.301535  0.0926467  -0.0651114  0.0926467  0.159372
0.344443  -0.167581  -0.0651114  -0.167581  0.301535  0.0926467  -0.0651114  0.0926467  0.159372
0.344454  -0.16761  -0.0651067  -0.16761  0.30157  0.0926539  -0.0651067  0.0926539  0.159372
0.344454  -0.16761  -0.0651067  -0.16761  0.30157  0.0926539  -0.0651067  0.0926539  0.159372
0.344454  -0.16761  -0.0651067  -0.16761  0.30157  0.0926539  -0.0651067  0.0926539  0.159372
0.344454  -0.16761  -0.0651067  -0.16761  0.30157  0.0926539  -0.0651067  0.0926539  0.159372
0.344454  -0.16761  -0.0651067  -0.16761  0.30157  0.0926539  -0.0651067  0.0926539  0.159372
0.344465  -0.167638  -0.065102  -0.167638  0.301605  0.0926611  -0.065102  0.0926611  0.159371
0.344465  -0.167638  -0.065102  -0.167638  0.301605  0.0926611  -0.065102  0.0926611  0.159371
0.344465  -0.167638  -0.065102  -0.167638  0.301605  0.0926611  -0.065102  0.0926611  0.159371
0.344465  -0.167638  -0.065102  -0.167638  0.301605  0.0926611  -0.065102  0.0926611  0.159371
0.344465  -0.167638  -0.065102  -0.167638  0.301605  0.0926611  -0.065102  0.0926611  0.159371
0.344465  -0.167638  -0.065102  -0.167638  0.301605  0.0926611  -0.065102  0.0926611  0.159371
0.344465  -0.167638  -0.065102  -0.167638  0.301605  0.0926611  -0.065102  0.0926611  0.159371
0.344465  -0.167638  -0.065102  -0.167638  0.301605  0.0926611  -0.065102  0.0926611  0.159371
0.344465  -0.167638  -0.065102  -0.167638  0.301605  0.0926611  -0.065102  0.0926611  0.159371
0.344465  -0.167638  -0.065102  -0.167638  0.301605  0.0926611  -0.065102  0.0926611  0.159371
0.344465  -0.167638  -0.065102  -0.167638  0.301605  0.0926611  -0.065102  0.0926611  0.159371
0.344465  -0.167638  -0.065102  -0.167638  0.301605  0.0926611  -0.065102  0.0926611  0.159371
0.344465  -0.167638  -0.065102  -0.167638  0.301605  0.0926611  -0.065102  0.0926611  0.159371
0.344465  -0.167638  -0.065102  -0.167638  0.301605  0.0926611  -0.065102  0.0926611  0.159371
0.344465  -0.167638  -0.065102  -0.167638  0.301605  0.0926611  -0.065102  0.0926611  0.159371
0.344465  -0.167638  -0.065102  -0.167638  0.301605  0.0926611  -0.065102  0.0926611  0.159371
0.344465  -0.167638  -0.065102  -0.167638  0.301605  0.0926611  -0.065102  0.0926611  0.159371
0.344465  -0.167638  -0.065102  -0.167638  0.301605  0.0926611  -0.065102  0.0926611  0.159371
0.344444  -0.167631  -0.0651  -0.167631  0.301618  0.0926693  -0.0651  0.0926693  0.159375
0.344444  -0.167631  -0.0651  -0.167631  0.301618  0.0926693  -0.0651  0.0926693  0.159375
0.344444  -0.167631  -0.0651  -0.167631  0.301618  0.0926693  -0.0651  0.0926693  0.159375
0.344444  -0.167631  -0.0651  -0.167631  0.301618  0.0926693  -0.0651  0.0926693  0.159375
0.344444  -0.167631  -0.0651  -0.167631  0.301618  0.0926693  -0.0651  0.0926693  0.159375
0.344444  -0.167631  -0.0651  -0.167631  0.301618  0.0926693  -0.0651  0.0926693  0.159375
0.344444  -0.167631  -0.0651  -0.167631  0.301618  0.0926693  -0.0651  0.0926693  0.159375
0.344444  -0.167631  -0.0651  -0.167631  0.301618  0.0926693  -0.0651  0.0926693  0.159375
0.344455  -0.16766  -0.0650953  -0.16766  0.301653  0.0926765  -0.0650953  0.0926765  0.159374
0.344455  -0.16766  -0.0650953  -0.16766  0.301653  0.0926765  -0.0650953  0.0926765  0.159374
0.344455  -0.16766  -0.0650953  -0.16766  0.301653  0.0926765  -0.0650953  0.0926765  0.159374
0.344455  -0.16766  -0.0650953  -0.16766  0.301653  0.0926765  -0.0650953  0.0926765  0.159374
0.344455  -0.16766  -0.0650953  -0.16766  0.301653  0.0926765  -0.0650953  0.0926765  0.159374
0.344455  -0.16766  -0.0650953  -0.16766  0.301653  0.0926765  -0.0650953  0.0926765  0.159374
0.344455  -0.16766  -0.0650953  -0.16766  0.301653  0.0926765  -0.0650953  0.0926765  0.159374
0.344455  -0.16766  -0.0650953  -0.16766  0.301653  0.0926765  -0.0650953  0.0926765  0.159374
0.344455  -0.16766  -0.0650953  -0.16766  0.301653  0.0926765  -0.0650953  0.0926765  0.159374
0.344455  -0.16766  -0.0650953  -0.16766  0.301653  0.0926765  -0.0650953  0.0926765  0.159374
0.344455  -0.16766  -0.0650953  -0.16766  0.301653  0.0926765  -0.0650953  0.0926765  0.159374
0.344455  -0.16766  -0.0650953  -0.16766  0.301653  0.0926765  -0.0650953  0.0926765  0.159374
0.344455  -0.16766  -0.0650953  -0.16766  0.301653  0.0926765  -0.0650953  0.0926765  0.159374
0.344455  -0.16766  -0.0650953  -0.16766  0.301653  0.0926765  -0.0650953  0.0926765  0.159374
0.344455  -0.16766  -0.0650953  -0.16766  0.301653  0.0926765  -0.0650953  0.0926765  0.159374
0.344455  -0.16766  -0.0650953  -0.16766  0.301653  0.0926765  -0.0650953  0.0926765  0.159374
