0.300735  -0.0836043  -0.0291414  -0.0836043  0.222013  0.0502045  -0.0291414  0.0502045  0.156967
0.300737  -0.083622  -0.0291492  -0.083622  0.222029  0.0502148  -0.0291492  0.0502148  0.156965
0.300733  -0.083622  -0.0292035  -0.083622  0.222059  0.0502482  -0.0292035  0.0502482  0.15697
0.300734  -0.0836256  -0.0292157  -0.0836256  0.222064  0.0502545  -0.0292157  0.0502545  0.156968
0.300732  -0.0836748  -0.0292816  -0.0836748  0.222148  0.0503186  -0.0292816  0.0503186  0.156973
0.300733  -0.0836784  -0.0292939  -0.0836784  0.222152  0.0503249  -0.0292939  0.0503249  0.156972
0.300736  -0.0837248  -0.0294005  -0.0837248  0.222228  0.050398  -0.0294005  0.050398  0.156969
0.300736  -0.0837248  -0.0294005  -0.0837248  0.222228  0.050398  -0.0294005  0.050398  0.156969
0.30074  -0.0837852  -0.0295029  -0.0837852  0.222314  0.0504751  -0.0295029  0.0504751  0.156965
0.300741  -0.0837888  -0.0295151  -0.0837888  0.222319  0.0504814  -0.0295151  0.0504814  0.156964
0.30074  -0.0838524  -0.0296308  -0.0838524  0.222433  0.0505774  -0.0296308  0.0505774  0.156969
0.300741  -0.083856  -0.029643  -0.083856  0.222438  0.0505837  -0.029643  0.0505837  0.156968
0.300735  -0.0839193  -0.0297593  -0.0839193  0.222563  0.050686  -0.0297593  0.050686  0.156977
0.300736  -0.0839229  -0.0297716  -0.0839229  0.222568  0.0506924  -0.0297716  0.0506924  0.156976
0.300733  -0.0839646  -0.0297593  -0.0839646  0.222624  0.0507168  -0.0297593  0.0507168  0.156983
0.300733  -0.0839646  -0.0297593  -0.0839646  0.222624  0.0507168  -0.0297593  0.0507168  0.156983
0.300723  -0.0839254  -0.0297857  -0.0839254  0.222618  0.0507234  -0.0297857  0.0507234  0.156993
0.300719  -0.0839251  -0.0297861  -0.0839251  0.22263  0.0507295  -0.0297861  0.0507295  0.156998
0.300697  -0.0838986  -0.0297559  -0.0838986  0.222661  0.0507372  -0.0297559  0.0507372  0.157025
0.300697  -0.0838986  -0.0297559  -0.0838986  0.222661  0.0507372  -0.0297559  0.0507372  0.157025
0.300675  -0.0838548  -0.0297713  -0.0838548  0.222685  0.0507559  -0.0297713  0.0507559  0.157051
0.300675  -0.0838548  -0.0297713  -0.0838548  0.222685  0.0507559  -0.0297713  0.0507559  0.157051
0.300668  -0.0838646  -0.0297556  -0.0838646  0.222715  0.0507658  -0.0297556  0.0507658  0.157061
0.300668  -0.0838646  -0.0297556  -0.0838646  0.222715  0.0507658  -0.0297556  0.0507658  0.157061
0.300668  -0.0838542  -0.0297722  -0.0838542  0.222708  0.0507682  -0.0297722  0.0507682  0.15706
0.30067  -0.0838511  -0.0298134  -0.0838511  0.222711  0.0507832  -0.0298134  0.0507832  0.157057
0.300673  -0.0838514  -0.029813  -0.0838514  0.2227  0.0507771  -0.029813  0.0507771  0.157053
0.300679  -0.083859  -0.0298371  -0.083859  0.222698  0.0507836  -0.0298371  0.0507836  0.157046
0.300679  -0.083859  -0.0298371  -0.083859  0.222698  0.0507836  -0.0298371  0.0507836  0.157046
0.300687  -0.0838843  -0.0298691  -0.0838843  0.222712  0.0508006  -0.0298691  0.0508006  0.157037
0.300688  -0.083888  -0.0298814  -0.083888  0.222716  0.050807  -0.0298814  0.050807  0.157036
0.300687  -0.0838843  -0.0298691  -0.0838843  0.222712  0.0508006  -0.0298691  0.0508006  0.157037
0.300687  -0.0838843  -0.0298691  -0.0838843  0.222712  0.0508006  -0.0298691  0.0508006  0.157037
0.300686  -0.0838596  -0.0298362  -0.0838596  0.222675  0.0507713  -0.0298362  0.0507713  0.157037
0.300686  -0.0838596  -0.0298362  -0.0838596  0.222675  0.0507713  -0.0298362  0.0507713  0.157037
0.300681  -0.0838099  -0.0297709  -0.0838099  0.222614  0.050719  -0.0297709  0.050719  0.157041
0.300681  -0.0838099  -0.0297709  -0.0838099  0.222614  0.050719  -0.0297709  0.050719  0.157041
0.300675  -0.0837776  -0.0297139  -0.0837776  0.22258  0.0506832  -0.0297139  0.0506832  0.157047
0.300675  -0.0837776  -0.0297139  -0.0837776  0.22258  0.0506832  -0.0297139  0.0506832  0.157047
0.300668  -0.0837313  -0.0296614  -0.0837313  0.222534  0.0506435  -0.0296614  0.0506435  0.157055
0.300668  -0.0837313  -0.0296614  -0.0837313  0.222534  0.0506435  -0.0296614  0.0506435  0.157055
0.300668  -0.0837102  -0.0296409  -0.0837102  0.222503  0.0506206  -0.0296409  0.0506206  0.157053
0.300667  -0.0837066  -0.0296286  -0.0837066  0.222498  0.0506143  -0.0296286  0.0506143  0.157055
0.300672  -0.0836895  -0.0296198  -0.0836895  0.22246  0.0505917  -0.0296198  0.0505917  0.157047
0.300672  -0.0836895  -0.0296198  -0.0836895  0.22246  0.0505917  -0.0296198  0.0505917  0.157047
0.300683  -0.0836903  -0.0296185  -0.0836903  0.222426  0.0505732  -0.0296185  0.0505732  0.157033
0.300683  -0.0836903  -0.0296185  -0.0836903  0.222426  0.0505732  -0.0296185  0.0505732  0.157033
0.300694  -0.0836948  -0.0296293  -0.0836948  0.222396  0.0505611  -0.0296293  0.0505611  0.157018
0.300694  -0.0836948  -0.0296293  -0.0836948  0.222396  0.0505611  -0.0296293  0.0505611  0.157018
0.300706  -0.0837097  -0.0296236  -0.0837097  0.222373  0.0505467  -0.0296236  0.0505467  0.157004
0.300706  -0.0837097  -0.0296236  -0.0837097  0.222373  0.0505467  -0.0296236  0.0505467  0.157004
0.30071  -0.08371  -0.0296231  -0.08371  0.222362  0.0505406  -0.0296231  0.0505406  0.156999
0.300715  -0.0837033  -0.0295977  -0.0837033  0.222329  0.0505156  -0.0295977  0.0505156  0.156992
0.300719  -0.0837036  -0.0295972  -0.0837036  0.222318  0.0505095  -0.0295972  0.0505095  0.156988
0.300725  -0.0837005  -0.029584  -0.0837005  0.222291  0.0504909  -0.029584  0.0504909  0.15698
0.300725  -0.0837005  -0.029584  -0.0837005  0.222291  0.0504909  -0.029584  0.0504909  0.15698
0.30073  -0.0836937  -0.0295586  -0.0836937  0.222259  0.0504659  -0.0295586  0.0504659  0.156973
0.30073  -0.0836937  -0.0295586  -0.0836937  0.222259  0.0504659  -0.0295586  0.0504659  0.156973
0.300736  -0.0836906  -0.0295454  -0.0836906  0.222231  0.0504473  -0.0295454  0.0504473  0.156965
0.300736  -0.0836906  -0.0295454  -0.0836906  0.222231  0.0504473  -0.0295454  0.0504473  0.156965
0.300744  -0.0836948  -0.0295567  -0.0836948  0.222213  0.0504413  -0.0295567  0.0504413  0.156954
0.300744  -0.0836948  -0.0295567  -0.0836948  0.222213  0.0504413  -0.0295567  0.0504413  0.156954
0.300757  -0.0837134  -0.0295632  -0.0837134  0.222195  0.0504332  -0.0295632  0.0504332  0.156939
0.300757  -0.0837134  -0.0295632  -0.0837134  0.222195  0.0504332  -0.0295632  0.0504332  0.156939
0.300767  -0.0837212  -0.0295867  -0.0837212  0.222181  0.0504336  -0.0295867  0.0504336  0.156927
0.30077  -0.0837215  -0.0295863  -0.0837215  0.22217  0.0504274  -0.0295863  0.0504274  0.156922
0.30078  -0.0837397  -0.0295932  -0.0837397  0.222163  0.0504255  -0.0295932  0.0504255  0.156911
0.30078  -0.0837397  -0.0295932  -0.0837397  0.222163  0.0504255  -0.0295932  0.0504255  0.156911
0.300792  -0.0837442  -0.029604  -0.0837442  0.222133  0.0504134  -0.029604  0.0504134  0.156896
0.300792  -0.0837442  -0.029604  -0.0837442  0.222133  0.0504134  -0.029604  0.0504134  0.156896
0.300798  -0.0837307  -0.0296075  -0.0837307  0.222099  0.0503971  -0.0296075  0.0503971  0.156888
0.300798  -0.0837307  -0.0296075  -0.0837307  0.222099  0.0503971  -0.0296075  0.0503971  0.156888
0.300804  -0.0837275  -0.0295943  -0.0837275  0.222072  0.0503785  -0.0295943  0.0503785  0.156879
0.300804  -0.0837275  -0.0295943  -0.0837275  0.222072  0.0503785  -0.0295943  0.0503785  0.156879
0.30081  -0.0837244  -0.029581  -0.0837244  0.222045  0.0503599  -0.029581  0.0503599  0.156871
0.30081  -0.0837244  -0.029581  -0.0837244  0.222045  0.0503599  -0.029581  0.0503599  0.156871
0.300816  -0.0837109  -0.0295845  -0.0837109  0.222011  0.0503436  -0.0295845  0.0503436  0.156863
0.300816  -0.0837109  -0.0295845  -0.0837109  0.222011  0.0503436  -0.0295845  0.0503436  0.156863
0.300823  -0.0837114  -0.0295835  -0.0837114  0.221988  0.0503313  -0.0295835  0.0503313  0.156854
0.300827  -0.0837116  -0.029583  -0.0837116  0.221977  0.0503251  -0.029583  0.0503251  0.156849
0.300834  -0.0837121  -0.0295821  -0.0837121  0.221954  0.0503128  -0.0295821  0.0503128  0.15684
0.300834  -0.0837121  -0.0295821  -0.0837121  0.221954  0.0503128  -0.0295821  0.0503128  0.15684
0.300843  -0.0837163  -0.0295934  -0.0837163  0.221936  0.0503069  -0.0295934  0.0503069  0.15683
0.300845  -0.0837025  -0.0295973  -0.0837025  0.221914  0.0502967  -0.0295973  0.0502967  0.156826
0.300849  -0.0837028  -0.0295968  -0.0837028  0.221903  0.0502906  -0.0295968  0.0502906  0.156821
0.30086  -0.0837035  -0.0295954  -0.0837035  0.221868  0.0502722  -0.0295954  0.0502722  0.156807
0.30086  -0.0837035  -0.0295954  -0.0837035  0.221868  0.0502722  -0.0295954  0.0502722  0.156807
0.300866  -0.0836899  -0.0295988  -0.0836899  0.221835  0.0502559  -0.0295988  0.0502559  0.156799
0.300866  -0.0836899  -0.0295988  -0.0836899  0.221835  0.0502559  -0.0295988  0.0502559  0.156799
0.300876  -0.083687  -0.029585  -0.083687  0.221796  0.0502312  -0.029585  0.0502312  0.156786
0.300876  -0.083687  -0.029585  -0.083687  0.221796  0.0502312  -0.029585  0.0502312  0.156786
0.300881  -0.0836698  -0.0295762  -0.0836698  0.221758  0.0502086  -0.0295762  0.0502086  0.156779
0.300881  -0.0836698  -0.0295762  -0.0836698  0.221758  0.0502086  -0.0295762  0.0502086  0.156779
0.300891  -0.0836668  -0.0295624  -0.0836668  0.221719  0.0501838  -0.0295624  0.0501838  0.156766
0.300891  -0.0836668  -0.0295624  -0.0836668  0.221719  0.0501838  -0.0295624  0.0501838  0.156766
0.300898  -0.0836673  -0.0295614  -0.0836673  0.221696  0.0501715  -0.0295614  0.0501715  0.156757
0.300898  -0.0836673  -0.0295614  -0.0836673  0.221696  0.0501715  -0.0295614  0.0501715  0.156757
0.300909  -0.0836681  -0.02956  -0.0836681  0.221662  0.0501531  -0.02956  0.0501531  0.156743
0.300909  -0.0836681  -0.02956  -0.0836681  0.221662  0.0501531  -0.02956  0.0501531  0.156743
0.300918  -0.0836722  -0.0295712  -0.0836722  0.221644  0.0501472  -0.0295712  0.0501472  0.156733
0.300918  -0.0836722  -0.0295712  -0.0836722  0.221644  0.0501472  -0.0295712  0.0501472  0.156733
0.300928  -0.0836588  -0.0295741  -0.0836588  0.221599  0.0501248  -0.0295741  0.0501248  0.15672
0.300928  -0.0836588  -0.0295741  -0.0836588  0.221599  0.0501248  -0.0295741  0.0501248  0.15672
0.300939  -0.0836595  -0.0295727  -0.0836595  0.221565  0.0501063  -0.0295727  0.0501063  0.156706
0.300939  -0.0836595  -0.0295727  -0.0836595  0.221565  0.0501063  -0.0295727  0.0501063  0.156706
0.300943  -0.0836598  -0.0295722  -0.0836598  0.221554  0.0501002  -0.0295722  0.0501002  0.156701
0.300953  -0.0836568  -0.0295584  -0.0836568  0.221515  0.0500755  -0.0295584  0.0500755  0.156689
0.300953  -0.0836568  -0.0295584  -0.0836568  0.221515  0.0500755  -0.0295584  0.0500755  0.156689
0.30096  -0.0836573  -0.0295574  -0.0836573  0.221492  0.0500632  -0.0295574  0.0500632  0.15668
0.30096  -0.0836573  -0.0295574  -0.0836573  0.221492  0.0500632  -0.0295574  0.0500632  0.15668
0.300963  -0.0836538  -0.0295446  -0.0836538  0.221476  0.0500507  -0.0295446  0.0500507  0.156676
0.300975  -0.0836686  -0.0295387  -0.0836686  0.221453  0.0500363  -0.0295387  0.0500363  0.156662
0.300975  -0.0836686  -0.0295387  -0.0836686  0.221453  0.0500363  -0.0295387  0.0500363  0.156662
0.300983  -0.0836691  -0.0295376  -0.0836691  0.22143  0.050024  -0.0295376  0.050024  0.156653
0.300983  -0.0836691  -0.0295376  -0.0836691  0.22143  0.050024  -0.0295376  0.050024  0.156653
0.300994  -0.0836698  -0.0295361  -0.0836698  0.221396  0.0500056  -0.0295361  0.0500056  0.156639
0.300994  -0.0836698  -0.0295361  -0.0836698  0.221396  0.0500056  -0.0295361  0.0500056  0.156639
0.301002  -0.0836702  -0.0295351  -0.0836702  0.221374  0.0499933  -0.0295351  0.0499933  0.15663
0.301009  -0.0836706  -0.0295341  -0.0836706  0.221351  0.049981  -0.0295341  0.049981  0.15662
0.301009  -0.0836706  -0.0295341  -0.0836706  0.221351  0.049981  -0.0295341  0.049981  0.15662
0.301013  -0.0836709  -0.0295336  -0.0836709  0.22134  0.0499749  -0.0295336  0.0499749  0.156616
0.301024  -0.0836715  -0.029532  -0.0836715  0.221305  0.0499565  -0.029532  0.0499565  0.156602
0.301024  -0.0836715  -0.029532  -0.0836715  0.221305  0.0499565  -0.029532  0.0499565  0.156602
0.301036  -0.0836722  -0.0295305  -0.0836722  0.221271  0.049938  -0.0295305  0.049938  0.156588
0.301036  -0.0836722  -0.0295305  -0.0836722  0.221271  0.049938  -0.0295305  0.049938  0.156588
0.301047  -0.0836728  -0.0295289  -0.0836728  0.221237  0.0499196  -0.0295289  0.0499196  0.156574
0.301047  -0.0836728  -0.0295289  -0.0836728  0.221237  0.0499196  -0.0295289  0.0499196  0.156574
0.301059  -0.0836735  -0.0295274  -0.0836735  0.221203  0.0499012  -0.0295274  0.0499012  0.156561
0.301059  -0.0836735  -0.0295274  -0.0836735  0.221203  0.0499012  -0.0295274  0.0499012  0.156561
0.301071  -0.0836882  -0.0295214  -0.0836882  0.22118  0.0498867  -0.0295214  0.0498867  0.156546
0.301071  -0.0836882  -0.0295214  -0.0836882  0.22118  0.0498867  -0.0295214  0.0498867  0.156546
0.301079  -0.0836887  -0.0295204  -0.0836887  0.221157  0.0498745  -0.0295204  0.0498745  0.156537
0.301091  -0.0836893  -0.0295188  -0.0836893  0.221123  0.0498561  -0.0295188  0.0498561  0.156523
0.301091  -0.0836893  -0.0295188  -0.0836893  0.221123  0.0498561  -0.0295188  0.0498561  0.156523
0.301102  -0.0836899  -0.0295172  -0.0836899  0.221089  0.0498376  -0.0295172  0.0498376  0.156509
0.301102  -0.0836899  -0.0295172  -0.0836899  0.221089  0.0498376  -0.0295172  0.0498376  0.156509
0.301114  -0.0836906  -0.0295157  -0.0836906  0.221055  0.0498192  -0.0295157  0.0498192  0.156496
0.301114  -0.0836906  -0.0295157  -0.0836906  0.221055  0.0498192  -0.0295157  0.0498192  0.156496
0.301127  -0.0837053  -0.0295097  -0.0837053  0.221032  0.0498048  -0.0295097  0.0498048  0.156481
0.301127  -0.0837053  -0.0295097  -0.0837053  0.221032  0.0498048  -0.0295097  0.0498048  0.156481
0.301138  -0.0837059  -0.0295081  -0.0837059  0.220998  0.0497863  -0.0295081  0.0497863  0.156467
0.301138  -0.0837059  -0.0295081  -0.0837059  0.220998  0.0497863  -0.0295081  0.0497863  0.156467
0.30115  -0.0837065  -0.0295065  -0.0837065  0.220964  0.0497679  -0.0295065  0.0497679  0.156454
0.30115  -0.0837065  -0.0295065  -0.0837065  0.220964  0.0497679  -0.0295065  0.0497679  0.156454
0.301156  -0.0837032  -0.0294931  -0.0837032  0.220936  0.0497493  -0.0294931  0.0497493  0.156446
0.30116  -0.0837034  -0.0294926  -0.0837034  0.220925  0.0497432  -0.0294926  0.0497432  0.156441
0.301168  -0.0837038  -0.0294915  -0.0837038  0.220902  0.0497309  -0.0294915  0.0497309  0.156432
0.301172  -0.083704  -0.029491  -0.083704  0.220891  0.0497248  -0.029491  0.0497248  0.156427
0.30118  -0.0837044  -0.0294899  -0.0837044  0.220868  0.0497125  -0.0294899  0.0497125  0.156418
0.30118  -0.0837044  -0.0294899  -0.0837044  0.220868  0.0497125  -0.0294899  0.0497125  0.156418
0.301193  -0.0837191  -0.0294839  -0.0837191  0.220845  0.049698  -0.0294839  0.049698  0.156404
0.301193  -0.0837191  -0.0294839  -0.0837191  0.220845  0.049698  -0.0294839  0.049698  0.156404
0.301197  -0.0837193  -0.0294833  -0.0837193  0.220834  0.0496919  -0.0294833  0.0496919  0.156399
0.301207  -0.0837162  -0.0294694  -0.0837162  0.220795  0.0496672  -0.0294694  0.0496672  0.156387
0.301207  -0.0837162  -0.0294694  -0.0837162  0.220795  0.0496672  -0.0294694  0.0496672  0.156387
0.301216  -0.0837307  -0.0294639  -0.0837307  0.220783  0.0496588  -0.0294639  0.0496588  0.156377
0.301216  -0.0837307  -0.0294639  -0.0837307  0.220783  0.0496588  -0.0294639  0.0496588  0.156377
0.301224  -0.0837311  -0.0294628  -0.0837311  0.22076  0.0496466  -0.0294628  0.0496466  0.156368
0.301228  -0.0837313  -0.0294623  -0.0837313  0.220749  0.0496404  -0.0294623  0.0496404  0.156363
0.301236  -0.0837317  -0.0294612  -0.0837317  0.220726  0.0496282  -0.0294612  0.0496282  0.156354
0.301236  -0.0837317  -0.0294612  -0.0837317  0.220726  0.0496282  -0.0294612  0.0496282  0.156354
0.301245  -0.0837462  -0.0294557  -0.0837462  0.220715  0.0496198  -0.0294557  0.0496198  0.156344
0.301245  -0.0837462  -0.0294557  -0.0837462  0.220715  0.0496198  -0.0294557  0.0496198  0.156344
0.301245  -0.0837462  -0.0294557  -0.0837462  0.220715  0.0496198  -0.0294557  0.0496198  0.156344
0.301253  -0.0837465  -0.0294546  -0.0837465  0.220692  0.0496075  -0.0294546  0.0496075  0.156335
0.301253  -0.0837465  -0.0294546  -0.0837465  0.220692  0.0496075  -0.0294546  0.0496075  0.156335
0.301261  -0.0837469  -0.0294535  -0.0837469  0.220669  0.0495953  -0.0294535  0.0495953  0.156326
0.301261  -0.0837469  -0.0294535  -0.0837469  0.220669  0.0495953  -0.0294535  0.0495953  0.156326
0.301265  -0.0837471  -0.0294529  -0.0837471  0.220658  0.0495891  -0.0294529  0.0495891  0.156321
0.301265  -0.0837471  -0.0294529  -0.0837471  0.220658  0.0495891  -0.0294529  0.0495891  0.156321
0.301272  -0.0837437  -0.0294395  -0.0837437  0.22063  0.0495705  -0.0294395  0.0495705  0.156313
0.301272  -0.0837437  -0.0294395  -0.0837437  0.22063  0.0495705  -0.0294395  0.0495705  0.156313
0.301274  -0.0837298  -0.0294434  -0.0837298  0.220608  0.0495605  -0.0294434  0.0495605  0.156309
0.301278  -0.08373  -0.0294428  -0.08373  0.220597  0.0495543  -0.0294428  0.0495543  0.156305
0.301278  -0.08373  -0.0294428  -0.08373  0.220597  0.0495543  -0.0294428  0.0495543  0.156305
0.301286  -0.0837303  -0.0294417  -0.0837303  0.220574  0.0495421  -0.0294417  0.0495421  0.156296
0.301286  -0.0837303  -0.0294417  -0.0837303  0.220574  0.0495421  -0.0294417  0.0495421  0.156296
0.301288  -0.0837163  -0.0294456  -0.0837163  0.220552  0.049532  -0.0294456  0.049532  0.156292
0.301288  -0.0837163  -0.0294456  -0.0837163  0.220552  0.049532  -0.0294456  0.049532  0.156292
0.301292  -0.0837165  -0.029445  -0.0837165  0.220541  0.0495259  -0.029445  0.0495259  0.156287
0.301292  -0.0837165  -0.029445  -0.0837165  0.220541  0.0495259  -0.029445  0.0495259  0.156287
0.301299  -0.0837027  -0.0294483  -0.0837027  0.220507  0.0495096  -0.0294483  0.0495096  0.156279
0.301299  -0.0837027  -0.0294483  -0.0837027  0.220507  0.0495096  -0.0294483  0.0495096  0.156279
0.301303  -0.0837029  -0.0294477  -0.0837029  0.220496  0.0495035  -0.0294477  0.0495035  0.156274
0.301303  -0.0837029  -0.0294477  -0.0837029  0.220496  0.0495035  -0.0294477  0.0495035  0.156274
0.301305  -0.0836889  -0.0294516  -0.0836889  0.220474  0.0494934  -0.0294516  0.0494934  0.15627
0.301305  -0.0836889  -0.0294516  -0.0836889  0.220474  0.0494934  -0.0294516  0.0494934  0.15627
0.301305  -0.0836889  -0.0294516  -0.0836889  0.220474  0.0494934  -0.0294516  0.0494934  0.15627
0.301308  -0.0836749  -0.0294554  -0.0836749  0.220451  0.0494834  -0.0294554  0.0494834  0.156267
0.301308  -0.0836749  -0.0294554  -0.0836749  0.220451  0.0494834  -0.0294554  0.0494834  0.156267
0.301312  -0.0836751  -0.0294549  -0.0836751  0.22044  0.0494772  -0.0294549  0.0494772  0.156262
0.301312  -0.0836751  -0.0294549  -0.0836751  0.22044  0.0494772  -0.0294549  0.0494772  0.156262
0.301317  -0.083679  -0.0294667  -0.083679  0.220433  0.0494774  -0.0294667  0.0494774  0.156256
0.301317  -0.083679  -0.0294667  -0.083679  0.220433  0.0494774  -0.0294667  0.0494774  0.156256
0.301321  -0.0836791  -0.0294661  -0.0836791  0.220422  0.0494713  -0.0294661  0.0494713  0.156252
0.301321  -0.0836791  -0.0294661  -0.0836791  0.220422  0.0494713  -0.0294661  0.0494713  0.156252
0.301325  -0.0836793  -0.0294655  -0.0836793  0.220411  0.0494651  -0.0294655  0.0494651  0.156247
0.301325  -0.0836793  -0.0294655  -0.0836793  0.220411  0.0494651  -0.0294655  0.0494651  0.156247
0.30133  -0.0836832  -0.0294773  -0.0836832  0.220404  0.0494653  -0.0294773  0.0494653  0.156241
0.301334  -0.0836833  -0.0294767  -0.0836833  0.220393  0.0494592  -0.0294767  0.0494592  0.156237
0.301334  -0.0836833  -0.0294767  -0.0836833  0.220393  0.0494592  -0.0294767  0.0494592  0.156237
0.301338  -0.0836835  -0.0294762  -0.0836835  0.220381  0.049453  -0.0294762  0.049453  0.156232
0.301338  -0.0836835  -0.0294762  -0.0836835  0.220381  0.049453  -0.0294762  0.049453  0.156232
0.301344  -0.0836978  -0.0294712  -0.0836978  0.220381  0.0494508  -0.0294712  0.0494508  0.156227
0.301344  -0.0836978  -0.0294712  -0.0836978  0.220381  0.0494508  -0.0294712  0.0494508  0.156227
0.301345  -0.0837016  -0.0294836  -0.0837016  0.220385  0.0494571  -0.0294836  0.0494571  0.156226
0.301349  -0.0837017  -0.029483  -0.0837017  0.220374  0.049451  -0.029483  0.049451  0.156221
0.301349  -0.0837017  -0.029483  -0.0837017  0.220374  0.049451  -0.029483  0.049451  0.156221
0.301355  -0.0837161  -0.029478  -0.0837161  0.220374  0.0494488  -0.029478  0.0494488  0.156216
0.301355  -0.0837161  -0.029478  -0.0837161  0.220374  0.0494488  -0.029478  0.0494488  0.156216
0.30136  -0.0837304  -0.0294731  -0.0837304  0.220373  0.0494466  -0.0294731  0.0494466  0.156211
0.30136  -0.0837304  -0.0294731  -0.0837304  0.220373  0.0494466  -0.0294731  0.0494466  0.156211
0.301364  -0.0837306  -0.0294725  -0.0837306  0.220362  0.0494404  -0.0294725  0.0494404  0.156206
0.301364  -0.0837306  -0.0294725  -0.0837306  0.220362  0.0494404  -0.0294725  0.0494404  0.156206
0.301364  -0.083741  -0.0294557  -0.083741  0.220368  0.049438  -0.0294557  0.049438  0.156206
0.301364  -0.083741  -0.0294557  -0.083741  0.220368  0.049438  -0.0294557  0.049438  0.156206
0.30137  -0.0837553  -0.0294508  -0.0837553  0.220367  0.0494358  -0.0294508  0.0494358  0.156201
0.30137  -0.0837553  -0.0294508  -0.0837553  0.220367  0.0494358  -0.0294508  0.0494358  0.156201
0.301371  -0.0837695  -0.0294464  -0.0837695  0.220378  0.0494398  -0.0294464  0.0494398  0.1562
0.301371  -0.0837695  -0.0294464  -0.0837695  0.220378  0.0494398  -0.0294464  0.0494398  0.1562
0.301377  -0.0837839  -0.0294414  -0.0837839  0.220378  0.0494375  -0.0294414  0.0494375  0.156195
0.301377  -0.0837839  -0.0294414  -0.0837839  0.220378  0.0494375  -0.0294414  0.0494375  0.156195
0.301379  -0.083798  -0.029437  -0.083798  0.220389  0.0494415  -0.029437  0.0494415  0.156194
0.301379  -0.083798  -0.029437  -0.083798  0.220389  0.0494415  -0.029437  0.0494415  0.156194
0.30138  -0.0838122  -0.0294325  -0.0838122  0.220399  0.0494454  -0.0294325  0.0494454  0.156194
0.30138  -0.0838122  -0.0294325  -0.0838122  0.220399  0.0494454  -0.0294325  0.0494454  0.156194
0.301386  -0.0838266  -0.0294276  -0.0838266  0.220399  0.0494432  -0.0294276  0.0494432  0.156188
0.301386  -0.0838266  -0.0294276  -0.0838266  0.220399  0.0494432  -0.0294276  0.0494432  0.156188
0.301389  -0.0838549  -0.0294187  -0.0838549  0.220421  0.049451  -0.0294187  0.049451  0.156187
0.301389  -0.0838549  -0.0294187  -0.0838549  0.220421  0.049451  -0.0294187  0.049451  0.156187
0.301389  -0.0838549  -0.0294187  -0.0838549  0.220421  0.049451  -0.0294187  0.049451  0.156187
0.301392  -0.0838833  -0.0294099  -0.0838833  0.220442  0.0494588  -0.0294099  0.0494588  0.156185
0.301392  -0.0838833  -0.0294099  -0.0838833  0.220442  0.0494588  -0.0294099  0.0494588  0.156185
0.301393  -0.0838975  -0.0294055  -0.0838975  0.220453  0.0494628  -0.0294055  0.0494628  0.156184
0.301393  -0.0838975  -0.0294055  -0.0838975  0.220453  0.0494628  -0.0294055  0.0494628  0.156184
0.301396  -0.0839259  -0.0293966  -0.0839259  0.220475  0.0494706  -0.0293966  0.0494706  0.156183
0.301396  -0.0839259  -0.0293966  -0.0839259  0.220475  0.0494706  -0.0293966  0.0494706  0.156183
0.3014  -0.0839543  -0.0293878  -0.0839543  0.220497  0.0494784  -0.0293878  0.0494784  0.156181
0.3014  -0.0839543  -0.0293878  -0.0839543  0.220497  0.0494784  -0.0293878  0.0494784  0.156181
0.301401  -0.0839684  -0.0293834  -0.0839684  0.220508  0.0494824  -0.0293834  0.0494824  0.156181
0.301401  -0.0839684  -0.0293834  -0.0839684  0.220508  0.0494824  -0.0293834  0.0494824  0.156181
0.301408  -0.083997  -0.029374  -0.083997  0.220518  0.0494841  -0.029374  0.0494841  0.156175
0.301408  -0.083997  -0.029374  -0.083997  0.220518  0.0494841  -0.029374  0.0494841  0.156175
0.30141  -0.0840217  -0.0293528  -0.0840217  0.220535  0.0494856  -0.0293528  0.0494856  0.156174
0.30141  -0.0840217  -0.0293528  -0.0840217  0.220535  0.0494856  -0.0293528  0.0494856  0.156174
0.301411  -0.0840359  -0.0293484  -0.0840359  0.220546  0.0494895  -0.0293484  0.0494895  0.156174
0.301413  -0.0840501  -0.0293439  -0.0840501  0.220557  0.0494934  -0.0293439  0.0494934  0.156173
0.301415  -0.0840643  -0.0293395  -0.0840643  0.220568  0.0494973  -0.0293395  0.0494973  0.156172
0.301415  -0.0840643  -0.0293395  -0.0840643  0.220568  0.0494973  -0.0293395  0.0494973  0.156172
0.301418  -0.0840927  -0.0293306  -0.0840927  0.22059  0.0495052  -0.0293306  0.0495052  0.156171
0.301418  -0.0840927  -0.0293306  -0.0840927  0.22059  0.0495052  -0.0293306  0.0495052  0.156171
0.301421  -0.0841212  -0.0293218  -0.0841212  0.220612  0.049513  -0.0293218  0.049513  0.156169
0.301421  -0.0841212  -0.0293218  -0.0841212  0.220612  0.049513  -0.0293218  0.049513  0.156169
0.301426  -0.0841356  -0.0293168  -0.0841356  0.220611  0.0495108  -0.0293168  0.0495108  0.156164
0.301428  -0.0841498  -0.0293124  -0.0841498  0.220622  0.0495147  -0.0293124  0.0495147  0.156163
0.30143  -0.084164  -0.0293079  -0.084164  0.220633  0.0495186  -0.0293079  0.0495186  0.156162
0.30143  -0.084164  -0.0293079  -0.084164  0.220633  0.0495186  -0.0293079  0.0495186  0.156162
0.301431  -0.0841887  -0.0292867  -0.0841887  0.220651  0.0495201  -0.0292867  0.0495201  0.156162
0.301431  -0.0841887  -0.0292867  -0.0841887  0.220651  0.0495201  -0.0292867  0.0495201  0.156162
0.301439  -0.0842173  -0.0292773  -0.0842173  0.220661  0.0495218  -0.0292773  0.0495218  0.156156
0.301439  -0.0842173  -0.0292773  -0.0842173  0.220661  0.0495218  -0.0292773  0.0495218  0.156156
0.301446  -0.084246  -0.0292678  -0.084246  0.220672  0.0495234  -0.0292678  0.0495234  0.15615
0.301446  -0.084246  -0.0292678  -0.084246  0.220672  0.0495234  -0.0292678  0.0495234  0.15615
0.301447  -0.0842707  -0.0292466  -0.0842707  0.220689  0.0495249  -0.0292466  0.0495249  0.15615
0.301447  -0.0842707  -0.0292466  -0.0842707  0.220689  0.0495249  -0.0292466  0.0495249  0.15615
0.301455  -0.0842993  -0.0292372  -0.0842993  0.2207  0.0495266  -0.0292372  0.0495266  0.156144
0.301455  -0.0842993  -0.0292372  -0.0842993  0.2207  0.0495266  -0.0292372  0.0495266  0.156144
0.301462  -0.084328  -0.0292277  -0.084328  0.22071  0.0495282  -0.0292277  0.0495282  0.156138
0.301462  -0.084328  -0.0292277  -0.084328  0.22071  0.0495282  -0.0292277  0.0495282  0.156138
0.301469  -0.0843567  -0.0292182  -0.0843567  0.220721  0.0495299  -0.0292182  0.0495299  0.156132
0.301469  -0.0843567  -0.0292182  -0.0843567  0.220721  0.0495299  -0.0292182  0.0495299  0.156132
0.301471  -0.0843814  -0.029197  -0.0843814  0.220738  0.0495314  -0.029197  0.0495314  0.156131
0.301471  -0.0843814  -0.029197  -0.0843814  0.220738  0.0495314  -0.029197  0.0495314  0.156131
0.301478  -0.0844101  -0.0291875  -0.0844101  0.220749  0.049533  -0.0291875  0.049533  0.156125
0.301478  -0.0844101  -0.0291875  -0.0844101  0.220749  0.049533  -0.0291875  0.049533  0.156125
0.301486  -0.0844388  -0.0291781  -0.0844388  0.22076  0.0495347  -0.0291781  0.0495347  0.156119
0.301486  -0.0844388  -0.0291781  -0.0844388  0.22076  0.0495347  -0.0291781  0.0495347  0.156119
0.301487  -0.0844531  -0.0291736  -0.0844531  0.220771  0.0495386  -0.0291736  0.0495386  0.156119
0.30149  -0.0844816  -0.0291647  -0.0844816  0.220793  0.0495464  -0.0291647  0.0495464  0.156117
0.30149  -0.0844816  -0.0291647  -0.0844816  0.220793  0.0495464  -0.0291647  0.0495464  0.156117
0.301496  -0.084496  -0.0291597  -0.084496  0.220792  0.0495441  -0.0291597  0.0495441  0.156112
0.301498  -0.0845103  -0.0291553  -0.0845103  0.220803  0.049548  -0.0291553  0.049548  0.156111
0.301499  -0.0845246  -0.0291508  -0.0845246  0.220815  0.0495519  -0.0291508  0.0495519  0.15611
0.301499  -0.0845246  -0.0291508  -0.0845246  0.220815  0.0495519  -0.0291508  0.0495519  0.15611
0.301502  -0.0845531  -0.0291419  -0.0845531  0.220837  0.0495597  -0.0291419  0.0495597  0.156109
0.301502  -0.0845531  -0.0291419  -0.0845531  0.220837  0.0495597  -0.0291419  0.0495597  0.156109
0.301508  -0.0845781  -0.0291201  -0.0845781  0.220843  0.049555  -0.0291201  0.049555  0.156104
0.301508  -0.0845781  -0.0291201  -0.0845781  0.220843  0.049555  -0.0291201  0.049555  0.156104
0.301511  -0.0846066  -0.0291111  -0.0846066  0.220865  0.0495628  -0.0291111  0.0495628  0.156103
0.301511  -0.0846066  -0.0291111  -0.0846066  0.220865  0.0495628  -0.0291111  0.0495628  0.156103
0.301513  -0.0846209  -0.0291067  -0.0846209  0.220876  0.0495667  -0.0291067  0.0495667  0.156102
0.301515  -0.0846352  -0.0291022  -0.0846352  0.220887  0.0495706  -0.0291022  0.0495706  0.156101
0.301515  -0.0846457  -0.0290854  -0.0846457  0.220894  0.0495682  -0.0290854  0.0495682  0.156102
0.301516  -0.08466  -0.029081  -0.08466  0.220905  0.0495721  -0.029081  0.0495721  0.156101
0.301518  -0.0846743  -0.0290765  -0.0846743  0.220916  0.049576  -0.0290765  0.049576  0.156101
0.30152  -0.0846885  -0.029072  -0.0846885  0.220927  0.0495799  -0.029072  0.0495799  0.1561
0.301521  -0.0847133  -0.0290508  -0.0847133  0.220944  0.0495813  -0.0290508  0.0495813  0.1561
0.301521  -0.0847133  -0.0290508  -0.0847133  0.220944  0.0495813  -0.0290508  0.0495813  0.1561
0.30152  -0.0847096  -0.0290384  -0.0847096  0.22094  0.049575  -0.0290384  0.049575  0.156101
0.301523  -0.0847382  -0.0290295  -0.0847382  0.220962  0.0495827  -0.0290295  0.0495827  0.156099
0.301525  -0.0847524  -0.029025  -0.0847524  0.220973  0.0495866  -0.029025  0.0495866  0.156099
0.301521  -0.0847628  -0.0290088  -0.0847628  0.220991  0.0495903  -0.0290088  0.0495903  0.156104
0.301521  -0.0847628  -0.0290088  -0.0847628  0.220991  0.0495903  -0.0290088  0.0495903  0.156104
0.301523  -0.0847876  -0.0289875  -0.0847876  0.221008  0.0495918  -0.0289875  0.0495918  0.156104
0.301523  -0.0847876  -0.0289875  -0.0847876  0.221008  0.0495918  -0.0289875  0.0495918  0.156104
0.301524  -0.0848124  -0.0289662  -0.0848124  0.221026  0.0495932  -0.0289662  0.0495932  0.156104
0.301524  -0.0848124  -0.0289662  -0.0848124  0.221026  0.0495932  -0.0289662  0.0495932  0.156104
0.301528  -0.084841  -0.0289573  -0.084841  0.221048  0.049601  -0.0289573  0.049601  0.156102
0.301529  -0.0848553  -0.0289528  -0.0848553  0.22106  0.0496049  -0.0289528  0.0496049  0.156101
0.301527  -0.0848799  -0.0289321  -0.0848799  0.221089  0.0496125  -0.0289321  0.0496125  0.156106
0.301527  -0.0848799  -0.0289321  -0.0848799  0.221089  0.0496125  -0.0289321  0.0496125  0.156106
0.30153  -0.0849086  -0.0289232  -0.0849086  0.221111  0.0496203  -0.0289232  0.0496203  0.156105
0.30153  -0.0849086  -0.0289232  -0.0849086  0.221111  0.0496203  -0.0289232  0.0496203  0.156105
0.301528  -0.0849332  -0.0289025  -0.0849332  0.22114  0.0496278  -0.0289025  0.0496278  0.156109
0.301528  -0.0849332  -0.0289025  -0.0849332  0.22114  0.0496278  -0.0289025  0.0496278  0.156109
0.301529  -0.084958  -0.0288812  -0.084958  0.221158  0.0496293  -0.0288812  0.0496293  0.156109
0.301529  -0.084958  -0.0288812  -0.084958  0.221158  0.0496293  -0.0288812  0.0496293  0.156109
0.30153  -0.0849686  -0.0288643  -0.0849686  0.221164  0.0496268  -0.0288643  0.0496268  0.156109
0.301527  -0.0849932  -0.0288436  -0.0849932  0.221193  0.0496344  -0.0288436  0.0496344  0.156114
0.301527  -0.0849932  -0.0288436  -0.0849932  0.221193  0.0496344  -0.0288436  0.0496344  0.156114
0.301531  -0.0850324  -0.0288178  -0.0850324  0.221222  0.0496397  -0.0288178  0.0496397  0.156113
0.301531  -0.0850324  -0.0288178  -0.0850324  0.221222  0.0496397  -0.0288178  0.0496397  0.156113
0.301528  -0.085057  -0.0287971  -0.085057  0.221251  0.0496473  -0.0287971  0.0496473  0.156118
0.301528  -0.085057  -0.0287971  -0.085057  0.221251  0.0496473  -0.0287971  0.0496473  0.156118
0.301532  -0.0850962  -0.0287713  -0.0850962  0.22128  0.0496525  -0.0287713  0.0496525  0.156117
0.301532  -0.0850962  -0.0287713  -0.0850962  0.22128  0.0496525  -0.0287713  0.0496525  0.156117
0.301533  -0.0851106  -0.0287668  -0.0851106  0.221291  0.0496564  -0.0287668  0.0496564  0.156116
0.301533  -0.0851496  -0.0287416  -0.0851496  0.221332  0.0496679  -0.0287416  0.0496679  0.15612
0.301533  -0.0851496  -0.0287416  -0.0851496  0.221332  0.0496679  -0.0287416  0.0496679  0.15612
0.301536  -0.0851888  -0.0287158  -0.0851888  0.221361  0.0496731  -0.0287158  0.0496731  0.156119
0.301536  -0.0851888  -0.0287158  -0.0851888  0.221361  0.0496731  -0.0287158  0.0496731  0.156119
0.301539  -0.085228  -0.02869  -0.085228  0.22139  0.0496784  -0.02869  0.0496784  0.156119
0.301538  -0.0852242  -0.0286776  -0.0852242  0.221385  0.0496721  -0.0286776  0.0496721  0.15612
0.301541  -0.0852529  -0.0286687  -0.0852529  0.221408  0.0496798  -0.0286687  0.0496798  0.156119
0.301539  -0.0852776  -0.0286479  -0.0852776  0.221437  0.0496874  -0.0286479  0.0496874  0.156123
0.30154  -0.0852919  -0.0286434  -0.0852919  0.221448  0.0496912  -0.0286434  0.0496912  0.156122
0.301542  -0.0853274  -0.0286053  -0.0853274  0.221473  0.0496901  -0.0286053  0.0496901  0.156123
0.301542  -0.0853274  -0.0286053  -0.0853274  0.221473  0.0496901  -0.0286053  0.0496901  0.156123
0.301544  -0.0853629  -0.0285671  -0.0853629  0.221498  0.049689  -0.0285671  0.049689  0.156124
0.301544  -0.0853629  -0.0285671  -0.0853629  0.221498  0.049689  -0.0285671  0.049689  0.156124
0.301549  -0.0854165  -0.0285367  -0.0854165  0.221538  0.0496981  -0.0285367  0.0496981  0.156122
0.301549  -0.0854165  -0.0285367  -0.0854165  0.221538  0.0496981  -0.0285367  0.0496981  0.156122
0.301553  -0.0854664  -0.028494  -0.0854664  0.221574  0.0497008  -0.028494  0.0497008  0.156123
0.301553  -0.0854664  -0.028494  -0.0854664  0.221574  0.0497008  -0.028494  0.0497008  0.156123
0.301557  -0.0855163  -0.0284513  -0.0855163  0.22161  0.0497035  -0.0284513  0.0497035  0.156123
0.301557  -0.0855163  -0.0284513  -0.0855163  0.22161  0.0497035  -0.0284513  0.0497035  0.156123
0.30156  -0.0855662  -0.0284086  -0.0855662  0.221646  0.0497062  -0.0284086  0.0497062  0.156123
0.30156  -0.0855662  -0.0284086  -0.0855662  0.221646  0.0497062  -0.0284086  0.0497062  0.156123
0.301564  -0.0856161  -0.0283659  -0.0856161  0.221682  0.0497089  -0.0283659  0.0497089  0.156123
0.301564  -0.0856161  -0.0283659  -0.0856161  0.221682  0.0497089  -0.0283659  0.0497089  0.156123
0.301566  -0.0856622  -0.0283108  -0.0856622  0.221714  0.0497052  -0.0283108  0.0497052  0.156125
0.301566  -0.0856622  -0.0283108  -0.0856622  0.221714  0.0497052  -0.0283108  0.0497052  0.156125
0.30157  -0.0857122  -0.0282681  -0.0857122  0.22175  0.0497079  -0.0282681  0.0497079  0.156125
0.301571  -0.0857266  -0.0282636  -0.0857266  0.221762  0.0497117  -0.0282636  0.0497117  0.156124
0.301575  -0.0857766  -0.0282208  -0.0857766  0.221798  0.0497144  -0.0282208  0.0497144  0.156124
0.301574  -0.0857728  -0.0282085  -0.0857728  0.221793  0.049708  -0.0282085  0.049708  0.156126
0.301579  -0.0858372  -0.0281612  -0.0858372  0.221841  0.0497145  -0.0281612  0.0497145  0.156125
0.301579  -0.0858372  -0.0281612  -0.0858372  0.221841  0.0497145  -0.0281612  0.0497145  0.156125
0.301583  -0.0858978  -0.0281016  -0.0858978  0.221884  0.0497146  -0.0281016  0.0497146  0.156127
0.301583  -0.0858978  -0.0281016  -0.0858978  0.221884  0.0497146  -0.0281016  0.0497146  0.156127
0.301587  -0.0859584  -0.0280419  -0.0859584  0.221928  0.0497146  -0.0280419  0.0497146  0.156128
0.301588  -0.0859729  -0.0280374  -0.0859729  0.221939  0.0497184  -0.0280374  0.0497184  0.156127
0.301589  -0.0859941  -0.0280037  -0.0859941  0.221953  0.0497134  -0.0280037  0.0497134  0.156129
0.301587  -0.0860401  -0.0279492  -0.0860401  0.221996  0.0497158  -0.0279492  0.0497158  0.156135
0.301588  -0.0860545  -0.0279446  -0.0860545  0.222008  0.0497196  -0.0279446  0.0497196  0.156135
0.301589  -0.086097  -0.0278772  -0.086097  0.222035  0.0497094  -0.0278772  0.0497094  0.156138
0.301589  -0.086097  -0.0278772  -0.086097  0.222035  0.0497094  -0.0278772  0.0497094  0.156138
0.30159  -0.0861395  -0.0278098  -0.0861395  0.222062  0.0496992  -0.0278098  0.0496992  0.156142
0.301587  -0.0861537  -0.0278059  -0.0861537  0.222085  0.0497093  -0.0278059  0.0497093  0.156146
0.301588  -0.0861962  -0.0277384  -0.0861962  0.222113  0.0496991  -0.0277384  0.0496991  0.156149
0.301588  -0.0861962  -0.0277384  -0.0861962  0.222113  0.0496991  -0.0277384  0.0496991  0.156149
0.301589  -0.0862494  -0.0276542  -0.0862494  0.222147  0.0496863  -0.0276542  0.0496863  0.156154
0.301589  -0.0862494  -0.0276542  -0.0862494  0.222147  0.0496863  -0.0276542  0.0496863  0.156154
0.301586  -0.0863023  -0.0275705  -0.0863023  0.222193  0.0496797  -0.0275705  0.0496797  0.156163
0.301586  -0.0863023  -0.0275705  -0.0863023  0.222193  0.0496797  -0.0275705  0.0496797  0.156163
0.301583  -0.0863552  -0.0274869  -0.0863552  0.222239  0.0496732  -0.0274869  0.0496732  0.156172
0.301583  -0.0863552  -0.0274869  -0.0863552  0.222239  0.0496732  -0.0274869  0.0496732  0.156172
0.301584  -0.0864084  -0.0274027  -0.0864084  0.222274  0.0496603  -0.0274027  0.0496603  0.156177
0.301584  -0.0864084  -0.0274027  -0.0864084  0.222274  0.0496603  -0.0274027  0.0496603  0.156177
0.301581  -0.0864614  -0.0273191  -0.0864614  0.22232  0.0496537  -0.0273191  0.0496537  0.156187
0.301583  -0.0864759  -0.0273145  -0.0864759  0.222332  0.0496575  -0.0273145  0.0496575  0.156186
0.301584  -0.0865291  -0.0272303  -0.0865291  0.222367  0.0496447  -0.0272303  0.0496447  0.156191
0.301582  -0.0865253  -0.027218  -0.0865253  0.222362  0.0496383  -0.027218  0.0496383  0.156193
0.301579  -0.0865783  -0.0271344  -0.0865783  0.222408  0.0496317  -0.0271344  0.0496317  0.156203
0.301581  -0.0865928  -0.0271298  -0.0865928  0.22242  0.0496355  -0.0271298  0.0496355  0.156202
0.301578  -0.0866459  -0.0270463  -0.0866459  0.222467  0.0496288  -0.0270463  0.0496288  0.156212
0.301578  -0.0866565  -0.0270294  -0.0866565  0.222474  0.0496262  -0.0270294  0.0496262  0.156213
0.301579  -0.0867099  -0.0269452  -0.0867099  0.222509  0.0496133  -0.0269452  0.0496133  0.156219
0.301581  -0.0867243  -0.0269406  -0.0867243  0.222521  0.0496171  -0.0269406  0.0496171  0.156218
0.301577  -0.0867736  -0.0268448  -0.0867736  0.222563  0.0496041  -0.0268448  0.0496041  0.15623
0.301575  -0.0867698  -0.0268326  -0.0867698  0.222558  0.0495977  -0.0268326  0.0495977  0.156232
0.301575  -0.08683  -0.0267194  -0.08683  0.222596  0.0495758  -0.0267194  0.0495758  0.15624
0.301577  -0.0868445  -0.0267147  -0.0868445  0.222608  0.0495796  -0.0267147  0.0495796  0.15624
0.301572  -0.0868618  -0.0266695  -0.0868618  0.222629  0.0495743  -0.0266695  0.0495743  0.156248
0.301573  -0.0869259  -0.0265685  -0.0869259  0.222671  0.0495588  -0.0265685  0.0495588  0.156256
0.301572  -0.0869221  -0.0265563  -0.0869221  0.222667  0.0495524  -0.0265563  0.0495524  0.156257
0.301569  -0.0869859  -0.026456  -0.0869859  0.222721  0.0495431  -0.026456  0.0495431  0.156269
0.301569  -0.0869859  -0.026456  -0.0869859  0.222721  0.0495431  -0.026456  0.0495431  0.156269
0.301567  -0.0870318  -0.0263475  -0.0870318  0.222747  0.0495175  -0.0263475  0.0495175  0.156279
0.301569  -0.0870463  -0.0263428  -0.0870463  0.222759  0.0495212  -0.0263428  0.0495212  0.156278
0.301568  -0.0870921  -0.0262343  -0.0870921  0.222786  0.0494955  -0.0262343  0.0494955  0.156288
0.301566  -0.0870883  -0.0262222  -0.0870883  0.222781  0.0494892  -0.0262222  0.0494892  0.15629
0.301565  -0.0871342  -0.0261137  -0.0871342  0.222808  0.0494636  -0.0261137  0.0494636  0.1563
0.301565  -0.0871449  -0.0260969  -0.0871449  0.222815  0.049461  -0.0260969  0.049461  0.156302
0.301563  -0.0871908  -0.0259885  -0.0871908  0.222842  0.0494353  -0.0259885  0.0494353  0.156312
0.301562  -0.087187  -0.0259763  -0.087187  0.222837  0.049429  -0.0259763  0.049429  0.156314
0.301561  -0.0872046  -0.0259305  -0.0872046  0.222847  0.0494175  -0.0259305  0.0494175  0.156319
