0.298339  -0.0977418  -0.0557277  -0.0977418  0.255941  0.0780322  -0.0557277  0.0780322  0.165338
0.298339  -0.0977418  -0.0557277  -0.0977418  0.255941  0.0780322  -0.0557277  0.0780322  0.165338
0.298326  -0.0980202  -0.0554018  -0.0980202  0.256216  0.0780515  -0.0554018  0.0780515  0.165244
0.298327  -0.0980577  -0.0553595  -0.0980577  0.256245  0.0780501  -0.0553595  0.0780501  0.165229
0.298328  -0.0985321  -0.0549656  -0.0985321  0.256714  0.0781427  -0.0549656  0.0781427  0.165111
0.298329  -0.0985474  -0.0549616  -0.0985474  0.256729  0.0781491  -0.0549616  0.0781491  0.165109
0.298325  -0.0989902  -0.0548289  -0.0989902  0.257277  0.0783897  -0.0548289  0.0783897  0.165094
0.298346  -0.0994884  -0.0544834  -0.0994884  0.257746  0.0784927  -0.0544834  0.0784927  0.16498
0.298347  -0.0995264  -0.0544409  -0.0995264  0.257777  0.0784911  -0.0544409  0.0784911  0.164966
0.298418  -0.100059  -0.0542015  -0.100059  0.25819  0.0785968  -0.0542015  0.0785968  0.164848
0.298427  -0.100109  -0.0541906  -0.100109  0.258225  0.0786094  -0.0541906  0.0786094  0.164839
0.298544  -0.10078  -0.0537696  -0.10078  0.258628  0.07862  -0.0537696  0.07862  0.164625
0.29864  -0.101353  -0.0533676  -0.101353  0.258978  0.0786106  -0.0533676  0.0786106  0.164436
0.298654  -0.101401  -0.0533429  -0.101401  0.258995  0.0786059  -0.0533429  0.0786059  0.164419
0.298807  -0.101985  -0.053135  -0.101985  0.259281  0.0786323  -0.053135  0.0786323  0.164252
0.298817  -0.102035  -0.0531239  -0.102035  0.259318  0.0786448  -0.0531239  0.0786448  0.164243
0.299007  -0.102856  -0.0526821  -0.102856  0.259758  0.0786349  -0.0526821  0.0786349  0.163987
0.299151  -0.103423  -0.0524716  -0.103423  0.26008  0.0786728  -0.0524716  0.0786728  0.163838
0.299169  -0.103493  -0.0524575  -0.103493  0.260124  0.0786847  -0.0524575  0.0786847  0.163824
0.299403  -0.104302  -0.0521913  -0.104302  0.260536  0.0787189  -0.0521913  0.0787189  0.163605
0.29942  -0.104368  -0.0521618  -0.104368  0.260572  0.07872  -0.0521618  0.07872  0.163587
0.299668  -0.105337  -0.0517046  -0.105337  0.261133  0.0787317  -0.0517046  0.0787317  0.163316
0.29986  -0.106058  -0.0514597  -0.106058  0.261588  0.0787957  -0.0514597  0.0787957  0.163148
0.299878  -0.106125  -0.0514298  -0.106125  0.261627  0.0787964  -0.0514298  0.0787964  0.16313
0.300161  -0.107143  -0.0509964  -0.107143  0.262231  0.0788172  -0.0509964  0.0788172  0.162864
0.300383  -0.107876  -0.0506571  -0.107876  0.262629  0.0787917  -0.0506571  0.0787917  0.162656
0.300403  -0.107944  -0.0506269  -0.107944  0.262671  0.0787921  -0.0506269  0.0787921  0.162639
0.300721  -0.108883  -0.0502551  -0.108883  0.263146  0.078758  -0.0502551  0.078758  0.162377
0.300744  -0.108969  -0.0502202  -0.108969  0.263207  0.0787644  -0.0502202  0.0787644  0.162359
0.301089  -0.109911  -0.0497386  -0.109911  0.263611  0.0786295  -0.0497386  0.0786295  0.162055
0.301329  -0.110532  -0.0494312  -0.110532  0.263866  0.0785341  -0.0494312  0.0785341  0.161856
0.301356  -0.110589  -0.0494063  -0.110589  0.263879  0.0785208  -0.0494063  0.0785208  0.161835
0.30168  -0.111414  -0.0490113  -0.111414  0.264234  0.0784024  -0.0490113  0.0784024  0.161579
0.301919  -0.112078  -0.0486528  -0.112078  0.264572  0.0783134  -0.0486528  0.0783134  0.161383
0.301941  -0.112149  -0.0486216  -0.112149  0.264618  0.0783128  -0.0486216  0.0783128  0.161366
0.302224  -0.112797  -0.0482626  -0.112797  0.264843  0.0781569  -0.0482626  0.0781569  0.161144
0.302242  -0.112834  -0.0482404  -0.112834  0.26485  0.0781441  -0.0482404  0.0781441  0.161129
0.302512  -0.113461  -0.047816  -0.113461  0.26506  0.0779492  -0.047816  0.0779492  0.1609
0.302669  -0.113861  -0.0474929  -0.113861  0.265212  0.077809  -0.0474929  0.077809  0.160751
0.302687  -0.113897  -0.0474705  -0.113897  0.26522  0.077796  -0.0474705  0.077796  0.160737
0.302867  -0.114328  -0.0470943  -0.114328  0.265354  0.0776127  -0.0470943  0.0776127  0.160565
0.302878  -0.114361  -0.0470706  -0.114361  0.265374  0.0776066  -0.0470706  0.0776066  0.160555
0.303007  -0.114754  -0.0465599  -0.114754  0.265513  0.0773688  -0.0465599  0.0773688  0.160377
0.303067  -0.114936  -0.0462259  -0.114936  0.265539  0.0771909  -0.0462259  0.0771909  0.160269
0.303072  -0.114946  -0.0461915  -0.114946  0.26553  0.0771679  -0.0461915  0.0771679  0.160257
0.303109  -0.11506  -0.0457746  -0.11506  0.265465  0.076913  -0.0457746  0.076913  0.160134
0.303106  -0.115067  -0.045739  -0.115067  0.265469  0.0768971  -0.045739  0.0768971  0.160127
0.303091  -0.115129  -0.0452106  -0.115129  0.265395  0.0765951  -0.0452106  0.0765951  0.160005
0.303049  -0.115073  -0.0449405  -0.115073  0.265292  0.0764229  -0.0449405  0.0764229  0.159955
0.303043  -0.115062  -0.0449099  -0.115062  0.265276  0.0764014  -0.0449099  0.0764014  0.159949
0.302952  -0.114923  -0.0445401  -0.114923  0.26511  0.0761644  -0.0445401  0.0761644  0.159896
0.302949  -0.11493  -0.0445047  -0.11493  0.265114  0.0761487  -0.0445047  0.0761487  0.15989
0.302808  -0.114704  -0.044086  -0.114704  0.264903  0.0758816  -0.044086  0.0758816  0.159849
0.302695  -0.11449  -0.0438653  -0.11449  0.264731  0.0757266  -0.0438653  0.0757266  0.159843
0.302679  -0.114458  -0.0438389  -0.114458  0.264705  0.0757067  -0.0438389  0.0757067  0.159843
0.302471  -0.114101  -0.0434307  -0.114101  0.26445  0.0754477  -0.0434307  0.0754477  0.159839
0.30245  -0.114084  -0.0433986  -0.114084  0.264458  0.0754407  -0.0433986  0.0754407  0.159843
0.3022  -0.113594  -0.0430233  -0.113594  0.264111  0.0751729  -0.0430233  0.0751729  0.159865
0.302183  -0.113546  -0.0430021  -0.113546  0.264066  0.0751478  -0.0430021  0.0751478  0.159867
0.301891  -0.112982  -0.0426098  -0.112982  0.263706  0.0748803  -0.0426098  0.0748803  0.159912
0.301672  -0.112548  -0.0423244  -0.112548  0.263435  0.0746852  -0.0423244  0.0746852  0.159952
0.301646  -0.112492  -0.0422878  -0.112492  0.263395  0.0746572  -0.0422878  0.0746572  0.159956
0.301318  -0.111779  -0.0419212  -0.111779  0.262938  0.0743754  -0.0419212  0.0743754  0.160033
0.301295  -0.111729  -0.0418996  -0.111729  0.262906  0.0743579  -0.0418996  0.0743579  0.160039
0.300967  -0.111018  -0.0414725  -0.111018  0.262457  0.0740514  -0.0414725  0.0740514  0.160115
0.300725  -0.110452  -0.0411815  -0.110452  0.262086  0.0738222  -0.0411815  0.0738222  0.16018
0.300694  -0.110378  -0.0411498  -0.110378  0.26204  0.0737965  -0.0411498  0.0737965  0.16019
0.300351  -0.109547  -0.0408081  -0.109547  0.261534  0.0735176  -0.0408081  0.0735176  0.160307
0.30033  -0.109482  -0.0407921  -0.109482  0.261485  0.0734953  -0.0407921  0.0734953  0.160315
0.299981  -0.108591  -0.0404853  -0.108591  0.260957  0.0732286  -0.0404853  0.0732286  0.160454
0.299953  -0.108518  -0.0404544  -0.108518  0.260913  0.0732036  -0.0404544  0.0732036  0.160465
0.299615  -0.107575  -0.0401838  -0.107575  0.260343  0.0729349  -0.0401838  0.0729349  0.160617
0.299388  -0.10696  -0.039933  -0.10696  0.259994  0.0727381  -0.039933  0.0727381  0.16072
0.299363  -0.10689  -0.0399026  -0.10689  0.259952  0.0727136  -0.0399026  0.0727136  0.160731
0.299056  -0.105984  -0.0395255  -0.105984  0.259408  0.0724  -0.0395255  0.0724  0.160878
0.299039  -0.105933  -0.0394916  -0.105933  0.259373  0.0723744  -0.0394916  0.0723744  0.160885
0.298745  -0.105003  -0.0391874  -0.105003  0.258841  0.0721002  -0.0391874  0.0721002  0.161053
0.29854  -0.10435  -0.0389426  -0.10435  0.258492  0.0719055  -0.0389426  0.0719055  0.16118
0.298525  -0.104285  -0.038914  -0.104285  0.25844  0.0718751  -0.038914  0.0718751  0.161187
0.298285  -0.103426  -0.0385906  -0.103426  0.257941  0.0715933  -0.0385906  0.0715933  0.161346
0.298271  -0.103361  -0.0385623  -0.103361  0.257891  0.0715632  -0.0385623  0.0715632  0.161354
0.298055  -0.102511  -0.0382299  -0.102511  0.257386  0.0712692  -0.0382299  0.0712692  0.161511
0.29791  -0.101918  -0.037973  -0.101918  0.257041  0.0710563  -0.037973  0.0710563  0.161626
0.297895  -0.101856  -0.0379579  -0.101856  0.257012  0.0710425  -0.0379579  0.0710425  0.16164
0.297716  -0.100992  -0.0376872  -0.100992  0.256485  0.0707588  -0.0376872  0.0707588  0.161805
0.297706  -0.100933  -0.0376731  -0.100933  0.256445  0.0707384  -0.0376731  0.0707384  0.161815
0.297555  -0.100172  -0.0373651  -0.100172  0.256001  0.0704675  -0.0373651  0.0704675  0.16197
0.297466  -0.0996314  -0.0371408  -0.0996314  0.25565  0.070251  -0.0371408  0.070251  0.16207
0.297458  -0.0995737  -0.037127  -0.0995737  0.255611  0.070231  -0.037127  0.070231  0.16208
0.297352  -0.0988753  -0.0367876  -0.0988753  0.255161  0.0699308  -0.0367876  0.0699308  0.162214
0.297345  -0.0988332  -0.0367693  -0.0988332  0.255139  0.0699163  -0.0367693  0.0699163  0.162224
0.297259  -0.0981615  -0.0364299  -0.0981615  0.25469  0.0696118  -0.0364299  0.0696118  0.162352
0.297206  -0.0976686  -0.0362482  -0.0976686  0.254359  0.0694127  -0.0362482  0.0694127  0.162446
0.297201  -0.0976272  -0.0362302  -0.0976272  0.254337  0.0693985  -0.0362302  0.0693985  0.162456
0.29714  -0.0970334  -0.0359478  -0.0970334  0.25396  0.069144  -0.0359478  0.069144  0.162581
0.297138  -0.0969945  -0.0359307  -0.0969945  0.253927  0.0691234  -0.0359307  0.0691234  0.162586
0.297093  -0.0964284  -0.0356602  -0.0964284  0.253555  0.0688718  -0.0356602  0.0688718  0.162703
0.297071  -0.0960631  -0.0354662  -0.0960631  0.253295  0.0686897  -0.0354662  0.0686897  0.162775
0.29707  -0.0960393  -0.0354446  -0.0960393  0.253279  0.0686745  -0.0354446  0.0686745  0.16278
0.297051  -0.0955239  -0.0351288  -0.0955239  0.252885  0.0683853  -0.0351288  0.0683853  0.162875
0.297051  -0.0955004  -0.0351073  -0.0955004  0.252869  0.0683703  -0.0351073  0.0683703  0.162881
0.297045  -0.0950395  -0.0348378  -0.0950395  0.252489  0.0681005  -0.0348378  0.0681005  0.162959
0.297044  -0.0950016  -0.0348212  -0.0950016  0.252458  0.0680805  -0.0348212  0.0680805  0.162965
0.297047  -0.0946143  -0.0345619  -0.0946143  0.25212  0.0678301  -0.0345619  0.0678301  0.163028
0.297054  -0.0943555  -0.0343925  -0.0943555  0.251872  0.0676516  -0.0343925  0.0676516  0.163063
0.297054  -0.0943324  -0.0343714  -0.0943324  0.251856  0.067637  -0.0343714  0.067637  0.163069
0.297066  -0.094038  -0.0341313  -0.094038  0.25157  0.0674131  -0.0341313  0.0674131  0.163111
0.297068  -0.0940168  -0.0341109  -0.0940168  0.251543  0.0673921  -0.0341109  0.0673921  0.163112
0.297086  -0.0937527  -0.0338513  -0.0937527  0.251259  0.0671591  -0.0338513  0.0671591  0.163146
0.297087  -0.0937349  -0.0338434  -0.0937349  0.251238  0.0671461  -0.0338434  0.0671461  0.163147
0.297108  -0.0935412  -0.033593  -0.0935412  0.250991  0.066931  -0.033593  0.066931  0.163164
0.29711  -0.0935202  -0.0335727  -0.0935202  0.250964  0.0669103  -0.0335727  0.0669103  0.163165
0.297135  -0.0933642  -0.033328  -0.0933642  0.250719  0.0666949  -0.033328  0.0666949  0.163168
0.297152  -0.0932529  -0.033191  -0.0932529  0.250544  0.0665554  -0.033191  0.0665554  0.163166
0.297154  -0.0932462  -0.0331661  -0.0932462  0.250532  0.0665398  -0.0331661  0.0665398  0.163167
0.297178  -0.0931361  -0.0329638  -0.0931361  0.250318  0.0663541  -0.0329638  0.0663541  0.163159
0.297181  -0.0931346  -0.032952  -0.0931346  0.250301  0.0663399  -0.032952  0.0663399  0.163154
0.297207  -0.0930372  -0.0327336  -0.0930372  0.250084  0.0661456  -0.0327336  0.0661456  0.163141
0.297225  -0.0930093  -0.0326004  -0.0930093  0.24996  0.0660285  -0.0326004  0.0660285  0.163123
0.297228  -0.0929901  -0.0325809  -0.0929901  0.249922  0.0660016  -0.0325809  0.0660016  0.16312
0.297253  -0.0929631  -0.0323825  -0.0929631  0.249759  0.0658384  -0.0323825  0.0658384  0.163094
0.297256  -0.0929615  -0.0323706  -0.0929615  0.249741  0.0658243  -0.0323706  0.0658243  0.16309
0.297283  -0.0929412  -0.0321857  -0.0929412  0.249561  0.0656561  -0.0321857  0.0656561  0.163055
0.297302  -0.0929483  -0.0320568  -0.0929483  0.249449  0.0655443  -0.0320568  0.0655443  0.163026
0.297303  -0.092945  -0.0320445  -0.092945  0.249443  0.0655366  -0.0320445  0.0655366  0.163026
0.29733  -0.0929547  -0.0318509  -0.0929547  0.249281  0.0653724  -0.0318509  0.0653724  0.162986
0.297333  -0.092953  -0.0318391  -0.092953  0.249263  0.0653583  -0.0318391  0.0653583  0.162982
0.297359  -0.0929802  -0.0316532  -0.0929802  0.249122  0.0652067  -0.0316532  0.0652067  0.162941
0.29738  -0.0929996  -0.0315079  -0.0929996  0.249007  0.0650862  -0.0315079  0.0650862  0.162909
0.297381  -0.0929963  -0.0314957  -0.0929963  0.249001  0.0650786  -0.0314957  0.0650786  0.162909
0.297407  -0.0930282  -0.0313226  -0.0930282  0.248854  0.0649285  -0.0313226  0.0649285  0.162864
0.29741  -0.0930265  -0.0313108  -0.0930265  0.248836  0.0649144  -0.0313108  0.0649144  0.16286
0.297436  -0.0930617  -0.0311499  -0.0930617  0.248695  0.0647719  -0.0311499  0.0647719  0.162814
0.297455  -0.0930765  -0.0310461  -0.0930765  0.248584  0.0646694  -0.0310461  0.0646694  0.16278
0.297457  -0.0930748  -0.0310343  -0.0930748  0.248566  0.0646554  -0.0310343  0.0646554  0.162776
0.297482  -0.0931081  -0.0308729  -0.0931081  0.248437  0.0645196  -0.0308729  0.0645196  0.162736
0.297483  -0.0931241  -0.0308686  -0.0931241  0.24844  0.0645179  -0.0308686  0.0645179  0.16273
0.297506  -0.0931557  -0.0307069  -0.0931557  0.248323  0.0643888  -0.0307069  0.0643888  0.162695
0.297521  -0.0931705  -0.0306144  -0.0931705  0.248242  0.064307  -0.0306144  0.064307  0.162672
0.297524  -0.0931687  -0.0306026  -0.0931687  0.248224  0.064293  -0.0306026  0.064293  0.162668
0.297544  -0.0932053  -0.0304649  -0.0932053  0.248131  0.0641854  -0.0304649  0.0641854  0.162636
0.297544  -0.093202  -0.0304527  -0.093202  0.248125  0.064178  -0.0304527  0.064178  0.162637
0.297563  -0.0932226  -0.0303194  -0.0932226  0.248029  0.0640722  -0.0303194  0.0640722  0.162612
0.297576  -0.0932357  -0.0302265  -0.0932357  0.247959  0.0639971  -0.0302265  0.0639971  0.162594
0.297579  -0.0932339  -0.0302147  -0.0932339  0.247942  0.0639831  -0.0302147  0.0639831  0.16259
0.297596  -0.0932385  -0.0300858  -0.0932385  0.247843  0.0638793  -0.0300858  0.0638793  0.16257
0.297596  -0.0932385  -0.0300858  -0.0932385  0.247843  0.0638793  -0.0300858  0.0638793  0.16257
0.297613  -0.0932094  -0.0299539  -0.0932094  0.247721  0.0637652  -0.0299539  0.0637652  0.162558
0.297624  -0.0931906  -0.02987  -0.0931906  0.247646  0.0636938  -0.02987  0.0636938  0.162551
0.297625  -0.0931872  -0.0298578  -0.0931872  0.24764  0.0636864  -0.0298578  0.0636864  0.162552
0.29764  -0.0931599  -0.0297379  -0.0931599  0.247537  0.0635865  -0.0297379  0.0635865  0.162544
0.29764  -0.0931566  -0.0297258  -0.0931566  0.247531  0.0635792  -0.0297258  0.0635792  0.162545
0.297653  -0.0931085  -0.0295979  -0.0931085  0.24743  0.0634804  -0.0295979  0.0634804  0.162549
0.297664  -0.0930561  -0.0295112  -0.0930561  0.247332  0.0633991  -0.0295112  0.0633991  0.16255
0.297664  -0.0930561  -0.0295112  -0.0930561  0.247332  0.0633991  -0.0295112  0.0633991  0.16255
0.297677  -0.0929937  -0.0293883  -0.0929937  0.247217  0.063296  -0.0293883  0.063296  0.162555
0.297677  -0.0929937  -0.0293883  -0.0929937  0.247217  0.063296  -0.0293883  0.063296  0.162555
0.297687  -0.0929332  -0.0292774  -0.0929332  0.24712  0.0632069  -0.0292774  0.0632069  0.162564
0.297696  -0.0928827  -0.0292027  -0.0928827  0.24704  0.0631399  -0.0292027  0.0631399  0.162569
0.297697  -0.0928651  -0.0291954  -0.0928651  0.24702  0.0631279  -0.0291954  0.0631279  0.16257
0.297706  -0.0927922  -0.0291012  -0.0927922  0.246926  0.0630483  -0.0291012  0.0630483  0.162584
0.297706  -0.0927888  -0.0290892  -0.0927888  0.24692  0.063041  -0.0290892  0.063041  0.162585
0.297715  -0.0927193  -0.0290071  -0.0927193  0.246832  0.0629688  -0.0290071  0.0629688  0.162597
0.297716  -0.0927017  -0.0289998  -0.0927017  0.246812  0.0629569  -0.0289998  0.0629569  0.162599
0.297727  -0.0926224  -0.0288818  -0.0926224  0.246707  0.0628631  -0.0288818  0.0628631  0.162615
0.297728  -0.0926048  -0.0288745  -0.0926048  0.246687  0.0628512  -0.0288745  0.0628512  0.162617
0.297736  -0.0925164  -0.0287852  -0.0925164  0.246591  0.062774  -0.0287852  0.062774  0.162636
0.297737  -0.0925131  -0.0287732  -0.0925131  0.246585  0.0627667  -0.0287732  0.0627667  0.162638
0.297745  -0.0924248  -0.028684  -0.0924248  0.24649  0.0626897  -0.028684  0.0626897  0.162657
0.297753  -0.092348  -0.0286311  -0.092348  0.246399  0.0626279  -0.0286311  0.0626279  0.162668
0.297752  -0.0923433  -0.0286188  -0.0923433  0.246405  0.0626272  -0.0286188  0.0626272  0.162674
0.297763  -0.0922281  -0.0285396  -0.0922281  0.246269  0.0625347  -0.0285396  0.0625347  0.16269
0.297763  -0.0922234  -0.0285274  -0.0922234  0.246276  0.0625341  -0.0285274  0.0625341  0.162696
0.297772  -0.092107  -0.028448  -0.092107  0.246152  0.0624483  -0.028448  0.0624483  0.162717
0.29778  -0.0920304  -0.0283953  -0.0920304  0.246062  0.0623868  -0.0283953  0.0623868  0.162728
0.297781  -0.0920272  -0.0283834  -0.0920272  0.246056  0.0623797  -0.0283834  0.0623797  0.162729
0.297791  -0.0919253  -0.0282995  -0.0919253  0.245947  0.0622989  -0.0282995  0.0622989  0.16275
0.297792  -0.091922  -0.0282876  -0.091922  0.245942  0.0622918  -0.0282876  0.0622918  0.162752
0.2978  -0.0918235  -0.0282157  -0.0918235  0.245839  0.0622182  -0.0282157  0.0622182  0.162771
0.297801  -0.0918202  -0.0282038  -0.0918202  0.245833  0.0622111  -0.0282038  0.0622111  0.162773
0.29781  -0.091736  -0.0281273  -0.091736  0.245745  0.0621424  -0.0281273  0.0621424  0.162792
0.297817  -0.091663  -0.0280869  -0.091663  0.245661  0.0620885  -0.0280869  0.0620885  0.162802
0.297818  -0.0916597  -0.028075  -0.0916597  0.245655  0.0620815  -0.028075  0.0620815  0.162803
0.297828  -0.0915817  -0.028011  -0.0915817  0.245549  0.0620071  -0.028011  0.0620071  0.162811
0.297829  -0.0915784  -0.0279992  -0.0915784  0.245543  0.062  -0.0279992  0.062  0.162813
0.297838  -0.091499  -0.027935  -0.091499  0.245449  0.0619322  -0.027935  0.0619322  0.162826
0.297846  -0.0914262  -0.0278947  -0.0914262  0.245366  0.0618786  -0.0278947  0.0618786  0.162835
0.297846  -0.0914262  -0.0278947  -0.0914262  0.245366  0.0618786  -0.0278947  0.0618786  0.162835
0.297854  -0.0913657  -0.027838  -0.0913657  0.245279  0.0618162  -0.027838  0.0618162  0.162842
0.297856  -0.0913483  -0.0278309  -0.0913483  0.24526  0.0618046  -0.0278309  0.0618046  0.162844
0.297863  -0.0912897  -0.0277859  -0.0912897  0.245191  0.0617557  -0.0277859  0.0617557  0.162853
0.297871  -0.0912325  -0.0277412  -0.0912325  0.24511  0.0617004  -0.0277412  0.0617004  0.162858
0.297871  -0.0912325  -0.0277412  -0.0912325  0.24511  0.0617004  -0.0277412  0.0617004  0.162858
0.297877  -0.091174  -0.0276963  -0.091174  0.245041  0.0616517  -0.0276963  0.0616517  0.162867
0.297878  -0.0911708  -0.0276844  -0.0911708  0.245036  0.0616447  -0.0276844  0.0616447  0.162869
0.297885  -0.091131  -0.0276469  -0.091131  0.244974  0.0616011  -0.0276469  0.0616011  0.162872
0.29789  -0.0910944  -0.0276211  -0.0910944  0.244919  0.0615646  -0.0276211  0.0615646  0.162873
0.297891  -0.0910911  -0.0276093  -0.0910911  0.244913  0.0615576  -0.0276093  0.0615576  0.162874
0.297898  -0.0910372  -0.0275765  -0.0910372  0.244838  0.0615095  -0.0275765  0.0615095  0.162877
0.297898  -0.0910372  -0.0275765  -0.0910372  0.244838  0.0615095  -0.0275765  0.0615095  0.162877
0.297904  -0.0909975  -0.027539  -0.0909975  0.244777  0.0614661  -0.027539  0.0614661  0.16288
0.297908  -0.0909782  -0.0275203  -0.0909782  0.244741  0.0614411  -0.0275203  0.0614411  0.162879
0.297909  -0.090975  -0.0275085  -0.090975  0.244736  0.0614342  -0.0275085  0.0614342  0.162881
0.297914  -0.0909526  -0.0274781  -0.0909526  0.244694  0.0614023  -0.0274781  0.0614023  0.162881
0.297918  -0.0909334  -0.0274594  -0.0909334  0.244658  0.0613774  -0.0274594  0.0613774  0.16288
0.297918  -0.0909334  -0.0274594  -0.0909334  0.244658  0.0613774  -0.0274594  0.0613774  0.16288
0.297922  -0.090925  -0.0274243  -0.090925  0.24463  0.0613501  -0.0274243  0.0613501  0.16288
0.297923  -0.0909218  -0.0274125  -0.0909218  0.244625  0.0613431  -0.0274125  0.0613431  0.162882
0.297927  -0.0909026  -0.0273939  -0.0909026  0.244588  0.0613182  -0.0273939  0.0613182  0.162881
0.297927  -0.0909026  -0.0273939  -0.0909026  0.244588  0.0613182  -0.0273939  0.0613182  0.162881
0.297931  -0.0909129  -0.027366  -0.0909129  0.244568  0.061296  -0.027366  0.061296  0.162874
0.297933  -0.090911  -0.0273545  -0.090911  0.244551  0.0612826  -0.0273545  0.0612826  0.162871
0.297934  -0.0909077  -0.0273427  -0.0909077  0.244546  0.0612756  -0.0273427  0.0612756  0.162873
0.297936  -0.0909058  -0.0273311  -0.0909058  0.244529  0.0612623  -0.0273311  0.0612623  0.162869
0.297938  -0.090918  -0.0273148  -0.090918  0.244526  0.0612534  -0.0273148  0.0612534  0.162866
0.297938  -0.090918  -0.0273148  -0.090918  0.244526  0.0612534  -0.0273148  0.0612534  0.162866
0.297939  -0.0909347  -0.0273105  -0.0909347  0.244516  0.061245  -0.0273105  0.061245  0.162855
0.297939  -0.0909347  -0.0273105  -0.0909347  0.244516  0.061245  -0.0273105  0.061245  0.162855
0.297941  -0.0909469  -0.0272942  -0.0909469  0.244513  0.0612362  -0.0272942  0.0612362  0.162852
0.297942  -0.0909623  -0.0272897  -0.0909623  0.244515  0.0612343  -0.0272897  0.0612343  0.162846
0.297942  -0.0909623  -0.0272897  -0.0909623  0.244515  0.0612343  -0.0272897  0.0612343  0.162846
0.297941  -0.0909809  -0.0272969  -0.0909809  0.244523  0.0612393  -0.0272969  0.0612393  0.162839
0.297941  -0.0909809  -0.0272969  -0.0909809  0.244523  0.0612393  -0.0272969  0.0612393  0.162839
0.297942  -0.0909964  -0.0272924  -0.0909964  0.244525  0.0612373  -0.0272924  0.0612373  0.162834
0.297942  -0.0910118  -0.0272879  -0.0910118  0.244527  0.0612354  -0.0272879  0.0612354  0.162828
0.297942  -0.0910118  -0.0272879  -0.0910118  0.244527  0.0612354  -0.0272879  0.0612354  0.162828
0.297942  -0.0910413  -0.0272786  -0.0910413  0.244544  0.061238  -0.0272786  0.061238  0.162823
0.297942  -0.0910413  -0.0272786  -0.0910413  0.244544  0.061238  -0.0272786  0.061238  0.162823
0.297943  -0.0910568  -0.0272741  -0.0910568  0.244546  0.0612361  -0.0272741  0.0612361  0.162817
0.297942  -0.0910754  -0.0272813  -0.0910754  0.244553  0.0612411  -0.0272813  0.0612411  0.16281
0.297942  -0.0910754  -0.0272813  -0.0910754  0.244553  0.0612411  -0.0272813  0.0612411  0.16281
0.297943  -0.0910908  -0.0272768  -0.0910908  0.244556  0.0612392  -0.0272768  0.0612392  0.162805
0.297943  -0.0910908  -0.0272768  -0.0910908  0.244556  0.0612392  -0.0272768  0.0612392  0.162805
0.297942  -0.0911236  -0.0272793  -0.0911236  0.244577  0.0612488  -0.0272793  0.0612488  0.162797
0.297942  -0.0911378  -0.0272746  -0.0911378  0.244591  0.0612533  -0.0272746  0.0612533  0.162797
0.297942  -0.0911378  -0.0272746  -0.0911378  0.244591  0.0612533  -0.0272746  0.0612533  0.162797
0.297941  -0.0911564  -0.0272818  -0.0911564  0.244599  0.0612583  -0.0272818  0.0612583  0.16279
0.297941  -0.0911564  -0.0272818  -0.0911564  0.244599  0.0612583  -0.0272818  0.0612583  0.16279
0.297941  -0.0911706  -0.0272771  -0.0911706  0.244613  0.0612628  -0.0272771  0.0612628  0.162789
0.29794  -0.0911847  -0.0272723  -0.0911847  0.244627  0.0612674  -0.0272723  0.0612674  0.162789
0.29794  -0.0911847  -0.0272723  -0.0911847  0.244627  0.0612674  -0.0272723  0.0612674  0.162789
0.29794  -0.0911989  -0.0272676  -0.0911989  0.244641  0.0612719  -0.0272676  0.0612719  0.162789
0.29794  -0.0911989  -0.0272676  -0.0911989  0.244641  0.0612719  -0.0272676  0.0612719  0.162789
0.29794  -0.091213  -0.0272628  -0.091213  0.244655  0.0612765  -0.0272628  0.0612765  0.162788
0.297939  -0.0912272  -0.0272581  -0.0912272  0.244669  0.061281  -0.0272581  0.061281  0.162788
0.297939  -0.0912226  -0.0272461  -0.0912226  0.244675  0.0612805  -0.0272461  0.0612805  0.162795
0.297939  -0.0912368  -0.0272414  -0.0912368  0.244689  0.0612851  -0.0272414  0.0612851  0.162794
0.297939  -0.0912368  -0.0272414  -0.0912368  0.244689  0.0612851  -0.0272414  0.0612851  0.162794
0.297939  -0.0912619  -0.0272201  -0.0912619  0.244712  0.0612872  -0.0272201  0.0612872  0.162796
0.297939  -0.0912619  -0.0272201  -0.0912619  0.244712  0.0612872  -0.0272201  0.0612872  0.162796
0.29794  -0.0912728  -0.0272036  -0.0912728  0.244721  0.0612848  -0.0272036  0.0612848  0.162797
0.297939  -0.0912965  -0.0271821  -0.0912965  0.244755  0.0612934  -0.0271821  0.0612934  0.162803
0.297939  -0.0912965  -0.0271821  -0.0912965  0.244755  0.0612934  -0.0271821  0.0612934  0.162803
0.297939  -0.0913075  -0.0271656  -0.0913075  0.244764  0.061291  -0.0271656  0.061291  0.162805
0.297939  -0.0913216  -0.0271608  -0.0913216  0.244778  0.0612955  -0.0271608  0.0612955  0.162804
0.297941  -0.0913293  -0.0271325  -0.0913293  0.244781  0.0612861  -0.0271325  0.0612861  0.162808
0.29794  -0.0913531  -0.027111  -0.0913531  0.244816  0.0612947  -0.027111  0.0612947  0.162814
0.29794  -0.0913531  -0.027111  -0.0913531  0.244816  0.0612947  -0.027111  0.0612947  0.162814
0.297941  -0.091375  -0.027078  -0.091375  0.244833  0.0612899  -0.027078  0.0612899  0.162817
0.297942  -0.0913717  -0.0270662  -0.0913717  0.244828  0.061283  -0.0270662  0.061283  0.162819
0.297943  -0.0913936  -0.0270331  -0.0913936  0.244845  0.0612781  -0.0270331  0.0612781  0.162822
0.297945  -0.0914013  -0.0270048  -0.0914013  0.244848  0.0612688  -0.0270048  0.0612688  0.162825
0.297945  -0.0914013  -0.0270048  -0.0914013  0.244848  0.0612688  -0.0270048  0.0612688  0.162825
0.297947  -0.09142  -0.02696  -0.09142  0.244861  0.061257  -0.02696  0.061257  0.16283
0.297947  -0.09142  -0.02696  -0.09142  0.244861  0.061257  -0.02696  0.061257  0.16283
0.29795  -0.0914496  -0.0268987  -0.0914496  0.244882  0.0612428  -0.0268987  0.0612428  0.162836
0.297952  -0.0914573  -0.0268704  -0.0914573  0.244885  0.0612335  -0.0268704  0.0612335  0.16284
0.297953  -0.0914682  -0.0268539  -0.0914682  0.244894  0.0612311  -0.0268539  0.0612311  0.162841
0.297956  -0.0914837  -0.0267973  -0.0914837  0.244901  0.0612124  -0.0267973  0.0612124  0.162848
0.297956  -0.0914837  -0.0267973  -0.0914837  0.244901  0.0612124  -0.0267973  0.0612124  0.162848
0.297961  -0.0915101  -0.0267242  -0.0915101  0.244916  0.0611913  -0.0267242  0.0611913  0.162857
0.297964  -0.0915114  -0.0266725  -0.0915114  0.244909  0.0611681  -0.0266725  0.0611681  0.162864
0.297964  -0.0915255  -0.0266677  -0.0915255  0.244923  0.0611726  -0.0266677  0.0611726  0.162864
0.297969  -0.0915333  -0.0265875  -0.0915333  0.244931  0.0611466  -0.0265875  0.0611466  0.16288
0.29797  -0.09153  -0.0265758  -0.09153  0.244926  0.0611397  -0.0265758  0.0611397  0.162882
0.297976  -0.0915391  -0.0264959  -0.0915391  0.244922  0.0611073  -0.0264959  0.0611073  0.162893
0.297981  -0.0915481  -0.026416  -0.0915481  0.244919  0.0610749  -0.026416  0.0610749  0.162904
0.297981  -0.0915481  -0.026416  -0.0915481  0.244919  0.0610749  -0.026416  0.0610749  0.162904
0.29799  -0.0915463  -0.0263008  -0.0915463  0.244911  0.0610283  -0.0263008  0.0610283  0.162927
0.29799  -0.0915463  -0.0263008  -0.0915463  0.244911  0.0610283  -0.0263008  0.0610283  0.162927
0.297999  -0.0915412  -0.0261741  -0.0915412  0.244898  0.060975  -0.0261741  0.060975  0.162951
0.298006  -0.0915317  -0.0260873  -0.0915317  0.244887  0.0609379  -0.0260873  0.0609379  0.16297
0.298007  -0.0915285  -0.0260756  -0.0915285  0.244882  0.060931  -0.0260756  0.060931  0.162972
0.298018  -0.0915061  -0.0259423  -0.0915061  0.24485  0.0608666  -0.0259423  0.0608666  0.163
0.298019  -0.0915029  -0.0259306  -0.0915029  0.244844  0.0608598  -0.0259306  0.0608598  0.163002
0.298032  -0.0914775  -0.0257858  -0.0914775  0.244807  0.0607887  -0.0257858  0.0607887  0.163032
0.298041  -0.0914507  -0.0256925  -0.0914507  0.244777  0.0607406  -0.0256925  0.0607406  0.163054
0.298042  -0.0914475  -0.0256808  -0.0914475  0.244772  0.0607338  -0.0256808  0.0607338  0.163056
0.298055  -0.0914177  -0.0255245  -0.0914177  0.244741  0.0606627  -0.0255245  0.0606627  0.163094
0.298056  -0.0914146  -0.0255129  -0.0914146  0.244736  0.0606559  -0.0255129  0.0606559  0.163096
0.298071  -0.091372  -0.0253619  -0.091372  0.24468  0.0605742  -0.0253619  0.0605742  0.16313
0.298083  -0.0913249  -0.0252506  -0.0913249  0.244625  0.0605085  -0.0252506  0.0605085  0.163158
0.298086  -0.0913185  -0.0252274  -0.0913185  0.244615  0.060495  -0.0252274  0.060495  0.163162
0.298103  -0.0912686  -0.0250536  -0.0912686  0.244561  0.0604068  -0.0250536  0.0604068  0.163206
0.298104  -0.0912654  -0.025042  -0.0912654  0.244555  0.0604  -0.025042  0.0604  0.163208
0.298124  -0.0912137  -0.0248571  -0.0912137  0.244484  0.0602989  -0.0248571  0.0602989  0.16325
0.298141  -0.0911574  -0.0247119  -0.0911574  0.244415  0.0602139  -0.0247119  0.0602139  0.163286
0.298142  -0.0911543  -0.0247003  -0.0911543  0.24441  0.0602072  -0.0247003  0.0602072  0.163289
0.298166  -0.0910836  -0.024498  -0.0910836  0.244303  0.0600825  -0.024498  0.0600825  0.163332
0.298168  -0.0910805  -0.0244865  -0.0910805  0.244298  0.0600759  -0.0244865  0.0600759  0.163334
0.298194  -0.0910025  -0.0242616  -0.0910025  0.244194  0.0599449  -0.0242616  0.0599449  0.163388
0.298215  -0.0909415  -0.0240945  -0.0909415  0.244103  0.0598412  -0.0240945  0.0598412  0.163426
0.298216  -0.0909384  -0.024083  -0.0909384  0.244098  0.0598346  -0.024083  0.0598346  0.163428
0.298247  -0.0908448  -0.0238526  -0.0908448  0.243964  0.0596873  -0.0238526  0.0596873  0.163482
0.298267  -0.0907731  -0.0237025  -0.0907731  0.243865  0.0595867  -0.0237025  0.0595867  0.163518
0.29827  -0.0907669  -0.0236797  -0.0907669  0.243855  0.0595735  -0.0236797  0.0595735  0.163523
0.2983  -0.0906779  -0.0234617  -0.0906779  0.243715  0.0594275  -0.0234617  0.0594275  0.163571
0.298303  -0.0906717  -0.0234389  -0.0906717  0.243705  0.0594145  -0.0234389  0.0594145  0.163576
0.298335  -0.0905787  -0.0232101  -0.0905787  0.243572  0.0592691  -0.0232101  0.0592691  0.163632
0.29836  -0.0905013  -0.0230384  -0.0905013  0.243465  0.0591568  -0.0230384  0.0591568  0.163676
0.298361  -0.0904983  -0.0230271  -0.0904983  0.24346  0.0591503  -0.0230271  0.0591503  0.163679
0.298399  -0.0903835  -0.0227704  -0.0903835  0.243287  0.0589762  -0.0227704  0.0589762  0.163741
0.298402  -0.0903774  -0.0227478  -0.0903774  0.243278  0.0589633  -0.0227478  0.0589633  0.163746
0.298441  -0.0902619  -0.0224918  -0.0902619  0.243118  0.0587966  -0.0224918  0.0587966  0.163815
0.298444  -0.0902417  -0.0224741  -0.0902417  0.243094  0.0587795  -0.0224741  0.0587795  0.163821
0.298489  -0.0901045  -0.0221901  -0.0901045  0.242895  0.058584  -0.0221901  0.058584  0.163894
0.298492  -0.0900984  -0.0221677  -0.0900984  0.242886  0.0585713  -0.0221677  0.0585713  0.1639
0.298533  -0.0899706  -0.0219183  -0.0899706  0.242702  0.058396  -0.0219183  0.058396  0.163967
0.298564  -0.0898742  -0.0217317  -0.0898742  0.242574  0.0582699  -0.0217317  0.0582699  0.164021
0.298568  -0.0898542  -0.0217142  -0.0898542  0.242551  0.0582532  -0.0217142  0.0582532  0.164027
0.298613  -0.089709  -0.0214599  -0.089709  0.242362  0.0580756  -0.0214599  0.0580756  0.164105
0.298616  -0.089703  -0.0214376  -0.089703  0.242352  0.0580631  -0.0214376  0.0580631  0.164111
0.298664  -0.0895422  -0.0211779  -0.0895422  0.242135  0.0578698  -0.0211779  0.0578698  0.164188
0.2987  -0.0894147  -0.0209917  -0.0894147  0.241988  0.0577378  -0.0209917  0.0577378  0.164254
0.298703  -0.0894088  -0.0209695  -0.0894088  0.241979  0.0577255  -0.0209695  0.0577255  0.16426
0.298761  -0.089233  -0.0206563  -0.089233  0.241751  0.05751  -0.0206563  0.05751  0.164361
0.298765  -0.0892131  -0.0206391  -0.0892131  0.241729  0.0574936  -0.0206391  0.0574936  0.164368
0.298819  -0.0890358  -0.020376  -0.0890358  0.241508  0.0573001  -0.020376  0.0573001  0.164458
0.298822  -0.0890299  -0.020354  -0.0890299  0.241498  0.0572879  -0.020354  0.0572879  0.164465
0.298879  -0.0888364  -0.0200858  -0.0888364  0.241261  0.0570855  -0.0200858  0.0570855  0.16456
0.298916  -0.0887133  -0.0199133  -0.0887133  0.241123  0.0569631  -0.0199133  0.0569631  0.164627
0.298921  -0.0886936  -0.0198963  -0.0886936  0.2411  0.056947  -0.0198963  0.056947  0.164634
0.298977  -0.0885178  -0.0196358  -0.0885178  0.240883  0.0567569  -0.0196358  0.0567569  0.164729
0.298982  -0.0884981  -0.0196189  -0.0884981  0.24086  0.056741  -0.0196189  0.056741  0.164736
0.299042  -0.0883052  -0.0193535  -0.0883052  0.240638  0.0565487  -0.0193535  0.0565487  0.164841
0.29909  -0.0881587  -0.0191442  -0.0881587  0.24046  0.0563946  -0.0191442  0.0563946  0.16492
0.299095  -0.0881391  -0.0191275  -0.0881391  0.240437  0.0563788  -0.0191275  0.0563788  0.164928
0.299162  -0.0879415  -0.0188424  -0.0879415  0.240209  0.0561772  -0.0188424  0.0561772  0.165043
0.299167  -0.087922  -0.0188257  -0.087922  0.240187  0.0561616  -0.0188257  0.0561616  0.165051
0.299237  -0.0877222  -0.0185311  -0.0877222  0.239956  0.0559558  -0.0185311  0.0559558  0.165172
0.299284  -0.0875827  -0.0183457  -0.0875827  0.239789  0.0558164  -0.0183457  0.0558164  0.165248
0.299291  -0.0875734  -0.0183137  -0.0875734  0.239788  0.0558056  -0.0183137  0.0558056  0.165265
0.299358  -0.0873703  -0.0180579  -0.0873703  0.239548  0.0556093  -0.0180579  0.0556093  0.165373
0.299366  -0.0873474  -0.0180309  -0.0873474  0.239533  0.0555946  -0.0180309  0.0555946  0.16539
0.29944  -0.0871502  -0.0177395  -0.0871502  0.239295  0.0553868  -0.0177395  0.0553868  0.165512
0.299495  -0.0869918  -0.01754  -0.0869918  0.239122  0.0552414  -0.01754  0.0552414  0.165605
0.299499  -0.0869862  -0.0175188  -0.0869862  0.239113  0.0552301  -0.0175188  0.0552301  0.165613
0.299576  -0.0867648  -0.0172499  -0.0867648  0.238868  0.0550292  -0.0172499  0.0550292  0.16574
0.299584  -0.0867428  -0.0172231  -0.0867428  0.238843  0.0550086  -0.0172231  0.0550086  0.165752
0.299666  -0.0865189  -0.0169451  -0.0865189  0.238607  0.0548102  -0.0169451  0.0548102  0.16589
0.299724  -0.0863756  -0.0167431  -0.0863756  0.238449  0.0546719  -0.0167431  0.0546719  0.165987
0.29973  -0.0863564  -0.016727  -0.0863564  0.238428  0.054657  -0.016727  0.054657  0.165995
0.299815  -0.0861452  -0.0164356  -0.0861452  0.238193  0.0544534  -0.0164356  0.0544534  0.166136
0.299823  -0.0861234  -0.0164091  -0.0861234  0.238167  0.0544332  -0.0164091  0.0544332  0.166149
0.299914  -0.0859097  -0.0161089  -0.0859097  0.237941  0.0542323  -0.0161089  0.0542323  0.166302
0.299979  -0.0857515  -0.0159039  -0.0857515  0.237771  0.054088  -0.0159039  0.054088  0.166408
0.299985  -0.0857325  -0.015888  -0.0857325  0.23775  0.0540735  -0.015888  0.0540735  0.166416
0.30008  -0.0855066  -0.0155949  -0.0855066  0.237514  0.0538718  -0.0155949  0.0538718  0.166573
0.300086  -0.0854876  -0.0155791  -0.0854876  0.237494  0.0538574  -0.0155791  0.0538574  0.166582
0.300182  -0.0852517  -0.0153026  -0.0852517  0.237252  0.0536591  -0.0153026  0.0536591  0.166736
0.300262  -0.0850595  -0.0150793  -0.0850595  0.23706  0.0535013  -0.0150793  0.0535013  0.166865
0.300271  -0.085038  -0.0150533  -0.085038  0.237036  0.0534819  -0.0150533  0.0534819  0.166879
0.300316  -0.0849436  -0.0149191  -0.0849436  0.236939  0.0533949  -0.0149191  0.0533949  0.166953
0.300423  -0.0846908  -0.0146299  -0.0846908  0.236681  0.0531865  -0.0146299  0.0531865  0.167122
0.300498  -0.0845193  -0.0144243  -0.0845193  0.236502  0.0530396  -0.0144243  0.0530396  0.16724
0.300505  -0.0845006  -0.0144088  -0.0845006  0.236482  0.0530256  -0.0144088  0.0530256  0.16725
0.300626  -0.0842411  -0.0140919  -0.0842411  0.236228  0.0528116  -0.0140919  0.0528116  0.167443
0.300632  -0.0842224  -0.0140765  -0.0842224  0.236209  0.0527977  -0.0140765  0.0527977  0.167452
0.300745  -0.0839986  -0.013782  -0.0839986  0.235993  0.0526083  -0.013782  0.0526083  0.167633
0.300755  -0.0839774  -0.0137565  -0.0839774  0.23597  0.0525896  -0.0137565  0.0525896  0.167648
0.300878  -0.0837337  -0.0134379  -0.0837337  0.235722  0.0523772  -0.0134379  0.0523772  0.167841
0.300964  -0.0835617  -0.0132264  -0.0835617  0.235556  0.0522369  -0.0132264  0.0522369  0.167977
0.300974  -0.0835407  -0.0132012  -0.0835407  0.235533  0.0522185  -0.0132012  0.0522185  0.167992
0.301104  -0.0832983  -0.0128857  -0.0832983  0.2353  0.0520161  -0.0128857  0.0520161  0.168196
0.301111  -0.0832798  -0.0128706  -0.0832798  0.235281  0.0520027  -0.0128706  0.0520027  0.168206
0.301243  -0.0830143  -0.0125763  -0.0830143  0.235031  0.0518001  -0.0125763  0.0518001  0.168407
0.30134  -0.0828392  -0.012348  -0.0828392  0.234863  0.0516542  -0.012348  0.0516542  0.168558
0.301351  -0.0828183  -0.0123232  -0.0828183  0.234841  0.0516362  -0.0123232  0.0516362  0.168574
0.301491  -0.0825761  -0.0120023  -0.0825761  0.234611  0.0514349  -0.0120023  0.0514349  0.168791
0.301502  -0.0825554  -0.0119776  -0.0825554  0.234589  0.0514172  -0.0119776  0.0514172  0.168807
0.301638  -0.0823192  -0.0116781  -0.0823192  0.234369  0.0512276  -0.0116781  0.0512276  0.169016
0.301746  -0.0821325  -0.0114582  -0.0821325  0.234205  0.0510887  -0.0114582  0.0510887  0.169178
0.301757  -0.0821119  -0.0114338  -0.0821119  0.234183  0.0510712  -0.0114338  0.0510712  0.169194
0.301905  -0.0818724  -0.0111175  -0.0818724  0.233961  0.0508759  -0.0111175  0.0508759  0.169419
0.301916  -0.0818518  -0.0110932  -0.0818518  0.233939  0.0508586  -0.0110932  0.0508586  0.169436
0.302083  -0.0815796  -0.0107596  -0.0815796  0.233697  0.0506513  -0.0107596  0.0506513  0.169686
0.302197  -0.0813927  -0.0105332  -0.0813927  0.233524  0.0505061  -0.0105332  0.0505061  0.169855
0.302211  -0.0813722  -0.0105094  -0.0813722  0.233514  0.0504954  -0.0105094  0.0504954  0.169877
0.302374  -0.0811068  -0.0101979  -0.0811068  0.233273  0.0502949  -0.0101979  0.0502949  0.170116
0.302383  -0.0810888  -0.0101835  -0.0810888  0.233255  0.0502826  -0.0101835  0.0502826  0.170127
0.30254  -0.0808424  -0.00988812  -0.0808424  0.233034  0.0500968  -0.00988812  0.0500968  0.170358
0.302663  -0.0806575  -0.00966544  -0.0806575  0.232877  0.0499623  -0.00966544  0.0499623  0.170538
0.302674  -0.0806505  -0.00963691  -0.0806505  0.232868  0.0499492  -0.00963691  0.0499492  0.170556
0.302859  -0.0803808  -0.00930206  -0.0803808  0.232635  0.0497484  -0.00930206  0.0497484  0.170827
0.30287  -0.0803738  -0.00927367  -0.0803738  0.232626  0.0497355  -0.00927367  0.0497355  0.170845
0.303058  -0.0801185  -0.00893611  -0.0801185  0.232407  0.0495407  -0.00893611  0.0495407  0.17112
0.303188  -0.0799334  -0.00870725  -0.0799334  0.232242  0.0494004  -0.00870725  0.0494004  0.171307
0.303201  -0.0799134  -0.00868388  -0.0799134  0.232222  0.0493845  -0.00868388  0.0493845  0.171325
0.303402  -0.0796315  -0.00834986  -0.0796315  0.231983  0.0491832  -0.00834986  0.0491832  0.171612
0.303415  -0.0796116  -0.00832663  -0.0796116  0.231964  0.0491674  -0.00832663  0.0491674  0.171631
0.303609  -0.0793616  -0.00800376  -0.0793616  0.231756  0.0489837  -0.00800376  0.0489837  0.171909
0.303742  -0.0791833  -0.00779749  -0.0791833  0.231613  0.0488627  -0.00779749  0.0488627  0.172096
0.303756  -0.0791635  -0.00777448  -0.0791635  0.231594  0.0488472  -0.00777448  0.0488472  0.172115
0.303958  -0.0789023  -0.00745945  -0.0789023  0.23138  0.0486642  -0.00745945  0.0486642  0.172398
0.303971  -0.0788825  -0.00743659  -0.0788825  0.231361  0.048649  -0.00743659  0.048649  0.172417
0.304193  -0.0786136  -0.0070868  -0.0786136  0.231139  0.0484528  -0.0070868  0.0484528  0.172731
0.304211  -0.0785917  -0.00705493  -0.0785917  0.231117  0.0484338  -0.00705493  0.0484338  0.172757
0.304437  -0.0783002  -0.00672605  -0.0783002  0.23088  0.0482379  -0.00672605  0.0482379  0.173067
0.304598  -0.078103  -0.00649291  -0.078103  0.230723  0.0481045  -0.00649291  0.0481045  0.173289
