0.326569  -0.141771  -0.0685258  -0.141771  0.280859  0.0905816  -0.0685258  0.0905816  0.162573
0.326569  -0.141771  -0.0685258  -0.141771  0.280859  0.0905816  -0.0685258  0.0905816  0.162573
0.326569  -0.141771  -0.0685258  -0.141771  0.280859  0.0905816  -0.0685258  0.0905816  0.162573
0.326569  -0.141771  -0.0685258  -0.141771  0.280859  0.0905816  -0.0685258  0.0905816  0.162573
0.326586  -0.141776  -0.0685281  -0.141776  0.280846  0.090574  -0.0685281  0.090574  0.162569
0.326586  -0.141776  -0.0685281  -0.141776  0.280846  0.090574  -0.0685281  0.090574  0.162569
0.326594  -0.141785  -0.0685488  -0.141785  0.280858  0.0905893  -0.0685488  0.0905893  0.162578
0.326594  -0.141785  -0.0685488  -0.141785  0.280858  0.0905893  -0.0685488  0.0905893  0.162578
0.326603  -0.141767  -0.0685551  -0.141767  0.280818  0.0905742  -0.0685551  0.0905742  0.162575
0.326603  -0.141767  -0.0685551  -0.141767  0.280818  0.0905742  -0.0685551  0.0905742  0.162575
0.326611  -0.141776  -0.0685759  -0.141776  0.28083  0.0905895  -0.0685759  0.0905895  0.162584
0.326628  -0.141781  -0.0685782  -0.141781  0.280818  0.0905819  -0.0685782  0.0905819  0.16258
0.326628  -0.141781  -0.0685782  -0.141781  0.280818  0.0905819  -0.0685782  0.0905819  0.16258
0.326653  -0.14181  -0.0685765  -0.14181  0.280833  0.0905818  -0.0685765  0.0905818  0.162575
0.326662  -0.141819  -0.0685973  -0.141819  0.280845  0.0905971  -0.0685973  0.0905971  0.162583
0.326678  -0.141825  -0.0685996  -0.141825  0.280832  0.0905895  -0.0685996  0.0905895  0.162579
0.326678  -0.141825  -0.0685996  -0.141825  0.280832  0.0905895  -0.0685996  0.0905895  0.162579
0.326695  -0.14183  -0.0686019  -0.14183  0.280819  0.0905819  -0.0686019  0.0905819  0.162575
0.326695  -0.14183  -0.0686019  -0.14183  0.280819  0.0905819  -0.0686019  0.0905819  0.162575
0.326721  -0.141844  -0.0686249  -0.141844  0.280819  0.0905896  -0.0686249  0.0905896  0.16258
0.326721  -0.141844  -0.0686249  -0.141844  0.280819  0.0905896  -0.0686249  0.0905896  0.16258
0.326738  -0.14185  -0.0686272  -0.14185  0.280806  0.090582  -0.0686272  0.090582  0.162576
0.326738  -0.14185  -0.0686272  -0.14185  0.280806  0.090582  -0.0686272  0.090582  0.162576
0.326754  -0.141855  -0.0686296  -0.141855  0.280794  0.0905745  -0.0686296  0.0905745  0.162572
0.326754  -0.141855  -0.0686296  -0.141855  0.280794  0.0905745  -0.0686296  0.0905745  0.162572
0.326754  -0.141855  -0.0686296  -0.141855  0.280794  0.0905745  -0.0686296  0.0905745  0.162572
0.326754  -0.141855  -0.0686296  -0.141855  0.280794  0.0905745  -0.0686296  0.0905745  0.162572
0.326754  -0.141855  -0.0686296  -0.141855  0.280794  0.0905745  -0.0686296  0.0905745  0.162572
0.326771  -0.14186  -0.0686319  -0.14186  0.280781  0.0905669  -0.0686319  0.0905669  0.162568
0.326771  -0.14186  -0.0686319  -0.14186  0.280781  0.0905669  -0.0686319  0.0905669  0.162568
0.326771  -0.14186  -0.0686319  -0.14186  0.280781  0.0905669  -0.0686319  0.0905669  0.162568
0.326771  -0.14186  -0.0686319  -0.14186  0.280781  0.0905669  -0.0686319  0.0905669  0.162568
0.326771  -0.14186  -0.0686319  -0.14186  0.280781  0.0905669  -0.0686319  0.0905669  0.162568
0.326763  -0.141837  -0.0686359  -0.141837  0.280754  0.0905593  -0.0686359  0.0905593  0.162569
0.326763  -0.141837  -0.0686359  -0.141837  0.280754  0.0905593  -0.0686359  0.0905593  0.162569
0.326772  -0.141846  -0.0686566  -0.141846  0.280766  0.0905746  -0.0686566  0.0905746  0.162578
0.326772  -0.141846  -0.0686566  -0.141846  0.280766  0.0905746  -0.0686566  0.0905746  0.162578
0.326772  -0.141846  -0.0686566  -0.141846  0.280766  0.0905746  -0.0686566  0.0905746  0.162578
0.326772  -0.141846  -0.0686566  -0.141846  0.280766  0.0905746  -0.0686566  0.0905746  0.162578
0.326772  -0.141846  -0.0686566  -0.141846  0.280766  0.0905746  -0.0686566  0.0905746  0.162578
0.32678  -0.141855  -0.0686774  -0.141855  0.280778  0.0905899  -0.0686774  0.0905899  0.162587
0.32678  -0.141855  -0.0686774  -0.141855  0.280778  0.0905899  -0.0686774  0.0905899  0.162587
0.32678  -0.141855  -0.0686774  -0.141855  0.280778  0.0905899  -0.0686774  0.0905899  0.162587
0.326789  -0.141864  -0.0686982  -0.141864  0.28079  0.0906052  -0.0686982  0.0906052  0.162595
0.326789  -0.141864  -0.0686982  -0.141864  0.28079  0.0906052  -0.0686982  0.0906052  0.162595
0.326781  -0.14184  -0.0687022  -0.14184  0.280763  0.0905977  -0.0687022  0.0905977  0.162597
0.326789  -0.14185  -0.068723  -0.14185  0.280775  0.090613  -0.068723  0.090613  0.162605
0.326789  -0.14185  -0.068723  -0.14185  0.280775  0.090613  -0.068723  0.090613  0.162605
0.326789  -0.14185  -0.068723  -0.14185  0.280775  0.090613  -0.068723  0.090613  0.162605
0.326789  -0.14185  -0.068723  -0.14185  0.280775  0.090613  -0.068723  0.090613  0.162605
0.326798  -0.141859  -0.0687438  -0.141859  0.280787  0.0906283  -0.0687438  0.0906283  0.162614
0.326798  -0.141859  -0.0687438  -0.141859  0.280787  0.0906283  -0.0687438  0.0906283  0.162614
0.326798  -0.141859  -0.0687438  -0.141859  0.280787  0.0906283  -0.0687438  0.0906283  0.162614
0.326806  -0.141868  -0.0687646  -0.141868  0.280799  0.0906436  -0.0687646  0.0906436  0.162623
0.326806  -0.141868  -0.0687646  -0.141868  0.280799  0.0906436  -0.0687646  0.0906436  0.162623
0.326806  -0.141868  -0.0687646  -0.141868  0.280799  0.0906436  -0.0687646  0.0906436  0.162623
0.326806  -0.141868  -0.0687646  -0.141868  0.280799  0.0906436  -0.0687646  0.0906436  0.162623
0.326806  -0.141868  -0.0687646  -0.141868  0.280799  0.0906436  -0.0687646  0.0906436  0.162623
0.326806  -0.141868  -0.0687646  -0.141868  0.280799  0.0906436  -0.0687646  0.0906436  0.162623
0.326815  -0.141877  -0.0687854  -0.141877  0.280811  0.0906589  -0.0687854  0.0906589  0.162631
0.326815  -0.141877  -0.0687854  -0.141877  0.280811  0.0906589  -0.0687854  0.0906589  0.162631
0.326815  -0.141877  -0.0687854  -0.141877  0.280811  0.0906589  -0.0687854  0.0906589  0.162631
0.326806  -0.141868  -0.0687646  -0.141868  0.280799  0.0906436  -0.0687646  0.0906436  0.162623
0.326806  -0.141868  -0.0687646  -0.141868  0.280799  0.0906436  -0.0687646  0.0906436  0.162623
0.32679  -0.141862  -0.0687623  -0.141862  0.280812  0.0906512  -0.0687623  0.0906512  0.162627
0.32679  -0.141862  -0.0687623  -0.141862  0.280812  0.0906512  -0.0687623  0.0906512  0.162627
0.32679  -0.141862  -0.0687623  -0.141862  0.280812  0.0906512  -0.0687623  0.0906512  0.162627
0.32679  -0.141862  -0.0687623  -0.141862  0.280812  0.0906512  -0.0687623  0.0906512  0.162627
0.32679  -0.141862  -0.0687623  -0.141862  0.280812  0.0906512  -0.0687623  0.0906512  0.162627
0.326798  -0.141872  -0.068783  -0.141872  0.280824  0.0906665  -0.068783  0.0906665  0.162635
0.326798  -0.141872  -0.068783  -0.141872  0.280824  0.0906665  -0.068783  0.0906665  0.162635
0.326798  -0.141872  -0.068783  -0.141872  0.280824  0.0906665  -0.068783  0.0906665  0.162635
0.326798  -0.141872  -0.068783  -0.141872  0.280824  0.0906665  -0.068783  0.0906665  0.162635
0.326798  -0.141872  -0.068783  -0.141872  0.280824  0.0906665  -0.068783  0.0906665  0.162635
0.326798  -0.141872  -0.068783  -0.141872  0.280824  0.0906665  -0.068783  0.0906665  0.162635
0.326798  -0.141872  -0.068783  -0.141872  0.280824  0.0906665  -0.068783  0.0906665  0.162635
0.326798  -0.141872  -0.068783  -0.141872  0.280824  0.0906665  -0.068783  0.0906665  0.162635
0.326815  -0.141877  -0.0687854  -0.141877  0.280811  0.0906589  -0.0687854  0.0906589  0.162631
0.326815  -0.141877  -0.0687854  -0.141877  0.280811  0.0906589  -0.0687854  0.0906589  0.162631
0.326815  -0.141891  -0.0687606  -0.141891  0.280826  0.0906512  -0.0687606  0.0906512  0.162621
0.326815  -0.141891  -0.0687606  -0.141891  0.280826  0.0906512  -0.0687606  0.0906512  0.162621
0.326815  -0.141891  -0.0687606  -0.141891  0.280826  0.0906512  -0.0687606  0.0906512  0.162621
0.326815  -0.141891  -0.0687606  -0.141891  0.280826  0.0906512  -0.0687606  0.0906512  0.162621
0.326815  -0.141891  -0.0687606  -0.141891  0.280826  0.0906512  -0.0687606  0.0906512  0.162621
0.326815  -0.141891  -0.0687606  -0.141891  0.280826  0.0906512  -0.0687606  0.0906512  0.162621
0.326815  -0.141891  -0.0687606  -0.141891  0.280826  0.0906512  -0.0687606  0.0906512  0.162621
0.326815  -0.141891  -0.0687606  -0.141891  0.280826  0.0906512  -0.0687606  0.0906512  0.162621
0.326815  -0.141891  -0.0687606  -0.141891  0.280826  0.0906512  -0.0687606  0.0906512  0.162621
0.326815  -0.141891  -0.0687606  -0.141891  0.280826  0.0906512  -0.0687606  0.0906512  0.162621
0.326815  -0.141891  -0.0687606  -0.141891  0.280826  0.0906512  -0.0687606  0.0906512  0.162621
0.326815  -0.141891  -0.0687606  -0.141891  0.280826  0.0906512  -0.0687606  0.0906512  0.162621
0.326815  -0.141891  -0.0687606  -0.141891  0.280826  0.0906512  -0.0687606  0.0906512  0.162621
0.326823  -0.141915  -0.0687566  -0.141915  0.280854  0.0906587  -0.0687566  0.0906587  0.16262
0.326823  -0.141915  -0.0687566  -0.141915  0.280854  0.0906587  -0.0687566  0.0906587  0.16262
0.326814  -0.141906  -0.0687358  -0.141906  0.280842  0.0906434  -0.0687358  0.0906434  0.162611
0.326814  -0.141906  -0.0687358  -0.141906  0.280842  0.0906434  -0.0687358  0.0906434  0.162611
0.326814  -0.141906  -0.0687358  -0.141906  0.280842  0.0906434  -0.0687358  0.0906434  0.162611
0.326822  -0.14193  -0.0687318  -0.14193  0.280869  0.0906509  -0.0687318  0.0906509  0.16261
0.326822  -0.14193  -0.0687318  -0.14193  0.280869  0.0906509  -0.0687318  0.0906509  0.16261
0.326822  -0.14193  -0.0687318  -0.14193  0.280869  0.0906509  -0.0687318  0.0906509  0.16261
0.326814  -0.141921  -0.068711  -0.141921  0.280857  0.0906356  -0.068711  0.0906356  0.162601
0.326822  -0.141944  -0.068707  -0.141944  0.280884  0.0906432  -0.068707  0.0906432  0.1626
0.326822  -0.141944  -0.068707  -0.141944  0.280884  0.0906432  -0.068707  0.0906432  0.1626
0.326821  -0.141959  -0.0686822  -0.141959  0.280899  0.0906354  -0.0686822  0.0906354  0.16259
0.326813  -0.14195  -0.0686614  -0.14195  0.280887  0.0906201  -0.0686614  0.0906201  0.162581
0.326813  -0.14195  -0.0686614  -0.14195  0.280887  0.0906201  -0.0686614  0.0906201  0.162581
0.326813  -0.14195  -0.0686614  -0.14195  0.280887  0.0906201  -0.0686614  0.0906201  0.162581
0.326821  -0.141973  -0.0686574  -0.141973  0.280914  0.0906276  -0.0686574  0.0906276  0.16258
0.326812  -0.141964  -0.0686366  -0.141964  0.280902  0.0906123  -0.0686366  0.0906123  0.162571
0.326804  -0.141955  -0.0686158  -0.141955  0.28089  0.090597  -0.0686158  0.090597  0.162563
0.326804  -0.141955  -0.0686158  -0.141955  0.28089  0.090597  -0.0686158  0.090597  0.162563
0.326812  -0.141979  -0.0686118  -0.141979  0.280918  0.0906045  -0.0686118  0.0906045  0.162561
0.326829  -0.141984  -0.0686141  -0.141984  0.280905  0.0905969  -0.0686141  0.0905969  0.162557
0.326829  -0.141984  -0.0686141  -0.141984  0.280905  0.0905969  -0.0686141  0.0905969  0.162557
0.326837  -0.142008  -0.0686101  -0.142008  0.280932  0.0906045  -0.0686101  0.0906045  0.162556
0.326837  -0.142008  -0.0686101  -0.142008  0.280932  0.0906045  -0.0686101  0.0906045  0.162556
0.326837  -0.142008  -0.0686101  -0.142008  0.280932  0.0906045  -0.0686101  0.0906045  0.162556
0.326837  -0.142008  -0.0686101  -0.142008  0.280932  0.0906045  -0.0686101  0.0906045  0.162556
0.326853  -0.142028  -0.0685877  -0.142028  0.280935  0.0905891  -0.0685877  0.0905891  0.162542
0.326853  -0.142028  -0.0685877  -0.142028  0.280935  0.0905891  -0.0685877  0.0905891  0.162542
0.326853  -0.142028  -0.0685877  -0.142028  0.280935  0.0905891  -0.0685877  0.0905891  0.162542
0.326861  -0.142052  -0.0685836  -0.142052  0.280962  0.0905966  -0.0685836  0.0905966  0.162541
0.326861  -0.142052  -0.0685836  -0.142052  0.280962  0.0905966  -0.0685836  0.0905966  0.162541
0.326886  -0.142081  -0.0685819  -0.142081  0.280977  0.0905966  -0.0685819  0.0905966  0.162535
0.326886  -0.142081  -0.0685819  -0.142081  0.280977  0.0905966  -0.0685819  0.0905966  0.162535
0.326903  -0.142086  -0.0685842  -0.142086  0.280964  0.090589  -0.0685842  0.090589  0.162531
0.326911  -0.14211  -0.0685802  -0.14211  0.280992  0.0905965  -0.0685802  0.0905965  0.16253
0.326911  -0.14211  -0.0685802  -0.14211  0.280992  0.0905965  -0.0685802  0.0905965  0.16253
0.326928  -0.14213  -0.0685577  -0.14213  0.280994  0.0905811  -0.0685577  0.0905811  0.162516
0.326953  -0.142159  -0.068556  -0.142159  0.281009  0.090581  -0.068556  0.090581  0.162511
0.326953  -0.142159  -0.068556  -0.142159  0.281009  0.090581  -0.068556  0.090581  0.162511
0.32697  -0.142164  -0.0685583  -0.142164  0.280997  0.0905734  -0.0685583  0.0905734  0.162507
0.326978  -0.142188  -0.0685543  -0.142188  0.281024  0.090581  -0.0685543  0.090581  0.162505
0.326986  -0.142184  -0.0685358  -0.142184  0.280999  0.0905581  -0.0685358  0.0905581  0.162493
0.326986  -0.142184  -0.0685358  -0.142184  0.280999  0.0905581  -0.0685358  0.0905581  0.162493
0.327011  -0.142213  -0.0685341  -0.142213  0.281014  0.090558  -0.0685341  0.090558  0.162488
0.327028  -0.142233  -0.0685116  -0.142233  0.281017  0.0905426  -0.0685116  0.0905426  0.162474
0.327028  -0.142233  -0.0685116  -0.142233  0.281017  0.0905426  -0.0685116  0.0905426  0.162474
0.327044  -0.142253  -0.0684891  -0.142253  0.28102  0.0905272  -0.0684891  0.0905272  0.16246
0.327044  -0.142253  -0.0684891  -0.142253  0.28102  0.0905272  -0.0684891  0.0905272  0.16246
0.327069  -0.142282  -0.0684873  -0.142282  0.281034  0.0905271  -0.0684873  0.0905271  0.162454
0.327086  -0.142302  -0.0684648  -0.142302  0.281037  0.0905117  -0.0684648  0.0905117  0.16244
0.327086  -0.142302  -0.0684648  -0.142302  0.281037  0.0905117  -0.0684648  0.0905117  0.16244
0.327102  -0.142322  -0.0684423  -0.142322  0.28104  0.0904963  -0.0684423  0.0904963  0.162427
0.327102  -0.142322  -0.0684423  -0.142322  0.28104  0.0904963  -0.0684423  0.0904963  0.162427
0.327119  -0.142342  -0.0684197  -0.142342  0.281043  0.0904809  -0.0684197  0.0904809  0.162413
0.327127  -0.142338  -0.0684012  -0.142338  0.281018  0.090458  -0.0684012  0.090458  0.1624
0.327135  -0.142362  -0.0683972  -0.142362  0.281045  0.0904655  -0.0683972  0.0904655  0.162399
0.327152  -0.142367  -0.0683995  -0.142367  0.281033  0.0904579  -0.0683995  0.0904579  0.162395
0.327152  -0.142367  -0.0683995  -0.142367  0.281033  0.0904579  -0.0683995  0.0904579  0.162395
0.327168  -0.142387  -0.0683769  -0.142387  0.281036  0.0904425  -0.0683769  0.0904425  0.162381
0.327177  -0.142411  -0.0683729  -0.142411  0.281063  0.09045  -0.0683729  0.09045  0.16238
0.327194  -0.142416  -0.0683752  -0.142416  0.28105  0.0904424  -0.0683752  0.0904424  0.162376
0.327219  -0.142445  -0.0683734  -0.142445  0.281065  0.0904423  -0.0683734  0.0904423  0.16237
0.327219  -0.142445  -0.0683734  -0.142445  0.281065  0.0904423  -0.0683734  0.0904423  0.16237
0.327235  -0.142465  -0.0683509  -0.142465  0.281068  0.0904268  -0.0683509  0.0904268  0.162356
0.32726  -0.142494  -0.0683491  -0.142494  0.281083  0.0904267  -0.0683491  0.0904267  0.162351
0.32726  -0.142494  -0.0683491  -0.142494  0.281083  0.0904267  -0.0683491  0.0904267  0.162351
0.327277  -0.142514  -0.0683266  -0.142514  0.281086  0.0904113  -0.0683266  0.0904113  0.162337
0.327277  -0.142514  -0.0683266  -0.142514  0.281086  0.0904113  -0.0683266  0.0904113  0.162337
0.327302  -0.142544  -0.0683248  -0.142544  0.2811  0.0904112  -0.0683248  0.0904112  0.162332
0.327302  -0.142544  -0.0683248  -0.142544  0.2811  0.0904112  -0.0683248  0.0904112  0.162332
0.327293  -0.142534  -0.068304  -0.142534  0.281088  0.0903959  -0.068304  0.0903959  0.162323
0.327318  -0.142564  -0.0683023  -0.142564  0.281103  0.0903958  -0.0683023  0.0903958  0.162318
0.327318  -0.142564  -0.0683023  -0.142564  0.281103  0.0903958  -0.0683023  0.0903958  0.162318
0.327344  -0.142593  -0.0683005  -0.142593  0.281118  0.0903957  -0.0683005  0.0903957  0.162313
0.327344  -0.142593  -0.0683005  -0.142593  0.281118  0.0903957  -0.0683005  0.0903957  0.162313
0.327335  -0.142584  -0.0682797  -0.142584  0.281106  0.0903803  -0.0682797  0.0903803  0.162304
0.327343  -0.142607  -0.0682756  -0.142607  0.281133  0.0903878  -0.0682756  0.0903878  0.162303
0.327343  -0.142607  -0.0682756  -0.142607  0.281133  0.0903878  -0.0682756  0.0903878  0.162303
0.327368  -0.142637  -0.0682739  -0.142637  0.281148  0.0903877  -0.0682739  0.0903877  0.162298
0.327368  -0.142637  -0.0682739  -0.142637  0.281148  0.0903877  -0.0682739  0.0903877  0.162298
0.327368  -0.142637  -0.0682739  -0.142637  0.281148  0.0903877  -0.0682739  0.0903877  0.162298
0.327368  -0.142637  -0.0682739  -0.142637  0.281148  0.0903877  -0.0682739  0.0903877  0.162298
0.327377  -0.14266  -0.0682698  -0.14266  0.281176  0.0903952  -0.0682698  0.0903952  0.162296
0.327402  -0.14269  -0.0682681  -0.14269  0.281191  0.0903951  -0.0682681  0.0903951  0.162291
0.327411  -0.142699  -0.0682889  -0.142699  0.281203  0.0904104  -0.0682889  0.0904104  0.162299
0.327411  -0.142699  -0.0682889  -0.142699  0.281203  0.0904104  -0.0682889  0.0904104  0.162299
0.327419  -0.142723  -0.0682849  -0.142723  0.28123  0.0904179  -0.0682849  0.0904179  0.162298
0.327419  -0.142723  -0.0682849  -0.142723  0.28123  0.0904179  -0.0682849  0.0904179  0.162298
0.327427  -0.142746  -0.0682808  -0.142746  0.281258  0.0904254  -0.0682808  0.0904254  0.162297
0.327427  -0.142746  -0.0682808  -0.142746  0.281258  0.0904254  -0.0682808  0.0904254  0.162297
0.327435  -0.14277  -0.0682768  -0.14277  0.281285  0.0904329  -0.0682768  0.0904329  0.162296
0.327461  -0.142799  -0.068275  -0.142799  0.2813  0.0904328  -0.068275  0.0904328  0.16229
0.327461  -0.142799  -0.068275  -0.142799  0.2813  0.0904328  -0.068275  0.0904328  0.16229
0.327469  -0.142823  -0.068271  -0.142823  0.281328  0.0904403  -0.068271  0.0904403  0.162289
0.327469  -0.142823  -0.068271  -0.142823  0.281328  0.0904403  -0.068271  0.0904403  0.162289
0.327477  -0.142847  -0.0682669  -0.142847  0.281355  0.0904478  -0.0682669  0.0904478  0.162288
0.327485  -0.142871  -0.0682629  -0.142871  0.281383  0.0904553  -0.0682629  0.0904553  0.162286
0.327485  -0.142871  -0.0682629  -0.142871  0.281383  0.0904553  -0.0682629  0.0904553  0.162286
0.327511  -0.1429  -0.0682611  -0.1429  0.281398  0.0904552  -0.0682611  0.0904552  0.162281
0.327511  -0.1429  -0.0682611  -0.1429  0.281398  0.0904552  -0.0682611  0.0904552  0.162281
0.327519  -0.142924  -0.0682571  -0.142924  0.281425  0.0904627  -0.0682571  0.0904627  0.16228
0.327519  -0.142924  -0.0682571  -0.142924  0.281425  0.0904627  -0.0682571  0.0904627  0.16228
0.327527  -0.142948  -0.068253  -0.142948  0.281453  0.0904702  -0.068253  0.0904702  0.162278
0.327552  -0.142977  -0.0682513  -0.142977  0.281468  0.0904701  -0.0682513  0.0904701  0.162273
0.327552  -0.142977  -0.0682513  -0.142977  0.281468  0.0904701  -0.0682513  0.0904701  0.162273
0.327561  -0.143001  -0.0682472  -0.143001  0.281496  0.0904776  -0.0682472  0.0904776  0.162272
0.327561  -0.143001  -0.0682472  -0.143001  0.281496  0.0904776  -0.0682472  0.0904776  0.162272
0.327569  -0.143025  -0.0682432  -0.143025  0.281523  0.0904851  -0.0682432  0.0904851  0.162271
0.327569  -0.143025  -0.0682432  -0.143025  0.281523  0.0904851  -0.0682432  0.0904851  0.162271
0.327594  -0.143054  -0.0682414  -0.143054  0.281538  0.090485  -0.0682414  0.090485  0.162265
0.327603  -0.143078  -0.0682373  -0.143078  0.281566  0.0904924  -0.0682373  0.0904924  0.162264
0.327603  -0.143078  -0.0682373  -0.143078  0.281566  0.0904924  -0.0682373  0.0904924  0.162264
0.327603  -0.143078  -0.0682373  -0.143078  0.281566  0.0904924  -0.0682373  0.0904924  0.162264
0.327603  -0.143078  -0.0682373  -0.143078  0.281566  0.0904924  -0.0682373  0.0904924  0.162264
0.327611  -0.143102  -0.0682333  -0.143102  0.281593  0.0904999  -0.0682333  0.0904999  0.162263
0.327619  -0.143126  -0.0682293  -0.143126  0.281621  0.0905074  -0.0682293  0.0905074  0.162261
0.327619  -0.143126  -0.0682293  -0.143126  0.281621  0.0905074  -0.0682293  0.0905074  0.162261
0.327627  -0.14315  -0.0682252  -0.14315  0.281649  0.0905149  -0.0682252  0.0905149  0.16226
0.327627  -0.14315  -0.0682252  -0.14315  0.281649  0.0905149  -0.0682252  0.0905149  0.16226
0.327645  -0.143155  -0.0682275  -0.143155  0.281636  0.0905073  -0.0682275  0.0905073  0.162256
0.327653  -0.143179  -0.0682234  -0.143179  0.281664  0.0905148  -0.0682234  0.0905148  0.162255
0.327653  -0.143179  -0.0682234  -0.143179  0.281664  0.0905148  -0.0682234  0.0905148  0.162255
0.327653  -0.143179  -0.0682234  -0.143179  0.281664  0.0905148  -0.0682234  0.0905148  0.162255
0.327653  -0.143179  -0.0682234  -0.143179  0.281664  0.0905148  -0.0682234  0.0905148  0.162255
0.327661  -0.143203  -0.0682194  -0.143203  0.281691  0.0905223  -0.0682194  0.0905223  0.162254
0.327661  -0.143203  -0.0682194  -0.143203  0.281691  0.0905223  -0.0682194  0.0905223  0.162254
0.327669  -0.143227  -0.0682153  -0.143227  0.281719  0.0905298  -0.0682153  0.0905298  0.162252
0.327669  -0.143227  -0.0682153  -0.143227  0.281719  0.0905298  -0.0682153  0.0905298  0.162252
0.327669  -0.143227  -0.0682153  -0.143227  0.281719  0.0905298  -0.0682153  0.0905298  0.162252
0.327695  -0.143256  -0.0682135  -0.143256  0.281734  0.0905297  -0.0682135  0.0905297  0.162247
0.327695  -0.143256  -0.0682135  -0.143256  0.281734  0.0905297  -0.0682135  0.0905297  0.162247
0.327703  -0.14328  -0.0682095  -0.14328  0.281762  0.0905372  -0.0682095  0.0905372  0.162246
0.32772  -0.143286  -0.0682118  -0.143286  0.281749  0.0905296  -0.0682118  0.0905296  0.162242
0.32772  -0.143286  -0.0682118  -0.143286  0.281749  0.0905296  -0.0682118  0.0905296  0.162242
0.327746  -0.143315  -0.06821  -0.143315  0.281764  0.0905294  -0.06821  0.0905294  0.162236
0.327746  -0.143315  -0.06821  -0.143315  0.281764  0.0905294  -0.06821  0.0905294  0.162236
0.327754  -0.143339  -0.0682059  -0.143339  0.281792  0.0905369  -0.0682059  0.0905369  0.162235
0.327779  -0.143368  -0.0682041  -0.143368  0.281807  0.0905368  -0.0682041  0.0905368  0.16223
0.327779  -0.143368  -0.0682041  -0.143368  0.281807  0.0905368  -0.0682041  0.0905368  0.16223
0.327805  -0.143398  -0.0682024  -0.143398  0.281822  0.0905367  -0.0682024  0.0905367  0.162224
0.327805  -0.143398  -0.0682024  -0.143398  0.281822  0.0905367  -0.0682024  0.0905367  0.162224
0.32783  -0.143427  -0.0682006  -0.143427  0.281837  0.0905365  -0.0682006  0.0905365  0.162219
0.327847  -0.143433  -0.0682028  -0.143433  0.281825  0.0905289  -0.0682028  0.0905289  0.162215
0.327856  -0.143456  -0.0681988  -0.143456  0.281853  0.0905364  -0.0681988  0.0905364  0.162214
0.327856  -0.143456  -0.0681988  -0.143456  0.281853  0.0905364  -0.0681988  0.0905364  0.162214
0.327881  -0.143486  -0.068197  -0.143486  0.281868  0.0905363  -0.068197  0.0905363  0.162209
0.327907  -0.143515  -0.0681952  -0.143515  0.281883  0.0905361  -0.0681952  0.0905361  0.162203
0.327907  -0.143515  -0.0681952  -0.143515  0.281883  0.0905361  -0.0681952  0.0905361  0.162203
0.327932  -0.143545  -0.0681934  -0.143545  0.281898  0.090536  -0.0681934  0.090536  0.162198
0.327932  -0.143545  -0.0681934  -0.143545  0.281898  0.090536  -0.0681934  0.090536  0.162198
0.327975  -0.14358  -0.0681939  -0.14358  0.281901  0.0905282  -0.0681939  0.0905282  0.162189
0.327975  -0.14358  -0.0681939  -0.14358  0.281901  0.0905282  -0.0681939  0.0905282  0.162189
0.328  -0.143609  -0.0681921  -0.143609  0.281916  0.0905281  -0.0681921  0.0905281  0.162184
0.328026  -0.143638  -0.0681903  -0.143638  0.281931  0.090528  -0.0681903  0.090528  0.162178
0.328026  -0.143638  -0.0681903  -0.143638  0.281931  0.090528  -0.0681903  0.090528  0.162178
0.328042  -0.143658  -0.0681676  -0.143658  0.281934  0.0905124  -0.0681676  0.0905124  0.162164
0.32806  -0.143664  -0.0681699  -0.143664  0.281922  0.0905048  -0.0681699  0.0905048  0.16216
0.328085  -0.143693  -0.0681681  -0.143693  0.281937  0.0905046  -0.0681681  0.0905046  0.162155
0.328111  -0.143723  -0.0681663  -0.143723  0.281952  0.0905045  -0.0681663  0.0905045  0.16215
0.328111  -0.143723  -0.0681663  -0.143723  0.281952  0.0905045  -0.0681663  0.0905045  0.16215
0.328153  -0.143758  -0.0681667  -0.143758  0.281955  0.0904967  -0.0681667  0.0904967  0.162141
0.328162  -0.143782  -0.0681627  -0.143782  0.281982  0.0905042  -0.0681627  0.0905042  0.162139
0.328187  -0.143811  -0.0681609  -0.143811  0.281998  0.090504  -0.0681609  0.090504  0.162134
0.32823  -0.143846  -0.0681613  -0.143846  0.282  0.0904963  -0.0681613  0.0904963  0.162125
0.32823  -0.143846  -0.0681613  -0.143846  0.282  0.0904963  -0.0681613  0.0904963  0.162125
0.328256  -0.143876  -0.0681595  -0.143876  0.282016  0.0904961  -0.0681595  0.0904961  0.16212
0.328256  -0.143876  -0.0681595  -0.143876  0.282016  0.0904961  -0.0681595  0.0904961  0.16212
0.328299  -0.143911  -0.06816  -0.143911  0.282018  0.0904883  -0.06816  0.0904883  0.16211
0.328342  -0.143946  -0.0681604  -0.143946  0.282021  0.0904805  -0.0681604  0.0904805  0.162101
0.328342  -0.143946  -0.0681604  -0.143946  0.282021  0.0904805  -0.0681604  0.0904805  0.162101
0.328367  -0.143975  -0.0681586  -0.143975  0.282036  0.0904804  -0.0681586  0.0904804  0.162096
0.328393  -0.144005  -0.0681568  -0.144005  0.282051  0.0904802  -0.0681568  0.0904802  0.16209
0.328427  -0.14403  -0.0681363  -0.14403  0.282042  0.090457  -0.0681363  0.090457  0.162073
0.328453  -0.14406  -0.0681345  -0.14406  0.282057  0.0904568  -0.0681345  0.0904568  0.162067
0.328453  -0.14406  -0.0681345  -0.14406  0.282057  0.0904568  -0.0681345  0.0904568  0.162067
0.328496  -0.144095  -0.0681349  -0.144095  0.28206  0.090449  -0.0681349  0.090449  0.162058
0.328496  -0.144095  -0.0681349  -0.144095  0.28206  0.090449  -0.0681349  0.090449  0.162058
0.328539  -0.14413  -0.0681354  -0.14413  0.282063  0.0904412  -0.0681354  0.0904412  0.162049
0.328582  -0.144165  -0.0681358  -0.144165  0.282065  0.0904334  -0.0681358  0.0904334  0.16204
0.328573  -0.144155  -0.0681149  -0.144155  0.282053  0.090418  -0.0681149  0.090418  0.162031
0.328599  -0.144185  -0.068113  -0.144185  0.282069  0.0904178  -0.068113  0.0904178  0.162026
0.328624  -0.144214  -0.0681112  -0.144214  0.282084  0.0904176  -0.0681112  0.0904176  0.162021
0.328641  -0.144235  -0.0680884  -0.144235  0.282087  0.090402  -0.0680884  0.090402  0.162007
0.328667  -0.144264  -0.0680866  -0.144264  0.282102  0.0904018  -0.0680866  0.0904018  0.162002
0.328667  -0.144264  -0.0680866  -0.144264  0.282102  0.0904018  -0.0680866  0.0904018  0.162002
0.328701  -0.14429  -0.068066  -0.14429  0.282093  0.0903786  -0.068066  0.0903786  0.161984
0.328701  -0.14429  -0.068066  -0.14429  0.282093  0.0903786  -0.068066  0.0903786  0.161984
0.328718  -0.14431  -0.0680433  -0.14431  0.282096  0.090363  -0.0680433  0.090363  0.16197
0.328735  -0.14433  -0.0680205  -0.14433  0.282099  0.0903474  -0.0680205  0.0903474  0.161956
0.328735  -0.14433  -0.0680205  -0.14433  0.282099  0.0903474  -0.0680205  0.0903474  0.161956
0.32876  -0.144375  -0.0679936  -0.144375  0.28213  0.0903392  -0.0679936  0.0903392  0.161941
0.32876  -0.144375  -0.0679936  -0.144375  0.28213  0.0903392  -0.0679936  0.0903392  0.161941
0.328777  -0.144395  -0.0679708  -0.144395  0.282134  0.0903236  -0.0679708  0.0903236  0.161928
0.328803  -0.144424  -0.0679689  -0.144424  0.282149  0.0903234  -0.0679689  0.0903234  0.161922
0.328803  -0.144424  -0.0679689  -0.144424  0.282149  0.0903234  -0.0679689  0.0903234  0.161922
0.32882  -0.144445  -0.0679461  -0.144445  0.282152  0.0903078  -0.0679461  0.0903078  0.161909
0.32882  -0.144445  -0.0679461  -0.144445  0.282152  0.0903078  -0.0679461  0.0903078  0.161909
0.328836  -0.144465  -0.0679233  -0.144465  0.282155  0.0902922  -0.0679233  0.0902922  0.161895
0.328836  -0.14448  -0.0678983  -0.14448  0.282171  0.0902842  -0.0678983  0.0902842  0.161885
0.328836  -0.14448  -0.0678983  -0.14448  0.282171  0.0902842  -0.0678983  0.0902842  0.161885
0.328853  -0.1445  -0.0678754  -0.1445  0.282174  0.0902686  -0.0678754  0.0902686  0.161871
0.328853  -0.1445  -0.0678754  -0.1445  0.282174  0.0902686  -0.0678754  0.0902686  0.161871
0.328869  -0.14452  -0.0678526  -0.14452  0.282177  0.0902529  -0.0678526  0.0902529  0.161858
0.328878  -0.144544  -0.0678485  -0.144544  0.282205  0.0902604  -0.0678485  0.0902604  0.161856
0.328878  -0.144544  -0.0678485  -0.144544  0.282205  0.0902604  -0.0678485  0.0902604  0.161856
0.328912  -0.144598  -0.0678425  -0.144598  0.282249  0.0902676  -0.0678425  0.0902676  0.16185
0.328903  -0.144589  -0.0678216  -0.144589  0.282237  0.0902522  -0.0678216  0.0902522  0.161842
0.328929  -0.144618  -0.0678197  -0.144618  0.282252  0.090252  -0.0678197  0.090252  0.161836
0.328955  -0.144648  -0.0678178  -0.144648  0.282268  0.0902518  -0.0678178  0.0902518  0.161831
0.328955  -0.144648  -0.0678178  -0.144648  0.282268  0.0902518  -0.0678178  0.0902518  0.161831
0.328955  -0.144663  -0.0677928  -0.144663  0.282283  0.0902438  -0.0677928  0.0902438  0.161821
0.328972  -0.144668  -0.067795  -0.144668  0.282271  0.0902361  -0.067795  0.0902361  0.161817
0.32898  -0.144692  -0.0677909  -0.144692  0.282299  0.0902436  -0.0677909  0.0902436  0.161816
0.329006  -0.144722  -0.067789  -0.144722  0.282314  0.0902434  -0.067789  0.0902434  0.161811
0.329015  -0.144746  -0.0677849  -0.144746  0.282342  0.0902508  -0.0677849  0.0902508  0.16181
0.329041  -0.144776  -0.067783  -0.144776  0.282358  0.0902506  -0.067783  0.0902506  0.161804
0.329041  -0.144776  -0.067783  -0.144776  0.282358  0.0902506  -0.067783  0.0902506  0.161804
0.329067  -0.144806  -0.0677811  -0.144806  0.282373  0.0902504  -0.0677811  0.0902504  0.161799
0.329093  -0.144835  -0.0677792  -0.144835  0.282389  0.0902501  -0.0677792  0.0902501  0.161794
0.329093  -0.144835  -0.0677792  -0.144835  0.282389  0.0902501  -0.0677792  0.0902501  0.161794
0.329127  -0.144889  -0.0677732  -0.144889  0.282433  0.0902574  -0.0677732  0.0902574  0.161787
0.329127  -0.144889  -0.0677732  -0.144889  0.282433  0.0902574  -0.0677732  0.0902574  0.161787
0.329136  -0.144914  -0.0677691  -0.144914  0.282461  0.0902648  -0.0677691  0.0902648  0.161786
0.32917  -0.144968  -0.0677631  -0.144968  0.282504  0.090272  -0.0677631  0.090272  0.16178
0.32917  -0.144968  -0.0677631  -0.144968  0.282504  0.090272  -0.0677631  0.090272  0.16178
0.329196  -0.144997  -0.0677612  -0.144997  0.28252  0.0902718  -0.0677612  0.0902718  0.161774
0.329196  -0.144997  -0.0677612  -0.144997  0.28252  0.0902718  -0.0677612  0.0902718  0.161774
0.329231  -0.145051  -0.0677552  -0.145051  0.282564  0.090279  -0.0677552  0.090279  0.161768
0.32924  -0.145076  -0.0677511  -0.145076  0.282592  0.0902864  -0.0677511  0.0902864  0.161767
0.329257  -0.145081  -0.0677533  -0.145081  0.282579  0.0902788  -0.0677533  0.0902788  0.161763
0.329274  -0.14513  -0.0677451  -0.14513  0.282636  0.0902937  -0.0677451  0.0902937  0.16176
0.3293  -0.14516  -0.0677432  -0.14516  0.282651  0.0902934  -0.0677432  0.0902934  0.161755
0.3293  -0.14516  -0.0677432  -0.14516  0.282651  0.0902934  -0.0677432  0.0902934  0.161755
0.329335  -0.145214  -0.0677372  -0.145214  0.282695  0.0903006  -0.0677372  0.0903006  0.161749
0.329335  -0.145214  -0.0677372  -0.145214  0.282695  0.0903006  -0.0677372  0.0903006  0.161749
0.329361  -0.145243  -0.0677353  -0.145243  0.282711  0.0903004  -0.0677353  0.0903004  0.161743
0.329361  -0.145243  -0.0677353  -0.145243  0.282711  0.0903004  -0.0677353  0.0903004  0.161743
0.329405  -0.145307  -0.0677503  -0.145307  0.282767  0.0903231  -0.0677503  0.0903231  0.161745
0.32944  -0.145361  -0.0677443  -0.145361  0.282811  0.0903303  -0.0677443  0.0903303  0.161739
0.32944  -0.145361  -0.0677443  -0.145361  0.282811  0.0903303  -0.0677443  0.0903303  0.161739
0.329466  -0.145391  -0.0677424  -0.145391  0.282827  0.0903301  -0.0677424  0.0903301  0.161734
0.329466  -0.145391  -0.0677424  -0.145391  0.282827  0.0903301  -0.0677424  0.0903301  0.161734
0.329501  -0.145445  -0.0677364  -0.145445  0.28287  0.0903373  -0.0677364  0.0903373  0.161727
0.329509  -0.14547  -0.0677323  -0.14547  0.282899  0.0903447  -0.0677323  0.0903447  0.161726
0.329509  -0.14547  -0.0677323  -0.14547  0.282899  0.0903447  -0.0677323  0.0903447  0.161726
0.329544  -0.145524  -0.0677262  -0.145524  0.282943  0.0903519  -0.0677262  0.0903519  0.161719
0.329544  -0.145524  -0.0677262  -0.145524  0.282943  0.0903519  -0.0677262  0.0903519  0.161719
0.329588  -0.145588  -0.0677412  -0.145588  0.282999  0.0903746  -0.0677412  0.0903746  0.161721
0.329614  -0.145618  -0.0677393  -0.145618  0.283015  0.0903744  -0.0677393  0.0903744  0.161716
0.329614  -0.145618  -0.0677393  -0.145618  0.283015  0.0903744  -0.0677393  0.0903744  0.161716
0.329623  -0.145642  -0.0677352  -0.145642  0.283043  0.0903818  -0.0677352  0.0903818  0.161715
0.329623  -0.145642  -0.0677352  -0.145642  0.283043  0.0903818  -0.0677352  0.0903818  0.161715
0.329667  -0.145706  -0.0677502  -0.145706  0.2831  0.0904045  -0.0677502  0.0904045  0.161717
0.329667  -0.145706  -0.0677502  -0.145706  0.2831  0.0904045  -0.0677502  0.0904045  0.161717
0.329693  -0.145736  -0.0677483  -0.145736  0.283115  0.0904043  -0.0677483  0.0904043  0.161712
0.329693  -0.145736  -0.0677483  -0.145736  0.283115  0.0904043  -0.0677483  0.0904043  0.161712
0.329711  -0.14577  -0.0677652  -0.14577  0.283156  0.0904273  -0.0677652  0.0904273  0.161719
0.32972  -0.145794  -0.0677611  -0.145794  0.283185  0.0904347  -0.0677611  0.0904347  0.161718
0.32972  -0.145794  -0.0677611  -0.145794  0.283185  0.0904347  -0.0677611  0.0904347  0.161718
0.329746  -0.145824  -0.0677592  -0.145824  0.2832  0.0904345  -0.0677592  0.0904345  0.161712
0.329764  -0.145858  -0.0677762  -0.145858  0.283241  0.0904575  -0.0677762  0.0904575  0.16172
0.329764  -0.145858  -0.0677762  -0.145858  0.283241  0.0904575  -0.0677762  0.0904575  0.16172
0.329773  -0.145883  -0.067772  -0.145883  0.28327  0.0904649  -0.067772  0.0904649  0.161718
0.3298  -0.145898  -0.0677953  -0.145898  0.283269  0.0904728  -0.0677953  0.0904728  0.161723
0.3298  -0.145898  -0.0677953  -0.145898  0.283269  0.0904728  -0.0677953  0.0904728  0.161723
0.329808  -0.145922  -0.0677912  -0.145922  0.283298  0.0904802  -0.0677912  0.0904802  0.161722
0.329808  -0.145922  -0.0677912  -0.145922  0.283298  0.0904802  -0.0677912  0.0904802  0.161722
0.329826  -0.145956  -0.0678082  -0.145956  0.283339  0.0905032  -0.0678082  0.0905032  0.161729
0.329826  -0.145956  -0.0678082  -0.145956  0.283339  0.0905032  -0.0678082  0.0905032  0.161729
0.329826  -0.145956  -0.0678082  -0.145956  0.283339  0.0905032  -0.0678082  0.0905032  0.161729
0.329836  -0.145966  -0.0678292  -0.145966  0.283351  0.0905187  -0.0678292  0.0905187  0.161737
0.329836  -0.145966  -0.0678292  -0.145966  0.283351  0.0905187  -0.0678292  0.0905187  0.161737
0.329844  -0.145991  -0.0678251  -0.145991  0.283379  0.0905262  -0.0678251  0.0905262  0.161736
0.329854  -0.146  -0.0678462  -0.146  0.283392  0.0905417  -0.0678462  0.0905417  0.161744
0.329854  -0.146  -0.0678462  -0.146  0.283392  0.0905417  -0.0678462  0.0905417  0.161744
0.329854  -0.146  -0.0678462  -0.146  0.283392  0.0905417  -0.0678462  0.0905417  0.161744
0.329854  -0.146  -0.0678462  -0.146  0.283392  0.0905417  -0.0678462  0.0905417  0.161744
0.329854  -0.146  -0.0678462  -0.146  0.283392  0.0905417  -0.0678462  0.0905417  0.161744
0.329845  -0.146004  -0.0678651  -0.146004  0.283417  0.090565  -0.0678651  0.090565  0.161757
0.329845  -0.146004  -0.0678651  -0.146004  0.283417  0.090565  -0.0678651  0.090565  0.161757
0.329845  -0.146004  -0.0678651  -0.146004  0.283417  0.090565  -0.0678651  0.090565  0.161757
0.329845  -0.146004  -0.0678651  -0.146004  0.283417  0.090565  -0.0678651  0.090565  0.161757
0.329845  -0.146004  -0.0678651  -0.146004  0.283417  0.090565  -0.0678651  0.090565  0.161757
0.329845  -0.146004  -0.0678651  -0.146004  0.283417  0.090565  -0.0678651  0.090565  0.161757
0.329845  -0.146004  -0.0678651  -0.146004  0.283417  0.090565  -0.0678651  0.090565  0.161757
0.329845  -0.146004  -0.0678651  -0.146004  0.283417  0.090565  -0.0678651  0.090565  0.161757
0.329845  -0.146004  -0.0678651  -0.146004  0.283417  0.090565  -0.0678651  0.090565  0.161757
0.329854  -0.146014  -0.0678862  -0.146014  0.283429  0.0905806  -0.0678862  0.0905806  0.161765
0.329854  -0.146014  -0.0678862  -0.146014  0.283429  0.0905806  -0.0678862  0.0905806  0.161765
0.329854  -0.146014  -0.0678862  -0.146014  0.283429  0.0905806  -0.0678862  0.0905806  0.161765
0.329854  -0.146014  -0.0678862  -0.146014  0.283429  0.0905806  -0.0678862  0.0905806  0.161765
0.329854  -0.146014  -0.0678862  -0.146014  0.283429  0.0905806  -0.0678862  0.0905806  0.161765
0.329854  -0.146014  -0.0678862  -0.146014  0.283429  0.0905806  -0.0678862  0.0905806  0.161765
0.329845  -0.146004  -0.0678651  -0.146004  0.283417  0.090565  -0.0678651  0.090565  0.161757
0.329863  -0.14601  -0.0678673  -0.14601  0.283404  0.0905573  -0.0678673  0.0905573  0.161753
0.329863  -0.14601  -0.0678673  -0.14601  0.283404  0.0905573  -0.0678673  0.0905573  0.161753
0.329863  -0.14601  -0.0678673  -0.14601  0.283404  0.0905573  -0.0678673  0.0905573  0.161753
0.329863  -0.14601  -0.0678673  -0.14601  0.283404  0.0905573  -0.0678673  0.0905573  0.161753
0.329863  -0.14601  -0.0678673  -0.14601  0.283404  0.0905573  -0.0678673  0.0905573  0.161753
0.329863  -0.14601  -0.0678673  -0.14601  0.283404  0.0905573  -0.0678673  0.0905573  0.161753
0.329863  -0.14601  -0.0678673  -0.14601  0.283404  0.0905573  -0.0678673  0.0905573  0.161753
0.329863  -0.14601  -0.0678673  -0.14601  0.283404  0.0905573  -0.0678673  0.0905573  0.161753
0.329863  -0.14601  -0.0678673  -0.14601  0.283404  0.0905573  -0.0678673  0.0905573  0.161753
0.329881  -0.146015  -0.0678695  -0.146015  0.283391  0.0905496  -0.0678695  0.0905496  0.161749
0.329881  -0.146015  -0.0678695  -0.146015  0.283391  0.0905496  -0.0678695  0.0905496  0.161749
0.329881  -0.146015  -0.0678695  -0.146015  0.283391  0.0905496  -0.0678695  0.0905496  0.161749
0.329881  -0.146015  -0.0678695  -0.146015  0.283391  0.0905496  -0.0678695  0.0905496  0.161749
0.329881  -0.146015  -0.0678695  -0.146015  0.283391  0.0905496  -0.0678695  0.0905496  0.161749
0.329881  -0.146015  -0.0678695  -0.146015  0.283391  0.0905496  -0.0678695  0.0905496  0.161749
0.329898  -0.146021  -0.0678717  -0.146021  0.283379  0.0905419  -0.0678717  0.0905419  0.161745
0.329898  -0.146021  -0.0678717  -0.146021  0.283379  0.0905419  -0.0678717  0.0905419  0.161745
0.329898  -0.146021  -0.0678717  -0.146021  0.283379  0.0905419  -0.0678717  0.0905419  0.161745
0.329898  -0.146021  -0.0678717  -0.146021  0.283379  0.0905419  -0.0678717  0.0905419  0.161745
0.329898  -0.146021  -0.0678717  -0.146021  0.283379  0.0905419  -0.0678717  0.0905419  0.161745
0.329898  -0.146021  -0.0678717  -0.146021  0.283379  0.0905419  -0.0678717  0.0905419  0.161745
0.329898  -0.146021  -0.0678717  -0.146021  0.283379  0.0905419  -0.0678717  0.0905419  0.161745
0.329907  -0.146002  -0.0678781  -0.146002  0.283338  0.0905268  -0.0678781  0.0905268  0.161742
0.329907  -0.146002  -0.0678781  -0.146002  0.283338  0.0905268  -0.0678781  0.0905268  0.161742
0.329907  -0.146002  -0.0678781  -0.146002  0.283338  0.0905268  -0.0678781  0.0905268  0.161742
0.329907  -0.146002  -0.0678781  -0.146002  0.283338  0.0905268  -0.0678781  0.0905268  0.161742
0.329907  -0.146002  -0.0678781  -0.146002  0.283338  0.0905268  -0.0678781  0.0905268  0.161742
0.329925  -0.145993  -0.0679055  -0.145993  0.283309  0.0905272  -0.0679055  0.0905272  0.161748
0.329925  -0.145993  -0.0679055  -0.145993  0.283309  0.0905272  -0.0679055  0.0905272  0.161748
0.329925  -0.145993  -0.0679055  -0.145993  0.283309  0.0905272  -0.0679055  0.0905272  0.161748
0.329925  -0.145993  -0.0679055  -0.145993  0.283309  0.0905272  -0.0679055  0.0905272  0.161748
