0.303872  -0.121797  -0.0434179  -0.121797  0.273968  0.0790047  -0.0434179  0.0790047  0.159922
0.303872  -0.121797  -0.0434179  -0.121797  0.273968  0.0790047  -0.0434179  0.0790047  0.159922
0.303884  -0.121819  -0.0434139  -0.121819  0.273979  0.0790032  -0.0434139  0.0790032  0.159917
0.303893  -0.121823  -0.0434151  -0.121823  0.273967  0.078996  -0.0434151  0.078996  0.159912
0.303907  -0.121865  -0.0434061  -0.121865  0.274001  0.0790003  -0.0434061  0.0790003  0.159907
0.303919  -0.121887  -0.0434021  -0.121887  0.274012  0.0789988  -0.0434021  0.0789988  0.159902
0.303919  -0.121887  -0.0434021  -0.121887  0.274012  0.0789988  -0.0434021  0.0789988  0.159902
0.30394  -0.121914  -0.0433993  -0.121914  0.274011  0.07899  -0.0433993  0.07899  0.159892
0.30394  -0.121914  -0.0433993  -0.121914  0.274011  0.07899  -0.0433993  0.07899  0.159892
0.303954  -0.121955  -0.0433903  -0.121955  0.274045  0.0789943  -0.0433903  0.0789943  0.159887
0.303966  -0.121977  -0.0433863  -0.121977  0.274056  0.0789928  -0.0433863  0.0789928  0.159882
0.303975  -0.121981  -0.0433875  -0.121981  0.274044  0.0789856  -0.0433875  0.0789856  0.159877
0.303987  -0.122004  -0.0433835  -0.122004  0.274055  0.0789841  -0.0433835  0.0789841  0.159872
0.303987  -0.122004  -0.0433835  -0.122004  0.274055  0.0789841  -0.0433835  0.0789841  0.159872
0.303998  -0.122039  -0.0433589  -0.122039  0.27408  0.078977  -0.0433589  0.078977  0.159864
0.303998  -0.122039  -0.0433589  -0.122039  0.27408  0.078977  -0.0433589  0.078977  0.159864
0.304019  -0.122078  -0.0433355  -0.122078  0.274093  0.0789627  -0.0433355  0.0789627  0.159852
0.304022  -0.122097  -0.0433304  -0.122097  0.274117  0.0789684  -0.0433304  0.0789684  0.159851
0.304022  -0.122097  -0.0433304  -0.122097  0.274117  0.0789684  -0.0433304  0.0789684  0.159851
0.30403  -0.122114  -0.0433109  -0.122114  0.274119  0.0789556  -0.0433109  0.0789556  0.159844
0.304033  -0.122132  -0.0433058  -0.122132  0.274142  0.0789613  -0.0433058  0.0789613  0.159843
0.304042  -0.122149  -0.0432863  -0.122149  0.274144  0.0789485  -0.0432863  0.0789485  0.159836
0.304054  -0.122172  -0.0432823  -0.122172  0.274155  0.078947  -0.0432823  0.078947  0.159831
0.304054  -0.122172  -0.0432823  -0.122172  0.274155  0.078947  -0.0432823  0.078947  0.159831
0.304062  -0.122188  -0.0432628  -0.122188  0.274158  0.0789342  -0.0432628  0.0789342  0.159823
0.304062  -0.122188  -0.0432628  -0.122188  0.274158  0.0789342  -0.0432628  0.0789342  0.159823
0.304062  -0.122201  -0.0432422  -0.122201  0.274172  0.0789286  -0.0432422  0.0789286  0.15982
0.304071  -0.122218  -0.0432227  -0.122218  0.274174  0.0789157  -0.0432227  0.0789157  0.159813
0.304071  -0.122218  -0.0432227  -0.122218  0.274174  0.0789157  -0.0432227  0.0789157  0.159813
0.304076  -0.122216  -0.0432083  -0.122216  0.274153  0.0788972  -0.0432083  0.0788972  0.159806
0.304076  -0.122216  -0.0432083  -0.122216  0.274153  0.0788972  -0.0432083  0.0788972  0.159806
0.304076  -0.122229  -0.0431876  -0.122229  0.274167  0.0788916  -0.0431876  0.0788916  0.159803
0.304076  -0.122242  -0.043167  -0.122242  0.274182  0.078886  -0.043167  0.078886  0.1598
0.304076  -0.122242  -0.043167  -0.122242  0.274182  0.078886  -0.043167  0.078886  0.1598
0.304084  -0.122259  -0.0431474  -0.122259  0.274184  0.0788732  -0.0431474  0.0788732  0.159792
0.304081  -0.122253  -0.0431319  -0.122253  0.274175  0.0788618  -0.0431319  0.0788618  0.15979
0.304078  -0.122247  -0.0431164  -0.122247  0.274166  0.0788505  -0.0431164  0.0788505  0.159787
0.30409  -0.122269  -0.0431124  -0.122269  0.274177  0.078849  -0.0431124  0.078849  0.159782
0.30409  -0.122269  -0.0431124  -0.122269  0.274177  0.078849  -0.0431124  0.078849  0.159782
0.304089  -0.122282  -0.0430918  -0.122282  0.274191  0.0788434  -0.0430918  0.0788434  0.159779
0.304089  -0.122282  -0.0430918  -0.122282  0.274191  0.0788434  -0.0430918  0.0788434  0.159779
0.304101  -0.122305  -0.0430878  -0.122305  0.274203  0.0788419  -0.0430878  0.0788419  0.159774
0.304101  -0.122305  -0.0430878  -0.122305  0.274203  0.0788419  -0.0430878  0.0788419  0.159774
0.304101  -0.122305  -0.0430878  -0.122305  0.274203  0.0788419  -0.0430878  0.0788419  0.159774
0.304113  -0.122327  -0.0430838  -0.122327  0.274214  0.0788403  -0.0430838  0.0788403  0.159769
0.304113  -0.122327  -0.0430838  -0.122327  0.274214  0.0788403  -0.0430838  0.0788403  0.159769
0.304125  -0.12235  -0.0430798  -0.12235  0.274225  0.0788388  -0.0430798  0.0788388  0.159764
0.304125  -0.12235  -0.0430798  -0.12235  0.274225  0.0788388  -0.0430798  0.0788388  0.159764
0.304133  -0.122367  -0.0430602  -0.122367  0.274227  0.078826  -0.0430602  0.078826  0.159757
0.304133  -0.122367  -0.0430602  -0.122367  0.274227  0.078826  -0.0430602  0.078826  0.159757
0.304133  -0.122367  -0.0430602  -0.122367  0.274227  0.078826  -0.0430602  0.078826  0.159757
0.304142  -0.122384  -0.0430407  -0.122384  0.274229  0.0788131  -0.0430407  0.0788131  0.15975
0.304142  -0.122384  -0.0430407  -0.122384  0.274229  0.0788131  -0.0430407  0.0788131  0.15975
0.304148  -0.122382  -0.0430263  -0.122382  0.274208  0.0787945  -0.0430263  0.0787945  0.159743
0.304147  -0.122394  -0.0430057  -0.122394  0.274223  0.0787889  -0.0430057  0.0787889  0.15974
0.304147  -0.122394  -0.0430057  -0.122394  0.274223  0.0787889  -0.0430057  0.0787889  0.15974
0.30415  -0.122413  -0.0430005  -0.122413  0.274246  0.0787946  -0.0430005  0.0787946  0.159739
0.30415  -0.122413  -0.0430005  -0.122413  0.274246  0.0787946  -0.0430005  0.0787946  0.159739
0.304156  -0.122411  -0.0429861  -0.122411  0.274225  0.0787761  -0.0429861  0.0787761  0.159732
0.304159  -0.12243  -0.042981  -0.12243  0.274248  0.0787818  -0.042981  0.0787818  0.159732
0.304159  -0.12243  -0.042981  -0.12243  0.274248  0.0787818  -0.042981  0.0787818  0.159732
0.304156  -0.122424  -0.0429655  -0.122424  0.274239  0.0787705  -0.0429655  0.0787705  0.159729
0.304155  -0.122437  -0.0429448  -0.122437  0.274254  0.0787649  -0.0429448  0.0787649  0.159726
0.304155  -0.122437  -0.0429448  -0.122437  0.274254  0.0787649  -0.0429448  0.0787649  0.159726
0.304152  -0.122431  -0.0429293  -0.122431  0.274245  0.0787536  -0.0429293  0.0787536  0.159724
0.304152  -0.122431  -0.0429293  -0.122431  0.274245  0.0787536  -0.0429293  0.0787536  0.159724
0.304149  -0.122425  -0.0429138  -0.122425  0.274236  0.0787423  -0.0429138  0.0787423  0.159721
0.304149  -0.122425  -0.0429138  -0.122425  0.274236  0.0787423  -0.0429138  0.0787423  0.159721
0.304136  -0.122428  -0.0428765  -0.122428  0.274254  0.0787326  -0.0428765  0.0787326  0.15972
0.304133  -0.122422  -0.042861  -0.122422  0.274245  0.0787213  -0.042861  0.0787213  0.159718
0.304133  -0.122422  -0.042861  -0.122422  0.274245  0.0787213  -0.042861  0.0787213  0.159718
0.30413  -0.122417  -0.0428455  -0.122417  0.274236  0.0787101  -0.0428455  0.0787101  0.159715
0.30413  -0.122417  -0.0428455  -0.122417  0.274236  0.0787101  -0.0428455  0.0787101  0.159715
0.304121  -0.122425  -0.0428237  -0.122425  0.274262  0.0787117  -0.0428237  0.0787117  0.159717
0.304117  -0.12242  -0.0428082  -0.12242  0.274254  0.0787004  -0.0428082  0.0787004  0.159714
0.304117  -0.12242  -0.0428082  -0.12242  0.274254  0.0787004  -0.0428082  0.0787004  0.159714
0.304117  -0.122432  -0.0427876  -0.122432  0.274268  0.0786949  -0.0427876  0.0786949  0.159711
0.304117  -0.122432  -0.0427876  -0.122432  0.274268  0.0786949  -0.0427876  0.0786949  0.159711
0.304113  -0.122439  -0.0427514  -0.122439  0.274274  0.078678  -0.0427514  0.078678  0.159706
0.304113  -0.122439  -0.0427514  -0.122439  0.274274  0.078678  -0.0427514  0.078678  0.159706
0.304122  -0.122443  -0.0427525  -0.122443  0.274261  0.0786707  -0.0427525  0.0786707  0.159701
0.304122  -0.122456  -0.0427319  -0.122456  0.274276  0.0786651  -0.0427319  0.0786651  0.159699
0.304122  -0.122456  -0.0427319  -0.122456  0.274276  0.0786651  -0.0427319  0.0786651  0.159699
0.304122  -0.122469  -0.0427112  -0.122469  0.27429  0.0786595  -0.0427112  0.0786595  0.159696
0.304127  -0.122467  -0.0426968  -0.122467  0.274269  0.078641  -0.0426968  0.078641  0.159689
0.304127  -0.122467  -0.0426968  -0.122467  0.274269  0.078641  -0.0426968  0.078641  0.159689
0.304127  -0.12248  -0.0426762  -0.12248  0.274284  0.0786354  -0.0426762  0.0786354  0.159686
0.304127  -0.12248  -0.0426762  -0.12248  0.274284  0.0786354  -0.0426762  0.0786354  0.159686
0.304136  -0.122497  -0.0426567  -0.122497  0.274286  0.0786225  -0.0426567  0.0786225  0.159678
0.304132  -0.122491  -0.0426412  -0.122491  0.274277  0.0786112  -0.0426412  0.0786112  0.159676
0.304132  -0.122491  -0.0426412  -0.122491  0.274277  0.0786112  -0.0426412  0.0786112  0.159676
0.304132  -0.122504  -0.0426205  -0.122504  0.274292  0.0786056  -0.0426205  0.0786056  0.159673
0.304129  -0.122498  -0.042605  -0.122498  0.274283  0.0785944  -0.042605  0.0785944  0.159671
0.304135  -0.122496  -0.0425906  -0.122496  0.274261  0.0785758  -0.0425906  0.0785758  0.159664
0.304137  -0.122515  -0.0425855  -0.122515  0.274285  0.0785815  -0.0425855  0.0785815  0.159663
0.304137  -0.122515  -0.0425855  -0.122515  0.274285  0.0785815  -0.0425855  0.0785815  0.159663
0.304131  -0.122503  -0.0425545  -0.122503  0.274267  0.078559  -0.0425545  0.078559  0.159658
0.304131  -0.122503  -0.0425545  -0.122503  0.274267  0.078559  -0.0425545  0.078559  0.159658
0.30414  -0.12252  -0.042535  -0.12252  0.274269  0.0785461  -0.042535  0.0785461  0.159651
0.30414  -0.12252  -0.042535  -0.12252  0.274269  0.0785461  -0.042535  0.0785461  0.159651
0.304139  -0.122532  -0.0425143  -0.122532  0.274284  0.0785405  -0.0425143  0.0785405  0.159648
0.304136  -0.122527  -0.0424989  -0.122527  0.274275  0.0785292  -0.0424989  0.0785292  0.159646
0.304136  -0.122527  -0.0424989  -0.122527  0.274275  0.0785292  -0.0424989  0.0785292  0.159646
0.304142  -0.122525  -0.0424845  -0.122525  0.274254  0.0785107  -0.0424845  0.0785107  0.159639
0.304142  -0.122525  -0.0424845  -0.122525  0.274254  0.0785107  -0.0424845  0.0785107  0.159639
0.304138  -0.122532  -0.0424484  -0.122532  0.274259  0.0784938  -0.0424484  0.0784938  0.159634
0.304138  -0.122532  -0.0424484  -0.122532  0.274259  0.0784938  -0.0424484  0.0784938  0.159634
0.304141  -0.12255  -0.0424432  -0.12255  0.274283  0.0784995  -0.0424432  0.0784995  0.159633
0.304147  -0.122548  -0.0424288  -0.122548  0.274262  0.078481  -0.0424288  0.078481  0.159626
0.304147  -0.122548  -0.0424288  -0.122548  0.274262  0.078481  -0.0424288  0.078481  0.159626
0.304146  -0.122561  -0.0424082  -0.122561  0.274276  0.0784754  -0.0424082  0.0784754  0.159624
0.304146  -0.122574  -0.0423876  -0.122574  0.274291  0.0784698  -0.0423876  0.0784698  0.159621
0.304146  -0.122574  -0.0423876  -0.122574  0.274291  0.0784698  -0.0423876  0.0784698  0.159621
0.304155  -0.122578  -0.0423886  -0.122578  0.274278  0.0784625  -0.0423886  0.0784625  0.159616
0.304155  -0.122578  -0.0423886  -0.122578  0.274278  0.0784625  -0.0423886  0.0784625  0.159616
0.304167  -0.122601  -0.0423846  -0.122601  0.27429  0.0784609  -0.0423846  0.0784609  0.159612
0.30417  -0.122619  -0.0423794  -0.122619  0.274313  0.0784666  -0.0423794  0.0784666  0.159611
0.30417  -0.122619  -0.0423794  -0.122619  0.274313  0.0784666  -0.0423794  0.0784666  0.159611
0.304185  -0.122661  -0.0423702  -0.122661  0.274348  0.0784706  -0.0423702  0.0784706  0.159606
0.304185  -0.122661  -0.0423702  -0.122661  0.274348  0.0784706  -0.0423702  0.0784706  0.159606
0.304196  -0.122683  -0.0423661  -0.122683  0.274359  0.078469  -0.0423661  0.078469  0.159601
0.304199  -0.122702  -0.0423609  -0.122702  0.274383  0.0784747  -0.0423609  0.0784747  0.159601
0.304199  -0.122702  -0.0423609  -0.122702  0.274383  0.0784747  -0.0423609  0.0784747  0.159601
0.304214  -0.122743  -0.0423517  -0.122743  0.274418  0.0784787  -0.0423517  0.0784787  0.159595
0.304214  -0.122743  -0.0423517  -0.122743  0.274418  0.0784787  -0.0423517  0.0784787  0.159595
0.304223  -0.12276  -0.0423321  -0.12276  0.27442  0.0784659  -0.0423321  0.0784659  0.159588
0.304235  -0.122783  -0.042328  -0.122783  0.274431  0.0784642  -0.042328  0.0784642  0.159583
0.304235  -0.122783  -0.042328  -0.122783  0.274431  0.0784642  -0.042328  0.0784642  0.159583
0.30425  -0.122824  -0.0423188  -0.122824  0.274466  0.0784683  -0.0423188  0.0784683  0.159578
0.30425  -0.122824  -0.0423188  -0.122824  0.274466  0.0784683  -0.0423188  0.0784683  0.159578
0.304262  -0.122847  -0.0423147  -0.122847  0.274478  0.0784667  -0.0423147  0.0784667  0.159573
0.304264  -0.122866  -0.0423095  -0.122866  0.274501  0.0784723  -0.0423095  0.0784723  0.159573
0.304273  -0.122883  -0.0422899  -0.122883  0.274504  0.0784594  -0.0422899  0.0784594  0.159565
0.304273  -0.122883  -0.0422899  -0.122883  0.274504  0.0784594  -0.0422899  0.0784594  0.159565
0.304285  -0.122905  -0.0422859  -0.122905  0.274515  0.0784578  -0.0422859  0.0784578  0.15956
0.304297  -0.122928  -0.0422818  -0.122928  0.274526  0.0784562  -0.0422818  0.0784562  0.159556
0.304297  -0.122928  -0.0422818  -0.122928  0.274526  0.0784562  -0.0422818  0.0784562  0.159556
0.3043  -0.122947  -0.0422766  -0.122947  0.27455  0.0784618  -0.0422766  0.0784618  0.159555
0.3043  -0.122947  -0.0422766  -0.122947  0.27455  0.0784618  -0.0422766  0.0784618  0.159555
0.304309  -0.122963  -0.042257  -0.122963  0.274552  0.0784489  -0.042257  0.0784489  0.159548
0.304321  -0.122986  -0.0422529  -0.122986  0.274564  0.0784473  -0.0422529  0.0784473  0.159543
0.304321  -0.122986  -0.0422529  -0.122986  0.274564  0.0784473  -0.0422529  0.0784473  0.159543
0.304324  -0.123005  -0.0422477  -0.123005  0.274588  0.0784529  -0.0422477  0.0784529  0.159543
0.304324  -0.123005  -0.0422477  -0.123005  0.274588  0.0784529  -0.0422477  0.0784529  0.159543
0.304332  -0.123022  -0.0422281  -0.123022  0.27459  0.07844  -0.0422281  0.07844  0.159535
0.304335  -0.123041  -0.042223  -0.123041  0.274614  0.0784457  -0.042223  0.0784457  0.159535
0.304335  -0.123041  -0.042223  -0.123041  0.274614  0.0784457  -0.042223  0.0784457  0.159535
0.304347  -0.123063  -0.0422189  -0.123063  0.274625  0.078444  -0.0422189  0.078444  0.15953
0.304347  -0.123063  -0.0422189  -0.123063  0.274625  0.078444  -0.0422189  0.078444  0.15953
0.304356  -0.12308  -0.0421992  -0.12308  0.274627  0.0784311  -0.0421992  0.0784311  0.159523
0.304359  -0.123099  -0.0421941  -0.123099  0.274651  0.0784368  -0.0421941  0.0784368  0.159523
0.304359  -0.123099  -0.0421941  -0.123099  0.274651  0.0784368  -0.0421941  0.0784368  0.159523
0.304374  -0.12314  -0.0421848  -0.12314  0.274686  0.0784408  -0.0421848  0.0784408  0.159517
0.304374  -0.12314  -0.0421848  -0.12314  0.274686  0.0784408  -0.0421848  0.0784408  0.159517
0.304389  -0.123182  -0.0421755  -0.123182  0.274721  0.0784448  -0.0421755  0.0784448  0.159512
0.304401  -0.123205  -0.0421714  -0.123205  0.274733  0.0784432  -0.0421714  0.0784432  0.159507
0.304401  -0.123205  -0.0421714  -0.123205  0.274733  0.0784432  -0.0421714  0.0784432  0.159507
0.304412  -0.12324  -0.0421466  -0.12324  0.274759  0.0784359  -0.0421466  0.0784359  0.1595
0.304412  -0.12324  -0.0421466  -0.12324  0.274759  0.0784359  -0.0421466  0.0784359  0.1595
0.304415  -0.123259  -0.0421414  -0.123259  0.274783  0.0784415  -0.0421414  0.0784415  0.159499
0.30443  -0.123301  -0.0421321  -0.123301  0.274818  0.0784455  -0.0421321  0.0784455  0.159494
0.30443  -0.123301  -0.0421321  -0.123301  0.274818  0.0784455  -0.0421321  0.0784455  0.159494
0.304439  -0.123318  -0.0421125  -0.123318  0.274821  0.0784326  -0.0421125  0.0784326  0.159487
0.304445  -0.123355  -0.0421021  -0.123355  0.274868  0.0784439  -0.0421021  0.0784439  0.159486
0.304445  -0.123355  -0.0421021  -0.123355  0.274868  0.0784439  -0.0421021  0.0784439  0.159486
0.30446  -0.123397  -0.0420928  -0.123397  0.274903  0.0784479  -0.0420928  0.0784479  0.159481
0.30446  -0.123397  -0.0420928  -0.123397  0.274903  0.0784479  -0.0420928  0.0784479  0.159481
0.304466  -0.123435  -0.0420824  -0.123435  0.274951  0.0784591  -0.0420824  0.0784591  0.15948
0.304478  -0.123457  -0.0420782  -0.123457  0.274963  0.0784575  -0.0420782  0.0784575  0.159475
0.304478  -0.123457  -0.0420782  -0.123457  0.274963  0.0784575  -0.0420782  0.0784575  0.159475
0.304484  -0.123495  -0.0420679  -0.123495  0.27501  0.0784688  -0.0420679  0.0784688  0.159475
0.304484  -0.123495  -0.0420679  -0.123495  0.27501  0.0784688  -0.0420679  0.0784688  0.159475
0.304499  -0.123537  -0.0420585  -0.123537  0.275046  0.0784728  -0.0420585  0.0784728  0.159469
0.304505  -0.123575  -0.0420481  -0.123575  0.275093  0.0784841  -0.0420481  0.0784841  0.159469
0.304505  -0.123575  -0.0420481  -0.123575  0.275093  0.0784841  -0.0420481  0.0784841  0.159469
0.30452  -0.123616  -0.0420388  -0.123616  0.275129  0.078488  -0.0420388  0.078488  0.159463
0.30452  -0.123616  -0.0420388  -0.123616  0.275129  0.078488  -0.0420388  0.078488  0.159463
0.304536  -0.123658  -0.0420295  -0.123658  0.275164  0.078492  -0.0420295  0.078492  0.159458
0.304539  -0.123677  -0.0420243  -0.123677  0.275188  0.0784976  -0.0420243  0.0784976  0.159458
0.304545  -0.123715  -0.0420139  -0.123715  0.275236  0.0785089  -0.0420139  0.0785089  0.159457
0.304557  -0.123738  -0.0420097  -0.123738  0.275248  0.0785073  -0.0420097  0.0785073  0.159452
0.304557  -0.123738  -0.0420097  -0.123738  0.275248  0.0785073  -0.0420097  0.0785073  0.159452
0.304572  -0.123779  -0.0420004  -0.123779  0.275283  0.0785112  -0.0420004  0.0785112  0.159447
0.304575  -0.123798  -0.0419952  -0.123798  0.275307  0.0785169  -0.0419952  0.0785169  0.159447
0.304581  -0.123836  -0.0419847  -0.123836  0.275355  0.0785282  -0.0419847  0.0785282  0.159446
0.304593  -0.123859  -0.0419806  -0.123859  0.275367  0.0785265  -0.0419806  0.0785265  0.159441
0.304593  -0.123859  -0.0419806  -0.123859  0.275367  0.0785265  -0.0419806  0.0785265  0.159441
0.304611  -0.12392  -0.041966  -0.12392  0.275426  0.0785361  -0.041966  0.0785361  0.159436
0.304611  -0.12392  -0.041966  -0.12392  0.275426  0.0785361  -0.041966  0.0785361  0.159436
0.304627  -0.123962  -0.0419567  -0.123962  0.275462  0.07854  -0.0419567  0.07854  0.15943
0.304627  -0.123962  -0.0419567  -0.123962  0.275462  0.07854  -0.0419567  0.07854  0.15943
0.304641  -0.124016  -0.0419265  -0.124016  0.275513  0.0785383  -0.0419265  0.0785383  0.159423
0.304644  -0.124035  -0.0419213  -0.124035  0.275537  0.0785439  -0.0419213  0.0785439  0.159422
0.304647  -0.124054  -0.0419161  -0.124054  0.275561  0.0785496  -0.0419161  0.0785496  0.159422
0.304672  -0.1241  -0.0419078  -0.1241  0.275584  0.0785462  -0.0419078  0.0785462  0.159412
0.304672  -0.1241  -0.0419078  -0.1241  0.275584  0.0785462  -0.0419078  0.0785462  0.159412
0.304687  -0.124155  -0.0418776  -0.124155  0.275635  0.0785444  -0.0418776  0.0785444  0.159404
0.304687  -0.124155  -0.0418776  -0.124155  0.275635  0.0785444  -0.0418776  0.0785444  0.159404
0.304702  -0.124197  -0.0418683  -0.124197  0.275671  0.0785483  -0.0418683  0.0785483  0.159399
0.304714  -0.124233  -0.0418433  -0.124233  0.275698  0.0785409  -0.0418433  0.0785409  0.159392
0.304714  -0.124233  -0.0418433  -0.124233  0.275698  0.0785409  -0.0418433  0.0785409  0.159392
0.304729  -0.124288  -0.0418132  -0.124288  0.275749  0.0785391  -0.0418132  0.0785391  0.159384
0.304729  -0.124288  -0.0418132  -0.124288  0.275749  0.0785391  -0.0418132  0.0785391  0.159384
0.304741  -0.124324  -0.0417882  -0.124324  0.275775  0.0785317  -0.0417882  0.0785317  0.159377
0.304756  -0.124366  -0.0417788  -0.124366  0.275811  0.0785356  -0.0417788  0.0785356  0.159372
0.304756  -0.124366  -0.0417788  -0.124366  0.275811  0.0785356  -0.0417788  0.0785356  0.159372
0.304768  -0.124402  -0.0417538  -0.124402  0.275838  0.0785282  -0.0417538  0.0785282  0.159364
0.304777  -0.124406  -0.0417549  -0.124406  0.275826  0.0785208  -0.0417549  0.0785208  0.15936
0.304792  -0.124461  -0.0417247  -0.124461  0.275877  0.078519  -0.0417247  0.078519  0.159352
0.304805  -0.124484  -0.0417205  -0.124484  0.275889  0.0785173  -0.0417205  0.0785173  0.159347
0.304805  -0.124484  -0.0417205  -0.124484  0.275889  0.0785173  -0.0417205  0.0785173  0.159347
0.30482  -0.124526  -0.0417111  -0.124526  0.275925  0.0785212  -0.0417111  0.0785212  0.159342
0.304829  -0.124543  -0.0416913  -0.124543  0.275928  0.0785081  -0.0416913  0.0785081  0.159335
0.304844  -0.124585  -0.0416819  -0.124585  0.275964  0.078512  -0.0416819  0.078512  0.15933
0.304857  -0.124608  -0.0416777  -0.124608  0.275976  0.0785103  -0.0416777  0.0785103  0.159325
0.30486  -0.124627  -0.0416725  -0.124627  0.276  0.0785159  -0.0416725  0.0785159  0.159325
0.304884  -0.124673  -0.0416641  -0.124673  0.276024  0.0785124  -0.0416641  0.0785124  0.159315
0.304893  -0.12469  -0.0416443  -0.12469  0.276027  0.0784993  -0.0416443  0.0784993  0.159308
0.304893  -0.12469  -0.0416443  -0.12469  0.276027  0.0784993  -0.0416443  0.0784993  0.159308
0.304921  -0.124755  -0.0416306  -0.124755  0.276075  0.0785015  -0.0416306  0.0785015  0.159298
0.304921  -0.124755  -0.0416306  -0.124755  0.276075  0.0785015  -0.0416306  0.0785015  0.159298
0.304946  -0.124801  -0.0416222  -0.124801  0.276099  0.078498  -0.0416222  0.078498  0.159289
0.304968  -0.124828  -0.041619  -0.124828  0.276098  0.0784889  -0.041619  0.0784889  0.159279
0.304968  -0.124828  -0.041619  -0.124828  0.276098  0.0784889  -0.041619  0.0784889  0.159279
0.304996  -0.12488  -0.0416262  -0.12488  0.276131  0.0784968  -0.0416262  0.0784968  0.159272
0.304999  -0.124899  -0.0416209  -0.124899  0.276156  0.0785024  -0.0416209  0.0785024  0.159272
0.305033  -0.12495  -0.0416135  -0.12495  0.276167  0.0784916  -0.0416135  0.0784916  0.159258
0.305046  -0.124973  -0.0416093  -0.124973  0.276179  0.0784898  -0.0416093  0.0784898  0.159253
0.305055  -0.124977  -0.0416103  -0.124977  0.276167  0.0784824  -0.0416103  0.0784824  0.159249
0.30508  -0.125023  -0.0416019  -0.125023  0.276191  0.0784789  -0.0416019  0.0784789  0.159239
0.305083  -0.125042  -0.0415967  -0.125042  0.276215  0.0784846  -0.0415967  0.0784846  0.159239
0.305112  -0.125095  -0.0416038  -0.125095  0.276248  0.0784924  -0.0416038  0.0784924  0.159231
0.305134  -0.125122  -0.0416006  -0.125122  0.276248  0.0784833  -0.0416006  0.0784833  0.159222
0.305137  -0.125141  -0.0415953  -0.125141  0.276272  0.0784889  -0.0415953  0.0784889  0.159222
0.305162  -0.125187  -0.0415869  -0.125187  0.276297  0.0784854  -0.0415869  0.0784854  0.159212
0.305162  -0.125187  -0.0415869  -0.125187  0.276297  0.0784854  -0.0415869  0.0784854  0.159212
0.305187  -0.125234  -0.0415784  -0.125234  0.276321  0.0784819  -0.0415784  0.0784819  0.159203
0.305203  -0.125276  -0.0415689  -0.125276  0.276357  0.0784857  -0.0415689  0.0784857  0.159198
0.305212  -0.12528  -0.0415699  -0.12528  0.276345  0.0784784  -0.0415699  0.0784784  0.159193
0.305241  -0.125345  -0.0415562  -0.125345  0.276393  0.0784804  -0.0415562  0.0784804  0.159183
0.305241  -0.125345  -0.0415562  -0.125345  0.276393  0.0784804  -0.0415562  0.0784804  0.159183
0.305266  -0.125392  -0.0415477  -0.125392  0.276418  0.0784769  -0.0415477  0.0784769  0.159174
0.305266  -0.125392  -0.0415477  -0.125392  0.276418  0.0784769  -0.0415477  0.0784769  0.159174
0.305291  -0.125438  -0.0415392  -0.125438  0.276442  0.0784733  -0.0415392  0.0784733  0.159164
0.305294  -0.125457  -0.041534  -0.125457  0.276466  0.0784789  -0.041534  0.0784789  0.159164
0.30532  -0.125504  -0.0415255  -0.125504  0.276491  0.0784754  -0.0415255  0.0784754  0.159155
0.305336  -0.125546  -0.041516  -0.125546  0.276527  0.0784792  -0.041516  0.0784792  0.15915
0.305336  -0.125546  -0.041516  -0.125546  0.276527  0.0784792  -0.041516  0.0784792  0.15915
0.305357  -0.125587  -0.0414918  -0.125587  0.276542  0.0784642  -0.0414918  0.0784642  0.159138
0.305357  -0.125587  -0.0414918  -0.125587  0.276542  0.0784642  -0.0414918  0.0784642  0.159138
0.305383  -0.125633  -0.0414833  -0.125633  0.276567  0.0784606  -0.0414833  0.0784606  0.159128
0.305408  -0.12568  -0.0414748  -0.12568  0.276591  0.0784571  -0.0414748  0.0784571  0.159119
0.305408  -0.12568  -0.0414748  -0.12568  0.276591  0.0784571  -0.0414748  0.0784571  0.159119
0.305434  -0.125726  -0.0414663  -0.125726  0.276616  0.0784535  -0.0414663  0.0784535  0.159109
0.305434  -0.125726  -0.0414663  -0.125726  0.276616  0.0784535  -0.0414663  0.0784535  0.159109
0.305476  -0.125802  -0.0414691  -0.125802  0.276661  0.0784595  -0.0414691  0.0784595  0.159097
0.305488  -0.125826  -0.0414649  -0.125826  0.276674  0.0784577  -0.0414649  0.0784577  0.159093
0.305488  -0.125826  -0.0414649  -0.125826  0.276674  0.0784577  -0.0414649  0.0784577  0.159093
0.305523  -0.125876  -0.0414574  -0.125876  0.276686  0.0784468  -0.0414574  0.0784468  0.159079
0.305523  -0.125876  -0.0414574  -0.125876  0.276686  0.0784468  -0.0414574  0.0784468  0.159079
0.305549  -0.125923  -0.0414488  -0.125923  0.27671  0.0784431  -0.0414488  0.0784431  0.159069
0.305571  -0.12595  -0.0414456  -0.12595  0.27671  0.078434  -0.0414456  0.078434  0.15906
0.305571  -0.12595  -0.0414456  -0.12595  0.27671  0.078434  -0.0414456  0.078434  0.15906
0.305597  -0.125997  -0.041437  -0.125997  0.276735  0.0784303  -0.041437  0.0784303  0.159051
0.305597  -0.125997  -0.041437  -0.125997  0.276735  0.0784303  -0.041437  0.0784303  0.159051
0.305623  -0.126044  -0.0414285  -0.126044  0.276759  0.0784267  -0.0414285  0.0784267  0.159041
0.305623  -0.126044  -0.0414285  -0.126044  0.276759  0.0784267  -0.0414285  0.0784267  0.159041
0.305648  -0.12609  -0.0414199  -0.12609  0.276784  0.0784231  -0.0414199  0.0784231  0.159032
0.305658  -0.126107  -0.0414  -0.126107  0.276787  0.0784098  -0.0414  0.0784098  0.159025
0.305658  -0.126107  -0.0414  -0.126107  0.276787  0.0784098  -0.0414  0.0784098  0.159025
0.30567  -0.126131  -0.0413957  -0.126131  0.276799  0.078408  -0.0413957  0.078408  0.15902
0.305696  -0.126178  -0.0413871  -0.126178  0.276824  0.0784044  -0.0413871  0.0784044  0.159011
0.305709  -0.126201  -0.0413828  -0.126201  0.276836  0.0784026  -0.0413828  0.0784026  0.159006
0.305709  -0.126201  -0.0413828  -0.126201  0.276836  0.0784026  -0.0413828  0.0784026  0.159006
0.305732  -0.126228  -0.0413795  -0.126228  0.276836  0.0783934  -0.0413795  0.0783934  0.158997
0.305732  -0.126228  -0.0413795  -0.126228  0.276836  0.0783934  -0.0413795  0.0783934  0.158997
0.305748  -0.126271  -0.0413699  -0.126271  0.276873  0.0783971  -0.0413699  0.0783971  0.158992
0.305748  -0.126271  -0.0413699  -0.126271  0.276873  0.0783971  -0.0413699  0.0783971  0.158992
0.305761  -0.126295  -0.0413656  -0.126295  0.276886  0.0783953  -0.0413656  0.0783953  0.158987
0.305767  -0.126292  -0.041351  -0.126292  0.276864  0.0783764  -0.041351  0.0783764  0.15898
0.30577  -0.126312  -0.0413457  -0.126312  0.276889  0.078382  -0.0413457  0.078382  0.15898
0.30578  -0.126316  -0.0413467  -0.126316  0.276877  0.0783746  -0.0413467  0.0783746  0.158976
0.30578  -0.126316  -0.0413467  -0.126316  0.276877  0.0783746  -0.0413467  0.0783746  0.158976
0.305789  -0.126333  -0.0413267  -0.126333  0.27688  0.0783613  -0.0413267  0.0783613  0.158969
0.305789  -0.126333  -0.0413267  -0.126333  0.27688  0.0783613  -0.0413267  0.0783613  0.158969
0.305802  -0.126356  -0.0413224  -0.126356  0.276892  0.0783595  -0.0413224  0.0783595  0.158964
0.305798  -0.12635  -0.0413068  -0.12635  0.276883  0.078348  -0.0413068  0.078348  0.158962
0.305808  -0.126354  -0.0413078  -0.126354  0.276871  0.0783406  -0.0413078  0.0783406  0.158957
0.305811  -0.126374  -0.0413025  -0.126374  0.276895  0.0783462  -0.0413025  0.0783462  0.158957
0.305811  -0.126374  -0.0413025  -0.126374  0.276895  0.0783462  -0.0413025  0.0783462  0.158957
0.305824  -0.126397  -0.0412981  -0.126397  0.276908  0.0783443  -0.0412981  0.0783443  0.158952
0.30583  -0.126395  -0.0412835  -0.126395  0.276886  0.0783255  -0.0412835  0.0783255  0.158946
0.30583  -0.126395  -0.0412835  -0.126395  0.276886  0.0783255  -0.0412835  0.0783255  0.158946
0.305833  -0.126414  -0.0412782  -0.126414  0.276911  0.078331  -0.0412782  0.078331  0.158945
0.305833  -0.126414  -0.0412782  -0.126414  0.276911  0.078331  -0.0412782  0.078331  0.158945
0.30585  -0.126444  -0.0412895  -0.126444  0.276932  0.0783406  -0.0412895  0.0783406  0.158943
0.30586  -0.126448  -0.0412905  -0.126448  0.27692  0.0783332  -0.0412905  0.0783332  0.158939
0.30586  -0.126448  -0.0412905  -0.126448  0.27692  0.0783332  -0.0412905  0.0783332  0.158939
0.305873  -0.126471  -0.0412862  -0.126471  0.276932  0.0783314  -0.0412862  0.0783314  0.158934
0.305873  -0.126471  -0.0412862  -0.126471  0.276932  0.0783314  -0.0412862  0.0783314  0.158934
0.305886  -0.126495  -0.0412819  -0.126495  0.276945  0.0783296  -0.0412819  0.0783296  0.158929
0.305889  -0.126514  -0.0412766  -0.126514  0.27697  0.0783351  -0.0412766  0.0783351  0.158929
0.305889  -0.126514  -0.0412766  -0.126514  0.27697  0.0783351  -0.0412766  0.0783351  0.158929
0.305899  -0.126518  -0.0412776  -0.126518  0.276957  0.0783277  -0.0412776  0.0783277  0.158924
0.305899  -0.126518  -0.0412776  -0.126518  0.276957  0.0783277  -0.0412776  0.0783277  0.158924
0.305902  -0.126538  -0.0412723  -0.126538  0.276982  0.0783333  -0.0412723  0.0783333  0.158924
0.305902  -0.126538  -0.0412723  -0.126538  0.276982  0.0783333  -0.0412723  0.0783333  0.158924
0.305902  -0.126538  -0.0412723  -0.126538  0.276982  0.0783333  -0.0412723  0.0783333  0.158924
0.305915  -0.126561  -0.041268  -0.126561  0.276995  0.0783314  -0.041268  0.0783314  0.158919
0.305915  -0.126561  -0.041268  -0.126561  0.276995  0.0783314  -0.041268  0.0783314  0.158919
0.305918  -0.126581  -0.0412627  -0.126581  0.277019  0.078337  -0.0412627  0.078337  0.158919
0.305918  -0.126581  -0.0412627  -0.126581  0.277019  0.078337  -0.0412627  0.078337  0.158919
0.305918  -0.126581  -0.0412627  -0.126581  0.277019  0.078337  -0.0412627  0.078337  0.158919
0.305922  -0.1266  -0.0412573  -0.1266  0.277044  0.0783425  -0.0412573  0.0783425  0.158919
0.305922  -0.1266  -0.0412573  -0.1266  0.277044  0.0783425  -0.0412573  0.0783425  0.158919
0.305922  -0.1266  -0.0412573  -0.1266  0.277044  0.0783425  -0.0412573  0.0783425  0.158919
0.305922  -0.1266  -0.0412573  -0.1266  0.277044  0.0783425  -0.0412573  0.0783425  0.158919
0.305922  -0.1266  -0.0412573  -0.1266  0.277044  0.0783425  -0.0412573  0.0783425  0.158919
0.305925  -0.126619  -0.041252  -0.126619  0.277069  0.0783481  -0.041252  0.0783481  0.158919
0.305925  -0.126619  -0.041252  -0.126619  0.277069  0.0783481  -0.041252  0.0783481  0.158919
0.305925  -0.126619  -0.041252  -0.126619  0.277069  0.0783481  -0.041252  0.0783481  0.158919
0.305925  -0.126619  -0.041252  -0.126619  0.277069  0.0783481  -0.041252  0.0783481  0.158919
0.305928  -0.126639  -0.0412467  -0.126639  0.277094  0.0783536  -0.0412467  0.0783536  0.158918
0.305919  -0.126635  -0.0412457  -0.126635  0.277106  0.078361  -0.0412457  0.078361  0.158923
0.305919  -0.126635  -0.0412457  -0.126635  0.277106  0.078361  -0.0412457  0.078361  0.158923
0.305922  -0.126654  -0.0412404  -0.126654  0.277131  0.0783666  -0.0412404  0.0783666  0.158923
0.305922  -0.126654  -0.0412404  -0.126654  0.277131  0.0783666  -0.0412404  0.0783666  0.158923
0.305922  -0.126654  -0.0412404  -0.126654  0.277131  0.0783666  -0.0412404  0.0783666  0.158923
0.305925  -0.126673  -0.0412351  -0.126673  0.277156  0.0783721  -0.0412351  0.0783721  0.158922
0.305925  -0.126673  -0.0412351  -0.126673  0.277156  0.0783721  -0.0412351  0.0783721  0.158922
0.305929  -0.126693  -0.0412298  -0.126693  0.277181  0.0783777  -0.0412298  0.0783777  0.158922
0.305929  -0.126693  -0.0412298  -0.126693  0.277181  0.0783777  -0.0412298  0.0783777  0.158922
0.305929  -0.126693  -0.0412298  -0.126693  0.277181  0.0783777  -0.0412298  0.0783777  0.158922
0.305932  -0.126712  -0.0412245  -0.126712  0.277206  0.0783833  -0.0412245  0.0783833  0.158922
0.305932  -0.126712  -0.0412245  -0.126712  0.277206  0.0783833  -0.0412245  0.0783833  0.158922
0.305939  -0.126738  -0.0412348  -0.126738  0.27724  0.0784003  -0.0412348  0.0784003  0.158924
0.305939  -0.126738  -0.0412348  -0.126738  0.27724  0.0784003  -0.0412348  0.0784003  0.158924
0.305939  -0.126738  -0.0412348  -0.126738  0.27724  0.0784003  -0.0412348  0.0784003  0.158924
0.305952  -0.126761  -0.0412305  -0.126761  0.277252  0.0783984  -0.0412305  0.0783984  0.158919
0.305952  -0.126761  -0.0412305  -0.126761  0.277252  0.0783984  -0.0412305  0.0783984  0.158919
0.305952  -0.126761  -0.0412305  -0.126761  0.277252  0.0783984  -0.0412305  0.0783984  0.158919
0.305955  -0.126781  -0.0412252  -0.126781  0.277277  0.078404  -0.0412252  0.078404  0.158919
0.305955  -0.126781  -0.0412252  -0.126781  0.277277  0.078404  -0.0412252  0.078404  0.158919
0.305955  -0.126781  -0.0412252  -0.126781  0.277277  0.078404  -0.0412252  0.078404  0.158919
0.305955  -0.126781  -0.0412252  -0.126781  0.277277  0.078404  -0.0412252  0.078404  0.158919
0.305955  -0.126781  -0.0412252  -0.126781  0.277277  0.078404  -0.0412252  0.078404  0.158919
0.305955  -0.126781  -0.0412252  -0.126781  0.277277  0.078404  -0.0412252  0.078404  0.158919
0.305959  -0.1268  -0.0412199  -0.1268  0.277302  0.0784096  -0.0412199  0.0784096  0.158919
0.305949  -0.126796  -0.0412189  -0.126796  0.277314  0.078417  -0.0412189  0.078417  0.158923
0.305949  -0.126796  -0.0412189  -0.126796  0.277314  0.078417  -0.0412189  0.078417  0.158923
0.305949  -0.126796  -0.0412189  -0.126796  0.277314  0.078417  -0.0412189  0.078417  0.158923
0.305949  -0.126796  -0.0412189  -0.126796  0.277314  0.078417  -0.0412189  0.078417  0.158923
0.305952  -0.126815  -0.0412135  -0.126815  0.277339  0.0784225  -0.0412135  0.0784225  0.158923
0.305952  -0.126815  -0.0412135  -0.126815  0.277339  0.0784225  -0.0412135  0.0784225  0.158923
0.305952  -0.126815  -0.0412135  -0.126815  0.277339  0.0784225  -0.0412135  0.0784225  0.158923
0.305943  -0.126811  -0.0412125  -0.126811  0.277351  0.0784299  -0.0412125  0.0784299  0.158927
0.305943  -0.126811  -0.0412125  -0.126811  0.277351  0.0784299  -0.0412125  0.0784299  0.158927
0.305943  -0.126811  -0.0412125  -0.126811  0.277351  0.0784299  -0.0412125  0.0784299  0.158927
0.305943  -0.126811  -0.0412125  -0.126811  0.277351  0.0784299  -0.0412125  0.0784299  0.158927
0.305946  -0.126831  -0.0412072  -0.126831  0.277376  0.0784355  -0.0412072  0.0784355  0.158927
0.305936  -0.126826  -0.0412062  -0.126826  0.277389  0.0784429  -0.0412062  0.0784429  0.158932
0.305936  -0.126826  -0.0412062  -0.126826  0.277389  0.0784429  -0.0412062  0.0784429  0.158932
0.305936  -0.126826  -0.0412062  -0.126826  0.277389  0.0784429  -0.0412062  0.0784429  0.158932
0.305939  -0.126846  -0.0412009  -0.126846  0.277414  0.0784485  -0.0412009  0.0784485  0.158931
0.305939  -0.126846  -0.0412009  -0.126846  0.277414  0.0784485  -0.0412009  0.0784485  0.158931
0.305939  -0.126846  -0.0412009  -0.126846  0.277414  0.0784485  -0.0412009  0.0784485  0.158931
0.305939  -0.126846  -0.0412009  -0.126846  0.277414  0.0784485  -0.0412009  0.0784485  0.158931
0.305943  -0.126865  -0.0411956  -0.126865  0.277439  0.078454  -0.0411956  0.078454  0.158931
0.305936  -0.126881  -0.0411893  -0.126881  0.277476  0.078467  -0.0411893  0.078467  0.158935
0.305936  -0.126881  -0.0411893  -0.126881  0.277476  0.078467  -0.0411893  0.078467  0.158935
0.305936  -0.126881  -0.0411893  -0.126881  0.277476  0.078467  -0.0411893  0.078467  0.158935
0.30594  -0.1269  -0.0411839  -0.1269  0.277501  0.0784725  -0.0411839  0.0784725  0.158935
0.30594  -0.1269  -0.0411839  -0.1269  0.277501  0.0784725  -0.0411839  0.0784725  0.158935
0.30594  -0.1269  -0.0411839  -0.1269  0.277501  0.0784725  -0.0411839  0.0784725  0.158935
0.30594  -0.1269  -0.0411839  -0.1269  0.277501  0.0784725  -0.0411839  0.0784725  0.158935
0.305947  -0.126926  -0.0411943  -0.126926  0.277535  0.0784896  -0.0411943  0.0784896  0.158937
0.305947  -0.126926  -0.0411943  -0.126926  0.277535  0.0784896  -0.0411943  0.0784896  0.158937
0.305947  -0.126926  -0.0411943  -0.126926  0.277535  0.0784896  -0.0411943  0.0784896  0.158937
0.30595  -0.126945  -0.041189  -0.126945  0.27756  0.0784951  -0.041189  0.0784951  0.158937
0.30595  -0.126945  -0.041189  -0.126945  0.27756  0.0784951  -0.041189  0.0784951  0.158937
0.30595  -0.126945  -0.041189  -0.126945  0.27756  0.0784951  -0.041189  0.0784951  0.158937
0.30595  -0.126945  -0.041189  -0.126945  0.27756  0.0784951  -0.041189  0.0784951  0.158937
0.305953  -0.126964  -0.0411836  -0.126964  0.277585  0.0785007  -0.0411836  0.0785007  0.158937
0.305957  -0.126971  -0.0411993  -0.126971  0.277594  0.0785122  -0.0411993  0.0785122  0.158939
0.305957  -0.126971  -0.0411993  -0.126971  0.277594  0.0785122  -0.0411993  0.0785122  0.158939
0.305961  -0.12699  -0.041194  -0.12699  0.277619  0.0785178  -0.041194  0.0785178  0.158938
0.305961  -0.12699  -0.041194  -0.12699  0.277619  0.0785178  -0.041194  0.0785178  0.158938
0.305961  -0.12699  -0.041194  -0.12699  0.277619  0.0785178  -0.041194  0.0785178  0.158938
0.305961  -0.12699  -0.041194  -0.12699  0.277619  0.0785178  -0.041194  0.0785178  0.158938
0.305961  -0.12699  -0.041194  -0.12699  0.277619  0.0785178  -0.041194  0.0785178  0.158938
0.305964  -0.12701  -0.0411887  -0.12701  0.277644  0.0785233  -0.0411887  0.0785233  0.158938
0.305964  -0.12701  -0.0411887  -0.12701  0.277644  0.0785233  -0.0411887  0.0785233  0.158938
0.305964  -0.12701  -0.0411887  -0.12701  0.277644  0.0785233  -0.0411887  0.0785233  0.158938
0.305964  -0.12701  -0.0411887  -0.12701  0.277644  0.0785233  -0.0411887  0.0785233  0.158938
0.305964  -0.12701  -0.0411887  -0.12701  0.277644  0.0785233  -0.0411887  0.0785233  0.158938
0.305968  -0.127016  -0.0412044  -0.127016  0.277653  0.0785348  -0.0412044  0.0785348  0.15894
0.305968  -0.127016  -0.0412044  -0.127016  0.277653  0.0785348  -0.0412044  0.0785348  0.15894
0.305968  -0.127016  -0.0412044  -0.127016  0.277653  0.0785348  -0.0412044  0.0785348  0.15894
0.305958  -0.127012  -0.0412034  -0.127012  0.277666  0.0785423  -0.0412034  0.0785423  0.158945
0.305958  -0.127012  -0.0412034  -0.127012  0.277666  0.0785423  -0.0412034  0.0785423  0.158945
0.305961  -0.127031  -0.041198  -0.127031  0.277691  0.0785478  -0.041198  0.0785478  0.158945
0.305961  -0.127031  -0.041198  -0.127031  0.277691  0.0785478  -0.041198  0.0785478  0.158945
0.305961  -0.127031  -0.041198  -0.127031  0.277691  0.0785478  -0.041198  0.0785478  0.158945
0.305952  -0.127027  -0.041197  -0.127027  0.277703  0.0785552  -0.041197  0.0785552  0.158949
0.305952  -0.127027  -0.041197  -0.127027  0.277703  0.0785552  -0.041197  0.0785552  0.158949
0.305955  -0.127046  -0.0411917  -0.127046  0.277728  0.0785608  -0.0411917  0.0785608  0.158949
0.305955  -0.127046  -0.0411917  -0.127046  0.277728  0.0785608  -0.0411917  0.0785608  0.158949
0.305955  -0.127046  -0.0411917  -0.127046  0.277728  0.0785608  -0.0411917  0.0785608  0.158949
0.305955  -0.127046  -0.0411917  -0.127046  0.277728  0.0785608  -0.0411917  0.0785608  0.158949
0.305955  -0.127046  -0.0411917  -0.127046  0.277728  0.0785608  -0.0411917  0.0785608  0.158949
0.305945  -0.127042  -0.0411907  -0.127042  0.27774  0.0785682  -0.0411907  0.0785682  0.158953
0.305945  -0.127042  -0.0411907  -0.127042  0.27774  0.0785682  -0.0411907  0.0785682  0.158953
0.305945  -0.127042  -0.0411907  -0.127042  0.27774  0.0785682  -0.0411907  0.0785682  0.158953
0.305945  -0.127042  -0.0411907  -0.127042  0.27774  0.0785682  -0.0411907  0.0785682  0.158953
0.305945  -0.127042  -0.0411907  -0.127042  0.27774  0.0785682  -0.0411907  0.0785682  0.158953
0.305935  -0.127038  -0.0411897  -0.127038  0.277753  0.0785756  -0.0411897  0.0785756  0.158958
0.305935  -0.127038  -0.0411897  -0.127038  0.277753  0.0785756  -0.0411897  0.0785756  0.158958
