0.328151  -0.149675  -0.0661389  -0.149675  0.291324  0.0931235  -0.0661389  0.0931235  0.162064
0.328151  -0.149675  -0.0661389  -0.149675  0.291324  0.0931235  -0.0661389  0.0931235  0.162064
0.328194  -0.149584  -0.0660425  -0.149584  0.291069  0.0929514  -0.0660425  0.0929514  0.16199
0.328201  -0.149455  -0.0658625  -0.149455  0.290763  0.0927162  -0.0658625  0.0927162  0.161884
0.328183  -0.14942  -0.0658459  -0.14942  0.29072  0.0926928  -0.0658459  0.0926928  0.161877
0.328095  -0.148994  -0.0655702  -0.148994  0.289989  0.0922502  -0.0655702  0.0922502  0.161715
0.328069  -0.14895  -0.0655329  -0.14895  0.289933  0.0922112  -0.0655329  0.0922112  0.1617
0.32791  -0.14846  -0.0651311  -0.14846  0.289143  0.0916845  -0.0651311  0.0916845  0.161495
0.327794  -0.14815  -0.0648017  -0.14815  0.288634  0.0913056  -0.0648017  0.0913056  0.161337
0.327794  -0.148122  -0.0647875  -0.148122  0.288579  0.091275  -0.0647875  0.091275  0.161326
0.327643  -0.14769  -0.0643343  -0.14769  0.287859  0.0907445  -0.0643343  0.0907445  0.161107
0.327617  -0.147646  -0.0642974  -0.147646  0.287805  0.0907063  -0.0642974  0.0907063  0.161093
0.32744  -0.147159  -0.0637705  -0.147159  0.286997  0.0901028  -0.0637705  0.0901028  0.160844
0.3273  -0.146809  -0.0634086  -0.146809  0.286442  0.0896929  -0.0634086  0.0896929  0.160678
0.327291  -0.146771  -0.0633741  -0.146771  0.286376  0.0896476  -0.0633741  0.0896476  0.16066
0.327119  -0.146215  -0.062912  -0.146215  0.285473  0.0890456  -0.062912  0.0890456  0.160432
0.327109  -0.146192  -0.0628529  -0.146192  0.285424  0.0889924  -0.0628529  0.0889924  0.160406
0.326919  -0.145677  -0.062317  -0.145677  0.284589  0.0883785  -0.062317  0.0883785  0.160161
0.326902  -0.14563  -0.0622626  -0.14563  0.284511  0.0883187  -0.0622626  0.0883187  0.160137
0.326723  -0.145027  -0.061796  -0.145027  0.283537  0.0876893  -0.061796  0.0876893  0.159907
0.326604  -0.144618  -0.0614396  -0.144618  0.282861  0.0872323  -0.0614396  0.0872323  0.159735
0.326596  -0.144581  -0.0614058  -0.144581  0.282796  0.0871881  -0.0614058  0.0871881  0.159718
0.326359  -0.143973  -0.0608306  -0.143973  0.281857  0.0865223  -0.0608306  0.0865223  0.159466
0.32616  -0.143486  -0.0604416  -0.143486  0.281146  0.0860517  -0.0604416  0.0860517  0.159299
0.326151  -0.143449  -0.0604081  -0.143449  0.281082  0.0860081  -0.0604081  0.0860081  0.159283
0.325885  -0.142824  -0.0597975  -0.142824  0.280144  0.0853307  -0.0597975  0.0853307  0.159029
0.325875  -0.142802  -0.0597399  -0.142802  0.280097  0.0852798  -0.0597399  0.0852798  0.159006
0.325602  -0.142186  -0.0590894  -0.142186  0.279171  0.0845865  -0.0590894  0.0845865  0.158744
0.325569  -0.142135  -0.0590351  -0.142135  0.279109  0.0845371  -0.0590351  0.0845371  0.158726
0.325261  -0.141434  -0.0584257  -0.141434  0.278105  0.0838461  -0.0584257  0.0838461  0.158485
0.325035  -0.140949  -0.0579824  -0.140949  0.277421  0.0833635  -0.0579824  0.0833635  0.158316
0.324995  -0.140876  -0.0579334  -0.140876  0.277333  0.0833084  -0.0579334  0.0833084  0.1583
0.324707  -0.140175  -0.0572958  -0.140175  0.276296  0.0825857  -0.0572958  0.0825857  0.158048
0.324684  -0.140107  -0.0572486  -0.140107  0.276196  0.0825237  -0.0572486  0.0825237  0.158028
0.324385  -0.13935  -0.056649  -0.13935  0.275099  0.0818031  -0.056649  0.0818031  0.15779
0.324205  -0.138893  -0.0562361  -0.138893  0.274419  0.081332  -0.0562361  0.081332  0.157629
0.324174  -0.138844  -0.0561835  -0.138844  0.274359  0.0812849  -0.0561835  0.0812849  0.157613
0.323909  -0.138159  -0.0555591  -0.138159  0.273334  0.0805736  -0.0555591  0.0805736  0.157372
0.323886  -0.138093  -0.0555129  -0.138093  0.273237  0.0805131  -0.0555129  0.0805131  0.157354
0.323633  -0.13746  -0.0549612  -0.13746  0.272315  0.0798838  -0.0549612  0.0798838  0.157147
0.323617  -0.137416  -0.0549105  -0.137416  0.272244  0.07983  -0.0549105  0.07983  0.157128
0.323356  -0.136847  -0.054286  -0.136847  0.271414  0.0791985  -0.054286  0.0791985  0.156912
0.323181  -0.136426  -0.0538961  -0.136426  0.270802  0.0787702  -0.0538961  0.0787702  0.156773
0.323159  -0.136387  -0.0538635  -0.136387  0.270755  0.0787379  -0.0538635  0.0787379  0.156764
0.32294  -0.135839  -0.0533257  -0.135839  0.269939  0.0781545  -0.0533257  0.0781545  0.156573
0.322933  -0.135804  -0.0532944  -0.135804  0.26988  0.0781149  -0.0532944  0.0781149  0.15656
0.322739  -0.135283  -0.0528151  -0.135283  0.269101  0.0775751  -0.0528151  0.0775751  0.156387
0.322591  -0.134892  -0.0524866  -0.134892  0.268531  0.0771947  -0.0524866  0.0771947  0.156271
0.322569  -0.134853  -0.0524546  -0.134853  0.268486  0.0771632  -0.0524546  0.0771632  0.156262
0.322371  -0.134341  -0.051997  -0.134341  0.267738  0.0766506  -0.051997  0.0766506  0.156104
0.322363  -0.134306  -0.0519661  -0.134306  0.26768  0.0766118  -0.0519661  0.0766118  0.156092
0.322144  -0.133784  -0.0514918  -0.133784  0.266939  0.076098  -0.0514918  0.076098  0.155937
0.322014  -0.133454  -0.0511938  -0.133454  0.266463  0.0757695  -0.0511938  0.0757695  0.155838
0.322007  -0.13342  -0.0511632  -0.13342  0.266405  0.0757311  -0.0511632  0.0757311  0.155825
0.32184  -0.133013  -0.0507278  -0.133013  0.265802  0.0752837  -0.0507278  0.0752837  0.155686
0.321818  -0.132975  -0.0506965  -0.132975  0.265757  0.0752531  -0.0506965  0.0752531  0.155678
0.321667  -0.132586  -0.0502992  -0.132586  0.265176  0.0748335  -0.0502992  0.0748335  0.15555
0.321552  -0.132314  -0.0500304  -0.132314  0.264788  0.0745542  -0.0500304  0.0745542  0.155467
0.321545  -0.132281  -0.05  -0.132281  0.264731  0.0745165  -0.05  0.0745165  0.155455
0.321394  -0.131933  -0.049595  -0.131933  0.264217  0.0741197  -0.049595  0.0741197  0.155333
0.321394  -0.131907  -0.0495827  -0.131907  0.26417  0.0740945  -0.0495827  0.0740945  0.155326
0.321246  -0.131508  -0.0492126  -0.131508  0.263583  0.0736883  -0.0492126  0.0736883  0.155208
0.321155  -0.13125  -0.0489652  -0.13125  0.263197  0.0734182  -0.0489652  0.0734182  0.155129
0.321134  -0.131213  -0.0489346  -0.131213  0.263153  0.0733885  -0.0489346  0.0733885  0.155122
0.321014  -0.1309  -0.0486047  -0.1309  0.262684  0.0730463  -0.0486047  0.0730463  0.155022
0.321  -0.130871  -0.048592  -0.130871  0.262651  0.0730288  -0.048592  0.0730288  0.155019
0.320881  -0.130558  -0.0482633  -0.130558  0.262184  0.0726884  -0.0482633  0.0726884  0.15492
0.320791  -0.130329  -0.0480304  -0.130329  0.261848  0.0724468  -0.0480304  0.0724468  0.154851
0.32079  -0.130317  -0.0479957  -0.130317  0.261817  0.0724155  -0.0479957  0.0724155  0.15484
0.320686  -0.130035  -0.0476814  -0.130035  0.261386  0.0720952  -0.0476814  0.0720952  0.154747
0.320665  -0.129998  -0.0476513  -0.129998  0.261344  0.0720661  -0.0476513  0.0720661  0.15474
0.320575  -0.12972  -0.0473386  -0.12972  0.260903  0.07174  -0.0473386  0.07174  0.154644
0.320498  -0.129535  -0.0470978  -0.129535  0.260618  0.0715122  -0.0470978  0.0715122  0.154578
0.320498  -0.129509  -0.0470857  -0.129509  0.260573  0.0714878  -0.0470857  0.0714878  0.154571
0.320422  -0.129261  -0.046787  -0.129261  0.260167  0.0711811  -0.046787  0.0711811  0.15448
0.320407  -0.129246  -0.0467521  -0.129246  0.260149  0.0711577  -0.0467521  0.0711577  0.154473
0.320352  -0.12901  -0.046472  -0.12901  0.259741  0.0708567  -0.046472  0.0708567  0.154383
0.320303  -0.128844  -0.0462681  -0.128844  0.259466  0.0706475  -0.0462681  0.0706475  0.154322
0.32031  -0.128839  -0.0462511  -0.128839  0.259444  0.0706284  -0.0462511  0.0706284  0.154315
0.320262  -0.128623  -0.0460237  -0.128623  0.259079  0.0703715  -0.0460237  0.0703715  0.15424
0.320255  -0.128615  -0.0460064  -0.128615  0.25907  0.07036  -0.0460064  0.07036  0.154237
0.320213  -0.128408  -0.0457401  -0.128408  0.258698  0.0700786  -0.0457401  0.0700786  0.154153
0.320178  -0.128271  -0.0455495  -0.128271  0.258457  0.0698881  -0.0455495  0.0698881  0.154096
0.320165  -0.128242  -0.0455373  -0.128242  0.258424  0.0698715  -0.0455373  0.0698715  0.154093
0.320136  -0.128064  -0.0452841  -0.128064  0.258087  0.0696084  -0.0452841  0.0696084  0.154013
0.320123  -0.128036  -0.0452719  -0.128036  0.258055  0.0695919  -0.0452719  0.0695919  0.154011
0.3201  -0.127879  -0.045014  -0.127879  0.257741  0.0693348  -0.045014  0.0693348  0.153931
0.320072  -0.127749  -0.0448416  -0.127749  0.25751  0.0691574  -0.0448416  0.0691574  0.153879
0.320065  -0.127742  -0.0448244  -0.127742  0.257501  0.0691461  -0.0448244  0.0691461  0.153876
0.320043  -0.127572  -0.0445894  -0.127572  0.257175  0.0688966  -0.0445894  0.0688966  0.153801
0.320036  -0.127564  -0.0445723  -0.127564  0.257166  0.0688853  -0.0445723  0.0688853  0.153799
0.320007  -0.127386  -0.0443206  -0.127386  0.256832  0.0686253  -0.0443206  0.0686253  0.153722
0.320007  -0.127375  -0.0442866  -0.127375  0.256801  0.0685954  -0.0442866  0.0685954  0.153712
0.319985  -0.127204  -0.0440524  -0.127204  0.256477  0.0683476  -0.0440524  0.0683476  0.153639
0.319983  -0.127107  -0.0438931  -0.127107  0.256267  0.0681811  -0.0438931  0.0681811  0.153587
0.319976  -0.1271  -0.0438761  -0.1271  0.256259  0.0681699  -0.0438761  0.0681699  0.153585
0.319974  -0.12694  -0.0436595  -0.12694  0.255931  0.0679271  -0.0436595  0.0679271  0.153511
0.319979  -0.12685  -0.0435175  -0.12685  0.255732  0.0677726  -0.0435175  0.0677726  0.153464
0.319993  -0.126852  -0.0435176  -0.126852  0.255719  0.0677652  -0.0435176  0.0677652  0.15346
0.320003  -0.126734  -0.0432911  -0.126734  0.255439  0.0675332  -0.0432911  0.0675332  0.153387
0.320009  -0.12673  -0.0432742  -0.12673  0.255418  0.0675147  -0.0432742  0.0675147  0.15338
0.320019  -0.126612  -0.0430479  -0.126612  0.255137  0.0672832  -0.0430479  0.0672832  0.153308
0.320012  -0.126604  -0.043031  -0.126604  0.255129  0.0672722  -0.043031  0.0672722  0.153305
0.320029  -0.126493  -0.0428217  -0.126493  0.254858  0.0670524  -0.0428217  0.0670524  0.153236
0.320046  -0.126419  -0.0426581  -0.126419  0.254661  0.0668856  -0.0426581  0.0668856  0.153183
0.320053  -0.126415  -0.0426412  -0.126415  0.25464  0.0668672  -0.0426412  0.0668672  0.153176
0.320069  -0.126278  -0.0424206  -0.126278  0.254326  0.0666252  -0.0424206  0.0666252  0.153102
0.320062  -0.126271  -0.0424037  -0.126271  0.254317  0.0666142  -0.0424037  0.0666142  0.1531
0.320105  -0.126165  -0.0421949  -0.126165  0.254023  0.0663812  -0.0421949  0.0663812  0.153024
0.320123  -0.126078  -0.0420535  -0.126078  0.253813  0.0662217  -0.0420535  0.0662217  0.152975
0.320129  -0.126073  -0.0420367  -0.126073  0.253792  0.0662034  -0.0420367  0.0662034  0.152969
0.320172  -0.125992  -0.0418395  -0.125992  0.253542  0.0659942  -0.0418395  0.0659942  0.1529
0.320172  -0.125967  -0.0418279  -0.125967  0.253499  0.0659712  -0.0418279  0.0659712  0.152894
0.320208  -0.125891  -0.0416477  -0.125891  0.25327  0.0657806  -0.0416477  0.0657806  0.152833
0.320214  -0.125886  -0.0416308  -0.125886  0.253249  0.0657624  -0.0416308  0.0657624  0.152826
0.320257  -0.125817  -0.0414674  -0.125817  0.253029  0.065583  -0.0414674  0.065583  0.152768
0.320294  -0.125764  -0.0413545  -0.125764  0.25286  0.065451  -0.0413545  0.065451  0.152724
0.320287  -0.125757  -0.0413378  -0.125757  0.252851  0.0654402  -0.0413378  0.0654402  0.152722
0.32033  -0.125688  -0.0411744  -0.125688  0.252632  0.0652613  -0.0411744  0.0652613  0.152664
0.320374  -0.125642  -0.0410782  -0.125642  0.252471  0.0651404  -0.0410782  0.0651404  0.152622
0.320367  -0.125635  -0.0410614  -0.125635  0.252463  0.0651296  -0.0410614  0.0651296  0.15262
0.320437  -0.125582  -0.0409313  -0.125582  0.252248  0.0649653  -0.0409313  0.0649653  0.152563
0.320443  -0.125578  -0.0409144  -0.125578  0.252227  0.0649472  -0.0409144  0.0649472  0.152557
0.320486  -0.12552  -0.0407845  -0.12552  0.252038  0.0647978  -0.0407845  0.0647978  0.152508
0.320516  -0.125485  -0.0406665  -0.125485  0.251904  0.0646786  -0.0406665  0.0646786  0.152469
0.320516  -0.125485  -0.0406665  -0.125485  0.251904  0.0646786  -0.0406665  0.0646786  0.152469
0.320559  -0.125427  -0.0405366  -0.125427  0.251715  0.0645295  -0.0405366  0.0645295  0.15242
0.320603  -0.12538  -0.0404402  -0.12538  0.251555  0.0644093  -0.0404402  0.0644093  0.15238
0.320603  -0.12538  -0.0404402  -0.12538  0.251555  0.0644093  -0.0404402  0.0644093  0.15238
0.32066  -0.12535  -0.0403217  -0.12535  0.251396  0.0642757  -0.0403217  0.0642757  0.152333
0.320673  -0.125353  -0.0403214  -0.125353  0.251384  0.0642684  -0.0403214  0.0642684  0.152329
0.320723  -0.125302  -0.0402081  -0.125302  0.251204  0.0641304  -0.0402081  0.0641304  0.152283
0.320736  -0.125304  -0.0402078  -0.125304  0.251191  0.0641231  -0.0402078  0.0641231  0.152279
0.320773  -0.125276  -0.0401063  -0.125276  0.251066  0.0640151  -0.0401063  0.0640151  0.152243
0.320786  -0.125278  -0.040106  -0.125278  0.251054  0.0640077  -0.040106  0.0640077  0.152239
0.320837  -0.125239  -0.0400262  -0.125239  0.250903  0.0638986  -0.0400262  0.0638986  0.152201
0.320882  -0.12523  -0.0399748  -0.12523  0.250816  0.06383  -0.0399748  0.06383  0.152175
0.320875  -0.125222  -0.0399582  -0.125222  0.250807  0.0638194  -0.0399582  0.0638194  0.152173
0.320939  -0.125211  -0.0398895  -0.125211  0.250687  0.0637254  -0.0398895  0.0637254  0.152137
0.320945  -0.125206  -0.0398726  -0.125206  0.250666  0.0637075  -0.0398726  0.0637075  0.152131
0.320996  -0.125192  -0.0398042  -0.125192  0.250558  0.063621  -0.0398042  0.063621  0.1521
0.321009  -0.125195  -0.0398039  -0.125195  0.250546  0.0636136  -0.0398039  0.0636136  0.152095
0.321066  -0.125201  -0.0397301  -0.125201  0.25046  0.0635316  -0.0397301  0.0635316  0.152063
0.321118  -0.125199  -0.0396952  -0.125199  0.250381  0.0634736  -0.0396952  0.0634736  0.152039
0.321111  -0.125192  -0.0396786  -0.125192  0.250373  0.063463  -0.0396786  0.063463  0.152038
0.321182  -0.125213  -0.039638  -0.125213  0.250304  0.0634022  -0.039638  0.0634022  0.152009
0.321196  -0.125215  -0.0396377  -0.125215  0.250291  0.0633948  -0.0396377  0.0633948  0.152005
0.32126  -0.125229  -0.0395804  -0.125229  0.250214  0.0633234  -0.0395804  0.0633234  0.151975
0.321273  -0.125231  -0.03958  -0.125231  0.250201  0.063316  -0.03958  0.063316  0.151971
0.321339  -0.125257  -0.0395563  -0.125257  0.250153  0.063273  -0.0395563  0.063273  0.151949
0.321385  -0.125259  -0.0395382  -0.125259  0.250095  0.063233  -0.0395382  0.063233  0.151931
0.321398  -0.125262  -0.0395378  -0.125262  0.250083  0.0632257  -0.0395378  0.0632257  0.151927
0.321463  -0.125301  -0.0394921  -0.125301  0.250048  0.0631765  -0.0394921  0.0631765  0.151902
0.321476  -0.125303  -0.0394917  -0.125303  0.250036  0.0631692  -0.0394917  0.0631692  0.151898
0.321549  -0.125336  -0.0394845  -0.125336  0.249996  0.0631368  -0.0394845  0.0631368  0.151878
0.321588  -0.125357  -0.0394614  -0.125357  0.249972  0.0631085  -0.0394614  0.0631085  0.151864
0.321588  -0.125357  -0.0394614  -0.125357  0.249972  0.0631085  -0.0394614  0.0631085  0.151864
0.321661  -0.12539  -0.0394541  -0.12539  0.249933  0.0630761  -0.0394541  0.0630761  0.151843
0.321675  -0.125393  -0.0394537  -0.125393  0.24992  0.0630687  -0.0394537  0.0630687  0.151839
0.321727  -0.125416  -0.0394302  -0.125416  0.249884  0.0630331  -0.0394302  0.0630331  0.151821
0.321733  -0.125436  -0.0394248  -0.125436  0.249906  0.0630374  -0.0394248  0.0630374  0.151821
0.321793  -0.125467  -0.0394179  -0.125467  0.249879  0.0630123  -0.0394179  0.0630123  0.151804
0.32184  -0.125495  -0.0394114  -0.125495  0.249864  0.0629946  -0.0394114  0.0629946  0.151792
0.321853  -0.125498  -0.039411  -0.125498  0.249851  0.0629872  -0.039411  0.0629872  0.151788
0.321913  -0.125528  -0.039404  -0.125528  0.249824  0.0629621  -0.039404  0.0629621  0.151771
0.32192  -0.125549  -0.0393987  -0.125549  0.249846  0.0629665  -0.0393987  0.0629665  0.151771
0.32198  -0.125579  -0.0393917  -0.125579  0.249818  0.0629414  -0.0393917  0.0629414  0.151755
0.321987  -0.125587  -0.0394084  -0.125587  0.249827  0.0629519  -0.0394084  0.0629519  0.151757
0.322047  -0.125617  -0.0394014  -0.125617  0.249799  0.0629268  -0.0394014  0.0629268  0.15174
0.322094  -0.125645  -0.0393948  -0.125645  0.249784  0.0629091  -0.0393948  0.0629091  0.151728
0.322094  -0.125645  -0.0393948  -0.125645  0.249784  0.0629091  -0.0393948  0.0629091  0.151728
0.322141  -0.125673  -0.0393882  -0.125673  0.249769  0.0628913  -0.0393882  0.0628913  0.151716
0.322141  -0.125673  -0.0393882  -0.125673  0.249769  0.0628913  -0.0393882  0.0628913  0.151716
0.322208  -0.125725  -0.0393758  -0.125725  0.249764  0.0628705  -0.0393758  0.0628705  0.151699
0.322241  -0.125751  -0.0393696  -0.125751  0.249761  0.0628601  -0.0393696  0.0628601  0.151691
0.322241  -0.125751  -0.0393696  -0.125751  0.249761  0.0628601  -0.0393696  0.0628601  0.151691
0.322288  -0.125779  -0.039363  -0.125779  0.249746  0.0628424  -0.039363  0.0628424  0.151678
0.322288  -0.125779  -0.039363  -0.125779  0.249746  0.0628424  -0.039363  0.0628424  0.151678
0.322328  -0.125799  -0.0393397  -0.125799  0.249723  0.062814  -0.0393397  0.062814  0.151664
0.322361  -0.125825  -0.0393334  -0.125825  0.24972  0.0628036  -0.0393334  0.0628036  0.151656
0.322361  -0.125825  -0.0393334  -0.125825  0.24972  0.0628036  -0.0393334  0.0628036  0.151656
0.322408  -0.125853  -0.0393268  -0.125853  0.249705  0.0627858  -0.0393268  0.0627858  0.151644
0.322408  -0.125853  -0.0393268  -0.125853  0.249705  0.0627858  -0.0393268  0.0627858  0.151644
0.322442  -0.125879  -0.0393205  -0.125879  0.249702  0.0627754  -0.0393205  0.0627754  0.151635
0.322469  -0.125884  -0.0393197  -0.125884  0.249678  0.0627607  -0.0393197  0.0627607  0.151627
0.322469  -0.125884  -0.0393197  -0.125884  0.249678  0.0627607  -0.0393197  0.0627607  0.151627
0.322516  -0.125912  -0.039313  -0.125912  0.249662  0.0627429  -0.039313  0.0627429  0.151615
0.322516  -0.125912  -0.039313  -0.125912  0.249662  0.0627429  -0.039313  0.0627429  0.151615
0.322542  -0.12593  -0.03929  -0.12593  0.249651  0.0627219  -0.03929  0.0627219  0.151605
0.322569  -0.125949  -0.039267  -0.125949  0.24964  0.0627009  -0.039267  0.0627009  0.151595
0.322569  -0.125949  -0.039267  -0.125949  0.24964  0.0627009  -0.039267  0.0627009  0.151595
0.322595  -0.125967  -0.0392441  -0.125967  0.249629  0.0626799  -0.0392441  0.0626799  0.151585
0.322595  -0.125967  -0.0392441  -0.125967  0.249629  0.0626799  -0.0392441  0.0626799  0.151585
0.322621  -0.125985  -0.0392211  -0.125985  0.249618  0.0626589  -0.0392211  0.0626589  0.151575
0.322621  -0.125985  -0.0392211  -0.125985  0.249618  0.0626589  -0.0392211  0.0626589  0.151575
0.322655  -0.126011  -0.0392148  -0.126011  0.249616  0.0626484  -0.0392148  0.0626484  0.151567
0.322667  -0.126027  -0.0391922  -0.126027  0.249617  0.0626348  -0.0391922  0.0626348  0.151561
0.322667  -0.126027  -0.0391922  -0.126027  0.249617  0.0626348  -0.0391922  0.0626348  0.151561
0.322695  -0.126032  -0.0391913  -0.126032  0.249592  0.06262  -0.0391913  0.06262  0.151553
0.322707  -0.126048  -0.0391687  -0.126048  0.249594  0.0626064  -0.0391687  0.0626064  0.151547
0.322707  -0.126048  -0.0391687  -0.126048  0.249594  0.0626064  -0.0391687  0.0626064  0.151547
0.322727  -0.126071  -0.0391629  -0.126071  0.249604  0.0626033  -0.0391629  0.0626033  0.151542
0.322727  -0.126071  -0.0391629  -0.126071  0.249604  0.0626033  -0.0391629  0.0626033  0.151542
0.32274  -0.126087  -0.0391403  -0.126087  0.249605  0.0625897  -0.0391403  0.0625897  0.151536
0.32274  -0.126087  -0.0391403  -0.126087  0.249605  0.0625897  -0.0391403  0.0625897  0.151536
0.322745  -0.126095  -0.039101  -0.126095  0.249598  0.0625655  -0.039101  0.0625655  0.151529
0.322745  -0.126095  -0.039101  -0.126095  0.249598  0.0625655  -0.039101  0.0625655  0.151529
0.322738  -0.126088  -0.0390843  -0.126088  0.24959  0.0625549  -0.0390843  0.0625549  0.151527
0.322744  -0.126083  -0.0390671  -0.126083  0.249569  0.062537  -0.0390671  0.062537  0.151521
0.322736  -0.126089  -0.0390282  -0.126089  0.249574  0.0625202  -0.0390282  0.0625202  0.151518
0.322736  -0.126089  -0.0390282  -0.126089  0.249574  0.0625202  -0.0390282  0.0625202  0.151518
0.322734  -0.126077  -0.0389943  -0.126077  0.249545  0.0624917  -0.0389943  0.0624917  0.15151
0.322734  -0.126077  -0.0389943  -0.126077  0.249545  0.0624917  -0.0389943  0.0624917  0.15151
0.322719  -0.126062  -0.0389609  -0.126062  0.249528  0.0624706  -0.0389609  0.0624706  0.151507
0.322719  -0.126062  -0.0389609  -0.126062  0.249528  0.0624706  -0.0389609  0.0624706  0.151507
0.322691  -0.126045  -0.038928  -0.126045  0.249524  0.0624569  -0.038928  0.0624569  0.151507
0.322683  -0.126037  -0.0389113  -0.126037  0.249516  0.0624463  -0.0389113  0.0624463  0.151506
0.322676  -0.12603  -0.0388946  -0.12603  0.249507  0.0624358  -0.0388946  0.0624358  0.151504
0.322668  -0.126022  -0.0388779  -0.126022  0.249499  0.0624253  -0.0388779  0.0624253  0.151502
0.322668  -0.126022  -0.0388779  -0.126022  0.249499  0.0624253  -0.0388779  0.0624253  0.151502
0.322654  -0.126008  -0.0388445  -0.126008  0.249482  0.0624042  -0.0388445  0.0624042  0.151499
0.322654  -0.126008  -0.0388445  -0.126008  0.249482  0.0624042  -0.0388445  0.0624042  0.151499
0.322625  -0.12599  -0.0388116  -0.12599  0.249478  0.0623905  -0.0388116  0.0623905  0.1515
0.322618  -0.125983  -0.0387949  -0.125983  0.249469  0.06238  -0.0387949  0.06238  0.151498
0.322618  -0.125983  -0.0387949  -0.125983  0.249469  0.06238  -0.0387949  0.06238  0.151498
0.322596  -0.125987  -0.0387566  -0.125987  0.249487  0.0623706  -0.0387566  0.0623706  0.151498
0.322567  -0.12597  -0.0387238  -0.12597  0.249483  0.0623569  -0.0387238  0.0623569  0.151499
0.322567  -0.12597  -0.0387238  -0.12597  0.249483  0.0623569  -0.0387238  0.0623569  0.151499
0.322539  -0.125952  -0.0386909  -0.125952  0.249479  0.0623433  -0.0386909  0.0623433  0.1515
0.322539  -0.125952  -0.0386909  -0.125952  0.249479  0.0623433  -0.0386909  0.0623433  0.1515
0.322511  -0.125935  -0.0386581  -0.125935  0.249474  0.0623296  -0.0386581  0.0623296  0.151501
0.322511  -0.125935  -0.0386581  -0.125935  0.249474  0.0623296  -0.0386581  0.0623296  0.151501
0.322482  -0.125918  -0.0386253  -0.125918  0.24947  0.062316  -0.0386253  0.062316  0.151501
0.322481  -0.125932  -0.0386032  -0.125932  0.249484  0.0623097  -0.0386032  0.0623097  0.1515
0.322453  -0.125914  -0.0385704  -0.125914  0.24948  0.0622961  -0.0385704  0.0622961  0.1515
0.322453  -0.125914  -0.0385704  -0.125914  0.24948  0.0622961  -0.0385704  0.0622961  0.1515
0.322425  -0.125897  -0.0385376  -0.125897  0.249475  0.0622825  -0.0385376  0.0622825  0.151501
0.322417  -0.12589  -0.0385209  -0.12589  0.249467  0.062272  -0.0385209  0.062272  0.1515
0.322417  -0.12589  -0.0385209  -0.12589  0.249467  0.062272  -0.0385209  0.062272  0.1515
0.322381  -0.125865  -0.0384715  -0.125865  0.249454  0.0622478  -0.0384715  0.0622478  0.151499
0.322381  -0.125865  -0.0384715  -0.125865  0.249454  0.0622478  -0.0384715  0.0622478  0.151499
0.322353  -0.125848  -0.0384388  -0.125848  0.24945  0.0622342  -0.0384388  0.0622342  0.1515
0.322325  -0.125831  -0.0384061  -0.125831  0.249446  0.0622206  -0.0384061  0.0622206  0.1515
0.322318  -0.125824  -0.0383894  -0.125824  0.249438  0.0622102  -0.0383894  0.0622102  0.151499
0.322276  -0.125778  -0.0383455  -0.125778  0.249403  0.0621819  -0.0383455  0.0621819  0.151498
0.322276  -0.125778  -0.0383455  -0.125778  0.249403  0.0621819  -0.0383455  0.0621819  0.151498
0.32224  -0.125754  -0.0382963  -0.125754  0.24939  0.0621578  -0.0382963  0.0621578  0.151498
0.322212  -0.125737  -0.0382636  -0.125737  0.249386  0.0621443  -0.0382636  0.0621443  0.151498
0.322212  -0.125737  -0.0382636  -0.125737  0.249386  0.0621443  -0.0382636  0.0621443  0.151498
0.32217  -0.125692  -0.0382198  -0.125692  0.249351  0.062116  -0.0382198  0.062116  0.151498
0.322163  -0.125684  -0.0382032  -0.125684  0.249343  0.0621055  -0.0382032  0.0621055  0.151496
0.322121  -0.125665  -0.038171  -0.125665  0.249351  0.0620994  -0.038171  0.0620994  0.151501
0.322106  -0.12565  -0.0381379  -0.12565  0.249335  0.0620785  -0.0381379  0.0620785  0.151498
0.3221  -0.125629  -0.0381434  -0.125629  0.249312  0.0620743  -0.0381434  0.0620743  0.151499
0.322065  -0.125605  -0.0380942  -0.125605  0.2493  0.0620503  -0.0380942  0.0620503  0.151498
0.322065  -0.125605  -0.0380942  -0.125605  0.2493  0.0620503  -0.0380942  0.0620503  0.151498
0.322029  -0.12558  -0.038045  -0.12558  0.249287  0.0620264  -0.038045  0.0620264  0.151497
0.322008  -0.125545  -0.0380174  -0.125545  0.249249  0.0620013  -0.0380174  0.0620013  0.151495
0.322008  -0.125545  -0.0380174  -0.125545  0.249249  0.0620013  -0.0380174  0.0620013  0.151495
0.321973  -0.125521  -0.0379683  -0.125521  0.249236  0.0619774  -0.0379683  0.0619774  0.151494
0.321973  -0.125521  -0.0379683  -0.125521  0.249236  0.0619774  -0.0379683  0.0619774  0.151494
0.321937  -0.125471  -0.0379076  -0.125471  0.249181  0.0619315  -0.0379076  0.0619315  0.151488
0.321909  -0.125428  -0.0378635  -0.125428  0.249134  0.061896  -0.0378635  0.061896  0.151484
0.321909  -0.125428  -0.0378635  -0.125428  0.249134  0.061896  -0.0378635  0.061896  0.151484
0.32188  -0.125399  -0.0377975  -0.125399  0.249101  0.0618544  -0.0377975  0.0618544  0.151478
0.321873  -0.125391  -0.037781  -0.125391  0.249093  0.061844  -0.037781  0.061844  0.151477
0.321837  -0.125341  -0.0377205  -0.125341  0.249038  0.0617983  -0.0377205  0.0617983  0.151471
0.321809  -0.125299  -0.0376765  -0.125299  0.248991  0.0617629  -0.0376765  0.0617629  0.151467
0.321809  -0.125299  -0.0376765  -0.125299  0.248991  0.0617629  -0.0376765  0.0617629  0.151467
0.321773  -0.125262  -0.0375941  -0.125262  0.24895  0.061711  -0.0375941  0.061711  0.15146
0.321773  -0.125262  -0.0375941  -0.125262  0.24895  0.061711  -0.0375941  0.061711  0.15146
0.321731  -0.125192  -0.0375391  -0.125192  0.248873  0.0616612  -0.0375391  0.0616612  0.151454
0.321717  -0.125177  -0.0375062  -0.125177  0.248856  0.0616405  -0.0375062  0.0616405  0.151451
0.321709  -0.12517  -0.0374898  -0.12517  0.248848  0.0616302  -0.0374898  0.0616302  0.15145
0.321674  -0.12512  -0.0374294  -0.12512  0.248793  0.0615846  -0.0374294  0.0615846  0.151445
0.321668  -0.125099  -0.0374349  -0.125099  0.248771  0.0615804  -0.0374349  0.0615804  0.151445
0.321633  -0.12505  -0.0373746  -0.12505  0.248716  0.0615349  -0.0373746  0.0615349  0.151439
0.321591  -0.125018  -0.0373095  -0.125018  0.248696  0.0615009  -0.0373095  0.0615009  0.151438
0.321591  -0.125018  -0.0373095  -0.125018  0.248696  0.0615009  -0.0373095  0.0615009  0.151438
0.321542  -0.124941  -0.0372384  -0.124941  0.248611  0.061441  -0.0372384  0.061441  0.151431
0.321542  -0.124941  -0.0372384  -0.124941  0.248611  0.061441  -0.0372384  0.061441  0.151431
0.321492  -0.124876  -0.0371454  -0.124876  0.24854  0.0613751  -0.0371454  0.0613751  0.151424
0.321457  -0.124827  -0.0370854  -0.124827  0.248485  0.0613297  -0.0370854  0.0613297  0.151418
0.321457  -0.124827  -0.0370854  -0.124827  0.248485  0.0613297  -0.0370854  0.0613297  0.151418
0.321402  -0.124742  -0.0369981  -0.124742  0.248392  0.0612598  -0.0369981  0.0612598  0.151411
0.321402  -0.124742  -0.0369981  -0.124742  0.248392  0.0612598  -0.0369981  0.0612598  0.151411
0.321366  -0.12468  -0.0369048  -0.12468  0.248309  0.0611867  -0.0369048  0.0611867  0.151399
0.321359  -0.12466  -0.0369103  -0.12466  0.248287  0.0611826  -0.0369103  0.0611826  0.151399
0.32131  -0.124596  -0.0368177  -0.124596  0.248216  0.0611169  -0.0368177  0.0611169  0.151392
0.321297  -0.124568  -0.0368069  -0.124568  0.248186  0.0611026  -0.0368069  0.0611026  0.151391
0.321248  -0.124504  -0.0367144  -0.124504  0.248115  0.0610371  -0.0367144  0.0610371  0.151383
0.321207  -0.124434  -0.0366602  -0.124434  0.248039  0.060988  -0.0366602  0.060988  0.151379
0.321207  -0.124434  -0.0366602  -0.124434  0.248039  0.060988  -0.0366602  0.060988  0.151379
0.321152  -0.12435  -0.0365733  -0.12435  0.247947  0.0609185  -0.0365733  0.0609185  0.151372
0.321104  -0.124273  -0.0365029  -0.124273  0.247863  0.0608593  -0.0365029  0.0608593  0.151366
0.321104  -0.124273  -0.0365029  -0.124273  0.247863  0.0608593  -0.0365029  0.0608593  0.151366
0.321042  -0.124182  -0.0364  -0.124182  0.247763  0.0607799  -0.0364  0.0607799  0.151358
0.321036  -0.124161  -0.0364055  -0.124161  0.247741  0.0607758  -0.0364055  0.0607758  0.151358
0.320967  -0.124063  -0.0362865  -0.124063  0.247633  0.0606863  -0.0362865  0.0606863  0.151349
0.320967  -0.124063  -0.0362865  -0.124063  0.247633  0.0606863  -0.0362865  0.0606863  0.151349
0.320899  -0.123951  -0.0361894  -0.123951  0.247511  0.0606031  -0.0361894  0.0606031  0.151341
0.320892  -0.123944  -0.0361732  -0.123944  0.247503  0.060593  -0.0361732  0.060593  0.15134
0.320811  -0.123831  -0.0360769  -0.123831  0.247394  0.0605173  -0.0360769  0.0605173  0.151336
0.320777  -0.123782  -0.0360176  -0.123782  0.24734  0.0604728  -0.0360176  0.0604728  0.151332
0.320764  -0.123754  -0.0360069  -0.123754  0.247311  0.0604586  -0.0360069  0.0604586  0.151331
0.320709  -0.123671  -0.0359209  -0.123671  0.247219  0.0603899  -0.0359209  0.0603899  0.151325
0.320696  -0.123643  -0.0359102  -0.123643  0.24719  0.0603758  -0.0359102  0.0603758  0.151324
0.320635  -0.123553  -0.0358081  -0.123553  0.247091  0.0602972  -0.0358081  0.0602972  0.151317
0.320588  -0.123476  -0.0357384  -0.123476  0.247007  0.0602388  -0.0357384  0.0602388  0.151312
0.320588  -0.123476  -0.0357384  -0.123476  0.247007  0.0602388  -0.0357384  0.0602388  0.151312
0.320521  -0.123366  -0.0356421  -0.123366  0.246887  0.0601564  -0.0356421  0.0601564  0.151305
0.320515  -0.123345  -0.0356476  -0.123345  0.246865  0.0601524  -0.0356476  0.0601524  0.151305
0.320447  -0.123248  -0.0355298  -0.123248  0.246759  0.0600642  -0.0355298  0.0600642  0.151297
0.320394  -0.123165  -0.0354443  -0.123165  0.246668  0.0599961  -0.0354443  0.0599961  0.151291
0.320381  -0.123137  -0.0354337  -0.123137  0.246639  0.0599821  -0.0354337  0.0599821  0.15129
0.320294  -0.123018  -0.0353225  -0.123018  0.246523  0.0598975  -0.0353225  0.0598975  0.151287
0.320287  -0.123011  -0.0353064  -0.123011  0.246515  0.0598875  -0.0353064  0.0598875  0.151286
0.320221  -0.122901  -0.0352107  -0.122901  0.246395  0.0598057  -0.0352107  0.0598057  0.15128
0.320221  -0.122901  -0.0352107  -0.122901  0.246395  0.0598057  -0.0352107  0.0598057  0.15128
0.320155  -0.122791  -0.035115  -0.122791  0.246276  0.0597241  -0.035115  0.0597241  0.151274
0.320148  -0.122784  -0.035099  -0.122784  0.246268  0.0597142  -0.035099  0.0597142  0.151273
0.320082  -0.122674  -0.0350036  -0.122674  0.246149  0.0596328  -0.0350036  0.0596328  0.151267
0.320022  -0.12261  -0.0349139  -0.12261  0.246093  0.0595766  -0.0349139  0.0595766  0.151266
0.320016  -0.122589  -0.0349194  -0.122589  0.246071  0.0595726  -0.0349194  0.0595726  0.151266
0.31995  -0.122493  -0.0348027  -0.122493  0.245966  0.0594855  -0.0348027  0.0594855  0.151259
0.319943  -0.122486  -0.0347868  -0.122486  0.245958  0.0594756  -0.0347868  0.0594756  0.151258
0.319877  -0.122377  -0.0346917  -0.122377  0.245839  0.0593946  -0.0346917  0.0593946  0.151253
0.319825  -0.122295  -0.0346072  -0.122295  0.24575  0.0593276  -0.0346072  0.0593276  0.151248
0.319825  -0.122295  -0.0346072  -0.122295  0.24575  0.0593276  -0.0346072  0.0593276  0.151248
0.319752  -0.122192  -0.0344751  -0.122192  0.245637  0.0592311  -0.0344751  0.0592311  0.151241
0.319694  -0.12209  -0.0343963  -0.12209  0.245527  0.0591604  -0.0343963  0.0591604  0.151237
0.319694  -0.12209  -0.0343963  -0.12209  0.245527  0.0591604  -0.0343963  0.0591604  0.151237
0.319615  -0.121967  -0.0342701  -0.121967  0.245393  0.0590603  -0.0342701  0.0590603  0.151231
0.319608  -0.12196  -0.0342542  -0.12196  0.245385  0.0590505  -0.0342542  0.0590505  0.15123
0.31953  -0.121837  -0.0341282  -0.121837  0.245252  0.0589508  -0.0341282  0.0589508  0.151224
0.319466  -0.121754  -0.0340451  -0.121754  0.245175  0.0588916  -0.0340451  0.0588916  0.151224
0.319459  -0.121747  -0.0340293  -0.121747  0.245168  0.0588819  -0.0340293  0.0588819  0.151223
0.319388  -0.121632  -0.0339194  -0.121632  0.245043  0.0587922  -0.0339194  0.0587922  0.151218
0.319381  -0.121625  -0.0339037  -0.121625  0.245035  0.0587825  -0.0339037  0.0587825  0.151217
0.319304  -0.121503  -0.0337782  -0.121503  0.244902  0.0586833  -0.0337782  0.0586833  0.151212
0.319252  -0.121422  -0.0336948  -0.121422  0.244814  0.0586173  -0.0336948  0.0586173  0.151208
0.319245  -0.121415  -0.033679  -0.121415  0.244806  0.0586076  -0.033679  0.0586076  0.151208
0.319175  -0.1213  -0.0335697  -0.1213  0.244682  0.0585185  -0.0335697  0.0585185  0.151203
0.319175  -0.1213  -0.0335697  -0.1213  0.244682  0.0585185  -0.0335697  0.0585185  0.151203
0.319117  -0.121212  -0.0334707  -0.121212  0.244586  0.0584431  -0.0334707  0.0584431  0.151199
0.319065  -0.121131  -0.0333876  -0.121131  0.244498  0.0583774  -0.0333876  0.0583774  0.151196
0.31906  -0.121111  -0.0333931  -0.121111  0.244477  0.0583736  -0.0333931  0.0583736  0.151196
0.318982  -0.121003  -0.0332473  -0.121003  0.244359  0.0582695  -0.0332473  0.0582695  0.151191
0.318982  -0.121003  -0.0332473  -0.121003  0.244359  0.0582695  -0.0332473  0.0582695  0.151191
0.318899  -0.120875  -0.0331074  -0.120875  0.24422  0.0581619  -0.0331074  0.0581619  0.151186
0.318848  -0.120795  -0.0330246  -0.120795  0.244133  0.0580966  -0.0330246  0.0580966  0.151183
0.318843  -0.120775  -0.0330302  -0.120775  0.244112  0.0580928  -0.0330302  0.0580928  0.151183
0.318767  -0.120654  -0.0329062  -0.120654  0.243981  0.0579952  -0.0329062  0.0579952  0.151179
0.31876  -0.120647  -0.0328906  -0.120647  0.243974  0.0579856  -0.0328906  0.0579856  0.151179
0.318684  -0.120527  -0.0327669  -0.120527  0.243843  0.0578882  -0.0327669  0.0578882  0.151175
0.318622  -0.12042  -0.0326746  -0.12042  0.243728  0.0578101  -0.0326746  0.0578101  0.151172
0.318622  -0.12042  -0.0326746  -0.12042  0.243728  0.0578101  -0.0326746  0.0578101  0.151172
0.318546  -0.1203  -0.0325512  -0.1203  0.243598  0.0577131  -0.0325512  0.0577131  0.151169
0.31854  -0.120293  -0.0325357  -0.120293  0.24359  0.0577036  -0.0325357  0.0577036  0.151169
0.318452  -0.120147  -0.0324026  -0.120147  0.243432  0.0575935  -0.0324026  0.0575935  0.151165
0.318389  -0.120053  -0.0322896  -0.120053  0.243331  0.0575102  -0.0322896  0.0575102  0.151163
0.318383  -0.120047  -0.0322741  -0.120047  0.243323  0.0575008  -0.0322741  0.0575008  0.151162
0.318308  -0.119927  -0.0321514  -0.119927  0.243194  0.0574044  -0.0321514  0.0574044  0.15116
0.318296  -0.119901  -0.0321416  -0.119901  0.243166  0.0573912  -0.0321416  0.0573912  0.151159
0.318215  -0.119775  -0.0320036  -0.119775  0.24303  0.0572857  -0.0320036  0.0572857  0.151157
0.318159  -0.119688  -0.0319067  -0.119688  0.242936  0.0572124  -0.0319067  0.0572124  0.151155
0.318147  -0.119662  -0.0318968  -0.119662  0.242908  0.0571993  -0.0318968  0.0571993  0.151155
0.318061  -0.119517  -0.031765  -0.119517  0.242752  0.0570906  -0.031765  0.0570906  0.151153
0.318055  -0.11951  -0.0317496  -0.11951  0.242744  0.0570812  -0.0317496  0.0570812  0.151152
0.317976  -0.119372  -0.0316334  -0.119372  0.242596  0.0569821  -0.0316334  0.0569821  0.151151
0.317915  -0.119266  -0.0315425  -0.119266  0.242483  0.0569056  -0.0315425  0.0569056  0.151149
0.317915  -0.119266  -0.0315425  -0.119266  0.242483  0.0569056  -0.0315425  0.0569056  0.151149
0.31783  -0.119146  -0.031422  -0.119146  0.242367  0.0568178  -0.031422  0.0568178  0.151152
0.317818  -0.11912  -0.0314123  -0.11912  0.242339  0.0568048  -0.0314123  0.0568048  0.151152
0.317751  -0.119008  -0.0313064  -0.119008  0.242219  0.0567193  -0.0313064  0.0567193  0.151151
0.317702  -0.11893  -0.0312257  -0.11893  0.242135  0.0566563  -0.0312257  0.0566563  0.15115
0.31769  -0.118903  -0.031216  -0.118903  0.242107  0.0566433  -0.031216  0.0566433  0.15115
0.317618  -0.118786  -0.0310951  -0.118786  0.24198  0.0565489  -0.0310951  0.0565489  0.15115
0.317618  -0.118786  -0.0310951  -0.118786  0.24198  0.0565489  -0.0310951  0.0565489  0.15115
0.317545  -0.118668  -0.0309745  -0.118668  0.241853  0.0564547  -0.0309745  0.0564547  0.151149
0.317539  -0.118661  -0.0309592  -0.118661  0.241846  0.0564455  -0.0309592  0.0564455  0.151149
0.317473  -0.11855  -0.030854  -0.11855  0.241727  0.0563608  -0.030854  0.0563608  0.151149
0.317431  -0.118479  -0.030789  -0.118479  0.24165  0.0563074  -0.030789  0.0563074  0.151149
0.317425  -0.118472  -0.0307738  -0.118472  0.241642  0.0562982  -0.0307738  0.0562982  0.151149
0.317359  -0.118361  -0.0306689  -0.118361  0.241524  0.0562138  -0.0306689  0.0562138  0.151149
0.317311  -0.118283  -0.0305889  -0.118283  0.24144  0.0561515  -0.0305889  0.0561515  0.151149
0.317311  -0.118283  -0.0305889  -0.118283  0.24144  0.0561515  -0.0305889  0.0561515  0.151149
0.317239  -0.118166  -0.0304691  -0.118166  0.241314  0.0560582  -0.0304691  0.0560582  0.151149
0.317191  -0.118088  -0.0303893  -0.118088  0.24123  0.0559961  -0.0303893  0.0559961  0.15115
0.317191  -0.118088  -0.0303893  -0.118088  0.24123  0.0559961  -0.0303893  0.0559961  0.15115
0.317126  -0.117978  -0.030285  -0.117978  0.241112  0.0559122  -0.030285  0.0559122  0.15115
0.317078  -0.117913  -0.0301847  -0.117913  0.241042  0.0558448  -0.0301847  0.0558448  0.151151
0.317073  -0.117894  -0.0301903  -0.117894  0.241022  0.0558412  -0.0301903  0.0558412  0.151151
0.317007  -0.117797  -0.0300655  -0.117797  0.240917  0.0557522  -0.0300655  0.0557522  0.151152
0.317001  -0.117791  -0.0300504  -0.117791  0.24091  0.0557431  -0.0300504  0.0557431  0.151153
0.316936  -0.117681  -0.0299465  -0.117681  0.240792  0.0556598  -0.0299465  0.0556598  0.151154
0.31693  -0.117674  -0.0299314  -0.117674  0.240785  0.0556507  -0.0299314  0.0556507  0.151154
0.316865  -0.117578  -0.0298071  -0.117578  0.240681  0.055562  -0.0298071  0.055562  0.151156
0.316812  -0.117494  -0.029713  -0.117494  0.240591  0.0554917  -0.029713  0.0554917  0.151157
0.316812  -0.117494  -0.029713  -0.117494  0.240591  0.0554917  -0.029713  0.0554917  0.151157
0.316735  -0.117372  -0.0295795  -0.117372  0.24046  0.0553908  -0.0295795  0.0553908  0.151159
0.316735  -0.117372  -0.0295795  -0.117372  0.24046  0.0553908  -0.0295795  0.0553908  0.151159
0.316665  -0.117256  -0.0294614  -0.117256  0.240336  0.0552992  -0.0294614  0.0552992  0.151162
0.316619  -0.117179  -0.0293827  -0.117179  0.240253  0.0552382  -0.0293827  0.0552382  0.151163
0.316613  -0.117173  -0.0293677  -0.117173  0.240246  0.0552292  -0.0293677  0.0552292  0.151164
0.316549  -0.117064  -0.0292648  -0.117064  0.24013  0.0551469  -0.0292648  0.0551469  0.151166
0.316543  -0.117058  -0.0292498  -0.117058  0.240123  0.055138  -0.0292498  0.055138  0.151166
0.316474  -0.11693  -0.0291528  -0.11693  0.239987  0.0550524  -0.0291528  0.0550524  0.151168
0.316417  -0.116852  -0.0290755  -0.116852  0.239917  0.0549989  -0.0290755  0.0549989  0.151174
0.316417  -0.116852  -0.0290755  -0.116852  0.239917  0.0549989  -0.0290755  0.0549989  0.151174
0.316348  -0.116737  -0.0289582  -0.116737  0.239795  0.0549082  -0.0289582  0.0549082  0.151177
0.316342  -0.11673  -0.0289433  -0.11673  0.239788  0.0548992  -0.0289433  0.0548992  0.151178
0.316273  -0.116616  -0.0288261  -0.116616  0.239665  0.0548087  -0.0288261  0.0548087  0.151181
0.316222  -0.11652  -0.0287538  -0.11652  0.239564  0.054745  -0.0287538  0.054745  0.151183
0.316222  -0.11652  -0.0287538  -0.11652  0.239564  0.054745  -0.0287538  0.054745  0.151183
0.316159  -0.116425  -0.0286314  -0.116425  0.239462  0.0546583  -0.0286314  0.0546583  0.151187
0.316159  -0.116425  -0.0286314  -0.116425  0.239462  0.0546583  -0.0286314  0.0546583  0.151187
