0.311801  -0.136572  -0.0567455  -0.136572  0.289777  0.0909157  -0.0567455  0.0909157  0.162354
0.311801  -0.136572  -0.0567455  -0.136572  0.289777  0.0909157  -0.0567455  0.0909157  0.162354
0.311801  -0.136572  -0.0567455  -0.136572  0.289777  0.0909157  -0.0567455  0.0909157  0.162354
0.311794  -0.136351  -0.0572022  -0.136351  0.289584  0.0911166  -0.0572022  0.0911166  0.16251
0.311817  -0.135839  -0.058601  -0.135839  0.289212  0.0918047  -0.058601  0.0918047  0.163005
0.311834  -0.135848  -0.0586791  -0.135848  0.28923  0.0918547  -0.0586791  0.0918547  0.163032
0.312001  -0.136172  -0.0592042  -0.136172  0.289733  0.0923359  -0.0592042  0.0923359  0.163231
0.312013  -0.136174  -0.0592642  -0.136174  0.28974  0.0923719  -0.0592642  0.0923719  0.163252
0.312082  -0.136178  -0.0596825  -0.136178  0.289801  0.0926318  -0.0596825  0.0926318  0.163403
0.312261  -0.136017  -0.0612321  -0.136017  0.289852  0.0935399  -0.0612321  0.0935399  0.163989
0.312319  -0.136213  -0.0619616  -0.136213  0.290411  0.0942009  -0.0619616  0.0942009  0.164328
0.312315  -0.136232  -0.0620318  -0.136232  0.290482  0.0942747  -0.0620318  0.0942747  0.164366
0.312329  -0.136389  -0.0631859  -0.136389  0.291235  0.0952891  -0.0631859  0.0952891  0.164929
0.312339  -0.136386  -0.0633057  -0.136386  0.291263  0.0953709  -0.0633057  0.0953709  0.164982
0.312317  -0.136974  -0.0635591  -0.136974  0.292468  0.0960462  -0.0635591  0.0960462  0.165206
0.31232  -0.137019  -0.0635667  -0.137019  0.292547  0.0960839  -0.0635667  0.0960839  0.165215
0.31218  -0.137291  -0.0639677  -0.137291  0.293465  0.0967605  -0.0639677  0.0967605  0.16552
0.312158  -0.137255  -0.0640872  -0.137255  0.293491  0.0968505  -0.0640872  0.0968505  0.165583
0.311867  -0.137137  -0.0649358  -0.137137  0.294179  0.0977457  -0.0649358  0.0977457  0.166126
0.311852  -0.137154  -0.0649451  -0.137154  0.294244  0.0977836  -0.0649451  0.0977836  0.166141
0.311648  -0.137682  -0.0646693  -0.137682  0.295456  0.0981949  -0.0646693  0.0981949  0.166185
0.311646  -0.137692  -0.0647047  -0.137692  0.295493  0.098233  -0.0647047  0.098233  0.166205
0.311646  -0.137419  -0.0659293  -0.137419  0.295535  0.0990014  -0.0659293  0.0990014  0.166783
0.311645  -0.137387  -0.0660355  -0.137387  0.295525  0.0990623  -0.0660355  0.0990623  0.166833
0.311646  -0.137668  -0.0662885  -0.137668  0.296147  0.0994869  -0.0662885  0.0994869  0.167008
0.311662  -0.137734  -0.0662757  -0.137734  0.29623  0.0995109  -0.0662757  0.0995109  0.167004
0.311755  -0.137972  -0.066613  -0.137972  0.296641  0.0998695  -0.066613  0.0998695  0.167172
0.311761  -0.137938  -0.0667032  -0.137938  0.296606  0.0999079  -0.0667032  0.0999079  0.16721
0.311852  -0.137738  -0.0677722  -0.137738  0.296548  0.100512  -0.0677722  0.100512  0.1677
0.311863  -0.137754  -0.0678111  -0.137754  0.296573  0.100544  -0.0678111  0.100544  0.167717
0.311879  -0.138163  -0.0677616  -0.138163  0.297268  0.100813  -0.0677616  0.100813  0.167748
0.311876  -0.138187  -0.0677738  -0.138187  0.297321  0.100844  -0.0677738  0.100844  0.16776
0.311925  -0.138021  -0.0683694  -0.138021  0.297194  0.10114  -0.0683694  0.10114  0.16803
0.311926  -0.137965  -0.0684643  -0.137965  0.297132  0.101171  -0.0684643  0.101171  0.168072
0.311925  -0.137905  -0.068619  -0.137905  0.297092  0.101248  -0.068619  0.101248  0.168147
0.311934  -0.138129  -0.0684414  -0.138129  0.297405  0.101274  -0.0684414  0.101274  0.168082
0.311933  -0.138157  -0.0683939  -0.138157  0.297436  0.101259  -0.0683939  0.101259  0.168061
0.311942  -0.137956  -0.0686303  -0.137956  0.297161  0.10128  -0.0686303  0.10128  0.168153
0.311942  -0.137928  -0.0686778  -0.137928  0.29713  0.101296  -0.0686778  0.101296  0.168175
0.31196  -0.137856  -0.0687635  -0.137856  0.297003  0.101288  -0.0687635  0.101288  0.168201
0.312025  -0.137999  -0.0685891  -0.137999  0.297065  0.10119  -0.0685891  0.10119  0.168096
0.312025  -0.137999  -0.0685891  -0.137999  0.297065  0.10119  -0.0685891  0.10119  0.168096
0.312128  -0.137899  -0.0687523  -0.137899  0.296767  0.101129  -0.0687523  0.101129  0.168119
0.312142  -0.137891  -0.0687792  -0.137891  0.296739  0.101129  -0.0687792  0.101129  0.168125
0.31228  -0.137973  -0.0687265  -0.137973  0.29661  0.101002  -0.0687265  0.101002  0.168041
0.31228  -0.137987  -0.0687027  -0.137987  0.296625  0.100994  -0.0687027  0.100994  0.168031
0.312419  -0.138026  -0.0687212  -0.138026  0.29645  0.100889  -0.0687212  0.100889  0.167979
0.312425  -0.138034  -0.0687409  -0.138034  0.296462  0.100905  -0.0687409  0.100905  0.167988
0.312575  -0.138021  -0.0687778  -0.138021  0.296179  0.100761  -0.0687778  0.100761  0.167932
0.312583  -0.138019  -0.0687612  -0.138019  0.296154  0.100738  -0.0687612  0.100738  0.167919
0.312706  -0.138123  -0.0685177  -0.138123  0.296012  0.100492  -0.0685177  0.100492  0.167743
0.312714  -0.138107  -0.0685249  -0.138107  0.295972  0.100477  -0.0685249  0.100477  0.167741
0.312809  -0.138013  -0.0685046  -0.138013  0.29562  0.100284  -0.0685046  0.100284  0.167669
0.312817  -0.138011  -0.068488  -0.138011  0.295595  0.100261  -0.068488  0.100261  0.167656
0.312883  -0.138034  -0.0681876  -0.138034  0.295385  0.0999671  -0.0681876  0.0999671  0.167466
0.312897  -0.138055  -0.0681669  -0.138055  0.295388  0.0999521  -0.0681669  0.0999521  0.167451
0.312957  -0.137981  -0.0680494  -0.137981  0.295095  0.0997356  -0.0680494  0.0997356  0.167348
0.312959  -0.137958  -0.068037  -0.137958  0.295042  0.0997044  -0.068037  0.0997044  0.167336
0.313023  -0.137944  -0.0679041  -0.137944  0.294845  0.0995198  -0.0679041  0.0995198  0.167233
0.313042  -0.137972  -0.0679029  -0.137972  0.294861  0.0995205  -0.0679029  0.0995205  0.167227
0.313128  -0.138017  -0.0678008  -0.138017  0.294744  0.0993836  -0.0678008  0.0993836  0.167139
0.313142  -0.138024  -0.0678037  -0.138024  0.294731  0.0993762  -0.0678037  0.0993762  0.167135
0.313265  -0.138075  -0.0678904  -0.138075  0.294642  0.0993563  -0.0678904  0.0993563  0.16713
0.31327  -0.138097  -0.0678862  -0.138097  0.29467  0.0993644  -0.0678862  0.0993644  0.167129
0.313382  -0.13823  -0.067907  -0.13823  0.29472  0.0993681  -0.067907  0.0993681  0.167108
0.313388  -0.138252  -0.0679029  -0.138252  0.294748  0.0993762  -0.0679029  0.0993762  0.167106
0.313501  -0.138343  -0.0679951  -0.138343  0.294751  0.0994029  -0.0679951  0.0994029  0.167116
0.313501  -0.138343  -0.0679951  -0.138343  0.294751  0.0994029  -0.0679951  0.0994029  0.167116
0.313577  -0.13848  -0.0680029  -0.13848  0.294866  0.0994369  -0.0680029  0.0994369  0.167106
0.313577  -0.13848  -0.0680029  -0.13848  0.294866  0.0994369  -0.0680029  0.0994369  0.167106
0.313603  -0.138516  -0.0680214  -0.138516  0.294894  0.0994533  -0.0680214  0.0994533  0.167109
0.313603  -0.138516  -0.0680214  -0.138516  0.294894  0.0994533  -0.0680214  0.0994533  0.167109
0.313608  -0.138566  -0.0679696  -0.138566  0.294953  0.0994461  -0.0679696  0.0994461  0.167087
0.313613  -0.138588  -0.0679655  -0.138588  0.294981  0.0994542  -0.0679655  0.0994542  0.167086
0.313599  -0.138582  -0.0679625  -0.138582  0.294993  0.0994615  -0.0679625  0.0994615  0.16709
0.313606  -0.13859  -0.0679822  -0.13859  0.295005  0.0994773  -0.0679822  0.0994773  0.167099
0.313603  -0.138614  -0.0679947  -0.138614  0.295058  0.0995085  -0.0679947  0.0995085  0.16711
0.313603  -0.138614  -0.0679947  -0.138614  0.295058  0.0995085  -0.0679947  0.0995085  0.16711
0.313613  -0.138668  -0.0680228  -0.138668  0.295151  0.0995635  -0.0680228  0.0995635  0.167129
0.313613  -0.138668  -0.0680228  -0.138668  0.295151  0.0995635  -0.0680228  0.0995635  0.167129
0.31361  -0.138659  -0.0681432  -0.138659  0.295194  0.0996567  -0.0681432  0.0996567  0.167194
0.313616  -0.138667  -0.0681629  -0.138667  0.295207  0.0996725  -0.0681629  0.0996725  0.167203
0.313625  -0.138721  -0.068191  -0.138721  0.2953  0.0997277  -0.068191  0.0997277  0.167222
0.313611  -0.138715  -0.068188  -0.138715  0.295312  0.099735  -0.068188  0.099735  0.167226
0.313616  -0.138719  -0.068268  -0.138719  0.295346  0.0997975  -0.068268  0.0997975  0.167267
0.313616  -0.138719  -0.068268  -0.138719  0.295346  0.0997975  -0.068268  0.0997975  0.167267
0.31358  -0.138708  -0.0682787  -0.138708  0.295396  0.0998354  -0.0682787  0.0998354  0.167288
0.31358  -0.138708  -0.0682787  -0.138708  0.295396  0.0998354  -0.0682787  0.0998354  0.167288
0.313532  -0.138682  -0.06825  -0.138682  0.29542  0.0998417  -0.06825  0.0998417  0.167291
0.313532  -0.138682  -0.06825  -0.138682  0.29542  0.0998417  -0.06825  0.0998417  0.167291
0.313466  -0.138603  -0.0682099  -0.138603  0.295376  0.099816  -0.0682099  0.099816  0.167288
0.313466  -0.138603  -0.0682099  -0.138603  0.295376  0.099816  -0.0682099  0.099816  0.167288
0.31342  -0.138566  -0.0681449  -0.138566  0.295363  0.0997834  -0.0681449  0.0997834  0.16727
0.31342  -0.138566  -0.0681449  -0.138566  0.295363  0.0997834  -0.0681449  0.0997834  0.16727
0.313375  -0.138502  -0.0681275  -0.138502  0.29532  0.0997662  -0.0681275  0.0997662  0.167272
0.313375  -0.138502  -0.0681275  -0.138502  0.29532  0.0997662  -0.0681275  0.0997662  0.167272
0.313363  -0.138486  -0.0680882  -0.138486  0.295295  0.0997346  -0.0680882  0.0997346  0.167254
0.313363  -0.138486  -0.0680882  -0.138486  0.295295  0.0997346  -0.0680882  0.0997346  0.167254
0.313338  -0.138435  -0.0680935  -0.138435  0.295251  0.0997258  -0.0680935  0.0997258  0.167261
0.313338  -0.138435  -0.0680935  -0.138435  0.295251  0.0997258  -0.0680935  0.0997258  0.167261
0.313332  -0.138427  -0.0680738  -0.138427  0.295239  0.09971  -0.0680738  0.09971  0.167252
0.313332  -0.138427  -0.0680738  -0.138427  0.295239  0.09971  -0.0680738  0.09971  0.167252
0.31332  -0.138411  -0.0680345  -0.138411  0.295214  0.0996785  -0.0680345  0.0996785  0.167234
0.31332  -0.138411  -0.0680345  -0.138411  0.295214  0.0996785  -0.0680345  0.0996785  0.167234
0.313308  -0.138409  -0.0679714  -0.138409  0.295205  0.0996394  -0.0679714  0.0996394  0.167206
0.313308  -0.138409  -0.0679714  -0.138409  0.295205  0.0996394  -0.0679714  0.0996394  0.167206
0.313296  -0.138393  -0.0679322  -0.138393  0.29518  0.0996079  -0.0679322  0.0996079  0.167188
0.313272  -0.138361  -0.0678537  -0.138361  0.29513  0.099545  -0.0678537  0.099545  0.167153
0.313272  -0.138361  -0.0678537  -0.138361  0.29513  0.099545  -0.0678537  0.099545  0.167153
0.313254  -0.138352  -0.067771  -0.138352  0.295108  0.0994901  -0.067771  0.0994901  0.167116
0.313254  -0.138352  -0.067771  -0.138352  0.295108  0.0994901  -0.067771  0.0994901  0.167116
0.31323  -0.13832  -0.0676926  -0.13832  0.295059  0.0994273  -0.0676926  0.0994273  0.167081
0.31323  -0.13832  -0.0676926  -0.13832  0.295059  0.0994273  -0.0676926  0.0994273  0.167081
0.313232  -0.13831  -0.0676564  -0.13831  0.295022  0.0993885  -0.0676564  0.0993885  0.167059
0.313232  -0.13831  -0.0676564  -0.13831  0.295022  0.0993885  -0.0676564  0.0993885  0.167059
0.313234  -0.1383  -0.0676202  -0.1383  0.294985  0.0993498  -0.0676202  0.0993498  0.167037
0.313234  -0.1383  -0.0676202  -0.1383  0.294985  0.0993498  -0.0676202  0.0993498  0.167037
0.313242  -0.138298  -0.0676035  -0.138298  0.29496  0.0993267  -0.0676035  0.0993267  0.167024
0.31325  -0.138297  -0.0675869  -0.138297  0.294936  0.0993037  -0.0675869  0.0993037  0.167012
0.313244  -0.138289  -0.0675673  -0.138289  0.294923  0.099288  -0.0675673  0.099288  0.167003
0.313238  -0.138295  -0.067524  -0.138295  0.294926  0.0992647  -0.067524  0.0992647  0.166984
0.313238  -0.138295  -0.067524  -0.138295  0.294926  0.0992647  -0.067524  0.0992647  0.166984
0.313214  -0.138249  -0.0674694  -0.138249  0.294861  0.0992096  -0.0674694  0.0992096  0.166959
0.313214  -0.138249  -0.0674694  -0.138249  0.294861  0.0992096  -0.0674694  0.0992096  0.166959
0.313176  -0.138225  -0.0673645  -0.138225  0.29484  0.0991467  -0.0673645  0.0991467  0.166918
0.313176  -0.138225  -0.0673645  -0.138225  0.29484  0.0991467  -0.0673645  0.0991467  0.166918
0.313153  -0.138179  -0.06731  -0.138179  0.294775  0.0990918  -0.06731  0.0990918  0.166893
0.313153  -0.138179  -0.06731  -0.138179  0.294775  0.0990918  -0.06731  0.0990918  0.166893
0.313135  -0.138155  -0.0672514  -0.138155  0.294738  0.0990449  -0.0672514  0.0990449  0.166867
0.313129  -0.138147  -0.0672319  -0.138147  0.294726  0.0990293  -0.0672319  0.0990293  0.166858
0.313118  -0.138117  -0.0672166  -0.138117  0.294685  0.0990056  -0.0672166  0.0990056  0.166851
0.313118  -0.138117  -0.0672166  -0.138117  0.294685  0.0990056  -0.0672166  0.0990056  0.166851
0.313112  -0.138109  -0.067197  -0.138109  0.294673  0.09899  -0.067197  0.09899  0.166842
0.313112  -0.138109  -0.067197  -0.138109  0.294673  0.09899  -0.067197  0.09899  0.166842
0.313106  -0.138101  -0.0671775  -0.138101  0.294661  0.0989744  -0.0671775  0.0989744  0.166834
0.313106  -0.138101  -0.0671775  -0.138101  0.294661  0.0989744  -0.0671775  0.0989744  0.166834
0.3131  -0.138093  -0.067158  -0.138093  0.294648  0.0989588  -0.067158  0.0989588  0.166825
0.3131  -0.138093  -0.067158  -0.138093  0.294648  0.0989588  -0.067158  0.0989588  0.166825
0.313088  -0.138078  -0.067119  -0.138078  0.294624  0.0989276  -0.067119  0.0989276  0.166808
0.313088  -0.138078  -0.067119  -0.138078  0.294624  0.0989276  -0.067119  0.0989276  0.166808
0.313057  -0.138034  -0.0670812  -0.138034  0.294584  0.0988957  -0.0670812  0.0988957  0.166796
0.313057  -0.138034  -0.0670812  -0.138034  0.294584  0.0988957  -0.0670812  0.0988957  0.166796
0.313039  -0.13801  -0.0670227  -0.13801  0.294547  0.098849  -0.0670227  0.098849  0.16677
0.313039  -0.13801  -0.0670227  -0.13801  0.294547  0.098849  -0.0670227  0.098849  0.16677
0.313008  -0.137966  -0.0669851  -0.137966  0.294507  0.0988172  -0.0669851  0.0988172  0.166758
0.313002  -0.137958  -0.0669656  -0.137958  0.294494  0.0988016  -0.0669656  0.0988016  0.16675
0.312985  -0.13792  -0.0669308  -0.13792  0.294442  0.0987625  -0.0669308  0.0987625  0.166734
0.312985  -0.13792  -0.0669308  -0.13792  0.294442  0.0987625  -0.0669308  0.0987625  0.166734
0.312974  -0.13789  -0.0669156  -0.13789  0.294402  0.0987389  -0.0669156  0.0987389  0.166726
0.312981  -0.137889  -0.066899  -0.137889  0.294378  0.098716  -0.066899  0.098716  0.166714
0.312981  -0.137889  -0.066899  -0.137889  0.294378  0.098716  -0.066899  0.098716  0.166714
0.312964  -0.137851  -0.0668643  -0.137851  0.294325  0.0986769  -0.0668643  0.0986769  0.166698
0.312964  -0.137851  -0.0668643  -0.137851  0.294325  0.0986769  -0.0668643  0.0986769  0.166698
0.312966  -0.137827  -0.0668519  -0.137827  0.294273  0.098646  -0.0668519  0.098646  0.166687
0.312966  -0.137827  -0.0668519  -0.137827  0.294273  0.098646  -0.0668519  0.098646  0.166687
0.312961  -0.137819  -0.0668324  -0.137819  0.294261  0.0986305  -0.0668324  0.0986305  0.166678
0.312937  -0.137774  -0.0667783  -0.137774  0.294196  0.0985759  -0.0667783  0.0985759  0.166654
0.312937  -0.137774  -0.0667783  -0.137774  0.294196  0.0985759  -0.0667783  0.0985759  0.166654
0.312934  -0.137742  -0.0667465  -0.137742  0.294132  0.0985295  -0.0667465  0.0985295  0.166634
0.312928  -0.137734  -0.066727  -0.137734  0.294119  0.098514  -0.066727  0.098514  0.166625
0.312917  -0.137704  -0.0667118  -0.137704  0.29408  0.0984905  -0.0667118  0.0984905  0.166618
0.312894  -0.137659  -0.0666577  -0.137659  0.294015  0.0984361  -0.0666577  0.0984361  0.166594
0.312894  -0.137659  -0.0666577  -0.137659  0.294015  0.0984361  -0.0666577  0.0984361  0.166594
0.312871  -0.137599  -0.0666273  -0.137599  0.293935  0.0983892  -0.0666273  0.0983892  0.16658
0.312871  -0.137599  -0.0666273  -0.137599  0.293935  0.0983892  -0.0666273  0.0983892  0.16658
0.312861  -0.13756  -0.0665762  -0.13756  0.293859  0.0983274  -0.0665762  0.0983274  0.166551
0.312861  -0.13756  -0.0665762  -0.13756  0.293859  0.0983274  -0.0665762  0.0983274  0.166551
0.312864  -0.137536  -0.0665638  -0.137536  0.293807  0.0982966  -0.0665638  0.0982966  0.16654
0.312858  -0.137515  -0.0665681  -0.137515  0.293779  0.0982887  -0.0665681  0.0982887  0.166542
0.31286  -0.137505  -0.0665321  -0.137505  0.293742  0.0982504  -0.0665321  0.0982504  0.16652
0.31286  -0.137505  -0.0665321  -0.137505  0.293742  0.0982504  -0.0665321  0.0982504  0.16652
0.312863  -0.137481  -0.0665198  -0.137481  0.29369  0.0982196  -0.0665198  0.0982196  0.166509
0.312863  -0.137481  -0.0665198  -0.137481  0.29369  0.0982196  -0.0665198  0.0982196  0.166509
0.312854  -0.137428  -0.0664923  -0.137428  0.293598  0.0981655  -0.0664923  0.0981655  0.166491
0.312854  -0.137428  -0.0664923  -0.137428  0.293598  0.0981655  -0.0664923  0.0981655  0.166491
0.31285  -0.13741  -0.066437  -0.13741  0.29355  0.0981118  -0.066437  0.0981118  0.166461
0.31285  -0.13741  -0.066437  -0.13741  0.29355  0.0981118  -0.066437  0.0981118  0.166461
0.312841  -0.137357  -0.0664095  -0.137357  0.293458  0.0980577  -0.0664095  0.0980577  0.166443
0.312841  -0.137357  -0.0664095  -0.137357  0.293458  0.0980577  -0.0664095  0.0980577  0.166443
0.312837  -0.13734  -0.0663542  -0.13734  0.293409  0.0980041  -0.0663542  0.0980041  0.166414
0.312837  -0.13734  -0.0663542  -0.13734  0.293409  0.0980041  -0.0663542  0.0980041  0.166414
0.312833  -0.137308  -0.0663225  -0.137308  0.293345  0.0979579  -0.0663225  0.0979579  0.166394
0.312828  -0.137286  -0.0663267  -0.137286  0.293317  0.09795  -0.0663267  0.09795  0.166396
0.312836  -0.137284  -0.0663102  -0.137284  0.293293  0.0979273  -0.0663102  0.0979273  0.166383
0.312836  -0.137284  -0.0663102  -0.137284  0.293293  0.0979273  -0.0663102  0.0979273  0.166383
0.312832  -0.137253  -0.0662785  -0.137253  0.293229  0.0978812  -0.0662785  0.0978812  0.166363
0.312832  -0.137253  -0.0662785  -0.137253  0.293229  0.0978812  -0.0662785  0.0978812  0.166363
0.312854  -0.137243  -0.0662884  -0.137243  0.293177  0.0978585  -0.0662884  0.0978585  0.166357
0.312848  -0.137235  -0.066269  -0.137235  0.293165  0.0978431  -0.066269  0.0978431  0.166348
0.312842  -0.137228  -0.0662497  -0.137228  0.293152  0.0978278  -0.0662497  0.0978278  0.16634
0.312842  -0.137228  -0.0662497  -0.137228  0.293152  0.0978278  -0.0662497  0.0978278  0.16634
0.312844  -0.137204  -0.0662374  -0.137204  0.2931  0.0977971  -0.0662374  0.0977971  0.166329
0.312844  -0.137204  -0.0662374  -0.137204  0.2931  0.0977971  -0.0662374  0.0977971  0.166329
0.312838  -0.13721  -0.0661944  -0.13721  0.293104  0.0977742  -0.0661944  0.0977742  0.166311
0.312832  -0.137202  -0.0661751  -0.137202  0.293092  0.0977588  -0.0661751  0.0977588  0.166302
0.312835  -0.137179  -0.0661628  -0.137179  0.29304  0.0977282  -0.0661628  0.0977282  0.166291
0.312835  -0.137179  -0.0661628  -0.137179  0.29304  0.0977282  -0.0661628  0.0977282  0.166291
0.312829  -0.137171  -0.0661435  -0.137171  0.293028  0.0977128  -0.0661435  0.0977128  0.166283
0.312829  -0.137171  -0.0661435  -0.137171  0.293028  0.0977128  -0.0661435  0.0977128  0.166283
0.312831  -0.137161  -0.0661076  -0.137161  0.292991  0.0976747  -0.0661076  0.0976747  0.166262
0.312831  -0.137161  -0.0661076  -0.137161  0.292991  0.0976747  -0.0661076  0.0976747  0.166262
0.312844  -0.137167  -0.0661104  -0.137167  0.292979  0.0976674  -0.0661104  0.0976674  0.166258
0.312844  -0.137167  -0.0661104  -0.137167  0.292979  0.0976674  -0.0661104  0.0976674  0.166258
0.312852  -0.137165  -0.0660939  -0.137165  0.292954  0.0976446  -0.0660939  0.0976446  0.166245
0.312852  -0.137165  -0.0660939  -0.137165  0.292954  0.0976446  -0.0660939  0.0976446  0.166245
0.31286  -0.137163  -0.0660773  -0.137163  0.29293  0.0976219  -0.0660773  0.0976219  0.166233
0.31286  -0.137163  -0.0660773  -0.137163  0.29293  0.0976219  -0.0660773  0.0976219  0.166233
0.312854  -0.137169  -0.0660344  -0.137169  0.292933  0.097599  -0.0660344  0.097599  0.166215
0.312854  -0.137169  -0.0660344  -0.137169  0.292933  0.097599  -0.0660344  0.097599  0.166215
0.312862  -0.137168  -0.0660179  -0.137168  0.292909  0.0975763  -0.0660179  0.0975763  0.166202
0.312862  -0.137168  -0.0660179  -0.137168  0.292909  0.0975763  -0.0660179  0.0975763  0.166202
0.312855  -0.137174  -0.065975  -0.137174  0.292912  0.0975535  -0.065975  0.0975535  0.166184
0.312855  -0.137174  -0.065975  -0.137174  0.292912  0.0975535  -0.065975  0.0975535  0.166184
0.312857  -0.137164  -0.0659392  -0.137164  0.292875  0.0975154  -0.0659392  0.0975154  0.166164
0.312857  -0.137164  -0.0659392  -0.137164  0.292875  0.0975154  -0.0659392  0.0975154  0.166164
0.312851  -0.137156  -0.0659199  -0.137156  0.292863  0.0975001  -0.0659199  0.0975001  0.166155
0.312846  -0.137148  -0.0659005  -0.137148  0.292851  0.0974847  -0.0659005  0.0974847  0.166147
0.31284  -0.137141  -0.0658812  -0.137141  0.292839  0.0974694  -0.0658812  0.0974694  0.166139
0.31284  -0.137141  -0.0658812  -0.137141  0.292839  0.0974694  -0.0658812  0.0974694  0.166139
0.312828  -0.137125  -0.0658426  -0.137125  0.292815  0.0974388  -0.0658426  0.0974388  0.166122
0.312828  -0.137125  -0.0658426  -0.137125  0.292815  0.0974388  -0.0658426  0.0974388  0.166122
0.312817  -0.137109  -0.065804  -0.137109  0.292791  0.0974081  -0.065804  0.0974081  0.166105
0.312817  -0.137109  -0.065804  -0.137109  0.292791  0.0974081  -0.065804  0.0974081  0.166105
0.312805  -0.137094  -0.0657654  -0.137094  0.292767  0.0973775  -0.0657654  0.0973775  0.166089
0.312805  -0.137094  -0.0657654  -0.137094  0.292767  0.0973775  -0.0657654  0.0973775  0.166089
0.312787  -0.13707  -0.0657076  -0.13707  0.29273  0.0973316  -0.0657076  0.0973316  0.166064
0.312787  -0.13707  -0.0657076  -0.13707  0.29273  0.0973316  -0.0657076  0.0973316  0.166064
0.312756  -0.137041  -0.065647  -0.137041  0.292706  0.097293  -0.065647  0.097293  0.166043
0.312756  -0.137041  -0.065647  -0.137041  0.292706  0.097293  -0.065647  0.097293  0.166043
0.312726  -0.137011  -0.0655864  -0.137011  0.292683  0.0972545  -0.0655864  0.0972545  0.166023
0.312726  -0.137011  -0.0655864  -0.137011  0.292683  0.0972545  -0.0655864  0.0972545  0.166023
0.312714  -0.137009  -0.0655244  -0.137009  0.292674  0.0972165  -0.0655244  0.0972165  0.165997
0.312714  -0.137009  -0.0655244  -0.137009  0.292674  0.0972165  -0.0655244  0.0972165  0.165997
0.312677  -0.136958  -0.0654681  -0.136958  0.292623  0.0971703  -0.0654681  0.0971703  0.165978
0.312677  -0.136958  -0.0654681  -0.136958  0.292623  0.0971703  -0.0654681  0.0971703  0.165978
0.312658  -0.136958  -0.0654226  -0.136958  0.292638  0.0971549  -0.0654226  0.0971549  0.165964
0.312652  -0.136951  -0.0654034  -0.136951  0.292626  0.0971397  -0.0654034  0.0971397  0.165956
0.312621  -0.136907  -0.0653665  -0.136907  0.292587  0.0971087  -0.0653665  0.0971087  0.165945
0.312621  -0.136907  -0.0653665  -0.136907  0.292587  0.0971087  -0.0653665  0.0971087  0.165945
0.312602  -0.136908  -0.065321  -0.136908  0.292603  0.0970934  -0.065321  0.0970934  0.165931
0.312602  -0.136908  -0.065321  -0.136908  0.292603  0.0970934  -0.065321  0.0970934  0.165931
0.312571  -0.136878  -0.0652606  -0.136878  0.292579  0.0970551  -0.0652606  0.0970551  0.165911
0.312571  -0.136878  -0.0652606  -0.136878  0.292579  0.0970551  -0.0652606  0.0970551  0.165911
0.31254  -0.136849  -0.0652003  -0.136849  0.292555  0.0970167  -0.0652003  0.0970167  0.165891
0.31254  -0.136849  -0.0652003  -0.136849  0.292555  0.0970167  -0.0652003  0.0970167  0.165891
0.312515  -0.136841  -0.0651357  -0.136841  0.292559  0.0969862  -0.0651357  0.0969862  0.165869
0.312515  -0.136841  -0.0651357  -0.136841  0.292559  0.0969862  -0.0651357  0.0969862  0.165869
0.312484  -0.136812  -0.0650754  -0.136812  0.292535  0.096948  -0.0650754  0.096948  0.165849
0.312484  -0.136812  -0.0650754  -0.136812  0.292535  0.096948  -0.0650754  0.096948  0.165849
0.312459  -0.136804  -0.0650109  -0.136804  0.292539  0.0969175  -0.0650109  0.0969175  0.165827
0.312459  -0.136804  -0.0650109  -0.136804  0.292539  0.0969175  -0.0650109  0.0969175  0.165827
0.312428  -0.136775  -0.0649507  -0.136775  0.292515  0.0968793  -0.0649507  0.0968793  0.165807
0.312428  -0.136775  -0.0649507  -0.136775  0.292515  0.0968793  -0.0649507  0.0968793  0.165807
0.312409  -0.136775  -0.0649053  -0.136775  0.292531  0.096864  -0.0649053  0.096864  0.165794
0.312409  -0.136775  -0.0649053  -0.136775  0.292531  0.096864  -0.0649053  0.096864  0.165794
0.312378  -0.136746  -0.0648452  -0.136746  0.292507  0.0968259  -0.0648452  0.0968259  0.165774
0.312378  -0.136746  -0.0648452  -0.136746  0.292507  0.0968259  -0.0648452  0.0968259  0.165774
0.312367  -0.136731  -0.0648069  -0.136731  0.292483  0.0967955  -0.0648069  0.0967955  0.165758
0.312367  -0.136731  -0.0648069  -0.136731  0.292483  0.0967955  -0.0648069  0.0967955  0.165758
0.312342  -0.136723  -0.0647425  -0.136723  0.292487  0.0967651  -0.0647425  0.0967651  0.165736
0.312342  -0.136723  -0.0647425  -0.136723  0.292487  0.0967651  -0.0647425  0.0967651  0.165736
0.312311  -0.136694  -0.0646824  -0.136694  0.292463  0.096727  -0.0646824  0.096727  0.165716
0.312311  -0.136694  -0.0646824  -0.136694  0.292463  0.096727  -0.0646824  0.096727  0.165716
0.31228  -0.136679  -0.064599  -0.136679  0.292455  0.0966815  -0.064599  0.0966815  0.165687
0.31228  -0.136679  -0.064599  -0.136679  0.292455  0.0966815  -0.064599  0.0966815  0.165687
0.31225  -0.136649  -0.064539  -0.136649  0.292431  0.0966435  -0.064539  0.0966435  0.165668
0.31225  -0.136649  -0.064539  -0.136649  0.292431  0.0966435  -0.064539  0.0966435  0.165668
0.312219  -0.13662  -0.064479  -0.13662  0.292408  0.0966055  -0.064479  0.0966055  0.165648
0.312219  -0.13662  -0.064479  -0.13662  0.292408  0.0966055  -0.064479  0.0966055  0.165648
0.312183  -0.136583  -0.0644  -0.136583  0.292372  0.0965523  -0.0644  0.0965523  0.16562
0.312183  -0.136583  -0.0644  -0.136583  0.292372  0.0965523  -0.0644  0.0965523  0.16562
0.312161  -0.136539  -0.0643471  -0.136539  0.292309  0.0964993  -0.0643471  0.0964993  0.165598
0.312161  -0.136539  -0.0643471  -0.136539  0.292309  0.0964993  -0.0643471  0.0964993  0.165598
0.312125  -0.136502  -0.0642682  -0.136502  0.292274  0.0964463  -0.0642682  0.0964463  0.16557
0.312125  -0.136502  -0.0642682  -0.136502  0.292274  0.0964463  -0.0642682  0.0964463  0.16557
0.312089  -0.136465  -0.0641894  -0.136465  0.292239  0.0963933  -0.0641894  0.0963933  0.165543
0.312089  -0.136465  -0.0641894  -0.136465  0.292239  0.0963933  -0.0641894  0.0963933  0.165543
0.312067  -0.136434  -0.0641133  -0.136434  0.292191  0.096333  -0.0641133  0.096333  0.165511
0.312067  -0.136434  -0.0641133  -0.136434  0.292191  0.096333  -0.0641133  0.096333  0.165511
0.312031  -0.136398  -0.0640345  -0.136398  0.292156  0.0962802  -0.0640345  0.0962802  0.165484
0.312025  -0.13639  -0.0640155  -0.13639  0.292144  0.0962651  -0.0640155  0.0962651  0.165476
0.31202  -0.136382  -0.0639965  -0.136382  0.292132  0.0962501  -0.0639965  0.0962501  0.165468
0.311978  -0.136338  -0.0638989  -0.136338  0.292085  0.0961822  -0.0638989  0.0961822  0.165433
0.311978  -0.136338  -0.0638989  -0.136338  0.292085  0.0961822  -0.0638989  0.0961822  0.165433
0.31195  -0.136299  -0.063804  -0.136299  0.292025  0.0961071  -0.063804  0.0961071  0.165394
0.31195  -0.136299  -0.063804  -0.136299  0.292025  0.0961071  -0.063804  0.0961071  0.165394
0.311922  -0.136247  -0.0637325  -0.136247  0.291951  0.0960394  -0.0637325  0.0960394  0.165365
0.311917  -0.136239  -0.0637135  -0.136239  0.291939  0.0960244  -0.0637135  0.0960244  0.165357
0.311889  -0.136201  -0.0636187  -0.136201  0.29188  0.0959495  -0.0636187  0.0959495  0.165318
0.311889  -0.136201  -0.0636187  -0.136201  0.29188  0.0959495  -0.0636187  0.0959495  0.165318
0.311848  -0.136157  -0.0635214  -0.136157  0.291833  0.0958819  -0.0635214  0.0958819  0.165284
0.311848  -0.136157  -0.0635214  -0.136157  0.291833  0.0958819  -0.0635214  0.0958819  0.165284
0.311814  -0.136111  -0.0634079  -0.136111  0.291762  0.0957922  -0.0634079  0.0957922  0.165238
0.311814  -0.136111  -0.0634079  -0.136111  0.291762  0.0957922  -0.0634079  0.0957922  0.165238
0.311781  -0.136065  -0.0632945  -0.136065  0.291691  0.0957025  -0.0632945  0.0957025  0.165192
0.311781  -0.136065  -0.0632945  -0.136065  0.291691  0.0957025  -0.0632945  0.0957025  0.165192
0.311737  -0.13599  -0.0631667  -0.13599  0.291581  0.0955905  -0.0631667  0.0955905  0.16514
0.311737  -0.13599  -0.0631667  -0.13599  0.291581  0.0955905  -0.0631667  0.0955905  0.16514
0.311685  -0.135931  -0.063032  -0.135931  0.291511  0.0954936  -0.063032  0.0954936  0.16509
0.311685  -0.135931  -0.063032  -0.135931  0.291511  0.0954936  -0.063032  0.0954936  0.16509
0.311651  -0.135885  -0.062919  -0.135885  0.291441  0.0954043  -0.062919  0.0954043  0.165045
0.311646  -0.135877  -0.0629001  -0.135877  0.291429  0.0953894  -0.0629001  0.0953894  0.165038
0.311643  -0.135846  -0.0628695  -0.135846  0.291366  0.0953448  -0.0628695  0.0953448  0.16502
0.311615  -0.135808  -0.0627754  -0.135808  0.291307  0.0952705  -0.0627754  0.0952705  0.164982
0.311615  -0.135808  -0.0627754  -0.135808  0.291307  0.0952705  -0.0627754  0.0952705  0.164982
0.311582  -0.135763  -0.0626625  -0.135763  0.291237  0.0951815  -0.0626625  0.0951815  0.164937
0.311582  -0.135763  -0.0626625  -0.135763  0.291237  0.0951815  -0.0626625  0.0951815  0.164937
0.311549  -0.135717  -0.0625498  -0.135717  0.291166  0.0950926  -0.0625498  0.0950926  0.164892
0.311543  -0.135709  -0.062531  -0.135709  0.291155  0.0950778  -0.062531  0.0950778  0.164885
0.311505  -0.135656  -0.0623997  -0.135656  0.291073  0.0949742  -0.0623997  0.0949742  0.164833
0.311505  -0.135656  -0.0623997  -0.135656  0.291073  0.0949742  -0.0623997  0.0949742  0.164833
0.311461  -0.135582  -0.0622729  -0.135582  0.290964  0.0948633  -0.0622729  0.0948633  0.164782
0.311461  -0.135582  -0.0622729  -0.135582  0.290964  0.0948633  -0.0622729  0.0948633  0.164782
0.311423  -0.135529  -0.0621418  -0.135529  0.290882  0.0947601  -0.0621418  0.0947601  0.164731
0.311423  -0.135529  -0.0621418  -0.135529  0.290882  0.0947601  -0.0621418  0.0947601  0.164731
0.31138  -0.135455  -0.0620153  -0.135455  0.290774  0.0946495  -0.0620153  0.0946495  0.164681
0.311374  -0.135447  -0.0619966  -0.135447  0.290762  0.0946348  -0.0619966  0.0946348  0.164673
0.311353  -0.135403  -0.061945  -0.135403  0.2907  0.0945832  -0.061945  0.0945832  0.164653
0.311315  -0.13535  -0.0618142  -0.13535  0.290619  0.0944803  -0.0618142  0.0944803  0.164602
0.311315  -0.13535  -0.0618142  -0.13535  0.290619  0.0944803  -0.0618142  0.0944803  0.164602
0.311271  -0.135276  -0.0616881  -0.135276  0.290511  0.0943702  -0.0616881  0.0943702  0.164552
0.311266  -0.135268  -0.0616695  -0.135268  0.290499  0.0943555  -0.0616695  0.0943555  0.164545
0.311218  -0.135187  -0.0615249  -0.135187  0.290379  0.0942309  -0.0615249  0.0942309  0.164489
0.311218  -0.135187  -0.0615249  -0.135187  0.290379  0.0942309  -0.0615249  0.0942309  0.164489
0.311169  -0.135105  -0.0613805  -0.135105  0.29026  0.0941065  -0.0613805  0.0941065  0.164433
0.311164  -0.135098  -0.0613619  -0.135098  0.290248  0.0940919  -0.0613619  0.0940919  0.164425
0.311128  -0.135022  -0.0612202  -0.135022  0.290117  0.0939604  -0.0612202  0.0939604  0.164366
0.311128  -0.135022  -0.0612202  -0.135022  0.290117  0.0939604  -0.0612202  0.0939604  0.164366
0.311085  -0.134962  -0.0610717  -0.134962  0.290024  0.0938439  -0.0610717  0.0938439  0.164309
0.311085  -0.134962  -0.0610717  -0.134962  0.290024  0.0938439  -0.0610717  0.0938439  0.164309
0.311037  -0.134881  -0.0609279  -0.134881  0.289905  0.0937202  -0.0609279  0.0937202  0.164254
0.311037  -0.134881  -0.0609279  -0.134881  0.289905  0.0937202  -0.0609279  0.0937202  0.164254
0.310989  -0.1348  -0.0607843  -0.1348  0.289787  0.0935967  -0.0607843  0.0935967  0.164199
0.310985  -0.134779  -0.0607888  -0.134779  0.28976  0.0935894  -0.0607888  0.0935894  0.1642
0.310937  -0.134698  -0.0606454  -0.134698  0.289641  0.0934661  -0.0606454  0.0934661  0.164145
0.310937  -0.134698  -0.0606454  -0.134698  0.289641  0.0934661  -0.0606454  0.0934661  0.164145
0.310877  -0.134612  -0.0604998  -0.134612  0.289535  0.0933504  -0.0604998  0.0933504  0.164095
0.310871  -0.134604  -0.0604814  -0.134604  0.289524  0.093336  -0.0604814  0.093336  0.164088
0.310819  -0.134502  -0.0603429  -0.134502  0.289379  0.0932059  -0.0603429  0.0932059  0.164035
0.310819  -0.134502  -0.0603429  -0.134502  0.289379  0.0932059  -0.0603429  0.0932059  0.164035
0.310754  -0.134409  -0.0601793  -0.134409  0.289262  0.0930763  -0.0601793  0.0930763  0.163979
0.310748  -0.134402  -0.0601609  -0.134402  0.28925  0.0930619  -0.0601609  0.0930619  0.163972
0.310684  -0.134295  -0.0600206  -0.134295  0.289118  0.0929397  -0.0600206  0.0929397  0.163924
0.310674  -0.134266  -0.0600067  -0.134266  0.28908  0.092918  -0.0600067  0.092918  0.163919
0.310615  -0.134167  -0.0598849  -0.134167  0.288959  0.0928104  -0.0598849  0.0928104  0.163878
0.310615  -0.134167  -0.0598849  -0.134167  0.288959  0.0928104  -0.0598849  0.0928104  0.163878
0.310555  -0.134081  -0.0597405  -0.134081  0.288854  0.092696  -0.0597405  0.092696  0.163829
0.310555  -0.134081  -0.0597405  -0.134081  0.288854  0.092696  -0.0597405  0.092696  0.163829
0.310509  -0.133987  -0.0596214  -0.133987  0.288722  0.0925814  -0.0596214  0.0925814  0.163784
0.310504  -0.13398  -0.0596031  -0.13398  0.28871  0.0925671  -0.0596031  0.0925671  0.163778
0.31045  -0.133902  -0.0594773  -0.133902  0.288617  0.0924673  -0.0594773  0.0924673  0.163736
0.31045  -0.133902  -0.0594773  -0.133902  0.288617  0.0924673  -0.0594773  0.0924673  0.163736
0.310396  -0.133824  -0.0593517  -0.133824  0.288524  0.0923678  -0.0593517  0.0923678  0.163695
0.310396  -0.133824  -0.0593517  -0.133824  0.288524  0.0923678  -0.0593517  0.0923678  0.163695
0.310343  -0.133746  -0.0592263  -0.133746  0.28843  0.0922683  -0.0592263  0.0922683  0.163654
0.310343  -0.133746  -0.0592263  -0.133746  0.28843  0.0922683  -0.0592263  0.0922683  0.163654
0.310289  -0.133669  -0.059101  -0.133669  0.288337  0.0921691  -0.059101  0.0921691  0.163614
0.310284  -0.133661  -0.0590828  -0.133661  0.288326  0.0921549  -0.0590828  0.0921549  0.163607
0.310226  -0.133563  -0.0589623  -0.133563  0.288207  0.0920486  -0.0589623  0.0920486  0.163568
0.310226  -0.133563  -0.0589623  -0.133563  0.288207  0.0920486  -0.0589623  0.0920486  0.163568
0.310168  -0.133478  -0.0588192  -0.133478  0.288103  0.0919356  -0.0588192  0.0919356  0.163521
0.310163  -0.133471  -0.058801  -0.133471  0.288092  0.0919214  -0.058801  0.0919214  0.163515
0.31011  -0.133393  -0.0586763  -0.133393  0.287999  0.0918227  -0.0586763  0.0918227  0.163475
0.310105  -0.133386  -0.0586582  -0.133386  0.287988  0.0918086  -0.0586582  0.0918086  0.163468
0.310048  -0.133288  -0.0585382  -0.133288  0.287869  0.0917029  -0.0585382  0.0917029  0.16343
0.310048  -0.133288  -0.0585382  -0.133288  0.287869  0.0917029  -0.0585382  0.0917029  0.16343
0.30999  -0.133204  -0.0583957  -0.133204  0.287766  0.0915905  -0.0583957  0.0915905  0.163384
0.30999  -0.133204  -0.0583957  -0.133204  0.287766  0.0915905  -0.0583957  0.0915905  0.163384
0.30995  -0.133132  -0.0582738  -0.133132  0.287662  0.091485  -0.0582738  0.091485  0.16334
0.30994  -0.133104  -0.0582603  -0.133104  0.287624  0.0914639  -0.0582603  0.0914639  0.163335
0.309888  -0.133027  -0.0581363  -0.133027  0.287532  0.0913659  -0.0581363  0.0913659  0.163296
0.309883  -0.13302  -0.0581182  -0.13302  0.287521  0.0913519  -0.0581182  0.0913519  0.16329
0.30983  -0.132943  -0.0579944  -0.132943  0.287429  0.0912541  -0.0579944  0.0912541  0.163251
0.30983  -0.132943  -0.0579944  -0.132943  0.287429  0.0912541  -0.0579944  0.0912541  0.163251
0.309769  -0.132839  -0.0578573  -0.132839  0.2873  0.0911355  -0.0578573  0.0911355  0.163207
0.309769  -0.132839  -0.0578573  -0.132839  0.2873  0.0911355  -0.0578573  0.0911355  0.163207
0.309707  -0.132734  -0.0577205  -0.132734  0.287171  0.091017  -0.0577205  0.091017  0.163164
0.309707  -0.132734  -0.0577205  -0.132734  0.287171  0.091017  -0.0577205  0.091017  0.163164
0.309651  -0.132651  -0.0575792  -0.132651  0.287069  0.0909059  -0.0575792  0.0909059  0.16312
0.309641  -0.132623  -0.0575659  -0.132623  0.287032  0.0908849  -0.0575659  0.0908849  0.163115
0.309575  -0.132512  -0.0574116  -0.132512  0.286893  0.0907531  -0.0574116  0.0907531  0.163066
0.309575  -0.132512  -0.0574116  -0.132512  0.286893  0.0907531  -0.0574116  0.0907531  0.163066
0.309517  -0.132385  -0.0572643  -0.132385  0.286715  0.0906072  -0.0572643  0.0906072  0.163014
0.309517  -0.132385  -0.0572643  -0.132385  0.286715  0.0906072  -0.0572643  0.0906072  0.163014
0.309447  -0.132254  -0.0571152  -0.132254  0.28655  0.090469  -0.0571152  0.090469  0.162967
0.309447  -0.132254  -0.0571152  -0.132254  0.28655  0.090469  -0.0571152  0.090469  0.162967
0.309389  -0.132127  -0.0569684  -0.132127  0.286373  0.0903237  -0.0569684  0.0903237  0.162916
0.309368  -0.132094  -0.0569531  -0.132094  0.286348  0.0903102  -0.0569531  0.0903102  0.162915
0.309344  -0.132045  -0.0568865  -0.132045  0.286279  0.0902481  -0.0568865  0.0902481  0.162892
0.309286  -0.13192  -0.0567401  -0.13192  0.286102  0.0901033  -0.0567401  0.0901033  0.162841
0.309277  -0.131892  -0.056727  -0.131892  0.286065  0.0900826  -0.056727  0.0900826  0.162836
0.309208  -0.131761  -0.0565788  -0.131761  0.285902  0.0899456  -0.0565788  0.0899456  0.16279
0.309208  -0.131761  -0.0565788  -0.131761  0.285902  0.0899456  -0.0565788  0.0899456  0.16279
0.309134  -0.131624  -0.0564132  -0.131624  0.285727  0.0897951  -0.0564132  0.0897951  0.162739
0.309134  -0.131624  -0.0564132  -0.131624  0.285727  0.0897951  -0.0564132  0.0897951  0.162739
0.309073  -0.131478  -0.0562723  -0.131478  0.285526  0.0896444  -0.0562723  0.0896444  0.16269
0.309068  -0.131471  -0.0562546  -0.131471  0.285515  0.0896308  -0.0562546  0.0896308  0.162684
0.308991  -0.131314  -0.0560943  -0.131314  0.285316  0.0894742  -0.0560943  0.0894742  0.162635
0.308986  -0.131307  -0.0560766  -0.131307  0.285305  0.0894606  -0.0560766  0.0894606  0.162629
0.308925  -0.131162  -0.0559364  -0.131162  0.285105  0.0893107  -0.0559364  0.0893107  0.162581
0.308916  -0.131134  -0.0559234  -0.131134  0.285068  0.0892902  -0.0559234  0.0892902  0.162576
0.308835  -0.130971  -0.0557462  -0.130971  0.284859  0.089121  -0.0557462  0.089121  0.162522
0.308835  -0.130971  -0.0557462  -0.130971  0.284859  0.089121  -0.0557462  0.089121  0.162522
0.308738  -0.130782  -0.0555721  -0.130782  0.284637  0.0889527  -0.0555721  0.0889527  0.162473
0.308738  -0.130782  -0.0555721  -0.130782  0.284637  0.0889527  -0.0555721  0.0889527  0.162473
0.308648  -0.130578  -0.0554051  -0.130578  0.284378  0.0887707  -0.0554051  0.0887707  0.162421
0.308644  -0.130571  -0.0553875  -0.130571  0.284367  0.0887573  -0.0553875  0.0887573  0.162416
0.30856  -0.130375  -0.0552385  -0.130375  0.284119  0.0885893  -0.0552385  0.0885893  0.16237
0.308543  -0.130363  -0.055219  -0.130363  0.284121  0.0885832  -0.055219  0.0885832  0.162369
0.308455  -0.130161  -0.0550529  -0.130161  0.283863  0.0884023  -0.0550529  0.0884023  0.162318
0.308451  -0.130154  -0.0550354  -0.130154  0.283853  0.088389  -0.0550354  0.088389  0.162312
0.308342  -0.129933  -0.0548329  -0.129933  0.283587  0.0881894  -0.0548329  0.0881894  0.162256
0.308338  -0.129926  -0.0548155  -0.129926  0.283576  0.088176  -0.0548155  0.088176  0.16225
0.308231  -0.129693  -0.0546357  -0.129693  0.283296  0.0879837  -0.0546357  0.0879837  0.1622
0.308222  -0.129666  -0.0546231  -0.129666  0.28326  0.0879637  -0.0546231  0.0879637  0.162196
0.308111  -0.129439  -0.0544044  -0.129439  0.282986  0.0877523  -0.0544044  0.0877523  0.162135
0.308102  -0.129413  -0.0543918  -0.129413  0.28295  0.0877323  -0.0543918  0.0877323  0.162131
