0.316199  -0.144412  -0.0716063  -0.144412  0.302664  0.104327  -0.0716063  0.104327  0.168811
0.316199  -0.144412  -0.0716063  -0.144412  0.302664  0.104327  -0.0716063  0.104327  0.168811
0.316214  -0.144383  -0.0714137  -0.144383  0.3025  0.104131  -0.0714137  0.104131  0.168691
0.316215  -0.144373  -0.071376  -0.144373  0.302461  0.10409  -0.071376  0.10409  0.168667
0.316131  -0.144155  -0.0709744  -0.144155  0.302031  0.103675  -0.0709744  0.103675  0.168445
0.316036  -0.143773  -0.0708401  -0.143773  0.301434  0.10336  -0.0708401  0.10336  0.168352
0.316023  -0.143742  -0.0708238  -0.143742  0.301392  0.103335  -0.0708238  0.103335  0.168344
0.315756  -0.143188  -0.070331  -0.143188  0.300624  0.102769  -0.070331  0.102769  0.168104
0.315721  -0.143156  -0.0702668  -0.143156  0.300597  0.102727  -0.0702668  0.102727  0.16808
0.315445  -0.142636  -0.0696026  -0.142636  0.299836  0.102061  -0.0696026  0.102061  0.167759
0.315245  -0.142159  -0.0691994  -0.142159  0.299135  0.101563  -0.0691994  0.101563  0.167555
0.31522  -0.142097  -0.0691675  -0.142097  0.299051  0.101514  -0.0691675  0.101514  0.16754
0.314935  -0.141481  -0.068474  -0.141481  0.298122  0.100762  -0.068474  0.100762  0.1672
0.31491  -0.141433  -0.0684183  -0.141433  0.298055  0.100706  -0.0684183  0.100706  0.167174
0.314625  -0.140729  -0.0678546  -0.140729  0.297025  0.0999928  -0.0678546  0.0999928  0.166894
0.314445  -0.140164  -0.0675503  -0.140164  0.296182  0.0994921  -0.0675503  0.0994921  0.166728
0.314441  -0.140132  -0.0675179  -0.140132  0.296117  0.099445  -0.0675179  0.099445  0.166707
0.31418  -0.139563  -0.0667927  -0.139563  0.295229  0.0986895  -0.0667927  0.0986895  0.166361
0.31417  -0.139523  -0.066741  -0.139523  0.295152  0.0986271  -0.066741  0.0986271  0.166332
0.313906  -0.138791  -0.0661837  -0.138791  0.294053  0.0978861  -0.0661837  0.0978861  0.166053
0.313896  -0.138737  -0.066156  -0.138737  0.293961  0.0978319  -0.066156  0.0978319  0.166035
0.313624  -0.138093  -0.0655373  -0.138093  0.293012  0.0971212  -0.0655373  0.0971212  0.165746
0.3136  -0.138047  -0.0654835  -0.138047  0.292948  0.0970673  -0.0654835  0.0970673  0.165723
0.31329  -0.137367  -0.0647116  -0.137367  0.291938  0.0962499  -0.0647116  0.0962499  0.165375
0.313065  -0.136797  -0.0642726  -0.136797  0.291126  0.0956964  -0.0642726  0.0956964  0.165175
0.313056  -0.136744  -0.0642456  -0.136744  0.291035  0.0956436  -0.0642456  0.0956436  0.165158
0.312717  -0.136019  -0.0634882  -0.136019  0.290013  0.094841  -0.0634882  0.094841  0.164835
0.312694  -0.135974  -0.0634356  -0.135974  0.289951  0.0947888  -0.0634356  0.0947888  0.164813
0.312337  -0.135221  -0.0626684  -0.135221  0.288914  0.0939808  -0.0626684  0.0939808  0.164498
0.312078  -0.134544  -0.0622417  -0.134544  0.287991  0.0933998  -0.0622417  0.0933998  0.164314
0.312056  -0.1345  -0.06219  -0.1345  0.28793  0.0933487  -0.06219  0.0933487  0.164294
0.311673  -0.133666  -0.0613738  -0.133666  0.286789  0.0924775  -0.0613738  0.0924775  0.163968
0.311651  -0.133623  -0.0613226  -0.133623  0.286729  0.092427  -0.0613226  0.092427  0.163948
0.311285  -0.132794  -0.0606322  -0.132794  0.285629  0.0916454  -0.0606322  0.0916454  0.163681
0.311265  -0.132738  -0.0606043  -0.132738  0.285554  0.0916025  -0.0606043  0.0916025  0.163669
0.310933  -0.131954  -0.0600122  -0.131954  0.284522  0.0909005  -0.0600122  0.0909005  0.163443
0.310703  -0.131452  -0.0594871  -0.131452  0.283836  0.0903601  -0.0594871  0.0903601  0.163246
0.31067  -0.131405  -0.0594349  -0.131405  0.28379  0.0903185  -0.0594349  0.0903185  0.163232
0.31036  -0.130665  -0.0588096  -0.130665  0.282793  0.0896091  -0.0588096  0.0896091  0.162998
0.310341  -0.130609  -0.0587825  -0.130609  0.282721  0.0895675  -0.0587825  0.0895675  0.162987
0.310022  -0.129893  -0.0581721  -0.129893  0.281795  0.0889011  -0.0581721  0.0889011  0.162773
0.309816  -0.12946  -0.0577017  -0.12946  0.281222  0.0884385  -0.0577017  0.0884385  0.162611
0.309801  -0.129426  -0.0576706  -0.129426  0.281176  0.0884046  -0.0576706  0.0884046  0.1626
0.309498  -0.128687  -0.0571538  -0.128687  0.280233  0.0877832  -0.0571538  0.0877832  0.162424
0.309475  -0.128625  -0.0571098  -0.128625  0.280152  0.0877293  -0.0571098  0.0877293  0.162408
0.309169  -0.127974  -0.0564805  -0.127974  0.279328  0.0870963  -0.0564805  0.0870963  0.162206
0.308987  -0.127559  -0.056095  -0.127559  0.278787  0.0866926  -0.056095  0.0866926  0.16208
0.308957  -0.127514  -0.0560452  -0.127514  0.278744  0.0866537  -0.0560452  0.0866537  0.162069
0.308692  -0.126837  -0.055606  -0.126837  0.277892  0.0861082  -0.055606  0.0861082  0.161928
0.308679  -0.126804  -0.0555758  -0.126804  0.277847  0.0860754  -0.0555758  0.0860754  0.161918
0.308414  -0.12622  -0.0550417  -0.12622  0.277118  0.0855305  -0.0550417  0.0855305  0.161757
0.308396  -0.12618  -0.0549944  -0.12618  0.277064  0.0854851  -0.0549944  0.0854851  0.161742
0.308141  -0.125568  -0.0545471  -0.125568  0.276311  0.0849769  -0.0545471  0.0849769  0.16161
0.307965  -0.125141  -0.0542309  -0.125141  0.275784  0.0846191  -0.0542309  0.0846191  0.161518
0.307953  -0.125108  -0.0542013  -0.125108  0.27574  0.0845871  -0.0542013  0.0845871  0.161509
0.307721  -0.124607  -0.0536978  -0.124607  0.27512  0.0841004  -0.0536978  0.0841004  0.161367
0.307708  -0.124575  -0.0536684  -0.124575  0.275076  0.0840687  -0.0536684  0.0840687  0.161358
0.307478  -0.12398  -0.0533026  -0.12398  0.274357  0.0836159  -0.0533026  0.0836159  0.161257
0.307338  -0.123644  -0.0530461  -0.123644  0.27395  0.0833352  -0.0530461  0.0833352  0.161188
0.307326  -0.123612  -0.053017  -0.123612  0.273907  0.083304  -0.053017  0.083304  0.161179
0.307124  -0.123152  -0.052606  -0.123152  0.273349  0.0828895  -0.052606  0.0828895  0.161071
0.307112  -0.12312  -0.0525771  -0.12312  0.273307  0.0828585  -0.0525771  0.0828585  0.161063
0.306924  -0.122641  -0.052213  -0.122641  0.272714  0.0824518  -0.052213  0.0824518  0.160965
0.306789  -0.122349  -0.0518969  -0.122349  0.272355  0.0821593  -0.0518969  0.0821593  0.160884
0.306777  -0.122318  -0.0518683  -0.122318  0.272313  0.0821286  -0.0518683  0.0821286  0.160876
0.306619  -0.121924  -0.0514909  -0.121924  0.271805  0.081745  -0.0514909  0.081745  0.160774
0.306612  -0.121898  -0.051479  -0.121898  0.271773  0.0817267  -0.051479  0.0817267  0.160771
0.306477  -0.121529  -0.0511546  -0.121529  0.271285  0.0813745  -0.0511546  0.0813745  0.16068
0.306368  -0.121263  -0.0508938  -0.121263  0.270948  0.0811162  -0.0508938  0.0811162  0.160613
0.30636  -0.121251  -0.0508608  -0.121251  0.270929  0.0810923  -0.0508608  0.0810923  0.160605
0.306237  -0.120883  -0.0505931  -0.120883  0.270452  0.0807733  -0.0505931  0.0807733  0.160531
0.306229  -0.120859  -0.0505814  -0.120859  0.27042  0.0807552  -0.0505814  0.0807552  0.160528
0.306131  -0.120572  -0.0502975  -0.120572  0.270021  0.0804555  -0.0502975  0.0804555  0.160448
0.306049  -0.120363  -0.0500643  -0.120363  0.26974  0.0802298  -0.0500643  0.0802298  0.160387
0.306046  -0.120357  -0.050048  -0.120357  0.269731  0.0802181  -0.050048  0.0802181  0.160383
0.305953  -0.120052  -0.0498242  -0.120052  0.269319  0.0799439  -0.0498242  0.0799439  0.160319
0.305946  -0.120027  -0.0498127  -0.120027  0.269288  0.079926  -0.0498127  0.079926  0.160316
0.305855  -0.119789  -0.0495533  -0.119789  0.268969  0.079673  -0.0495533  0.079673  0.16025
0.305848  -0.119777  -0.0495208  -0.119777  0.268951  0.0796497  -0.0495208  0.0796497  0.160243
0.30578  -0.11954  -0.0493021  -0.11954  0.268605  0.0794007  -0.0493021  0.0794007  0.160178
0.305731  -0.119381  -0.0492011  -0.119381  0.268401  0.0792716  -0.0492011  0.0792716  0.160152
0.305724  -0.119356  -0.0491896  -0.119356  0.26837  0.0792539  -0.0491896  0.0792539  0.160149
0.305657  -0.119146  -0.0489302  -0.119146  0.268052  0.0789955  -0.0489302  0.0789955  0.160076
0.305649  -0.119134  -0.0488979  -0.119134  0.268034  0.0789724  -0.0488979  0.0789724  0.160069
0.305594  -0.118916  -0.0487291  -0.118916  0.267718  0.0787605  -0.0487291  0.0787605  0.160018
0.305551  -0.118768  -0.0485934  -0.118768  0.267508  0.0786087  -0.0485934  0.0786087  0.15998
0.305547  -0.118763  -0.0485774  -0.118763  0.267499  0.0785972  -0.0485774  0.0785972  0.159976
0.305496  -0.118602  -0.0483423  -0.118602  0.267245  0.0783762  -0.0483423  0.0783762  0.159912
0.305489  -0.118578  -0.048331  -0.118578  0.267214  0.0783588  -0.048331  0.0783588  0.159909
0.305438  -0.11838  -0.0481587  -0.11838  0.266923  0.0781548  -0.0481587  0.0781548  0.159859
0.305408  -0.118268  -0.0479997  -0.118268  0.266736  0.0779979  -0.0479997  0.0779979  0.159813
0.305404  -0.118262  -0.0479837  -0.118262  0.266727  0.0779865  -0.0479837  0.0779865  0.15981
0.30537  -0.118105  -0.0478038  -0.118105  0.266468  0.0777884  -0.0478038  0.0777884  0.159755
0.305363  -0.118081  -0.0477927  -0.118081  0.266438  0.0777712  -0.0477927  0.0777712  0.159752
0.305332  -0.11793  -0.047629  -0.11793  0.266188  0.077585  -0.047629  0.077585  0.159701
0.305306  -0.117836  -0.0474661  -0.117836  0.266024  0.0774352  -0.0474661  0.0774352  0.159656
0.305302  -0.11783  -0.0474502  -0.11783  0.266015  0.077424  -0.0474502  0.077424  0.159652
0.305275  -0.117686  -0.047303  -0.117686  0.265775  0.0772499  -0.047303  0.0772499  0.159605
0.305272  -0.11768  -0.0472872  -0.11768  0.265766  0.0772387  -0.0472872  0.0772387  0.159602
0.305251  -0.117572  -0.0471307  -0.117572  0.26557  0.0770768  -0.0471307  0.0770768  0.159554
0.305248  -0.117566  -0.0471149  -0.117566  0.265561  0.0770656  -0.0471149  0.0770656  0.159551
0.305231  -0.117477  -0.0469539  -0.117477  0.265386  0.0769099  -0.0469539  0.0769099  0.159502
0.305228  -0.117398  -0.0468768  -0.117398  0.265233  0.0768043  -0.0468768  0.0768043  0.159472
0.305224  -0.117392  -0.046861  -0.117392  0.265224  0.0767931  -0.046861  0.0767931  0.159468
0.305209  -0.117294  -0.0466699  -0.117294  0.26502  0.0766087  -0.0466699  0.0766087  0.15941
0.305206  -0.117289  -0.0466541  -0.117289  0.265011  0.0765976  -0.0466541  0.0765976  0.159407
0.305198  -0.117178  -0.0465358  -0.117178  0.2648  0.0764463  -0.0465358  0.0764463  0.159363
0.305195  -0.117172  -0.0465201  -0.117172  0.264791  0.0764352  -0.0465201  0.0764352  0.15936
0.30519  -0.117092  -0.0463766  -0.117092  0.264614  0.0762847  -0.0463766  0.0762847  0.159312
0.305181  -0.11704  -0.0462735  -0.11704  0.264508  0.0761876  -0.0462735  0.0761876  0.159282
0.305187  -0.117038  -0.0462589  -0.117038  0.264487  0.0761694  -0.0462589  0.0761694  0.159274
0.305186  -0.116951  -0.0461519  -0.116951  0.264306  0.0760357  -0.0461519  0.0760357  0.159234
0.305182  -0.116945  -0.0461362  -0.116945  0.264297  0.0760247  -0.0461362  0.0760247  0.159231
0.305178  -0.116878  -0.0459726  -0.116878  0.264133  0.0758697  -0.0459726  0.0758697  0.15918
0.305174  -0.116812  -0.0458757  -0.116812  0.263994  0.0757602  -0.0458757  0.0757602  0.159147
0.305183  -0.116815  -0.0458767  -0.116815  0.263982  0.0757531  -0.0458767  0.0757531  0.159142
0.305176  -0.116717  -0.0457387  -0.116717  0.263785  0.0755982  -0.0457387  0.0755982  0.159097
0.305181  -0.116714  -0.0457241  -0.116714  0.263764  0.0755802  -0.0457241  0.0755802  0.159089
0.305176  -0.116647  -0.045561  -0.116647  0.2636  0.0754261  -0.045561  0.0754261  0.159039
0.30517  -0.116563  -0.0454691  -0.116563  0.263441  0.0753115  -0.0454691  0.0753115  0.159008
0.305179  -0.116566  -0.0454701  -0.116566  0.263429  0.0753044  -0.0454701  0.0753044  0.159003
0.305174  -0.116486  -0.0453277  -0.116486  0.263253  0.075156  -0.0453277  0.075156  0.158958
0.30518  -0.116483  -0.0453131  -0.116483  0.263233  0.075138  -0.0453131  0.075138  0.15895
0.305175  -0.116404  -0.0451708  -0.116404  0.263057  0.0749899  -0.0451708  0.0749899  0.158905
0.305172  -0.116325  -0.0450948  -0.116325  0.262907  0.0748868  -0.0450948  0.0748868  0.158877
0.305169  -0.116319  -0.0450792  -0.116319  0.262899  0.074876  -0.0450792  0.074876  0.158874
0.305164  -0.116239  -0.0449372  -0.116239  0.262724  0.0747284  -0.0449372  0.0747284  0.158829
0.305164  -0.116239  -0.0449372  -0.116239  0.262724  0.0747284  -0.0449372  0.0747284  0.158829
0.305157  -0.116129  -0.0448205  -0.116129  0.262516  0.0745806  -0.0448205  0.0745806  0.158789
0.305157  -0.116056  -0.0447602  -0.116056  0.262375  0.0744887  -0.0447602  0.0744887  0.158764
0.305154  -0.11605  -0.0447447  -0.11605  0.262367  0.074478  -0.0447447  0.074478  0.158761
0.305144  -0.115973  -0.0446176  -0.115973  0.262213  0.0743489  -0.0446176  0.0743489  0.158725
0.30514  -0.115967  -0.0446021  -0.115967  0.262205  0.0743382  -0.0446021  0.0743382  0.158722
0.305124  -0.115854  -0.0444848  -0.115854  0.26201  0.0741983  -0.0444848  0.0741983  0.158687
0.305112  -0.115785  -0.0443881  -0.115785  0.261886  0.0740982  -0.0443881  0.0740982  0.158661
0.305105  -0.115761  -0.0443774  -0.115761  0.261857  0.0740819  -0.0443774  0.0740819  0.158659
0.305092  -0.115666  -0.0442556  -0.115666  0.261683  0.073948  -0.0442556  0.073948  0.158623
0.305098  -0.115664  -0.0442411  -0.115664  0.261663  0.0739303  -0.0442411  0.0739303  0.158616
0.305076  -0.115553  -0.0441388  -0.115553  0.261489  0.0738089  -0.0441388  0.0738089  0.158589
0.305067  -0.115502  -0.0440374  -0.115502  0.261386  0.0737148  -0.0440374  0.0737148  0.158563
0.305073  -0.115487  -0.0440432  -0.115487  0.261353  0.0737022  -0.0440432  0.0737022  0.158559
0.305051  -0.115389  -0.0439208  -0.115389  0.261193  0.0735761  -0.0439208  0.0735761  0.158529
0.30506  -0.115392  -0.0439217  -0.115392  0.26118  0.073569  -0.0439217  0.073569  0.158524
0.305035  -0.115276  -0.0438044  -0.115276  0.261  0.0734377  -0.0438044  0.0734377  0.158495
0.305029  -0.115231  -0.0437187  -0.115231  0.260905  0.0733547  -0.0437187  0.0733547  0.158472
0.305023  -0.115207  -0.0437082  -0.115207  0.260876  0.0733387  -0.0437082  0.0733387  0.15847
0.305005  -0.115115  -0.0436016  -0.115115  0.260725  0.0732238  -0.0436016  0.0732238  0.158443
0.305014  -0.115118  -0.0436025  -0.115118  0.260713  0.0732167  -0.0436025  0.0732167  0.158439
0.304992  -0.11502  -0.0434807  -0.11502  0.260553  0.0730915  -0.0434807  0.0730915  0.158409
0.304972  -0.114936  -0.0434042  -0.114936  0.26043  0.0730051  -0.0434042  0.0730051  0.158392
0.304968  -0.11493  -0.0433889  -0.11493  0.260422  0.0729946  -0.0433889  0.0729946  0.15839
0.30495  -0.114838  -0.0432827  -0.114838  0.260271  0.0728803  -0.0432827  0.0728803  0.158363
0.304953  -0.114818  -0.043273  -0.114818  0.26023  0.0728573  -0.043273  0.0728573  0.158357
0.304923  -0.114717  -0.0431509  -0.114717  0.260084  0.0727399  -0.0431509  0.0727399  0.158333
0.304911  -0.114649  -0.0430553  -0.114649  0.259962  0.0726419  -0.0430553  0.0726419  0.158309
0.304908  -0.114631  -0.0430602  -0.114631  0.259941  0.0726365  -0.0430602  0.0726365  0.15831
0.304887  -0.114534  -0.0429391  -0.114534  0.259783  0.0725124  -0.0429391  0.0725124  0.158282
0.304887  -0.114534  -0.0429391  -0.114534  0.259783  0.0725124  -0.0429391  0.0725124  0.158282
0.304866  -0.114436  -0.0428182  -0.114436  0.259625  0.0723886  -0.0428182  0.0723886  0.158254
0.304846  -0.114353  -0.0427423  -0.114353  0.259503  0.0723031  -0.0427423  0.0723031  0.158237
0.304842  -0.114347  -0.0427271  -0.114347  0.259495  0.0722928  -0.0427271  0.0722928  0.158235
0.304819  -0.114258  -0.0426361  -0.114258  0.259366  0.0721971  -0.0426361  0.0721971  0.158217
0.304816  -0.114253  -0.0426209  -0.114253  0.259358  0.0721868  -0.0426209  0.0721868  0.158214
0.304793  -0.114164  -0.04253  -0.114164  0.259228  0.0720913  -0.04253  0.0720913  0.158196
0.304799  -0.114161  -0.0425155  -0.114161  0.259208  0.0720739  -0.0425155  0.0720739  0.158189
0.304772  -0.114067  -0.0424096  -0.114067  0.259071  0.0719683  -0.0424096  0.0719683  0.158169
0.30475  -0.114016  -0.0423236  -0.114016  0.259003  0.0719012  -0.0423236  0.0719012  0.158157
0.30475  -0.114016  -0.0423236  -0.114016  0.259003  0.0719012  -0.0423236  0.0719012  0.158157
0.304724  -0.113922  -0.0422179  -0.113922  0.258866  0.0717959  -0.0422179  0.0717959  0.158137
0.304724  -0.113922  -0.0422179  -0.113922  0.258866  0.0717959  -0.0422179  0.0717959  0.158137
0.304701  -0.113846  -0.0421074  -0.113846  0.25875  0.0716961  -0.0421074  0.0716961  0.158116
0.304688  -0.113798  -0.0420224  -0.113798  0.25867  0.0716223  -0.0420224  0.0716223  0.1581
0.304682  -0.113775  -0.0420122  -0.113775  0.258642  0.0716068  -0.0420122  0.0716068  0.158098
0.304654  -0.113701  -0.0419164  -0.113701  0.258546  0.0715246  -0.0419164  0.0715246  0.158085
0.304651  -0.113696  -0.0419013  -0.113696  0.258538  0.0715144  -0.0419013  0.0715144  0.158083
0.30462  -0.113617  -0.0417905  -0.113617  0.258434  0.0714221  -0.0417905  0.0714221  0.158067
0.304595  -0.113549  -0.04171  -0.113549  0.258346  0.0713504  -0.04171  0.0713504  0.158056
0.304595  -0.113549  -0.04171  -0.113549  0.258346  0.0713504  -0.04171  0.0713504  0.158056
0.304561  -0.113465  -0.0415845  -0.113465  0.258235  0.0712483  -0.0415845  0.0712483  0.158039
0.304561  -0.113465  -0.0415845  -0.113465  0.258235  0.0712483  -0.0415845  0.0712483  0.158039
0.304527  -0.113381  -0.0414591  -0.113381  0.258124  0.0711465  -0.0414591  0.0711465  0.158022
0.304527  -0.113381  -0.0414591  -0.113381  0.258124  0.0711465  -0.0414591  0.0711465  0.158022
0.304488  -0.113299  -0.0413483  -0.113299  0.258033  0.0710619  -0.0413483  0.0710619  0.158012
0.304473  -0.113272  -0.0412733  -0.113272  0.257993  0.0710114  -0.0412733  0.0710114  0.158002
0.30447  -0.113267  -0.0412584  -0.113267  0.257985  0.0710013  -0.0412584  0.0710013  0.158001
0.304434  -0.113191  -0.0411627  -0.113191  0.257902  0.0709271  -0.0411627  0.0709271  0.157993
0.304431  -0.113186  -0.0411478  -0.113186  0.257894  0.070917  -0.0411478  0.070917  0.157991
0.304385  -0.113102  -0.0410367  -0.113102  0.257816  0.07084  -0.0410367  0.07084  0.157986
0.304358  -0.113055  -0.0409663  -0.113055  0.257769  0.0707914  -0.0409663  0.0707914  0.157981
0.304355  -0.113049  -0.0409514  -0.113049  0.257761  0.0707814  -0.0409514  0.0707814  0.157979
0.30432  -0.112974  -0.0408562  -0.112974  0.257679  0.0707076  -0.0408562  0.0707076  0.157972
0.304317  -0.112968  -0.0408412  -0.112968  0.257671  0.0706976  -0.0408412  0.0706976  0.15797
0.304274  -0.112902  -0.0407257  -0.112902  0.257613  0.0706262  -0.0407257  0.0706262  0.157965
0.304245  -0.112838  -0.0406605  -0.112838  0.257546  0.0705727  -0.0406605  0.0705727  0.157962
0.304245  -0.112838  -0.0406605  -0.112838  0.257546  0.0705727  -0.0406605  0.0705727  0.157962
0.304202  -0.112772  -0.0405452  -0.112772  0.257488  0.0705015  -0.0405452  0.0705015  0.157957
0.304202  -0.112772  -0.0405452  -0.112772  0.257488  0.0705015  -0.0405452  0.0705015  0.157957
0.30416  -0.112694  -0.0404499  -0.112694  0.257418  0.0704353  -0.0404499  0.0704353  0.157955
0.304126  -0.112632  -0.0403992  -0.112632  0.257372  0.0703991  -0.0403992  0.0703991  0.157958
0.304126  -0.112632  -0.0403992  -0.112632  0.257372  0.0703991  -0.0403992  0.0703991  0.157958
0.304084  -0.112554  -0.0403041  -0.112554  0.257302  0.070333  -0.0403041  0.070333  0.157956
0.304076  -0.112551  -0.0403035  -0.112551  0.257314  0.0703401  -0.0403035  0.0703401  0.15796
0.304034  -0.112474  -0.0402085  -0.112474  0.257245  0.0702742  -0.0402085  0.0702742  0.157959
0.303998  -0.112419  -0.0401235  -0.112419  0.257203  0.0702235  -0.0401235  0.0702235  0.157958
0.303998  -0.112419  -0.0401235  -0.112419  0.257203  0.0702235  -0.0401235  0.0702235  0.157958
0.303954  -0.112336  -0.040014  -0.112336  0.257126  0.0701479  -0.040014  0.0701479  0.157955
0.303951  -0.112319  -0.0400189  -0.112319  0.257106  0.0701427  -0.0400189  0.0701427  0.157955
0.303912  -0.112247  -0.039939  -0.112247  0.257045  0.070087  -0.039939  0.070087  0.157956
0.303874  -0.112175  -0.0398593  -0.112175  0.256983  0.0700315  -0.0398593  0.0700315  0.157956
0.303874  -0.112175  -0.0398593  -0.112175  0.256983  0.0700315  -0.0398593  0.0700315  0.157956
0.303825  -0.112095  -0.0397643  -0.112095  0.256927  0.0699731  -0.0397643  0.0699731  0.157959
0.303819  -0.112072  -0.0397545  -0.112072  0.256899  0.0699581  -0.0397545  0.0699581  0.157958
0.303778  -0.111995  -0.0396603  -0.111995  0.256831  0.0698929  -0.0396603  0.0698929  0.157957
0.303771  -0.111992  -0.0396598  -0.111992  0.256843  0.0699  -0.0396598  0.0699  0.157962
0.303725  -0.111893  -0.0395559  -0.111893  0.256747  0.0698199  -0.0395559  0.0698199  0.15796
0.30369  -0.111827  -0.0394913  -0.111827  0.256694  0.0697746  -0.0394913  0.0697746  0.157962
0.30369  -0.111827  -0.0394913  -0.111827  0.256694  0.0697746  -0.0394913  0.0697746  0.157962
0.303636  -0.111725  -0.0393872  -0.111725  0.25661  0.0697019  -0.0393872  0.0697019  0.157965
0.303599  -0.111653  -0.0393081  -0.111653  0.25655  0.0696469  -0.0393081  0.0696469  0.157967
0.303596  -0.111648  -0.0392935  -0.111648  0.256542  0.0696372  -0.0392935  0.0696372  0.157965
0.303554  -0.111554  -0.0392048  -0.111554  0.256454  0.0695675  -0.0392048  0.0695675  0.157965
0.303548  -0.111532  -0.0391952  -0.111532  0.256427  0.0695526  -0.0391952  0.0695526  0.157964
0.303503  -0.111433  -0.0390921  -0.111433  0.256332  0.0694733  -0.0390921  0.0694733  0.157964
0.303503  -0.111433  -0.0390921  -0.111433  0.256332  0.0694733  -0.0390921  0.0694733  0.157964
0.303451  -0.111332  -0.0389886  -0.111332  0.25625  0.0694012  -0.0389886  0.0694012  0.157967
0.303425  -0.111269  -0.0389251  -0.111269  0.256185  0.0693495  -0.0389251  0.0693495  0.157966
0.303422  -0.111263  -0.0389106  -0.111263  0.256177  0.0693398  -0.0389106  0.0693398  0.157965
0.303378  -0.111165  -0.0388079  -0.111165  0.256083  0.069261  -0.0388079  0.069261  0.157964
0.303378  -0.111165  -0.0388079  -0.111165  0.256083  0.069261  -0.0388079  0.069261  0.157964
0.303334  -0.111067  -0.0387055  -0.111067  0.255989  0.0691823  -0.0387055  0.0691823  0.157964
0.303298  -0.110984  -0.0386467  -0.110984  0.255917  0.0691328  -0.0386467  0.0691328  0.157968
0.303298  -0.110984  -0.0386467  -0.110984  0.255917  0.0691328  -0.0386467  0.0691328  0.157968
0.303257  -0.110891  -0.038559  -0.110891  0.255831  0.0690641  -0.038559  0.0690641  0.157969
0.303254  -0.110874  -0.0385639  -0.110874  0.255812  0.069059  -0.0385639  0.069059  0.15797
0.303201  -0.110756  -0.0384663  -0.110756  0.255711  0.0689828  -0.0384663  0.0689828  0.157975
0.303201  -0.110756  -0.0384663  -0.110756  0.255711  0.0689828  -0.0384663  0.0689828  0.157975
0.303161  -0.110652  -0.0383983  -0.110652  0.255613  0.0689189  -0.0383983  0.0689189  0.157978
0.303128  -0.110587  -0.038335  -0.110587  0.255561  0.0688748  -0.038335  0.0688748  0.157982
0.303125  -0.11057  -0.0383399  -0.11057  0.255542  0.0688697  -0.0383399  0.0688697  0.157983
0.303078  -0.110475  -0.0382522  -0.110475  0.255468  0.0688085  -0.0382522  0.0688085  0.157989
0.303078  -0.110475  -0.0382522  -0.110475  0.255468  0.0688085  -0.0382522  0.0688085  0.157989
0.303038  -0.11037  -0.0381845  -0.11037  0.255371  0.0687449  -0.0381845  0.0687449  0.157993
0.303013  -0.110308  -0.0381218  -0.110308  0.255308  0.0686941  -0.0381218  0.0686941  0.157992
0.303003  -0.110301  -0.038107  -0.110301  0.255312  0.0686915  -0.038107  0.0686915  0.157996
0.302971  -0.110211  -0.0380206  -0.110211  0.255215  0.0686167  -0.0380206  0.0686167  0.157993
0.302964  -0.110209  -0.0380201  -0.110209  0.255227  0.0686237  -0.0380201  0.0686237  0.157998
0.302932  -0.110107  -0.0379531  -0.110107  0.255118  0.0685535  -0.0379531  0.0685535  0.157997
0.302932  -0.110107  -0.0379531  -0.110107  0.255118  0.0685535  -0.0379531  0.0685535  0.157997
0.302905  -0.110041  -0.0378764  -0.110041  0.255048  0.0684934  -0.0378764  0.0684934  0.157996
0.302883  -0.109972  -0.0378477  -0.109972  0.254981  0.0684568  -0.0378477  0.0684568  0.157999
0.30288  -0.109967  -0.0378333  -0.109967  0.254973  0.0684474  -0.0378333  0.0684474  0.157998
0.302856  -0.109905  -0.0377711  -0.109905  0.25491  0.0683969  -0.0377711  0.0683969  0.157998
0.302837  -0.109853  -0.0377375  -0.109853  0.254862  0.0683655  -0.0377375  0.0683655  0.158
0.302837  -0.109853  -0.0377375  -0.109853  0.254862  0.0683655  -0.0377375  0.0683655  0.158
0.302817  -0.109777  -0.0376807  -0.109777  0.254768  0.0683032  -0.0376807  0.0683032  0.157996
0.302817  -0.109777  -0.0376807  -0.109777  0.254768  0.0683032  -0.0376807  0.0683032  0.157996
0.302795  -0.109732  -0.0376136  -0.109732  0.254725  0.0682579  -0.0376136  0.0682579  0.157995
0.302783  -0.109683  -0.0375806  -0.109683  0.254665  0.0682196  -0.0375806  0.0682196  0.157993
0.302783  -0.109683  -0.0375806  -0.109683  0.254665  0.0682196  -0.0375806  0.0682196  0.157993
0.302771  -0.109646  -0.0375284  -0.109646  0.254616  0.0681769  -0.0375284  0.0681769  0.157989
0.302764  -0.109619  -0.0375047  -0.109619  0.254583  0.0681531  -0.0375047  0.0681531  0.157988
0.302762  -0.109614  -0.0374904  -0.109614  0.254575  0.0681436  -0.0374904  0.0681436  0.157987
0.30275  -0.109565  -0.0374575  -0.109565  0.254515  0.0681054  -0.0374575  0.0681054  0.157985
0.30275  -0.109565  -0.0374575  -0.109565  0.254515  0.0681054  -0.0374575  0.0681054  0.157985
0.30274  -0.109533  -0.0374196  -0.109533  0.254475  0.0680722  -0.0374196  0.0680722  0.157982
0.30273  -0.109501  -0.0373817  -0.109501  0.254434  0.068039  -0.0373817  0.068039  0.15798
0.30273  -0.109501  -0.0373817  -0.109501  0.254434  0.068039  -0.0373817  0.068039  0.15798
0.302723  -0.109474  -0.0373581  -0.109474  0.2544  0.0680153  -0.0373581  0.0680153  0.157978
0.302721  -0.109469  -0.0373439  -0.109469  0.254393  0.0680059  -0.0373439  0.0680059  0.157977
0.302714  -0.109442  -0.0373203  -0.109442  0.254359  0.0679821  -0.0373203  0.0679821  0.157975
0.302711  -0.109437  -0.037306  -0.109437  0.254352  0.0679727  -0.037306  0.0679727  0.157975
0.302704  -0.10941  -0.0372825  -0.10941  0.254318  0.067949  -0.0372825  0.067949  0.157973
0.302706  -0.109391  -0.0372736  -0.109391  0.25428  0.0679277  -0.0372736  0.0679277  0.157968
0.302704  -0.109386  -0.0372594  -0.109386  0.254273  0.0679183  -0.0372594  0.0679183  0.157967
0.302697  -0.109359  -0.0372358  -0.109359  0.254239  0.0678946  -0.0372358  0.0678946  0.157965
0.302692  -0.109337  -0.0372265  -0.109337  0.254213  0.0678803  -0.0372265  0.0678803  0.157965
0.302692  -0.109337  -0.0372265  -0.109337  0.254213  0.0678803  -0.0372265  0.0678803  0.157965
0.302687  -0.109327  -0.037198  -0.109327  0.254199  0.0678616  -0.037198  0.0678616  0.157963
0.302687  -0.109327  -0.037198  -0.109327  0.254199  0.0678616  -0.037198  0.0678616  0.157963
0.302683  -0.109305  -0.0371888  -0.109305  0.254172  0.0678472  -0.0371888  0.0678472  0.157963
0.302683  -0.109305  -0.0371888  -0.109305  0.254172  0.0678472  -0.0371888  0.0678472  0.157963
0.302678  -0.109295  -0.0371603  -0.109295  0.254158  0.0678285  -0.0371603  0.0678285  0.157961
0.302675  -0.10929  -0.037146  -0.10929  0.254151  0.0678192  -0.037146  0.0678192  0.15796
0.302675  -0.10929  -0.037146  -0.10929  0.254151  0.0678192  -0.037146  0.0678192  0.15796
0.302671  -0.109268  -0.0371368  -0.109268  0.254124  0.0678049  -0.0371368  0.0678049  0.157959
0.302671  -0.109268  -0.0371368  -0.109268  0.254124  0.0678049  -0.0371368  0.0678049  0.157959
0.302675  -0.109265  -0.037123  -0.109265  0.254105  0.0677886  -0.037123  0.0677886  0.157954
0.302675  -0.109265  -0.037123  -0.109265  0.254105  0.0677886  -0.037123  0.0677886  0.157954
0.302675  -0.109265  -0.037123  -0.109265  0.254105  0.0677886  -0.037123  0.0677886  0.157954
0.30268  -0.109263  -0.0371091  -0.109263  0.254086  0.0677722  -0.0371091  0.0677722  0.157948
0.30268  -0.109263  -0.0371091  -0.109263  0.254086  0.0677722  -0.0371091  0.0677722  0.157948
0.30268  -0.109263  -0.0371091  -0.109263  0.254086  0.0677722  -0.0371091  0.0677722  0.157948
0.302685  -0.109248  -0.0371145  -0.109248  0.254055  0.0677603  -0.0371145  0.0677603  0.157944
0.302685  -0.109248  -0.0371145  -0.109248  0.254055  0.0677603  -0.0371145  0.0677603  0.157944
0.302687  -0.109265  -0.0371095  -0.109265  0.254074  0.0677653  -0.0371095  0.0677653  0.157944
0.302687  -0.109265  -0.0371095  -0.109265  0.254074  0.0677653  -0.0371095  0.0677653  0.157944
0.302694  -0.109268  -0.03711  -0.109268  0.254062  0.0677583  -0.03711  0.0677583  0.157939
0.302694  -0.109268  -0.03711  -0.109268  0.254062  0.0677583  -0.03711  0.0677583  0.157939
0.302701  -0.10927  -0.0371104  -0.10927  0.25405  0.0677514  -0.0371104  0.0677514  0.157935
0.302708  -0.109273  -0.0371108  -0.109273  0.254038  0.0677444  -0.0371108  0.0677444  0.15793
0.302708  -0.109273  -0.0371108  -0.109273  0.254038  0.0677444  -0.0371108  0.0677444  0.15793
0.302711  -0.109278  -0.037125  -0.109278  0.254045  0.0677538  -0.037125  0.0677538  0.157931
0.302711  -0.109278  -0.037125  -0.109278  0.254045  0.0677538  -0.037125  0.0677538  0.157931
0.302718  -0.10928  -0.0371254  -0.10928  0.254033  0.0677468  -0.0371254  0.0677468  0.157926
0.302718  -0.10928  -0.0371254  -0.10928  0.254033  0.0677468  -0.0371254  0.0677468  0.157926
0.302718  -0.10928  -0.0371254  -0.10928  0.254033  0.0677468  -0.0371254  0.0677468  0.157926
0.302718  -0.10928  -0.0371254  -0.10928  0.254033  0.0677468  -0.0371254  0.0677468  0.157926
0.302718  -0.10928  -0.0371254  -0.10928  0.254033  0.0677468  -0.0371254  0.0677468  0.157926
0.302718  -0.10928  -0.0371254  -0.10928  0.254033  0.0677468  -0.0371254  0.0677468  0.157926
0.30272  -0.109285  -0.0371397  -0.109285  0.25404  0.0677562  -0.0371397  0.0677562  0.157927
0.30272  -0.109285  -0.0371397  -0.109285  0.25404  0.0677562  -0.0371397  0.0677562  0.157927
0.30272  -0.109285  -0.0371397  -0.109285  0.25404  0.0677562  -0.0371397  0.0677562  0.157927
0.30272  -0.109285  -0.0371397  -0.109285  0.25404  0.0677562  -0.0371397  0.0677562  0.157927
0.30272  -0.109285  -0.0371397  -0.109285  0.25404  0.0677562  -0.0371397  0.0677562  0.157927
0.30272  -0.109273  -0.0371589  -0.109273  0.254028  0.0677606  -0.0371589  0.0677606  0.157929
0.30272  -0.109273  -0.0371589  -0.109273  0.254028  0.0677606  -0.0371589  0.0677606  0.157929
0.30272  -0.109273  -0.0371589  -0.109273  0.254028  0.0677606  -0.0371589  0.0677606  0.157929
0.30272  -0.109273  -0.0371589  -0.109273  0.254028  0.0677606  -0.0371589  0.0677606  0.157929
0.30272  -0.109273  -0.0371589  -0.109273  0.254028  0.0677606  -0.0371589  0.0677606  0.157929
0.302715  -0.109276  -0.0371727  -0.109276  0.254048  0.0677769  -0.0371727  0.0677769  0.157934
0.302718  -0.109293  -0.0371677  -0.109293  0.254067  0.0677818  -0.0371677  0.0677818  0.157934
0.302718  -0.109293  -0.0371677  -0.109293  0.254067  0.0677818  -0.0371677  0.0677818  0.157934
0.302718  -0.109293  -0.0371677  -0.109293  0.254067  0.0677818  -0.0371677  0.0677818  0.157934
0.302718  -0.109293  -0.0371677  -0.109293  0.254067  0.0677818  -0.0371677  0.0677818  0.157934
0.30272  -0.109298  -0.037182  -0.109298  0.254074  0.0677912  -0.037182  0.0677912  0.157935
0.30272  -0.109298  -0.037182  -0.109298  0.254074  0.0677912  -0.037182  0.0677912  0.157935
0.30272  -0.109298  -0.037182  -0.109298  0.254074  0.0677912  -0.037182  0.0677912  0.157935
0.30273  -0.109305  -0.0371967  -0.109305  0.254069  0.0677936  -0.0371967  0.0677936  0.157931
0.30273  -0.109305  -0.0371967  -0.109305  0.254069  0.0677936  -0.0371967  0.0677936  0.157931
0.302732  -0.109322  -0.0371917  -0.109322  0.254088  0.0677986  -0.0371917  0.0677986  0.157931
0.302732  -0.109322  -0.0371917  -0.109322  0.254088  0.0677986  -0.0371917  0.0677986  0.157931
0.302732  -0.109322  -0.0371917  -0.109322  0.254088  0.0677986  -0.0371917  0.0677986  0.157931
0.302737  -0.109344  -0.037201  -0.109344  0.254114  0.0678129  -0.037201  0.0678129  0.157931
0.302737  -0.109344  -0.037201  -0.109344  0.254114  0.0678129  -0.037201  0.0678129  0.157931
0.302737  -0.109344  -0.037201  -0.109344  0.254114  0.0678129  -0.037201  0.0678129  0.157931
0.302737  -0.109344  -0.037201  -0.109344  0.254114  0.0678129  -0.037201  0.0678129  0.157931
0.302744  -0.109346  -0.0372014  -0.109346  0.254102  0.0678059  -0.0372014  0.0678059  0.157927
0.302744  -0.109346  -0.0372014  -0.109346  0.254102  0.0678059  -0.0372014  0.0678059  0.157927
0.302746  -0.109351  -0.0372156  -0.109351  0.254109  0.0678153  -0.0372156  0.0678153  0.157928
0.302749  -0.109368  -0.0372107  -0.109368  0.254128  0.0678202  -0.0372107  0.0678202  0.157927
0.302749  -0.109368  -0.0372107  -0.109368  0.254128  0.0678202  -0.0372107  0.0678202  0.157927
0.302749  -0.109368  -0.0372107  -0.109368  0.254128  0.0678202  -0.0372107  0.0678202  0.157927
0.302749  -0.109368  -0.0372107  -0.109368  0.254128  0.0678202  -0.0372107  0.0678202  0.157927
0.302749  -0.109356  -0.0372299  -0.109356  0.254117  0.0678247  -0.0372299  0.0678247  0.157929
0.302742  -0.109354  -0.0372295  -0.109354  0.254129  0.0678316  -0.0372295  0.0678316  0.157933
0.302742  -0.109354  -0.0372295  -0.109354  0.254129  0.0678316  -0.0372295  0.0678316  0.157933
0.302742  -0.109354  -0.0372295  -0.109354  0.254129  0.0678316  -0.0372295  0.0678316  0.157933
0.302742  -0.109354  -0.0372295  -0.109354  0.254129  0.0678316  -0.0372295  0.0678316  0.157933
0.302744  -0.109371  -0.0372245  -0.109371  0.254148  0.0678366  -0.0372245  0.0678366  0.157933
0.302744  -0.109371  -0.0372245  -0.109371  0.254148  0.0678366  -0.0372245  0.0678366  0.157933
0.302739  -0.109373  -0.0372384  -0.109373  0.254167  0.0678529  -0.0372384  0.0678529  0.157938
0.302739  -0.109373  -0.0372384  -0.109373  0.254167  0.0678529  -0.0372384  0.0678529  0.157938
0.302739  -0.109373  -0.0372384  -0.109373  0.254167  0.0678529  -0.0372384  0.0678529  0.157938
0.302739  -0.109373  -0.0372384  -0.109373  0.254167  0.0678529  -0.0372384  0.0678529  0.157938
0.302739  -0.109373  -0.0372384  -0.109373  0.254167  0.0678529  -0.0372384  0.0678529  0.157938
0.302739  -0.109373  -0.0372384  -0.109373  0.254167  0.0678529  -0.0372384  0.0678529  0.157938
0.302739  -0.109373  -0.0372384  -0.109373  0.254167  0.0678529  -0.0372384  0.0678529  0.157938
0.302732  -0.109371  -0.0372379  -0.109371  0.254179  0.0678598  -0.0372379  0.0678598  0.157943
0.302732  -0.109371  -0.0372379  -0.109371  0.254179  0.0678598  -0.0372379  0.0678598  0.157943
0.302732  -0.109371  -0.0372379  -0.109371  0.254179  0.0678598  -0.0372379  0.0678598  0.157943
0.302732  -0.109371  -0.0372379  -0.109371  0.254179  0.0678598  -0.0372379  0.0678598  0.157943
0.302732  -0.109371  -0.0372379  -0.109371  0.254179  0.0678598  -0.0372379  0.0678598  0.157943
0.302734  -0.109388  -0.037233  -0.109388  0.254198  0.0678648  -0.037233  0.0678648  0.157942
0.302734  -0.109388  -0.037233  -0.109388  0.254198  0.0678648  -0.037233  0.0678648  0.157942
0.302734  -0.109388  -0.037233  -0.109388  0.254198  0.0678648  -0.037233  0.0678648  0.157942
0.302734  -0.1094  -0.0372138  -0.1094  0.254209  0.0678604  -0.0372138  0.0678604  0.157941
0.302734  -0.1094  -0.0372138  -0.1094  0.254209  0.0678604  -0.0372138  0.0678604  0.157941
0.302737  -0.109405  -0.037228  -0.109405  0.254217  0.0678697  -0.037228  0.0678697  0.157942
0.302739  -0.109422  -0.037223  -0.109422  0.254236  0.0678747  -0.037223  0.0678747  0.157941
0.302739  -0.109422  -0.037223  -0.109422  0.254236  0.0678747  -0.037223  0.0678747  0.157941
0.302741  -0.109439  -0.0372181  -0.109439  0.254255  0.0678796  -0.0372181  0.0678796  0.157941
0.302741  -0.109439  -0.0372181  -0.109439  0.254255  0.0678796  -0.0372181  0.0678796  0.157941
0.302744  -0.109456  -0.0372131  -0.109456  0.254273  0.0678846  -0.0372131  0.0678846  0.157941
0.302746  -0.109473  -0.0372081  -0.109473  0.254292  0.0678895  -0.0372081  0.0678895  0.15794
0.302746  -0.109473  -0.0372081  -0.109473  0.254292  0.0678895  -0.0372081  0.0678895  0.15794
0.302748  -0.10949  -0.0372032  -0.10949  0.254311  0.0678945  -0.0372032  0.0678945  0.15794
0.302748  -0.10949  -0.0372032  -0.10949  0.254311  0.0678945  -0.0372032  0.0678945  0.15794
0.302751  -0.109507  -0.0371982  -0.109507  0.25433  0.0678994  -0.0371982  0.0678994  0.157939
0.302751  -0.109507  -0.0371982  -0.109507  0.25433  0.0678994  -0.0371982  0.0678994  0.157939
0.302755  -0.109541  -0.0371883  -0.109541  0.254368  0.0679093  -0.0371883  0.0679093  0.157938
0.302753  -0.109536  -0.037174  -0.109536  0.254361  0.0679  -0.037174  0.0679  0.157937
0.302753  -0.109536  -0.037174  -0.109536  0.254361  0.0679  -0.037174  0.0679  0.157937
0.302758  -0.10957  -0.0371641  -0.10957  0.254399  0.0679098  -0.0371641  0.0679098  0.157937
0.30276  -0.109587  -0.0371591  -0.109587  0.254417  0.0679148  -0.0371591  0.0679148  0.157936
0.30276  -0.109587  -0.0371591  -0.109587  0.254417  0.0679148  -0.0371591  0.0679148  0.157936
0.302764  -0.109621  -0.0371492  -0.109621  0.254455  0.0679247  -0.0371492  0.0679247  0.157935
0.302764  -0.109621  -0.0371492  -0.109621  0.254455  0.0679247  -0.0371492  0.0679247  0.157935
0.302767  -0.10965  -0.037125  -0.10965  0.254486  0.0679252  -0.037125  0.0679252  0.157934
0.302769  -0.109668  -0.03712  -0.109668  0.254505  0.0679301  -0.03712  0.0679301  0.157933
0.302769  -0.109668  -0.03712  -0.109668  0.254505  0.0679301  -0.03712  0.0679301  0.157933
0.302771  -0.109685  -0.037115  -0.109685  0.254524  0.0679351  -0.037115  0.0679351  0.157933
0.302774  -0.109702  -0.03711  -0.109702  0.254543  0.06794  -0.03711  0.06794  0.157932
0.302774  -0.109714  -0.0370908  -0.109714  0.254555  0.0679356  -0.0370908  0.0679356  0.157931
0.302776  -0.109731  -0.0370858  -0.109731  0.254574  0.0679405  -0.0370858  0.0679405  0.15793
0.302778  -0.109748  -0.0370808  -0.109748  0.254593  0.0679455  -0.0370808  0.0679455  0.15793
0.302778  -0.10976  -0.0370616  -0.10976  0.254604  0.067941  -0.0370616  0.067941  0.157929
0.30278  -0.109777  -0.0370566  -0.109777  0.254623  0.067946  -0.0370566  0.067946  0.157928
0.30278  -0.109789  -0.0370374  -0.109789  0.254635  0.0679415  -0.0370374  0.0679415  0.157927
0.302778  -0.109784  -0.0370231  -0.109784  0.254628  0.0679321  -0.0370231  0.0679321  0.157926
0.30278  -0.109813  -0.0369989  -0.109813  0.254658  0.0679326  -0.0369989  0.0679326  0.157924
0.302782  -0.109842  -0.0369747  -0.109842  0.254689  0.0679331  -0.0369747  0.0679331  0.157923
0.302782  -0.109842  -0.0369747  -0.109842  0.254689  0.0679331  -0.0369747  0.0679331  0.157923
0.30278  -0.109849  -0.0369412  -0.109849  0.254693  0.0679192  -0.0369412  0.0679192  0.15792
0.302775  -0.109864  -0.0369358  -0.109864  0.254725  0.0679311  -0.0369358  0.0679311  0.157924
0.302775  -0.109888  -0.0368973  -0.109888  0.254748  0.0679222  -0.0368973  0.0679222  0.157922
0.302775  -0.109888  -0.0368973  -0.109888  0.254748  0.0679222  -0.0368973  0.0679222  0.157922
0.302772  -0.109895  -0.0368638  -0.109895  0.254752  0.0679084  -0.0368638  0.0679084  0.15792
0.302772  -0.109919  -0.0368253  -0.109919  0.254776  0.0678995  -0.0368253  0.0678995  0.157917
0.302765  -0.109917  -0.0368249  -0.109917  0.254788  0.0679064  -0.0368249  0.0679064  0.157922
0.30276  -0.109919  -0.0367772  -0.109919  0.254785  0.0678832  -0.0367772  0.0678832  0.157919
0.302762  -0.109936  -0.0367722  -0.109936  0.254804  0.0678881  -0.0367722  0.0678881  0.157918
0.302757  -0.109938  -0.0367245  -0.109938  0.254801  0.0678649  -0.0367245  0.0678649  0.157915
0.302747  -0.109943  -0.0366907  -0.109943  0.254818  0.0678581  -0.0366907  0.0678581  0.157918
0.302747  -0.109943  -0.0366907  -0.109943  0.254818  0.0678581  -0.0366907  0.0678581  0.157918
0.302742  -0.109957  -0.0366238  -0.109957  0.254827  0.0678304  -0.0366238  0.0678304  0.157913
0.30274  -0.109952  -0.0366096  -0.109952  0.254819  0.067821  -0.0366096  0.067821  0.157913
0.302726  -0.109946  -0.0365473  -0.109946  0.254821  0.0677955  -0.0365473  0.0677955  0.157913
