0.29654  -0.0989895  -0.0498183  -0.0989895  0.261657  0.0789334  -0.0498183  0.0789334  0.165399
0.29654  -0.0990046  -0.0498139  -0.0990046  0.261674  0.0789397  -0.0498139  0.0789397  0.165397
0.29653  -0.0990346  -0.0498917  -0.0990346  0.261773  0.0790267  -0.0498917  0.0790267  0.165432
0.29653  -0.0990385  -0.0499061  -0.0990385  0.261781  0.0790368  -0.0499061  0.0790368  0.165435
0.296518  -0.0991528  -0.0500041  -0.0991528  0.261997  0.0791927  -0.0500041  0.0791927  0.165479
0.296518  -0.0991679  -0.0499998  -0.0991679  0.262013  0.079199  -0.0499998  0.079199  0.165478
0.29652  -0.0993178  -0.0501412  -0.0993178  0.262234  0.0793723  -0.0501412  0.0793723  0.165518
0.29652  -0.0993178  -0.0501412  -0.0993178  0.262234  0.0793723  -0.0501412  0.0793723  0.165518
0.296522  -0.0994607  -0.0503163  -0.0994607  0.262455  0.0795602  -0.0503163  0.0795602  0.165567
0.296522  -0.0994759  -0.050312  -0.0994759  0.262471  0.0795666  -0.050312  0.0795666  0.165566
0.296516  -0.0996244  -0.0504655  -0.0996244  0.262726  0.0797644  -0.0504655  0.0797644  0.16562
0.296512  -0.0996254  -0.0504786  -0.0996254  0.262746  0.0797813  -0.0504786  0.0797813  0.165628
0.296503  -0.099779  -0.05066  -0.099779  0.263029  0.0800071  -0.05066  0.0800071  0.165695
0.296499  -0.0997991  -0.0506832  -0.0997991  0.263073  0.0800407  -0.0506832  0.0800407  0.165706
0.296489  -0.0998628  -0.0507049  -0.0998628  0.263199  0.0801172  -0.0507049  0.0801172  0.165726
0.296477  -0.099985  -0.0507702  -0.099985  0.263418  0.080261  -0.0507702  0.080261  0.165763
0.296478  -0.100004  -0.0507804  -0.100004  0.263443  0.0802778  -0.0507804  0.0802778  0.165765
0.296456  -0.100064  -0.0508746  -0.100064  0.263629  0.0804198  -0.0508746  0.0804198  0.16582
0.296457  -0.100079  -0.0508703  -0.100079  0.263645  0.0804262  -0.0508703  0.0804262  0.165819
0.296436  -0.10018  -0.0509369  -0.10018  0.263873  0.0805774  -0.0509369  0.0805774  0.165866
0.296436  -0.10018  -0.0509369  -0.10018  0.263873  0.0805774  -0.0509369  0.0805774  0.165866
0.296415  -0.100247  -0.0510604  -0.100247  0.264076  0.0807407  -0.0510604  0.0807407  0.165929
0.296415  -0.100247  -0.0510604  -0.100247  0.264076  0.0807407  -0.0510604  0.0807407  0.165929
0.296402  -0.100365  -0.0511113  -0.100365  0.264289  0.0808751  -0.0511113  0.0808751  0.165962
0.296403  -0.10038  -0.0511069  -0.10038  0.264305  0.0808815  -0.0511069  0.0808815  0.165961
0.296394  -0.100442  -0.0512396  -0.100442  0.264456  0.081019  -0.0512396  0.081019  0.166012
0.296394  -0.100445  -0.0512542  -0.100445  0.264464  0.0810295  -0.0512542  0.0810295  0.166016
0.296394  -0.100584  -0.0512909  -0.100584  0.26465  0.0811403  -0.0512909  0.0811403  0.16603
0.296395  -0.100588  -0.0513056  -0.100588  0.264658  0.0811508  -0.0513056  0.0811508  0.166034
0.296396  -0.100702  -0.0514287  -0.100702  0.264836  0.081295  -0.0514287  0.081295  0.166073
0.296396  -0.100702  -0.0514287  -0.100702  0.264836  0.081295  -0.0514287  0.081295  0.166073
0.296392  -0.100849  -0.0514449  -0.100849  0.265043  0.0814088  -0.0514449  0.0814088  0.166086
0.296393  -0.100864  -0.0514405  -0.100864  0.26506  0.0814153  -0.0514405  0.0814153  0.166085
0.296396  -0.100961  -0.0514921  -0.100961  0.265185  0.0815005  -0.0514921  0.0815005  0.166099
0.296396  -0.100961  -0.0514921  -0.100961  0.265185  0.0815005  -0.0514921  0.0815005  0.166099
0.296395  -0.101069  -0.0514746  -0.101069  0.265322  0.0815632  -0.0514746  0.0815632  0.166098
0.296395  -0.101069  -0.0514746  -0.101069  0.265322  0.0815632  -0.0514746  0.0815632  0.166098
0.296397  -0.101123  -0.0514908  -0.101123  0.265389  0.0816039  -0.0514908  0.0816039  0.166102
0.296398  -0.101127  -0.0515055  -0.101127  0.265398  0.0816145  -0.0515055  0.0816145  0.166106
0.296399  -0.101146  -0.0515158  -0.101146  0.265423  0.0816316  -0.0515158  0.0816316  0.166109
0.296401  -0.101249  -0.0514706  -0.101249  0.265532  0.0816665  -0.0514706  0.0816665  0.166096
0.296401  -0.101249  -0.0514706  -0.101249  0.265532  0.0816665  -0.0514706  0.0816665  0.166096
0.296402  -0.101262  -0.0515146  -0.101262  0.265557  0.0816983  -0.0515146  0.0816983  0.166108
0.296403  -0.101277  -0.0515103  -0.101277  0.265574  0.0817048  -0.0515103  0.0817048  0.166107
0.296404  -0.101308  -0.0515015  -0.101308  0.265608  0.0817178  -0.0515015  0.0817178  0.166104
0.29641  -0.101383  -0.0514666  -0.101383  0.265672  0.0817331  -0.0514666  0.0817331  0.166088
0.29641  -0.101383  -0.0514666  -0.101383  0.265672  0.0817331  -0.0514666  0.0817331  0.166088
0.296415  -0.10141  -0.0514932  -0.10141  0.265693  0.0817541  -0.0514932  0.0817541  0.166091
0.296415  -0.10141  -0.0514932  -0.10141  0.265693  0.0817541  -0.0514932  0.0817541  0.166091
0.296418  -0.10151  -0.0514332  -0.10151  0.265795  0.0817784  -0.0514332  0.0817784  0.166073
0.296423  -0.101528  -0.0514304  -0.101528  0.2658  0.0817783  -0.0514304  0.0817783  0.166067
0.296424  -0.101552  -0.0514554  -0.101552  0.265834  0.081806  -0.0514554  0.081806  0.166074
0.296424  -0.101552  -0.0514554  -0.101552  0.265834  0.081806  -0.0514554  0.081806  0.166074
0.29643  -0.10165  -0.0513823  -0.10165  0.265916  0.081813  -0.0513823  0.081813  0.166048
0.29643  -0.10165  -0.0513823  -0.10165  0.265916  0.081813  -0.0513823  0.081813  0.166048
0.296436  -0.101677  -0.0514089  -0.101677  0.265937  0.0818341  -0.0514089  0.0818341  0.16605
0.296436  -0.101681  -0.0514236  -0.101681  0.265945  0.0818447  -0.0514236  0.0818447  0.166054
0.296438  -0.101765  -0.0513679  -0.101765  0.266031  0.0818625  -0.0513679  0.0818625  0.166038
0.296438  -0.101765  -0.0513679  -0.101765  0.266031  0.0818625  -0.0513679  0.0818625  0.166038
0.296445  -0.101796  -0.0514093  -0.101796  0.266061  0.0818942  -0.0514093  0.0818942  0.166044
0.296445  -0.1018  -0.051424  -0.1018  0.266069  0.0819049  -0.051424  0.0819049  0.166048
0.296446  -0.10182  -0.0514343  -0.10182  0.266095  0.081922  -0.0514343  0.081922  0.166051
0.296454  -0.101942  -0.0513861  -0.101942  0.266211  0.0819568  -0.0513861  0.0819568  0.166032
0.296454  -0.101942  -0.0513861  -0.101942  0.266211  0.0819568  -0.0513861  0.0819568  0.166032
0.296456  -0.101962  -0.0514597  -0.101962  0.266253  0.0820101  -0.0514597  0.0820101  0.166053
0.296456  -0.101967  -0.0514745  -0.101967  0.266261  0.0820207  -0.0514745  0.0820207  0.166057
0.296459  -0.102082  -0.0514099  -0.102082  0.266381  0.0820515  -0.0514099  0.0820515  0.166038
0.296459  -0.102082  -0.0514099  -0.102082  0.266381  0.0820515  -0.0514099  0.0820515  0.166038
0.296462  -0.102106  -0.0514983  -0.102106  0.266431  0.0821156  -0.0514983  0.0821156  0.166063
0.296462  -0.102106  -0.0514983  -0.102106  0.266431  0.0821156  -0.0514983  0.0821156  0.166063
0.296465  -0.102206  -0.051438  -0.102206  0.266535  0.0821399  -0.051438  0.0821399  0.166045
0.296465  -0.102222  -0.0514337  -0.102222  0.266552  0.0821464  -0.0514337  0.0821464  0.166044
0.296467  -0.102242  -0.0515074  -0.102242  0.266594  0.0821998  -0.0515074  0.0821998  0.166065
0.296467  -0.102242  -0.0515074  -0.102242  0.266594  0.0821998  -0.0515074  0.0821998  0.166065
0.296465  -0.102328  -0.0514646  -0.102328  0.266701  0.082235  -0.0514646  0.082235  0.166057
0.296466  -0.102343  -0.0514602  -0.102343  0.266718  0.0822415  -0.0514602  0.0822415  0.166056
0.296467  -0.102363  -0.0514706  -0.102363  0.266743  0.0822587  -0.0514706  0.0822587  0.166058
0.29647  -0.102376  -0.0515783  -0.102376  0.266785  0.0823272  -0.0515783  0.0823272  0.166089
0.29647  -0.102376  -0.0515783  -0.102376  0.266785  0.0823272  -0.0515783  0.0823272  0.166089
0.296473  -0.102492  -0.0515135  -0.102492  0.266906  0.082358  -0.0515135  0.082358  0.16607
0.296473  -0.102492  -0.0515135  -0.102492  0.266906  0.082358  -0.0515135  0.082358  0.16607
0.296479  -0.102489  -0.0516126  -0.102489  0.26691  0.0824026  -0.0516126  0.0824026  0.166094
0.29648  -0.102493  -0.0516274  -0.102493  0.266918  0.0824134  -0.0516274  0.0824134  0.166098
0.296483  -0.102609  -0.0515626  -0.102609  0.26704  0.0824442  -0.0515626  0.0824442  0.166079
0.296482  -0.102605  -0.0515479  -0.102605  0.267032  0.0824335  -0.0515479  0.0824335  0.166074
0.296489  -0.102617  -0.0516426  -0.102617  0.267053  0.0824847  -0.0516426  0.0824847  0.166097
0.296489  -0.102617  -0.0516426  -0.102617  0.267053  0.0824847  -0.0516426  0.0824847  0.166097
0.296492  -0.102702  -0.0515866  -0.102702  0.26714  0.0825024  -0.0515866  0.0825024  0.16608
0.296492  -0.102717  -0.0515822  -0.102717  0.267157  0.082509  -0.0515822  0.082509  0.166079
0.296498  -0.102733  -0.0516283  -0.102733  0.26717  0.0825346  -0.0516283  0.0825346  0.166087
0.296498  -0.102717  -0.0516327  -0.102717  0.267153  0.082528  -0.0516327  0.082528  0.166088
0.2965  -0.102791  -0.0515958  -0.102791  0.267231  0.08255  -0.0515958  0.08255  0.166077
0.2965  -0.102802  -0.0515766  -0.102802  0.26724  0.0825458  -0.0515766  0.0825458  0.166072
0.296501  -0.102834  -0.0515678  -0.102834  0.267275  0.0825589  -0.0515678  0.0825589  0.166069
0.296507  -0.102799  -0.0516759  -0.102799  0.267244  0.0825906  -0.0516759  0.0825906  0.166095
0.296507  -0.102815  -0.0516715  -0.102815  0.267262  0.0825971  -0.0516715  0.0825971  0.166094
0.296514  -0.102911  -0.0515831  -0.102911  0.267338  0.0825932  -0.0515831  0.0825932  0.166063
0.296513  -0.102906  -0.0515683  -0.102906  0.267329  0.0825824  -0.0515683  0.0825824  0.166059
0.296519  -0.102876  -0.0516912  -0.102876  0.267307  0.0826249  -0.0516912  0.0826249  0.166089
0.296519  -0.102876  -0.0516912  -0.102876  0.267307  0.0826249  -0.0516912  0.0826249  0.166089
0.29652  -0.102903  -0.0516676  -0.102903  0.267333  0.0826273  -0.0516676  0.0826273  0.166083
0.296522  -0.102996  -0.0515775  -0.102996  0.267421  0.08263  -0.0515775  0.08263  0.166056
0.296522  -0.102996  -0.0515775  -0.102996  0.267421  0.08263  -0.0515775  0.08263  0.166056
0.296528  -0.102966  -0.0517005  -0.102966  0.267398  0.0826726  -0.0517005  0.0826726  0.166087
0.296528  -0.102977  -0.0516813  -0.102977  0.267407  0.0826683  -0.0516813  0.0826683  0.166081
0.296529  -0.103077  -0.0515571  -0.103077  0.267497  0.082656  -0.0515571  0.082656  0.166045
0.29653  -0.103062  -0.0516252  -0.103062  0.267495  0.0826861  -0.0516252  0.0826861  0.166065
0.29653  -0.103047  -0.0516296  -0.103047  0.267478  0.0826795  -0.0516296  0.0826795  0.166066
0.296531  -0.103089  -0.0516015  -0.103089  0.267522  0.0826884  -0.0516015  0.0826884  0.166058
0.296531  -0.103105  -0.0515971  -0.103105  0.267539  0.0826949  -0.0515971  0.0826949  0.166056
0.296532  -0.103121  -0.0515927  -0.103121  0.267557  0.0827015  -0.0515927  0.0827015  0.166055
0.296532  -0.103121  -0.0515927  -0.103121  0.267557  0.0827015  -0.0515927  0.0827015  0.166055
0.296532  -0.103125  -0.0516075  -0.103125  0.267565  0.0827123  -0.0516075  0.0827123  0.166059
0.296533  -0.10314  -0.0516031  -0.10314  0.267583  0.0827188  -0.0516031  0.0827188  0.166058
0.296533  -0.103175  -0.0515454  -0.103175  0.26761  0.0827061  -0.0515454  0.0827061  0.166041
0.296534  -0.103179  -0.0515602  -0.103179  0.267618  0.0827169  -0.0515602  0.0827169  0.166045
0.296534  -0.103171  -0.0515943  -0.103171  0.267618  0.0827319  -0.0515943  0.0827319  0.166055
0.296534  -0.103171  -0.0515943  -0.103171  0.267618  0.0827319  -0.0515943  0.0827319  0.166055
0.296535  -0.103237  -0.0515277  -0.103237  0.26768  0.0827323  -0.0515277  0.0827323  0.166036
0.296535  -0.103237  -0.0515277  -0.103237  0.26768  0.0827323  -0.0515277  0.0827323  0.166036
0.296536  -0.103218  -0.051581  -0.103218  0.26767  0.0827516  -0.051581  0.0827516  0.166051
0.296536  -0.103218  -0.051581  -0.103218  0.26767  0.0827516  -0.051581  0.0827516  0.166051
0.296537  -0.103245  -0.0515574  -0.103245  0.267697  0.0827539  -0.0515574  0.0827539  0.166044
0.296532  -0.103265  -0.0515172  -0.103265  0.267727  0.0827521  -0.0515172  0.0827521  0.166038
0.296532  -0.103269  -0.051532  -0.103269  0.267736  0.0827629  -0.051532  0.0827629  0.166042
0.296533  -0.103289  -0.0515424  -0.103289  0.267762  0.0827802  -0.0515424  0.0827802  0.166045
0.296533  -0.103285  -0.0515276  -0.103285  0.267753  0.0827694  -0.0515276  0.0827694  0.166041
0.296534  -0.103312  -0.0515039  -0.103312  0.26778  0.0827717  -0.0515039  0.0827717  0.166034
0.296534  -0.103304  -0.051538  -0.103304  0.267779  0.0827868  -0.051538  0.0827868  0.166044
0.296534  -0.103304  -0.051538  -0.103304  0.267779  0.0827868  -0.051538  0.0827868  0.166044
0.296535  -0.103343  -0.0514951  -0.103343  0.267815  0.0827848  -0.0514951  0.0827848  0.166031
0.296535  -0.103343  -0.0514951  -0.103343  0.267815  0.0827848  -0.0514951  0.0827848  0.166031
0.296535  -0.103332  -0.0515143  -0.103332  0.267806  0.0827891  -0.0515143  0.0827891  0.166037
0.29653  -0.103328  -0.0515127  -0.103328  0.267818  0.0827958  -0.0515127  0.0827958  0.166041
0.296531  -0.103371  -0.0514846  -0.103371  0.267862  0.0828046  -0.0514846  0.0828046  0.166033
0.296531  -0.103371  -0.0514846  -0.103371  0.267862  0.0828046  -0.0514846  0.0828046  0.166033
0.296531  -0.103371  -0.0514846  -0.103371  0.267862  0.0828046  -0.0514846  0.0828046  0.166033
0.296531  -0.103359  -0.0515038  -0.103359  0.267853  0.0828089  -0.0515038  0.0828089  0.166039
0.296531  -0.103382  -0.0514653  -0.103382  0.267871  0.0828004  -0.0514653  0.0828004  0.166027
0.296532  -0.103398  -0.0514609  -0.103398  0.267889  0.0828069  -0.0514609  0.0828069  0.166026
0.296532  -0.103398  -0.0514609  -0.103398  0.267889  0.0828069  -0.0514609  0.0828069  0.166026
0.296531  -0.103382  -0.0514653  -0.103382  0.267871  0.0828004  -0.0514653  0.0828004  0.166027
0.296526  -0.103391  -0.0514444  -0.103391  0.267893  0.0828028  -0.0514444  0.0828028  0.166026
0.296527  -0.103406  -0.05144  -0.103406  0.26791  0.0828094  -0.05144  0.0828094  0.166025
0.296531  -0.103405  -0.0514268  -0.103405  0.26789  0.0827918  -0.0514268  0.0827918  0.166016
0.296532  -0.103409  -0.0514416  -0.103409  0.267898  0.0828027  -0.0514416  0.0828027  0.166021
0.296532  -0.103409  -0.0514416  -0.103409  0.267898  0.0828027  -0.0514416  0.0828027  0.166021
0.296531  -0.103405  -0.0514268  -0.103405  0.26789  0.0827918  -0.0514268  0.0827918  0.166016
0.296531  -0.103417  -0.0514076  -0.103417  0.267899  0.0827876  -0.0514076  0.0827876  0.166011
0.296532  -0.103421  -0.0514224  -0.103421  0.267907  0.0827984  -0.0514224  0.0827984  0.166015
0.296532  -0.103421  -0.0514224  -0.103421  0.267907  0.0827984  -0.0514224  0.0827984  0.166015
0.296532  -0.103421  -0.0514224  -0.103421  0.267907  0.0827984  -0.0514224  0.0827984  0.166015
0.296531  -0.103428  -0.0513883  -0.103428  0.267908  0.0827833  -0.0513883  0.0827833  0.166005
0.296531  -0.103428  -0.0513883  -0.103428  0.267908  0.0827833  -0.0513883  0.0827833  0.166005
0.296531  -0.103413  -0.0513928  -0.103413  0.26789  0.0827768  -0.0513928  0.0827768  0.166007
0.296531  -0.103413  -0.0513928  -0.103413  0.26789  0.0827768  -0.0513928  0.0827768  0.166007
0.29653  -0.10342  -0.0513587  -0.10342  0.267891  0.0827617  -0.0513587  0.0827617  0.165997
0.29653  -0.10342  -0.0513587  -0.10342  0.267891  0.0827617  -0.0513587  0.0827617  0.165997
0.296529  -0.103389  -0.0513676  -0.103389  0.267856  0.0827486  -0.0513676  0.0827486  0.166
0.296529  -0.103389  -0.0513676  -0.103389  0.267856  0.0827486  -0.0513676  0.0827486  0.166
0.296529  -0.103396  -0.0513336  -0.103396  0.267857  0.0827336  -0.0513336  0.0827336  0.16599
0.296529  -0.103396  -0.0513336  -0.103396  0.267857  0.0827336  -0.0513336  0.0827336  0.16599
0.296528  -0.10338  -0.051338  -0.10338  0.267839  0.082727  -0.051338  0.082727  0.165991
0.296528  -0.10338  -0.051338  -0.10338  0.267839  0.082727  -0.051338  0.082727  0.165991
0.296528  -0.10338  -0.051338  -0.10338  0.267839  0.082727  -0.051338  0.082727  0.165991
0.296528  -0.103392  -0.0513188  -0.103392  0.267848  0.0827228  -0.0513188  0.0827228  0.165986
0.296528  -0.103392  -0.0513188  -0.103392  0.267848  0.0827228  -0.0513188  0.0827228  0.165986
0.296527  -0.103376  -0.0513232  -0.103376  0.267831  0.0827163  -0.0513232  0.0827163  0.165987
0.296527  -0.103376  -0.0513232  -0.103376  0.267831  0.0827163  -0.0513232  0.0827163  0.165987
0.296527  -0.103372  -0.0513084  -0.103372  0.267822  0.0827055  -0.0513084  0.0827055  0.165983
0.296527  -0.103372  -0.0513084  -0.103372  0.267822  0.0827055  -0.0513084  0.0827055  0.165983
0.296527  -0.103361  -0.0513276  -0.103361  0.267813  0.0827097  -0.0513276  0.0827097  0.165988
0.296527  -0.103361  -0.0513276  -0.103361  0.267813  0.0827097  -0.0513276  0.0827097  0.165988
0.296531  -0.103371  -0.0512953  -0.103371  0.267802  0.082688  -0.0512953  0.082688  0.165974
0.296531  -0.103371  -0.0512953  -0.103371  0.267802  0.082688  -0.0512953  0.082688  0.165974
0.296531  -0.103356  -0.0512997  -0.103356  0.267784  0.0826814  -0.0512997  0.0826814  0.165975
0.296531  -0.103356  -0.0512997  -0.103356  0.267784  0.0826814  -0.0512997  0.0826814  0.165975
0.29653  -0.103363  -0.0512657  -0.103363  0.267785  0.0826664  -0.0512657  0.0826664  0.165966
0.29653  -0.103363  -0.0512657  -0.103363  0.267785  0.0826664  -0.0512657  0.0826664  0.165966
0.29653  -0.103347  -0.0512701  -0.103347  0.267767  0.0826599  -0.0512701  0.0826599  0.165967
0.29653  -0.103347  -0.0512701  -0.103347  0.267767  0.0826599  -0.0512701  0.0826599  0.165967
0.296534  -0.103362  -0.0512525  -0.103362  0.267764  0.0826489  -0.0512525  0.0826489  0.165957
0.296534  -0.103358  -0.0512377  -0.103358  0.267756  0.0826381  -0.0512377  0.0826381  0.165953
0.296538  -0.10335  -0.0512586  -0.10335  0.267735  0.0826357  -0.0512586  0.0826357  0.165954
0.296538  -0.103334  -0.0512631  -0.103334  0.267717  0.0826291  -0.0512631  0.0826291  0.165955
0.296538  -0.103346  -0.0512438  -0.103346  0.267726  0.0826249  -0.0512438  0.0826249  0.16595
0.296542  -0.103356  -0.0512115  -0.103356  0.267715  0.0826031  -0.0512115  0.0826031  0.165935
0.296542  -0.103356  -0.0512115  -0.103356  0.267715  0.0826031  -0.0512115  0.0826031  0.165935
0.296541  -0.103325  -0.0512204  -0.103325  0.26768  0.0825901  -0.0512204  0.0825901  0.165938
0.296541  -0.103325  -0.0512204  -0.103325  0.26768  0.0825901  -0.0512204  0.0825901  0.165938
0.296546  -0.103351  -0.0511836  -0.103351  0.267686  0.0825749  -0.0511836  0.0825749  0.165923
0.296546  -0.103351  -0.0511836  -0.103351  0.267686  0.0825749  -0.0511836  0.0825749  0.165923
0.296549  -0.103324  -0.0511941  -0.103324  0.267639  0.0825551  -0.0511941  0.0825551  0.165921
0.296549  -0.103324  -0.0511941  -0.103324  0.267639  0.0825551  -0.0511941  0.0825551  0.165921
0.296553  -0.103341  -0.0511278  -0.103341  0.267629  0.0825184  -0.0511278  0.0825184  0.165897
0.296553  -0.103341  -0.0511278  -0.103341  0.267629  0.0825184  -0.0511278  0.0825184  0.165897
0.296557  -0.103318  -0.0511531  -0.103318  0.26759  0.0825094  -0.0511531  0.0825094  0.165899
0.296557  -0.103318  -0.0511531  -0.103318  0.26759  0.0825094  -0.0511531  0.0825094  0.165899
0.296557  -0.103329  -0.0511338  -0.103329  0.267599  0.0825052  -0.0511338  0.0825052  0.165894
0.296561  -0.103336  -0.0510867  -0.103336  0.267579  0.0824727  -0.0510867  0.0824727  0.165875
0.296561  -0.103336  -0.0510867  -0.103336  0.267579  0.0824727  -0.0510867  0.0824727  0.165875
0.296569  -0.103311  -0.0510989  -0.103311  0.26752  0.0824463  -0.0510989  0.0824463  0.165869
0.296569  -0.103311  -0.0510989  -0.103311  0.26752  0.0824463  -0.0510989  0.0824463  0.165869
0.296574  -0.103333  -0.0510473  -0.103333  0.267518  0.0824203  -0.0510473  0.0824203  0.165849
0.296574  -0.103333  -0.0510473  -0.103333  0.267518  0.0824203  -0.0510473  0.0824203  0.165849
0.296577  -0.103305  -0.0510579  -0.103305  0.267471  0.0824006  -0.0510579  0.0824006  0.165847
0.296577  -0.103305  -0.0510579  -0.103305  0.267471  0.0824006  -0.0510579  0.0824006  0.165847
0.296581  -0.103312  -0.0510108  -0.103312  0.267451  0.0823682  -0.0510108  0.0823682  0.165829
0.296582  -0.103327  -0.0510063  -0.103327  0.267469  0.0823747  -0.0510063  0.0823747  0.165828
0.296585  -0.103284  -0.0510213  -0.103284  0.267404  0.0823484  -0.0510213  0.0823484  0.165827
0.296585  -0.103284  -0.0510213  -0.103284  0.267404  0.0823484  -0.0510213  0.0823484  0.165827
0.296589  -0.103306  -0.0509697  -0.103306  0.267402  0.0823225  -0.0509697  0.0823225  0.165808
0.296589  -0.103306  -0.0509697  -0.103306  0.267402  0.0823225  -0.0509697  0.0823225  0.165808
0.296592  -0.103278  -0.0509803  -0.103278  0.267355  0.0823028  -0.0509803  0.0823028  0.165806
0.296592  -0.103278  -0.0509803  -0.103278  0.267355  0.0823028  -0.0509803  0.0823028  0.165806
0.296596  -0.103284  -0.0509332  -0.103284  0.267335  0.0822704  -0.0509332  0.0822704  0.165788
0.296596  -0.103284  -0.0509332  -0.103284  0.267335  0.0822704  -0.0509332  0.0822704  0.165788
0.296595  -0.103253  -0.0509421  -0.103253  0.2673  0.0822574  -0.0509421  0.0822574  0.16579
0.2966  -0.103256  -0.0509437  -0.103256  0.267288  0.0822507  -0.0509437  0.0822507  0.165786
0.296599  -0.103259  -0.050895  -0.103259  0.26728  0.0822251  -0.050895  0.0822251  0.165772
0.296599  -0.103259  -0.050895  -0.103259  0.26728  0.0822251  -0.050895  0.0822251  0.165772
0.296602  -0.103232  -0.0509055  -0.103232  0.267233  0.0822054  -0.0509055  0.0822054  0.16577
0.296602  -0.103232  -0.0509055  -0.103232  0.267233  0.0822054  -0.0509055  0.0822054  0.16577
0.296606  -0.103238  -0.0508584  -0.103238  0.267214  0.082173  -0.0508584  0.082173  0.165752
0.296606  -0.103238  -0.0508584  -0.103238  0.267214  0.082173  -0.0508584  0.082173  0.165752
0.296614  -0.103209  -0.0508558  -0.103209  0.267146  0.0821359  -0.0508558  0.0821359  0.165742
0.296614  -0.103209  -0.0508558  -0.103209  0.267146  0.0821359  -0.0508558  0.0821359  0.165742
0.296617  -0.103204  -0.0508279  -0.103204  0.267118  0.0821078  -0.0508279  0.0821078  0.165729
0.296617  -0.103204  -0.0508279  -0.103204  0.267118  0.0821078  -0.0508279  0.0821078  0.165729
0.296617  -0.1032  -0.0508132  -0.1032  0.267109  0.0820971  -0.0508132  0.0820971  0.165725
0.29662  -0.103172  -0.0508237  -0.103172  0.267062  0.0820774  -0.0508237  0.0820774  0.165723
0.29662  -0.103168  -0.0508089  -0.103168  0.267054  0.0820667  -0.0508089  0.0820667  0.165719
0.296623  -0.10317  -0.0507472  -0.10317  0.267026  0.0820237  -0.0507472  0.0820237  0.165697
0.296628  -0.103173  -0.0507488  -0.103173  0.267014  0.082017  -0.0507488  0.082017  0.165693
0.296631  -0.10313  -0.0507637  -0.10313  0.266949  0.0819909  -0.0507637  0.0819909  0.165692
0.296631  -0.10313  -0.0507637  -0.10313  0.266949  0.0819909  -0.0507637  0.0819909  0.165692
0.296633  -0.103117  -0.0507064  -0.103117  0.266904  0.0819414  -0.0507064  0.0819414  0.165671
0.296633  -0.103112  -0.0506917  -0.103112  0.266896  0.0819307  -0.0506917  0.0819307  0.165667
0.296636  -0.10308  -0.0506874  -0.10308  0.26684  0.0819004  -0.0506874  0.0819004  0.165661
0.296635  -0.103065  -0.0506919  -0.103065  0.266823  0.081894  -0.0506919  0.081894  0.165663
0.296644  -0.103074  -0.0506465  -0.103074  0.266791  0.081855  -0.0506465  0.081855  0.16564
0.296643  -0.10307  -0.0506317  -0.10307  0.266783  0.0818444  -0.0506317  0.0818444  0.165636
0.296646  -0.103023  -0.0506319  -0.103023  0.26671  0.0818076  -0.0506319  0.0818076  0.165631
0.296645  -0.103007  -0.0506364  -0.103007  0.266693  0.0818011  -0.0506364  0.0818011  0.165633
0.296649  -0.103006  -0.0506233  -0.103006  0.266672  0.0817838  -0.0506233  0.0817838  0.165624
0.296652  -0.103004  -0.0505469  -0.103004  0.266636  0.0817303  -0.0505469  0.0817303  0.165598
0.296652  -0.103004  -0.0505469  -0.103004  0.266636  0.0817303  -0.0505469  0.0817303  0.165598
0.296654  -0.102945  -0.0505662  -0.102945  0.266554  0.0816978  -0.0505662  0.0816978  0.165599
0.296654  -0.102945  -0.0505662  -0.102945  0.266554  0.0816978  -0.0505662  0.0816978  0.165599
0.296657  -0.102943  -0.0504898  -0.102943  0.266518  0.0816443  -0.0504898  0.0816443  0.165573
0.296657  -0.102943  -0.0504898  -0.102943  0.266518  0.0816443  -0.0504898  0.0816443  0.165573
0.296659  -0.102896  -0.0504901  -0.102896  0.266446  0.0816077  -0.0504901  0.0816077  0.165569
0.296662  -0.102875  -0.0504667  -0.102875  0.2664  0.0815733  -0.0504667  0.0815733  0.165557
0.296662  -0.102871  -0.050452  -0.102871  0.266391  0.0815627  -0.050452  0.0815627  0.165553
0.296661  -0.102878  -0.0504182  -0.102878  0.266392  0.0815479  -0.0504182  0.0815479  0.165544
0.296663  -0.102827  -0.0504037  -0.102827  0.266311  0.0815006  -0.0504037  0.0815006  0.165536
0.296663  -0.102827  -0.0504037  -0.102827  0.266311  0.0815006  -0.0504037  0.0815006  0.165536
0.29667  -0.102817  -0.0503481  -0.102817  0.266254  0.0814448  -0.0503481  0.0814448  0.165511
0.29667  -0.102812  -0.0503334  -0.102812  0.266246  0.0814342  -0.0503334  0.0814342  0.165507
0.296673  -0.102792  -0.0503101  -0.102792  0.2662  0.0813999  -0.0503101  0.0813999  0.165496
0.296671  -0.102757  -0.0503043  -0.102757  0.266157  0.0813765  -0.0503043  0.0813765  0.165495
0.296671  -0.102752  -0.0502896  -0.102752  0.266149  0.0813659  -0.0502896  0.0813659  0.165491
0.296673  -0.102751  -0.0502134  -0.102751  0.266113  0.0813127  -0.0502134  0.0813127  0.165465
0.296673  -0.102751  -0.0502134  -0.102751  0.266113  0.0813127  -0.0502134  0.0813127  0.165465
0.296677  -0.102734  -0.0502048  -0.102734  0.266075  0.081289  -0.0502048  0.081289  0.165458
0.29668  -0.102718  -0.0501961  -0.102718  0.266037  0.0812653  -0.0501961  0.0812653  0.165451
0.29668  -0.102714  -0.0501815  -0.102714  0.266029  0.0812548  -0.0501815  0.0812548  0.165447
0.296683  -0.1027  -0.0501244  -0.1027  0.265984  0.0812058  -0.0501244  0.0812058  0.165427
0.296683  -0.1027  -0.0501244  -0.1027  0.265984  0.0812058  -0.0501244  0.0812058  0.165427
0.296685  -0.102664  -0.0501055  -0.102664  0.265921  0.0811652  -0.0501055  0.0811652  0.165417
0.296685  -0.102664  -0.0501055  -0.102664  0.265921  0.0811652  -0.0501055  0.0811652  0.165417
0.296683  -0.102659  -0.0500279  -0.102659  0.265897  0.0811189  -0.0500279  0.0811189  0.165397
0.296688  -0.102662  -0.0500294  -0.102662  0.265885  0.0811122  -0.0500294  0.0811122  0.165392
0.296686  -0.102627  -0.0500237  -0.102627  0.265842  0.0810889  -0.0500237  0.0810889  0.165391
0.296686  -0.102627  -0.0500237  -0.102627  0.265842  0.0810889  -0.0500237  0.0810889  0.165391
0.296689  -0.102637  -0.0499285  -0.102637  0.265815  0.0810318  -0.0499285  0.0810318  0.165361
0.296689  -0.102637  -0.0499285  -0.102637  0.265815  0.0810318  -0.0499285  0.0810318  0.165361
0.296687  -0.102586  -0.0499272  -0.102586  0.265755  0.0810021  -0.0499272  0.0810021  0.165361
0.29669  -0.102581  -0.0498995  -0.102581  0.265727  0.0809743  -0.0498995  0.0809743  0.165349
0.29669  -0.102577  -0.0498849  -0.102577  0.265719  0.0809638  -0.0498849  0.0809638  0.165345
0.296688  -0.102576  -0.049822  -0.102576  0.265703  0.0809282  -0.049822  0.0809282  0.165329
0.296688  -0.10256  -0.0498264  -0.10256  0.265686  0.0809218  -0.0498264  0.0809218  0.16533
0.296691  -0.102544  -0.0498178  -0.102544  0.265648  0.0808982  -0.0498178  0.0808982  0.165323
0.296691  -0.10254  -0.0498032  -0.10254  0.26564  0.0808877  -0.0498032  0.0808877  0.165319
0.296689  -0.102539  -0.0497403  -0.102539  0.265625  0.0808521  -0.0497403  0.0808521  0.165303
0.296689  -0.102539  -0.0497403  -0.102539  0.265625  0.0808521  -0.0497403  0.0808521  0.165303
0.296689  -0.102523  -0.0497447  -0.102523  0.265607  0.0808457  -0.0497447  0.0808457  0.165304
0.296688  -0.102515  -0.0497155  -0.102515  0.265591  0.0808247  -0.0497155  0.0808247  0.165296
0.296687  -0.102511  -0.0497009  -0.102511  0.265583  0.0808142  -0.0497009  0.0808142  0.165293
0.296686  -0.102499  -0.0496571  -0.102499  0.265558  0.0807828  -0.0496571  0.0807828  0.165281
0.296685  -0.102483  -0.0496616  -0.102483  0.265541  0.0807764  -0.0496616  0.0807764  0.165283
0.296685  -0.102479  -0.049647  -0.102479  0.265533  0.0807659  -0.049647  0.0807659  0.165279
0.296683  -0.102478  -0.0495842  -0.102478  0.265517  0.0807304  -0.0495842  0.0807304  0.165263
0.296683  -0.102478  -0.0495842  -0.102478  0.265517  0.0807304  -0.0495842  0.0807304  0.165263
0.296677  -0.102452  -0.0495579  -0.102452  0.265496  0.0807098  -0.0495579  0.0807098  0.165261
0.296677  -0.102452  -0.0495579  -0.102452  0.265496  0.0807098  -0.0495579  0.0807098  0.165261
0.296676  -0.102451  -0.0494952  -0.102451  0.26548  0.0806743  -0.0494952  0.0806743  0.165245
0.296675  -0.102447  -0.0494806  -0.102447  0.265472  0.0806639  -0.0494806  0.0806639  0.165241
0.296674  -0.102427  -0.0494705  -0.102427  0.265447  0.0806471  -0.0494705  0.0806471  0.165239
0.296674  -0.102427  -0.0494705  -0.102427  0.265447  0.0806471  -0.0494705  0.0806471  0.165239
0.296673  -0.102422  -0.0493932  -0.102422  0.265423  0.0806012  -0.0493932  0.0806012  0.165219
0.296673  -0.102422  -0.0493932  -0.102422  0.265423  0.0806012  -0.0493932  0.0806012  0.165219
0.296666  -0.10238  -0.0493715  -0.10238  0.265384  0.0805743  -0.0493715  0.0805743  0.165219
0.296666  -0.10238  -0.0493715  -0.10238  0.265384  0.0805743  -0.0493715  0.0805743  0.165219
0.296666  -0.102376  -0.0493569  -0.102376  0.265376  0.0805639  -0.0493569  0.0805639  0.165215
0.296664  -0.102371  -0.0492797  -0.102371  0.265353  0.0805181  -0.0492797  0.0805181  0.165196
0.296663  -0.102367  -0.0492651  -0.102367  0.265344  0.0805076  -0.0492651  0.0805076  0.165192
0.296657  -0.102329  -0.049258  -0.102329  0.265314  0.0804912  -0.049258  0.0804912  0.165195
0.296657  -0.102325  -0.0492435  -0.102325  0.265306  0.0804808  -0.0492435  0.0804808  0.165192
0.296657  -0.102336  -0.0492245  -0.102336  0.265315  0.0804767  -0.0492245  0.0804767  0.165187
0.296655  -0.102331  -0.0491473  -0.102331  0.265291  0.080431  -0.0491473  0.080431  0.165168
0.296655  -0.102316  -0.0491518  -0.102316  0.265274  0.0804247  -0.0491518  0.0804247  0.165169
0.296649  -0.102289  -0.0491257  -0.102289  0.265253  0.0804042  -0.0491257  0.0804042  0.165167
0.296649  -0.102289  -0.0491257  -0.102289  0.265253  0.0804042  -0.0491257  0.0804042  0.165167
0.296648  -0.102304  -0.0490587  -0.102304  0.265255  0.0803753  -0.0490587  0.0803753  0.165151
0.296648  -0.1023  -0.0490442  -0.1023  0.265247  0.0803649  -0.0490442  0.0803649  0.165147
0.296646  -0.102265  -0.0490386  -0.102265  0.265204  0.0803419  -0.0490386  0.0803419  0.165146
0.296646  -0.102265  -0.0490386  -0.102265  0.265204  0.0803419  -0.0490386  0.0803419  0.165146
0.296645  -0.102275  -0.0489571  -0.102275  0.265198  0.0803026  -0.0489571  0.0803026  0.165126
0.296645  -0.102275  -0.0489571  -0.102275  0.265198  0.0803026  -0.0489571  0.0803026  0.165126
0.296644  -0.102256  -0.0489471  -0.102256  0.265173  0.0802859  -0.0489471  0.0802859  0.165123
0.296644  -0.102256  -0.0489471  -0.102256  0.265173  0.0802859  -0.0489471  0.0802859  0.165123
0.296639  -0.102267  -0.0488786  -0.102267  0.265187  0.0802637  -0.0488786  0.0802637  0.165111
0.296639  -0.102267  -0.0488786  -0.102267  0.265187  0.0802637  -0.0488786  0.0802637  0.165111
0.296638  -0.102263  -0.0488641  -0.102263  0.265179  0.0802534  -0.0488641  0.0802534  0.165108
0.296638  -0.102244  -0.0488541  -0.102244  0.265153  0.0802367  -0.0488541  0.0802367  0.165105
0.296638  -0.102244  -0.0488541  -0.102244  0.265153  0.0802367  -0.0488541  0.0802367  0.165105
0.296637  -0.102258  -0.0487872  -0.102258  0.265155  0.0802079  -0.0487872  0.0802079  0.165089
0.296636  -0.102254  -0.0487727  -0.102254  0.265147  0.0801975  -0.0487727  0.0801975  0.165085
0.296636  -0.102239  -0.0487772  -0.102239  0.26513  0.0801912  -0.0487772  0.0801912  0.165086
0.296636  -0.102235  -0.0487627  -0.102235  0.265122  0.0801808  -0.0487627  0.0801808  0.165083
0.296635  -0.102249  -0.0486958  -0.102249  0.265124  0.0801521  -0.0486958  0.0801521  0.165067
0.296635  -0.102249  -0.0486958  -0.102249  0.265124  0.0801521  -0.0486958  0.0801521  0.165067
0.296634  -0.10223  -0.0486858  -0.10223  0.265099  0.0801354  -0.0486858  0.0801354  0.165064
0.296634  -0.10223  -0.0486858  -0.10223  0.265099  0.0801354  -0.0486858  0.0801354  0.165064
0.296633  -0.102245  -0.048619  -0.102245  0.265101  0.0801066  -0.048619  0.0801066  0.165048
0.296632  -0.102221  -0.0485945  -0.102221  0.265068  0.0800797  -0.0485945  0.0800797  0.165042
0.296632  -0.102221  -0.0485945  -0.102221  0.265068  0.0800797  -0.0485945  0.0800797  0.165042
0.296632  -0.102221  -0.0485945  -0.102221  0.265068  0.0800797  -0.0485945  0.0800797  0.165042
0.29663  -0.102216  -0.0485178  -0.102216  0.265044  0.0800343  -0.0485178  0.0800343  0.165024
0.296631  -0.102232  -0.0485133  -0.102232  0.265062  0.0800406  -0.0485133  0.0800406  0.165022
0.29663  -0.102208  -0.0484889  -0.102208  0.265028  0.0800137  -0.0484889  0.0800137  0.165017
0.296629  -0.102193  -0.0484933  -0.102193  0.265011  0.0800074  -0.0484933  0.0800074  0.165018
0.296628  -0.102203  -0.0484121  -0.102203  0.265005  0.0799684  -0.0484121  0.0799684  0.164998
0.296628  -0.102199  -0.0483977  -0.102199  0.264997  0.0799581  -0.0483977  0.0799581  0.164995
0.296627  -0.102195  -0.0483832  -0.102195  0.264989  0.0799478  -0.0483832  0.0799478  0.164992
0.296626  -0.102176  -0.0483733  -0.102176  0.264964  0.0799312  -0.0483733  0.0799312  0.164989
0.296626  -0.102172  -0.0483589  -0.102172  0.264956  0.0799209  -0.0483589  0.0799209  0.164986
0.296625  -0.102182  -0.0482777  -0.102182  0.26495  0.0798819  -0.0482777  0.0798819  0.164966
0.296625  -0.102182  -0.0482777  -0.102182  0.26495  0.0798819  -0.0482777  0.0798819  0.164966
0.296623  -0.102128  -0.0482623  -0.102128  0.264882  0.0798425  -0.0482623  0.0798425  0.164963
0.296623  -0.102128  -0.0482623  -0.102128  0.264882  0.0798425  -0.0482623  0.0798425  0.164963
0.296622  -0.102139  -0.0481813  -0.102139  0.264877  0.0798037  -0.0481813  0.0798037  0.164944
0.29662  -0.102115  -0.0481569  -0.102115  0.264843  0.0797769  -0.0481569  0.0797769  0.164938
0.29662  -0.102115  -0.0481569  -0.102115  0.264843  0.0797769  -0.0481569  0.0797769  0.164938
0.29662  -0.102096  -0.048147  -0.102096  0.264818  0.0797603  -0.048147  0.0797603  0.164936
0.296618  -0.102087  -0.0480561  -0.102087  0.264787  0.079705  -0.0480561  0.079705  0.164915
0.296618  -0.102087  -0.0480561  -0.102087  0.264787  0.079705  -0.0480561  0.079705  0.164915
0.296616  -0.102044  -0.0480219  -0.102044  0.264729  0.0796617  -0.0480219  0.0796617  0.164907
0.296616  -0.102044  -0.0480219  -0.102044  0.264729  0.0796617  -0.0480219  0.0796617  0.164907
0.296614  -0.10202  -0.0479356  -0.10202  0.264681  0.0796003  -0.0479356  0.0796003  0.164888
0.296614  -0.10202  -0.0479356  -0.10202  0.264681  0.0796003  -0.0479356  0.0796003  0.164888
0.296612  -0.101977  -0.0479015  -0.101977  0.264623  0.0795571  -0.0479015  0.0795571  0.16488
0.296611  -0.101961  -0.047906  -0.101961  0.264605  0.0795508  -0.047906  0.0795508  0.164881
0.296613  -0.10194  -0.0478212  -0.10194  0.264545  0.0794828  -0.0478212  0.0794828  0.164857
0.296613  -0.101936  -0.0478068  -0.101936  0.264538  0.0794726  -0.0478068  0.0794726  0.164854
0.296611  -0.101893  -0.0477727  -0.101893  0.264479  0.0794295  -0.0477727  0.0794295  0.164846
0.296611  -0.101878  -0.0477772  -0.101878  0.264462  0.0794233  -0.0477772  0.0794233  0.164847
0.296608  -0.101838  -0.0476956  -0.101838  0.264397  0.0793559  -0.0476956  0.0793559  0.164829
0.296608  -0.101838  -0.0476956  -0.101838  0.264397  0.0793559  -0.0476956  0.0793559  0.164829
0.296607  -0.101826  -0.0476526  -0.101826  0.264373  0.0793253  -0.0476526  0.0793253  0.164819
0.296605  -0.101757  -0.0476419  -0.101757  0.264289  0.0792801  -0.0476419  0.0792801  0.164818
0.296604  -0.101753  -0.0476276  -0.101753  0.264281  0.0792699  -0.0476276  0.0792699  0.164814
0.296602  -0.101725  -0.0475273  -0.101725  0.264225  0.0791987  -0.0475273  0.0791987  0.164792
0.296602  -0.101725  -0.0475273  -0.101725  0.264225  0.0791987  -0.0475273  0.0791987  0.164792
0.296599  -0.101651  -0.0475024  -0.101651  0.264133  0.0791434  -0.0475024  0.0791434  0.164787
0.296599  -0.101651  -0.0475024  -0.101651  0.264133  0.0791434  -0.0475024  0.0791434  0.164787
0.296597  -0.101623  -0.0474022  -0.101623  0.264078  0.0790724  -0.0474022  0.0790724  0.164765
0.296597  -0.101619  -0.0473879  -0.101619  0.26407  0.0790623  -0.0473879  0.0790623  0.164762
0.296594  -0.10153  -0.0473675  -0.10153  0.263961  0.0790009  -0.0473675  0.0790009  0.164758
0.296594  -0.10153  -0.0473675  -0.10153  0.263961  0.0790009  -0.0473675  0.0790009  0.164758
0.296588  -0.1015  -0.0472661  -0.1015  0.263917  0.0789368  -0.0472661  0.0789368  0.164741
0.296587  -0.101496  -0.0472518  -0.101496  0.26391  0.0789267  -0.0472518  0.0789267  0.164738
0.296586  -0.101472  -0.0472278  -0.101472  0.263877  0.0789003  -0.0472278  0.0789003  0.164732
0.296584  -0.101388  -0.0472218  -0.101388  0.263776  0.0788492  -0.0472218  0.0788492  0.164732
0.296584  -0.101388  -0.0472218  -0.101388  0.263776  0.0788492  -0.0472218  0.0788492  0.164732
0.296582  -0.101371  -0.0471032  -0.101371  0.26373  0.0787747  -0.0471032  0.0787747  0.164706
0.296581  -0.101352  -0.0470934  -0.101352  0.263705  0.0787584  -0.0470934  0.0787584  0.164704
0.296579  -0.101271  -0.0471017  -0.101271  0.263612  0.0787175  -0.0471017  0.0787175  0.164707
0.296579  -0.101267  -0.0470874  -0.101267  0.263604  0.0787074  -0.0470874  0.0787074  0.164704
0.296577  -0.101255  -0.0469832  -0.101255  0.263566  0.0786432  -0.0469832  0.0786432  0.164681
0.296576  -0.101197  -0.0469541  -0.101197  0.263492  0.0785946  -0.0469541  0.0785946  0.164676
0.296576  -0.101197  -0.0469541  -0.101197  0.263492  0.0785946  -0.0469541  0.0785946  0.164676
0.296573  -0.101124  -0.0469294  -0.101124  0.263401  0.0785398  -0.0469294  0.0785398  0.164671
0.296573  -0.101124  -0.0469294  -0.101124  0.263401  0.0785398  -0.0469294  0.0785398  0.164671
0.296576  -0.101099  -0.0468312  -0.101099  0.263334  0.078463  -0.0468312  0.078463  0.164645
0.296575  -0.101084  -0.0468358  -0.101084  0.263317  0.0784568  -0.0468358  0.0784568  0.164646
0.296573  -0.101015  -0.0468254  -0.101015  0.263234  0.0784122  -0.0468254  0.0784122  0.164645
0.296573  -0.101015  -0.0468254  -0.101015  0.263234  0.0784122  -0.0468254  0.0784122  0.164645
0.296572  -0.101002  -0.0467214  -0.101002  0.263196  0.0783483  -0.0467214  0.0783483  0.164623
0.296572  -0.100998  -0.0467073  -0.100998  0.263188  0.0783383  -0.0467073  0.0783383  0.16462
0.296574  -0.100921  -0.046717  -0.100921  0.263084  0.078291  -0.046717  0.078291  0.164618
0.296574  -0.100906  -0.0467215  -0.100906  0.263067  0.0782849  -0.0467215  0.0782849  0.164619
0.296573  -0.100909  -0.0466132  -0.100909  0.263046  0.0782273  -0.0466132  0.0782273  0.164596
0.296573  -0.100909  -0.0466132  -0.100909  0.263046  0.0782273  -0.0466132  0.0782273  0.164596
0.29657  -0.100824  -0.0466074  -0.100824  0.262947  0.0781767  -0.0466074  0.0781767  0.164596
0.29657  -0.100824  -0.0466074  -0.100824  0.262947  0.0781767  -0.0466074  0.0781767  0.164596
0.296573  -0.100815  -0.046505  -0.100815  0.262897  0.0781064  -0.046505  0.0781064  0.16457
0.296573  -0.100811  -0.0464908  -0.100811  0.262889  0.0780965  -0.0464908  0.0780965  0.164567
0.296571  -0.100742  -0.0464806  -0.100742  0.262806  0.0780521  -0.0464806  0.0780521  0.164566
0.296571  -0.100742  -0.0464806  -0.100742  0.262806  0.0780521  -0.0464806  0.0780521  0.164566
0.296574  -0.100729  -0.0463642  -0.100729  0.262749  0.0779721  -0.0463642  0.0779721  0.164537
0.296574  -0.100729  -0.0463642  -0.100729  0.262749  0.0779721  -0.0463642  0.0779721  0.164537
0.296572  -0.100667  -0.0463212  -0.100667  0.262668  0.0779141  -0.0463212  0.0779141  0.164529
0.296572  -0.100667  -0.0463212  -0.100667  0.262668  0.0779141  -0.0463212  0.0779141  0.164529
