0.314197  -0.12386  -0.0665247  -0.12386  0.268311  0.0864405  -0.0665247  0.0864405  0.163835
0.314197  -0.12386  -0.0665247  -0.12386  0.268311  0.0864405  -0.0665247  0.0864405  0.163835
0.314198  -0.124032  -0.066365  -0.124032  0.268516  0.0864539  -0.066365  0.0864539  0.163779
0.314198  -0.124046  -0.0663423  -0.124046  0.268528  0.0864477  -0.0663423  0.0864477  0.163769
0.314258  -0.124358  -0.0661991  -0.124358  0.268875  0.0865245  -0.0661991  0.0865245  0.163715
0.314269  -0.124372  -0.0662367  -0.124372  0.268896  0.0865517  -0.0662367  0.0865517  0.163731
0.31435  -0.124683  -0.0662723  -0.124683  0.269286  0.0867363  -0.0662723  0.0867363  0.163758
0.314356  -0.124704  -0.0662684  -0.124704  0.269308  0.0867436  -0.0662684  0.0867436  0.163756
0.314505  -0.1252  -0.0661189  -0.1252  0.269812  0.0868706  -0.0661189  0.0868706  0.163686
0.314517  -0.125228  -0.0661338  -0.125228  0.269845  0.0868915  -0.0661338  0.0868915  0.163692
0.314765  -0.125627  -0.0663045  -0.125627  0.270179  0.0870862  -0.0663045  0.0870862  0.163726
0.31479  -0.125659  -0.0663217  -0.125659  0.2702  0.0871  -0.0663217  0.0871  0.163728
0.315068  -0.12627  -0.0662906  -0.12627  0.270747  0.0872806  -0.0662906  0.0872806  0.163679
0.315117  -0.126348  -0.0663023  -0.126348  0.270801  0.0873018  -0.0663023  0.0873018  0.163674
0.315415  -0.126739  -0.0666635  -0.126739  0.271133  0.087586  -0.0666635  0.087586  0.163783
0.315446  -0.126779  -0.0667  -0.126779  0.271165  0.0876137  -0.0667  0.0876137  0.163794
0.315765  -0.127332  -0.0668314  -0.127332  0.271633  0.0878344  -0.0668314  0.0878344  0.163802
0.31579  -0.127378  -0.0668259  -0.127378  0.271667  0.0878419  -0.0668259  0.0878419  0.163795
0.315922  -0.12764  -0.0668302  -0.12764  0.271894  0.0879217  -0.0668302  0.0879217  0.163778
0.316236  -0.128021  -0.0672016  -0.128021  0.272197  0.0881949  -0.0672016  0.0881949  0.163888
0.316248  -0.128036  -0.0672401  -0.128036  0.272219  0.088223  -0.0672401  0.088223  0.163904
0.316538  -0.128696  -0.0672605  -0.128696  0.272866  0.0884713  -0.0672605  0.0884713  0.163887
0.316562  -0.12878  -0.0672449  -0.12878  0.27296  0.088501  -0.0672449  0.088501  0.163881
0.316658  -0.128994  -0.067253  -0.128994  0.27317  0.0885814  -0.067253  0.0885814  0.163876
0.316902  -0.129361  -0.0676338  -0.129361  0.273565  0.0889166  -0.0676338  0.0889166  0.164021
0.316914  -0.12939  -0.0676493  -0.12939  0.273599  0.0889383  -0.0676493  0.0889383  0.164028
0.317156  -0.130056  -0.0675784  -0.130056  0.2743  0.089169  -0.0675784  0.089169  0.163987
0.317168  -0.130098  -0.0675706  -0.130098  0.274348  0.0891839  -0.0675706  0.0891839  0.163984
0.317462  -0.130609  -0.0678901  -0.130609  0.274882  0.0895391  -0.0678901  0.0895391  0.1641
0.317475  -0.130624  -0.0679292  -0.130624  0.274905  0.0895678  -0.0679292  0.0895678  0.164117
0.317818  -0.131333  -0.0680927  -0.131333  0.275631  0.0899142  -0.0680927  0.0899142  0.164162
0.317837  -0.131397  -0.0680811  -0.131397  0.275704  0.0899369  -0.0680811  0.0899369  0.164158
0.318177  -0.132061  -0.0682967  -0.132061  0.276386  0.0902915  -0.0682967  0.0902915  0.164226
0.318197  -0.132099  -0.0683322  -0.132099  0.276434  0.0903282  -0.0683322  0.0903282  0.164241
0.318334  -0.132251  -0.0685683  -0.132251  0.276582  0.0904961  -0.0685683  0.0904961  0.16433
0.318651  -0.132939  -0.0687342  -0.132939  0.277324  0.0908547  -0.0687342  0.0908547  0.164387
0.318678  -0.132988  -0.0687289  -0.132988  0.277361  0.0908626  -0.0687289  0.0908626  0.16438
0.318958  -0.13356  -0.0689564  -0.13356  0.277995  0.0912141  -0.0689564  0.0912141  0.164469
0.318971  -0.133576  -0.0689962  -0.133576  0.278018  0.0912436  -0.0689962  0.0912436  0.164487
0.319261  -0.134103  -0.0693405  -0.134103  0.278614  0.0916407  -0.0693405  0.0916407  0.164627
0.319268  -0.134125  -0.0693366  -0.134125  0.27864  0.0916483  -0.0693366  0.0916483  0.164625
0.319493  -0.134756  -0.0693761  -0.134756  0.279379  0.091953  -0.0693761  0.091953  0.164649
0.319506  -0.134786  -0.0693922  -0.134786  0.279417  0.0919757  -0.0693922  0.0919757  0.164656
0.319717  -0.135146  -0.0697413  -0.135146  0.279856  0.0923226  -0.0697413  0.0923226  0.164808
0.319744  -0.13522  -0.0697498  -0.13522  0.279944  0.0923609  -0.0697498  0.0923609  0.164813
0.319929  -0.135791  -0.0697552  -0.135791  0.280632  0.09263  -0.0697552  0.09263  0.164826
0.319943  -0.135835  -0.0697474  -0.135835  0.280683  0.0926455  -0.0697474  0.0926455  0.164823
0.32002  -0.13601  -0.0698251  -0.13601  0.280897  0.0927677  -0.0698251  0.0927677  0.164859
0.32022  -0.136355  -0.0701984  -0.136355  0.281342  0.0931334  -0.0701984  0.0931334  0.165028
0.320234  -0.136386  -0.0702148  -0.136386  0.281379  0.0931565  -0.0702148  0.0931565  0.165036
0.320424  -0.136908  -0.0702555  -0.136908  0.281998  0.0934124  -0.0702555  0.0934124  0.165059
0.320438  -0.136938  -0.0702719  -0.136938  0.282036  0.0934355  -0.0702719  0.0934355  0.165067
0.320611  -0.137253  -0.0705664  -0.137253  0.282437  0.0937433  -0.0705664  0.0937433  0.165202
0.320625  -0.137284  -0.0705829  -0.137284  0.282475  0.0937665  -0.0705829  0.0937665  0.16521
0.320775  -0.137671  -0.0707099  -0.137671  0.282964  0.0940228  -0.0707099  0.0940228  0.165276
0.320796  -0.137739  -0.0706984  -0.137739  0.283044  0.0940465  -0.0706984  0.0940465  0.165272
0.320925  -0.138059  -0.0708373  -0.138059  0.283456  0.0942799  -0.0708373  0.0942799  0.165343
0.320932  -0.138067  -0.0708577  -0.138067  0.283468  0.0942953  -0.0708577  0.0942953  0.165352
0.321046  -0.138369  -0.0710187  -0.138369  0.28388  0.0945445  -0.0710187  0.0945445  0.165438
0.321054  -0.138391  -0.0710148  -0.138391  0.283906  0.0945524  -0.0710148  0.0945524  0.165437
0.321088  -0.13856  -0.0709609  -0.13856  0.28412  0.0946079  -0.0709609  0.0946079  0.16542
0.321173  -0.138814  -0.0710645  -0.138814  0.284471  0.0948033  -0.0710645  0.0948033  0.16548
0.321181  -0.138822  -0.071085  -0.138822  0.284483  0.0948189  -0.071085  0.0948189  0.165489
0.321244  -0.139037  -0.0711515  -0.139037  0.284783  0.0949755  -0.0711515  0.0949755  0.165532
0.321251  -0.139059  -0.0711477  -0.139059  0.28481  0.0949835  -0.0711477  0.0949835  0.165531
0.321279  -0.139191  -0.0711219  -0.139191  0.284984  0.0950388  -0.0711219  0.0950388  0.165526
0.321359  -0.139369  -0.0712645  -0.139369  0.285229  0.0952114  -0.0712645  0.0952114  0.165598
0.321367  -0.139378  -0.0712851  -0.139378  0.285241  0.095227  -0.0712851  0.095227  0.165607
0.321432  -0.139567  -0.0713379  -0.139567  0.285492  0.0953532  -0.0713379  0.0953532  0.165638
0.321439  -0.13959  -0.071334  -0.13959  0.285519  0.0953612  -0.071334  0.0953612  0.165637
0.321511  -0.139817  -0.0713585  -0.139817  0.285812  0.0954879  -0.0713585  0.0954879  0.165656
0.321519  -0.139826  -0.0713792  -0.139826  0.285824  0.0955036  -0.0713792  0.0955036  0.165665
0.321562  -0.139944  -0.0715066  -0.139944  0.286017  0.0956529  -0.0715066  0.0956529  0.165735
0.321597  -0.140099  -0.071477  -0.140099  0.28622  0.0957166  -0.071477  0.0957166  0.165729
0.321604  -0.140123  -0.0714731  -0.140123  0.286247  0.0957246  -0.0714731  0.0957246  0.165727
0.32161  -0.140186  -0.0714588  -0.140186  0.286341  0.0957562  -0.0714588  0.0957562  0.165727
0.321654  -0.140279  -0.0715724  -0.140279  0.286483  0.0958745  -0.0715724  0.0958745  0.165785
0.321654  -0.140279  -0.0715724  -0.140279  0.286483  0.0958745  -0.0715724  0.0958745  0.165785
0.321666  -0.140434  -0.0714947  -0.140434  0.286701  0.0959222  -0.0714947  0.0959222  0.165762
0.321673  -0.140457  -0.0714908  -0.140457  0.286728  0.0959303  -0.0714908  0.0959303  0.165761
0.321694  -0.140524  -0.0715424  -0.140524  0.286833  0.0960013  -0.0715424  0.0960013  0.16579
0.321694  -0.140524  -0.0715424  -0.140524  0.286833  0.0960013  -0.0715424  0.0960013  0.16579
0.321708  -0.140596  -0.0715488  -0.140596  0.28694  0.0960488  -0.0715488  0.0960488  0.165799
0.321715  -0.140619  -0.0715449  -0.140619  0.286967  0.0960569  -0.0715449  0.0960569  0.165798
0.321736  -0.140715  -0.0715474  -0.140715  0.287102  0.0961124  -0.0715474  0.0961124  0.165806
0.321736  -0.140715  -0.0715474  -0.140715  0.287102  0.0961124  -0.0715474  0.0961124  0.165806
0.321751  -0.140744  -0.0716275  -0.140744  0.287164  0.0961833  -0.0716275  0.0961833  0.165848
0.321751  -0.140744  -0.0716275  -0.140744  0.287164  0.0961833  -0.0716275  0.0961833  0.165848
0.321772  -0.140854  -0.0716054  -0.140854  0.287314  0.0962312  -0.0716054  0.0962312  0.165844
0.321779  -0.140877  -0.0716016  -0.140877  0.287341  0.0962392  -0.0716016  0.0962392  0.165843
0.321786  -0.140898  -0.071661  -0.140898  0.287391  0.0962944  -0.071661  0.0962944  0.165875
0.321786  -0.140898  -0.071661  -0.140898  0.287391  0.0962944  -0.071661  0.0962944  0.165875
0.321783  -0.140979  -0.0716399  -0.140979  0.287526  0.0963417  -0.0716399  0.0963417  0.165878
0.321776  -0.14097  -0.0716192  -0.14097  0.287514  0.0963258  -0.0716192  0.0963258  0.165868
0.32179  -0.141028  -0.0716501  -0.141028  0.287606  0.0963812  -0.0716501  0.0963812  0.165888
0.32179  -0.141028  -0.0716501  -0.141028  0.287606  0.0963812  -0.0716501  0.0963812  0.165888
0.321797  -0.141037  -0.0716709  -0.141037  0.287619  0.0963971  -0.0716709  0.0963971  0.165898
0.321788  -0.141083  -0.071615  -0.141083  0.287689  0.0963971  -0.071615  0.0963971  0.165878
0.321795  -0.141106  -0.0716111  -0.141106  0.287716  0.0964051  -0.0716111  0.0964051  0.165877
0.321811  -0.141124  -0.0716526  -0.141124  0.287741  0.096437  -0.0716526  0.096437  0.165896
0.321811  -0.141124  -0.0716526  -0.141124  0.287741  0.096437  -0.0716526  0.096437  0.165896
0.321833  -0.141179  -0.0716657  -0.141179  0.287809  0.096469  -0.0716657  0.096469  0.165902
0.321825  -0.14117  -0.0716449  -0.14117  0.287797  0.0964531  -0.0716449  0.0964531  0.165893
0.321848  -0.141211  -0.0716826  -0.141211  0.287849  0.096493  -0.0716826  0.096493  0.165911
0.321848  -0.141211  -0.0716826  -0.141211  0.287849  0.096493  -0.0716826  0.096493  0.165911
0.321863  -0.141228  -0.0717241  -0.141228  0.287874  0.0965249  -0.0717241  0.0965249  0.16593
0.321871  -0.141252  -0.0717203  -0.141252  0.287902  0.096533  -0.0717203  0.096533  0.165928
0.321878  -0.141289  -0.0716918  -0.141289  0.287945  0.0965332  -0.0716918  0.0965332  0.165916
0.321878  -0.141289  -0.0716918  -0.141289  0.287945  0.0965332  -0.0716918  0.0965332  0.165916
0.321878  -0.141275  -0.0717164  -0.141275  0.28793  0.0965411  -0.0717164  0.0965411  0.165927
0.321878  -0.141275  -0.0717164  -0.141275  0.28793  0.0965411  -0.0717164  0.0965411  0.165927
0.321878  -0.141289  -0.0716918  -0.141289  0.287945  0.0965332  -0.0716918  0.0965332  0.165916
0.321885  -0.141327  -0.0716633  -0.141327  0.287987  0.0965335  -0.0716633  0.0965335  0.165903
0.321877  -0.141304  -0.0716672  -0.141304  0.28796  0.0965254  -0.0716672  0.0965254  0.165905
0.321885  -0.141312  -0.071688  -0.141312  0.287972  0.0965413  -0.071688  0.0965413  0.165914
0.321885  -0.141312  -0.071688  -0.141312  0.287972  0.0965413  -0.071688  0.0965413  0.165914
0.3219  -0.141347  -0.0716416  -0.141347  0.28799  0.0965181  -0.0716416  0.0965181  0.165888
0.3219  -0.141347  -0.0716416  -0.141347  0.28799  0.0965181  -0.0716416  0.0965181  0.165888
0.321908  -0.141342  -0.0716869  -0.141342  0.287987  0.0965419  -0.0716869  0.0965419  0.165909
0.321908  -0.141342  -0.0716869  -0.141342  0.287987  0.0965419  -0.0716869  0.0965419  0.165909
0.321924  -0.141362  -0.0716652  -0.141362  0.28799  0.0965266  -0.0716652  0.0965266  0.165894
0.321924  -0.141362  -0.0716652  -0.141362  0.28799  0.0965266  -0.0716652  0.0965266  0.165894
0.321932  -0.141371  -0.0716859  -0.141371  0.288003  0.0965425  -0.0716859  0.0965425  0.165903
0.321932  -0.141371  -0.0716859  -0.141371  0.288003  0.0965425  -0.0716859  0.0965425  0.165903
0.321931  -0.141385  -0.0716613  -0.141385  0.288018  0.0965346  -0.0716613  0.0965346  0.165892
0.321931  -0.141385  -0.0716613  -0.141385  0.288018  0.0965346  -0.0716613  0.0965346  0.165892
0.321931  -0.1414  -0.0716367  -0.1414  0.288033  0.0965268  -0.0716367  0.0965268  0.165881
0.321924  -0.141376  -0.0716405  -0.141376  0.288005  0.0965187  -0.0716405  0.0965187  0.165883
0.321923  -0.141391  -0.0716159  -0.141391  0.28802  0.0965108  -0.0716159  0.0965108  0.165872
0.321923  -0.141391  -0.0716159  -0.141391  0.28802  0.0965108  -0.0716159  0.0965108  0.165872
0.321931  -0.141402  -0.0715734  -0.141402  0.288011  0.0964795  -0.0715734  0.0964795  0.165847
0.321931  -0.141402  -0.0715734  -0.141402  0.288011  0.0964795  -0.0715734  0.0964795  0.165847
0.321924  -0.141379  -0.0715772  -0.141379  0.287983  0.0964715  -0.0715772  0.0964715  0.165849
0.321924  -0.141379  -0.0715772  -0.141379  0.287983  0.0964715  -0.0715772  0.0964715  0.165849
0.321932  -0.141391  -0.0715347  -0.141391  0.287973  0.0964402  -0.0715347  0.0964402  0.165824
0.321932  -0.141391  -0.0715347  -0.141391  0.287973  0.0964402  -0.0715347  0.0964402  0.165824
0.321948  -0.141396  -0.0715375  -0.141396  0.287961  0.0964327  -0.0715375  0.0964327  0.16582
0.321948  -0.141396  -0.0715375  -0.141396  0.287961  0.0964327  -0.0715375  0.0964327  0.16582
0.321933  -0.141379  -0.071496  -0.141379  0.287936  0.0964008  -0.071496  0.0964008  0.165801
0.321933  -0.141379  -0.071496  -0.141379  0.287936  0.0964008  -0.071496  0.0964008  0.165801
0.321941  -0.141376  -0.0714781  -0.141376  0.287911  0.0963774  -0.0714781  0.0963774  0.165787
0.321933  -0.141367  -0.0714573  -0.141367  0.287898  0.0963615  -0.0714573  0.0963615  0.165778
0.321934  -0.141355  -0.0714187  -0.141355  0.287861  0.0963222  -0.0714187  0.0963222  0.165755
0.321934  -0.141355  -0.0714187  -0.141355  0.287861  0.0963222  -0.0714187  0.0963222  0.165755
0.321919  -0.141338  -0.0713772  -0.141338  0.287836  0.0962903  -0.0713772  0.0962903  0.165736
0.321919  -0.141338  -0.0713772  -0.141338  0.287836  0.0962903  -0.0713772  0.0962903  0.165736
0.321904  -0.141294  -0.0713217  -0.141294  0.287758  0.0962271  -0.0713217  0.0962271  0.165705
0.321904  -0.141294  -0.0713217  -0.141294  0.287758  0.0962271  -0.0713217  0.0962271  0.165705
0.321881  -0.141267  -0.0712595  -0.141267  0.28772  0.0961795  -0.0712595  0.0961795  0.165676
0.321897  -0.141273  -0.0712623  -0.141273  0.287708  0.0961719  -0.0712623  0.0961719  0.165672
0.321867  -0.141209  -0.0712286  -0.141209  0.287628  0.0961241  -0.0712286  0.0961241  0.165656
0.32186  -0.1412  -0.0712079  -0.1412  0.287615  0.0961083  -0.0712079  0.0961083  0.165647
0.321852  -0.14118  -0.0711486  -0.14118  0.287565  0.0960532  -0.0711486  0.0960532  0.165615
0.321852  -0.14118  -0.0711486  -0.14118  0.287565  0.0960532  -0.0711486  0.0960532  0.165615
0.321838  -0.141122  -0.0711178  -0.141122  0.287473  0.0959979  -0.0711178  0.0959979  0.165595
0.321831  -0.141113  -0.0710971  -0.141113  0.28746  0.0959821  -0.0710971  0.0959821  0.165585
0.321824  -0.141093  -0.0710378  -0.141093  0.287411  0.0959271  -0.0710378  0.0959271  0.165553
0.321824  -0.141093  -0.0710378  -0.141093  0.287411  0.0959271  -0.0710378  0.0959271  0.165553
0.321802  -0.141026  -0.0709864  -0.141026  0.287306  0.0958561  -0.0709864  0.0958561  0.165524
0.321802  -0.141026  -0.0709864  -0.141026  0.287306  0.0958561  -0.0709864  0.0958561  0.165524
0.321764  -0.140967  -0.0709076  -0.140967  0.287228  0.0957848  -0.0709076  0.0957848  0.165488
0.321764  -0.140967  -0.0709076  -0.140967  0.287228  0.0957848  -0.0709076  0.0957848  0.165488
0.321765  -0.140956  -0.0708691  -0.140956  0.287191  0.0957457  -0.0708691  0.0957457  0.165465
0.321727  -0.140883  -0.0708149  -0.140883  0.287099  0.0956824  -0.0708149  0.0956824  0.16544
0.321727  -0.140883  -0.0708149  -0.140883  0.287099  0.0956824  -0.0708149  0.0956824  0.16544
0.321705  -0.140831  -0.0707391  -0.140831  0.287009  0.0956038  -0.0707391  0.0956038  0.1654
0.321705  -0.140831  -0.0707391  -0.140831  0.287009  0.0956038  -0.0707391  0.0956038  0.1654
0.32166  -0.140749  -0.0706644  -0.140749  0.286905  0.0955248  -0.0706644  0.0955248  0.165366
0.321653  -0.140741  -0.0706438  -0.140741  0.286892  0.0955091  -0.0706438  0.0955091  0.165356
0.321631  -0.140674  -0.0705926  -0.140674  0.286788  0.0954384  -0.0705926  0.0954384  0.165327
0.321631  -0.140674  -0.0705926  -0.140674  0.286788  0.0954384  -0.0705926  0.0954384  0.165327
0.321579  -0.140584  -0.0704974  -0.140584  0.286671  0.0953439  -0.0704974  0.0953439  0.165284
0.321556  -0.140544  -0.0704602  -0.140544  0.286619  0.0953045  -0.0704602  0.0953045  0.165267
0.321549  -0.140535  -0.0704396  -0.140535  0.286607  0.0952888  -0.0704396  0.0952888  0.165258
0.321504  -0.140454  -0.0703652  -0.140454  0.286502  0.0952102  -0.0703652  0.0952102  0.165223
0.321497  -0.140431  -0.0703692  -0.140431  0.286475  0.0952022  -0.0703692  0.0952022  0.165225
0.321459  -0.140373  -0.0702909  -0.140373  0.286398  0.0951316  -0.0702909  0.0951316  0.16519
0.321459  -0.140373  -0.0702909  -0.140373  0.286398  0.0951316  -0.0702909  0.0951316  0.16519
0.321414  -0.140292  -0.0702166  -0.140292  0.286294  0.0950532  -0.0702166  0.0950532  0.165156
0.321407  -0.140269  -0.0702206  -0.140269  0.286267  0.0950452  -0.0702206  0.0950452  0.165157
0.321377  -0.14022  -0.0701629  -0.14022  0.286203  0.0949904  -0.0701629  0.0949904  0.165131
0.321377  -0.14022  -0.0701629  -0.14022  0.286203  0.0949904  -0.0701629  0.0949904  0.165131
0.32134  -0.140148  -0.0701093  -0.140148  0.286111  0.0949277  -0.0701093  0.0949277  0.165106
0.32134  -0.140148  -0.0701093  -0.140148  0.286111  0.0949277  -0.0701093  0.0949277  0.165106
0.321311  -0.140099  -0.0700517  -0.140099  0.286047  0.0948729  -0.0700517  0.0948729  0.16508
0.321311  -0.140099  -0.0700517  -0.140099  0.286047  0.0948729  -0.0700517  0.0948729  0.16508
0.321274  -0.140027  -0.0699982  -0.140027  0.285956  0.0948104  -0.0699982  0.0948104  0.165056
0.321274  -0.140027  -0.0699982  -0.140027  0.285956  0.0948104  -0.0699982  0.0948104  0.165056
0.321266  -0.140018  -0.0699777  -0.140018  0.285944  0.0947948  -0.0699777  0.0947948  0.165047
0.321245  -0.139952  -0.0699269  -0.139952  0.28584  0.0947247  -0.0699269  0.0947247  0.165018
0.321245  -0.139952  -0.0699269  -0.139952  0.28584  0.0947247  -0.0699269  0.0947247  0.165018
0.321223  -0.139912  -0.0698899  -0.139912  0.285788  0.0946857  -0.0698899  0.0946857  0.165001
0.321223  -0.139912  -0.0698899  -0.139912  0.285788  0.0946857  -0.0698899  0.0946857  0.165001
0.321215  -0.139903  -0.0698694  -0.139903  0.285776  0.0946701  -0.0698694  0.0946701  0.164992
0.321209  -0.139869  -0.0698351  -0.139869  0.285712  0.0946236  -0.0698351  0.0946236  0.164972
0.321209  -0.139869  -0.0698351  -0.139869  0.285712  0.0946236  -0.0698351  0.0946236  0.164972
0.321187  -0.139829  -0.0697982  -0.139829  0.28566  0.0945847  -0.0697982  0.0945847  0.164955
0.321187  -0.139829  -0.0697982  -0.139829  0.28566  0.0945847  -0.0697982  0.0945847  0.164955
0.32118  -0.139794  -0.069764  -0.139794  0.285596  0.0945382  -0.069764  0.0945382  0.164934
0.32118  -0.139794  -0.069764  -0.139794  0.285596  0.0945382  -0.069764  0.0945382  0.164934
0.321158  -0.139754  -0.069727  -0.139754  0.285545  0.0944993  -0.069727  0.0944993  0.164917
0.321174  -0.13976  -0.0697297  -0.13976  0.285532  0.0944918  -0.0697297  0.0944918  0.164913
0.321159  -0.139742  -0.0696889  -0.139742  0.285508  0.0944607  -0.0696889  0.0944607  0.164895
0.321159  -0.139742  -0.0696889  -0.139742  0.285508  0.0944607  -0.0696889  0.0944607  0.164895
0.321159  -0.139731  -0.0696507  -0.139731  0.285471  0.0944222  -0.0696507  0.0944222  0.164873
0.321159  -0.139731  -0.0696507  -0.139731  0.285471  0.0944222  -0.0696507  0.0944222  0.164873
0.32116  -0.139719  -0.0696125  -0.139719  0.285434  0.0943837  -0.0696125  0.0943837  0.164851
0.321176  -0.139725  -0.0696152  -0.139725  0.285422  0.0943762  -0.0696152  0.0943762  0.164847
0.321169  -0.139705  -0.0695566  -0.139705  0.285373  0.0943221  -0.0695566  0.0943221  0.164816
0.321169  -0.139705  -0.0695566  -0.139705  0.285373  0.0943221  -0.0695566  0.0943221  0.164816
0.321162  -0.13967  -0.0695224  -0.13967  0.285309  0.0942758  -0.0695224  0.0942758  0.164796
0.321162  -0.13967  -0.0695224  -0.13967  0.285309  0.0942758  -0.0695224  0.0942758  0.164796
0.321179  -0.139664  -0.0694869  -0.139664  0.285259  0.0942298  -0.0694869  0.0942298  0.16477
0.321179  -0.139664  -0.0694869  -0.139664  0.285259  0.0942298  -0.0694869  0.0942298  0.16477
0.321195  -0.139658  -0.0694513  -0.139658  0.28521  0.0941839  -0.0694513  0.0941839  0.164744
0.321195  -0.139658  -0.0694513  -0.139658  0.28521  0.0941839  -0.0694513  0.0941839  0.164744
0.321187  -0.13965  -0.0694309  -0.13965  0.285198  0.0941684  -0.0694309  0.0941684  0.164735
0.321196  -0.139635  -0.069375  -0.139635  0.285137  0.094107  -0.069375  0.094107  0.1647
0.321196  -0.139635  -0.069375  -0.139635  0.285137  0.094107  -0.069375  0.094107  0.1647
0.321205  -0.13962  -0.0693192  -0.13962  0.285075  0.0940456  -0.0693192  0.0940456  0.164665
0.321205  -0.13962  -0.0693192  -0.13962  0.285075  0.0940456  -0.0693192  0.0940456  0.164665
0.321213  -0.139617  -0.0693014  -0.139617  0.285051  0.0940226  -0.0693014  0.0940226  0.164652
0.321206  -0.139597  -0.0692429  -0.139597  0.285002  0.0939688  -0.0692429  0.0939688  0.164621
0.321206  -0.139597  -0.0692429  -0.139597  0.285002  0.0939688  -0.0692429  0.0939688  0.164621
0.321208  -0.13956  -0.069191  -0.13956  0.284913  0.0938997  -0.069191  0.0938997  0.164588
0.321208  -0.13956  -0.069191  -0.13956  0.284913  0.0938997  -0.069191  0.0938997  0.164588
0.321217  -0.139545  -0.0691351  -0.139545  0.284852  0.0938384  -0.0691351  0.0938384  0.164553
0.321217  -0.139545  -0.0691351  -0.139545  0.284852  0.0938384  -0.0691351  0.0938384  0.164553
0.321218  -0.139507  -0.0690833  -0.139507  0.284763  0.0937694  -0.0690833  0.0937694  0.16452
0.321218  -0.139507  -0.0690833  -0.139507  0.284763  0.0937694  -0.0690833  0.0937694  0.16452
0.321204  -0.139464  -0.0690288  -0.139464  0.284688  0.0937079  -0.0690288  0.0937079  0.16449
0.321204  -0.139464  -0.0690288  -0.139464  0.284688  0.0937079  -0.0690288  0.0937079  0.16449
0.321213  -0.13945  -0.068973  -0.13945  0.284626  0.0936467  -0.068973  0.0936467  0.164456
0.321213  -0.13945  -0.068973  -0.13945  0.284626  0.0936467  -0.068973  0.0936467  0.164456
0.321199  -0.139407  -0.0689186  -0.139407  0.284551  0.0935852  -0.0689186  0.0935852  0.164427
0.321199  -0.139407  -0.0689186  -0.139407  0.284551  0.0935852  -0.0689186  0.0935852  0.164427
0.321192  -0.139386  -0.0688602  -0.139386  0.284502  0.0935316  -0.0688602  0.0935316  0.164396
0.3212  -0.139383  -0.0688425  -0.139383  0.284477  0.0935088  -0.0688425  0.0935088  0.164383
0.321186  -0.13934  -0.0687881  -0.13934  0.284402  0.0934474  -0.0687881  0.0934474  0.164354
0.321179  -0.139317  -0.0687921  -0.139317  0.284375  0.0934397  -0.0687921  0.0934397  0.164356
0.321165  -0.139274  -0.0687378  -0.139274  0.284299  0.0933784  -0.0687378  0.0933784  0.164327
0.321165  -0.139274  -0.0687378  -0.139274  0.284299  0.0933784  -0.0687378  0.0933784  0.164327
0.321135  -0.13924  -0.0686566  -0.13924  0.284251  0.093317  -0.0686566  0.093317  0.164292
0.321135  -0.13924  -0.0686566  -0.13924  0.284251  0.093317  -0.0686566  0.093317  0.164292
0.321114  -0.139174  -0.0686064  -0.139174  0.284148  0.0932481  -0.0686064  0.0932481  0.164264
0.321114  -0.139174  -0.0686064  -0.139174  0.284148  0.0932481  -0.0686064  0.0932481  0.164264
0.3211  -0.139146  -0.0685279  -0.139146  0.284087  0.0931794  -0.0685279  0.0931794  0.164225
0.3211  -0.139146  -0.0685279  -0.139146  0.284087  0.0931794  -0.0685279  0.0931794  0.164225
0.321079  -0.13908  -0.0684777  -0.13908  0.283985  0.0931106  -0.0684777  0.0931106  0.164198
0.321072  -0.139071  -0.0684574  -0.139071  0.283973  0.0930953  -0.0684574  0.0930953  0.164189
0.321064  -0.139063  -0.0684372  -0.139063  0.283961  0.09308  -0.0684372  0.09308  0.16418
0.321043  -0.139011  -0.0683628  -0.139011  0.283874  0.0930037  -0.0683628  0.0930037  0.164143
0.321043  -0.139011  -0.0683628  -0.139011  0.283874  0.0930037  -0.0683628  0.0930037  0.164143
0.321014  -0.138951  -0.0682682  -0.138951  0.283774  0.0929122  -0.0682682  0.0929122  0.164097
0.321014  -0.138951  -0.0682682  -0.138951  0.283774  0.0929122  -0.0682682  0.0929122  0.164097
0.32097  -0.138886  -0.0681712  -0.138886  0.283687  0.0928283  -0.0681712  0.0928283  0.164055
0.320985  -0.138891  -0.0681737  -0.138891  0.283675  0.0928208  -0.0681737  0.0928208  0.164051
0.320941  -0.138826  -0.0680768  -0.138826  0.283588  0.092737  -0.0680768  0.092737  0.164009
0.320941  -0.138826  -0.0680768  -0.138826  0.283588  0.092737  -0.0680768  0.092737  0.164009
0.320912  -0.138766  -0.0679825  -0.138766  0.283489  0.0926458  -0.0679825  0.0926458  0.163964
0.320905  -0.138758  -0.0679623  -0.138758  0.283477  0.0926306  -0.0679623  0.0926306  0.163955
0.320876  -0.138698  -0.0678681  -0.138698  0.283378  0.0925395  -0.0678681  0.0925395  0.16391
0.320869  -0.138675  -0.0678721  -0.138675  0.283351  0.0925319  -0.0678721  0.0925319  0.163911
0.320841  -0.138615  -0.067778  -0.138615  0.283252  0.0924409  -0.067778  0.0924409  0.163866
0.320833  -0.138607  -0.0677578  -0.138607  0.28324  0.0924257  -0.0677578  0.0924257  0.163857
0.320797  -0.138538  -0.0676437  -0.138538  0.28313  0.0923197  -0.0676437  0.0923197  0.163804
0.320797  -0.138538  -0.0676437  -0.138538  0.28313  0.0923197  -0.0676437  0.0923197  0.163804
0.320754  -0.138448  -0.0675336  -0.138448  0.282992  0.0922063  -0.0675336  0.0922063  0.163751
0.320754  -0.138448  -0.0675336  -0.138448  0.282992  0.0922063  -0.0675336  0.0922063  0.163751
0.320681  -0.138335  -0.0673812  -0.138335  0.282844  0.0920703  -0.0673812  0.0920703  0.163687
0.320681  -0.138335  -0.0673812  -0.138335  0.282844  0.0920703  -0.0673812  0.0920703  0.163687
0.320631  -0.138236  -0.0672514  -0.138236  0.282695  0.0919421  -0.0672514  0.0919421  0.163626
0.320624  -0.138227  -0.0672313  -0.138227  0.282683  0.0919271  -0.0672313  0.0919271  0.163618
0.320602  -0.138188  -0.0671954  -0.138188  0.282633  0.0918894  -0.0671954  0.0918894  0.163603
0.320544  -0.138106  -0.0670593  -0.138106  0.282524  0.0917766  -0.0670593  0.0917766  0.163545
0.320537  -0.138097  -0.0670393  -0.138097  0.282512  0.0917616  -0.0670393  0.0917616  0.163537
0.320487  -0.137999  -0.06691  -0.137999  0.282363  0.0916339  -0.06691  0.0916339  0.163478
0.32048  -0.13799  -0.06689  -0.13799  0.282352  0.0916189  -0.06689  0.0916189  0.163469
0.320415  -0.137886  -0.0667584  -0.137886  0.282216  0.091499  -0.0667584  0.091499  0.163414
0.320407  -0.137878  -0.0667385  -0.137878  0.282204  0.0914841  -0.0667385  0.0914841  0.163406
0.320335  -0.137766  -0.0665872  -0.137766  0.282057  0.0913494  -0.0665872  0.0913494  0.163342
0.320328  -0.137757  -0.0665673  -0.137757  0.282045  0.0913345  -0.0665673  0.0913345  0.163334
0.320256  -0.137645  -0.0664163  -0.137645  0.281898  0.0912002  -0.0664163  0.0912002  0.163271
0.320256  -0.137645  -0.0664163  -0.137645  0.281898  0.0912002  -0.0664163  0.0912002  0.163271
0.320177  -0.137525  -0.0662456  -0.137525  0.28174  0.0910512  -0.0662456  0.0910512  0.163201
0.320177  -0.137525  -0.0662456  -0.137525  0.28174  0.0910512  -0.0662456  0.0910512  0.163201
0.320091  -0.137382  -0.0660794  -0.137382  0.281556  0.0908951  -0.0660794  0.0908951  0.163132
0.320091  -0.137382  -0.0660794  -0.137382  0.281556  0.0908951  -0.0660794  0.0908951  0.163132
0.320013  -0.137262  -0.0659093  -0.137262  0.281398  0.0907468  -0.0659093  0.0907468  0.163062
0.319991  -0.137249  -0.0658872  -0.137249  0.281399  0.0907395  -0.0658872  0.0907395  0.163058
0.319919  -0.137138  -0.0657372  -0.137138  0.281253  0.0906063  -0.0657372  0.0906063  0.162996
0.319905  -0.137107  -0.0657216  -0.137107  0.281215  0.0905841  -0.0657216  0.0905841  0.16299
0.31982  -0.136991  -0.0655696  -0.136991  0.281082  0.0904587  -0.0655696  0.0904587  0.162932
0.319812  -0.136982  -0.0655499  -0.136982  0.28107  0.090444  -0.0655499  0.090444  0.162924
0.319728  -0.136841  -0.0653849  -0.136841  0.280887  0.0902893  -0.0653849  0.0902893  0.162857
0.319721  -0.136832  -0.0653652  -0.136832  0.280875  0.0902746  -0.0653652  0.0902746  0.162849
0.319671  -0.136758  -0.0653122  -0.136758  0.280801  0.0902232  -0.0653122  0.0902232  0.162832
0.319586  -0.136631  -0.0651238  -0.136631  0.280633  0.0900617  -0.0651238  0.0900617  0.162756
0.319579  -0.136623  -0.0651042  -0.136623  0.280621  0.090047  -0.0651042  0.090047  0.162748
0.31948  -0.136476  -0.0649377  -0.136476  0.280451  0.0899007  -0.0649377  0.0899007  0.162686
0.31948  -0.136476  -0.0649377  -0.136476  0.280451  0.0899007  -0.0649377  0.0899007  0.162686
0.319446  -0.136407  -0.0648873  -0.136407  0.280365  0.0898422  -0.0648873  0.0898422  0.162665
0.319369  -0.136289  -0.0647193  -0.136289  0.280209  0.0896962  -0.0647193  0.0896962  0.162598
0.319369  -0.136289  -0.0647193  -0.136289  0.280209  0.0896962  -0.0647193  0.0896962  0.162598
0.319278  -0.136152  -0.0645732  -0.136152  0.280052  0.0895652  -0.0645732  0.0895652  0.162544
0.319264  -0.136121  -0.0645578  -0.136121  0.280014  0.0895434  -0.0645578  0.0895434  0.162537
0.319181  -0.135981  -0.0643946  -0.135981  0.279833  0.0893908  -0.0643946  0.0893908  0.162472
0.319174  -0.135973  -0.0643751  -0.135973  0.279822  0.0893762  -0.0643751  0.0893762  0.162465
0.319084  -0.135836  -0.0642296  -0.135836  0.279665  0.0892459  -0.0642296  0.0892459  0.162411
0.31907  -0.135806  -0.0642143  -0.135806  0.279627  0.0892242  -0.0642143  0.0892242  0.162405
0.319043  -0.13576  -0.0641601  -0.13576  0.279567  0.0891735  -0.0641601  0.0891735  0.162384
0.318932  -0.135585  -0.0639803  -0.135585  0.279362  0.0890075  -0.0639803  0.0890075  0.162317
0.318925  -0.135577  -0.0639608  -0.135577  0.279351  0.0889931  -0.0639608  0.0889931  0.162309
0.318837  -0.135416  -0.063803  -0.135416  0.279146  0.0888345  -0.063803  0.0888345  0.162247
0.318823  -0.1354  -0.0637642  -0.1354  0.279123  0.0888057  -0.0637642  0.0888057  0.162232
0.318707  -0.135204  -0.0635895  -0.135204  0.278893  0.0886335  -0.0635895  0.0886335  0.162167
0.3187  -0.135196  -0.0635701  -0.135196  0.278882  0.0886192  -0.0635701  0.0886192  0.16216
0.318605  -0.135027  -0.0633937  -0.135027  0.278666  0.0884472  -0.0633937  0.0884472  0.162091
0.318599  -0.135019  -0.0633744  -0.135019  0.278655  0.0884329  -0.0633744  0.0884329  0.162083
0.318498  -0.134829  -0.0632026  -0.134829  0.278414  0.0882542  -0.0632026  0.0882542  0.162016
0.318491  -0.134821  -0.0631833  -0.134821  0.278403  0.0882399  -0.0631833  0.0882399  0.162009
0.318451  -0.134745  -0.0631147  -0.134745  0.278307  0.0881686  -0.0631147  0.0881686  0.161982
0.318357  -0.134578  -0.0629393  -0.134578  0.278092  0.0879978  -0.0629393  0.0879978  0.161914
0.318344  -0.134548  -0.0629243  -0.134548  0.278055  0.0879764  -0.0629243  0.0879764  0.161908
0.318251  -0.134367  -0.0627727  -0.134367  0.277827  0.0878132  -0.0627727  0.0878132  0.161849
0.318244  -0.134359  -0.0627535  -0.134359  0.277816  0.087799  -0.0627535  0.087799  0.161841
0.31813  -0.134165  -0.062581  -0.134165  0.27759  0.0876295  -0.062581  0.0876295  0.161779
0.318117  -0.134136  -0.0625662  -0.134136  0.277553  0.0876082  -0.0625662  0.0876082  0.161773
0.318005  -0.133918  -0.0623813  -0.133918  0.277278  0.0874106  -0.0623813  0.0874106  0.161702
0.317992  -0.133888  -0.0623665  -0.133888  0.277242  0.0873895  -0.0623665  0.0873895  0.161696
0.31788  -0.133685  -0.0621588  -0.133685  0.276982  0.0871856  -0.0621588  0.0871856  0.161617
0.317867  -0.133655  -0.062144  -0.133655  0.276946  0.0871645  -0.062144  0.0871645  0.161611
0.317763  -0.133446  -0.0619792  -0.133446  0.276684  0.0869822  -0.0619792  0.0869822  0.161548
0.317756  -0.133438  -0.0619602  -0.133438  0.276673  0.0869682  -0.0619602  0.0869682  0.161541
0.317646  -0.133222  -0.0617768  -0.133222  0.276401  0.0867725  -0.0617768  0.0867725  0.161471
0.317633  -0.133193  -0.0617621  -0.133193  0.276365  0.0867516  -0.0617621  0.0867516  0.161465
0.317523  -0.132977  -0.0615793  -0.132977  0.276094  0.0865565  -0.0615793  0.0865565  0.161396
0.317517  -0.132956  -0.0615836  -0.132956  0.276069  0.0865495  -0.0615836  0.0865495  0.161397
0.317408  -0.132727  -0.0614244  -0.132727  0.275784  0.086362  -0.0614244  0.086362  0.161337
0.317389  -0.13269  -0.0613909  -0.13269  0.275737  0.0863273  -0.0613909  0.0863273  0.161324
0.317364  -0.13262  -0.0613258  -0.13262  0.275631  0.0862506  -0.0613258  0.0862506  0.161295
0.317249  -0.132384  -0.0611483  -0.132384  0.275337  0.0860501  -0.0611483  0.0860501  0.161228
0.317237  -0.132355  -0.0611338  -0.132355  0.275301  0.0860294  -0.0611338  0.0860294  0.161223
0.317116  -0.132112  -0.060938  -0.132112  0.274997  0.0858158  -0.060938  0.0858158  0.16115
0.317116  -0.132112  -0.060938  -0.132112  0.274997  0.0858158  -0.060938  0.0858158  0.16115
0.317003  -0.131867  -0.0607259  -0.131867  0.274671  0.0855818  -0.0607259  0.0855818  0.161066
0.316984  -0.13183  -0.0606927  -0.13183  0.274625  0.0855476  -0.0606927  0.0855476  0.161054
0.316852  -0.13156  -0.0604837  -0.13156  0.274288  0.085315  -0.0604837  0.085315  0.160977
0.316839  -0.131531  -0.0604693  -0.131531  0.274252  0.0852946  -0.0604693  0.0852946  0.160971
0.316728  -0.131274  -0.0602815  -0.131274  0.273915  0.0850691  -0.0602815  0.0850691  0.160897
0.316722  -0.131266  -0.0602628  -0.131266  0.273904  0.0850555  -0.0602628  0.0850555  0.160891
0.316597  -0.131005  -0.0600737  -0.131005  0.27358  0.0848383  -0.0600737  0.0848383  0.160822
0.316585  -0.130976  -0.0600594  -0.130976  0.273545  0.084818  -0.0600594  0.084818  0.160816
0.316475  -0.13072  -0.0598727  -0.13072  0.273209  0.0845941  -0.0598727  0.0845941  0.160743
0.316469  -0.130712  -0.0598541  -0.130712  0.273199  0.0845806  -0.0598541  0.0845806  0.160737
0.316341  -0.130421  -0.0596352  -0.130421  0.272819  0.0843239  -0.0596352  0.0843239  0.160653
0.316335  -0.130413  -0.0596166  -0.130413  0.272809  0.0843105  -0.0596166  0.0843105  0.160647
0.316206  -0.130133  -0.0594337  -0.130133  0.272464  0.084089  -0.0594337  0.084089  0.16058
0.316188  -0.130097  -0.0594011  -0.130097  0.272419  0.0840555  -0.0594011  0.0840555  0.160569
0.316147  -0.12998  -0.0593279  -0.12998  0.272257  0.0839544  -0.0593279  0.0839544  0.160538
0.316019  -0.129715  -0.059123  -0.129715  0.271928  0.0837275  -0.059123  0.0837275  0.160465
0.316013  -0.129707  -0.0591045  -0.129707  0.271918  0.0837142  -0.0591045  0.0837142  0.160459
0.31588  -0.129422  -0.0589046  -0.129422  0.271566  0.0834814  -0.0589046  0.0834814  0.160388
0.31588  -0.129422  -0.0589046  -0.129422  0.271566  0.0834814  -0.0589046  0.0834814  0.160388
0.315754  -0.129158  -0.058701  -0.129158  0.271239  0.0832562  -0.058701  0.0832562  0.160316
0.315748  -0.129151  -0.0586826  -0.129151  0.271229  0.083243  -0.0586826  0.083243  0.16031
0.315636  -0.128892  -0.0584812  -0.128892  0.270891  0.0830112  -0.0584812  0.0830112  0.160235
0.315624  -0.128864  -0.0584673  -0.128864  0.270857  0.0829914  -0.0584673  0.0829914  0.16023
0.315524  -0.128634  -0.0582804  -0.128634  0.270554  0.0827802  -0.0582804  0.0827802  0.160161
0.315519  -0.128614  -0.0582848  -0.128614  0.270531  0.0827736  -0.0582848  0.0827736  0.160162
0.315406  -0.12838  -0.0580968  -0.12838  0.270241  0.0825705  -0.0580968  0.0825705  0.160098
0.315388  -0.128345  -0.0580647  -0.128345  0.270197  0.0825378  -0.0580647  0.0825378  0.160087
0.315347  -0.128253  -0.0580051  -0.128253  0.270085  0.0824659  -0.0580051  0.0824659  0.160066
0.315249  -0.128012  -0.057842  -0.128012  0.269772  0.0822628  -0.057842  0.0822628  0.160005
0.315237  -0.127984  -0.0578282  -0.127984  0.269738  0.0822433  -0.0578282  0.0822433  0.16
0.315127  -0.127738  -0.0576639  -0.127738  0.269438  0.0820482  -0.0576639  0.0820482  0.159944
0.315115  -0.127711  -0.0576502  -0.127711  0.269404  0.0820287  -0.0576502  0.0820287  0.159939
0.31508  -0.12764  -0.0575866  -0.12764  0.269317  0.0819639  -0.0575866  0.0819639  0.159918
0.314982  -0.127424  -0.0574366  -0.127424  0.269052  0.0817892  -0.0574366  0.0817892  0.159867
0.314976  -0.127417  -0.0574185  -0.127417  0.269042  0.0817763  -0.0574185  0.0817763  0.159861
0.314872  -0.127193  -0.0572509  -0.127193  0.268767  0.0815892  -0.0572509  0.0815892  0.159805
0.314803  -0.12704  -0.0571468  -0.12704  0.26858  0.0814668  -0.0571468  0.0814668  0.15977
0.314797  -0.127033  -0.0571288  -0.127033  0.26857  0.081454  -0.0571288  0.081454  0.159764
0.314757  -0.126943  -0.0570701  -0.126943  0.26846  0.0813833  -0.0570701  0.0813833  0.159745
0.314672  -0.126746  -0.0569003  -0.126746  0.268199  0.0811965  -0.0569003  0.0811965  0.159684
0.314667  -0.126725  -0.0569048  -0.126725  0.268175  0.0811901  -0.0569048  0.0811901  0.159685
0.31457  -0.126524  -0.0567339  -0.126524  0.267927  0.0810112  -0.0567339  0.0810112  0.159629
0.314559  -0.126496  -0.0567204  -0.126496  0.267894  0.080992  -0.0567204  0.080992  0.159625
0.31448  -0.126307  -0.0565694  -0.126307  0.267643  0.080819  -0.0565694  0.080819  0.159571
0.314413  -0.126155  -0.0564664  -0.126155  0.267459  0.0806982  -0.0564664  0.0806982  0.159537
0.314407  -0.126148  -0.0564485  -0.126148  0.267449  0.0806855  -0.0564485  0.0806855  0.159532
0.314368  -0.126059  -0.0563904  -0.126059  0.26734  0.0806157  -0.0563904  0.0806157  0.159512
0.314266  -0.125852  -0.056203  -0.125852  0.267084  0.0804258  -0.056203  0.0804258  0.159452
0.31426  -0.125845  -0.0561852  -0.125845  0.267074  0.0804132  -0.0561852  0.0804132  0.159447
0.314171  -0.125653  -0.0560338  -0.125653  0.266838  0.0802491  -0.0560338  0.0802491  0.159398
0.314165  -0.125646  -0.056016  -0.125646  0.266828  0.0802365  -0.056016  0.0802365  0.159393
0.314076  -0.125467  -0.0558429  -0.125467  0.266606  0.0800667  -0.0558429  0.0800667  0.159338
0.31407  -0.12546  -0.0558251  -0.12546  0.266596  0.0800541  -0.0558251  0.0800541  0.159333
0.313987  -0.125289  -0.05567  -0.125289  0.266385  0.0798973  -0.05567  0.0798973  0.159284
0.313926  -0.12516  -0.0555639  -0.12516  0.266225  0.0797846  -0.0555639  0.0797846  0.159251
0.313926  -0.12516  -0.0555639  -0.12516  0.266225  0.0797846  -0.0555639  0.0797846  0.159251
0.313892  -0.125091  -0.0555021  -0.125091  0.266141  0.0797221  -0.0555021  0.0797221  0.159231
0.313804  -0.124901  -0.0553522  -0.124901  0.265908  0.0795599  -0.0553522  0.0795599  0.159184
0.313804  -0.124901  -0.0553522  -0.124901  0.265908  0.0795599  -0.0553522  0.0795599  0.159184
0.313705  -0.124707  -0.0552013  -0.124707  0.265687  0.0794053  -0.0552013  0.0794053  0.159142
0.313705  -0.124707  -0.0552013  -0.124707  0.265687  0.0794053  -0.0552013  0.0794053  0.159142
0.313628  -0.124557  -0.0550431  -0.124557  0.2655  0.0792565  -0.0550431  0.0792565  0.159094
0.313561  -0.124445  -0.0549321  -0.124445  0.265377  0.0791585  -0.0549321  0.0791585  0.159065
0.313556  -0.124425  -0.0549366  -0.124425  0.265355  0.0791522  -0.0549366  0.0791522  0.159066
0.313461  -0.124278  -0.054738  -0.124278  0.265184  0.0789929  -0.054738  0.0789929  0.159011
0.313451  -0.124252  -0.0547249  -0.124252  0.265152  0.0789744  -0.0547249  0.0789744  0.159007
0.313423  -0.124204  -0.0546593  -0.124204  0.265091  0.078919  -0.0546593  0.078919  0.158987
0.313341  -0.124059  -0.0545184  -0.124059  0.264928  0.0787909  -0.0545184  0.0787909  0.158949
0.313336  -0.124039  -0.0545229  -0.124039  0.264905  0.0787846  -0.0545229  0.0787846  0.158951
0.313253  -0.123906  -0.0543602  -0.123906  0.264755  0.0786508  -0.0543602  0.0786508  0.158907
0.313243  -0.12388  -0.0543473  -0.12388  0.264723  0.0786324  -0.0543473  0.0786324  0.158903
