0.306689  -0.0579571  -0.0105165  -0.0579571  0.213823  0.0393901  -0.0105165  0.0393901  0.17313
0.306689  -0.0579571  -0.0105165  -0.0579571  0.213823  0.0393901  -0.0105165  0.0393901  0.17313
0.306689  -0.0579571  -0.0105165  -0.0579571  0.213823  0.0393901  -0.0105165  0.0393901  0.17313
0.306679  -0.0579572  -0.0106037  -0.0579572  0.213873  0.0394297  -0.0106037  0.0394297  0.173096
0.306675  -0.0579595  -0.0106124  -0.0579595  0.213874  0.0394325  -0.0106124  0.0394325  0.17309
0.306657  -0.0579982  -0.0107062  -0.0579982  0.21395  0.0394929  -0.0107062  0.0394929  0.173045
0.306652  -0.0580005  -0.0107149  -0.0580005  0.213952  0.0394957  -0.0107149  0.0394957  0.173039
0.306608  -0.05803  -0.0108678  -0.05803  0.214018  0.039561  -0.0108678  0.039561  0.172952
0.306603  -0.0580323  -0.0108765  -0.0580323  0.21402  0.0395638  -0.0108765  0.0395638  0.172945
0.306565  -0.0580623  -0.0110303  -0.0580623  0.214098  0.0396348  -0.0110303  0.0396348  0.172865
0.306556  -0.0580668  -0.0110476  -0.0580668  0.214101  0.0396404  -0.0110476  0.0396404  0.172852
0.306515  -0.0580958  -0.0112413  -0.0580958  0.214203  0.0397304  -0.0112413  0.0397304  0.172759
0.306511  -0.058098  -0.01125  -0.058098  0.214205  0.0397332  -0.01125  0.0397332  0.172752
0.306496  -0.0581239  -0.0112995  -0.0581239  0.214241  0.0397642  -0.0112995  0.0397642  0.172724
0.306497  -0.0581267  -0.0113087  -0.0581267  0.214253  0.0397723  -0.0113087  0.0397723  0.172723
0.30651  -0.0580874  -0.0113421  -0.0580874  0.214261  0.0397755  -0.0113421  0.0397755  0.172726
0.30651  -0.0580874  -0.0113421  -0.0580874  0.214261  0.0397755  -0.0113421  0.0397755  0.172726
0.30657  -0.0580566  -0.0113088  -0.0580566  0.214309  0.0397867  -0.0113088  0.0397867  0.172795
0.30657  -0.0580566  -0.0113088  -0.0580566  0.214309  0.0397867  -0.0113088  0.0397867  0.172795
0.306631  -0.0580336  -0.0113027  -0.0580336  0.214383  0.0398171  -0.0113027  0.0398171  0.172856
0.306635  -0.0580313  -0.011294  -0.0580313  0.214381  0.0398143  -0.011294  0.0398143  0.172863
0.306687  -0.0580251  -0.011262  -0.0580251  0.214438  0.0398351  -0.011262  0.0398351  0.172923
0.306687  -0.0580251  -0.011262  -0.0580251  0.214438  0.0398351  -0.011262  0.0398351  0.172923
0.306718  -0.0579996  -0.0112534  -0.0579996  0.214459  0.0398388  -0.0112534  0.0398388  0.172955
0.306724  -0.0579862  -0.0112485  -0.0579862  0.214453  0.0398327  -0.0112485  0.0398327  0.172963
0.306727  -0.057975  -0.0112522  -0.057975  0.214449  0.0398294  -0.0112522  0.0398294  0.172964
0.306726  -0.057918  -0.0112699  -0.057918  0.214407  0.0398021  -0.0112699  0.0398021  0.172958
0.306729  -0.0579068  -0.0112737  -0.0579068  0.214402  0.0397988  -0.0112737  0.0397988  0.172959
0.306724  -0.0578522  -0.0113001  -0.0578522  0.214362  0.0397744  -0.0113001  0.0397744  0.172946
0.306724  -0.0578522  -0.0113001  -0.0578522  0.214362  0.0397744  -0.0113001  0.0397744  0.172946
0.306728  -0.057773  -0.0113252  -0.057773  0.214312  0.0397406  -0.0113252  0.0397406  0.172942
0.306722  -0.0577725  -0.0113247  -0.0577725  0.214301  0.0397352  -0.0113247  0.0397352  0.172936
0.306746  -0.0576731  -0.0113188  -0.0576731  0.21424  0.0396869  -0.0113188  0.0396869  0.172959
0.306746  -0.0576731  -0.0113188  -0.0576731  0.21424  0.0396869  -0.0113188  0.0396869  0.172959
0.306781  -0.0575808  -0.0112922  -0.0575808  0.214191  0.0396416  -0.0112922  0.0396416  0.172999
0.306788  -0.0575674  -0.0112872  -0.0575674  0.214186  0.0396355  -0.0112872  0.0396355  0.173007
0.306805  -0.0575382  -0.0112686  -0.0575382  0.214172  0.0396205  -0.0112686  0.0396205  0.173028
0.30685  -0.0574643  -0.0112177  -0.0574643  0.214139  0.0395817  -0.0112177  0.0395817  0.173085
0.306857  -0.0574509  -0.0112127  -0.0574509  0.214133  0.0395756  -0.0112127  0.0395756  0.173093
0.30691  -0.0573802  -0.0111715  -0.0573802  0.214123  0.0395503  -0.0111715  0.0395503  0.173155
0.306912  -0.0573691  -0.0111752  -0.0573691  0.214119  0.039547  -0.0111752  0.039547  0.173157
0.306947  -0.0572909  -0.0111541  -0.0572909  0.214087  0.0395134  -0.0111541  0.0395134  0.173196
0.306954  -0.0572775  -0.0111492  -0.0572775  0.214082  0.0395073  -0.0111492  0.0395073  0.173203
0.30699  -0.0571794  -0.0111442  -0.0571794  0.214044  0.0394698  -0.0111442  0.0394698  0.173238
0.306996  -0.057166  -0.0111392  -0.057166  0.214038  0.0394638  -0.0111392  0.0394638  0.173246
0.307018  -0.057072  -0.011151  -0.057072  0.213993  0.0394266  -0.011151  0.0394266  0.173261
0.307022  -0.0570697  -0.0111424  -0.0570697  0.213991  0.0394238  -0.0111424  0.0394238  0.173268
0.307043  -0.0569758  -0.0111541  -0.0569758  0.213946  0.0393866  -0.0111541  0.0393866  0.173284
0.307043  -0.0569758  -0.0111541  -0.0569758  0.213946  0.0393866  -0.0111541  0.0393866  0.173284
0.307064  -0.0568819  -0.0111659  -0.0568819  0.213901  0.0393494  -0.0111659  0.0393494  0.1733
0.307064  -0.0568819  -0.0111659  -0.0568819  0.213901  0.0393494  -0.0111659  0.0393494  0.1733
0.30709  -0.0567858  -0.0111689  -0.0567858  0.213855  0.0393095  -0.0111689  0.0393095  0.173323
0.307094  -0.0567835  -0.0111603  -0.0567835  0.213854  0.0393068  -0.0111603  0.0393068  0.173329
0.307112  -0.0567485  -0.0111632  -0.0567485  0.213851  0.0392994  -0.0111632  0.0392994  0.173345
0.307146  -0.0566618  -0.0111544  -0.0566618  0.213818  0.0392654  -0.0111544  0.0392654  0.173379
0.307174  -0.0566112  -0.0111436  -0.0566112  0.213809  0.0392494  -0.0111436  0.0392494  0.173409
0.307174  -0.0566112  -0.0111436  -0.0566112  0.213809  0.0392494  -0.0111436  0.0392494  0.173409
0.307206  -0.0565357  -0.0111311  -0.0565357  0.21378  0.0392187  -0.0111311  0.0392187  0.173442
0.307206  -0.0565357  -0.0111311  -0.0565357  0.21378  0.0392187  -0.0111311  0.0392187  0.173442
0.307235  -0.0564653  -0.0111364  -0.0564653  0.213765  0.0391988  -0.0111364  0.0391988  0.173468
0.307237  -0.0564542  -0.01114  -0.0564542  0.213762  0.0391954  -0.01114  0.0391954  0.173469
0.307246  -0.0563874  -0.0111616  -0.0563874  0.213729  0.0391703  -0.0111616  0.0391703  0.17347
0.307248  -0.0563763  -0.0111652  -0.0563763  0.213725  0.039167  -0.0111652  0.039167  0.173471
0.307256  -0.0563095  -0.0111867  -0.0563095  0.213692  0.0391419  -0.0111867  0.0391419  0.173472
0.307259  -0.0562984  -0.0111904  -0.0562984  0.213689  0.0391386  -0.0111904  0.0391386  0.173473
0.307258  -0.0562362  -0.0112291  -0.0562362  0.213659  0.0391189  -0.0112291  0.0391189  0.173461
0.307254  -0.0562246  -0.0112323  -0.0562246  0.213645  0.0391103  -0.0112323  0.0391103  0.173456
0.307263  -0.0561579  -0.0112537  -0.0561579  0.213612  0.0390852  -0.0112537  0.0390852  0.173457
0.307265  -0.0561469  -0.0112574  -0.0561469  0.213608  0.0390819  -0.0112574  0.0390819  0.173458
0.307273  -0.0560802  -0.0112788  -0.0560802  0.213576  0.0390567  -0.0112788  0.0390567  0.17346
0.307273  -0.0560802  -0.0112788  -0.0560802  0.213576  0.0390567  -0.0112788  0.0390567  0.17346
0.30729  -0.056009  -0.0112829  -0.056009  0.21354  0.0390262  -0.0112829  0.0390262  0.173474
0.30729  -0.056009  -0.0112829  -0.056009  0.21354  0.0390262  -0.0112829  0.0390262  0.173474
0.307309  -0.0559466  -0.0112748  -0.0559466  0.213507  0.0389964  -0.0112748  0.0389964  0.173493
0.307311  -0.0559356  -0.0112785  -0.0559356  0.213504  0.0389931  -0.0112785  0.0389931  0.173495
0.307334  -0.0558847  -0.0112672  -0.0558847  0.213485  0.0389718  -0.0112672  0.0389718  0.173519
0.307336  -0.0558737  -0.0112708  -0.0558737  0.213481  0.0389685  -0.0112708  0.0389685  0.17352
0.307348  -0.0558247  -0.0112677  -0.0558247  0.213453  0.0389447  -0.0112677  0.0389447  0.173532
0.307353  -0.0558224  -0.011259  -0.0558224  0.213452  0.038942  -0.011259  0.038942  0.173539
0.307369  -0.0557651  -0.0112686  -0.0557651  0.213432  0.0389228  -0.0112686  0.0389228  0.173551
0.307375  -0.0557293  -0.0112704  -0.0557293  0.21341  0.038905  -0.0112704  0.038905  0.173555
0.307375  -0.0557293  -0.0112704  -0.0557293  0.21341  0.038905  -0.0112704  0.038905  0.173555
0.30738  -0.0556739  -0.0112881  -0.0556739  0.213381  0.0388832  -0.0112881  0.0388832  0.173555
0.307387  -0.0556606  -0.0112831  -0.0556606  0.213376  0.0388772  -0.0112831  0.0388772  0.173563
0.307393  -0.0556052  -0.0113008  -0.0556052  0.213348  0.0388554  -0.0113008  0.0388554  0.173563
0.307387  -0.0556047  -0.0113003  -0.0556047  0.213338  0.0388501  -0.0113003  0.0388501  0.173558
0.307397  -0.055547  -0.0113094  -0.055547  0.213308  0.0388257  -0.0113094  0.0388257  0.173564
0.307397  -0.055547  -0.0113094  -0.055547  0.213308  0.0388257  -0.0113094  0.0388257  0.173564
0.307412  -0.055487  -0.0113098  -0.055487  0.213277  0.0387986  -0.0113098  0.0387986  0.173578
0.307412  -0.055487  -0.0113098  -0.055487  0.213277  0.0387986  -0.0113098  0.0387986  0.173578
0.307421  -0.0554628  -0.0113084  -0.0554628  0.213269  0.0387893  -0.0113084  0.0387893  0.173586
0.307443  -0.0554121  -0.0112971  -0.0554121  0.21325  0.0387682  -0.0112971  0.0387682  0.173611
0.30744  -0.0554007  -0.0113002  -0.0554007  0.213236  0.0387596  -0.0113002  0.0387596  0.173606
0.307462  -0.05535  -0.0112889  -0.05535  0.213218  0.0387385  -0.0112889  0.0387385  0.173631
0.307462  -0.05535  -0.0112889  -0.05535  0.213218  0.0387385  -0.0112889  0.0387385  0.173631
0.307483  -0.0553103  -0.011274  -0.0553103  0.213203  0.0387207  -0.011274  0.0387207  0.173654
0.307489  -0.0552971  -0.011269  -0.0552971  0.213199  0.0387147  -0.011269  0.0387147  0.173662
0.307505  -0.0552597  -0.0112626  -0.0552597  0.213185  0.0386995  -0.0112626  0.0386995  0.173679
0.307508  -0.0552487  -0.0112663  -0.0552487  0.213182  0.0386962  -0.0112663  0.0386962  0.17368
0.307522  -0.0552086  -0.0112509  -0.0552086  0.213157  0.0386732  -0.0112509  0.0386732  0.173698
0.307522  -0.0552086  -0.0112509  -0.0552086  0.213157  0.0386732  -0.0112509  0.0386732  0.173698
0.30753  -0.055162  -0.0112562  -0.055162  0.213131  0.0386521  -0.0112562  0.0386521  0.173703
0.30753  -0.055162  -0.0112562  -0.055162  0.213131  0.0386521  -0.0112562  0.0386521  0.173703
0.307529  -0.0551259  -0.0112576  -0.0551259  0.213098  0.0386291  -0.0112576  0.0386291  0.173702
0.307529  -0.0551259  -0.0112576  -0.0551259  0.213098  0.0386291  -0.0112576  0.0386291  0.173702
0.307535  -0.0551127  -0.0112526  -0.0551127  0.213093  0.0386232  -0.0112526  0.0386232  0.17371
0.307534  -0.0550766  -0.0112539  -0.0550766  0.213061  0.0386002  -0.0112539  0.0386002  0.173708
0.307534  -0.0550766  -0.0112539  -0.0550766  0.213061  0.0386002  -0.0112539  0.0386002  0.173708
0.307538  -0.0550382  -0.0112466  -0.0550382  0.213026  0.0385746  -0.0112466  0.0385746  0.173713
0.307538  -0.0550382  -0.0112466  -0.0550382  0.213026  0.0385746  -0.0112466  0.0385746  0.173713
0.307538  -0.0550108  -0.0112357  -0.0550108  0.212995  0.0385523  -0.0112357  0.0385523  0.173717
0.307538  -0.0550108  -0.0112357  -0.0550108  0.212995  0.0385523  -0.0112357  0.0385523  0.173717
0.307545  -0.0549838  -0.0112253  -0.0549838  0.212975  0.0385353  -0.0112253  0.0385353  0.173727
0.307539  -0.0549833  -0.0112249  -0.0549833  0.212965  0.0385301  -0.0112249  0.0385301  0.173721
0.307537  -0.0549668  -0.0112104  -0.0549668  0.212937  0.0385111  -0.0112104  0.0385111  0.173724
0.307542  -0.0549646  -0.0112019  -0.0549646  0.212935  0.0385085  -0.0112019  0.0385085  0.173731
0.307542  -0.0549371  -0.011191  -0.0549371  0.212905  0.0384863  -0.011191  0.0384863  0.173735
0.307542  -0.0549371  -0.011191  -0.0549371  0.212905  0.0384863  -0.011191  0.0384863  0.173735
0.307534  -0.0549201  -0.0111761  -0.0549201  0.212866  0.0384621  -0.0111761  0.0384621  0.173732
0.307534  -0.0549201  -0.0111761  -0.0549201  0.212866  0.0384621  -0.0111761  0.0384621  0.173732
0.307524  -0.0548944  -0.0111733  -0.0548944  0.212826  0.0384373  -0.0111733  0.0384373  0.173723
0.307524  -0.0548944  -0.0111733  -0.0548944  0.212826  0.0384373  -0.0111733  0.0384373  0.173723
0.307519  -0.0548665  -0.011162  -0.0548665  0.212785  0.0384098  -0.011162  0.0384098  0.173722
0.307519  -0.0548665  -0.011162  -0.0548665  0.212785  0.0384098  -0.011162  0.0384098  0.173722
0.307504  -0.054849  -0.0111466  -0.054849  0.212736  0.0383805  -0.0111466  0.0383805  0.173713
0.307504  -0.054849  -0.0111466  -0.054849  0.212736  0.0383805  -0.0111466  0.0383805  0.173713
0.307499  -0.054821  -0.0111352  -0.054821  0.212695  0.0383531  -0.0111352  0.0383531  0.173711
0.307492  -0.0548205  -0.0111348  -0.0548205  0.212684  0.0383479  -0.0111348  0.0383479  0.173705
0.30749  -0.0548177  -0.0111258  -0.0548177  0.212672  0.0383401  -0.0111258  0.0383401  0.173706
0.30748  -0.0547979  -0.0111018  -0.0547979  0.212622  0.0383081  -0.0111018  0.0383081  0.173704
0.30748  -0.0547979  -0.0111018  -0.0547979  0.212622  0.0383081  -0.0111018  0.0383081  0.173704
0.307472  -0.0547671  -0.0110814  -0.0547671  0.212568  0.038273  -0.0110814  0.038273  0.173703
0.307472  -0.0547671  -0.0110814  -0.0547671  0.212568  0.038273  -0.0110814  0.038273  0.173703
0.307462  -0.0547473  -0.0110575  -0.0547473  0.212518  0.0382411  -0.0110575  0.0382411  0.173701
0.307456  -0.0547467  -0.011057  -0.0547467  0.212508  0.0382359  -0.011057  0.0382359  0.173695
0.307448  -0.054716  -0.0110367  -0.054716  0.212454  0.0382007  -0.0110367  0.0382007  0.173694
0.307448  -0.054716  -0.0110367  -0.054716  0.212454  0.0382007  -0.0110367  0.0382007  0.173694
0.307438  -0.0546961  -0.0110127  -0.0546961  0.212404  0.0381689  -0.0110127  0.0381689  0.173692
0.307431  -0.0546956  -0.0110122  -0.0546956  0.212394  0.0381637  -0.0110122  0.0381637  0.173686
0.307419  -0.0546671  -0.0110004  -0.0546671  0.212342  0.0381312  -0.0110004  0.0381312  0.173679
0.307413  -0.0546665  -0.0109999  -0.0546665  0.212331  0.038126  -0.0109999  0.038126  0.173673
0.307408  -0.0546249  -0.0109832  -0.0546249  0.212275  0.0380876  -0.0109832  0.0380876  0.173673
0.307408  -0.0546249  -0.0109832  -0.0546249  0.212275  0.0380876  -0.0109832  0.0380876  0.173673
0.307389  -0.0545958  -0.0109708  -0.0545958  0.212212  0.0380499  -0.0109708  0.0380499  0.17366
0.307394  -0.0545935  -0.0109623  -0.0545935  0.212211  0.0380473  -0.0109623  0.0380473  0.173666
0.307378  -0.0545536  -0.0109536  -0.0545536  0.212145  0.0380064  -0.0109536  0.0380064  0.173654
0.307378  -0.0545536  -0.0109536  -0.0545536  0.212145  0.0380064  -0.0109536  0.0380064  0.173654
0.307377  -0.0545096  -0.0109283  -0.0545096  0.212087  0.0379656  -0.0109283  0.0379656  0.173661
0.30737  -0.0545091  -0.0109278  -0.0545091  0.212077  0.0379604  -0.0109278  0.0379604  0.173656
0.307365  -0.0544674  -0.010911  -0.0544674  0.21202  0.0379221  -0.010911  0.0379221  0.173656
0.307365  -0.0544674  -0.010911  -0.0544674  0.21202  0.0379221  -0.010911  0.0379221  0.173656
0.307366  -0.0544262  -0.0108947  -0.0544262  0.211975  0.0378891  -0.0108947  0.0378891  0.173662
0.307364  -0.0544234  -0.0108857  -0.0544234  0.211963  0.0378814  -0.0108857  0.0378814  0.173663
0.307367  -0.0543714  -0.010873  -0.0543714  0.211914  0.0378452  -0.010873  0.0378452  0.173671
0.307367  -0.0543714  -0.010873  -0.0543714  0.211914  0.0378452  -0.010873  0.0378452  0.173671
0.307364  -0.0543325  -0.0108653  -0.0543325  0.21187  0.0378147  -0.0108653  0.0378147  0.17367
0.307367  -0.0543217  -0.0108689  -0.0543217  0.211867  0.0378115  -0.0108689  0.0378115  0.173672
0.307363  -0.0542828  -0.0108611  -0.0542828  0.211823  0.0377811  -0.0108611  0.0377811  0.173671
0.307366  -0.0542719  -0.0108647  -0.0542719  0.21182  0.0377778  -0.0108647  0.0377778  0.173672
0.307362  -0.0542331  -0.0108569  -0.0542331  0.211776  0.0377474  -0.0108569  0.0377474  0.173672
0.307362  -0.0542331  -0.0108569  -0.0542331  0.211776  0.0377474  -0.0108569  0.0377474  0.173672
0.307368  -0.0541839  -0.0108532  -0.0541839  0.211739  0.037719  -0.0108532  0.037719  0.173679
0.307368  -0.0541839  -0.0108532  -0.0541839  0.211739  0.037719  -0.0108532  0.037719  0.173679
0.307375  -0.0541434  -0.0108375  -0.0541434  0.211705  0.0376913  -0.0108375  0.0376913  0.173691
0.307378  -0.0541325  -0.010841  -0.0541325  0.211702  0.0376881  -0.010841  0.0376881  0.173692
0.307384  -0.0541194  -0.0108361  -0.0541194  0.211697  0.0376823  -0.0108361  0.0376823  0.1737
0.307398  -0.0540794  -0.0108208  -0.0540794  0.211673  0.0376598  -0.0108208  0.0376598  0.173718
0.3074  -0.0540686  -0.0108244  -0.0540686  0.21167  0.0376566  -0.0108244  0.0376566  0.173719
0.307414  -0.0540286  -0.0108092  -0.0540286  0.211646  0.0376341  -0.0108092  0.0376341  0.173738
0.307414  -0.0540286  -0.0108092  -0.0540286  0.211646  0.0376341  -0.0108092  0.0376341  0.173738
0.307434  -0.0539893  -0.0107944  -0.0539893  0.211633  0.0376169  -0.0107944  0.0376169  0.173761
0.30743  -0.0539778  -0.0107975  -0.0539778  0.21162  0.0376085  -0.0107975  0.0376085  0.173757
0.30745  -0.0539385  -0.0107827  -0.0539385  0.211606  0.0375912  -0.0107827  0.0375912  0.173781
0.30745  -0.0539385  -0.0107827  -0.0539385  0.211606  0.0375912  -0.0107827  0.0375912  0.173781
0.30747  -0.0538991  -0.010768  -0.0538991  0.211593  0.037574  -0.010768  0.037574  0.173805
0.307472  -0.0538883  -0.0107716  -0.0538883  0.21159  0.0375708  -0.0107716  0.0375708  0.173806
0.307479  -0.0538752  -0.0107667  -0.0538752  0.211586  0.037565  -0.0107667  0.037565  0.173814
0.307495  -0.0538381  -0.0107604  -0.0538381  0.211574  0.0375503  -0.0107604  0.0375503  0.173831
0.307495  -0.0538381  -0.0107604  -0.0538381  0.211574  0.0375503  -0.0107604  0.0375503  0.173831
0.307513  -0.0538039  -0.0107631  -0.0538039  0.211575  0.0375433  -0.0107631  0.0375433  0.173848
0.307519  -0.0537908  -0.0107582  -0.0537908  0.21157  0.0375375  -0.0107582  0.0375375  0.173856
0.307522  -0.0537799  -0.0107618  -0.0537799  0.211567  0.0375343  -0.0107618  0.0375343  0.173857
0.307535  -0.0537537  -0.010752  -0.0537537  0.211559  0.0375228  -0.010752  0.0375228  0.173873
0.30754  -0.0537515  -0.0107435  -0.0537515  0.211557  0.0375204  -0.0107435  0.0375204  0.17388
0.307562  -0.053715  -0.0107377  -0.053715  0.211556  0.0375108  -0.0107377  0.0375108  0.173903
0.307562  -0.053715  -0.0107377  -0.053715  0.211556  0.0375108  -0.0107377  0.0375108  0.173903
0.307573  -0.0536996  -0.0107244  -0.0536996  0.211551  0.0375026  -0.0107244  0.0375026  0.173917
0.307575  -0.0536888  -0.0107279  -0.0536888  0.211548  0.0374994  -0.0107279  0.0374994  0.173919
0.307597  -0.0536718  -0.0107066  -0.0536718  0.211552  0.0374939  -0.0107066  0.0374939  0.173946
0.307597  -0.0536718  -0.0107066  -0.0536718  0.211552  0.0374939  -0.0107066  0.0374939  0.173946
0.307615  -0.053657  -0.0106937  -0.053657  0.211557  0.0374909  -0.0106937  0.0374909  0.173967
0.307617  -0.0536461  -0.0106973  -0.0536461  0.211554  0.0374877  -0.0106973  0.0374877  0.173968
0.307632  -0.0536422  -0.0106809  -0.0536422  0.211562  0.0374879  -0.0106809  0.0374879  0.173987
0.307632  -0.0536422  -0.0106809  -0.0536422  0.211562  0.0374879  -0.0106809  0.0374879  0.173987
0.307639  -0.0536291  -0.010676  -0.0536291  0.211557  0.0374822  -0.010676  0.0374822  0.173995
0.307639  -0.0536291  -0.010676  -0.0536291  0.211557  0.0374822  -0.010676  0.0374822  0.173995
0.307654  -0.0536251  -0.0106596  -0.0536251  0.211565  0.0374824  -0.0106596  0.0374824  0.174015
0.307654  -0.0536251  -0.0106596  -0.0536251  0.211565  0.0374824  -0.0106596  0.0374824  0.174015
0.307665  -0.0536234  -0.0106516  -0.0536234  0.211575  0.0374851  -0.0106516  0.0374851  0.174027
0.307665  -0.0536234  -0.0106516  -0.0536234  0.211575  0.0374851  -0.0106516  0.0374851  0.174027
0.307673  -0.0536189  -0.0106347  -0.0536189  0.211572  0.0374802  -0.0106347  0.0374802  0.174041
0.307673  -0.0536189  -0.0106347  -0.0536189  0.211572  0.0374802  -0.0106347  0.0374802  0.174041
0.307686  -0.0536258  -0.0106147  -0.0536258  0.211583  0.0374837  -0.0106147  0.0374837  0.174059
0.307686  -0.0536258  -0.0106147  -0.0536258  0.211583  0.0374837  -0.0106147  0.0374837  0.174059
0.307699  -0.053619  -0.0105894  -0.053619  0.211579  0.0374763  -0.0105894  0.0374763  0.174079
0.307699  -0.053619  -0.0105894  -0.053619  0.211579  0.0374763  -0.0105894  0.0374763  0.174079
0.307712  -0.0536259  -0.0105694  -0.0536259  0.21159  0.0374798  -0.0105694  0.0374798  0.174097
0.307712  -0.0536259  -0.0105694  -0.0536259  0.21159  0.0374798  -0.0105694  0.0374798  0.174097
0.307713  -0.0536345  -0.0105574  -0.0536345  0.211592  0.0374806  -0.0105574  0.0374806  0.174103
0.30772  -0.0536408  -0.010537  -0.0536408  0.211592  0.0374789  -0.010537  0.0374789  0.174115
0.307724  -0.0536385  -0.0105285  -0.0536385  0.211591  0.0374764  -0.0105285  0.0374764  0.174122
0.30773  -0.0536585  -0.0105135  -0.0536585  0.211606  0.0374856  -0.0105135  0.0374856  0.174132
0.30773  -0.0536585  -0.0105135  -0.0536585  0.211606  0.0374856  -0.0105135  0.0374856  0.174132
0.307736  -0.0536648  -0.010493  -0.0536648  0.211606  0.0374839  -0.010493  0.0374839  0.174144
0.307736  -0.0536648  -0.010493  -0.0536648  0.211606  0.0374839  -0.010493  0.0374839  0.174144
0.307736  -0.0536842  -0.0104775  -0.0536842  0.211611  0.0374879  -0.0104775  0.0374879  0.174149
0.30774  -0.053682  -0.010469  -0.053682  0.211609  0.0374855  -0.010469  0.0374855  0.174155
0.307733  -0.0537008  -0.010453  -0.0537008  0.211604  0.0374843  -0.010453  0.0374843  0.174154
0.307733  -0.0537008  -0.010453  -0.0537008  0.211604  0.0374843  -0.010453  0.0374843  0.174154
0.307737  -0.0536986  -0.0104445  -0.0536986  0.211602  0.0374818  -0.0104445  0.0374818  0.174161
0.307741  -0.0537158  -0.0104205  -0.0537158  0.211606  0.0374834  -0.0104205  0.0374834  0.174172
0.307741  -0.0537158  -0.0104205  -0.0537158  0.211606  0.0374834  -0.0104205  0.0374834  0.174172
0.307745  -0.0537329  -0.0103965  -0.0537329  0.211609  0.0374849  -0.0103965  0.0374849  0.174183
0.307745  -0.0537329  -0.0103965  -0.0537329  0.211609  0.0374849  -0.0103965  0.0374849  0.174183
0.307749  -0.0537501  -0.0103725  -0.0537501  0.211612  0.0374865  -0.0103725  0.0374865  0.174194
0.307749  -0.0537501  -0.0103725  -0.0537501  0.211612  0.0374865  -0.0103725  0.0374865  0.174194
0.307746  -0.0537667  -0.010348  -0.0537667  0.211605  0.0374829  -0.010348  0.0374829  0.174199
0.307746  -0.0537667  -0.010348  -0.0537667  0.211605  0.0374829  -0.010348  0.0374829  0.174199
0.307748  -0.0537753  -0.010336  -0.0537753  0.211607  0.0374836  -0.010336  0.0374836  0.174205
0.30775  -0.0537839  -0.010324  -0.0537839  0.211608  0.0374844  -0.010324  0.0374844  0.17421
0.307754  -0.0537817  -0.0103156  -0.0537817  0.211607  0.037482  -0.0103156  0.037482  0.174217
0.307752  -0.0537983  -0.0102911  -0.0537983  0.2116  0.0374783  -0.0102911  0.0374783  0.174222
0.307752  -0.0537983  -0.0102911  -0.0537983  0.2116  0.0374783  -0.0102911  0.0374783  0.174222
0.307754  -0.0537932  -0.0102738  -0.0537932  0.211587  0.0374682  -0.0102738  0.0374682  0.17423
0.307751  -0.0538041  -0.0102702  -0.0538041  0.21159  0.0374715  -0.0102702  0.0374715  0.174229
0.307756  -0.0538018  -0.0102618  -0.0538018  0.211588  0.037469  -0.0102618  0.037469  0.174236
0.307755  -0.0538076  -0.0102408  -0.0538076  0.211578  0.0374622  -0.0102408  0.0374622  0.174242
0.307755  -0.0538076  -0.0102408  -0.0538076  0.211578  0.0374622  -0.0102408  0.0374622  0.174242
0.307769  -0.0538008  -0.0102156  -0.0538008  0.211574  0.0374548  -0.0102156  0.0374548  0.174263
0.307769  -0.0538008  -0.0102156  -0.0538008  0.211574  0.0374548  -0.0102156  0.0374548  0.174263
0.307773  -0.0538044  -0.0101863  -0.0538044  0.211563  0.0374455  -0.0101863  0.0374455  0.174276
0.307773  -0.0538044  -0.0101863  -0.0538044  0.211563  0.0374455  -0.0101863  0.0374455  0.174276
0.307779  -0.0537971  -0.0101605  -0.0537971  0.211548  0.037433  -0.0101605  0.037433  0.174291
0.307779  -0.0537971  -0.0101605  -0.0537971  0.211548  0.037433  -0.0101605  0.037433  0.174291
0.307792  -0.0537903  -0.0101353  -0.0537903  0.211544  0.0374257  -0.0101353  0.0374257  0.174312
0.307792  -0.0537903  -0.0101353  -0.0537903  0.211544  0.0374257  -0.0101353  0.0374257  0.174312
0.307808  -0.0537727  -0.0101137  -0.0537727  0.211538  0.0374152  -0.0101137  0.0374152  0.174333
0.307808  -0.0537727  -0.0101137  -0.0537727  0.211538  0.0374152  -0.0101137  0.0374152  0.174333
0.307808  -0.0537727  -0.0101137  -0.0537727  0.211538  0.0374152  -0.0101137  0.0374152  0.174333
0.307817  -0.0537682  -0.0100969  -0.0537682  0.211535  0.0374104  -0.0100969  0.0374104  0.174347
0.307817  -0.0537682  -0.0100969  -0.0537682  0.211535  0.0374104  -0.0100969  0.0374104  0.174347
0.307821  -0.0537523  -0.0100832  -0.0537523  0.211519  0.0373971  -0.0100832  0.0373971  0.174356
0.307821  -0.0537523  -0.0100832  -0.0537523  0.211519  0.0373971  -0.0100832  0.0373971  0.174356
0.307828  -0.0537392  -0.0100783  -0.0537392  0.211515  0.0373915  -0.0100783  0.0373915  0.174364
0.307832  -0.0537369  -0.0100699  -0.0537369  0.211513  0.0373891  -0.0100699  0.0373891  0.174371
0.307839  -0.0537238  -0.0100651  -0.0537238  0.211509  0.0373834  -0.0100651  0.0373834  0.174379
0.307839  -0.0537238  -0.0100651  -0.0537238  0.211509  0.0373834  -0.0100651  0.0373834  0.174379
0.307846  -0.0537107  -0.0100603  -0.0537107  0.211505  0.0373778  -0.0100603  0.0373778  0.174388
0.307851  -0.0537085  -0.0100519  -0.0537085  0.211504  0.0373754  -0.0100519  0.0373754  0.174394
0.307853  -0.0536976  -0.0100555  -0.0536976  0.211501  0.0373722  -0.0100555  0.0373722  0.174396
0.307864  -0.0536823  -0.0100423  -0.0536823  0.211495  0.0373641  -0.0100423  0.0373641  0.174411
0.307864  -0.0536823  -0.0100423  -0.0536823  0.211495  0.0373641  -0.0100423  0.0373641  0.174411
0.307875  -0.0536806  -0.0100344  -0.0536806  0.211504  0.0373669  -0.0100344  0.0373669  0.174423
0.307878  -0.0536697  -0.010038  -0.0536697  0.211501  0.0373637  -0.010038  0.0373637  0.174425
0.307886  -0.0536652  -0.0100212  -0.0536652  0.211499  0.0373589  -0.0100212  0.0373589  0.174438
0.307886  -0.0536652  -0.0100212  -0.0536652  0.211499  0.0373589  -0.0100212  0.0373589  0.174438
0.307893  -0.0536522  -0.0100164  -0.0536522  0.211495  0.0373533  -0.0100164  0.0373533  0.174447
0.307893  -0.0536522  -0.0100164  -0.0536522  0.211495  0.0373533  -0.0100164  0.0373533  0.174447
0.3079  -0.0536391  -0.0100116  -0.0536391  0.21149  0.0373476  -0.0100116  0.0373476  0.174455
0.3079  -0.0536391  -0.0100116  -0.0536391  0.21149  0.0373476  -0.0100116  0.0373476  0.174455
0.307904  -0.0536368  -0.0100032  -0.0536368  0.211489  0.0373452  -0.0100032  0.0373452  0.174462
0.307907  -0.053626  -0.0100068  -0.053626  0.211486  0.037342  -0.0100068  0.037342  0.174463
0.307918  -0.0536243  -0.00999892  -0.0536243  0.211496  0.0373448  -0.00999892  0.0373448  0.174476
0.307918  -0.0536243  -0.00999892  -0.0536243  0.211496  0.0373448  -0.00999892  0.0373448  0.174476
0.307918  -0.0536243  -0.00999892  -0.0536243  0.211496  0.0373448  -0.00999892  0.0373448  0.174476
0.307918  -0.0536243  -0.00999892  -0.0536243  0.211496  0.0373448  -0.00999892  0.0373448  0.174476
0.307925  -0.0536112  -0.00999411  -0.0536112  0.211491  0.0373392  -0.00999411  0.0373392  0.174484
0.307925  -0.0536112  -0.00999411  -0.0536112  0.211491  0.0373392  -0.00999411  0.0373392  0.174484
0.307931  -0.0536118  -0.00999462  -0.0536118  0.211502  0.0373444  -0.00999462  0.0373444  0.17449
0.307931  -0.0536118  -0.00999462  -0.0536118  0.211502  0.0373444  -0.00999462  0.0373444  0.17449
0.307931  -0.0536118  -0.00999462  -0.0536118  0.211502  0.0373444  -0.00999462  0.0373444  0.17449
0.307931  -0.0536118  -0.00999462  -0.0536118  0.211502  0.0373444  -0.00999462  0.0373444  0.17449
0.307938  -0.0536123  -0.00999512  -0.0536123  0.211513  0.0373496  -0.00999512  0.0373496  0.174496
0.307938  -0.0536123  -0.00999512  -0.0536123  0.211513  0.0373496  -0.00999512  0.0373496  0.174496
0.307942  -0.0536238  -0.00999205  -0.0536238  0.211526  0.0373579  -0.00999205  0.0373579  0.1745
0.307942  -0.0536238  -0.00999205  -0.0536238  0.211526  0.0373579  -0.00999205  0.0373579  0.1745
0.307942  -0.0536238  -0.00999205  -0.0536238  0.211526  0.0373579  -0.00999205  0.0373579  0.1745
0.307942  -0.0536238  -0.00999205  -0.0536238  0.211526  0.0373579  -0.00999205  0.0373579  0.1745
0.307949  -0.0536243  -0.00999255  -0.0536243  0.211537  0.0373631  -0.00999255  0.0373631  0.174506
0.307946  -0.0536352  -0.00998898  -0.0536352  0.21154  0.0373663  -0.00998898  0.0373663  0.174505
0.307953  -0.0536358  -0.00998948  -0.0536358  0.21155  0.0373715  -0.00998948  0.0373715  0.174511
0.307953  -0.0536358  -0.00998948  -0.0536358  0.21155  0.0373715  -0.00998948  0.0373715  0.174511
0.307957  -0.0536472  -0.00998641  -0.0536472  0.211564  0.0373799  -0.00998641  0.0373799  0.174515
0.307957  -0.0536472  -0.00998641  -0.0536472  0.211564  0.0373799  -0.00998641  0.0373799  0.174515
0.307967  -0.0536592  -0.00998384  -0.0536592  0.211588  0.0373935  -0.00998384  0.0373935  0.174526
0.307967  -0.0536592  -0.00998384  -0.0536592  0.211588  0.0373935  -0.00998384  0.0373935  0.174526
0.307972  -0.0536706  -0.00998077  -0.0536706  0.211602  0.0374019  -0.00998077  0.0374019  0.17453
0.307972  -0.0536706  -0.00998077  -0.0536706  0.211602  0.0374019  -0.00998077  0.0374019  0.17453
0.30798  -0.0536934  -0.00997461  -0.0536934  0.211629  0.0374186  -0.00997461  0.0374186  0.17454
0.30798  -0.0536934  -0.00997461  -0.0536934  0.211629  0.0374186  -0.00997461  0.0374186  0.17454
0.307986  -0.0537135  -0.00995958  -0.0537135  0.211644  0.0374278  -0.00995958  0.0374278  0.17455
0.307986  -0.0537135  -0.00995958  -0.0537135  0.211644  0.0374278  -0.00995958  0.0374278  0.17455
0.307994  -0.0537363  -0.00995342  -0.0537363  0.211671  0.0374446  -0.00995342  0.0374446  0.174559
0.307994  -0.0537363  -0.00995342  -0.0537363  0.211671  0.0374446  -0.00995342  0.0374446  0.174559
0.308003  -0.0537592  -0.00994726  -0.0537592  0.211698  0.0374614  -0.00994726  0.0374614  0.174568
0.308003  -0.0537592  -0.00994726  -0.0537592  0.211698  0.0374614  -0.00994726  0.0374614  0.174568
0.308015  -0.0537798  -0.00993271  -0.0537798  0.211724  0.0374758  -0.00993271  0.0374758  0.174585
0.308013  -0.0537906  -0.00992913  -0.0537906  0.211727  0.037479  -0.00992913  0.037479  0.174583
0.308021  -0.0538135  -0.00992296  -0.0538135  0.211755  0.0374958  -0.00992296  0.0374958  0.174593
0.308021  -0.0538135  -0.00992296  -0.0538135  0.211755  0.0374958  -0.00992296  0.0374958  0.174593
0.308031  -0.053845  -0.00990482  -0.053845  0.211783  0.0375134  -0.00990482  0.0375134  0.174608
0.308031  -0.053845  -0.00990482  -0.053845  0.211783  0.0375134  -0.00990482  0.0375134  0.174608
0.308044  -0.0538656  -0.00989027  -0.0538656  0.211809  0.0375278  -0.00989027  0.0375278  0.174624
0.308042  -0.0538765  -0.00988668  -0.0538765  0.211812  0.037531  -0.00988668  0.037531  0.174623
0.30805  -0.0538994  -0.0098805  -0.0538994  0.21184  0.0375478  -0.0098805  0.0375478  0.174632
0.308048  -0.0539102  -0.00987691  -0.0539102  0.211843  0.037551  -0.00987691  0.037551  0.174631
0.308056  -0.0539194  -0.00986544  -0.0539194  0.211855  0.0375569  -0.00986544  0.0375569  0.174642
0.308065  -0.0539423  -0.00985925  -0.0539423  0.211882  0.0375738  -0.00985925  0.0375738  0.174651
0.308077  -0.053963  -0.00984469  -0.053963  0.211908  0.0375881  -0.00984469  0.0375881  0.174668
0.308077  -0.053963  -0.00984469  -0.053963  0.211908  0.0375881  -0.00984469  0.0375881  0.174668
0.308083  -0.0539967  -0.0098349  -0.0539967  0.211939  0.0376082  -0.0098349  0.0376082  0.174676
0.308083  -0.0539967  -0.0098349  -0.0539967  0.211939  0.0376082  -0.0098349  0.0376082  0.174676
0.308082  -0.0540299  -0.00982461  -0.0540299  0.211959  0.037623  -0.00982461  0.037623  0.174678
0.308087  -0.0540414  -0.00982151  -0.0540414  0.211972  0.0376314  -0.00982151  0.0376314  0.174683
0.308084  -0.0540523  -0.00981792  -0.0540523  0.211975  0.0376346  -0.00981792  0.0376346  0.174681
0.308088  -0.0540833  -0.00979924  -0.0540833  0.211994  0.037647  -0.00979924  0.037647  0.174691
0.308088  -0.0540833  -0.00979924  -0.0540833  0.211994  0.037647  -0.00979924  0.037647  0.174691
0.308089  -0.0541056  -0.00979254  -0.0541056  0.212011  0.0376586  -0.00979254  0.0376586  0.174694
0.308082  -0.0541383  -0.00978174  -0.0541383  0.21202  0.0376682  -0.00978174  0.0376682  0.17469
0.308082  -0.0541579  -0.00976616  -0.0541579  0.212025  0.0376722  -0.00976616  0.0376722  0.174695
0.308082  -0.0541579  -0.00976616  -0.0541579  0.212025  0.0376722  -0.00976616  0.0376722  0.174695
0.308079  -0.0541688  -0.00976256  -0.0541688  0.212028  0.0376754  -0.00976256  0.0376754  0.174694
0.308072  -0.0542015  -0.00975175  -0.0542015  0.212037  0.037685  -0.00975175  0.037685  0.17469
0.308069  -0.0542319  -0.00973256  -0.0542319  0.212045  0.0376922  -0.00973256  0.0376922  0.174693
0.308069  -0.0542319  -0.00973256  -0.0542319  0.212045  0.0376922  -0.00973256  0.0376922  0.174693
0.308061  -0.0542647  -0.00972173  -0.0542647  0.212055  0.0377018  -0.00972173  0.0377018  0.17469
0.308061  -0.0542647  -0.00972173  -0.0542647  0.212055  0.0377018  -0.00972173  0.0377018  0.17469
0.308047  -0.0542968  -0.00971041  -0.0542968  0.212053  0.0377062  -0.00971041  0.0377062  0.17468
0.308047  -0.0542968  -0.00971041  -0.0542968  0.212053  0.0377062  -0.00971041  0.0377062  0.17468
0.30804  -0.0543296  -0.00969957  -0.0543296  0.212063  0.0377158  -0.00969957  0.0377158  0.174677
0.308031  -0.0543399  -0.00969546  -0.0543399  0.212055  0.0377138  -0.00969546  0.0377138  0.17467
0.308029  -0.0543508  -0.00969185  -0.0543508  0.212059  0.037717  -0.00969185  0.037717  0.174668
0.308015  -0.054383  -0.0096805  -0.054383  0.212057  0.0377214  -0.0096805  0.0377214  0.174659
0.308015  -0.054383  -0.0096805  -0.054383  0.212057  0.0377214  -0.0096805  0.0377214  0.174659
0.308003  -0.0544043  -0.00967277  -0.0544043  0.212053  0.0377225  -0.00967277  0.0377225  0.174651
0.308003  -0.0544043  -0.00967277  -0.0544043  0.212053  0.0377225  -0.00967277  0.0377225  0.174651
0.307998  -0.0544262  -0.00966554  -0.0544262  0.212059  0.0377289  -0.00966554  0.0377289  0.174648
0.307989  -0.0544365  -0.00966141  -0.0544365  0.212052  0.0377269  -0.00966141  0.0377269  0.174641
0.307984  -0.0544584  -0.00965417  -0.0544584  0.212058  0.0377333  -0.00965417  0.0377333  0.174639
0.307984  -0.0544584  -0.00965417  -0.0544584  0.212058  0.0377333  -0.00965417  0.0377333  0.174639
0.307973  -0.0544797  -0.00964643  -0.0544797  0.212054  0.0377345  -0.00964643  0.0377345  0.17463
0.307973  -0.0544797  -0.00964643  -0.0544797  0.212054  0.0377345  -0.00964643  0.0377345  0.17463
0.307973  -0.0544797  -0.00964643  -0.0544797  0.212054  0.0377345  -0.00964643  0.0377345  0.17463
0.307962  -0.054501  -0.00963868  -0.054501  0.21205  0.0377356  -0.00963868  0.0377356  0.174622
0.307962  -0.054501  -0.00963868  -0.054501  0.21205  0.0377356  -0.00963868  0.0377356  0.174622
0.307955  -0.0545141  -0.00964344  -0.0545141  0.212054  0.0377413  -0.00964344  0.0377413  0.174614
0.307955  -0.0545141  -0.00964344  -0.0545141  0.212054  0.0377413  -0.00964344  0.0377413  0.174614
0.307952  -0.0545251  -0.00963981  -0.0545251  0.212058  0.0377445  -0.00963981  0.0377445  0.174613
0.307952  -0.0545251  -0.00963981  -0.0545251  0.212058  0.0377445  -0.00963981  0.0377445  0.174613
0.307948  -0.0545273  -0.00964819  -0.0545273  0.212059  0.0377469  -0.00964819  0.0377469  0.174606
0.307948  -0.0545273  -0.00964819  -0.0545273  0.212059  0.0377469  -0.00964819  0.0377469  0.174606
0.307948  -0.0545273  -0.00964819  -0.0545273  0.212059  0.0377469  -0.00964819  0.0377469  0.174606
0.307945  -0.0545382  -0.00964457  -0.0545382  0.212062  0.0377501  -0.00964457  0.0377501  0.174605
0.307945  -0.0545382  -0.00964457  -0.0545382  0.212062  0.0377501  -0.00964457  0.0377501  0.174605
0.30795  -0.0545301  -0.00965708  -0.0545301  0.212071  0.0377546  -0.00965708  0.0377546  0.174605
0.30795  -0.0545301  -0.00965708  -0.0545301  0.212071  0.0377546  -0.00965708  0.0377546  0.174605
0.30795  -0.0545301  -0.00965708  -0.0545301  0.212071  0.0377546  -0.00965708  0.0377546  0.174605
0.30795  -0.0545301  -0.00965708  -0.0545301  0.212071  0.0377546  -0.00965708  0.0377546  0.174605
0.30795  -0.0545301  -0.00965708  -0.0545301  0.212071  0.0377546  -0.00965708  0.0377546  0.174605
0.307959  -0.0545197  -0.00966121  -0.0545197  0.212078  0.0377566  -0.00966121  0.0377566  0.174612
0.307959  -0.0545197  -0.00966121  -0.0545197  0.212078  0.0377566  -0.00966121  0.0377566  0.174612
0.307963  -0.0545116  -0.00967371  -0.0545116  0.212087  0.037761  -0.00967371  0.037761  0.174612
0.307963  -0.0545116  -0.00967371  -0.0545116  0.212087  0.037761  -0.00967371  0.037761  0.174612
0.307963  -0.0545116  -0.00967371  -0.0545116  0.212087  0.037761  -0.00967371  0.037761  0.174612
0.307966  -0.0545144  -0.0096826  -0.0545144  0.212099  0.0377687  -0.0096826  0.0377687  0.174611
0.307968  -0.0545035  -0.00968622  -0.0545035  0.212096  0.0377655  -0.00968622  0.0377655  0.174612
0.307975  -0.0545041  -0.00968672  -0.0545041  0.212106  0.0377707  -0.00968672  0.0377707  0.174618
0.307975  -0.0545041  -0.00968672  -0.0545041  0.212106  0.0377707  -0.00968672  0.0377707  0.174618
0.307973  -0.0544954  -0.00969873  -0.0544954  0.212104  0.03777  -0.00969873  0.03777  0.174612
0.307973  -0.0544954  -0.00969873  -0.0544954  0.212104  0.03777  -0.00969873  0.03777  0.174612
0.307979  -0.0544959  -0.00969923  -0.0544959  0.212115  0.0377752  -0.00969923  0.0377752  0.174618
0.307979  -0.0544959  -0.00969923  -0.0544959  0.212115  0.0377752  -0.00969923  0.0377752  0.174618
0.307984  -0.0544878  -0.00971173  -0.0544878  0.212124  0.0377796  -0.00971173  0.0377796  0.174618
0.307984  -0.0544878  -0.00971173  -0.0544878  0.212124  0.0377796  -0.00971173  0.0377796  0.174618
0.307984  -0.0544878  -0.00971173  -0.0544878  0.212124  0.0377796  -0.00971173  0.0377796  0.174618
0.307984  -0.0544878  -0.00971173  -0.0544878  0.212124  0.0377796  -0.00971173  0.0377796  0.174618
0.307986  -0.0544906  -0.00972062  -0.0544906  0.212136  0.0377873  -0.00972062  0.0377873  0.174617
0.307986  -0.0544906  -0.00972062  -0.0544906  0.212136  0.0377873  -0.00972062  0.0377873  0.174617
0.307995  -0.0544802  -0.00972474  -0.0544802  0.212143  0.0377893  -0.00972474  0.0377893  0.174624
0.307995  -0.0544802  -0.00972474  -0.0544802  0.212143  0.0377893  -0.00972474  0.0377893  0.174624
0.307995  -0.0544802  -0.00972474  -0.0544802  0.212143  0.0377893  -0.00972474  0.0377893  0.174624
0.307995  -0.0544802  -0.00972474  -0.0544802  0.212143  0.0377893  -0.00972474  0.0377893  0.174624
0.307997  -0.054483  -0.00973362  -0.054483  0.212155  0.037797  -0.00973362  0.037797  0.174623
0.307997  -0.054483  -0.00973362  -0.054483  0.212155  0.037797  -0.00973362  0.037797  0.174623
0.307997  -0.054483  -0.00973362  -0.054483  0.212155  0.037797  -0.00973362  0.037797  0.174623
0.308004  -0.0544836  -0.00973412  -0.0544836  0.212166  0.0378022  -0.00973412  0.0378022  0.174629
0.307999  -0.0544858  -0.00974251  -0.0544858  0.212167  0.0378046  -0.00974251  0.0378046  0.174622
0.307999  -0.0544858  -0.00974251  -0.0544858  0.212167  0.0378046  -0.00974251  0.0378046  0.174622
0.308006  -0.0544864  -0.009743  -0.0544864  0.212178  0.0378099  -0.009743  0.0378099  0.174628
0.308001  -0.0544886  -0.00975139  -0.0544886  0.212179  0.0378123  -0.00975139  0.0378123  0.174621
0.308001  -0.0544886  -0.00975139  -0.0544886  0.212179  0.0378123  -0.00975139  0.0378123  0.174621
0.308001  -0.0544886  -0.00975139  -0.0544886  0.212179  0.0378123  -0.00975139  0.0378123  0.174621
0.308008  -0.0544892  -0.00975189  -0.0544892  0.21219  0.0378175  -0.00975189  0.0378175  0.174627
0.308008  -0.0544892  -0.00975189  -0.0544892  0.21219  0.0378175  -0.00975189  0.0378175  0.174627
0.308007  -0.0545029  -0.00975716  -0.0545029  0.212205  0.0378284  -0.00975716  0.0378284  0.174625
