0.326992  -0.162894  -0.0843938  -0.162894  0.32495  0.119175  -0.0843938  0.119175  0.174955
0.326992  -0.162894  -0.0843938  -0.162894  0.32495  0.119175  -0.0843938  0.119175  0.174955
0.327011  -0.162919  -0.0843714  -0.162919  0.324957  0.119157  -0.0843714  0.119157  0.174936
0.327011  -0.162919  -0.0843714  -0.162919  0.324957  0.119157  -0.0843714  0.119157  0.174936
0.32702  -0.162946  -0.084368  -0.162946  0.324993  0.119167  -0.084368  0.119167  0.174934
0.327039  -0.162955  -0.0843727  -0.162955  0.324981  0.11916  -0.0843727  0.11916  0.174931
0.327039  -0.162955  -0.0843727  -0.162955  0.324981  0.11916  -0.0843727  0.11916  0.174931
0.327039  -0.162955  -0.0843727  -0.162955  0.324981  0.11916  -0.0843727  0.11916  0.174931
0.327049  -0.162969  -0.0843265  -0.162969  0.324972  0.119122  -0.0843265  0.119122  0.174898
0.327049  -0.162969  -0.0843265  -0.162969  0.324972  0.119122  -0.0843265  0.119122  0.174898
0.327077  -0.163006  -0.0843278  -0.163006  0.324996  0.119125  -0.0843278  0.119125  0.174893
0.327077  -0.163006  -0.0843278  -0.163006  0.324996  0.119125  -0.0843278  0.119125  0.174893
0.327105  -0.163058  -0.084302  -0.163058  0.32504  0.119117  -0.084302  0.119117  0.174872
0.327105  -0.163058  -0.084302  -0.163058  0.32504  0.119117  -0.084302  0.119117  0.174872
0.327134  -0.163094  -0.0843033  -0.163094  0.325064  0.11912  -0.0843033  0.11912  0.174867
0.327134  -0.163094  -0.0843033  -0.163094  0.325064  0.11912  -0.0843033  0.11912  0.174867
0.327162  -0.163114  -0.0843318  -0.163114  0.325068  0.119133  -0.0843318  0.119133  0.174877
0.3272  -0.163178  -0.0843297  -0.163178  0.325128  0.119146  -0.0843297  0.119146  0.17487
0.3272  -0.163178  -0.0843297  -0.163178  0.325128  0.119146  -0.0843297  0.119146  0.17487
0.327228  -0.163214  -0.084331  -0.163214  0.325152  0.119148  -0.084331  0.119148  0.174865
0.327219  -0.163187  -0.0843344  -0.163187  0.325116  0.119138  -0.0843344  0.119138  0.174866
0.327248  -0.163223  -0.0843357  -0.163223  0.32514  0.119141  -0.0843357  0.119141  0.174861
0.327248  -0.163223  -0.0843357  -0.163223  0.32514  0.119141  -0.0843357  0.119141  0.174861
0.327257  -0.16325  -0.0843323  -0.16325  0.325176  0.119151  -0.0843323  0.119151  0.174859
0.327257  -0.16325  -0.0843323  -0.16325  0.325176  0.119151  -0.0843323  0.119151  0.174859
0.327276  -0.163259  -0.084337  -0.163259  0.325164  0.119144  -0.084337  0.119144  0.174856
0.327276  -0.163259  -0.084337  -0.163259  0.325164  0.119144  -0.084337  0.119144  0.174856
0.327266  -0.163277  -0.0843289  -0.163277  0.325212  0.119161  -0.0843289  0.119161  0.174858
0.327266  -0.163277  -0.0843289  -0.163277  0.325212  0.119161  -0.0843289  0.119161  0.174858
0.327266  -0.163277  -0.0843289  -0.163277  0.325212  0.119161  -0.0843289  0.119161  0.174858
0.327275  -0.163304  -0.0843255  -0.163304  0.325248  0.119172  -0.0843255  0.119172  0.174856
0.327275  -0.163304  -0.0843255  -0.163304  0.325248  0.119172  -0.0843255  0.119172  0.174856
0.327284  -0.163331  -0.0843221  -0.163331  0.325284  0.119182  -0.0843221  0.119182  0.174854
0.327302  -0.16337  -0.0843425  -0.16337  0.325336  0.119212  -0.0843425  0.119212  0.174866
0.327302  -0.16337  -0.0843425  -0.16337  0.325336  0.119212  -0.0843425  0.119212  0.174866
0.327302  -0.16337  -0.0843425  -0.16337  0.325336  0.119212  -0.0843425  0.119212  0.174866
0.327311  -0.163397  -0.0843391  -0.163397  0.325372  0.119223  -0.0843391  0.119223  0.174865
0.327311  -0.163397  -0.0843391  -0.163397  0.325372  0.119223  -0.0843391  0.119223  0.174865
0.3273  -0.163431  -0.0843037  -0.163431  0.32544  0.11923  -0.0843037  0.11923  0.174852
0.3273  -0.163431  -0.0843037  -0.163431  0.32544  0.11923  -0.0843037  0.11923  0.174852
0.32731  -0.163458  -0.0843003  -0.163458  0.325476  0.11924  -0.0843003  0.11924  0.17485
0.32731  -0.163458  -0.0843003  -0.163458  0.325476  0.11924  -0.0843003  0.11924  0.17485
0.327328  -0.163512  -0.0842935  -0.163512  0.325549  0.119261  -0.0842935  0.119261  0.174847
0.327328  -0.163512  -0.0842935  -0.163512  0.325549  0.119261  -0.0842935  0.119261  0.174847
0.327346  -0.163566  -0.0842867  -0.163566  0.325621  0.119281  -0.0842867  0.119281  0.174844
0.327346  -0.163566  -0.0842867  -0.163566  0.325621  0.119281  -0.0842867  0.119281  0.174844
0.327346  -0.163566  -0.0842867  -0.163566  0.325621  0.119281  -0.0842867  0.119281  0.174844
0.327364  -0.16362  -0.0842798  -0.16362  0.325693  0.119302  -0.0842798  0.119302  0.17484
0.327373  -0.163648  -0.0842764  -0.163648  0.325729  0.119312  -0.0842764  0.119312  0.174839
0.327373  -0.163648  -0.0842764  -0.163648  0.325729  0.119312  -0.0842764  0.119312  0.174839
0.327382  -0.163675  -0.084273  -0.163675  0.325766  0.119322  -0.084273  0.119322  0.174837
0.327391  -0.163702  -0.0842696  -0.163702  0.325802  0.119332  -0.0842696  0.119332  0.174835
0.3274  -0.163729  -0.0842662  -0.163729  0.325838  0.119343  -0.0842662  0.119343  0.174834
0.3274  -0.163729  -0.0842662  -0.163729  0.325838  0.119343  -0.0842662  0.119343  0.174834
0.327409  -0.163756  -0.0842627  -0.163756  0.325874  0.119353  -0.0842627  0.119353  0.174832
0.327409  -0.163772  -0.0842355  -0.163772  0.325894  0.119343  -0.0842355  0.119343  0.174817
0.327428  -0.163781  -0.0842403  -0.163781  0.325882  0.119335  -0.0842403  0.119335  0.174813
0.327437  -0.163809  -0.0842368  -0.163809  0.325918  0.119345  -0.0842368  0.119345  0.174812
0.327437  -0.163809  -0.0842368  -0.163809  0.325918  0.119345  -0.0842368  0.119345  0.174812
0.327455  -0.163863  -0.08423  -0.163863  0.325991  0.119366  -0.08423  0.119366  0.174809
0.327455  -0.163863  -0.08423  -0.163863  0.325991  0.119366  -0.08423  0.119366  0.174809
0.327474  -0.163888  -0.0842075  -0.163888  0.325999  0.119348  -0.0842075  0.119348  0.17479
0.327474  -0.163888  -0.0842075  -0.163888  0.325999  0.119348  -0.0842075  0.119348  0.17479
0.327484  -0.163915  -0.0842041  -0.163915  0.326035  0.119358  -0.0842041  0.119358  0.174788
0.327484  -0.163915  -0.0842041  -0.163915  0.326035  0.119358  -0.0842041  0.119358  0.174788
0.327503  -0.16394  -0.0841816  -0.16394  0.326043  0.11934  -0.0841816  0.11934  0.174769
0.327503  -0.16394  -0.0841816  -0.16394  0.326043  0.11934  -0.0841816  0.11934  0.174769
0.327512  -0.163968  -0.0841781  -0.163968  0.326079  0.119351  -0.0841781  0.119351  0.174768
0.327512  -0.163968  -0.0841781  -0.163968  0.326079  0.119351  -0.0841781  0.119351  0.174768
0.327531  -0.163977  -0.0841829  -0.163977  0.326067  0.119343  -0.0841829  0.119343  0.174764
0.32754  -0.164004  -0.0841794  -0.164004  0.326103  0.119353  -0.0841794  0.119353  0.174762
0.32754  -0.164004  -0.0841794  -0.164004  0.326103  0.119353  -0.0841794  0.119353  0.174762
0.327559  -0.164029  -0.0841569  -0.164029  0.326111  0.119336  -0.0841569  0.119336  0.174744
0.327579  -0.164039  -0.0841616  -0.164039  0.326099  0.119328  -0.0841616  0.119328  0.17474
0.327588  -0.164066  -0.0841582  -0.164066  0.326135  0.119338  -0.0841582  0.119338  0.174738
0.327588  -0.164066  -0.0841582  -0.164066  0.326135  0.119338  -0.0841582  0.119338  0.174738
0.327626  -0.164114  -0.0841833  -0.164114  0.326176  0.119361  -0.0841833  0.119361  0.174746
0.327626  -0.164114  -0.0841833  -0.164114  0.326176  0.119361  -0.0841833  0.119361  0.174746
0.327645  -0.164139  -0.0841608  -0.164139  0.326184  0.119344  -0.0841608  0.119344  0.174728
0.327645  -0.164139  -0.0841608  -0.164139  0.326184  0.119344  -0.0841608  0.119344  0.174728
0.327665  -0.164148  -0.0841655  -0.164148  0.326172  0.119336  -0.0841655  0.119336  0.174724
0.327693  -0.164185  -0.0841668  -0.164185  0.326196  0.119339  -0.0841668  0.119339  0.174719
0.327693  -0.164185  -0.0841668  -0.164185  0.326196  0.119339  -0.0841668  0.119339  0.174719
0.327713  -0.164194  -0.0841716  -0.164194  0.326184  0.119331  -0.0841716  0.119331  0.174715
0.327713  -0.164194  -0.0841716  -0.164194  0.326184  0.119331  -0.0841716  0.119331  0.174715
0.327741  -0.164231  -0.0841729  -0.164231  0.326208  0.119334  -0.0841729  0.119334  0.17471
0.327741  -0.164231  -0.0841729  -0.164231  0.326208  0.119334  -0.0841729  0.119334  0.17471
0.327741  -0.164231  -0.0841729  -0.164231  0.326208  0.119334  -0.0841729  0.119334  0.17471
0.327761  -0.16424  -0.0841776  -0.16424  0.326196  0.119327  -0.0841776  0.119327  0.174706
0.327761  -0.16424  -0.0841776  -0.16424  0.326196  0.119327  -0.0841776  0.119327  0.174706
0.32777  -0.164267  -0.0841742  -0.164267  0.326233  0.119337  -0.0841742  0.119337  0.174704
0.32777  -0.164267  -0.0841742  -0.164267  0.326233  0.119337  -0.0841742  0.119337  0.174704
0.32778  -0.164265  -0.084155  -0.164265  0.326204  0.119309  -0.084155  0.119309  0.174687
0.32778  -0.164265  -0.084155  -0.164265  0.326204  0.119309  -0.084155  0.119309  0.174687
0.32778  -0.164265  -0.084155  -0.164265  0.326204  0.119309  -0.084155  0.119309  0.174687
0.3278  -0.164275  -0.0841598  -0.164275  0.326192  0.119301  -0.0841598  0.119301  0.174683
0.3278  -0.164275  -0.0841598  -0.164275  0.326192  0.119301  -0.0841598  0.119301  0.174683
0.32779  -0.164263  -0.0841359  -0.164263  0.326176  0.119281  -0.0841359  0.119281  0.17467
0.32779  -0.164263  -0.0841359  -0.164263  0.326176  0.119281  -0.0841359  0.119281  0.17467
0.32781  -0.164273  -0.0841406  -0.164273  0.326163  0.119273  -0.0841406  0.119273  0.174666
0.32781  -0.164273  -0.0841406  -0.164273  0.326163  0.119273  -0.0841406  0.119273  0.174666
0.32781  -0.164273  -0.0841406  -0.164273  0.326163  0.119273  -0.0841406  0.119273  0.174666
0.32781  -0.164273  -0.0841406  -0.164273  0.326163  0.119273  -0.0841406  0.119273  0.174666
0.32782  -0.164255  -0.0841488  -0.164255  0.326115  0.119255  -0.0841488  0.119255  0.174664
0.32782  -0.164255  -0.0841488  -0.164255  0.326115  0.119255  -0.0841488  0.119255  0.174664
0.32782  -0.164255  -0.0841488  -0.164255  0.326115  0.119255  -0.0841488  0.119255  0.174664
0.32782  -0.164255  -0.0841488  -0.164255  0.326115  0.119255  -0.0841488  0.119255  0.174664
0.32783  -0.164266  -0.0841726  -0.164266  0.326131  0.119276  -0.0841726  0.119276  0.174678
0.327849  -0.164275  -0.0841774  -0.164275  0.326119  0.119268  -0.0841774  0.119268  0.174674
0.327849  -0.164275  -0.0841774  -0.164275  0.326119  0.119268  -0.0841774  0.119268  0.174674
0.327849  -0.164275  -0.0841774  -0.164275  0.326119  0.119268  -0.0841774  0.119268  0.174674
0.327849  -0.164275  -0.0841774  -0.164275  0.326119  0.119268  -0.0841774  0.119268  0.174674
0.327849  -0.164275  -0.0841774  -0.164275  0.326119  0.119268  -0.0841774  0.119268  0.174674
0.327869  -0.164285  -0.0841821  -0.164285  0.326107  0.119261  -0.0841821  0.119261  0.17467
0.32786  -0.164257  -0.0841855  -0.164257  0.326071  0.119251  -0.0841855  0.119251  0.174672
0.32786  -0.164257  -0.0841855  -0.164257  0.326071  0.119251  -0.0841855  0.119251  0.174672
0.327879  -0.164267  -0.0841902  -0.164267  0.326059  0.119243  -0.0841902  0.119243  0.174668
0.327879  -0.164267  -0.0841902  -0.164267  0.326059  0.119243  -0.0841902  0.119243  0.174668
0.327879  -0.164267  -0.0841902  -0.164267  0.326059  0.119243  -0.0841902  0.119243  0.174668
0.327879  -0.164267  -0.0841902  -0.164267  0.326059  0.119243  -0.0841902  0.119243  0.174668
0.327899  -0.16426  -0.0842222  -0.16426  0.326027  0.119246  -0.0842222  0.119246  0.17468
0.327899  -0.16426  -0.0842222  -0.16426  0.326027  0.119246  -0.0842222  0.119246  0.17468
0.327909  -0.164258  -0.0842031  -0.164258  0.325998  0.119218  -0.0842031  0.119218  0.174662
0.327909  -0.164258  -0.0842031  -0.164258  0.325998  0.119218  -0.0842031  0.119218  0.174662
0.327909  -0.164258  -0.0842031  -0.164258  0.325998  0.119218  -0.0842031  0.119218  0.174662
0.327929  -0.164267  -0.0842078  -0.164267  0.325986  0.11921  -0.0842078  0.11921  0.174659
0.327929  -0.164267  -0.0842078  -0.164267  0.325986  0.11921  -0.0842078  0.11921  0.174659
0.327948  -0.164277  -0.0842125  -0.164277  0.325974  0.119203  -0.0842125  0.119203  0.174655
0.327948  -0.164277  -0.0842125  -0.164277  0.325974  0.119203  -0.0842125  0.119203  0.174655
0.327968  -0.164286  -0.0842173  -0.164286  0.325962  0.119195  -0.0842173  0.119195  0.174651
0.327959  -0.164259  -0.0842207  -0.164259  0.325926  0.119185  -0.0842207  0.119185  0.174653
0.327969  -0.164257  -0.0842015  -0.164257  0.325897  0.119157  -0.0842015  0.119157  0.174636
0.327978  -0.164284  -0.0841981  -0.164284  0.325934  0.119167  -0.0841981  0.119167  0.174634
0.327978  -0.164284  -0.0841981  -0.164284  0.325934  0.119167  -0.0841981  0.119167  0.174634
0.327988  -0.164266  -0.0842063  -0.164266  0.325885  0.11915  -0.0842063  0.11915  0.174632
0.327988  -0.164266  -0.0842063  -0.164266  0.325885  0.11915  -0.0842063  0.11915  0.174632
0.328037  -0.164312  -0.0842123  -0.164312  0.325897  0.119145  -0.0842123  0.119145  0.174623
0.328037  -0.164312  -0.0842123  -0.164312  0.325897  0.119145  -0.0842123  0.119145  0.174623
0.328037  -0.164312  -0.0842123  -0.164312  0.325897  0.119145  -0.0842123  0.119145  0.174623
0.328066  -0.164332  -0.0842408  -0.164332  0.325902  0.119158  -0.0842408  0.119158  0.174633
0.328066  -0.164332  -0.0842408  -0.164332  0.325902  0.119158  -0.0842408  0.119158  0.174633
0.328085  -0.164342  -0.0842456  -0.164342  0.32589  0.11915  -0.0842456  0.11915  0.174629
0.328085  -0.164342  -0.0842456  -0.164342  0.32589  0.11915  -0.0842456  0.11915  0.174629
0.328105  -0.164351  -0.0842503  -0.164351  0.325878  0.119143  -0.0842503  0.119143  0.174626
0.328096  -0.164324  -0.0842537  -0.164324  0.325841  0.119133  -0.0842537  0.119133  0.174627
0.328115  -0.164333  -0.0842584  -0.164333  0.325829  0.119125  -0.0842584  0.119125  0.174624
0.328115  -0.164333  -0.0842584  -0.164333  0.325829  0.119125  -0.0842584  0.119125  0.174624
0.328115  -0.164333  -0.0842584  -0.164333  0.325829  0.119125  -0.0842584  0.119125  0.174624
0.328135  -0.164342  -0.0842631  -0.164342  0.325817  0.119118  -0.0842631  0.119118  0.17462
0.328135  -0.164342  -0.0842631  -0.164342  0.325817  0.119118  -0.0842631  0.119118  0.17462
0.328135  -0.164342  -0.0842631  -0.164342  0.325817  0.119118  -0.0842631  0.119118  0.17462
0.328155  -0.164352  -0.0842678  -0.164352  0.325805  0.11911  -0.0842678  0.11911  0.174616
0.328155  -0.164352  -0.0842678  -0.164352  0.325805  0.11911  -0.0842678  0.11911  0.174616
0.328184  -0.164372  -0.0842964  -0.164372  0.325809  0.119123  -0.0842964  0.119123  0.174626
0.328184  -0.164372  -0.0842964  -0.164372  0.325809  0.119123  -0.0842964  0.119123  0.174626
0.328184  -0.164372  -0.0842964  -0.164372  0.325809  0.119123  -0.0842964  0.119123  0.174626
0.328184  -0.164372  -0.0842964  -0.164372  0.325809  0.119123  -0.0842964  0.119123  0.174626
0.328204  -0.164381  -0.0843011  -0.164381  0.325797  0.119115  -0.0843011  0.119115  0.174622
0.328213  -0.164393  -0.084325  -0.164393  0.325814  0.119136  -0.084325  0.119136  0.174636
0.328213  -0.164393  -0.084325  -0.164393  0.325814  0.119136  -0.084325  0.119136  0.174636
0.328213  -0.164393  -0.084325  -0.164393  0.325814  0.119136  -0.084325  0.119136  0.174636
0.328213  -0.164393  -0.084325  -0.164393  0.325814  0.119136  -0.084325  0.119136  0.174636
0.328213  -0.164393  -0.084325  -0.164393  0.325814  0.119136  -0.084325  0.119136  0.174636
0.328204  -0.164381  -0.0843011  -0.164381  0.325797  0.119115  -0.0843011  0.119115  0.174622
0.328204  -0.164381  -0.0843011  -0.164381  0.325797  0.119115  -0.0843011  0.119115  0.174622
0.328214  -0.164363  -0.0843093  -0.164363  0.325749  0.119098  -0.0843093  0.119098  0.17462
0.328204  -0.164352  -0.0842854  -0.164352  0.325732  0.119077  -0.0842854  0.119077  0.174607
0.328204  -0.164352  -0.0842854  -0.164352  0.325732  0.119077  -0.0842854  0.119077  0.174607
0.328195  -0.164325  -0.0842888  -0.164325  0.325696  0.119067  -0.0842888  0.119067  0.174608
0.328166  -0.164304  -0.0842602  -0.164304  0.325692  0.119054  -0.0842602  0.119054  0.174598
0.328166  -0.164304  -0.0842602  -0.164304  0.325692  0.119054  -0.0842602  0.119054  0.174598
0.328166  -0.164304  -0.0842602  -0.164304  0.325692  0.119054  -0.0842602  0.119054  0.174598
0.328166  -0.164304  -0.0842602  -0.164304  0.325692  0.119054  -0.0842602  0.119054  0.174598
0.328166  -0.164304  -0.0842602  -0.164304  0.325692  0.119054  -0.0842602  0.119054  0.174598
0.328157  -0.164277  -0.0842636  -0.164277  0.325655  0.119044  -0.0842636  0.119044  0.1746
0.328157  -0.164277  -0.0842636  -0.164277  0.325655  0.119044  -0.0842636  0.119044  0.1746
0.328157  -0.164277  -0.0842636  -0.164277  0.325655  0.119044  -0.0842636  0.119044  0.1746
0.328157  -0.164277  -0.0842636  -0.164277  0.325655  0.119044  -0.0842636  0.119044  0.1746
0.328147  -0.164265  -0.0842398  -0.164265  0.325639  0.119023  -0.0842398  0.119023  0.174587
0.328157  -0.164247  -0.0842479  -0.164247  0.32559  0.119006  -0.0842479  0.119006  0.174584
0.328157  -0.164247  -0.0842479  -0.164247  0.32559  0.119006  -0.0842479  0.119006  0.174584
0.328157  -0.164247  -0.0842479  -0.164247  0.32559  0.119006  -0.0842479  0.119006  0.174584
0.328157  -0.164247  -0.0842479  -0.164247  0.32559  0.119006  -0.0842479  0.119006  0.174584
0.328157  -0.164247  -0.0842479  -0.164247  0.32559  0.119006  -0.0842479  0.119006  0.174584
0.328157  -0.164247  -0.0842479  -0.164247  0.32559  0.119006  -0.0842479  0.119006  0.174584
0.328157  -0.164247  -0.0842479  -0.164247  0.32559  0.119006  -0.0842479  0.119006  0.174584
0.328157  -0.164247  -0.0842479  -0.164247  0.32559  0.119006  -0.0842479  0.119006  0.174584
0.328167  -0.164259  -0.0842718  -0.164259  0.325607  0.119026  -0.0842718  0.119026  0.174598
0.328167  -0.164259  -0.0842718  -0.164259  0.325607  0.119026  -0.0842718  0.119026  0.174598
0.328176  -0.164286  -0.0842683  -0.164286  0.325643  0.119036  -0.0842683  0.119036  0.174596
0.328176  -0.164286  -0.0842683  -0.164286  0.325643  0.119036  -0.0842683  0.119036  0.174596
0.328176  -0.164286  -0.0842683  -0.164286  0.325643  0.119036  -0.0842683  0.119036  0.174596
0.328176  -0.164286  -0.0842683  -0.164286  0.325643  0.119036  -0.0842683  0.119036  0.174596
0.328176  -0.164286  -0.0842683  -0.164286  0.325643  0.119036  -0.0842683  0.119036  0.174596
0.328176  -0.164286  -0.0842683  -0.164286  0.325643  0.119036  -0.0842683  0.119036  0.174596
0.328185  -0.164313  -0.0842649  -0.164313  0.325679  0.119046  -0.0842649  0.119046  0.174595
0.328185  -0.164313  -0.0842649  -0.164313  0.325679  0.119046  -0.0842649  0.119046  0.174595
0.328166  -0.164304  -0.0842602  -0.164304  0.325692  0.119054  -0.0842602  0.119054  0.174598
0.328166  -0.164304  -0.0842602  -0.164304  0.325692  0.119054  -0.0842602  0.119054  0.174598
0.328166  -0.164304  -0.0842602  -0.164304  0.325692  0.119054  -0.0842602  0.119054  0.174598
0.328166  -0.164304  -0.0842602  -0.164304  0.325692  0.119054  -0.0842602  0.119054  0.174598
0.328166  -0.164304  -0.0842602  -0.164304  0.325692  0.119054  -0.0842602  0.119054  0.174598
0.328146  -0.164295  -0.0842555  -0.164295  0.325704  0.119062  -0.0842555  0.119062  0.174602
0.328146  -0.164295  -0.0842555  -0.164295  0.325704  0.119062  -0.0842555  0.119062  0.174602
0.328117  -0.164274  -0.0842269  -0.164274  0.325699  0.119049  -0.0842269  0.119049  0.174592
0.328117  -0.164274  -0.0842269  -0.164274  0.325699  0.119049  -0.0842269  0.119049  0.174592
0.328097  -0.164265  -0.0842222  -0.164265  0.325711  0.119056  -0.0842222  0.119056  0.174596
0.328107  -0.164292  -0.0842188  -0.164292  0.325748  0.119066  -0.0842188  0.119066  0.174594
0.328107  -0.164292  -0.0842188  -0.164292  0.325748  0.119066  -0.0842188  0.119066  0.174594
0.328097  -0.164281  -0.0841949  -0.164281  0.325731  0.119046  -0.0841949  0.119046  0.174581
0.328077  -0.164272  -0.0841902  -0.164272  0.325743  0.119053  -0.0841902  0.119053  0.174585
0.328077  -0.164272  -0.0841902  -0.164272  0.325743  0.119053  -0.0841902  0.119053  0.174585
0.328077  -0.164272  -0.0841902  -0.164272  0.325743  0.119053  -0.0841902  0.119053  0.174585
0.328077  -0.164272  -0.0841902  -0.164272  0.325743  0.119053  -0.0841902  0.119053  0.174585
0.328077  -0.164287  -0.0841629  -0.164287  0.325763  0.119043  -0.0841629  0.119043  0.174569
0.328077  -0.164287  -0.0841629  -0.164287  0.325763  0.119043  -0.0841629  0.119043  0.174569
0.328077  -0.164287  -0.0841629  -0.164287  0.325763  0.119043  -0.0841629  0.119043  0.174569
0.328077  -0.164287  -0.0841629  -0.164287  0.325763  0.119043  -0.0841629  0.119043  0.174569
0.328087  -0.164285  -0.0841438  -0.164285  0.325735  0.119015  -0.0841438  0.119015  0.174552
0.328087  -0.164285  -0.0841438  -0.164285  0.325735  0.119015  -0.0841438  0.119015  0.174552
0.328087  -0.164285  -0.0841438  -0.164285  0.325735  0.119015  -0.0841438  0.119015  0.174552
0.328087  -0.164285  -0.0841438  -0.164285  0.325735  0.119015  -0.0841438  0.119015  0.174552
0.328087  -0.164285  -0.0841438  -0.164285  0.325735  0.119015  -0.0841438  0.119015  0.174552
0.328087  -0.164285  -0.0841438  -0.164285  0.325735  0.119015  -0.0841438  0.119015  0.174552
0.328087  -0.164285  -0.0841438  -0.164285  0.325735  0.119015  -0.0841438  0.119015  0.174552
0.328106  -0.164311  -0.0841212  -0.164311  0.325743  0.118997  -0.0841212  0.118997  0.174534
0.328106  -0.164311  -0.0841212  -0.164311  0.325743  0.118997  -0.0841212  0.118997  0.174534
0.328106  -0.164311  -0.0841212  -0.164311  0.325743  0.118997  -0.0841212  0.118997  0.174534
0.328106  -0.164311  -0.0841212  -0.164311  0.325743  0.118997  -0.0841212  0.118997  0.174534
0.328106  -0.164311  -0.0841212  -0.164311  0.325743  0.118997  -0.0841212  0.118997  0.174534
0.328126  -0.16432  -0.0841259  -0.16432  0.32573  0.11899  -0.0841259  0.11899  0.17453
0.328126  -0.16432  -0.0841259  -0.16432  0.32573  0.11899  -0.0841259  0.11899  0.17453
0.328126  -0.16432  -0.0841259  -0.16432  0.32573  0.11899  -0.0841259  0.11899  0.17453
0.328126  -0.16432  -0.0841259  -0.16432  0.32573  0.11899  -0.0841259  0.11899  0.17453
0.328126  -0.16432  -0.0841259  -0.16432  0.32573  0.11899  -0.0841259  0.11899  0.17453
0.328116  -0.164293  -0.0841293  -0.164293  0.325694  0.118979  -0.0841293  0.118979  0.174531
0.328116  -0.164293  -0.0841293  -0.164293  0.325694  0.118979  -0.0841293  0.118979  0.174531
0.328116  -0.164293  -0.0841293  -0.164293  0.325694  0.118979  -0.0841293  0.118979  0.174531
0.328116  -0.164293  -0.0841293  -0.164293  0.325694  0.118979  -0.0841293  0.118979  0.174531
0.328116  -0.164293  -0.0841293  -0.164293  0.325694  0.118979  -0.0841293  0.118979  0.174531
0.328116  -0.164293  -0.0841293  -0.164293  0.325694  0.118979  -0.0841293  0.118979  0.174531
0.328088  -0.164256  -0.0841281  -0.164256  0.32567  0.118977  -0.0841281  0.118977  0.174537
0.328088  -0.164256  -0.0841281  -0.164256  0.32567  0.118977  -0.0841281  0.118977  0.174537
0.328088  -0.164256  -0.0841281  -0.164256  0.32567  0.118977  -0.0841281  0.118977  0.174537
0.328088  -0.164256  -0.0841281  -0.164256  0.32567  0.118977  -0.0841281  0.118977  0.174537
0.328078  -0.164229  -0.0841315  -0.164229  0.325633  0.118966  -0.0841315  0.118966  0.174538
0.328078  -0.164229  -0.0841315  -0.164229  0.325633  0.118966  -0.0841315  0.118966  0.174538
0.328078  -0.164229  -0.0841315  -0.164229  0.325633  0.118966  -0.0841315  0.118966  0.174538
0.328078  -0.164229  -0.0841315  -0.164229  0.325633  0.118966  -0.0841315  0.118966  0.174538
0.328069  -0.164217  -0.0841076  -0.164217  0.325617  0.118946  -0.0841076  0.118946  0.174525
0.328069  -0.164217  -0.0841076  -0.164217  0.325617  0.118946  -0.0841076  0.118946  0.174525
0.32806  -0.16419  -0.0841111  -0.16419  0.325581  0.118936  -0.0841111  0.118936  0.174526
0.32806  -0.16419  -0.0841111  -0.16419  0.325581  0.118936  -0.0841111  0.118936  0.174526
0.32806  -0.16419  -0.0841111  -0.16419  0.325581  0.118936  -0.0841111  0.118936  0.174526
0.32806  -0.16419  -0.0841111  -0.16419  0.325581  0.118936  -0.0841111  0.118936  0.174526
0.32806  -0.16419  -0.0841111  -0.16419  0.325581  0.118936  -0.0841111  0.118936  0.174526
0.32806  -0.16419  -0.0841111  -0.16419  0.325581  0.118936  -0.0841111  0.118936  0.174526
0.328079  -0.164199  -0.0841158  -0.164199  0.325569  0.118928  -0.0841158  0.118928  0.174523
0.328079  -0.164199  -0.0841158  -0.164199  0.325569  0.118928  -0.0841158  0.118928  0.174523
0.328089  -0.164211  -0.0841396  -0.164211  0.325585  0.118949  -0.0841396  0.118949  0.174536
0.328089  -0.164211  -0.0841396  -0.164211  0.325585  0.118949  -0.0841396  0.118949  0.174536
0.328089  -0.164211  -0.0841396  -0.164211  0.325585  0.118949  -0.0841396  0.118949  0.174536
0.328089  -0.164211  -0.0841396  -0.164211  0.325585  0.118949  -0.0841396  0.118949  0.174536
0.328099  -0.164193  -0.0841477  -0.164193  0.325537  0.118931  -0.0841477  0.118931  0.174534
0.328099  -0.164193  -0.0841477  -0.164193  0.325537  0.118931  -0.0841477  0.118931  0.174534
0.328109  -0.164204  -0.0841716  -0.164204  0.325553  0.118952  -0.0841716  0.118952  0.174548
0.328109  -0.164204  -0.0841716  -0.164204  0.325553  0.118952  -0.0841716  0.118952  0.174548
0.328109  -0.164204  -0.0841716  -0.164204  0.325553  0.118952  -0.0841716  0.118952  0.174548
0.328109  -0.164204  -0.0841716  -0.164204  0.325553  0.118952  -0.0841716  0.118952  0.174548
0.328138  -0.164225  -0.0842001  -0.164225  0.325557  0.118965  -0.0842001  0.118965  0.174557
0.328138  -0.164225  -0.0842001  -0.164225  0.325557  0.118965  -0.0842001  0.118965  0.174557
0.328138  -0.164225  -0.0842001  -0.164225  0.325557  0.118965  -0.0842001  0.118965  0.174557
0.328147  -0.164252  -0.0841967  -0.164252  0.325594  0.118975  -0.0841967  0.118975  0.174556
0.328147  -0.164252  -0.0841967  -0.164252  0.325594  0.118975  -0.0841967  0.118975  0.174556
0.328147  -0.164252  -0.0841967  -0.164252  0.325594  0.118975  -0.0841967  0.118975  0.174556
0.328157  -0.164263  -0.0842206  -0.164263  0.32561  0.118995  -0.0842206  0.118995  0.174569
0.328157  -0.164263  -0.0842206  -0.164263  0.32561  0.118995  -0.0842206  0.118995  0.174569
0.328157  -0.164263  -0.0842206  -0.164263  0.32561  0.118995  -0.0842206  0.118995  0.174569
0.328157  -0.164263  -0.0842206  -0.164263  0.32561  0.118995  -0.0842206  0.118995  0.174569
0.328147  -0.164252  -0.0841967  -0.164252  0.325594  0.118975  -0.0841967  0.118975  0.174556
0.328147  -0.164252  -0.0841967  -0.164252  0.325594  0.118975  -0.0841967  0.118975  0.174556
0.328147  -0.164252  -0.0841967  -0.164252  0.325594  0.118975  -0.0841967  0.118975  0.174556
0.328147  -0.164252  -0.0841967  -0.164252  0.325594  0.118975  -0.0841967  0.118975  0.174556
0.328138  -0.164241  -0.0841729  -0.164241  0.325577  0.118954  -0.0841729  0.118954  0.174542
0.328138  -0.164241  -0.0841729  -0.164241  0.325577  0.118954  -0.0841729  0.118954  0.174542
0.328147  -0.164268  -0.0841694  -0.164268  0.325614  0.118964  -0.0841694  0.118964  0.174541
0.328147  -0.164268  -0.0841694  -0.164268  0.325614  0.118964  -0.0841694  0.118964  0.174541
0.328137  -0.164257  -0.0841456  -0.164257  0.325597  0.118944  -0.0841456  0.118944  0.174527
0.328147  -0.164255  -0.0841264  -0.164255  0.325569  0.118916  -0.0841264  0.118916  0.17451
0.328156  -0.164282  -0.084123  -0.164282  0.325605  0.118926  -0.084123  0.118926  0.174508
0.328146  -0.164286  -0.0840719  -0.164286  0.325608  0.118895  -0.0840719  0.118895  0.17448
0.328146  -0.164286  -0.0840719  -0.164286  0.325608  0.118895  -0.0840719  0.118895  0.17448
0.328156  -0.1643  -0.0840254  -0.1643  0.3256  0.118857  -0.0840254  0.118857  0.174448
0.328156  -0.1643  -0.0840254  -0.1643  0.3256  0.118857  -0.0840254  0.118857  0.174448
0.328165  -0.164314  -0.083979  -0.164314  0.325591  0.118819  -0.083979  0.118819  0.174416
0.328165  -0.164314  -0.083979  -0.164314  0.325591  0.118819  -0.083979  0.118819  0.174416
0.328165  -0.16433  -0.0839517  -0.16433  0.325611  0.118808  -0.0839517  0.118808  0.1744
0.328165  -0.164333  -0.0838814  -0.164333  0.325586  0.11875  -0.0838814  0.11875  0.174355
0.328165  -0.164333  -0.0838814  -0.164333  0.325586  0.11875  -0.0838814  0.11875  0.174355
0.328136  -0.164298  -0.08381  -0.164298  0.325537  0.118688  -0.08381  0.118688  0.174315
0.328135  -0.164314  -0.0837827  -0.164314  0.325557  0.118678  -0.0837827  0.118678  0.1743
0.328145  -0.164312  -0.0837636  -0.164312  0.325528  0.11865  -0.0837636  0.11865  0.174283
0.328116  -0.164294  -0.0836649  -0.164294  0.325499  0.118578  -0.0836649  0.118578  0.174228
0.328116  -0.164294  -0.0836649  -0.164294  0.325499  0.118578  -0.0836649  0.118578  0.174228
0.328087  -0.164247  -0.0835506  -0.164247  0.325405  0.118469  -0.0835506  0.118469  0.174157
0.328078  -0.164235  -0.0835268  -0.164235  0.325389  0.118448  -0.0835268  0.118448  0.174144
0.328039  -0.16419  -0.0834317  -0.16419  0.325323  0.118367  -0.0834317  0.118367  0.174091
0.328059  -0.164199  -0.0834364  -0.164199  0.325311  0.118359  -0.0834364  0.118359  0.174087
0.328011  -0.164143  -0.0833176  -0.164143  0.325229  0.118257  -0.0833176  0.118257  0.174021
0.328001  -0.164131  -0.0832939  -0.164131  0.325213  0.118237  -0.0832939  0.118237  0.174007
0.328002  -0.164118  -0.083251  -0.164118  0.325168  0.118189  -0.083251  0.118189  0.173977
0.327973  -0.16407  -0.083137  -0.16407  0.325074  0.118079  -0.083137  0.118079  0.173907
0.327963  -0.164059  -0.0831133  -0.164059  0.325058  0.118059  -0.0831133  0.118059  0.173894
0.327926  -0.163985  -0.0830029  -0.163985  0.324928  0.11794  -0.0830029  0.11794  0.173826
0.327926  -0.163985  -0.0830029  -0.163985  0.324928  0.11794  -0.0830029  0.11794  0.173826
0.327888  -0.163926  -0.0828655  -0.163926  0.324818  0.117811  -0.0828655  0.117811  0.173744
0.327878  -0.163915  -0.0828418  -0.163915  0.324802  0.11779  -0.0828418  0.11779  0.173731
0.32784  -0.163856  -0.0827045  -0.163856  0.324692  0.117661  -0.0827045  0.117661  0.173648
0.32785  -0.163854  -0.0826854  -0.163854  0.324664  0.117633  -0.0826854  0.117633  0.173632
0.327821  -0.16382  -0.0826145  -0.16382  0.324615  0.117573  -0.0826145  0.117573  0.173592
0.327794  -0.163744  -0.0824855  -0.163744  0.324457  0.117426  -0.0824855  0.117426  0.173508
0.327784  -0.163733  -0.0824619  -0.163733  0.324441  0.117406  -0.0824619  0.117406  0.173495
0.327747  -0.163661  -0.0822822  -0.163661  0.324287  0.11723  -0.0822822  0.11723  0.173384
0.327747  -0.163661  -0.0822822  -0.163661  0.324287  0.11723  -0.0822822  0.11723  0.173384
0.3277  -0.163562  -0.0821064  -0.163562  0.324097  0.117044  -0.0821064  0.117044  0.173275
0.327691  -0.163551  -0.0820828  -0.163551  0.324081  0.117023  -0.0820828  0.117023  0.173262
0.327663  -0.163461  -0.0819117  -0.163461  0.323879  0.11683  -0.0819117  0.11683  0.173149
0.327644  -0.163439  -0.0818647  -0.163439  0.323847  0.11679  -0.0818647  0.11679  0.173124
0.327655  -0.163423  -0.0818032  -0.163423  0.323774  0.116715  -0.0818032  0.116715  0.173078
0.327599  -0.1633  -0.0815619  -0.1633  0.323525  0.116462  -0.0815619  0.116462  0.172928
0.327589  -0.163289  -0.0815385  -0.163289  0.323509  0.116442  -0.0815385  0.116442  0.172915
0.327562  -0.163226  -0.0814527  -0.163226  0.323396  0.116344  -0.0814527  0.116344  0.172862
0.327516  -0.163101  -0.0811931  -0.163101  0.323119  0.116065  -0.0811931  0.116065  0.172696
0.327507  -0.16309  -0.0811697  -0.16309  0.323103  0.116045  -0.0811697  0.116045  0.172684
0.327451  -0.162983  -0.0809025  -0.162983  0.322875  0.115783  -0.0809025  0.115783  0.172521
0.32746  -0.162981  -0.0808835  -0.162981  0.322847  0.115756  -0.0808835  0.115756  0.172505
0.327386  -0.162836  -0.0805971  -0.162836  0.322567  0.115465  -0.0805971  0.115465  0.172333
0.327377  -0.162825  -0.0805738  -0.162825  0.322551  0.115446  -0.0805738  0.115446  0.172321
0.327312  -0.162678  -0.0802691  -0.162678  0.322244  0.115129  -0.0802691  0.115129  0.172133
0.327303  -0.162667  -0.0802458  -0.162667  0.322228  0.115109  -0.0802458  0.115109  0.172121
0.327229  -0.162509  -0.0799185  -0.162509  0.321905  0.114773  -0.0799185  0.114773  0.171923
0.32722  -0.162498  -0.0798953  -0.162498  0.321889  0.114754  -0.0798953  0.114754  0.171911
0.327155  -0.162367  -0.0795651  -0.162367  0.321604  0.114429  -0.0795651  0.114429  0.171712
0.327146  -0.162356  -0.0795419  -0.162356  0.321588  0.114409  -0.0795419  0.114409  0.1717
0.327044  -0.162166  -0.0791469  -0.162166  0.32122  0.114017  -0.0791469  0.114017  0.171469
0.327035  -0.162155  -0.0791238  -0.162155  0.321204  0.113998  -0.0791238  0.113998  0.171457
0.326952  -0.161987  -0.0787759  -0.161987  0.320869  0.113646  -0.0787759  0.113646  0.171251
0.326953  -0.161974  -0.078734  -0.161974  0.320825  0.113599  -0.078734  0.113599  0.171224
0.326842  -0.161787  -0.0783599  -0.161787  0.320487  0.113237  -0.0783599  0.113237  0.171012
0.326842  -0.161774  -0.0783181  -0.161774  0.320444  0.113191  -0.0783181  0.113191  0.170985
0.326787  -0.161679  -0.0781657  -0.161679  0.320287  0.113038  -0.0781657  0.113038  0.1709
0.326677  -0.161493  -0.077793  -0.161493  0.31995  0.112678  -0.077793  0.112678  0.170691
0.326668  -0.161482  -0.0777702  -0.161482  0.319935  0.112659  -0.0777702  0.112659  0.170679
0.326558  -0.161296  -0.0773985  -0.161296  0.319599  0.1123  -0.0773985  0.1123  0.170472
0.326568  -0.161293  -0.0773798  -0.161293  0.319572  0.112273  -0.0773798  0.112273  0.170457
0.326441  -0.16107  -0.0769903  -0.16107  0.319186  0.111887  -0.0769903  0.111887  0.170241
0.326422  -0.161049  -0.0769449  -0.161049  0.319156  0.111849  -0.0769449  0.111849  0.170218
0.326296  -0.160826  -0.0765567  -0.160826  0.318772  0.111465  -0.0765567  0.111465  0.170005
0.326287  -0.160815  -0.0765341  -0.160815  0.318756  0.111446  -0.0765341  0.111446  0.169994
0.326151  -0.160583  -0.0761246  -0.160583  0.318359  0.111044  -0.0761246  0.111044  0.169772
0.326133  -0.160561  -0.0760795  -0.160561  0.318328  0.111006  -0.0760795  0.111006  0.169749
0.325981  -0.160293  -0.0756528  -0.160293  0.317881  0.110578  -0.0756528  0.110578  0.16952
0.325972  -0.160282  -0.0756303  -0.160282  0.317866  0.110559  -0.0756303  0.110559  0.169508
0.325838  -0.160051  -0.0752236  -0.160051  0.317471  0.110161  -0.0752236  0.110161  0.169291
0.32581  -0.160019  -0.0751564  -0.160019  0.317426  0.110105  -0.0751564  0.110105  0.169258
0.325677  -0.159789  -0.0747511  -0.159789  0.317032  0.109709  -0.0747511  0.109709  0.169043
0.325668  -0.159765  -0.074688  -0.159765  0.316975  0.109646  -0.074688  0.109646  0.169006
0.325615  -0.159672  -0.0745397  -0.159672  0.316823  0.109499  -0.0745397  0.109499  0.168929
0.325482  -0.159459  -0.07411  -0.159459  0.316451  0.109095  -0.07411  0.109095  0.168705
0.325482  -0.159446  -0.0740693  -0.159446  0.316409  0.109051  -0.0740693  0.109051  0.168679
0.325429  -0.159354  -0.0739217  -0.159354  0.316257  0.108904  -0.0739217  0.108904  0.168603
0.325305  -0.159151  -0.073516  -0.159151  0.315902  0.108522  -0.073516  0.108522  0.168392
0.325296  -0.159141  -0.0734939  -0.159141  0.315887  0.108504  -0.0734939  0.108504  0.168382
0.325191  -0.158947  -0.0730931  -0.158947  0.315521  0.108115  -0.0730931  0.108115  0.16817
0.325182  -0.158937  -0.073071  -0.158937  0.315506  0.108097  -0.073071  0.108097  0.16816
0.325069  -0.158733  -0.0726494  -0.158733  0.315127  0.107692  -0.0726494  0.107692  0.16794
0.32506  -0.158722  -0.0726274  -0.158722  0.315112  0.107673  -0.0726274  0.107673  0.16793
0.324937  -0.158524  -0.0721591  -0.158524  0.314739  0.107242  -0.0721591  0.107242  0.16769
0.324928  -0.158514  -0.0721372  -0.158514  0.314724  0.107224  -0.0721372  0.107224  0.16768
0.324849  -0.158384  -0.0717534  -0.158384  0.314445  0.106876  -0.0717534  0.106876  0.167483
0.324849  -0.158371  -0.0717132  -0.158371  0.314403  0.106832  -0.0717132  0.106832  0.167459
0.324797  -0.158295  -0.0715422  -0.158295  0.314274  0.10668  -0.0715422  0.10668  0.167375
0.324736  -0.158173  -0.0711632  -0.158173  0.313984  0.106326  -0.0711632  0.106326  0.167177
0.324735  -0.158176  -0.0710972  -0.158176  0.313962  0.106273  -0.0710972  0.106273  0.167142
0.324709  -0.158119  -0.0709519  -0.158119  0.313836  0.106132  -0.0709519  0.106132  0.167066
0.324656  -0.158036  -0.0706098  -0.158036  0.313623  0.105832  -0.0706098  0.105832  0.166892
0.324647  -0.158026  -0.0705882  -0.158026  0.313608  0.105814  -0.0705882  0.105814  0.166883
0.324595  -0.157915  -0.0702328  -0.157915  0.313335  0.10548  -0.0702328  0.10548  0.166698
0.324586  -0.157904  -0.0702111  -0.157904  0.31332  0.105462  -0.0702111  0.105462  0.166689
0.324551  -0.15783  -0.0698737  -0.15783  0.313096  0.105156  -0.0698737  0.105156  0.166514
0.324542  -0.157819  -0.0698521  -0.157819  0.313081  0.105138  -0.0698521  0.105138  0.166505
0.32449  -0.157724  -0.0694723  -0.157724  0.312829  0.104798  -0.0694723  0.104798  0.166313
0.324481  -0.157713  -0.0694507  -0.157713  0.312815  0.10478  -0.0694507  0.10478  0.166304
0.324411  -0.157597  -0.0690288  -0.157597  0.312534  0.104405  -0.0690288  0.104405  0.166095
0.324402  -0.157587  -0.0690073  -0.157587  0.31252  0.104387  -0.0690073  0.104387  0.166086
0.324368  -0.15752  -0.0688423  -0.15752  0.312381  0.104231  -0.0688423  0.104231  0.166004
0.324324  -0.157435  -0.0684858  -0.157435  0.312144  0.10391  -0.0684858  0.10391  0.165827
0.324297  -0.157369  -0.0682378  -0.157369  0.311958  0.103678  -0.0682378  0.103678  0.165701
0.324289  -0.157358  -0.0682165  -0.157358  0.311944  0.10366  -0.0682165  0.10366  0.165692
0.324253  -0.157284  -0.0678824  -0.157284  0.311723  0.103359  -0.0678824  0.103359  0.165526
0.324262  -0.157281  -0.0678642  -0.157281  0.311696  0.103333  -0.0678642  0.103333  0.165513
0.324227  -0.157207  -0.0675306  -0.157207  0.311476  0.103033  -0.0675306  0.103033  0.165349
0.32421  -0.157187  -0.0674881  -0.157187  0.311448  0.102998  -0.0674881  0.102998  0.165331
0.3242  -0.157166  -0.0673625  -0.157166  0.311372  0.102886  -0.0673625  0.102886  0.165269
0.324182  -0.157112  -0.067072  -0.157112  0.311181  0.102621  -0.067072  0.102621  0.165124
0.324182  -0.157099  -0.0670327  -0.157099  0.31114  0.102579  -0.0670327  0.102579  0.165103
0.324164  -0.157045  -0.0667426  -0.157045  0.310949  0.102315  -0.0667426  0.102315  0.164959
0.324164  -0.157032  -0.0667034  -0.157032  0.310908  0.102273  -0.0667034  0.102273  0.164938
0.324164  -0.157022  -0.0665992  -0.157022  0.310847  0.102179  -0.0665992  0.102179  0.164886
0.324163  -0.156976  -0.0663127  -0.156976  0.310644  0.101908  -0.0663127  0.101908  0.16474
0.324163  -0.156963  -0.0662735  -0.156963  0.310604  0.101866  -0.0662735  0.101866  0.164719
0.324146  -0.156917  -0.066153  -0.156917  0.310495  0.101747  -0.066153  0.101747  0.16466
0.324119  -0.156853  -0.065843  -0.156853  0.310291  0.101467  -0.065843  0.101467  0.164511
0.324128  -0.15685  -0.0658249  -0.15685  0.310265  0.101442  -0.0658249  0.101442  0.164498
0.324101  -0.156786  -0.0655153  -0.156786  0.310062  0.101163  -0.0655153  0.101163  0.164351
0.324101  -0.156773  -0.0654763  -0.156773  0.310021  0.101122  -0.0654763  0.101122  0.16433
0.324092  -0.156701  -0.0651956  -0.156701  0.309786  0.100845  -0.0651956  0.100845  0.164189
0.324083  -0.156691  -0.0651746  -0.156691  0.309772  0.100828  -0.0651746  0.100828  0.164181
0.324091  -0.156678  -0.065053  -0.156678  0.309686  0.10071  -0.065053  0.10071  0.164119
0.324082  -0.156619  -0.0648118  -0.156619  0.309491  0.100476  -0.0648118  0.100476  0.164
0.324091  -0.156616  -0.0647937  -0.156616  0.309465  0.100451  -0.0647937  0.100451  0.163988
0.324082  -0.156557  -0.0645527  -0.156557  0.30927  0.100217  -0.0645527  0.100217  0.163869
0.32409  -0.156554  -0.0645346  -0.156554  0.309244  0.100192  -0.0645346  0.100192  0.163857
0.324081  -0.156495  -0.0642938  -0.156495  0.30905  0.0999588  -0.0642938  0.0999588  0.16374
0.324089  -0.156469  -0.0641337  -0.156469  0.308924  0.0998008  -0.0641337  0.0998008  0.163659
