0.326483  -0.157415  -0.0832655  -0.157415  0.314854  0.114256  -0.0832655  0.114256  0.173522
0.326483  -0.157415  -0.0832655  -0.157415  0.314854  0.114256  -0.0832655  0.114256  0.173522
0.326498  -0.157597  -0.0829081  -0.157597  0.315016  0.114086  -0.0829081  0.114086  0.173312
0.326497  -0.157659  -0.0828016  -0.157659  0.315089  0.114047  -0.0828016  0.114047  0.173254
0.326513  -0.157794  -0.0825241  -0.157794  0.315198  0.113907  -0.0825241  0.113907  0.173089
0.326505  -0.157791  -0.0822948  -0.157791  0.315108  0.113719  -0.0822948  0.113719  0.172945
0.326496  -0.157765  -0.0822983  -0.157765  0.315074  0.11371  -0.0822983  0.11371  0.172946
0.326476  -0.157808  -0.0820769  -0.157808  0.315092  0.113576  -0.0820769  0.113576  0.172819
0.326476  -0.157824  -0.0820503  -0.157824  0.31511  0.113567  -0.0820503  0.113567  0.172805
0.326572  -0.158182  -0.0813149  -0.158182  0.315316  0.113142  -0.0813149  0.113142  0.172355
0.3266  -0.158203  -0.0812736  -0.158203  0.315295  0.113098  -0.0812736  0.113098  0.172321
0.326808  -0.15821  -0.0812738  -0.15821  0.314976  0.112905  -0.0812738  0.112905  0.172235
0.326818  -0.158207  -0.0812549  -0.158207  0.314948  0.112879  -0.0812549  0.112879  0.172219
0.326902  -0.158238  -0.0812528  -0.158238  0.314871  0.112822  -0.0812528  0.112822  0.172187
0.327192  -0.15842  -0.0812589  -0.15842  0.314758  0.112699  -0.0812589  0.112699  0.172101
0.327211  -0.158428  -0.081263  -0.158428  0.314746  0.112691  -0.081263  0.112691  0.172097
0.327586  -0.158675  -0.0811444  -0.158675  0.314569  0.112436  -0.0811444  0.112436  0.171909
0.327624  -0.158691  -0.0811528  -0.158691  0.314545  0.112421  -0.0811528  0.112421  0.171901
0.327949  -0.15871  -0.081368  -0.15871  0.314163  0.112313  -0.081368  0.112313  0.171906
0.327968  -0.158703  -0.0813989  -0.158703  0.314132  0.112315  -0.0813989  0.112315  0.171917
0.328156  -0.158848  -0.0813336  -0.158848  0.314084  0.112201  -0.0813336  0.112201  0.171823
0.328156  -0.158863  -0.0813069  -0.158863  0.314102  0.112191  -0.0813069  0.112191  0.171809
0.328297  -0.158999  -0.0811142  -0.158999  0.314057  0.112007  -0.0811142  0.112007  0.171653
0.328316  -0.159007  -0.0811183  -0.159007  0.314045  0.112  -0.0811183  0.112  0.171649
0.328336  -0.158955  -0.0811603  -0.158955  0.313934  0.111975  -0.0811603  0.111975  0.171659
0.328384  -0.158967  -0.0812185  -0.158967  0.313906  0.111989  -0.0812185  0.111989  0.171678
0.328384  -0.158983  -0.0811918  -0.158983  0.313925  0.111979  -0.0811918  0.111979  0.171664
0.328482  -0.159267  -0.0809036  -0.159267  0.314182  0.111871  -0.0809036  0.111871  0.171491
0.328501  -0.159291  -0.080881  -0.159291  0.314189  0.111854  -0.080881  0.111854  0.171473
0.328665  -0.159319  -0.0810864  -0.159319  0.314074  0.111897  -0.0810864  0.111897  0.171539
0.328703  -0.159349  -0.081137  -0.159349  0.314092  0.111928  -0.081137  0.111928  0.17156
0.32892  -0.15963  -0.0811609  -0.15963  0.314294  0.11197  -0.0811609  0.11197  0.171534
0.328939  -0.159654  -0.0811382  -0.159654  0.314301  0.111953  -0.0811382  0.111953  0.171516
0.329263  -0.159989  -0.0812061  -0.159989  0.314458  0.111977  -0.0812061  0.111977  0.171483
0.329263  -0.159989  -0.0812061  -0.159989  0.314458  0.111977  -0.0812061  0.111977  0.171483
0.329573  -0.160159  -0.0815388  -0.160159  0.314439  0.112106  -0.0815388  0.112106  0.171594
0.329602  -0.160179  -0.0815663  -0.160179  0.314442  0.112118  -0.0815663  0.112118  0.171603
0.32984  -0.160547  -0.0815299  -0.160547  0.314753  0.11216  -0.0815299  0.11216  0.171545
0.329859  -0.160571  -0.0815072  -0.160571  0.314759  0.112143  -0.0815072  0.112143  0.171528
0.329946  -0.160677  -0.0815091  -0.160677  0.314825  0.112149  -0.0815091  0.112149  0.171512
0.330092  -0.160745  -0.0816312  -0.160745  0.314779  0.112171  -0.0816312  0.112171  0.171541
0.330122  -0.160764  -0.0816588  -0.160764  0.314782  0.112183  -0.0816588  0.112183  0.171549
0.330188  -0.160909  -0.0815757  -0.160909  0.314918  0.112167  -0.0815757  0.112167  0.171495
0.330178  -0.160898  -0.0815523  -0.160898  0.314902  0.112148  -0.0815523  0.112148  0.171482
0.330254  -0.160994  -0.0814609  -0.160994  0.314929  0.112078  -0.0814609  0.112078  0.171411
0.330254  -0.160994  -0.0814609  -0.160994  0.314929  0.112078  -0.0814609  0.112078  0.171411
0.330304  -0.160977  -0.0815038  -0.160977  0.314839  0.112055  -0.0815038  0.112055  0.171415
0.330294  -0.160966  -0.0814803  -0.160966  0.314823  0.112036  -0.0814803  0.112036  0.171403
0.330361  -0.161079  -0.0814511  -0.161079  0.314921  0.112039  -0.0814511  0.112039  0.171377
0.330361  -0.161079  -0.0814511  -0.161079  0.314921  0.112039  -0.0814511  0.112039  0.171377
0.33044  -0.161095  -0.0815644  -0.161095  0.314877  0.112075  -0.0815644  0.112075  0.171419
0.33044  -0.161095  -0.0815644  -0.161095  0.314877  0.112075  -0.0815644  0.112075  0.171419
0.3305  -0.161134  -0.0816197  -0.161134  0.314884  0.112099  -0.0816197  0.112099  0.171436
0.3305  -0.161134  -0.0816197  -0.161134  0.314884  0.112099  -0.0816197  0.112099  0.171436
0.330539  -0.161165  -0.0816708  -0.161165  0.314902  0.11213  -0.0816708  0.11213  0.171457
0.330539  -0.161165  -0.0816708  -0.161165  0.314902  0.11213  -0.0816708  0.11213  0.171457
0.33051  -0.161113  -0.0816972  -0.161113  0.314861  0.112138  -0.0816972  0.112138  0.171477
0.33051  -0.161113  -0.0816972  -0.161113  0.314861  0.112138  -0.0816972  0.112138  0.171477
0.33051  -0.161129  -0.0816702  -0.161129  0.31488  0.112128  -0.0816702  0.112128  0.171463
0.330451  -0.16109  -0.0816149  -0.16109  0.314874  0.112104  -0.0816149  0.112104  0.171445
0.330441  -0.161063  -0.0816184  -0.161063  0.314839  0.112095  -0.0816184  0.112095  0.171447
0.330393  -0.161006  -0.0815708  -0.161006  0.314786  0.112054  -0.0815708  0.112054  0.171427
0.330402  -0.161033  -0.0815673  -0.161033  0.31482  0.112063  -0.0815673  0.112063  0.171425
0.330353  -0.160991  -0.0814927  -0.160991  0.314786  0.112013  -0.0814927  0.112013  0.171392
0.330353  -0.160991  -0.0814927  -0.160991  0.314786  0.112013  -0.0814927  0.112013  0.171392
0.330353  -0.160975  -0.0815197  -0.160975  0.314767  0.112023  -0.0815197  0.112023  0.171406
0.330353  -0.160975  -0.0815197  -0.160975  0.314767  0.112023  -0.0815197  0.112023  0.171406
0.330373  -0.161013  -0.0815397  -0.161013  0.314817  0.112052  -0.0815397  0.112052  0.171417
0.330392  -0.161021  -0.0815438  -0.161021  0.314805  0.112044  -0.0815438  0.112044  0.171413
0.330402  -0.161033  -0.0815673  -0.161033  0.31482  0.112063  -0.0815673  0.112063  0.171425
0.330422  -0.161039  -0.0816413  -0.161039  0.314833  0.112112  -0.0816413  0.112112  0.171464
0.330422  -0.161039  -0.0816413  -0.161039  0.314833  0.112112  -0.0816413  0.112112  0.171464
0.330461  -0.161086  -0.0816654  -0.161086  0.31487  0.112133  -0.0816654  0.112133  0.171472
0.330471  -0.161112  -0.0816619  -0.161112  0.314905  0.112143  -0.0816619  0.112143  0.17147
0.330461  -0.161086  -0.0816654  -0.161086  0.31487  0.112133  -0.0816654  0.112133  0.171472
0.330442  -0.161077  -0.0816613  -0.161077  0.314883  0.112141  -0.0816613  0.112141  0.171475
0.330442  -0.161077  -0.0816613  -0.161077  0.314883  0.112141  -0.0816613  0.112141  0.171475
0.330442  -0.161077  -0.0816613  -0.161077  0.314883  0.112141  -0.0816613  0.112141  0.171475
0.330422  -0.161055  -0.0816143  -0.161055  0.314852  0.112102  -0.0816143  0.112102  0.17145
0.330422  -0.161055  -0.0816143  -0.161055  0.314852  0.112102  -0.0816143  0.112102  0.17145
0.330402  -0.161017  -0.0815943  -0.161017  0.314801  0.112073  -0.0815943  0.112073  0.171439
0.330402  -0.161017  -0.0815943  -0.161017  0.314801  0.112073  -0.0815943  0.112073  0.171439
0.330393  -0.161006  -0.0815708  -0.161006  0.314786  0.112054  -0.0815708  0.112054  0.171427
0.330393  -0.161006  -0.0815708  -0.161006  0.314786  0.112054  -0.0815708  0.112054  0.171427
0.330422  -0.161041  -0.0815714  -0.161041  0.314808  0.112056  -0.0815714  0.112056  0.171422
0.330422  -0.161041  -0.0815714  -0.161041  0.314808  0.112056  -0.0815714  0.112056  0.171422
0.330441  -0.161049  -0.0815755  -0.161049  0.314796  0.112048  -0.0815755  0.112048  0.171418
0.330441  -0.161049  -0.0815755  -0.161049  0.314796  0.112048  -0.0815755  0.112048  0.171418
0.330461  -0.161058  -0.0815797  -0.161058  0.314784  0.112041  -0.0815797  0.112041  0.171414
0.330461  -0.161058  -0.0815797  -0.161058  0.314784  0.112041  -0.0815797  0.112041  0.171414
0.330461  -0.161058  -0.0815797  -0.161058  0.314784  0.112041  -0.0815797  0.112041  0.171414
0.330441  -0.16102  -0.0815597  -0.16102  0.314733  0.112012  -0.0815597  0.112012  0.171403
0.330441  -0.16102  -0.0815597  -0.16102  0.314733  0.112012  -0.0815597  0.112012  0.171403
0.330422  -0.160997  -0.0815127  -0.160997  0.314702  0.111973  -0.0815127  0.111973  0.171378
0.330422  -0.160997  -0.0815127  -0.160997  0.314702  0.111973  -0.0815127  0.111973  0.171378
0.330363  -0.160929  -0.0814417  -0.160929  0.314634  0.111913  -0.0814417  0.111913  0.171346
0.330363  -0.160929  -0.0814417  -0.160929  0.314634  0.111913  -0.0814417  0.111913  0.171346
0.330343  -0.160906  -0.0813948  -0.160906  0.314603  0.111874  -0.0813948  0.111874  0.171321
0.330334  -0.160879  -0.0813983  -0.160879  0.314568  0.111864  -0.0813983  0.111864  0.171323
0.330324  -0.160868  -0.0813748  -0.160868  0.314553  0.111845  -0.0813748  0.111845  0.17131
0.330324  -0.160854  -0.081332  -0.160854  0.314509  0.111799  -0.081332  0.111799  0.171282
0.330324  -0.160854  -0.081332  -0.160854  0.314509  0.111799  -0.081332  0.111799  0.171282
0.330314  -0.160828  -0.0813355  -0.160828  0.314475  0.111789  -0.0813355  0.111789  0.171283
0.330304  -0.160816  -0.0813121  -0.160816  0.31446  0.11177  -0.0813121  0.11177  0.171271
0.330304  -0.160816  -0.0813121  -0.160816  0.31446  0.11177  -0.0813121  0.11177  0.171271
0.330314  -0.160814  -0.0812928  -0.160814  0.314432  0.111743  -0.0812928  0.111743  0.171254
0.330314  -0.160814  -0.0812928  -0.160814  0.314432  0.111743  -0.0812928  0.111743  0.171254
0.330314  -0.160814  -0.0812928  -0.160814  0.314432  0.111743  -0.0812928  0.111743  0.171254
0.330314  -0.160814  -0.0812928  -0.160814  0.314432  0.111743  -0.0812928  0.111743  0.171254
0.330314  -0.160814  -0.0812928  -0.160814  0.314432  0.111743  -0.0812928  0.111743  0.171254
0.330304  -0.160803  -0.0812693  -0.160803  0.314416  0.111723  -0.0812693  0.111723  0.171242
0.330294  -0.160791  -0.0812459  -0.160791  0.314401  0.111704  -0.0812459  0.111704  0.17123
0.330275  -0.160783  -0.0812418  -0.160783  0.314413  0.111712  -0.0812418  0.111712  0.171233
0.330264  -0.160788  -0.0811914  -0.160788  0.314417  0.111682  -0.0811914  0.111682  0.171207
0.330264  -0.160788  -0.0811914  -0.160788  0.314417  0.111682  -0.0811914  0.111682  0.171207
0.330255  -0.160777  -0.081168  -0.160777  0.314401  0.111663  -0.081168  0.111663  0.171195
0.330255  -0.160777  -0.081168  -0.160777  0.314401  0.111663  -0.081168  0.111663  0.171195
0.330264  -0.160774  -0.0811487  -0.160774  0.314373  0.111636  -0.0811487  0.111636  0.171179
0.330264  -0.160774  -0.0811487  -0.160774  0.314373  0.111636  -0.0811487  0.111636  0.171179
0.330264  -0.16079  -0.0811217  -0.16079  0.314392  0.111626  -0.0811217  0.111626  0.171165
0.330254  -0.160779  -0.0810983  -0.160779  0.314377  0.111607  -0.0810983  0.111607  0.171152
0.330254  -0.160779  -0.0810983  -0.160779  0.314377  0.111607  -0.0810983  0.111607  0.171152
0.330273  -0.160787  -0.0811024  -0.160787  0.314364  0.111599  -0.0811024  0.111599  0.171148
0.330273  -0.160787  -0.0811024  -0.160787  0.314364  0.111599  -0.0811024  0.111599  0.171148
0.330293  -0.160811  -0.0810796  -0.160811  0.314371  0.111582  -0.0810796  0.111582  0.171131
0.330283  -0.1608  -0.0810562  -0.1608  0.314356  0.111563  -0.0810562  0.111563  0.171118
0.330283  -0.1608  -0.0810562  -0.1608  0.314356  0.111563  -0.0810562  0.111563  0.171118
0.330283  -0.1608  -0.0810562  -0.1608  0.314356  0.111563  -0.0810562  0.111563  0.171118
0.330292  -0.160813  -0.0810099  -0.160813  0.314347  0.111526  -0.0810099  0.111526  0.171088
0.330292  -0.160813  -0.0810099  -0.160813  0.314347  0.111526  -0.0810099  0.111526  0.171088
0.330291  -0.160829  -0.080983  -0.160829  0.314366  0.111516  -0.080983  0.111516  0.171075
0.330301  -0.160826  -0.0809636  -0.160826  0.314338  0.111489  -0.0809636  0.111489  0.171058
0.330291  -0.160815  -0.0809402  -0.160815  0.314322  0.11147  -0.0809402  0.11147  0.171046
0.330291  -0.160815  -0.0809402  -0.160815  0.314322  0.11147  -0.0809402  0.11147  0.171046
0.330281  -0.160804  -0.0809168  -0.160804  0.314307  0.111451  -0.0809168  0.111451  0.171034
0.3303  -0.160828  -0.080894  -0.160828  0.314314  0.111433  -0.080894  0.111433  0.171016
0.3303  -0.160828  -0.080894  -0.160828  0.314314  0.111433  -0.080894  0.111433  0.171016
0.3303  -0.160828  -0.080894  -0.160828  0.314314  0.111433  -0.080894  0.111433  0.171016
0.3303  -0.160828  -0.080894  -0.160828  0.314314  0.111433  -0.080894  0.111433  0.171016
0.3303  -0.160843  -0.080867  -0.160843  0.314333  0.111423  -0.080867  0.111423  0.171002
0.3303  -0.160843  -0.080867  -0.160843  0.314333  0.111423  -0.080867  0.111423  0.171002
0.3303  -0.160843  -0.080867  -0.160843  0.314333  0.111423  -0.080867  0.111423  0.171002
0.33029  -0.160832  -0.0808437  -0.160832  0.314317  0.111404  -0.0808437  0.111404  0.17099
0.330299  -0.160859  -0.0808401  -0.160859  0.314352  0.111414  -0.0808401  0.111414  0.170989
0.330289  -0.160848  -0.0808167  -0.160848  0.314336  0.111394  -0.0808167  0.111394  0.170976
0.33026  -0.160829  -0.0807893  -0.160829  0.314333  0.111383  -0.0807893  0.111383  0.170968
0.33026  -0.160829  -0.0807893  -0.160829  0.314333  0.111383  -0.0807893  0.111383  0.170968
0.330221  -0.160798  -0.0807385  -0.160798  0.314314  0.111352  -0.0807385  0.111352  0.170947
0.330221  -0.160798  -0.0807385  -0.160798  0.314314  0.111352  -0.0807385  0.111352  0.170947
0.330201  -0.160776  -0.0806918  -0.160776  0.314284  0.111313  -0.0806918  0.111313  0.170923
0.330192  -0.160749  -0.0806953  -0.160749  0.314249  0.111304  -0.0806953  0.111304  0.170924
0.330182  -0.160738  -0.080672  -0.160738  0.314234  0.111285  -0.080672  0.111285  0.170912
0.330143  -0.160708  -0.0806213  -0.160708  0.314215  0.111254  -0.0806213  0.111254  0.170891
0.330143  -0.160708  -0.0806213  -0.160708  0.314215  0.111254  -0.0806213  0.111254  0.170891
0.330133  -0.160696  -0.0805979  -0.160696  0.3142  0.111234  -0.0805979  0.111234  0.170879
0.330114  -0.160659  -0.0805781  -0.160659  0.31415  0.111206  -0.0805781  0.111206  0.170868
0.330114  -0.160659  -0.0805781  -0.160659  0.31415  0.111206  -0.0805781  0.111206  0.170868
0.330114  -0.160659  -0.0805781  -0.160659  0.31415  0.111206  -0.0805781  0.111206  0.170868
0.330114  -0.160659  -0.0805781  -0.160659  0.31415  0.111206  -0.0805781  0.111206  0.170868
0.330113  -0.160674  -0.0805513  -0.160674  0.314169  0.111196  -0.0805513  0.111196  0.170854
0.330113  -0.160674  -0.0805513  -0.160674  0.314169  0.111196  -0.0805513  0.111196  0.170854
0.330113  -0.160674  -0.0805513  -0.160674  0.314169  0.111196  -0.0805513  0.111196  0.170854
0.330113  -0.160674  -0.0805513  -0.160674  0.314169  0.111196  -0.0805513  0.111196  0.170854
0.330113  -0.160674  -0.0805513  -0.160674  0.314169  0.111196  -0.0805513  0.111196  0.170854
0.330103  -0.160679  -0.080501  -0.160679  0.314172  0.111167  -0.080501  0.111167  0.170828
0.330103  -0.160679  -0.080501  -0.160679  0.314172  0.111167  -0.080501  0.111167  0.170828
0.330103  -0.160679  -0.080501  -0.160679  0.314172  0.111167  -0.080501  0.111167  0.170828
0.330094  -0.160652  -0.0805046  -0.160652  0.314138  0.111157  -0.0805046  0.111157  0.17083
0.330083  -0.160657  -0.0804544  -0.160657  0.314142  0.111128  -0.0804544  0.111128  0.170804
0.330083  -0.160657  -0.0804544  -0.160657  0.314142  0.111128  -0.0804544  0.111128  0.170804
0.330093  -0.160654  -0.0804351  -0.160654  0.314114  0.111102  -0.0804351  0.111102  0.170788
0.330093  -0.160654  -0.0804351  -0.160654  0.314114  0.111102  -0.0804351  0.111102  0.170788
0.330093  -0.160654  -0.0804351  -0.160654  0.314114  0.111102  -0.0804351  0.111102  0.170788
0.330083  -0.160643  -0.0804118  -0.160643  0.314099  0.111082  -0.0804118  0.111082  0.170776
0.330083  -0.160643  -0.0804118  -0.160643  0.314099  0.111082  -0.0804118  0.111082  0.170776
0.330092  -0.16067  -0.0804082  -0.16067  0.314133  0.111092  -0.0804082  0.111092  0.170774
0.330092  -0.16067  -0.0804082  -0.16067  0.314133  0.111092  -0.0804082  0.111092  0.170774
0.330073  -0.160632  -0.0803885  -0.160632  0.314083  0.111063  -0.0803885  0.111063  0.170764
0.330083  -0.160659  -0.0803849  -0.160659  0.314118  0.111073  -0.0803849  0.111073  0.170762
0.330083  -0.160659  -0.0803849  -0.160659  0.314118  0.111073  -0.0803849  0.111073  0.170762
0.330073  -0.160648  -0.0803616  -0.160648  0.314102  0.111053  -0.0803616  0.111053  0.17075
0.330073  -0.160648  -0.0803616  -0.160648  0.314102  0.111053  -0.0803616  0.111053  0.17075
0.330054  -0.16061  -0.0803419  -0.16061  0.314052  0.111025  -0.0803419  0.111025  0.170739
0.330054  -0.16061  -0.0803419  -0.16061  0.314052  0.111025  -0.0803419  0.111025  0.170739
0.330044  -0.160599  -0.0803186  -0.160599  0.314037  0.111006  -0.0803186  0.111006  0.170727
0.330044  -0.160599  -0.0803186  -0.160599  0.314037  0.111006  -0.0803186  0.111006  0.170727
0.330044  -0.160599  -0.0803186  -0.160599  0.314037  0.111006  -0.0803186  0.111006  0.170727
0.330034  -0.160588  -0.0802953  -0.160588  0.314022  0.110986  -0.0802953  0.110986  0.170715
0.330034  -0.160588  -0.0802953  -0.160588  0.314022  0.110986  -0.0802953  0.110986  0.170715
0.330024  -0.160577  -0.080272  -0.160577  0.314006  0.110967  -0.080272  0.110967  0.170703
0.330043  -0.160585  -0.0802761  -0.160585  0.313994  0.11096  -0.0802761  0.11096  0.170699
0.330034  -0.160574  -0.0802528  -0.160574  0.313979  0.11094  -0.0802528  0.11094  0.170687
0.330034  -0.160574  -0.0802528  -0.160574  0.313979  0.11094  -0.0802528  0.11094  0.170687
0.330034  -0.160574  -0.0802528  -0.160574  0.313979  0.11094  -0.0802528  0.11094  0.170687
0.330043  -0.160571  -0.0802335  -0.160571  0.313951  0.110914  -0.0802335  0.110914  0.170671
0.330043  -0.160571  -0.0802335  -0.160571  0.313951  0.110914  -0.0802335  0.110914  0.170671
0.330043  -0.160571  -0.0802335  -0.160571  0.313951  0.110914  -0.0802335  0.110914  0.170671
0.330044  -0.160541  -0.0802178  -0.160541  0.313889  0.110877  -0.0802178  0.110877  0.170657
0.330044  -0.160541  -0.0802178  -0.160541  0.313889  0.110877  -0.0802178  0.110877  0.170657
0.330034  -0.16053  -0.0801945  -0.16053  0.313873  0.110858  -0.0801945  0.110858  0.170645
0.330034  -0.16053  -0.0801945  -0.16053  0.313873  0.110858  -0.0801945  0.110858  0.170645
0.330053  -0.160539  -0.0801985  -0.160539  0.313861  0.11085  -0.0801985  0.11085  0.170641
0.330043  -0.160528  -0.0801753  -0.160528  0.313846  0.110831  -0.0801753  0.110831  0.170629
0.330043  -0.160528  -0.0801753  -0.160528  0.313846  0.110831  -0.0801753  0.110831  0.170629
0.330034  -0.160516  -0.080152  -0.160516  0.31383  0.110812  -0.080152  0.110812  0.170617
0.330024  -0.160505  -0.0801287  -0.160505  0.313815  0.110793  -0.0801287  0.110793  0.170604
0.330014  -0.160494  -0.0801055  -0.160494  0.3138  0.110774  -0.0801055  0.110774  0.170592
0.330014  -0.160494  -0.0801055  -0.160494  0.3138  0.110774  -0.0801055  0.110774  0.170592
0.330014  -0.160494  -0.0801055  -0.160494  0.3138  0.110774  -0.0801055  0.110774  0.170592
0.330024  -0.160492  -0.0800862  -0.160492  0.313772  0.110747  -0.0800862  0.110747  0.170576
0.330024  -0.160492  -0.0800862  -0.160492  0.313772  0.110747  -0.0800862  0.110747  0.170576
0.330023  -0.160507  -0.0800594  -0.160507  0.313791  0.110737  -0.0800594  0.110737  0.170563
0.330023  -0.160507  -0.0800594  -0.160507  0.313791  0.110737  -0.0800594  0.110737  0.170563
0.330014  -0.160481  -0.080063  -0.160481  0.313757  0.110728  -0.080063  0.110728  0.170564
0.330004  -0.160469  -0.0800397  -0.160469  0.313741  0.110709  -0.0800397  0.110709  0.170552
0.330003  -0.160485  -0.0800129  -0.160485  0.31376  0.110699  -0.0800129  0.110699  0.170539
0.330003  -0.160485  -0.0800129  -0.160485  0.31376  0.110699  -0.0800129  0.110699  0.170539
0.329994  -0.160474  -0.0799896  -0.160474  0.313745  0.11068  -0.0799896  0.11068  0.170527
0.329984  -0.160463  -0.0799664  -0.160463  0.31373  0.110661  -0.0799664  0.110661  0.170515
0.329984  -0.160463  -0.0799664  -0.160463  0.31373  0.110661  -0.0799664  0.110661  0.170515
0.329954  -0.16043  -0.0798967  -0.16043  0.313684  0.110603  -0.0798967  0.110603  0.170479
0.329954  -0.16043  -0.0798967  -0.16043  0.313684  0.110603  -0.0798967  0.110603  0.170479
0.329945  -0.160419  -0.0798735  -0.160419  0.313668  0.110584  -0.0798735  0.110584  0.170467
0.329916  -0.16037  -0.0798307  -0.16037  0.313603  0.110537  -0.0798307  0.110537  0.170444
0.329916  -0.16037  -0.0798307  -0.16037  0.313603  0.110537  -0.0798307  0.110537  0.170444
0.329886  -0.160337  -0.079761  -0.160337  0.313557  0.110479  -0.079761  0.110479  0.170408
0.329877  -0.16031  -0.0797647  -0.16031  0.313523  0.11047  -0.0797647  0.11047  0.170409
0.329848  -0.160277  -0.0796951  -0.160277  0.313477  0.110413  -0.0796951  0.110413  0.170373
0.329848  -0.160277  -0.0796951  -0.160277  0.313477  0.110413  -0.0796951  0.110413  0.170373
0.329838  -0.160266  -0.0796719  -0.160266  0.313462  0.110394  -0.0796719  0.110394  0.170361
0.329799  -0.160206  -0.079606  -0.160206  0.313382  0.110327  -0.079606  0.110327  0.170327
0.32979  -0.160195  -0.0795828  -0.160195  0.313367  0.110308  -0.0795828  0.110308  0.170315
0.32976  -0.160162  -0.0795134  -0.160162  0.313321  0.110251  -0.0795134  0.110251  0.170279
0.32976  -0.160162  -0.0795134  -0.160162  0.313321  0.110251  -0.0795134  0.110251  0.170279
0.329751  -0.160151  -0.0794902  -0.160151  0.313305  0.110232  -0.0794902  0.110232  0.170267
0.329702  -0.160081  -0.0794013  -0.160081  0.31321  0.110146  -0.0794013  0.110146  0.170221
0.329702  -0.160081  -0.0794013  -0.160081  0.31321  0.110146  -0.0794013  0.110146  0.170221
0.329663  -0.160037  -0.0793088  -0.160037  0.313149  0.11007  -0.0793088  0.11007  0.170174
0.329663  -0.160037  -0.0793088  -0.160037  0.313149  0.11007  -0.0793088  0.11007  0.170174
0.329615  -0.159966  -0.07922  -0.159966  0.313054  0.109985  -0.07922  0.109985  0.170128
0.329606  -0.159955  -0.0791969  -0.159955  0.313039  0.109966  -0.0791969  0.109966  0.170116
0.329587  -0.159918  -0.0791775  -0.159918  0.312989  0.109938  -0.0791775  0.109938  0.170106
0.329538  -0.159863  -0.0790621  -0.159863  0.312913  0.109843  -0.0790621  0.109843  0.170046
0.329538  -0.159863  -0.0790621  -0.159863  0.312913  0.109843  -0.0790621  0.109843  0.170046
0.329519  -0.159825  -0.0790427  -0.159825  0.312864  0.109815  -0.0790427  0.109815  0.170036
0.329471  -0.159755  -0.0789542  -0.159755  0.312769  0.10973  -0.0789542  0.10973  0.16999
0.329462  -0.159744  -0.0789311  -0.159744  0.312754  0.109711  -0.0789311  0.109711  0.169979
0.329423  -0.1597  -0.078839  -0.1597  0.312693  0.109635  -0.078839  0.109635  0.169932
0.329423  -0.1597  -0.078839  -0.1597  0.312693  0.109635  -0.078839  0.109635  0.169932
0.329365  -0.159619  -0.0787276  -0.159619  0.312584  0.109531  -0.0787276  0.109531  0.169875
0.329365  -0.159619  -0.0787276  -0.159619  0.312584  0.109531  -0.0787276  0.109531  0.169875
0.329346  -0.159597  -0.0786816  -0.159597  0.312553  0.109494  -0.0786816  0.109494  0.169851
0.329289  -0.159516  -0.0785703  -0.159516  0.312444  0.10939  -0.0785703  0.10939  0.169794
0.329279  -0.159492  -0.0785053  -0.159492  0.312386  0.109326  -0.0785053  0.109326  0.169755
0.329279  -0.159492  -0.0785053  -0.159492  0.312386  0.109326  -0.0785053  0.109326  0.169755
0.32925  -0.159443  -0.0784631  -0.159443  0.312322  0.109279  -0.0784631  0.109279  0.169734
0.329193  -0.159378  -0.0783254  -0.159378  0.312231  0.109166  -0.0783254  0.109166  0.169664
0.329193  -0.159378  -0.0783254  -0.159378  0.312231  0.109166  -0.0783254  0.109166  0.169664
0.329145  -0.159295  -0.0781954  -0.159295  0.312094  0.109036  -0.0781954  0.109036  0.169592
0.329145  -0.159295  -0.0781954  -0.159295  0.312094  0.109036  -0.0781954  0.109036  0.169592
0.329088  -0.159214  -0.0780846  -0.159214  0.311985  0.108933  -0.0780846  0.108933  0.169536
0.329088  -0.159214  -0.0780846  -0.159214  0.311985  0.108933  -0.0780846  0.108933  0.169536
0.329049  -0.159157  -0.0779512  -0.159157  0.311882  0.108813  -0.0779512  0.108813  0.169463
0.32903  -0.159106  -0.0778901  -0.159106  0.311791  0.10874  -0.0778901  0.10874  0.169426
0.329021  -0.159095  -0.0778672  -0.159095  0.311776  0.108722  -0.0778672  0.108722  0.169414
0.328993  -0.159047  -0.0778253  -0.159047  0.311712  0.108675  -0.0778253  0.108675  0.169393
0.328945  -0.158964  -0.0776958  -0.158964  0.311576  0.108546  -0.0776958  0.108546  0.169322
0.328936  -0.158953  -0.077673  -0.158953  0.311561  0.108527  -0.077673  0.108527  0.16931
0.328869  -0.158862  -0.0775399  -0.158862  0.311437  0.108406  -0.0775399  0.108406  0.169243
0.328888  -0.15887  -0.0775437  -0.15887  0.311425  0.108399  -0.0775437  0.108399  0.16924
0.32886  -0.158822  -0.0775019  -0.158822  0.311361  0.108352  -0.0775019  0.108352  0.169218
0.328794  -0.15873  -0.077369  -0.15873  0.311238  0.108231  -0.077369  0.108231  0.169152
0.328784  -0.15872  -0.0773463  -0.15872  0.311223  0.108213  -0.0773463  0.108213  0.16914
0.328737  -0.158637  -0.0772173  -0.158637  0.311087  0.108085  -0.0772173  0.108085  0.16907
0.328728  -0.158626  -0.0771946  -0.158626  0.311072  0.108066  -0.0771946  0.108066  0.169059
0.328644  -0.158482  -0.0770696  -0.158482  0.310881  0.107927  -0.0770696  0.107927  0.168995
0.328644  -0.158482  -0.0770696  -0.158482  0.310881  0.107927  -0.0770696  0.107927  0.168995
0.328559  -0.15837  -0.0768919  -0.15837  0.310729  0.10777  -0.0768919  0.10777  0.168907
0.328549  -0.158359  -0.0768693  -0.158359  0.310714  0.107752  -0.0768693  0.107752  0.168896
0.328466  -0.158216  -0.0767448  -0.158216  0.310524  0.107614  -0.0767448  0.107614  0.168833
0.328457  -0.158206  -0.0767221  -0.158206  0.310509  0.107595  -0.0767221  0.107595  0.168822
0.328429  -0.158158  -0.0766807  -0.158158  0.310446  0.107549  -0.0766807  0.107549  0.168801
0.328336  -0.15802  -0.0765075  -0.15802  0.31026  0.107384  -0.0765075  0.107384  0.168715
0.328326  -0.15801  -0.0764849  -0.15801  0.310245  0.107365  -0.0764849  0.107365  0.168704
0.328215  -0.157849  -0.0763347  -0.157849  0.310054  0.107217  -0.0763347  0.107217  0.168634
0.328206  -0.157838  -0.0763122  -0.157838  0.310039  0.107199  -0.0763122  0.107199  0.168623
0.328105  -0.157659  -0.0761698  -0.157659  0.309802  0.107034  -0.0761698  0.107034  0.168552
0.32804  -0.157569  -0.0760386  -0.157569  0.30968  0.106916  -0.0760386  0.106916  0.168487
0.328022  -0.157532  -0.07602  -0.157532  0.309632  0.106888  -0.07602  0.106888  0.168477
0.327975  -0.157464  -0.0759339  -0.157464  0.30954  0.106806  -0.0759339  0.106806  0.168435
0.327847  -0.157267  -0.0757661  -0.157267  0.309302  0.106632  -0.0757661  0.106632  0.168357
0.327838  -0.157257  -0.0757437  -0.157257  0.309287  0.106614  -0.0757437  0.106614  0.168346
0.327701  -0.15705  -0.0755539  -0.15705  0.309034  0.106422  -0.0755539  0.106422  0.168258
0.327701  -0.15705  -0.0755539  -0.15705  0.309034  0.106422  -0.0755539  0.106422  0.168258
0.327591  -0.156877  -0.0753642  -0.156877  0.308803  0.106232  -0.0753642  0.106232  0.168165
0.327573  -0.156841  -0.0753458  -0.156841  0.308756  0.106205  -0.0753458  0.106205  0.168155
0.327465  -0.156653  -0.0751827  -0.156653  0.308507  0.106024  -0.0751827  0.106024  0.168075
0.327437  -0.156635  -0.0751569  -0.156635  0.308504  0.106014  -0.0751569  0.106014  0.168068
0.327383  -0.156541  -0.0750755  -0.156541  0.30838  0.105924  -0.0750755  0.105924  0.168028
0.327275  -0.15637  -0.0748869  -0.15637  0.30815  0.105735  -0.0748869  0.105735  0.167936
0.327176  -0.156222  -0.0747617  -0.156222  0.307977  0.105608  -0.0747617  0.105608  0.16788
0.327167  -0.156212  -0.0747395  -0.156212  0.307962  0.10559  -0.0747395  0.10559  0.167869
0.327122  -0.156129  -0.0746807  -0.156129  0.307853  0.105518  -0.0746807  0.105518  0.16784
0.326987  -0.15594  -0.0744673  -0.15594  0.307622  0.10532  -0.0744673  0.10532  0.167743
0.326969  -0.155904  -0.074449  -0.155904  0.307575  0.105293  -0.074449  0.105293  0.167733
0.326826  -0.15569  -0.0742401  -0.15569  0.307312  0.105087  -0.0742401  0.105087  0.167638
0.326817  -0.155679  -0.074218  -0.155679  0.307298  0.105069  -0.074218  0.105069  0.167627
0.326657  -0.15543  -0.0739915  -0.15543  0.306989  0.104837  -0.0739915  0.104837  0.167523
0.326631  -0.155384  -0.0739513  -0.155384  0.306927  0.104792  -0.0739513  0.104792  0.167504
0.326489  -0.155143  -0.0737289  -0.155143  0.306607  0.104553  -0.0737289  0.104553  0.167396
0.326471  -0.155135  -0.0737255  -0.155135  0.306619  0.104561  -0.0737255  0.104561  0.1674
0.326304  -0.154862  -0.0735044  -0.154862  0.306279  0.104321  -0.0735044  0.104321  0.167299
0.326295  -0.154851  -0.0734824  -0.154851  0.306265  0.104304  -0.0734824  0.104304  0.167288
0.326138  -0.154589  -0.0732838  -0.154589  0.30594  0.104083  -0.0732838  0.104083  0.167198
0.326138  -0.154589  -0.0732838  -0.154589  0.30594  0.104083  -0.0732838  0.104083  0.167198
0.325973  -0.154302  -0.0730898  -0.154302  0.305584  0.103854  -0.0730898  0.103854  0.167109
0.325973  -0.154302  -0.0730898  -0.154302  0.305584  0.103854  -0.0730898  0.103854  0.167109
0.325799  -0.154049  -0.0728632  -0.154049  0.305292  0.103633  -0.0728632  0.103633  0.167012
0.325782  -0.154013  -0.0728454  -0.154013  0.305246  0.103607  -0.0728454  0.103607  0.167003
0.325627  -0.153753  -0.0726485  -0.153753  0.304924  0.103388  -0.0726485  0.103388  0.166915
0.325619  -0.153728  -0.0726526  -0.153728  0.304892  0.103379  -0.0726526  0.103379  0.166916
0.325438  -0.153451  -0.0724313  -0.153451  0.304569  0.103152  -0.0724313  0.103152  0.166822
0.325421  -0.153416  -0.0724137  -0.153416  0.304523  0.103126  -0.0724137  0.103126  0.166813
0.325259  -0.153147  -0.0721964  -0.153147  0.30419  0.102891  -0.0721964  0.102891  0.166715
0.32525  -0.153137  -0.0721747  -0.153137  0.304176  0.102874  -0.0721747  0.102874  0.166705
0.325072  -0.152832  -0.0720062  -0.152832  0.30382  0.102665  -0.0720062  0.102665  0.166635
0.325047  -0.152787  -0.0719671  -0.152787  0.30376  0.102622  -0.0719671  0.102622  0.166616
0.324978  -0.15269  -0.0718857  -0.15269  0.303653  0.102543  -0.0718857  0.102543  0.166584
0.324802  -0.152389  -0.0716526  -0.152389  0.303277  0.102285  -0.0716526  0.102285  0.166479
0.324793  -0.152379  -0.0716311  -0.152379  0.303263  0.102268  -0.0716311  0.102268  0.166469
0.324627  -0.152058  -0.0714712  -0.152058  0.302866  0.102045  -0.0714712  0.102045  0.166397
0.324602  -0.152014  -0.0714324  -0.152014  0.302807  0.102002  -0.0714324  0.102002  0.166379
0.324426  -0.151727  -0.0712404  -0.151727  0.302473  0.101788  -0.0712404  0.101788  0.166299
0.324401  -0.151682  -0.0712017  -0.151682  0.302414  0.101745  -0.0712017  0.101745  0.166281
0.324326  -0.151577  -0.0710998  -0.151577  0.302295  0.101651  -0.0710998  0.101651  0.16624
0.324127  -0.151247  -0.0708703  -0.151247  0.301904  0.101395  -0.0708703  0.101395  0.166143
0.324119  -0.151237  -0.070849  -0.151237  0.301891  0.101378  -0.070849  0.101378  0.166133
0.323913  -0.150899  -0.070599  -0.150899  0.301488  0.101106  -0.070599  0.101106  0.166028
0.323904  -0.150889  -0.0705778  -0.150889  0.301474  0.101089  -0.0705778  0.101089  0.166018
0.323692  -0.150528  -0.0703329  -0.150528  0.301042  0.10081  -0.0703329  0.10081  0.165915
0.323676  -0.150493  -0.0703158  -0.150493  0.300997  0.100785  -0.0703158  0.100785  0.165907
0.323465  -0.150118  -0.0700972  -0.150118  0.300549  0.100516  -0.0700972  0.100516  0.165815
0.32344  -0.150102  -0.0700731  -0.150102  0.300548  0.100506  -0.0700731  0.100506  0.165809
0.32323  -0.149743  -0.0698301  -0.149743  0.300119  0.10023  -0.0698301  0.10023  0.165708
0.323214  -0.149709  -0.0698132  -0.149709  0.300075  0.100205  -0.0698132  0.100205  0.1657
0.323014  -0.149361  -0.0695923  -0.149361  0.299662  0.0999461  -0.0695923  0.0999461  0.165608
0.322998  -0.149327  -0.0695754  -0.149327  0.299618  0.0999213  -0.0695754  0.0999213  0.1656
0.322798  -0.149023  -0.0693441  -0.149023  0.29928  0.0996875  -0.0693441  0.0996875  0.165511
0.322782  -0.148989  -0.0693273  -0.148989  0.299236  0.0996627  -0.0693273  0.0996627  0.165503
0.322607  -0.148702  -0.0691206  -0.148702  0.2989  0.0994388  -0.0691206  0.0994388  0.16542
0.322592  -0.148668  -0.0691039  -0.148668  0.298857  0.0994142  -0.0691039  0.0994142  0.165412
0.322418  -0.148382  -0.0688978  -0.148382  0.298522  0.0991911  -0.0688978  0.0991911  0.165329
0.322378  -0.148332  -0.0688575  -0.148332  0.298478  0.0991576  -0.0688575  0.0991576  0.165316
0.322315  -0.14824  -0.0687797  -0.14824  0.298377  0.0990832  -0.0687797  0.0990832  0.165287
0.322143  -0.147928  -0.068561  -0.147928  0.297988  0.0988292  -0.068561  0.0988292  0.165193
0.322128  -0.147895  -0.0685444  -0.147895  0.297945  0.0988048  -0.0685444  0.0988048  0.165186
0.321957  -0.147611  -0.0683401  -0.147611  0.297614  0.0985837  -0.0683401  0.0985837  0.165104
0.321949  -0.147602  -0.0683194  -0.147602  0.297601  0.0985674  -0.0683194  0.0985674  0.165095
0.32181  -0.147347  -0.0680966  -0.147347  0.297263  0.0983236  -0.0680966  0.0983236  0.164997
0.321771  -0.147298  -0.0680567  -0.147298  0.297219  0.0982907  -0.0680567  0.0982907  0.164984
0.321717  -0.147203  -0.067962  -0.147203  0.297094  0.0981934  -0.067962  0.0981934  0.164943
0.32158  -0.146949  -0.0677401  -0.146949  0.296758  0.0979508  -0.0677401  0.0979508  0.164845
0.321565  -0.146916  -0.0677238  -0.146916  0.296715  0.0979267  -0.0677238  0.0979267  0.164838
0.321404  -0.146647  -0.0674793  -0.146647  0.296379  0.0976765  -0.0674793  0.0976765  0.164736
0.321404  -0.146647  -0.0674793  -0.146647  0.296379  0.0976765  -0.0674793  0.0976765  0.164736
0.321261  -0.146371  -0.0672631  -0.146371  0.296015  0.0974278  -0.0672631  0.0974278  0.164642
0.321246  -0.146338  -0.0672469  -0.146338  0.295973  0.0974039  -0.0672469  0.0974039  0.164634
0.321186  -0.146221  -0.0671574  -0.146221  0.295819  0.0972999  -0.0671574  0.0972999  0.164595
0.321059  -0.145953  -0.0669448  -0.145953  0.295444  0.0970449  -0.0669448  0.0970449  0.164497
0.321052  -0.145944  -0.0669244  -0.145944  0.295432  0.0970289  -0.0669244  0.0970289  0.164489
0.321  -0.145836  -0.0668556  -0.145836  0.295292  0.0969414  -0.0668556  0.0969414  0.164458
0.320873  -0.145595  -0.0666573  -0.145595  0.294973  0.096719  -0.0666573  0.096719  0.164373
0.320865  -0.145586  -0.0666369  -0.145586  0.294961  0.096703  -0.0666369  0.096703  0.164364
0.320739  -0.145345  -0.0664391  -0.145345  0.294644  0.0964813  -0.0664391  0.0964813  0.164279
0.320717  -0.145304  -0.0664028  -0.145304  0.294589  0.0964417  -0.0664028  0.0964417  0.164264
0.320673  -0.145206  -0.0663549  -0.145206  0.294462  0.0963708  -0.0663549  0.0963708  0.164242
0.320556  -0.144975  -0.0661781  -0.144975  0.294159  0.0961659  -0.0661781  0.0961659  0.164166
0.320482  -0.144842  -0.0660494  -0.144842  0.293983  0.0960321  -0.0660494  0.0960321  0.164112
0.320474  -0.144833  -0.0660292  -0.144833  0.29397  0.0960163  -0.0660292  0.0960163  0.164103
0.320374  -0.144595  -0.0658802  -0.144595  0.293639  0.0958129  -0.0658802  0.0958129  0.164034
0.320366  -0.144586  -0.0658601  -0.144586  0.293627  0.0957971  -0.0658601  0.0957971  0.164025
0.32025  -0.144357  -0.0656844  -0.144357  0.293326  0.0955938  -0.0656844  0.0955938  0.163951
0.32025  -0.144357  -0.0656844  -0.144357  0.293326  0.0955938  -0.0656844  0.0955938  0.163951
0.320156  -0.144157  -0.0655075  -0.144157  0.293043  0.0953912  -0.0655075  0.0953912  0.163871
0.320142  -0.144125  -0.0654917  -0.144125  0.293001  0.0953679  -0.0654917  0.0953679  0.163864
0.320042  -0.143903  -0.0653195  -0.143903  0.29269  0.0951582  -0.0653195  0.0951582  0.163786
0.320028  -0.143871  -0.0653038  -0.143871  0.292648  0.095135  -0.0653038  0.095135  0.163779
0.319984  -0.143789  -0.0652323  -0.143789  0.29254  0.0950574  -0.0652323  0.0950574  0.16375
0.319871  -0.143535  -0.065045  -0.143535  0.292189  0.0948254  -0.065045  0.0948254  0.163666
0.319857  -0.143503  -0.0650293  -0.143503  0.292147  0.0948023  -0.0650293  0.0948023  0.163659
0.319744  -0.143251  -0.0648426  -0.143251  0.291797  0.0945711  -0.0648426  0.0945711  0.163575
0.319729  -0.143219  -0.064827  -0.143219  0.291756  0.0945481  -0.064827  0.0945481  0.163569
0.319594  -0.142952  -0.0646184  -0.142952  0.291406  0.0943098  -0.0646184  0.0943098  0.163482
0.319587  -0.142929  -0.0646227  -0.142929  0.291378  0.0943022  -0.0646227  0.0943022  0.163483
0.319476  -0.142678  -0.064437  -0.142678  0.29103  0.0940726  -0.064437  0.0940726  0.163401
0.319454  -0.142637  -0.0644017  -0.142637  0.290976  0.0940344  -0.0644017  0.0940344  0.163386
0.319405  -0.142533  -0.0643354  -0.142533  0.290842  0.0939504  -0.0643354  0.0939504  0.163359
0.319286  -0.142286  -0.0641678  -0.142286  0.29052  0.0937447  -0.0641678  0.0937447  0.163289
0.319272  -0.142254  -0.0641524  -0.142254  0.290479  0.0937219  -0.0641524  0.0937219  0.163282
0.319169  -0.142013  -0.0639876  -0.142013  0.290146  0.0935093  -0.0639876  0.0935093  0.163209
0.319155  -0.141981  -0.0639723  -0.141981  0.290105  0.0934866  -0.0639723  0.0934866  0.163202
0.31903  -0.141727  -0.0637859  -0.141727  0.289773  0.0932671  -0.0637859  0.0932671  0.163126
0.319016  -0.141695  -0.0637705  -0.141695  0.289733  0.0932444  -0.0637705  0.0932444  0.16312
0.318891  -0.141441  -0.0635847  -0.141441  0.289402  0.0930256  -0.0635847  0.0930256  0.163044
0.318885  -0.141418  -0.0635891  -0.141418  0.289374  0.0930182  -0.0635891  0.0930182  0.163045
0.318776  -0.141171  -0.0634061  -0.141171  0.289032  0.0927925  -0.0634061  0.0927925  0.162965
0.318769  -0.141148  -0.0634105  -0.141148  0.289003  0.0927851  -0.0634105  0.0927851  0.162967
0.318646  -0.140895  -0.0632256  -0.140895  0.288675  0.0925677  -0.0632256  0.0925677  0.162892
0.318632  -0.140864  -0.0632104  -0.140864  0.288635  0.0925453  -0.0632104  0.0925453  0.162885
0.318599  -0.140768  -0.0631477  -0.140768  0.28849  0.0924556  -0.0631477  0.0924556  0.162855
0.31847  -0.140493  -0.0629679  -0.140493  0.288135  0.0922318  -0.0629679  0.0922318  0.162782
0.318457  -0.140462  -0.0629528  -0.140462  0.288096  0.0922095  -0.0629528  0.0922095  0.162776
0.318335  -0.140211  -0.0627692  -0.140211  0.28777  0.0919939  -0.0627692  0.0919939  0.162702
0.318321  -0.14018  -0.0627541  -0.14018  0.28773  0.0919716  -0.0627541  0.0919716  0.162696
0.318267  -0.14007  -0.06267  -0.14007  0.287587  0.0918752  -0.06267  0.0918752  0.162662
0.318153  -0.139829  -0.0625066  -0.139829  0.287275  0.0916754  -0.0625066  0.0916754  0.162597
0.318133  -0.139789  -0.0624722  -0.139789  0.287224  0.0916385  -0.0624722  0.0916385  0.162584
0.317992  -0.139487  -0.0622793  -0.139487  0.286833  0.0913953  -0.0622793  0.0913953  0.162506
0.317986  -0.139479  -0.06226  -0.139479  0.286822  0.0913805  -0.06226  0.0913805  0.162499
0.317939  -0.139378  -0.0621958  -0.139378  0.286692  0.0912996  -0.0621958  0.0912996  0.162474
0.317806  -0.139099  -0.0619994  -0.139099  0.286331  0.0910648  -0.0619994  0.0910648  0.162396
0.317793  -0.139068  -0.0619845  -0.139068  0.286292  0.0910429  -0.0619845  0.0910429  0.16239
0.317653  -0.138793  -0.0618057  -0.138793  0.285957  0.0908312  -0.0618057  0.0908312  0.162325
