0.333924  -0.168197  -0.093314  -0.168197  0.327885  0.124548  -0.093314  0.124548  0.179071
0.333924  -0.168197  -0.093314  -0.168197  0.327885  0.124548  -0.093314  0.124548  0.179071
0.333924  -0.168197  -0.093314  -0.168197  0.327885  0.124548  -0.093314  0.124548  0.179071
0.333934  -0.168225  -0.0933113  -0.168225  0.327922  0.12456  -0.0933113  0.12456  0.179069
0.333955  -0.168283  -0.0933058  -0.168283  0.327996  0.124582  -0.0933058  0.124582  0.179065
0.333955  -0.168283  -0.0933058  -0.168283  0.327996  0.124582  -0.0933058  0.124582  0.179065
0.333988  -0.168336  -0.0933543  -0.168336  0.328068  0.124637  -0.0933543  0.124637  0.179095
0.334009  -0.168393  -0.0933489  -0.168393  0.328142  0.124659  -0.0933489  0.124659  0.179092
0.334009  -0.168393  -0.0933489  -0.168393  0.328142  0.124659  -0.0933489  0.124659  0.179092
0.334084  -0.168513  -0.0933973  -0.168513  0.328276  0.124729  -0.0933973  0.124729  0.179115
0.334084  -0.168513  -0.0933973  -0.168513  0.328276  0.124729  -0.0933973  0.124729  0.179115
0.334148  -0.168621  -0.0934202  -0.168621  0.328392  0.124777  -0.0934202  0.124777  0.179122
0.334148  -0.168621  -0.0934202  -0.168621  0.328392  0.124777  -0.0934202  0.124777  0.179122
0.334212  -0.168729  -0.0934432  -0.168729  0.328509  0.124825  -0.0934432  0.124825  0.179129
0.334244  -0.168799  -0.0934634  -0.168799  0.328601  0.12487  -0.0934634  0.12487  0.179142
0.334255  -0.168828  -0.0934607  -0.168828  0.328638  0.124881  -0.0934607  0.124881  0.17914
0.33433  -0.168948  -0.0935093  -0.168948  0.328773  0.124951  -0.0935093  0.124951  0.179163
0.33433  -0.168948  -0.0935093  -0.168948  0.328773  0.124951  -0.0935093  0.124951  0.179163
0.334395  -0.169057  -0.0935323  -0.169057  0.32889  0.124999  -0.0935323  0.124999  0.179171
0.334416  -0.169114  -0.0935269  -0.169114  0.328965  0.125022  -0.0935269  0.125022  0.179167
0.334427  -0.169143  -0.0935242  -0.169143  0.329002  0.125033  -0.0935242  0.125033  0.179165
0.334492  -0.169252  -0.0935472  -0.169252  0.329119  0.125081  -0.0935472  0.125081  0.179173
0.334492  -0.169252  -0.0935472  -0.169252  0.329119  0.125081  -0.0935472  0.125081  0.179173
0.334513  -0.169309  -0.0935418  -0.169309  0.329194  0.125103  -0.0935418  0.125103  0.179169
0.334545  -0.169364  -0.0935161  -0.169364  0.329239  0.125096  -0.0935161  0.125096  0.179146
0.334545  -0.169364  -0.0935161  -0.169364  0.329239  0.125096  -0.0935161  0.125096  0.179146
0.334567  -0.169422  -0.0935107  -0.169422  0.329314  0.125118  -0.0935107  0.125118  0.179142
0.334577  -0.169451  -0.0935079  -0.169451  0.329351  0.12513  -0.0935079  0.12513  0.179141
0.334609  -0.169506  -0.0934822  -0.169506  0.329396  0.125122  -0.0934822  0.125122  0.179117
0.33462  -0.169535  -0.0934795  -0.169535  0.329434  0.125134  -0.0934795  0.125134  0.179116
0.33462  -0.169535  -0.0934795  -0.169535  0.329434  0.125134  -0.0934795  0.125134  0.179116
0.334642  -0.169593  -0.0934741  -0.169593  0.329509  0.125156  -0.0934741  0.125156  0.179112
0.334674  -0.169648  -0.0934484  -0.169648  0.329554  0.125149  -0.0934484  0.125149  0.179089
0.334674  -0.169648  -0.0934484  -0.169648  0.329554  0.125149  -0.0934484  0.125149  0.179089
0.334695  -0.169706  -0.0934429  -0.169706  0.329629  0.125171  -0.0934429  0.125171  0.179086
0.334695  -0.169706  -0.0934429  -0.169706  0.329629  0.125171  -0.0934429  0.125171  0.179086
0.334739  -0.169774  -0.093443  -0.169774  0.329692  0.125186  -0.093443  0.125186  0.179079
0.334739  -0.169774  -0.093443  -0.169774  0.329692  0.125186  -0.093443  0.125186  0.179079
0.33476  -0.169848  -0.0934091  -0.169848  0.329787  0.125197  -0.0934091  0.125197  0.179057
0.334792  -0.169887  -0.0934118  -0.169887  0.329812  0.125201  -0.0934118  0.125201  0.179052
0.334792  -0.169887  -0.0934118  -0.169887  0.329812  0.125201  -0.0934118  0.125201  0.179052
0.334803  -0.169932  -0.0933806  -0.169932  0.32987  0.125201  -0.0933806  0.125201  0.179032
0.334803  -0.169932  -0.0933806  -0.169932  0.32987  0.125201  -0.0933806  0.125201  0.179032
0.334835  -0.169988  -0.0933549  -0.169988  0.329915  0.125194  -0.0933549  0.125194  0.179009
0.334835  -0.169988  -0.0933549  -0.169988  0.329915  0.125194  -0.0933549  0.125194  0.179009
0.334878  -0.170055  -0.0933548  -0.170055  0.329978  0.125209  -0.0933548  0.125209  0.179002
0.3349  -0.170082  -0.0933318  -0.170082  0.329986  0.12519  -0.0933318  0.12519  0.178981
0.3349  -0.170082  -0.0933318  -0.170082  0.329986  0.12519  -0.0933318  0.12519  0.178981
0.334922  -0.17014  -0.0933263  -0.17014  0.330061  0.125213  -0.0933263  0.125213  0.178977
0.334943  -0.17015  -0.0933318  -0.17015  0.330049  0.125205  -0.0933318  0.125205  0.178974
0.334954  -0.170195  -0.0933006  -0.170195  0.330107  0.125205  -0.0933006  0.125205  0.178954
0.334986  -0.170234  -0.0933033  -0.170234  0.330132  0.125209  -0.0933033  0.125209  0.178949
0.334986  -0.170234  -0.0933033  -0.170234  0.330132  0.125209  -0.0933033  0.125209  0.178949
0.335008  -0.170261  -0.0932802  -0.170261  0.33014  0.125191  -0.0932802  0.125191  0.178928
0.335008  -0.170261  -0.0932802  -0.170261  0.33014  0.125191  -0.0932802  0.125191  0.178928
0.33504  -0.1703  -0.093283  -0.1703  0.330166  0.125194  -0.093283  0.125194  0.178923
0.33504  -0.170316  -0.0932545  -0.170316  0.330186  0.125183  -0.0932545  0.125183  0.178905
0.33504  -0.170316  -0.0932545  -0.170316  0.330186  0.125183  -0.0932545  0.125183  0.178905
0.335062  -0.170343  -0.0932314  -0.170343  0.330194  0.125165  -0.0932314  0.125165  0.178884
0.335062  -0.170343  -0.0932314  -0.170343  0.330194  0.125165  -0.0932314  0.125165  0.178884
0.335083  -0.170369  -0.0932084  -0.170369  0.330202  0.125146  -0.0932084  0.125146  0.178862
0.335105  -0.170396  -0.0931853  -0.170396  0.33021  0.125128  -0.0931853  0.125128  0.178841
0.335105  -0.170396  -0.0931853  -0.170396  0.33021  0.125128  -0.0931853  0.125128  0.178841
0.335126  -0.170422  -0.0931622  -0.170422  0.330218  0.125109  -0.0931622  0.125109  0.17882
0.335126  -0.170422  -0.0931622  -0.170422  0.330218  0.125109  -0.0931622  0.125109  0.17882
0.335158  -0.170447  -0.0931188  -0.170447  0.330196  0.125061  -0.0931188  0.125061  0.178779
0.335169  -0.170444  -0.0930985  -0.170444  0.330166  0.125031  -0.0930985  0.125031  0.17876
0.335169  -0.170444  -0.0930985  -0.170444  0.330166  0.125031  -0.0930985  0.125031  0.17876
0.33519  -0.170471  -0.0930754  -0.170471  0.330174  0.125013  -0.0930754  0.125013  0.178739
0.33519  -0.170471  -0.0930754  -0.170471  0.330174  0.125013  -0.0930754  0.125013  0.178739
0.335212  -0.170497  -0.0930524  -0.170497  0.330182  0.124994  -0.0930524  0.124994  0.178717
0.335222  -0.170495  -0.093032  -0.170495  0.330152  0.124964  -0.093032  0.124964  0.178698
0.335222  -0.170495  -0.093032  -0.170495  0.330152  0.124964  -0.093032  0.124964  0.178698
0.335266  -0.170531  -0.0930144  -0.170531  0.330148  0.124938  -0.0930144  0.124938  0.178673
0.335266  -0.170531  -0.0930144  -0.170531  0.330148  0.124938  -0.0930144  0.124938  0.178673
0.335287  -0.170558  -0.0929913  -0.170558  0.330156  0.12492  -0.0929913  0.12492  0.178652
0.335309  -0.170568  -0.0929967  -0.170568  0.330144  0.124912  -0.0929967  0.124912  0.178649
0.335309  -0.170568  -0.0929967  -0.170568  0.330144  0.124912  -0.0929967  0.124912  0.178649
0.33532  -0.170565  -0.0929764  -0.170565  0.330114  0.124883  -0.0929764  0.124883  0.178629
0.33532  -0.170565  -0.0929764  -0.170565  0.330114  0.124883  -0.0929764  0.124883  0.178629
0.335352  -0.170604  -0.092979  -0.170604  0.33014  0.124886  -0.092979  0.124886  0.178624
0.335374  -0.170614  -0.0929844  -0.170614  0.330128  0.124879  -0.0929844  0.124879  0.17862
0.335374  -0.170614  -0.0929844  -0.170614  0.330128  0.124879  -0.0929844  0.124879  0.17862
0.335396  -0.170624  -0.0929898  -0.170624  0.330116  0.124871  -0.0929898  0.124871  0.178617
0.335418  -0.170634  -0.0929953  -0.170634  0.330104  0.124864  -0.0929953  0.124864  0.178613
0.335439  -0.170644  -0.0930007  -0.170644  0.330092  0.124856  -0.0930007  0.124856  0.17861
0.335439  -0.170644  -0.0930007  -0.170644  0.330092  0.124856  -0.0930007  0.124856  0.17861
0.335461  -0.170654  -0.0930061  -0.170654  0.33008  0.124849  -0.0930061  0.124849  0.178606
0.335483  -0.170664  -0.0930115  -0.170664  0.330068  0.124841  -0.0930115  0.124841  0.178603
0.335483  -0.170664  -0.0930115  -0.170664  0.330068  0.124841  -0.0930115  0.124841  0.178603
0.335494  -0.170645  -0.0930196  -0.170645  0.330018  0.124822  -0.0930196  0.124822  0.178601
0.335516  -0.170655  -0.0930251  -0.170655  0.330006  0.124815  -0.0930251  0.124815  0.178597
0.335537  -0.170665  -0.0930305  -0.170665  0.329994  0.124807  -0.0930305  0.124807  0.178594
0.335548  -0.170646  -0.0930386  -0.170646  0.329944  0.124789  -0.0930386  0.124789  0.178592
0.335548  -0.170646  -0.0930386  -0.170646  0.329944  0.124789  -0.0930386  0.124789  0.178592
0.33557  -0.170656  -0.093044  -0.170656  0.329932  0.124781  -0.093044  0.124781  0.178588
0.335592  -0.170666  -0.0930494  -0.170666  0.32992  0.124774  -0.0930494  0.124774  0.178585
0.335603  -0.170647  -0.0930576  -0.170647  0.32987  0.124755  -0.0930576  0.124755  0.178583
0.335614  -0.170628  -0.0930658  -0.170628  0.32982  0.124736  -0.0930658  0.124736  0.178581
0.335614  -0.170628  -0.0930658  -0.170628  0.32982  0.124736  -0.0930658  0.124736  0.178581
0.335635  -0.170638  -0.0930712  -0.170638  0.329808  0.124729  -0.0930712  0.124729  0.178578
0.335635  -0.170638  -0.0930712  -0.170638  0.329808  0.124729  -0.0930712  0.124729  0.178578
0.335668  -0.170629  -0.0930847  -0.170629  0.329746  0.124703  -0.0930847  0.124703  0.178572
0.335668  -0.170612  -0.0931132  -0.170612  0.329726  0.124714  -0.0931132  0.124714  0.17859
0.33569  -0.170622  -0.0931186  -0.170622  0.329714  0.124706  -0.0931186  0.124706  0.178587
0.335712  -0.170632  -0.0931241  -0.170632  0.329702  0.124698  -0.0931241  0.124698  0.178583
0.335701  -0.170603  -0.0931268  -0.170603  0.329664  0.124687  -0.0931268  0.124687  0.178585
0.335723  -0.170613  -0.0931322  -0.170613  0.329652  0.12468  -0.0931322  0.12468  0.178581
0.335745  -0.170606  -0.0931661  -0.170606  0.32962  0.124683  -0.0931661  0.124683  0.178595
0.335745  -0.170606  -0.0931661  -0.170606  0.32962  0.124683  -0.0931661  0.124683  0.178595
0.335756  -0.170587  -0.0931743  -0.170587  0.32957  0.124665  -0.0931743  0.124665  0.178594
0.335756  -0.170587  -0.0931743  -0.170587  0.32957  0.124665  -0.0931743  0.124665  0.178594
0.335778  -0.17058  -0.0932082  -0.17058  0.329538  0.124668  -0.0932082  0.124668  0.178608
0.335767  -0.170551  -0.093211  -0.170551  0.3295  0.124657  -0.093211  0.124657  0.178609
0.335767  -0.170551  -0.093211  -0.170551  0.3295  0.124657  -0.093211  0.124657  0.178609
0.3358  -0.170574  -0.0932422  -0.170574  0.329506  0.124672  -0.0932422  0.124672  0.178622
0.335789  -0.170545  -0.0932449  -0.170545  0.329468  0.12466  -0.0932449  0.12466  0.178624
0.335811  -0.170555  -0.0932503  -0.170555  0.329456  0.124653  -0.0932503  0.124653  0.17862
0.335833  -0.170548  -0.0932843  -0.170548  0.329424  0.124656  -0.0932843  0.124656  0.178634
0.335833  -0.170548  -0.0932843  -0.170548  0.329424  0.124656  -0.0932843  0.124656  0.178634
0.335866  -0.170571  -0.0933155  -0.170571  0.32943  0.124671  -0.0933155  0.124671  0.178647
0.335866  -0.170571  -0.0933155  -0.170571  0.32943  0.124671  -0.0933155  0.124671  0.178647
0.335888  -0.170564  -0.0933494  -0.170564  0.329398  0.124674  -0.0933494  0.124674  0.178661
0.335888  -0.170564  -0.0933494  -0.170564  0.329398  0.124674  -0.0933494  0.124674  0.178661
0.33591  -0.170557  -0.0933834  -0.170557  0.329365  0.124678  -0.0933834  0.124678  0.178675
0.33591  -0.170557  -0.0933834  -0.170557  0.329365  0.124678  -0.0933834  0.124678  0.178675
0.33591  -0.170557  -0.0933834  -0.170557  0.329365  0.124678  -0.0933834  0.124678  0.178675
0.335932  -0.170551  -0.0934174  -0.170551  0.329333  0.124681  -0.0934174  0.124681  0.178689
0.335932  -0.170551  -0.0934174  -0.170551  0.329333  0.124681  -0.0934174  0.124681  0.178689
0.335955  -0.170544  -0.0934513  -0.170544  0.329301  0.124685  -0.0934513  0.124685  0.178703
0.335955  -0.170544  -0.0934513  -0.170544  0.329301  0.124685  -0.0934513  0.124685  0.178703
0.335965  -0.170525  -0.0934595  -0.170525  0.329252  0.124666  -0.0934595  0.124666  0.178702
0.335965  -0.170525  -0.0934595  -0.170525  0.329252  0.124666  -0.0934595  0.124666  0.178702
0.335965  -0.170525  -0.0934595  -0.170525  0.329252  0.124666  -0.0934595  0.124666  0.178702
0.335988  -0.170518  -0.0934934  -0.170518  0.32922  0.124669  -0.0934934  0.124669  0.178716
0.335988  -0.170518  -0.0934934  -0.170518  0.32922  0.124669  -0.0934934  0.124669  0.178716
0.335966  -0.17046  -0.0934988  -0.17046  0.329144  0.124647  -0.0934988  0.124647  0.178719
0.335966  -0.17046  -0.0934988  -0.17046  0.329144  0.124647  -0.0934988  0.124647  0.178719
0.335976  -0.170441  -0.093507  -0.170441  0.329095  0.124628  -0.093507  0.124628  0.178717
0.335965  -0.170412  -0.0935097  -0.170412  0.329057  0.124617  -0.0935097  0.124617  0.178719
0.335965  -0.170412  -0.0935097  -0.170412  0.329057  0.124617  -0.0935097  0.124617  0.178719
0.335954  -0.170383  -0.0935124  -0.170383  0.329019  0.124606  -0.0935124  0.124606  0.178721
0.335976  -0.170393  -0.0935178  -0.170393  0.329007  0.124599  -0.0935178  0.124599  0.178717
0.335976  -0.170376  -0.0935463  -0.170376  0.328987  0.12461  -0.0935463  0.12461  0.178735
0.335965  -0.170347  -0.093549  -0.170347  0.32895  0.124598  -0.093549  0.124598  0.178737
0.335965  -0.170347  -0.093549  -0.170347  0.32895  0.124598  -0.093549  0.124598  0.178737
0.335954  -0.170318  -0.0935517  -0.170318  0.328912  0.124587  -0.0935517  0.124587  0.178739
0.335954  -0.170318  -0.0935517  -0.170318  0.328912  0.124587  -0.0935517  0.124587  0.178739
0.335944  -0.170272  -0.093583  -0.170272  0.328855  0.124587  -0.093583  0.124587  0.178758
0.335944  -0.170272  -0.093583  -0.170272  0.328855  0.124587  -0.093583  0.124587  0.178758
0.335944  -0.170272  -0.093583  -0.170272  0.328855  0.124587  -0.093583  0.124587  0.178758
0.335944  -0.170256  -0.0936115  -0.170256  0.328835  0.124598  -0.0936115  0.124598  0.178776
0.335944  -0.170256  -0.0936115  -0.170256  0.328835  0.124598  -0.0936115  0.124598  0.178776
0.335944  -0.170239  -0.0936401  -0.170239  0.328815  0.124609  -0.0936401  0.124609  0.178794
0.335933  -0.17021  -0.0936428  -0.17021  0.328778  0.124598  -0.0936428  0.124598  0.178796
0.335944  -0.170223  -0.0936686  -0.170223  0.328795  0.12462  -0.0936686  0.12462  0.178812
0.335944  -0.170223  -0.0936686  -0.170223  0.328795  0.12462  -0.0936686  0.12462  0.178812
0.335944  -0.170223  -0.0936686  -0.170223  0.328795  0.12462  -0.0936686  0.12462  0.178812
0.335945  -0.170206  -0.0936972  -0.170206  0.328776  0.124631  -0.0936972  0.124631  0.178829
0.335956  -0.170219  -0.093723  -0.170219  0.328793  0.124653  -0.093723  0.124653  0.178845
0.335956  -0.170219  -0.093723  -0.170219  0.328793  0.124653  -0.093723  0.124653  0.178845
0.335956  -0.170202  -0.0937516  -0.170202  0.328773  0.124664  -0.0937516  0.124664  0.178863
0.335956  -0.170202  -0.0937516  -0.170202  0.328773  0.124664  -0.0937516  0.124664  0.178863
0.335956  -0.170186  -0.0937801  -0.170186  0.328754  0.124675  -0.0937801  0.124675  0.178881
0.335956  -0.170186  -0.0937801  -0.170186  0.328754  0.124675  -0.0937801  0.124675  0.178881
0.335956  -0.170186  -0.0937801  -0.170186  0.328754  0.124675  -0.0937801  0.124675  0.178881
0.335989  -0.170208  -0.0938114  -0.170208  0.328759  0.12469  -0.0938114  0.12469  0.178894
0.335978  -0.170179  -0.0938141  -0.170179  0.328722  0.124678  -0.0938141  0.124678  0.178895
0.335989  -0.170192  -0.0938399  -0.170192  0.328739  0.124701  -0.0938399  0.124701  0.178911
0.336  -0.170172  -0.0938481  -0.170172  0.32869  0.124682  -0.0938481  0.124682  0.17891
0.336  -0.170172  -0.0938481  -0.170172  0.32869  0.124682  -0.0938481  0.124682  0.17891
0.336011  -0.170185  -0.0938739  -0.170185  0.328707  0.124704  -0.0938739  0.124704  0.178926
0.336011  -0.170185  -0.0938739  -0.170185  0.328707  0.124704  -0.0938739  0.124704  0.178926
0.336034  -0.170178  -0.0939079  -0.170178  0.328676  0.124707  -0.0939079  0.124707  0.17894
0.336023  -0.170149  -0.0939106  -0.170149  0.328638  0.124696  -0.0939106  0.124696  0.178942
0.336034  -0.170162  -0.0939365  -0.170162  0.328656  0.124718  -0.0939365  0.124718  0.178958
0.336067  -0.170184  -0.0939678  -0.170184  0.328661  0.124733  -0.0939678  0.124733  0.178971
0.336056  -0.170155  -0.0939705  -0.170155  0.328624  0.124722  -0.0939705  0.124722  0.178972
0.336089  -0.170177  -0.0940018  -0.170177  0.328629  0.124737  -0.0940018  0.124737  0.178985
0.336111  -0.170171  -0.0940358  -0.170171  0.328598  0.12474  -0.0940358  0.12474  0.178999
0.336111  -0.170171  -0.0940358  -0.170171  0.328598  0.12474  -0.0940358  0.12474  0.178999
0.336144  -0.170193  -0.0940672  -0.170193  0.328603  0.124755  -0.0940672  0.124755  0.179012
0.336155  -0.170206  -0.0940931  -0.170206  0.328621  0.124777  -0.0940931  0.124777  0.179028
0.336189  -0.170228  -0.0941244  -0.170228  0.328626  0.124791  -0.0941244  0.124791  0.179041
0.3362  -0.170241  -0.0941504  -0.170241  0.328644  0.124814  -0.0941504  0.124814  0.179057
0.336222  -0.170234  -0.0941844  -0.170234  0.328612  0.124817  -0.0941844  0.124817  0.179071
0.336255  -0.170257  -0.0942158  -0.170257  0.328618  0.124832  -0.0942158  0.124832  0.179084
0.336266  -0.170269  -0.0942417  -0.170269  0.328636  0.124854  -0.0942417  0.124854  0.1791
0.336322  -0.170301  -0.0942786  -0.170301  0.328629  0.124861  -0.0942786  0.124861  0.179109
0.336322  -0.170301  -0.0942786  -0.170301  0.328629  0.124861  -0.0942786  0.124861  0.179109
0.336366  -0.170336  -0.094336  -0.170336  0.328652  0.124898  -0.094336  0.124898  0.179138
0.336388  -0.170346  -0.0943414  -0.170346  0.32864  0.12489  -0.0943414  0.12489  0.179135
0.336399  -0.170359  -0.0943674  -0.170359  0.328658  0.124913  -0.0943674  0.124913  0.179151
0.336455  -0.170391  -0.0944043  -0.170391  0.328651  0.12492  -0.0944043  0.12492  0.17916
0.336455  -0.170391  -0.0944043  -0.170391  0.328651  0.12492  -0.0944043  0.12492  0.17916
0.336477  -0.170401  -0.0944098  -0.170401  0.328639  0.124912  -0.0944098  0.124912  0.179157
0.336543  -0.170463  -0.0944441  -0.170463  0.32867  0.124931  -0.0944441  0.124931  0.179164
0.336543  -0.170463  -0.0944441  -0.170463  0.32867  0.124931  -0.0944441  0.124931  0.179164
0.336587  -0.170483  -0.094455  -0.170483  0.328646  0.124916  -0.094455  0.124916  0.179157
0.336587  -0.170483  -0.094455  -0.170483  0.328646  0.124916  -0.094455  0.124916  0.179157
0.336609  -0.170493  -0.0944605  -0.170493  0.328634  0.124908  -0.0944605  0.124908  0.179153
0.336609  -0.170493  -0.0944605  -0.170493  0.328634  0.124908  -0.0944605  0.124908  0.179153
0.336653  -0.170512  -0.0944714  -0.170512  0.32861  0.124893  -0.0944714  0.124893  0.179146
0.336697  -0.170532  -0.0944824  -0.170532  0.328586  0.124878  -0.0944824  0.124878  0.179139
0.336697  -0.170532  -0.0944824  -0.170532  0.328586  0.124878  -0.0944824  0.124878  0.179139
0.33673  -0.17054  -0.0944673  -0.17054  0.328544  0.124841  -0.0944673  0.124841  0.179116
0.33673  -0.17054  -0.0944673  -0.17054  0.328544  0.124841  -0.0944673  0.124841  0.179116
0.336785  -0.170589  -0.0944756  -0.170589  0.328557  0.124837  -0.0944756  0.124837  0.179107
0.336829  -0.170608  -0.0944865  -0.170608  0.328533  0.124822  -0.0944865  0.124822  0.1791
0.336829  -0.170608  -0.0944865  -0.170608  0.328533  0.124822  -0.0944865  0.124822  0.1791
0.336862  -0.170616  -0.0944714  -0.170616  0.328491  0.124784  -0.0944714  0.124784  0.179077
0.336862  -0.170616  -0.0944714  -0.170616  0.328491  0.124784  -0.0944714  0.124784  0.179077
0.33694  -0.170675  -0.0944852  -0.170675  0.328492  0.124773  -0.0944852  0.124773  0.179065
0.336984  -0.170694  -0.0944961  -0.170694  0.328468  0.124758  -0.0944961  0.124758  0.179058
0.336984  -0.170694  -0.0944961  -0.170694  0.328468  0.124758  -0.0944961  0.124758  0.179058
0.337028  -0.170731  -0.0944783  -0.170731  0.328463  0.124732  -0.0944783  0.124732  0.179033
0.33705  -0.170741  -0.0944838  -0.170741  0.328451  0.124724  -0.0944838  0.124724  0.179029
0.337094  -0.170761  -0.0944947  -0.170761  0.328427  0.124709  -0.0944947  0.124709  0.179022
0.33715  -0.17081  -0.094503  -0.17081  0.32844  0.124705  -0.094503  0.124705  0.179013
0.33715  -0.17081  -0.094503  -0.17081  0.32844  0.124705  -0.094503  0.124705  0.179013
0.337216  -0.170839  -0.0945194  -0.170839  0.328404  0.124683  -0.0945194  0.124683  0.179003
0.33725  -0.170879  -0.0945222  -0.170879  0.328429  0.124686  -0.0945222  0.124686  0.178997
0.337272  -0.170889  -0.0945277  -0.170889  0.328417  0.124679  -0.0945277  0.124679  0.178994
0.337305  -0.170896  -0.0945125  -0.170896  0.328375  0.124641  -0.0945125  0.124641  0.178971
0.337305  -0.170896  -0.0945125  -0.170896  0.328375  0.124641  -0.0945125  0.124641  0.178971
0.337349  -0.170916  -0.0945234  -0.170916  0.328351  0.124626  -0.0945234  0.124626  0.178964
0.337349  -0.170916  -0.0945234  -0.170916  0.328351  0.124626  -0.0945234  0.124626  0.178964
0.337382  -0.170923  -0.0945082  -0.170923  0.328309  0.124589  -0.0945082  0.124589  0.17894
0.337415  -0.17093  -0.094493  -0.17093  0.328267  0.124552  -0.094493  0.124552  0.178917
0.337415  -0.17093  -0.094493  -0.17093  0.328267  0.124552  -0.094493  0.124552  0.178917
0.337426  -0.170927  -0.0944724  -0.170927  0.328237  0.124522  -0.0944724  0.124522  0.178897
0.337459  -0.170934  -0.0944572  -0.170934  0.328195  0.124484  -0.0944572  0.124484  0.178874
0.337459  -0.170934  -0.0944572  -0.170934  0.328195  0.124484  -0.0944572  0.124484  0.178874
0.337481  -0.170961  -0.0944339  -0.170961  0.328203  0.124466  -0.0944339  0.124466  0.178853
0.337503  -0.170971  -0.0944394  -0.170971  0.32819  0.124458  -0.0944394  0.124458  0.178849
0.337514  -0.170968  -0.0944187  -0.170968  0.328161  0.124428  -0.0944187  0.124428  0.178829
0.337514  -0.170968  -0.0944187  -0.170968  0.328161  0.124428  -0.0944187  0.124428  0.178829
0.337535  -0.170946  -0.0944061  -0.170946  0.328081  0.12438  -0.0944061  0.12438  0.178808
0.337557  -0.170956  -0.0944115  -0.170956  0.328069  0.124372  -0.0944115  0.124372  0.178804
0.33758  -0.170965  -0.094417  -0.170965  0.328057  0.124365  -0.094417  0.124365  0.178801
0.33759  -0.170963  -0.0943963  -0.170963  0.328027  0.124335  -0.0943963  0.124335  0.178781
0.337635  -0.170982  -0.0944072  -0.170982  0.328003  0.12432  -0.0944072  0.12432  0.178774
0.337635  -0.170982  -0.0944072  -0.170982  0.328003  0.12432  -0.0944072  0.12432  0.178774
0.337679  -0.171002  -0.094418  -0.171002  0.327978  0.124305  -0.094418  0.124305  0.178767
0.337679  -0.171002  -0.094418  -0.171002  0.327978  0.124305  -0.094418  0.124305  0.178767
0.337735  -0.171051  -0.0944262  -0.171051  0.327992  0.124301  -0.0944262  0.124301  0.178758
0.337735  -0.171051  -0.0944262  -0.171051  0.327992  0.124301  -0.0944262  0.124301  0.178758
0.33778  -0.171071  -0.0944371  -0.171071  0.327967  0.124286  -0.0944371  0.124286  0.178751
0.337802  -0.171081  -0.0944425  -0.171081  0.327955  0.124278  -0.0944425  0.124278  0.178748
0.337802  -0.171081  -0.0944425  -0.171081  0.327955  0.124278  -0.0944425  0.124278  0.178748
0.337846  -0.171101  -0.0944533  -0.171101  0.327931  0.124263  -0.0944533  0.124263  0.178741
0.337869  -0.171111  -0.0944588  -0.171111  0.327919  0.124255  -0.0944588  0.124255  0.178737
0.337891  -0.17112  -0.0944642  -0.17112  0.327906  0.124248  -0.0944642  0.124248  0.178734
0.337913  -0.17113  -0.0944696  -0.17113  0.327894  0.12424  -0.0944696  0.12424  0.17873
0.337913  -0.17113  -0.0944696  -0.17113  0.327894  0.12424  -0.0944696  0.12424  0.17873
0.337969  -0.17118  -0.0944778  -0.17118  0.327908  0.124236  -0.0944778  0.124236  0.178721
0.337992  -0.171189  -0.0944832  -0.171189  0.327895  0.124229  -0.0944832  0.124229  0.178718
0.337992  -0.171189  -0.0944832  -0.171189  0.327895  0.124229  -0.0944832  0.124229  0.178718
0.338036  -0.171209  -0.0944941  -0.171209  0.327871  0.124214  -0.0944941  0.124214  0.178711
0.338036  -0.171209  -0.0944941  -0.171209  0.327871  0.124214  -0.0944941  0.124214  0.178711
0.33807  -0.171248  -0.0944969  -0.171248  0.327897  0.124217  -0.0944969  0.124217  0.178705
0.338092  -0.171258  -0.0945023  -0.171258  0.327884  0.12421  -0.0945023  0.12421  0.178702
0.338092  -0.171258  -0.0945023  -0.171258  0.327884  0.12421  -0.0945023  0.12421  0.178702
0.338115  -0.171268  -0.0945077  -0.171268  0.327872  0.124202  -0.0945077  0.124202  0.178698
0.338115  -0.171268  -0.0945077  -0.171268  0.327872  0.124202  -0.0945077  0.124202  0.178698
0.338159  -0.171288  -0.0945186  -0.171288  0.327848  0.124187  -0.0945186  0.124187  0.178691
0.338171  -0.171317  -0.094516  -0.171317  0.327886  0.124198  -0.094516  0.124198  0.17869
0.338171  -0.171317  -0.094516  -0.171317  0.327886  0.124198  -0.094516  0.124198  0.17869
0.338193  -0.171327  -0.0945214  -0.171327  0.327873  0.124191  -0.0945214  0.124191  0.178686
0.338215  -0.171337  -0.0945268  -0.171337  0.327861  0.124183  -0.0945268  0.124183  0.178682
0.338238  -0.171364  -0.0945034  -0.171364  0.327869  0.124164  -0.0945034  0.124164  0.178661
0.338238  -0.171364  -0.0945034  -0.171364  0.327869  0.124164  -0.0945034  0.124164  0.178661
0.33826  -0.171374  -0.0945089  -0.171374  0.327857  0.124157  -0.0945089  0.124157  0.178658
0.33826  -0.171374  -0.0945089  -0.171374  0.327857  0.124157  -0.0945089  0.124157  0.178658
0.338282  -0.171384  -0.0945143  -0.171384  0.327845  0.124149  -0.0945143  0.124149  0.178654
0.338305  -0.171393  -0.0945197  -0.171393  0.327833  0.124142  -0.0945197  0.124142  0.17865
0.338305  -0.171393  -0.0945197  -0.171393  0.327833  0.124142  -0.0945197  0.124142  0.17865
0.338339  -0.171433  -0.0945225  -0.171433  0.327858  0.124145  -0.0945225  0.124145  0.178645
0.338361  -0.171443  -0.0945279  -0.171443  0.327846  0.124138  -0.0945279  0.124138  0.178642
0.338361  -0.171443  -0.0945279  -0.171443  0.327846  0.124138  -0.0945279  0.124138  0.178642
0.338383  -0.171453  -0.0945333  -0.171453  0.327834  0.12413  -0.0945333  0.12413  0.178638
0.338406  -0.171462  -0.0945387  -0.171462  0.327822  0.124123  -0.0945387  0.124123  0.178635
0.338394  -0.17145  -0.0945126  -0.17145  0.327804  0.1241  -0.0945126  0.1241  0.178618
0.338416  -0.171459  -0.094518  -0.171459  0.327792  0.124093  -0.094518  0.124093  0.178615
0.338416  -0.171459  -0.094518  -0.171459  0.327792  0.124093  -0.094518  0.124093  0.178615
0.338439  -0.171469  -0.0945234  -0.171469  0.327779  0.124085  -0.0945234  0.124085  0.178611
0.338461  -0.171479  -0.0945288  -0.171479  0.327767  0.124078  -0.0945288  0.124078  0.178608
0.338461  -0.171479  -0.0945288  -0.171479  0.327767  0.124078  -0.0945288  0.124078  0.178608
0.338484  -0.171489  -0.0945342  -0.171489  0.327755  0.12407  -0.0945342  0.12407  0.178604
0.338484  -0.171489  -0.0945342  -0.171489  0.327755  0.12407  -0.0945342  0.12407  0.178604
0.338529  -0.171509  -0.094545  -0.171509  0.327731  0.124055  -0.094545  0.124055  0.178597
0.338529  -0.171509  -0.094545  -0.171509  0.327731  0.124055  -0.094545  0.124055  0.178597
0.338529  -0.171509  -0.094545  -0.171509  0.327731  0.124055  -0.094545  0.124055  0.178597
0.338573  -0.171529  -0.0945558  -0.171529  0.327707  0.12404  -0.0945558  0.12404  0.17859
0.338573  -0.171529  -0.0945558  -0.171529  0.327707  0.12404  -0.0945558  0.12404  0.17859
0.338584  -0.171509  -0.0945638  -0.171509  0.327657  0.124021  -0.0945638  0.124021  0.178588
0.338584  -0.171509  -0.0945638  -0.171509  0.327657  0.124021  -0.0945638  0.124021  0.178588
0.338584  -0.171509  -0.0945638  -0.171509  0.327657  0.124021  -0.0945638  0.124021  0.178588
0.338607  -0.171519  -0.0945693  -0.171519  0.327645  0.124013  -0.0945693  0.124013  0.178585
0.338607  -0.171519  -0.0945693  -0.171519  0.327645  0.124013  -0.0945693  0.124013  0.178585
0.338629  -0.171529  -0.0945747  -0.171529  0.327632  0.124006  -0.0945747  0.124006  0.178581
0.338652  -0.171539  -0.0945801  -0.171539  0.32762  0.123998  -0.0945801  0.123998  0.178578
0.338652  -0.171539  -0.0945801  -0.171539  0.32762  0.123998  -0.0945801  0.123998  0.178578
0.338686  -0.171561  -0.0946117  -0.171561  0.327626  0.124013  -0.0946117  0.124013  0.178591
0.338686  -0.171561  -0.0946117  -0.171561  0.327626  0.124013  -0.0946117  0.124013  0.178591
0.338686  -0.171561  -0.0946117  -0.171561  0.327626  0.124013  -0.0946117  0.124013  0.178591
0.338708  -0.171571  -0.0946171  -0.171571  0.327614  0.124005  -0.0946171  0.124005  0.178587
0.338708  -0.171571  -0.0946171  -0.171571  0.327614  0.124005  -0.0946171  0.124005  0.178587
0.338731  -0.171581  -0.0946225  -0.171581  0.327601  0.123998  -0.0946225  0.123998  0.178584
0.338731  -0.171581  -0.0946225  -0.171581  0.327601  0.123998  -0.0946225  0.123998  0.178584
0.338742  -0.171561  -0.0946305  -0.171561  0.327552  0.123979  -0.0946305  0.123979  0.178582
0.338742  -0.171561  -0.0946305  -0.171561  0.327552  0.123979  -0.0946305  0.123979  0.178582
0.338742  -0.171561  -0.0946305  -0.171561  0.327552  0.123979  -0.0946305  0.123979  0.178582
0.338764  -0.171571  -0.0946359  -0.171571  0.32754  0.123971  -0.0946359  0.123971  0.178578
0.338764  -0.171571  -0.0946359  -0.171571  0.32754  0.123971  -0.0946359  0.123971  0.178578
0.338798  -0.171594  -0.0946675  -0.171594  0.327545  0.123986  -0.0946675  0.123986  0.178591
0.338798  -0.171594  -0.0946675  -0.171594  0.327545  0.123986  -0.0946675  0.123986  0.178591
0.338821  -0.171604  -0.0946729  -0.171604  0.327533  0.123978  -0.0946729  0.123978  0.178587
0.338821  -0.171604  -0.0946729  -0.171604  0.327533  0.123978  -0.0946729  0.123978  0.178587
0.338821  -0.171604  -0.0946729  -0.171604  0.327533  0.123978  -0.0946729  0.123978  0.178587
0.338843  -0.171614  -0.0946783  -0.171614  0.327521  0.123971  -0.0946783  0.123971  0.178584
0.338843  -0.171614  -0.0946783  -0.171614  0.327521  0.123971  -0.0946783  0.123971  0.178584
0.338866  -0.171624  -0.0946837  -0.171624  0.327509  0.123963  -0.0946837  0.123963  0.17858
0.338888  -0.171634  -0.0946891  -0.171634  0.327496  0.123955  -0.0946891  0.123955  0.178577
0.338888  -0.171634  -0.0946891  -0.171634  0.327496  0.123955  -0.0946891  0.123955  0.178577
0.338911  -0.171643  -0.0946945  -0.171643  0.327484  0.123948  -0.0946945  0.123948  0.178573
0.338911  -0.171643  -0.0946945  -0.171643  0.327484  0.123948  -0.0946945  0.123948  0.178573
0.338933  -0.171653  -0.0947  -0.171653  0.327472  0.12394  -0.0947  0.12394  0.17857
0.338956  -0.171663  -0.0947054  -0.171663  0.32746  0.123933  -0.0947054  0.123933  0.178566
0.338956  -0.171663  -0.0947054  -0.171663  0.32746  0.123933  -0.0947054  0.123933  0.178566
0.338978  -0.171673  -0.0947108  -0.171673  0.327448  0.123925  -0.0947108  0.123925  0.178563
0.339001  -0.171683  -0.0947162  -0.171683  0.327436  0.123918  -0.0947162  0.123918  0.178559
0.339001  -0.171683  -0.0947162  -0.171683  0.327436  0.123918  -0.0947162  0.123918  0.178559
0.339023  -0.171693  -0.0947216  -0.171693  0.327423  0.12391  -0.0947216  0.12391  0.178556
0.339023  -0.171693  -0.0947216  -0.171693  0.327423  0.12391  -0.0947216  0.12391  0.178556
0.339046  -0.171703  -0.094727  -0.171703  0.327411  0.123902  -0.094727  0.123902  0.178552
0.339068  -0.171712  -0.0947324  -0.171712  0.327399  0.123895  -0.0947324  0.123895  0.178549
0.33908  -0.171742  -0.0947298  -0.171742  0.327437  0.123906  -0.0947298  0.123906  0.178547
0.339125  -0.171762  -0.0947406  -0.171762  0.327412  0.123891  -0.0947406  0.123891  0.17854
0.339125  -0.171762  -0.0947406  -0.171762  0.327412  0.123891  -0.0947406  0.123891  0.17854
0.339136  -0.171759  -0.0947197  -0.171759  0.327382  0.123861  -0.0947197  0.123861  0.17852
0.339158  -0.171769  -0.0947251  -0.171769  0.32737  0.123853  -0.0947251  0.123853  0.178517
0.339158  -0.171769  -0.0947251  -0.171769  0.32737  0.123853  -0.0947251  0.123853  0.178517
0.339181  -0.171779  -0.0947305  -0.171779  0.327358  0.123846  -0.0947305  0.123846  0.178513
0.339181  -0.171779  -0.0947305  -0.171779  0.327358  0.123846  -0.0947305  0.123846  0.178513
0.339204  -0.171788  -0.0947359  -0.171788  0.327346  0.123838  -0.0947359  0.123838  0.178509
0.339226  -0.171798  -0.0947413  -0.171798  0.327334  0.123831  -0.0947413  0.123831  0.178506
0.339226  -0.171798  -0.0947413  -0.171798  0.327334  0.123831  -0.0947413  0.123831  0.178506
0.33926  -0.171838  -0.0947442  -0.171838  0.327359  0.123834  -0.0947442  0.123834  0.178501
0.33926  -0.171838  -0.0947442  -0.171838  0.327359  0.123834  -0.0947442  0.123834  0.178501
0.33926  -0.171838  -0.0947442  -0.171838  0.327359  0.123834  -0.0947442  0.123834  0.178501
0.339271  -0.171835  -0.0947233  -0.171835  0.327329  0.123804  -0.0947233  0.123804  0.178481
0.339271  -0.171835  -0.0947233  -0.171835  0.327329  0.123804  -0.0947233  0.123804  0.178481
0.339294  -0.171845  -0.0947287  -0.171845  0.327317  0.123797  -0.0947287  0.123797  0.178477
0.339294  -0.171845  -0.0947287  -0.171845  0.327317  0.123797  -0.0947287  0.123797  0.178477
0.339316  -0.171854  -0.0947341  -0.171854  0.327305  0.123789  -0.0947341  0.123789  0.178474
0.339316  -0.171854  -0.0947341  -0.171854  0.327305  0.123789  -0.0947341  0.123789  0.178474
0.339316  -0.171854  -0.0947341  -0.171854  0.327305  0.123789  -0.0947341  0.123789  0.178474
0.339339  -0.171864  -0.0947395  -0.171864  0.327293  0.123782  -0.0947395  0.123782  0.17847
0.339339  -0.171864  -0.0947395  -0.171864  0.327293  0.123782  -0.0947395  0.123782  0.17847
0.339361  -0.171874  -0.0947449  -0.171874  0.327281  0.123774  -0.0947449  0.123774  0.178467
0.339384  -0.171884  -0.0947503  -0.171884  0.327268  0.123766  -0.0947503  0.123766  0.178463
0.339384  -0.171884  -0.0947503  -0.171884  0.327268  0.123766  -0.0947503  0.123766  0.178463
0.339384  -0.171884  -0.0947503  -0.171884  0.327268  0.123766  -0.0947503  0.123766  0.178463
0.339384  -0.171884  -0.0947503  -0.171884  0.327268  0.123766  -0.0947503  0.123766  0.178463
0.339407  -0.171894  -0.0947557  -0.171894  0.327256  0.123759  -0.0947557  0.123759  0.17846
0.339407  -0.171894  -0.0947557  -0.171894  0.327256  0.123759  -0.0947557  0.123759  0.17846
0.339407  -0.171894  -0.0947557  -0.171894  0.327256  0.123759  -0.0947557  0.123759  0.17846
0.339429  -0.171904  -0.0947611  -0.171904  0.327244  0.123751  -0.0947611  0.123751  0.178456
0.339429  -0.171904  -0.0947611  -0.171904  0.327244  0.123751  -0.0947611  0.123751  0.178456
0.339452  -0.171914  -0.0947664  -0.171914  0.327232  0.123744  -0.0947664  0.123744  0.178453
0.339452  -0.171914  -0.0947664  -0.171914  0.327232  0.123744  -0.0947664  0.123744  0.178453
0.339452  -0.171914  -0.0947664  -0.171914  0.327232  0.123744  -0.0947664  0.123744  0.178453
0.339474  -0.171923  -0.0947718  -0.171923  0.32722  0.123736  -0.0947718  0.123736  0.178449
0.339474  -0.171923  -0.0947718  -0.171923  0.32722  0.123736  -0.0947718  0.123736  0.178449
0.339485  -0.17192  -0.0947509  -0.17192  0.32719  0.123706  -0.0947509  0.123706  0.178429
0.339485  -0.17192  -0.0947509  -0.17192  0.32719  0.123706  -0.0947509  0.123706  0.178429
0.339508  -0.17193  -0.0947563  -0.17193  0.327178  0.123698  -0.0947563  0.123698  0.178426
0.33953  -0.17194  -0.0947617  -0.17194  0.327165  0.123691  -0.0947617  0.123691  0.178422
0.33953  -0.17194  -0.0947617  -0.17194  0.327165  0.123691  -0.0947617  0.123691  0.178422
0.339541  -0.171937  -0.0947408  -0.171937  0.327135  0.123661  -0.0947408  0.123661  0.178403
0.339541  -0.171937  -0.0947408  -0.171937  0.327135  0.123661  -0.0947408  0.123661  0.178403
0.339552  -0.171934  -0.0947199  -0.171934  0.327105  0.123631  -0.0947199  0.123631  0.178383
0.339575  -0.171944  -0.0947253  -0.171944  0.327093  0.123624  -0.0947253  0.123624  0.178379
0.339575  -0.171944  -0.0947253  -0.171944  0.327093  0.123624  -0.0947253  0.123624  0.178379
0.339585  -0.171941  -0.0947044  -0.171941  0.327063  0.123594  -0.0947044  0.123594  0.17836
0.339585  -0.171941  -0.0947044  -0.171941  0.327063  0.123594  -0.0947044  0.123594  0.17836
0.339608  -0.171951  -0.0947098  -0.171951  0.327051  0.123586  -0.0947098  0.123586  0.178356
0.339608  -0.171951  -0.0947098  -0.171951  0.327051  0.123586  -0.0947098  0.123586  0.178356
0.33963  -0.171977  -0.0946863  -0.171977  0.327059  0.123567  -0.0946863  0.123567  0.178335
0.339653  -0.171987  -0.0946916  -0.171987  0.327047  0.12356  -0.0946916  0.12356  0.178331
0.339653  -0.171987  -0.0946916  -0.171987  0.327047  0.12356  -0.0946916  0.12356  0.178331
0.339698  -0.172007  -0.0947024  -0.172007  0.327022  0.123545  -0.0947024  0.123545  0.178324
0.339709  -0.172004  -0.0946815  -0.172004  0.326992  0.123515  -0.0946815  0.123515  0.178305
0.339709  -0.172004  -0.0946815  -0.172004  0.326992  0.123515  -0.0946815  0.123515  0.178305
0.339732  -0.172014  -0.0946868  -0.172014  0.32698  0.123507  -0.0946868  0.123507  0.178301
0.339732  -0.172014  -0.0946868  -0.172014  0.32698  0.123507  -0.0946868  0.123507  0.178301
0.339789  -0.172063  -0.094695  -0.172063  0.326993  0.123503  -0.094695  0.123503  0.178292
0.339789  -0.172063  -0.094695  -0.172063  0.326993  0.123503  -0.094695  0.123503  0.178292
0.339812  -0.172073  -0.0947004  -0.172073  0.326981  0.123496  -0.0947004  0.123496  0.178289
0.339834  -0.172083  -0.0947057  -0.172083  0.326969  0.123488  -0.0947057  0.123488  0.178285
0.339857  -0.172092  -0.0947111  -0.172092  0.326957  0.12348  -0.0947111  0.12348  0.178282
0.339891  -0.172132  -0.0947139  -0.172132  0.326982  0.123484  -0.0947139  0.123484  0.178276
0.339914  -0.172142  -0.0947193  -0.172142  0.32697  0.123476  -0.0947193  0.123476  0.178273
0.339914  -0.172142  -0.0947193  -0.172142  0.32697  0.123476  -0.0947193  0.123476  0.178273
0.339937  -0.172152  -0.0947247  -0.172152  0.326958  0.123469  -0.0947247  0.123469  0.178269
0.339937  -0.172152  -0.0947247  -0.172152  0.326958  0.123469  -0.0947247  0.123469  0.178269
0.339982  -0.172171  -0.0947354  -0.172171  0.326934  0.123453  -0.0947354  0.123453  0.178262
0.339982  -0.172171  -0.0947354  -0.172171  0.326934  0.123453  -0.0947354  0.123453  0.178262
0.340005  -0.172181  -0.0947408  -0.172181  0.326921  0.123446  -0.0947408  0.123446  0.178259
0.340039  -0.172221  -0.0947436  -0.172221  0.326947  0.123449  -0.0947436  0.123449  0.178253
0.340039  -0.172221  -0.0947436  -0.172221  0.326947  0.123449  -0.0947436  0.123449  0.178253
0.340062  -0.172231  -0.0947489  -0.172231  0.326935  0.123442  -0.0947489  0.123442  0.17825
0.340073  -0.172227  -0.094728  -0.172227  0.326905  0.123412  -0.094728  0.123412  0.17823
0.340073  -0.172227  -0.094728  -0.172227  0.326905  0.123412  -0.094728  0.123412  0.17823
0.340118  -0.172247  -0.0947387  -0.172247  0.32688  0.123397  -0.0947387  0.123397  0.178223
0.340118  -0.172247  -0.0947387  -0.172247  0.32688  0.123397  -0.0947387  0.123397  0.178223
0.340129  -0.172244  -0.0947177  -0.172244  0.32685  0.123367  -0.0947177  0.123367  0.178203
0.340152  -0.172254  -0.0947231  -0.172254  0.326838  0.123359  -0.0947231  0.123359  0.1782
0.340152  -0.172254  -0.0947231  -0.172254  0.326838  0.123359  -0.0947231  0.123359  0.1782
0.340163  -0.172251  -0.0947021  -0.172251  0.326808  0.123329  -0.0947021  0.123329  0.17818
0.340163  -0.172251  -0.0947021  -0.172251  0.326808  0.123329  -0.0947021  0.123329  0.17818
0.340185  -0.17226  -0.0947075  -0.17226  0.326796  0.123322  -0.0947075  0.123322  0.178177
0.340185  -0.17226  -0.0947075  -0.17226  0.326796  0.123322  -0.0947075  0.123322  0.178177
0.340196  -0.172257  -0.0946865  -0.172257  0.326766  0.123292  -0.0946865  0.123292  0.178157
