0.315938  -0.140915  -0.0733132  -0.140915  0.297484  0.10319  -0.0733132  0.10319  0.169349
0.315938  -0.140915  -0.0733132  -0.140915  0.297484  0.10319  -0.0733132  0.10319  0.169349
0.315938  -0.140915  -0.0733132  -0.140915  0.297484  0.10319  -0.0733132  0.10319  0.169349
0.315949  -0.141121  -0.072975  -0.141121  0.297687  0.103071  -0.072975  0.103071  0.16918
0.315949  -0.14115  -0.0729262  -0.14115  0.297718  0.103055  -0.0729262  0.103055  0.169156
0.31595  -0.14114  -0.0728885  -0.14114  0.29768  0.103014  -0.0728885  0.103014  0.169132
0.315935  -0.141133  -0.0728852  -0.141133  0.297692  0.103022  -0.0728852  0.103022  0.169136
0.315941  -0.14117  -0.0728569  -0.14117  0.297736  0.103022  -0.0728569  0.103022  0.169123
0.315952  -0.141391  -0.0724944  -0.141391  0.297957  0.102895  -0.0724944  0.102895  0.168944
0.315952  -0.141405  -0.07247  -0.141405  0.297972  0.102887  -0.07247  0.102887  0.168932
0.316041  -0.141488  -0.0724166  -0.141488  0.297945  0.102818  -0.0724166  0.102818  0.168873
0.316056  -0.141494  -0.07242  -0.141494  0.297933  0.102811  -0.07242  0.102811  0.168869
0.316098  -0.141553  -0.0724187  -0.141553  0.297966  0.102813  -0.0724187  0.102813  0.168858
0.316218  -0.141792  -0.0722725  -0.141792  0.298129  0.102763  -0.0722725  0.102763  0.168758
0.316233  -0.141799  -0.0722758  -0.141799  0.298117  0.102755  -0.0722758  0.102755  0.168754
0.316382  -0.141818  -0.0724442  -0.141818  0.29797  0.102754  -0.0724442  0.102754  0.168784
0.316397  -0.141824  -0.0724475  -0.141824  0.297957  0.102747  -0.0724475  0.102747  0.16878
0.3166  -0.142106  -0.072338  -0.142106  0.298073  0.102676  -0.072338  0.102676  0.16867
0.316621  -0.14215  -0.0723129  -0.14215  0.298105  0.102669  -0.0723129  0.102669  0.168653
0.31678  -0.142167  -0.0724642  -0.142167  0.297932  0.102644  -0.0724642  0.102644  0.168669
0.316781  -0.142153  -0.0724887  -0.142153  0.297917  0.102652  -0.0724887  0.102652  0.168681
0.316882  -0.142292  -0.072465  -0.142292  0.297986  0.102641  -0.072465  0.102641  0.168643
0.316904  -0.142321  -0.0724644  -0.142321  0.298002  0.102642  -0.0724644  0.102642  0.168638
0.316924  -0.142408  -0.0723658  -0.142408  0.298082  0.10261  -0.0723658  0.10261  0.168586
0.316979  -0.142368  -0.0724563  -0.142368  0.297957  0.102597  -0.0724563  0.102597  0.168606
0.31698  -0.142354  -0.0724809  -0.142354  0.297941  0.102605  -0.0724809  0.102605  0.168618
0.317021  -0.142467  -0.072444  -0.142467  0.29806  0.102623  -0.072444  0.102623  0.168596
0.317027  -0.14249  -0.0724401  -0.14249  0.298089  0.102632  -0.0724401  0.102632  0.168595
0.317083  -0.142638  -0.0723574  -0.142638  0.298227  0.102626  -0.0723574  0.102626  0.168546
0.317083  -0.142638  -0.0723574  -0.142638  0.298227  0.102626  -0.0723574  0.102626  0.168546
0.317163  -0.142673  -0.0725194  -0.142673  0.298224  0.102703  -0.0725194  0.102703  0.168608
0.31717  -0.142696  -0.0725155  -0.142696  0.298253  0.102712  -0.0725155  0.102712  0.168606
0.317282  -0.142964  -0.0723991  -0.142964  0.298499  0.102718  -0.0723991  0.102718  0.168532
0.317289  -0.142987  -0.0723952  -0.142987  0.298528  0.102726  -0.0723952  0.102726  0.168531
0.317414  -0.143067  -0.0725808  -0.143067  0.298543  0.102814  -0.0725808  0.102814  0.168593
0.317421  -0.143075  -0.0726015  -0.143075  0.298556  0.102831  -0.0726015  0.102831  0.168603
0.31755  -0.143294  -0.0725867  -0.143294  0.298727  0.102862  -0.0725867  0.102862  0.168571
0.317557  -0.143317  -0.0725828  -0.143317  0.298756  0.10287  -0.0725828  0.10287  0.168569
0.317681  -0.143498  -0.0725965  -0.143498  0.298883  0.102901  -0.0725965  0.102901  0.168551
0.317688  -0.143507  -0.0726172  -0.143507  0.298896  0.102917  -0.0726172  0.102917  0.168561
0.317791  -0.143615  -0.0727055  -0.143615  0.298958  0.102972  -0.0727055  0.102972  0.168582
0.317797  -0.143653  -0.0726769  -0.143653  0.299003  0.102972  -0.0726769  0.102972  0.168569
0.317825  -0.143735  -0.0726231  -0.143735  0.299082  0.102965  -0.0726231  0.102965  0.168539
0.317906  -0.143856  -0.0726381  -0.143856  0.299175  0.102994  -0.0726381  0.102994  0.168531
0.317906  -0.143856  -0.0726381  -0.143856  0.299175  0.102994  -0.0726381  0.102994  0.168531
0.317971  -0.143957  -0.0726745  -0.143957  0.299265  0.103038  -0.0726745  0.103038  0.168539
0.317978  -0.143981  -0.0726706  -0.143981  0.299294  0.103046  -0.0726706  0.103046  0.168538
0.318049  -0.144134  -0.0726537  -0.144134  0.299446  0.103083  -0.0726537  0.103083  0.168521
0.318071  -0.144164  -0.0726531  -0.144164  0.299463  0.103084  -0.0726531  0.103084  0.168515
0.318152  -0.144254  -0.0727805  -0.144254  0.299547  0.103178  -0.0727805  0.103178  0.168567
0.318159  -0.144262  -0.0728013  -0.144262  0.29956  0.103195  -0.0728013  0.103195  0.168577
0.318251  -0.144472  -0.0727975  -0.144472  0.299785  0.103265  -0.0727975  0.103265  0.168567
0.318251  -0.144472  -0.0727975  -0.144472  0.299785  0.103265  -0.0727975  0.103265  0.168567
0.318339  -0.144585  -0.0729213  -0.144585  0.299899  0.103369  -0.0729213  0.103369  0.168617
0.318339  -0.144585  -0.0729213  -0.144585  0.299899  0.103369  -0.0729213  0.103369  0.168617
0.318403  -0.144712  -0.0729716  -0.144712  0.300045  0.103446  -0.0729716  0.103446  0.168638
0.31841  -0.144735  -0.0729677  -0.144735  0.300075  0.103455  -0.0729677  0.103455  0.168636
0.318432  -0.14478  -0.0729423  -0.14478  0.300108  0.103447  -0.0729423  0.103447  0.168619
0.31846  -0.14483  -0.073001  -0.14483  0.300178  0.103507  -0.073001  0.103507  0.168648
0.318468  -0.144839  -0.0730219  -0.144839  0.300191  0.103523  -0.0730219  0.103523  0.168658
0.318472  -0.144917  -0.072982  -0.144917  0.300309  0.103548  -0.072982  0.103548  0.168646
0.318472  -0.144917  -0.072982  -0.144917  0.300309  0.103548  -0.072982  0.103548  0.168646
0.318478  -0.144955  -0.0729533  -0.144955  0.300355  0.103549  -0.0729533  0.103549  0.168633
0.318493  -0.144973  -0.0729951  -0.144973  0.300381  0.103582  -0.0729951  0.103582  0.168653
0.318493  -0.144973  -0.0729951  -0.144973  0.300381  0.103582  -0.0729951  0.103582  0.168653
0.318499  -0.145011  -0.0729664  -0.145011  0.300427  0.103583  -0.0729664  0.103583  0.16864
0.318506  -0.145035  -0.0729625  -0.145035  0.300457  0.103591  -0.0729625  0.103591  0.168639
0.318506  -0.145035  -0.0729625  -0.145035  0.300457  0.103591  -0.0729625  0.103591  0.168639
0.318513  -0.145043  -0.0729834  -0.145043  0.30047  0.103608  -0.0729834  0.103608  0.168649
0.318527  -0.145076  -0.0730003  -0.145076  0.300513  0.103634  -0.0730003  0.103634  0.168658
0.318527  -0.145076  -0.0730003  -0.145076  0.300513  0.103634  -0.0730003  0.103634  0.168658
0.318527  -0.14509  -0.0729755  -0.14509  0.30053  0.103625  -0.0729755  0.103625  0.168646
0.318527  -0.14509  -0.0729755  -0.14509  0.30053  0.103625  -0.0729755  0.103625  0.168646
0.318527  -0.145076  -0.0730003  -0.145076  0.300513  0.103634  -0.0730003  0.103634  0.168658
0.318527  -0.145076  -0.0730003  -0.145076  0.300513  0.103634  -0.0730003  0.103634  0.168658
0.318527  -0.14509  -0.0729755  -0.14509  0.30053  0.103625  -0.0729755  0.103625  0.168646
0.31852  -0.145082  -0.0729546  -0.145082  0.300516  0.103608  -0.0729546  0.103608  0.168636
0.31852  -0.145082  -0.0729546  -0.145082  0.300516  0.103608  -0.0729546  0.103608  0.168636
0.318506  -0.145049  -0.0729377  -0.145049  0.300473  0.103583  -0.0729377  0.103583  0.168627
0.318506  -0.145049  -0.0729377  -0.145049  0.300473  0.103583  -0.0729377  0.103583  0.168627
0.318505  -0.145064  -0.0729129  -0.145064  0.30049  0.103575  -0.0729129  0.103575  0.168615
0.318498  -0.145055  -0.072892  -0.145055  0.300476  0.103558  -0.072892  0.103558  0.168605
0.318491  -0.145031  -0.0728959  -0.145031  0.300447  0.103549  -0.0728959  0.103549  0.168607
0.318514  -0.145062  -0.0728953  -0.145062  0.300464  0.10355  -0.0728953  0.10355  0.168601
0.318514  -0.145062  -0.0728953  -0.145062  0.300464  0.10355  -0.0728953  0.10355  0.168601
0.318522  -0.14506  -0.0728778  -0.14506  0.300438  0.103526  -0.0728778  0.103526  0.168587
0.318522  -0.14506  -0.0728778  -0.14506  0.300438  0.103526  -0.0728778  0.103526  0.168587
0.318545  -0.145075  -0.072902  -0.145075  0.300439  0.103535  -0.072902  0.103535  0.168593
0.318545  -0.145075  -0.072902  -0.145075  0.300439  0.103535  -0.072902  0.103535  0.168593
0.318561  -0.145097  -0.0728806  -0.145097  0.300443  0.10352  -0.0728806  0.10352  0.168578
0.318577  -0.145103  -0.0728839  -0.145103  0.300431  0.103512  -0.0728839  0.103512  0.168574
0.31857  -0.14508  -0.0728878  -0.14508  0.300401  0.103504  -0.0728878  0.103504  0.168575
0.318577  -0.145103  -0.0728839  -0.145103  0.300431  0.103512  -0.0728839  0.103512  0.168574
0.318569  -0.145095  -0.072863  -0.145095  0.300418  0.103495  -0.072863  0.103495  0.168564
0.318578  -0.145092  -0.0728455  -0.145092  0.300392  0.103471  -0.0728455  0.103471  0.168549
0.318578  -0.145092  -0.0728455  -0.145092  0.300392  0.103471  -0.0728455  0.103471  0.168549
0.318587  -0.145076  -0.0728528  -0.145076  0.30035  0.103455  -0.0728528  0.103455  0.168547
0.318594  -0.145099  -0.0728488  -0.145099  0.30038  0.103463  -0.0728488  0.103463  0.168546
0.318586  -0.14509  -0.072828  -0.14509  0.300366  0.103447  -0.072828  0.103447  0.168535
0.318595  -0.145088  -0.0728104  -0.145088  0.300341  0.103422  -0.0728104  0.103422  0.168521
0.318595  -0.145088  -0.0728104  -0.145088  0.300341  0.103422  -0.0728104  0.103422  0.168521
0.318611  -0.145095  -0.0728138  -0.145095  0.300328  0.103415  -0.0728138  0.103415  0.168517
0.318611  -0.145095  -0.0728138  -0.145095  0.300328  0.103415  -0.0728138  0.103415  0.168517
0.31861  -0.14511  -0.072789  -0.14511  0.300345  0.103406  -0.072789  0.103406  0.168506
0.318626  -0.145116  -0.0727923  -0.145116  0.300332  0.103399  -0.0727923  0.103399  0.168502
0.318619  -0.145093  -0.0727962  -0.145093  0.300303  0.10339  -0.0727962  0.10339  0.168503
0.318619  -0.145093  -0.0727962  -0.145093  0.300303  0.10339  -0.0727962  0.10339  0.168503
0.318619  -0.145093  -0.0727962  -0.145093  0.300303  0.10339  -0.0727962  0.10339  0.168503
0.318619  -0.145108  -0.0727714  -0.145108  0.300319  0.103382  -0.0727714  0.103382  0.168492
0.318619  -0.145108  -0.0727714  -0.145108  0.300319  0.103382  -0.0727714  0.103382  0.168492
0.318619  -0.145093  -0.0727962  -0.145093  0.300303  0.10339  -0.0727962  0.10339  0.168503
0.318619  -0.145093  -0.0727962  -0.145093  0.300303  0.10339  -0.0727962  0.10339  0.168503
0.318612  -0.145084  -0.0727754  -0.145084  0.300289  0.103374  -0.0727754  0.103374  0.168493
0.318612  -0.145099  -0.0727506  -0.145099  0.300306  0.103365  -0.0727506  0.103365  0.168481
0.318612  -0.145099  -0.0727506  -0.145099  0.300306  0.103365  -0.0727506  0.103365  0.168481
0.318605  -0.145075  -0.0727545  -0.145075  0.300276  0.103357  -0.0727545  0.103357  0.168483
0.318605  -0.145075  -0.0727545  -0.145075  0.300276  0.103357  -0.0727545  0.103357  0.168483
0.318589  -0.145083  -0.0727263  -0.145083  0.300305  0.103356  -0.0727263  0.103356  0.168475
0.318589  -0.145083  -0.0727263  -0.145083  0.300305  0.103356  -0.0727263  0.103356  0.168475
0.318582  -0.145074  -0.0727055  -0.145074  0.300291  0.103339  -0.0727055  0.103339  0.168465
0.318575  -0.145051  -0.0727094  -0.145051  0.300262  0.10333  -0.0727094  0.10333  0.168467
0.318575  -0.145051  -0.0727094  -0.145051  0.300262  0.10333  -0.0727094  0.10333  0.168467
0.318568  -0.145042  -0.0726886  -0.145042  0.300248  0.103314  -0.0726886  0.103314  0.168457
0.318568  -0.145042  -0.0726886  -0.145042  0.300248  0.103314  -0.0726886  0.103314  0.168457
0.318554  -0.145009  -0.0726716  -0.145009  0.300205  0.103288  -0.0726716  0.103288  0.168448
0.318554  -0.145009  -0.0726716  -0.145009  0.300205  0.103288  -0.0726716  0.103288  0.168448
0.318539  -0.144991  -0.0726299  -0.144991  0.300179  0.103254  -0.0726299  0.103254  0.168428
0.318539  -0.144991  -0.0726299  -0.144991  0.300179  0.103254  -0.0726299  0.103254  0.168428
0.318525  -0.144974  -0.0725882  -0.144974  0.300152  0.103221  -0.0725882  0.103221  0.168407
0.318525  -0.144974  -0.0725882  -0.144974  0.300152  0.103221  -0.0725882  0.103221  0.168407
0.318519  -0.144939  -0.0725538  -0.144939  0.300083  0.103171  -0.0725538  0.103171  0.168385
0.318526  -0.144963  -0.0725499  -0.144963  0.300113  0.10318  -0.0725499  0.10318  0.168383
0.318505  -0.144921  -0.0725122  -0.144921  0.300057  0.103137  -0.0725122  0.103137  0.168365
0.318505  -0.144921  -0.0725122  -0.144921  0.300057  0.103137  -0.0725122  0.103137  0.168365
0.318505  -0.144921  -0.0725122  -0.144921  0.300057  0.103137  -0.0725122  0.103137  0.168365
0.318491  -0.144904  -0.0724705  -0.144904  0.30003  0.103104  -0.0724705  0.103104  0.168345
0.318491  -0.144904  -0.0724705  -0.144904  0.30003  0.103104  -0.0724705  0.103104  0.168345
0.318492  -0.144892  -0.0724322  -0.144892  0.299991  0.103063  -0.0724322  0.103063  0.16832
0.318492  -0.144892  -0.0724322  -0.144892  0.299991  0.103063  -0.0724322  0.103063  0.16832
0.318485  -0.144884  -0.0724114  -0.144884  0.299978  0.103046  -0.0724114  0.103046  0.16831
0.318485  -0.144884  -0.0724114  -0.144884  0.299978  0.103046  -0.0724114  0.103046  0.16831
0.318492  -0.144907  -0.0724074  -0.144907  0.300008  0.103054  -0.0724074  0.103054  0.168309
0.318477  -0.144889  -0.0723658  -0.144889  0.299981  0.103021  -0.0723658  0.103021  0.168289
0.318477  -0.144889  -0.0723658  -0.144889  0.299981  0.103021  -0.0723658  0.103021  0.168289
0.318454  -0.144874  -0.0723417  -0.144874  0.29998  0.103011  -0.0723417  0.103011  0.168283
0.318454  -0.144874  -0.0723417  -0.144874  0.29998  0.103011  -0.0723417  0.103011  0.168283
0.318447  -0.144879  -0.0722961  -0.144879  0.299983  0.102986  -0.0722961  0.102986  0.168261
0.31844  -0.14487  -0.0722753  -0.14487  0.29997  0.10297  -0.0722753  0.10297  0.168251
0.318426  -0.144838  -0.0722585  -0.144838  0.299927  0.102944  -0.0722585  0.102944  0.168243
0.318426  -0.144838  -0.0722585  -0.144838  0.299927  0.102944  -0.0722585  0.102944  0.168243
0.318395  -0.144828  -0.0721889  -0.144828  0.299929  0.10291  -0.0721889  0.10291  0.168215
0.318395  -0.144828  -0.0721889  -0.144828  0.299929  0.10291  -0.0721889  0.10291  0.168215
0.318365  -0.144803  -0.0721441  -0.144803  0.299915  0.102884  -0.0721441  0.102884  0.168199
0.318365  -0.144803  -0.0721441  -0.144803  0.299915  0.102884  -0.0721441  0.102884  0.168199
0.318351  -0.144786  -0.0721025  -0.144786  0.299888  0.10285  -0.0721025  0.10285  0.168179
0.318351  -0.144786  -0.0721025  -0.144786  0.299888  0.10285  -0.0721025  0.10285  0.168179
0.318314  -0.144752  -0.072037  -0.144752  0.299861  0.102808  -0.072037  0.102808  0.168154
0.318314  -0.144752  -0.072037  -0.144752  0.299861  0.102808  -0.072037  0.102808  0.168154
0.318285  -0.144713  -0.0720169  -0.144713  0.29983  0.10279  -0.0720169  0.10279  0.168149
0.318248  -0.14468  -0.0719514  -0.14468  0.299803  0.102747  -0.0719514  0.102747  0.168123
0.31824  -0.144671  -0.0719307  -0.144671  0.29979  0.10273  -0.0719307  0.10273  0.168113
0.318233  -0.144662  -0.07191  -0.144662  0.299776  0.102714  -0.07191  0.102714  0.168103
0.318183  -0.144597  -0.0718278  -0.144597  0.299706  0.102646  -0.0718278  0.102646  0.168069
0.31816  -0.144581  -0.0718038  -0.144581  0.299705  0.102636  -0.0718038  0.102636  0.168063
0.318153  -0.144572  -0.0717831  -0.144572  0.299692  0.10262  -0.0717831  0.10262  0.168053
0.318088  -0.144489  -0.0716597  -0.144489  0.299596  0.102519  -0.0716597  0.102519  0.168
0.318088  -0.144489  -0.0716597  -0.144489  0.299596  0.102519  -0.0716597  0.102519  0.168
0.318008  -0.144385  -0.0715579  -0.144385  0.299495  0.102433  -0.0715579  0.102433  0.167961
0.318008  -0.144385  -0.0715579  -0.144385  0.299495  0.102433  -0.0715579  0.102433  0.167961
0.317951  -0.144311  -0.0714554  -0.144311  0.299412  0.102349  -0.0714554  0.102349  0.167918
0.317944  -0.144288  -0.0714594  -0.144288  0.299383  0.102341  -0.0714594  0.102341  0.167919
0.317864  -0.144184  -0.0713578  -0.144184  0.299283  0.102256  -0.0713578  0.102256  0.167881
0.317857  -0.144175  -0.0713372  -0.144175  0.299269  0.102239  -0.0713372  0.102239  0.167871
0.317771  -0.144062  -0.0712152  -0.144062  0.299156  0.102137  -0.0712152  0.102137  0.167824
0.317699  -0.143968  -0.0711345  -0.143968  0.29907  0.102069  -0.0711345  0.102069  0.167796
0.317692  -0.143959  -0.0711139  -0.143959  0.299057  0.102053  -0.0711139  0.102053  0.167786
0.317649  -0.143903  -0.0710531  -0.143903  0.299  0.102002  -0.0710531  0.102002  0.167762
0.317543  -0.143736  -0.070919  -0.143736  0.298816  0.101868  -0.070919  0.101868  0.167709
0.317521  -0.14372  -0.0708953  -0.14372  0.298815  0.101859  -0.0708953  0.101859  0.167703
0.317409  -0.143545  -0.0707411  -0.143545  0.298618  0.101708  -0.0707411  0.101708  0.16764
0.317386  -0.143529  -0.0707174  -0.143529  0.298617  0.101699  -0.0707174  0.101699  0.167634
0.317253  -0.143325  -0.0705645  -0.143325  0.298404  0.101548  -0.0705645  0.101548  0.167577
0.317239  -0.143307  -0.0705236  -0.143307  0.298378  0.101515  -0.0705236  0.101515  0.167557
0.317084  -0.143088  -0.0703476  -0.143088  0.298164  0.101356  -0.0703476  0.101356  0.167495
0.317084  -0.143088  -0.0703476  -0.143088  0.298164  0.101356  -0.0703476  0.101356  0.167495
0.316915  -0.142848  -0.0701933  -0.142848  0.297947  0.101212  -0.0701933  0.101212  0.167448
0.316908  -0.142839  -0.0701729  -0.142839  0.297935  0.101196  -0.0701729  0.101196  0.167438
0.316838  -0.142732  -0.0701178  -0.142732  0.297833  0.101137  -0.0701178  0.101137  0.167422
0.316683  -0.142539  -0.069956  -0.142539  0.297675  0.101011  -0.069956  0.101011  0.167373
0.316664  -0.142499  -0.0699195  -0.142499  0.297621  0.10097  -0.0699195  0.10097  0.167355
0.316503  -0.142269  -0.0697866  -0.142269  0.297418  0.100844  -0.0697866  0.100844  0.167318
0.316475  -0.142231  -0.0697674  -0.142231  0.297389  0.100826  -0.0697674  0.100826  0.167314
0.316316  -0.142017  -0.0696106  -0.142017  0.297204  0.100693  -0.0696106  0.100693  0.167267
0.316309  -0.142008  -0.0695904  -0.142008  0.297191  0.100676  -0.0695904  0.100676  0.167258
0.316247  -0.141924  -0.0695318  -0.141924  0.297119  0.100626  -0.0695318  0.100626  0.167241
0.316074  -0.14169  -0.0693968  -0.14169  0.296931  0.100508  -0.0693968  0.100508  0.167208
0.316067  -0.141681  -0.0693767  -0.141681  0.296918  0.100492  -0.0693767  0.100492  0.167199
0.315908  -0.141493  -0.0692339  -0.141493  0.296788  0.100391  -0.0692339  0.100391  0.167164
0.315908  -0.141493  -0.0692339  -0.141493  0.296788  0.100391  -0.0692339  0.100391  0.167164
0.315764  -0.141297  -0.0691186  -0.141297  0.29663  0.100291  -0.0691186  0.100291  0.167136
0.315743  -0.141282  -0.0690955  -0.141282  0.296629  0.100282  -0.0690955  0.100282  0.167131
0.315688  -0.141207  -0.0690575  -0.141207  0.296571  0.100248  -0.0690575  0.100248  0.167124
0.315557  -0.141057  -0.0689344  -0.141057  0.296471  0.100165  -0.0689344  0.100165  0.167093
0.31553  -0.14102  -0.0689155  -0.14102  0.296442  0.100148  -0.0689155  0.100148  0.16709
0.315421  -0.140885  -0.0688157  -0.140885  0.296342  0.100073  -0.0688157  0.100073  0.167064
0.315421  -0.140885  -0.0688157  -0.140885  0.296342  0.100073  -0.0688157  0.100073  0.167064
0.315306  -0.140742  -0.0686961  -0.140742  0.29623  0.0999821  -0.0686961  0.0999821  0.16703
0.315306  -0.140742  -0.0686961  -0.140742  0.29623  0.0999821  -0.0686961  0.0999821  0.16703
0.315218  -0.140637  -0.0685956  -0.140637  0.296147  0.0999082  -0.0685956  0.0999082  0.167
0.315212  -0.140614  -0.0685997  -0.140614  0.296118  0.0999  -0.0685997  0.0999  0.167001
0.315125  -0.140509  -0.0684993  -0.140509  0.296035  0.0998262  -0.0684993  0.0998262  0.166971
0.315118  -0.1405  -0.0684794  -0.1405  0.296023  0.0998103  -0.0684794  0.0998103  0.166962
0.315091  -0.140478  -0.0684366  -0.140478  0.29601  0.0997858  -0.0684366  0.0997858  0.166948
0.315025  -0.140387  -0.0683593  -0.140387  0.295927  0.0997207  -0.0683593  0.0997207  0.166923
0.315019  -0.140364  -0.0683634  -0.140364  0.295899  0.0997126  -0.0683634  0.0997126  0.166924
0.314965  -0.140319  -0.0682779  -0.140319  0.295873  0.0996638  -0.0682779  0.0996638  0.166897
0.314965  -0.140319  -0.0682779  -0.140319  0.295873  0.0996638  -0.0682779  0.0996638  0.166897
0.31494  -0.140272  -0.0682224  -0.140272  0.295807  0.099608  -0.0682224  0.099608  0.166871
0.31494  -0.140272  -0.0682224  -0.140272  0.295807  0.099608  -0.0682224  0.099608  0.166871
0.3149  -0.140218  -0.068164  -0.140218  0.295753  0.0995596  -0.068164  0.0995596  0.16685
0.3149  -0.140218  -0.068164  -0.140218  0.295753  0.0995596  -0.068164  0.0995596  0.16685
0.314894  -0.14021  -0.0681442  -0.14021  0.295741  0.0995437  -0.0681442  0.0995437  0.166841
0.314875  -0.140185  -0.0680846  -0.140185  0.295703  0.0994961  -0.0680846  0.0994961  0.166814
0.314889  -0.140192  -0.0680876  -0.140192  0.295691  0.0994887  -0.0680876  0.0994887  0.16681
0.314877  -0.140175  -0.0680479  -0.140175  0.295666  0.099457  -0.0680479  0.099457  0.166792
0.314877  -0.140175  -0.0680479  -0.140175  0.295666  0.099457  -0.0680479  0.099457  0.166792
0.314884  -0.140187  -0.068007  -0.140187  0.295657  0.0994259  -0.068007  0.0994259  0.166769
0.314878  -0.140179  -0.0679872  -0.140179  0.295644  0.0994101  -0.0679872  0.0994101  0.16676
0.314872  -0.140171  -0.0679673  -0.140171  0.295632  0.0993942  -0.0679673  0.0993942  0.166751
0.314873  -0.140161  -0.0679306  -0.140161  0.295594  0.0993551  -0.0679306  0.0993551  0.16673
0.314873  -0.140161  -0.0679306  -0.140161  0.295594  0.0993551  -0.0679306  0.0993551  0.16673
0.314881  -0.140159  -0.0679138  -0.140159  0.29557  0.0993318  -0.0679138  0.0993318  0.166717
0.314883  -0.140148  -0.0678771  -0.140148  0.295532  0.0992927  -0.0678771  0.0992927  0.166695
0.314883  -0.140148  -0.0678771  -0.140148  0.295532  0.0992927  -0.0678771  0.0992927  0.166695
0.314884  -0.140152  -0.0678164  -0.140152  0.295511  0.0992459  -0.0678164  0.0992459  0.166663
0.314884  -0.140152  -0.0678164  -0.140152  0.295511  0.0992459  -0.0678164  0.0992459  0.166663
0.31488  -0.140134  -0.0677599  -0.140134  0.295461  0.099191  -0.0677599  0.099191  0.166633
0.314894  -0.14014  -0.0677628  -0.14014  0.295449  0.0991836  -0.0677628  0.0991836  0.166629
0.314882  -0.14011  -0.0677472  -0.14011  0.295408  0.0991597  -0.0677472  0.0991597  0.166621
0.314862  -0.140099  -0.0676638  -0.140099  0.295386  0.0991045  -0.0676638  0.0991045  0.166585
0.314877  -0.140105  -0.0676668  -0.140105  0.295374  0.0990971  -0.0676668  0.0990971  0.166581
0.314852  -0.140058  -0.0676116  -0.140058  0.295308  0.0990417  -0.0676116  0.0990417  0.166556
0.314852  -0.140058  -0.0676116  -0.140058  0.295308  0.0990417  -0.0676116  0.0990417  0.166556
0.314827  -0.140026  -0.0675325  -0.140026  0.295258  0.0989786  -0.0675325  0.0989786  0.166521
0.31482  -0.140017  -0.0675127  -0.140017  0.295246  0.0989628  -0.0675127  0.0989628  0.166512
0.314808  -0.139987  -0.0674971  -0.139987  0.295205  0.098939  -0.0674971  0.098939  0.166504
0.314777  -0.139932  -0.0674223  -0.139932  0.295127  0.098868  -0.0674223  0.098868  0.166471
0.314777  -0.139932  -0.0674223  -0.139932  0.295127  0.098868  -0.0674223  0.098868  0.166471
0.31474  -0.139868  -0.0673278  -0.139868  0.295036  0.0987812  -0.0673278  0.0987812  0.166429
0.31474  -0.139868  -0.0673278  -0.139868  0.295036  0.0987812  -0.0673278  0.0987812  0.166429
0.314696  -0.139783  -0.0672375  -0.139783  0.294918  0.0986866  -0.0672375  0.0986866  0.166388
0.314696  -0.139783  -0.0672375  -0.139783  0.294918  0.0986866  -0.0672375  0.0986866  0.166388
0.314639  -0.139691  -0.0671445  -0.139691  0.294811  0.0985995  -0.0671445  0.0985995  0.166352
0.314633  -0.139669  -0.0671487  -0.139669  0.294783  0.0985916  -0.0671487  0.0985916  0.166353
0.314584  -0.139575  -0.067039  -0.139575  0.294652  0.0984815  -0.067039  0.0984815  0.166304
0.314584  -0.139575  -0.067039  -0.139575  0.294652  0.0984815  -0.067039  0.0984815  0.166304
0.314521  -0.139462  -0.0669505  -0.139462  0.294518  0.0983868  -0.0669505  0.0983868  0.166269
0.314515  -0.139453  -0.0669308  -0.139453  0.294506  0.0983711  -0.0669308  0.0983711  0.16626
0.31446  -0.139338  -0.0668256  -0.139338  0.294348  0.0982535  -0.0668256  0.0982535  0.166213
0.31446  -0.139338  -0.0668256  -0.139338  0.294348  0.0982535  -0.0668256  0.0982535  0.166213
0.314391  -0.139216  -0.0667177  -0.139216  0.294202  0.0981435  -0.0667177  0.0981435  0.16617
0.314385  -0.139194  -0.0667219  -0.139194  0.294174  0.0981356  -0.0667219  0.0981356  0.166171
0.314347  -0.139142  -0.0666645  -0.139142  0.294121  0.0980883  -0.0666645  0.0980883  0.166151
0.314292  -0.139027  -0.0665596  -0.139027  0.293963  0.0979711  -0.0665596  0.0979711  0.166104
0.314286  -0.139018  -0.0665401  -0.139018  0.293951  0.0979556  -0.0665401  0.0979556  0.166096
0.314212  -0.138875  -0.0664368  -0.138875  0.293778  0.0978381  -0.0664368  0.0978381  0.166054
0.314206  -0.138867  -0.0664173  -0.138867  0.293765  0.0978226  -0.0664173  0.0978226  0.166046
0.314182  -0.138821  -0.0663629  -0.138821  0.293701  0.0977682  -0.0663629  0.0977682  0.166022
0.314113  -0.138714  -0.0662319  -0.138714  0.293571  0.0976513  -0.0662319  0.0976513  0.16597
0.314113  -0.138714  -0.0662319  -0.138714  0.293571  0.0976513  -0.0662319  0.0976513  0.16597
0.314065  -0.138608  -0.0661471  -0.138608  0.293427  0.0975504  -0.0661471  0.0975504  0.165932
0.314059  -0.1386  -0.0661276  -0.1386  0.293414  0.0975349  -0.0661276  0.0975349  0.165923
0.314017  -0.138515  -0.0660387  -0.138515  0.293298  0.097442  -0.0660387  0.097442  0.165884
0.314011  -0.138507  -0.0660192  -0.138507  0.293285  0.0974265  -0.0660192  0.0974265  0.165876
0.313964  -0.138401  -0.0659347  -0.138401  0.293141  0.0973259  -0.0659347  0.0973259  0.165838
0.313964  -0.138401  -0.0659347  -0.138401  0.293141  0.0973259  -0.0659347  0.0973259  0.165838
0.313922  -0.138317  -0.065846  -0.138317  0.293025  0.0972332  -0.065846  0.0972332  0.165799
0.313916  -0.138309  -0.0658266  -0.138309  0.293013  0.0972178  -0.0658266  0.0972178  0.165791
0.313904  -0.138293  -0.0657877  -0.138293  0.292988  0.097187  -0.0657877  0.097187  0.165774
0.313862  -0.138209  -0.0656991  -0.138209  0.292872  0.0970945  -0.0656991  0.0970945  0.165736
0.31385  -0.138179  -0.065684  -0.138179  0.292832  0.0970713  -0.065684  0.0970713  0.165729
0.313814  -0.138117  -0.0655913  -0.138117  0.292744  0.0969867  -0.0655913  0.0969867  0.165689
0.313808  -0.138109  -0.0655719  -0.138109  0.292732  0.0969714  -0.0655719  0.0969714  0.165681
0.313772  -0.138048  -0.0654793  -0.138048  0.292643  0.0968869  -0.0654793  0.0968869  0.165641
0.313761  -0.138018  -0.0654642  -0.138018  0.292604  0.0968638  -0.0654642  0.0968638  0.165634
0.313749  -0.137988  -0.0654491  -0.137988  0.292564  0.0968407  -0.0654491  0.0968407  0.165627
0.313713  -0.137926  -0.0653566  -0.137926  0.292476  0.0967564  -0.0653566  0.0967564  0.165588
0.313707  -0.137918  -0.0653372  -0.137918  0.292464  0.0967411  -0.0653372  0.0967411  0.16558
0.313672  -0.137856  -0.0652448  -0.137856  0.292376  0.096657  -0.0652448  0.096657  0.16554
0.313672  -0.137856  -0.0652448  -0.137856  0.292376  0.096657  -0.0652448  0.096657  0.16554
0.313638  -0.137771  -0.0651402  -0.137771  0.292236  0.0965425  -0.0651402  0.0965425  0.16549
0.313632  -0.137763  -0.0651209  -0.137763  0.292224  0.0965272  -0.0651209  0.0965272  0.165482
0.31362  -0.137747  -0.0650823  -0.137747  0.292199  0.0964967  -0.0650823  0.0964967  0.165466
0.313573  -0.137656  -0.0649751  -0.137656  0.292072  0.0963899  -0.0649751  0.0963899  0.16542
0.313573  -0.137656  -0.0649751  -0.137656  0.292072  0.0963899  -0.0649751  0.0963899  0.16542
0.313545  -0.137592  -0.0648665  -0.137592  0.29196  0.0962835  -0.0648665  0.0962835  0.165369
0.313539  -0.137584  -0.0648472  -0.137584  0.291948  0.0962683  -0.0648472  0.0962683  0.165361
0.313498  -0.137515  -0.064736  -0.137515  0.291849  0.0961695  -0.064736  0.0961695  0.165314
0.313498  -0.137515  -0.064736  -0.137515  0.291849  0.0961695  -0.064736  0.0961695  0.165314
0.313451  -0.137424  -0.0646292  -0.137424  0.291722  0.0960631  -0.0646292  0.0960631  0.165269
0.313459  -0.137422  -0.0646127  -0.137422  0.291697  0.0960405  -0.0646127  0.0960405  0.165257
0.313441  -0.137399  -0.064555  -0.137399  0.291661  0.0959951  -0.064555  0.0959951  0.165233
0.3134  -0.137329  -0.0644441  -0.137329  0.291562  0.0958966  -0.0644441  0.0958966  0.165187
0.3134  -0.137329  -0.0644441  -0.137329  0.291562  0.0958966  -0.0644441  0.0958966  0.165187
0.313353  -0.137239  -0.0643376  -0.137239  0.291436  0.0957906  -0.0643376  0.0957906  0.165142
0.313353  -0.137239  -0.0643376  -0.137239  0.291436  0.0957906  -0.0643376  0.0957906  0.165142
0.313318  -0.137191  -0.0642226  -0.137191  0.291364  0.0957001  -0.0642226  0.0957001  0.165095
0.313312  -0.137184  -0.0642035  -0.137184  0.291352  0.095685  -0.0642035  0.095685  0.165087
0.313294  -0.137146  -0.0641695  -0.137146  0.291301  0.0956472  -0.0641695  0.0956472  0.165072
0.313259  -0.137085  -0.0640782  -0.137085  0.291214  0.0955643  -0.0640782  0.0955643  0.165034
0.313217  -0.137026  -0.0640034  -0.137026  0.291151  0.0955039  -0.0640034  0.0955039  0.165009
0.313211  -0.137018  -0.0639843  -0.137018  0.291139  0.0954888  -0.0639843  0.0954888  0.165001
0.313199  -0.137003  -0.0639461  -0.137003  0.291116  0.0954588  -0.0639461  0.0954588  0.164985
0.313145  -0.136914  -0.0638567  -0.136914  0.291014  0.0953758  -0.0638567  0.0953758  0.164953
0.313139  -0.136906  -0.0638376  -0.136906  0.291002  0.0953608  -0.0638376  0.0953608  0.164945
0.313085  -0.136832  -0.0637249  -0.136832  0.290916  0.0952706  -0.0637249  0.0952706  0.164904
0.313074  -0.136803  -0.0637102  -0.136803  0.290877  0.0952481  -0.0637102  0.0952481  0.164898
0.313062  -0.136787  -0.063672  -0.136787  0.290853  0.0952181  -0.063672  0.0952181  0.164882
0.313003  -0.136691  -0.0635639  -0.136691  0.29074  0.0951205  -0.0635639  0.0951205  0.164843
0.312992  -0.136662  -0.0635492  -0.136662  0.290701  0.095098  -0.0635492  0.095098  0.164836
0.312961  -0.136632  -0.0634896  -0.136632  0.290678  0.0950606  -0.0634896  0.0950606  0.164817
0.312901  -0.136537  -0.0633817  -0.136537  0.290565  0.0949633  -0.0633817  0.0949633  0.164778
0.312896  -0.136529  -0.0633627  -0.136529  0.290553  0.0949483  -0.0633627  0.0949483  0.164771
0.312856  -0.136447  -0.0632764  -0.136447  0.290439  0.0948587  -0.0632764  0.0948587  0.164735
0.312809  -0.136367  -0.0632067  -0.136367  0.29035  0.0947914  -0.0632067  0.0947914  0.164711
0.312809  -0.136367  -0.0632067  -0.136367  0.29035  0.0947914  -0.0632067  0.0947914  0.164711
0.31275  -0.136271  -0.0630992  -0.136271  0.290238  0.0946945  -0.0630992  0.0946945  0.164672
0.31275  -0.136271  -0.0630992  -0.136271  0.290238  0.0946945  -0.0630992  0.0946945  0.164672
0.312727  -0.136227  -0.0630468  -0.136227  0.290175  0.0946425  -0.0630468  0.0946425  0.164651
0.312682  -0.136137  -0.062942  -0.136137  0.290051  0.0945384  -0.062942  0.0945384  0.164608
0.312682  -0.136137  -0.062942  -0.136137  0.290051  0.0945384  -0.062942  0.0945384  0.164608
0.312623  -0.136042  -0.0628348  -0.136042  0.289939  0.0944419  -0.0628348  0.0944419  0.16457
0.312618  -0.136034  -0.0628159  -0.136034  0.289927  0.0944271  -0.0628159  0.0944271  0.164562
0.312595  -0.13599  -0.0627636  -0.13599  0.289865  0.0943752  -0.0627636  0.0943752  0.164541
0.312545  -0.135893  -0.0626402  -0.135893  0.289729  0.0942568  -0.0626402  0.0942568  0.164491
0.312533  -0.135864  -0.0626258  -0.135864  0.28969  0.0942345  -0.0626258  0.0942345  0.164485
0.312475  -0.135769  -0.062519  -0.135769  0.289579  0.0941385  -0.062519  0.0941385  0.164447
0.312464  -0.13574  -0.0625046  -0.13574  0.28954  0.0941163  -0.0625046  0.0941163  0.164441
0.312442  -0.135695  -0.0624525  -0.135695  0.289478  0.0940646  -0.0624525  0.0940646  0.16442
0.312392  -0.135599  -0.0623296  -0.135599  0.289343  0.0939467  -0.0623296  0.0939467  0.164371
0.312392  -0.135599  -0.0623296  -0.135599  0.289343  0.0939467  -0.0623296  0.0939467  0.164371
0.31235  -0.135487  -0.0622137  -0.135487  0.289168  0.0938142  -0.0622137  0.0938142  0.164319
0.31235  -0.135487  -0.0622137  -0.135487  0.289168  0.0938142  -0.0622137  0.0938142  0.164319
0.312294  -0.135383  -0.0620723  -0.135383  0.289022  0.0936821  -0.0620723  0.0936821  0.164263
0.312283  -0.135354  -0.062058  -0.135354  0.288983  0.09366  -0.062058  0.09366  0.164257
0.312261  -0.135309  -0.0620062  -0.135309  0.288922  0.0936087  -0.0620062  0.0936087  0.164236
0.312206  -0.135192  -0.0618883  -0.135192  0.28876  0.0934842  -0.0618883  0.0934842  0.164189
0.3122  -0.135184  -0.0618696  -0.135184  0.288749  0.0934696  -0.0618696  0.0934696  0.164182
0.31214  -0.135059  -0.0617332  -0.135059  0.288576  0.0933307  -0.0617332  0.0933307  0.164128
0.312134  -0.135052  -0.0617145  -0.135052  0.288565  0.0933161  -0.0617145  0.0933161  0.16412
0.312074  -0.134913  -0.0616015  -0.134913  0.288377  0.0931848  -0.0616015  0.0931848  0.164075
0.312069  -0.134906  -0.0615828  -0.134906  0.288366  0.0931702  -0.0615828  0.0931702  0.164068
0.312009  -0.134781  -0.0614469  -0.134781  0.288194  0.093032  -0.0614469  0.093032  0.164014
0.311998  -0.134753  -0.0614327  -0.134753  0.288155  0.0930101  -0.0614327  0.0930101  0.164008
0.311938  -0.134615  -0.0613201  -0.134615  0.287969  0.0928793  -0.0613201  0.0928793  0.163963
0.311928  -0.134586  -0.0613059  -0.134586  0.287931  0.0928575  -0.0613059  0.0928575  0.163957
0.311861  -0.134464  -0.0611867  -0.134464  0.287783  0.0927416  -0.0611867  0.0927416  0.163916
0.31185  -0.134435  -0.0611725  -0.134435  0.287745  0.0927199  -0.0611725  0.0927199  0.16391
0.311785  -0.13429  -0.0610418  -0.13429  0.287548  0.0925752  -0.0610418  0.0925752  0.163858
0.311785  -0.13429  -0.0610418  -0.13429  0.287548  0.0925752  -0.0610418  0.0925752  0.163858
0.311716  -0.134124  -0.0609157  -0.134124  0.287324  0.0924236  -0.0609157  0.0924236  0.163808
0.311711  -0.134117  -0.0608972  -0.134117  0.287313  0.0924092  -0.0608972  0.0924092  0.163801
0.311623  -0.133952  -0.0607276  -0.133952  0.287106  0.0922439  -0.0607276  0.0922439  0.163741
0.311612  -0.133924  -0.0607135  -0.133924  0.287068  0.0922222  -0.0607135  0.0922222  0.163735
0.311525  -0.133745  -0.0605673  -0.133745  0.286846  0.0920644  -0.0605673  0.0920644  0.163683
0.311515  -0.133717  -0.0605533  -0.133717  0.286809  0.0920429  -0.0605533  0.0920429  0.163677
0.31147  -0.13364  -0.0604861  -0.13364  0.286723  0.0919786  -0.0604861  0.0919786  0.163656
0.311391  -0.13346  -0.0603242  -0.13346  0.286479  0.0917998  -0.0603242  0.0917998  0.163593
0.311363  -0.133419  -0.0602896  -0.133419  0.286443  0.0917715  -0.0602896  0.0917715  0.163585
0.311272  -0.133221  -0.0601487  -0.133221  0.286197  0.0916076  -0.0601487  0.0916076  0.163535
0.311262  -0.133193  -0.0601348  -0.133193  0.286159  0.0915862  -0.0601348  0.0915862  0.163529
0.311171  -0.133009  -0.0599715  -0.133009  0.285929  0.0914158  -0.0599715  0.0914158  0.163472
0.311166  -0.133001  -0.0599532  -0.133001  0.285917  0.0914016  -0.0599532  0.0914016  0.163465
0.311071  -0.132783  -0.0598175  -0.132783  0.285647  0.0912315  -0.0598175  0.0912315  0.163417
0.311066  -0.132776  -0.0597992  -0.132776  0.285635  0.0912174  -0.0597992  0.0912174  0.16341
0.310971  -0.132572  -0.0596411  -0.132572  0.28538  0.0910409  -0.0596411  0.0910409  0.163355
0.310961  -0.132544  -0.0596273  -0.132544  0.285343  0.0910196  -0.0596273  0.0910196  0.163349
0.310912  -0.132461  -0.0595429  -0.132461  0.285248  0.0909424  -0.0595429  0.0909424  0.163323
0.310813  -0.132237  -0.0593899  -0.132237  0.284968  0.0907595  -0.0593899  0.0907595  0.163269
0.310791  -0.132203  -0.059374  -0.132203  0.284943  0.0907457  -0.059374  0.0907457  0.163268
0.310755  -0.132112  -0.0593147  -0.132112  0.284822  0.0906683  -0.0593147  0.0906683  0.163245
0.310644  -0.131911  -0.0591148  -0.131911  0.284585  0.0904799  -0.0591148  0.0904799  0.163181
0.310629  -0.131875  -0.059083  -0.131875  0.284537  0.0904449  -0.059083  0.0904449  0.163169
0.310492  -0.131594  -0.0589178  -0.131594  0.284222  0.0902501  -0.0589178  0.0902501  0.163121
0.310492  -0.131594  -0.0589178  -0.131594  0.284222  0.0902501  -0.0589178  0.0902501  0.163121
0.310435  -0.13147  -0.0588432  -0.13147  0.284076  0.0901597  -0.0588432  0.0901597  0.163097
0.310322  -0.131236  -0.0586718  -0.131236  0.283801  0.0899726  -0.0586718  0.0899726  0.163043
0.310307  -0.131202  -0.0586403  -0.131202  0.283754  0.0899379  -0.0586403  0.0899379  0.163031
0.310199  -0.130962  -0.05851  -0.130962  0.283476  0.089772  -0.05851  0.089772  0.162991
0.310172  -0.130922  -0.0584764  -0.130922  0.283441  0.0897447  -0.0584764  0.0897447  0.162984
0.310126  -0.130827  -0.0584159  -0.130827  0.283334  0.0896759  -0.0584159  0.0896759  0.162966
0.310019  -0.130616  -0.0582412  -0.130616  0.283087  0.0894973  -0.0582412  0.0894973  0.162912
0.309992  -0.130576  -0.0582077  -0.130576  0.283052  0.0894702  -0.0582077  0.0894702  0.162905
0.309864  -0.130319  -0.0580406  -0.130319  0.282767  0.0892857  -0.0580406  0.0892857  0.162858
0.309855  -0.130292  -0.0580272  -0.130292  0.282731  0.089265  -0.0580272  0.089265  0.162853
0.309804  -0.13019  -0.0579493  -0.13019  0.282614  0.0891831  -0.0579493  0.0891831  0.16283
0.309682  -0.129955  -0.0577784  -0.129955  0.282356  0.0890064  -0.0577784  0.0890064  0.162782
0.309668  -0.12992  -0.0577472  -0.12992  0.28231  0.0889723  -0.0577472  0.0889723  0.162771
0.309607  -0.129801  -0.05769  -0.129801  0.282191  0.0889048  -0.05769  0.0889048  0.162759
0.309493  -0.129565  -0.0575041  -0.129565  0.281911  0.0887081  -0.0575041  0.0887081  0.162702
0.309472  -0.129533  -0.0574888  -0.129533  0.281888  0.088695  -0.0574888  0.088695  0.162702
0.309364  -0.129304  -0.0573213  -0.129304  0.28162  0.0885126  -0.0573213  0.0885126  0.162651
0.309338  -0.129265  -0.0572883  -0.129265  0.281586  0.088486  -0.0572883  0.088486  0.162645
0.309226  -0.129017  -0.0571259  -0.129017  0.281295  0.0882973  -0.0571259  0.0882973  0.162596
0.309226  -0.129017  -0.0571259  -0.129017  0.281295  0.0882973  -0.0571259  0.0882973  0.162596
0.309177  -0.128917  -0.0570491  -0.128917  0.281179  0.0882168  -0.0570491  0.0882168  0.162574
0.30905  -0.128645  -0.0568899  -0.128645  0.280877  0.0880295  -0.0568899  0.0880295  0.162531
0.309046  -0.128639  -0.0568723  -0.128639  0.280866  0.0880161  -0.0568723  0.0880161  0.162525
0.308936  -0.128393  -0.056711  -0.128393  0.280577  0.087829  -0.056711  0.087829  0.162478
0.308915  -0.128361  -0.056696  -0.128361  0.280554  0.0878161  -0.056696  0.0878161  0.162477
0.308806  -0.128129  -0.0565132  -0.128129  0.28028  0.0876232  -0.0565132  0.0876232  0.162423
0.308785  -0.128097  -0.0564982  -0.128097  0.280258  0.0876104  -0.0564982  0.0876104  0.162423
0.308661  -0.127828  -0.0563407  -0.127828  0.279958  0.087425  -0.0563407  0.087425  0.162382
0.308648  -0.127794  -0.0563102  -0.127794  0.279913  0.0873918  -0.0563102  0.0873918  0.162371
0.308533  -0.127566  -0.0561441  -0.127566  0.279664  0.0872207  -0.0561441  0.0872207  0.162328
0.30852  -0.127532  -0.0561137  -0.127532  0.279619  0.0871876  -0.0561137  0.0871876  0.162318
0.308462  -0.127416  -0.0560584  -0.127416  0.279504  0.0871223  -0.0560584  0.0871223  0.162308
0.308349  -0.127176  -0.055915  -0.127176  0.279243  0.0869585  -0.055915  0.0869585  0.162273
0.308336  -0.127142  -0.0558847  -0.127142  0.279198  0.0869255  -0.0558847  0.0869255  0.162263
0.308278  -0.12704  -0.0558077  -0.12704  0.279098  0.0868542  -0.0558077  0.0868542  0.162246
