0.335313  -0.161857  -0.0842551  -0.161857  0.310288  0.110656  -0.0842551  0.110656  0.171367
0.335313  -0.161857  -0.0842551  -0.161857  0.310288  0.110656  -0.0842551  0.110656  0.171367
0.3353  -0.161957  -0.0840391  -0.161957  0.310402  0.110568  -0.0840391  0.110568  0.171252
0.33531  -0.162001  -0.0840085  -0.162001  0.310455  0.110568  -0.0840085  0.110568  0.171236
0.335369  -0.162184  -0.0838182  -0.162184  0.310628  0.110503  -0.0838182  0.110503  0.171124
0.335369  -0.162168  -0.0838456  -0.162168  0.310609  0.110513  -0.0838456  0.110513  0.171139
0.33538  -0.162164  -0.0838972  -0.162164  0.310606  0.110542  -0.0838972  0.110542  0.171166
0.335462  -0.162385  -0.0837993  -0.162385  0.310855  0.110562  -0.0837993  0.110562  0.171109
0.335462  -0.162401  -0.0837718  -0.162401  0.310873  0.110553  -0.0837718  0.110553  0.171095
0.335644  -0.16276  -0.0835295  -0.16276  0.311173  0.110475  -0.0835295  0.110475  0.170933
0.335665  -0.162768  -0.0835336  -0.162768  0.31116  0.110467  -0.0835336  0.110467  0.170929
0.335906  -0.162963  -0.0836528  -0.162963  0.311227  0.110512  -0.0836528  0.110512  0.170946
0.335906  -0.162963  -0.0836528  -0.162963  0.311227  0.110512  -0.0836528  0.110512  0.170946
0.336167  -0.163263  -0.0836831  -0.163263  0.311418  0.110547  -0.0836831  0.110547  0.170916
0.336199  -0.163299  -0.0836839  -0.163299  0.31144  0.110549  -0.0836839  0.110549  0.170911
0.336493  -0.163571  -0.0837533  -0.163571  0.311555  0.110569  -0.0837533  0.110569  0.17089
0.336545  -0.163616  -0.0837581  -0.163616  0.311564  0.110563  -0.0837581  0.110563  0.170881
0.33681  -0.163837  -0.0838544  -0.163837  0.311638  0.110591  -0.0838544  0.110591  0.17088
0.336853  -0.163885  -0.0838795  -0.163885  0.311676  0.110612  -0.0838795  0.110612  0.170887
0.336949  -0.163961  -0.0839371  -0.163961  0.311705  0.110638  -0.0839371  0.110638  0.1709
0.33714  -0.16421  -0.0839588  -0.16421  0.311901  0.110686  -0.0839588  0.110686  0.170884
0.33714  -0.16421  -0.0839588  -0.16421  0.311901  0.110686  -0.0839588  0.110686  0.170884
0.33731  -0.16442  -0.0839595  -0.16442  0.312047  0.110705  -0.0839595  0.110705  0.170856
0.33731  -0.16442  -0.0839595  -0.16442  0.312047  0.110705  -0.0839595  0.110705  0.170856
0.337439  -0.164581  -0.0840073  -0.164581  0.312181  0.11076  -0.0840073  0.11076  0.170864
0.337439  -0.164581  -0.0840073  -0.164581  0.312181  0.11076  -0.0840073  0.11076  0.170864
0.337588  -0.164846  -0.0839655  -0.164846  0.312442  0.110804  -0.0839655  0.110804  0.170826
0.337577  -0.164834  -0.0839411  -0.164834  0.312426  0.110784  -0.0839411  0.110784  0.170813
0.337761  -0.165073  -0.084011  -0.165073  0.312634  0.11087  -0.084011  0.11087  0.170828
0.337782  -0.165081  -0.084015  -0.165081  0.312621  0.110863  -0.084015  0.110863  0.170824
0.337989  -0.16536  -0.0841062  -0.16536  0.31288  0.110978  -0.0841062  0.110978  0.17085
0.338021  -0.165396  -0.084107  -0.165396  0.312903  0.11098  -0.084107  0.11098  0.170845
0.338108  -0.16551  -0.0841299  -0.16551  0.312999  0.111014  -0.0841299  0.111014  0.170846
0.338337  -0.165798  -0.0842255  -0.165798  0.313247  0.111122  -0.0842255  0.111122  0.170868
0.338359  -0.165839  -0.0842467  -0.165839  0.313298  0.111151  -0.0842467  0.111151  0.17088
0.33859  -0.166095  -0.0843984  -0.166095  0.313508  0.11128  -0.0843984  0.11128  0.170932
0.338613  -0.166136  -0.0844197  -0.166136  0.31356  0.11131  -0.0844197  0.11131  0.170943
0.33881  -0.166421  -0.0844592  -0.166421  0.313825  0.111396  -0.0844592  0.111396  0.170942
0.338821  -0.16645  -0.084456  -0.16645  0.31386  0.111406  -0.084456  0.111406  0.170941
0.338976  -0.166654  -0.0845259  -0.166654  0.314049  0.111491  -0.0845259  0.111491  0.170961
0.338987  -0.166683  -0.0845227  -0.166683  0.314084  0.111501  -0.0845227  0.111501  0.170959
0.339121  -0.166879  -0.0845886  -0.166879  0.314285  0.111594  -0.0845886  0.111594  0.170984
0.339121  -0.166879  -0.0845886  -0.166879  0.314285  0.111594  -0.0845886  0.111594  0.170984
0.339209  -0.167075  -0.0845452  -0.167075  0.314506  0.111634  -0.0845452  0.111634  0.170956
0.339242  -0.167112  -0.084546  -0.167112  0.314529  0.111636  -0.084546  0.111636  0.170951
0.339332  -0.167244  -0.0846145  -0.167244  0.314672  0.111718  -0.0846145  0.111718  0.170982
0.339332  -0.167244  -0.0846145  -0.167244  0.314672  0.111718  -0.0846145  0.111718  0.170982
0.339366  -0.167297  -0.0846607  -0.167297  0.31474  0.111768  -0.0846607  0.111768  0.171006
0.339456  -0.167461  -0.0846732  -0.167461  0.314922  0.111829  -0.0846732  0.111829  0.171008
0.339456  -0.167461  -0.0846732  -0.167461  0.314922  0.111829  -0.0846732  0.111829  0.171008
0.339535  -0.16758  -0.0847171  -0.16758  0.31505  0.11189  -0.0847171  0.11189  0.171026
0.339546  -0.167592  -0.0847419  -0.167592  0.315066  0.11191  -0.0847419  0.11191  0.171039
0.339581  -0.167646  -0.0847882  -0.167646  0.315134  0.11196  -0.0847882  0.11196  0.171064
0.339627  -0.167728  -0.0848312  -0.167728  0.315238  0.11202  -0.0848312  0.11202  0.171087
0.339638  -0.167757  -0.084828  -0.167757  0.315274  0.11203  -0.084828  0.11203  0.171086
0.339672  -0.167826  -0.0848462  -0.167826  0.315362  0.11207  -0.0848462  0.11207  0.171096
0.339684  -0.167855  -0.084843  -0.167855  0.315398  0.112079  -0.084843  0.112079  0.171094
0.339708  -0.167912  -0.08491  -0.167912  0.315495  0.112157  -0.08491  0.112157  0.171136
0.339708  -0.167912  -0.08491  -0.167912  0.315495  0.112157  -0.08491  0.112157  0.171136
0.339709  -0.167961  -0.0848992  -0.167961  0.315579  0.112185  -0.0848992  0.112185  0.171137
0.339709  -0.167961  -0.0848992  -0.167961  0.315579  0.112185  -0.0848992  0.112185  0.171137
0.339732  -0.168019  -0.0848927  -0.168019  0.315651  0.112204  -0.0848927  0.112204  0.171134
0.339732  -0.168019  -0.0848927  -0.168019  0.315651  0.112204  -0.0848927  0.112204  0.171134
0.339755  -0.16806  -0.0849143  -0.16806  0.315703  0.112234  -0.0849143  0.112234  0.171145
0.339755  -0.16806  -0.0849143  -0.16806  0.315703  0.112234  -0.0849143  0.112234  0.171145
0.339765  -0.168105  -0.0848829  -0.168105  0.315759  0.112234  -0.0848829  0.112234  0.171129
0.339765  -0.168105  -0.0848829  -0.168105  0.315759  0.112234  -0.0848829  0.112234  0.171129
0.339777  -0.168117  -0.0849077  -0.168117  0.315775  0.112254  -0.0849077  0.112254  0.171142
0.339777  -0.168117  -0.0849077  -0.168117  0.315775  0.112254  -0.0849077  0.112254  0.171142
0.339811  -0.168139  -0.0849368  -0.168139  0.315779  0.112266  -0.0849368  0.112266  0.171152
0.339811  -0.168139  -0.0849368  -0.168139  0.315779  0.112266  -0.0849368  0.112266  0.171152
0.339811  -0.168139  -0.0849368  -0.168139  0.315779  0.112266  -0.0849368  0.112266  0.171152
0.339811  -0.168139  -0.0849368  -0.168139  0.315779  0.112266  -0.0849368  0.112266  0.171152
0.339811  -0.168139  -0.0849368  -0.168139  0.315779  0.112266  -0.0849368  0.112266  0.171152
0.339799  -0.168126  -0.084912  -0.168126  0.315763  0.112246  -0.084912  0.112246  0.171139
0.339799  -0.168126  -0.084912  -0.168126  0.315763  0.112246  -0.084912  0.112246  0.171139
0.339799  -0.168126  -0.084912  -0.168126  0.315763  0.112246  -0.084912  0.112246  0.171139
0.339799  -0.168126  -0.084912  -0.168126  0.315763  0.112246  -0.084912  0.112246  0.171139
0.339787  -0.168114  -0.0848871  -0.168114  0.315747  0.112226  -0.0848871  0.112226  0.171126
0.339787  -0.16813  -0.084859  -0.16813  0.315766  0.112215  -0.084859  0.112215  0.171111
0.339808  -0.168139  -0.0848632  -0.168139  0.315754  0.112208  -0.0848632  0.112208  0.171107
0.339808  -0.168139  -0.0848632  -0.168139  0.315754  0.112208  -0.0848632  0.112208  0.171107
0.339808  -0.168139  -0.0848632  -0.168139  0.315754  0.112208  -0.0848632  0.112208  0.171107
0.33983  -0.168148  -0.0848674  -0.168148  0.315742  0.1122  -0.0848674  0.1122  0.171103
0.33983  -0.168148  -0.0848674  -0.168148  0.315742  0.1122  -0.0848674  0.1122  0.171103
0.33983  -0.168148  -0.0848674  -0.168148  0.315742  0.1122  -0.0848674  0.1122  0.171103
0.339864  -0.168185  -0.0848683  -0.168185  0.315765  0.112202  -0.0848683  0.112202  0.171098
0.339864  -0.168185  -0.0848683  -0.168185  0.315765  0.112202  -0.0848683  0.112202  0.171098
0.339885  -0.168194  -0.0848726  -0.168194  0.315753  0.112194  -0.0848726  0.112194  0.171094
0.339885  -0.168194  -0.0848726  -0.168194  0.315753  0.112194  -0.0848726  0.112194  0.171094
0.339907  -0.168219  -0.0848486  -0.168219  0.31576  0.112176  -0.0848486  0.112176  0.171076
0.339907  -0.168219  -0.0848486  -0.168219  0.31576  0.112176  -0.0848486  0.112176  0.171076
0.339929  -0.168227  -0.0848528  -0.168227  0.315748  0.112168  -0.0848528  0.112168  0.171072
0.339929  -0.168227  -0.0848528  -0.168227  0.315748  0.112168  -0.0848528  0.112168  0.171072
0.339972  -0.168261  -0.0848331  -0.168261  0.315743  0.112142  -0.0848331  0.112142  0.17105
0.339972  -0.168261  -0.0848331  -0.168261  0.315743  0.112142  -0.0848331  0.112142  0.17105
0.339994  -0.16827  -0.0848373  -0.16827  0.31573  0.112134  -0.0848373  0.112134  0.171046
0.339994  -0.16827  -0.0848373  -0.16827  0.31573  0.112134  -0.0848373  0.112134  0.171046
0.340027  -0.168307  -0.0848382  -0.168307  0.315754  0.112136  -0.0848382  0.112136  0.171041
0.340048  -0.168332  -0.0848143  -0.168332  0.315761  0.112118  -0.0848143  0.112118  0.171023
0.340048  -0.168332  -0.0848143  -0.168332  0.315761  0.112118  -0.0848143  0.112118  0.171023
0.34007  -0.168341  -0.0848185  -0.168341  0.315749  0.112111  -0.0848185  0.112111  0.171019
0.34007  -0.168341  -0.0848185  -0.168341  0.315749  0.112111  -0.0848185  0.112111  0.171019
0.340092  -0.16835  -0.0848227  -0.16835  0.315736  0.112103  -0.0848227  0.112103  0.171015
0.340092  -0.16835  -0.0848227  -0.16835  0.315736  0.112103  -0.0848227  0.112103  0.171015
0.340104  -0.168379  -0.0848194  -0.168379  0.315772  0.112113  -0.0848194  0.112113  0.171014
0.340114  -0.168375  -0.0847987  -0.168375  0.315744  0.112085  -0.0847987  0.112085  0.170997
0.340114  -0.168375  -0.0847987  -0.168375  0.315744  0.112085  -0.0847987  0.112085  0.170997
0.340102  -0.168363  -0.0847739  -0.168363  0.315727  0.112064  -0.0847739  0.112064  0.170984
0.340102  -0.168363  -0.0847739  -0.168363  0.315727  0.112064  -0.0847739  0.112064  0.170984
0.340079  -0.16837  -0.0847416  -0.16837  0.31576  0.112062  -0.0847416  0.112062  0.170973
0.340079  -0.16837  -0.0847416  -0.16837  0.31576  0.112062  -0.0847416  0.112062  0.170973
0.340046  -0.168349  -0.0847125  -0.168349  0.315756  0.112049  -0.0847125  0.112049  0.170963
0.340046  -0.168349  -0.0847125  -0.168349  0.315756  0.112049  -0.0847125  0.112049  0.170963
0.340046  -0.168349  -0.0847125  -0.168349  0.315756  0.112049  -0.0847125  0.112049  0.170963
0.340012  -0.168328  -0.0846835  -0.168328  0.315752  0.112037  -0.0846835  0.112037  0.170954
0.33999  -0.168319  -0.0846793  -0.168319  0.315765  0.112045  -0.0846793  0.112045  0.170958
0.339968  -0.168311  -0.0846751  -0.168311  0.315777  0.112053  -0.0846751  0.112053  0.170962
0.339968  -0.168311  -0.0846751  -0.168311  0.315777  0.112053  -0.0846751  0.112053  0.170962
0.339946  -0.168302  -0.084671  -0.168302  0.315789  0.11206  -0.084671  0.11206  0.170965
0.339946  -0.168302  -0.084671  -0.168302  0.315789  0.11206  -0.084671  0.11206  0.170965
0.33989  -0.168272  -0.0846378  -0.168272  0.315798  0.112056  -0.0846378  0.112056  0.17096
0.33989  -0.168272  -0.0846378  -0.168272  0.315798  0.112056  -0.0846378  0.112056  0.17096
0.339845  -0.168222  -0.0846121  -0.168222  0.315758  0.112034  -0.0846121  0.112034  0.170952
0.339845  -0.168222  -0.0846121  -0.168222  0.315758  0.112034  -0.0846121  0.112034  0.170952
0.339779  -0.168164  -0.0845822  -0.168164  0.315731  0.11202  -0.0845822  0.11202  0.170948
0.339779  -0.168164  -0.0845822  -0.168164  0.315731  0.11202  -0.0845822  0.11202  0.170948
0.339733  -0.16813  -0.0845284  -0.16813  0.315711  0.111987  -0.0845284  0.111987  0.170925
0.339733  -0.16813  -0.0845284  -0.16813  0.315711  0.111987  -0.0845284  0.111987  0.170925
0.339733  -0.16813  -0.0845284  -0.16813  0.315711  0.111987  -0.0845284  0.111987  0.170925
0.339688  -0.168081  -0.0845028  -0.168081  0.315671  0.111965  -0.0845028  0.111965  0.170917
0.339667  -0.168072  -0.0844986  -0.168072  0.315683  0.111973  -0.0844986  0.111973  0.170921
0.339655  -0.16806  -0.0844738  -0.16806  0.315667  0.111953  -0.0844738  0.111953  0.170908
0.339644  -0.16808  -0.0844663  -0.16808  0.315716  0.11197  -0.0844663  0.11197  0.17091
0.339644  -0.16808  -0.0844663  -0.16808  0.315716  0.11197  -0.0844663  0.11197  0.17091
0.339622  -0.168071  -0.0844622  -0.168071  0.315728  0.111978  -0.0844622  0.111978  0.170914
0.339622  -0.168071  -0.0844622  -0.168071  0.315728  0.111978  -0.0844622  0.111978  0.170914
0.3396  -0.168079  -0.0844299  -0.168079  0.31576  0.111975  -0.0844299  0.111975  0.170903
0.3396  -0.168079  -0.0844299  -0.168079  0.31576  0.111975  -0.0844299  0.111975  0.170903
0.339578  -0.16807  -0.0844258  -0.16807  0.315773  0.111983  -0.0844258  0.111983  0.170907
0.339578  -0.16807  -0.0844258  -0.16807  0.315773  0.111983  -0.0844258  0.111983  0.170907
0.339533  -0.168037  -0.0843721  -0.168037  0.315753  0.111951  -0.0843721  0.111951  0.170884
0.339533  -0.168037  -0.0843721  -0.168037  0.315753  0.111951  -0.0843721  0.111951  0.170884
0.339487  -0.16802  -0.0842904  -0.16802  0.315753  0.111908  -0.0842904  0.111908  0.170848
0.339487  -0.16802  -0.0842904  -0.16802  0.315753  0.111908  -0.0842904  0.111908  0.170848
0.339419  -0.167945  -0.0842153  -0.167945  0.315681  0.111846  -0.0842153  0.111846  0.170814
0.339407  -0.167933  -0.0841906  -0.167933  0.315664  0.111826  -0.0841906  0.111826  0.170801
0.339317  -0.167866  -0.0840835  -0.167866  0.315625  0.111761  -0.0840835  0.111761  0.170756
0.339305  -0.167854  -0.0840588  -0.167854  0.315608  0.111741  -0.0840588  0.111741  0.170743
0.339249  -0.167792  -0.0840086  -0.167792  0.315553  0.111699  -0.0840086  0.111699  0.170723
0.339169  -0.167706  -0.0839092  -0.167706  0.315465  0.111617  -0.0839092  0.111617  0.170676
0.339136  -0.167685  -0.0838804  -0.167685  0.315461  0.111605  -0.0838804  0.111605  0.170667
0.339023  -0.167577  -0.0837523  -0.167577  0.315369  0.111511  -0.0837523  0.111511  0.170611
0.339011  -0.167565  -0.0837277  -0.167565  0.315353  0.111491  -0.0837277  0.111491  0.170598
0.338978  -0.167544  -0.083699  -0.167544  0.315349  0.111479  -0.083699  0.111479  0.170589
0.338855  -0.167408  -0.0835745  -0.167408  0.315222  0.111375  -0.0835745  0.111375  0.170536
0.338843  -0.167396  -0.0835499  -0.167396  0.315206  0.111355  -0.0835499  0.111355  0.170523
0.338787  -0.167335  -0.0835001  -0.167335  0.31515  0.111314  -0.0835001  0.111314  0.170502
0.338631  -0.167178  -0.0833473  -0.167178  0.31502  0.111198  -0.0833473  0.111198  0.17044
0.338631  -0.167178  -0.0833473  -0.167178  0.31502  0.111198  -0.0833473  0.111198  0.17044
0.338431  -0.166973  -0.0831696  -0.166973  0.31485  0.111061  -0.0831696  0.111061  0.17037
0.33842  -0.166961  -0.0831451  -0.166961  0.314834  0.111041  -0.0831451  0.111041  0.170357
0.338232  -0.166785  -0.0829645  -0.166785  0.3147  0.110915  -0.0829645  0.110915  0.170286
0.33822  -0.166773  -0.0829401  -0.166773  0.314684  0.110895  -0.0829401  0.110895  0.170273
0.33799  -0.166532  -0.0827627  -0.166532  0.314492  0.110757  -0.0827627  0.110757  0.17021
0.337978  -0.16652  -0.0827383  -0.16652  0.314476  0.110737  -0.0827383  0.110737  0.170197
0.337748  -0.166296  -0.0825337  -0.166296  0.314304  0.110589  -0.0825337  0.110589  0.170119
0.337704  -0.166247  -0.0825088  -0.166247  0.314265  0.110568  -0.0825088  0.110568  0.170112
0.337617  -0.166166  -0.0824313  -0.166166  0.314207  0.110515  -0.0824313  0.110515  0.170083
0.337356  -0.165906  -0.0822269  -0.165906  0.314013  0.110366  -0.0822269  0.110366  0.170012
0.337324  -0.165885  -0.0821987  -0.165885  0.314009  0.110354  -0.0821987  0.110354  0.170003
0.337053  -0.165598  -0.0819984  -0.165598  0.31378  0.110196  -0.0819984  0.110196  0.169933
0.337021  -0.165578  -0.0819703  -0.165578  0.313777  0.110184  -0.0819703  0.110184  0.169925
0.336709  -0.165259  -0.0817185  -0.165259  0.31353  0.109996  -0.0817185  0.109996  0.169835
0.336688  -0.165251  -0.0817146  -0.165251  0.313542  0.110004  -0.0817146  0.110004  0.169838
0.336335  -0.164886  -0.0814393  -0.164886  0.313257  0.109795  -0.0814393  0.109795  0.169742
0.336281  -0.164826  -0.0813908  -0.164826  0.313203  0.109754  -0.0813908  0.109754  0.169722
0.336133  -0.164689  -0.0812861  -0.164689  0.31312  0.109688  -0.0812861  0.109688  0.169691
0.335762  -0.164286  -0.0809921  -0.164286  0.312786  0.109452  -0.0809921  0.109452  0.169585
0.33572  -0.164239  -0.0809678  -0.164239  0.312748  0.109431  -0.0809678  0.109431  0.169578
0.335351  -0.163838  -0.0806752  -0.163838  0.312416  0.109196  -0.0806752  0.109196  0.169473
0.335299  -0.163779  -0.0806273  -0.163779  0.312363  0.109155  -0.0806273  0.109155  0.169454
0.335162  -0.16364  -0.0805038  -0.16364  0.312253  0.109064  -0.0805038  0.109064  0.169408
0.334756  -0.163195  -0.0801893  -0.163195  0.311885  0.108809  -0.0801893  0.108809  0.169298
0.334735  -0.163156  -0.0801692  -0.163156  0.311835  0.108781  -0.0801692  0.108781  0.169287
0.334362  -0.162717  -0.0798402  -0.162717  0.31143  0.108493  -0.0798402  0.108493  0.169159
0.334321  -0.16267  -0.0798164  -0.16267  0.311392  0.108472  -0.0798164  0.108472  0.169152
0.333981  -0.162254  -0.0795163  -0.162254  0.310992  0.108198  -0.0795163  0.108198  0.169033
0.333971  -0.162242  -0.0794928  -0.162242  0.310976  0.108179  -0.0794928  0.108179  0.169021
0.333644  -0.161808  -0.0792016  -0.161808  0.310531  0.107888  -0.0792016  0.107888  0.1689
0.333633  -0.161797  -0.0791782  -0.161797  0.310516  0.107869  -0.0791782  0.107869  0.168889
0.333298  -0.161384  -0.0788809  -0.161384  0.310119  0.107597  -0.0788809  0.107597  0.168771
0.333288  -0.161373  -0.0788576  -0.161373  0.310104  0.107578  -0.0788576  0.107578  0.16876
0.332955  -0.160962  -0.0785617  -0.160962  0.309709  0.107307  -0.0785617  0.107307  0.168644
0.332935  -0.160923  -0.0785421  -0.160923  0.30966  0.107279  -0.0785421  0.107279  0.168634
0.332614  -0.160541  -0.078244  -0.160541  0.309301  0.107019  -0.078244  0.107019  0.168517
0.332583  -0.160492  -0.0782013  -0.160492  0.309237  0.106972  -0.0782013  0.106972  0.168496
0.332473  -0.160367  -0.0780856  -0.160367  0.309119  0.106876  -0.0780856  0.106876  0.168449
0.332174  -0.15998  -0.0777503  -0.15998  0.308708  0.106565  -0.0777503  0.106565  0.168304
0.332154  -0.159958  -0.0777042  -0.159958  0.308678  0.106528  -0.0777042  0.106528  0.168281
0.332055  -0.159815  -0.0775965  -0.159815  0.308514  0.106416  -0.0775965  0.106416  0.168233
0.331838  -0.15949  -0.0773624  -0.15949  0.30814  0.106165  -0.0773624  0.106165  0.168127
0.331808  -0.159442  -0.0773202  -0.159442  0.308077  0.106119  -0.0773202  0.106119  0.168106
0.33163  -0.15918  -0.077083  -0.15918  0.307759  0.105879  -0.077083  0.105879  0.167994
0.33161  -0.159158  -0.0770372  -0.159158  0.307729  0.105842  -0.0770372  0.105842  0.167971
0.331542  -0.159034  -0.0769568  -0.159034  0.307569  0.105742  -0.0769568  0.105742  0.167931
0.331395  -0.158776  -0.0767736  -0.158776  0.307236  0.105524  -0.0767736  0.105524  0.16784
0.331376  -0.158738  -0.0767546  -0.158738  0.307188  0.105496  -0.0767546  0.105496  0.16783
0.331239  -0.158523  -0.0765415  -0.158523  0.306908  0.105278  -0.0765415  0.105278  0.167726
0.331229  -0.158512  -0.0765187  -0.158512  0.306893  0.10526  -0.0765187  0.10526  0.167715
0.331102  -0.158279  -0.0763135  -0.158279  0.306568  0.105025  -0.0763135  0.105025  0.167608
0.331092  -0.158268  -0.0762907  -0.158268  0.306553  0.105007  -0.0762907  0.105007  0.167597
0.331063  -0.15819  -0.0762336  -0.15819  0.306431  0.104927  -0.0762336  0.104927  0.167563
0.330975  -0.158032  -0.0760667  -0.158032  0.306202  0.104748  -0.0760667  0.104748  0.167476
0.330956  -0.157995  -0.0760478  -0.157995  0.306154  0.104721  -0.0760478  0.104721  0.167467
0.330916  -0.157878  -0.0758843  -0.157878  0.305934  0.104535  -0.0758843  0.104535  0.167372
0.330906  -0.157867  -0.0758616  -0.157867  0.30592  0.104517  -0.0758616  0.104517  0.167361
0.330876  -0.157746  -0.0757474  -0.157746  0.305696  0.104359  -0.0757474  0.104359  0.167288
0.330866  -0.157735  -0.0757248  -0.157735  0.305681  0.104341  -0.0757248  0.104341  0.167278
0.330855  -0.157653  -0.0755612  -0.157653  0.305483  0.104157  -0.0755612  0.104157  0.167178
0.330864  -0.157649  -0.075542  -0.157649  0.305456  0.104131  -0.075542  0.104131  0.167163
0.330873  -0.157617  -0.0755073  -0.157617  0.305369  0.104071  -0.0755073  0.104071  0.167135
0.33091  -0.157574  -0.075415  -0.157574  0.305201  0.103933  -0.075415  0.103933  0.167064
0.330929  -0.157581  -0.0754184  -0.157581  0.305189  0.103926  -0.0754184  0.103926  0.16706
0.330929  -0.157567  -0.0753766  -0.157567  0.305147  0.103882  -0.0753766  0.103882  0.167035
0.330975  -0.157551  -0.0752804  -0.157551  0.305013  0.103753  -0.0752804  0.103753  0.166962
0.330975  -0.157551  -0.0752804  -0.157551  0.305013  0.103753  -0.0752804  0.103753  0.166962
0.33104  -0.157571  -0.0752029  -0.157571  0.304926  0.103652  -0.0752029  0.103652  0.166899
0.33104  -0.157571  -0.0752029  -0.157571  0.304926  0.103652  -0.0752029  0.103652  0.166899
0.331058  -0.157564  -0.0751644  -0.157564  0.304872  0.1036  -0.0751644  0.1036  0.16687
0.331144  -0.157606  -0.075132  -0.157606  0.304813  0.103534  -0.075132  0.103534  0.166828
0.331134  -0.157596  -0.0751094  -0.157596  0.304799  0.103516  -0.0751094  0.103516  0.166817
0.331171  -0.157626  -0.0750896  -0.157626  0.304793  0.103492  -0.0750896  0.103492  0.166797
0.331285  -0.157702  -0.0750565  -0.157702  0.304755  0.103427  -0.0750565  0.103427  0.16675
0.331285  -0.157702  -0.0750565  -0.157702  0.304755  0.103427  -0.0750565  0.103427  0.16675
0.331409  -0.157788  -0.075046  -0.157788  0.304731  0.10338  -0.075046  0.10338  0.166714
0.331428  -0.157796  -0.0750493  -0.157796  0.304719  0.103372  -0.0750493  0.103372  0.16671
0.331476  -0.157837  -0.0750521  -0.157837  0.304727  0.103365  -0.0750521  0.103365  0.166701
0.3316  -0.157924  -0.0750415  -0.157924  0.304704  0.103318  -0.0750415  0.103318  0.166664
0.331619  -0.157931  -0.0750448  -0.157931  0.304691  0.10331  -0.0750448  0.10331  0.16666
0.331734  -0.158021  -0.0750535  -0.158021  0.304695  0.103289  -0.0750535  0.103289  0.166638
0.331753  -0.158028  -0.0750568  -0.158028  0.304682  0.103281  -0.0750568  0.103281  0.166634
0.331878  -0.158145  -0.0750616  -0.158145  0.304719  0.103268  -0.0750616  0.103268  0.166611
0.331897  -0.158152  -0.0750649  -0.158152  0.304706  0.10326  -0.0750649  0.10326  0.166607
0.332031  -0.158266  -0.0750504  -0.158266  0.304716  0.103222  -0.0750504  0.103222  0.166569
0.33205  -0.158273  -0.0750537  -0.158273  0.304704  0.103214  -0.0750537  0.103214  0.166565
0.332109  -0.158325  -0.075079  -0.158325  0.304726  0.103225  -0.075079  0.103225  0.166567
0.332253  -0.15845  -0.0750871  -0.15845  0.304751  0.103205  -0.0750871  0.103205  0.166539
0.332273  -0.158457  -0.0750904  -0.158457  0.304738  0.103197  -0.0750904  0.103197  0.166536
0.332398  -0.158544  -0.0750796  -0.158544  0.304715  0.10315  -0.0750796  0.10315  0.166499
0.332398  -0.158544  -0.0750796  -0.158544  0.304715  0.10315  -0.0750796  0.10315  0.166499
0.332544  -0.158653  -0.0751142  -0.158653  0.304721  0.103138  -0.0751142  0.103138  0.166484
0.332544  -0.158653  -0.0751142  -0.158653  0.304721  0.103138  -0.0751142  0.103138  0.166484
0.33266  -0.158713  -0.0751073  -0.158713  0.304665  0.103082  -0.0751073  0.103082  0.166448
0.332669  -0.15874  -0.0751034  -0.15874  0.304698  0.103091  -0.0751034  0.103091  0.166447
0.332796  -0.158811  -0.0751191  -0.158811  0.304656  0.103053  -0.0751191  0.103053  0.166423
0.332815  -0.158818  -0.0751224  -0.158818  0.304643  0.103045  -0.0751224  0.103045  0.166419
0.332844  -0.158822  -0.0751062  -0.158822  0.304604  0.103012  -0.0751062  0.103012  0.1664
0.332961  -0.158883  -0.0750992  -0.158883  0.304548  0.102956  -0.0750992  0.102956  0.166365
0.33295  -0.158872  -0.0750764  -0.158872  0.304533  0.102938  -0.0750764  0.102938  0.166355
0.332989  -0.158902  -0.0750563  -0.158902  0.304527  0.102913  -0.0750563  0.102913  0.166335
0.333085  -0.158925  -0.0750303  -0.158925  0.304423  0.10283  -0.0750303  0.10283  0.166291
0.333085  -0.158925  -0.0750303  -0.158925  0.304423  0.10283  -0.0750303  0.10283  0.166291
0.333162  -0.158956  -0.0749744  -0.158956  0.30435  0.102746  -0.0749744  0.102746  0.166238
0.333182  -0.158963  -0.0749776  -0.158963  0.304337  0.102738  -0.0749776  0.102738  0.166235
0.33321  -0.158967  -0.0749613  -0.158967  0.304298  0.102705  -0.0749613  0.102705  0.166216
0.333267  -0.15896  -0.0748865  -0.15896  0.304177  0.102594  -0.0748865  0.102594  0.166155
0.333267  -0.15896  -0.0748865  -0.15896  0.304177  0.102594  -0.0748865  0.102594  0.166155
0.333314  -0.158926  -0.0748155  -0.158926  0.304024  0.102475  -0.0748155  0.102475  0.166095
0.333334  -0.158933  -0.0748187  -0.158933  0.304011  0.102467  -0.0748187  0.102467  0.166091
0.333352  -0.158926  -0.0747797  -0.158926  0.303957  0.102416  -0.0747797  0.102416  0.166062
0.333419  -0.15893  -0.0747275  -0.15893  0.303851  0.102323  -0.0747275  0.102323  0.166012
0.333409  -0.158919  -0.0747047  -0.158919  0.303837  0.102305  -0.0747047  0.102305  0.166001
0.333438  -0.158923  -0.0746884  -0.158923  0.303798  0.102272  -0.0746884  0.102272  0.165983
0.333485  -0.158919  -0.0746329  -0.158919  0.303704  0.102187  -0.0746329  0.102187  0.165936
0.333494  -0.158916  -0.0746134  -0.158916  0.303677  0.102161  -0.0746134  0.102161  0.165922
0.33356  -0.158935  -0.0745345  -0.158935  0.30359  0.102059  -0.0745345  0.102059  0.16586
0.33358  -0.158942  -0.0745377  -0.158942  0.303578  0.102051  -0.0745377  0.102051  0.165856
0.333579  -0.158928  -0.0744954  -0.158928  0.303536  0.102008  -0.0744954  0.102008  0.165831
0.333646  -0.158931  -0.074443  -0.158931  0.30343  0.101915  -0.074443  0.101915  0.165781
0.333635  -0.15892  -0.0744203  -0.15892  0.303416  0.101897  -0.0744203  0.101897  0.16577
0.333711  -0.158966  -0.0743374  -0.158966  0.303362  0.101804  -0.0743374  0.101804  0.165707
0.333711  -0.158966  -0.0743374  -0.158966  0.303362  0.101804  -0.0743374  0.101804  0.165707
0.333748  -0.158951  -0.0742591  -0.158951  0.303254  0.101701  -0.0742591  0.101701  0.16565
0.333758  -0.158978  -0.0742552  -0.158978  0.303287  0.10171  -0.0742552  0.10171  0.165649
0.333794  -0.158979  -0.0741503  -0.158979  0.303198  0.101598  -0.0741503  0.101598  0.165581
0.333803  -0.158975  -0.0741307  -0.158975  0.303171  0.101572  -0.0741307  0.101572  0.165566
0.333812  -0.158987  -0.0740845  -0.158987  0.303163  0.101537  -0.0740845  0.101537  0.165541
0.333858  -0.158999  -0.0740023  -0.158999  0.303089  0.101443  -0.0740023  0.101443  0.165483
0.333868  -0.158995  -0.0739827  -0.158995  0.303062  0.101418  -0.0739827  0.101418  0.165469
0.333876  -0.159007  -0.0739365  -0.159007  0.303054  0.101383  -0.0739365  0.101383  0.165443
0.333942  -0.159042  -0.0738308  -0.159042  0.302986  0.101272  -0.0738308  0.101272  0.16537
0.333941  -0.159057  -0.0738041  -0.159057  0.303004  0.101262  -0.0738041  0.101262  0.165359
0.333997  -0.159065  -0.0737023  -0.159065  0.302903  0.101143  -0.0737023  0.101143  0.165287
0.333986  -0.159054  -0.0736796  -0.159054  0.302889  0.101125  -0.0736796  0.101125  0.165277
0.334014  -0.159074  -0.0736365  -0.159074  0.302868  0.101082  -0.0736365  0.101082  0.165248
0.33403  -0.159083  -0.0735018  -0.159083  0.302811  0.100969  -0.0735018  0.100969  0.165173
0.334039  -0.159079  -0.0734823  -0.159079  0.302784  0.100944  -0.0734823  0.100944  0.165159
0.334038  -0.159064  -0.0734401  -0.159064  0.302743  0.1009  -0.0734401  0.1009  0.165135
0.334063  -0.159053  -0.0733125  -0.159053  0.30264  0.100771  -0.0733125  0.100771  0.165058
0.334053  -0.159042  -0.0732899  -0.159042  0.302625  0.100754  -0.0732899  0.100754  0.165048
0.334059  -0.159024  -0.0731593  -0.159024  0.302535  0.100632  -0.0731593  0.100632  0.164975
0.334059  -0.159024  -0.0731593  -0.159024  0.302535  0.100632  -0.0731593  0.100632  0.164975
0.334045  -0.158984  -0.0730524  -0.158984  0.302439  0.100528  -0.0730524  0.100528  0.164917
0.334043  -0.158954  -0.0729682  -0.158954  0.302356  0.100442  -0.0729682  0.100442  0.164869
0.334032  -0.158943  -0.0729456  -0.158943  0.302342  0.100424  -0.0729456  0.100424  0.164859
0.334021  -0.158917  -0.0728809  -0.158917  0.302287  0.100364  -0.0728809  0.100364  0.164826
0.333997  -0.158865  -0.0727516  -0.158865  0.302176  0.100242  -0.0727516  0.100242  0.164758
0.333987  -0.158854  -0.0727291  -0.158854  0.302162  0.100225  -0.0727291  0.100225  0.164748
0.333923  -0.158758  -0.0725785  -0.158758  0.302017  0.100085  -0.0725785  0.100085  0.164677
0.333923  -0.158758  -0.0725785  -0.158758  0.302017  0.100085  -0.0725785  0.100085  0.164677
0.33383  -0.158643  -0.0724026  -0.158643  0.30187  0.0999366  -0.0724026  0.0999366  0.164599
0.33383  -0.158643  -0.0724026  -0.158643  0.30187  0.0999366  -0.0724026  0.0999366  0.164599
0.333778  -0.158558  -0.0722749  -0.158558  0.30174  0.0998154  -0.0722749  0.0998154  0.164538
0.333767  -0.158547  -0.0722524  -0.158547  0.301726  0.0997978  -0.0722524  0.0997978  0.164528
0.333717  -0.158491  -0.0722087  -0.158491  0.301677  0.0997624  -0.0722087  0.0997624  0.164514
0.333625  -0.158361  -0.0720599  -0.158361  0.301512  0.0996235  -0.0720599  0.0996235  0.164448
0.333615  -0.15835  -0.0720375  -0.15835  0.301498  0.099606  -0.0720375  0.099606  0.164438
0.333523  -0.158221  -0.0718889  -0.158221  0.301333  0.0994674  -0.0718889  0.0994674  0.164373
0.333513  -0.15821  -0.0718666  -0.15821  0.301319  0.09945  -0.0718666  0.09945  0.164363
0.333472  -0.15815  -0.0718036  -0.15815  0.301244  0.0993895  -0.0718036  0.0993895  0.164335
0.333342  -0.157976  -0.0716343  -0.157976  0.301046  0.0992335  -0.0716343  0.0992335  0.164266
0.333331  -0.157966  -0.071612  -0.157966  0.301032  0.0992161  -0.071612  0.0992161  0.164256
0.33321  -0.157818  -0.071439  -0.157818  0.300866  0.0990687  -0.071439  0.0990687  0.164186
0.333191  -0.157781  -0.0714208  -0.157781  0.30082  0.0990432  -0.0714208  0.0990432  0.164178
0.33308  -0.157615  -0.0712551  -0.157615  0.300609  0.0988802  -0.0712551  0.0988802  0.164105
0.33307  -0.157604  -0.0712328  -0.157604  0.300595  0.0988629  -0.0712328  0.0988629  0.164096
0.33301  -0.157508  -0.0711522  -0.157508  0.300474  0.0987775  -0.0711522  0.0987775  0.16406
0.33288  -0.157336  -0.0709842  -0.157336  0.300277  0.0986229  -0.0709842  0.0986229  0.163992
0.33287  -0.157325  -0.070962  -0.157325  0.300263  0.0986056  -0.070962  0.0986056  0.163983
0.332771  -0.15717  -0.0708193  -0.15717  0.300068  0.0984608  -0.0708193  0.0984608  0.16392
0.332751  -0.157133  -0.0708013  -0.157133  0.300022  0.0984355  -0.0708013  0.0984355  0.163912
0.332711  -0.157075  -0.070739  -0.157075  0.299947  0.0983758  -0.070739  0.0983758  0.163885
0.33264  -0.156969  -0.070569  -0.156969  0.299791  0.0982226  -0.070569  0.0982226  0.163807
0.33262  -0.156932  -0.0705511  -0.156932  0.299745  0.0981974  -0.0705511  0.0981974  0.163799
0.332539  -0.156801  -0.0703855  -0.156801  0.299557  0.0980364  -0.0703855  0.0980364  0.163723
0.332529  -0.15679  -0.0703635  -0.15679  0.299543  0.0980193  -0.0703635  0.0980193  0.163714
0.332509  -0.156739  -0.0703042  -0.156739  0.299456  0.0979521  -0.0703042  0.0979521  0.163684
0.332447  -0.156644  -0.0701569  -0.156644  0.299315  0.0978166  -0.0701569  0.0978166  0.163616
0.332447  -0.156644  -0.0701569  -0.156644  0.299315  0.0978166  -0.0701569  0.0978166  0.163616
0.332396  -0.156531  -0.0700166  -0.156531  0.299128  0.0976656  -0.0700166  0.0976656  0.163546
0.332386  -0.15652  -0.0699946  -0.15652  0.299114  0.0976486  -0.0699946  0.0976486  0.163537
0.332335  -0.156407  -0.0698546  -0.156407  0.298928  0.0974978  -0.0698546  0.0974978  0.163467
0.332325  -0.156396  -0.0698326  -0.156396  0.298914  0.0974808  -0.0698326  0.0974808  0.163458
0.332302  -0.156316  -0.0696912  -0.156316  0.298748  0.0973305  -0.0696912  0.0973305  0.163384
0.332271  -0.156254  -0.0696104  -0.156254  0.298648  0.0972468  -0.0696104  0.0972468  0.163344
0.332261  -0.156243  -0.0695884  -0.156243  0.298635  0.0972299  -0.0695884  0.0972299  0.163335
0.332239  -0.156148  -0.0694734  -0.156148  0.29845  0.0970889  -0.0694734  0.0970889  0.163272
0.332229  -0.156137  -0.0694515  -0.156137  0.298437  0.097072  -0.0694515  0.097072  0.163262
0.332218  -0.156112  -0.0693884  -0.156112  0.298383  0.0970134  -0.0693884  0.0970134  0.163231
0.332176  -0.156025  -0.0692448  -0.156025  0.29823  0.0968715  -0.0692448  0.0968715  0.163162
0.332176  -0.156025  -0.0692448  -0.156025  0.29823  0.0968715  -0.0692448  0.0968715  0.163162
0.332153  -0.155945  -0.0691039  -0.155945  0.298064  0.096722  -0.0691039  0.096722  0.163088
0.332143  -0.155935  -0.0690821  -0.155935  0.298051  0.0967051  -0.0690821  0.0967051  0.163079
0.332112  -0.155859  -0.0689605  -0.155859  0.297912  0.0965805  -0.0689605  0.0965805  0.163019
0.332131  -0.155865  -0.0689631  -0.155865  0.297899  0.0965727  -0.0689631  0.0965727  0.163015
0.33211  -0.155814  -0.0689045  -0.155814  0.297814  0.0965066  -0.0689045  0.0965066  0.162985
0.332088  -0.155764  -0.0687789  -0.155764  0.297707  0.09639  -0.0687789  0.09639  0.162924
0.332078  -0.155754  -0.0687571  -0.155754  0.297693  0.0963732  -0.0687571  0.0963732  0.162915
0.332065  -0.155684  -0.0686384  -0.155684  0.297542  0.0962412  -0.0686384  0.0962412  0.162852
0.332056  -0.155658  -0.0686427  -0.155658  0.29751  0.0962334  -0.0686427  0.0962334  0.162853
0.332045  -0.155633  -0.0685799  -0.155633  0.297457  0.0961753  -0.0685799  0.0961753  0.162822
0.331993  -0.155536  -0.0684153  -0.155536  0.297291  0.0960178  -0.0684153  0.0960178  0.162745
0.332012  -0.155543  -0.0684179  -0.155543  0.297278  0.09601  -0.0684179  0.09601  0.162741
0.33197  -0.155456  -0.0682751  -0.155456  0.297126  0.0958695  -0.0682751  0.0958695  0.162673
0.33197  -0.155456  -0.0682751  -0.155456  0.297126  0.0958695  -0.0682751  0.0958695  0.162673
0.331928  -0.15534  -0.0681177  -0.15534  0.296917  0.095697  -0.0681177  0.095697  0.162594
0.331918  -0.15533  -0.068096  -0.15533  0.296903  0.0956804  -0.068096  0.0956804  0.162585
0.331877  -0.155214  -0.0679387  -0.155214  0.296694  0.0955082  -0.0679387  0.0955082  0.162506
0.331867  -0.155203  -0.0679171  -0.155203  0.29668  0.0954916  -0.0679171  0.0954916  0.162498
0.331846  -0.155152  -0.0678589  -0.155152  0.296595  0.0954261  -0.0678589  0.0954261  0.162469
0.331777  -0.155004  -0.0677038  -0.155004  0.296367  0.0952545  -0.0677038  0.0952545  0.162395
0.331786  -0.155  -0.0676847  -0.155  0.296341  0.0952301  -0.0676847  0.0952301  0.162383
0.331715  -0.154867  -0.0675038  -0.154867  0.296132  0.09505  -0.0675038  0.09505  0.1623
0.331696  -0.154831  -0.0674866  -0.154831  0.296086  0.0950258  -0.0674866  0.0950258  0.162293
0.331657  -0.154744  -0.0674114  -0.154744  0.295957  0.0949366  -0.0674114  0.0949366  0.162257
0.331551  -0.154554  -0.0672373  -0.154554  0.295697  0.0947496  -0.0672373  0.0947496  0.162181
0.331541  -0.154543  -0.0672158  -0.154543  0.295684  0.0947331  -0.0672158  0.0947331  0.162172
0.331502  -0.154457  -0.0671408  -0.154457  0.295555  0.0946442  -0.0671408  0.0946442  0.162137
0.331387  -0.154241  -0.0669715  -0.154241  0.295264  0.0944503  -0.0669715  0.0944503  0.162063
0.331282  -0.154066  -0.0668388  -0.154066  0.295045  0.0943051  -0.0668388  0.0943051  0.162008
0.331272  -0.154055  -0.0668173  -0.154055  0.295032  0.0942887  -0.0668173  0.0942887  0.162
0.331138  -0.15382  -0.0666059  -0.15382  0.294716  0.0940631  -0.0666059  0.0940631  0.16191
0.331128  -0.153809  -0.0665845  -0.153809  0.294703  0.0940468  -0.0665845  0.0940468  0.161901
0.331062  -0.153691  -0.0665121  -0.153691  0.294556  0.0939588  -0.0665121  0.0939588  0.161871
0.33093  -0.153441  -0.0663272  -0.153441  0.294224  0.093743  -0.0663272  0.093743  0.161791
0.33092  -0.153431  -0.0663059  -0.153431  0.294211  0.0937267  -0.0663059  0.0937267  0.161783
0.330741  -0.153129  -0.066081  -0.153129  0.293834  0.0934794  -0.066081  0.0934794  0.161692
0.33062  -0.15292  -0.0659329  -0.15292  0.293574  0.0933125  -0.0659329  0.0933125  0.161632
0.330601  -0.152885  -0.065916  -0.152885  0.293529  0.0932888  -0.065916  0.0932888  0.161625
0.330424  -0.152585  -0.0656923  -0.152585  0.293155  0.093043  -0.0656923  0.093043  0.161536
0.330396  -0.152539  -0.0656544  -0.152539  0.293098  0.0930034  -0.0656544  0.0930034  0.161521
0.330312  -0.152402  -0.0655406  -0.152402  0.292927  0.0928846  -0.0655406  0.0928846  0.161475
0.330082  -0.152026  -0.0652824  -0.152026  0.29248  0.0926011  -0.0652824  0.0926011  0.161377
0.330054  -0.151981  -0.0652447  -0.151981  0.292423  0.0925617  -0.0652447  0.0925617  0.161362
0.329954  -0.151823  -0.0651548  -0.151823  0.292248  0.0924601  -0.0651548  0.0924601  0.161331
0.329707  -0.15143  -0.0648561  -0.15143  0.291778  0.0921466  -0.0648561  0.0921466  0.161218
0.32967  -0.15136  -0.064823  -0.15136  0.291691  0.0921002  -0.064823  0.0921002  0.161204
0.329426  -0.150982  -0.0645654  -0.150982  0.291262  0.0918278  -0.0645654  0.0918278  0.161112
0.329408  -0.150947  -0.0645489  -0.150947  0.291219  0.0918047  -0.0645489  0.0918047  0.161105
0.329156  -0.150561  -0.0642715  -0.150561  0.290779  0.0915179  -0.0642715  0.0915179  0.161006
0.329138  -0.150526  -0.0642551  -0.150526  0.290735  0.0914949  -0.0642551  0.0914949  0.161
0.32903  -0.150361  -0.0641459  -0.150361  0.29055  0.0913792  -0.0641459  0.0913792  0.160962
0.328746  -0.149921  -0.063877  -0.149921  0.290065  0.0910876  -0.063877  0.0910876  0.160871
0.328737  -0.149911  -0.0638563  -0.149911  0.290053  0.0910719  -0.0638563  0.0910719  0.160863
0.328472  -0.149509  -0.0636048  -0.149509  0.289613  0.0908046  -0.0636048  0.0908046  0.160779
0.328454  -0.149474  -0.0635887  -0.149474  0.28957  0.0907818  -0.0635887  0.0907818  0.160773
0.328191  -0.149073  -0.0633384  -0.149073  0.289133  0.0905157  -0.0633384  0.0905157  0.16069
0.328174  -0.149039  -0.0633223  -0.149039  0.28909  0.0904931  -0.0633223  0.0904931  0.160683
0.327912  -0.148654  -0.063048  -0.148654  0.288672  0.09022  -0.063048  0.09022  0.160593
0.327747  -0.148408  -0.0628864  -0.148408  0.288407  0.090054  -0.0628864  0.090054  0.160541
0.32773  -0.148374  -0.0628704  -0.148374  0.288365  0.0900315  -0.0628704  0.0900315  0.160535
0.327617  -0.148231  -0.062757  -0.148231  0.288227  0.0899334  -0.062757  0.0899334  0.160502
0.327358  -0.14785  -0.0624852  -0.14785  0.287812  0.0896629  -0.0624852  0.0896629  0.160413
0.327332  -0.147807  -0.0624489  -0.147807  0.287758  0.0896252  -0.0624489  0.0896252  0.1604
0.327059  -0.147394  -0.0621626  -0.147394  0.287305  0.0893339  -0.0621626  0.0893339  0.160307
0.327033  -0.147351  -0.0621265  -0.147351  0.287251  0.0892964  -0.0621265  0.0892964  0.160293
0.326914  -0.147185  -0.0620189  -0.147185  0.287085  0.0891926  -0.0620189  0.0891926  0.160262
0.32666  -0.146808  -0.0617502  -0.146808  0.286676  0.0889254  -0.0617502  0.0889254  0.160177
0.326652  -0.146784  -0.0617547  -0.146784  0.286647  0.0889184  -0.0617547  0.0889184  0.160178
0.326375  -0.146379  -0.0614898  -0.146379  0.286223  0.0886533  -0.0614898  0.0886533  0.160098
0.32635  -0.146336  -0.061454  -0.146336  0.28617  0.0886163  -0.061454  0.0886163  0.160085
0.326051  -0.145904  -0.0611931  -0.145904  0.285732  0.0883533  -0.0611931  0.0883533  0.160012
