0.31813  -0.145032  -0.083007  -0.145032  0.305576  0.112231  -0.083007  0.112231  0.175119
0.318146  -0.145039  -0.0830113  -0.145039  0.305564  0.112224  -0.0830113  0.112224  0.175115
0.318154  -0.145048  -0.0830333  -0.145048  0.305579  0.112242  -0.0830333  0.112242  0.175128
0.318154  -0.145048  -0.0830333  -0.145048  0.305579  0.112242  -0.0830333  0.112242  0.175128
0.31817  -0.145055  -0.0830376  -0.145055  0.305566  0.112235  -0.0830376  0.112235  0.175125
0.31817  -0.145055  -0.0830376  -0.145055  0.305566  0.112235  -0.0830376  0.112235  0.175125
0.31817  -0.145055  -0.0830376  -0.145055  0.305566  0.112235  -0.0830376  0.112235  0.175125
0.318186  -0.145063  -0.0830418  -0.145063  0.305554  0.112227  -0.0830418  0.112227  0.175121
0.318186  -0.145063  -0.0830418  -0.145063  0.305554  0.112227  -0.0830418  0.112227  0.175121
0.318186  -0.145063  -0.0830418  -0.145063  0.305554  0.112227  -0.0830418  0.112227  0.175121
0.318209  -0.145094  -0.0830428  -0.145094  0.305571  0.11223  -0.0830428  0.11223  0.175115
0.318209  -0.145094  -0.0830428  -0.145094  0.305571  0.11223  -0.0830428  0.11223  0.175115
0.318209  -0.145094  -0.0830428  -0.145094  0.305571  0.11223  -0.0830428  0.11223  0.175115
0.318209  -0.145094  -0.0830428  -0.145094  0.305571  0.11223  -0.0830428  0.11223  0.175115
0.318225  -0.145101  -0.083047  -0.145101  0.305559  0.112222  -0.083047  0.112222  0.175112
0.318225  -0.145101  -0.083047  -0.145101  0.305559  0.112222  -0.083047  0.112222  0.175112
0.318225  -0.145101  -0.083047  -0.145101  0.305559  0.112222  -0.083047  0.112222  0.175112
0.318241  -0.145109  -0.0830513  -0.145109  0.305547  0.112215  -0.0830513  0.112215  0.175108
0.318241  -0.145109  -0.0830513  -0.145109  0.305547  0.112215  -0.0830513  0.112215  0.175108
0.318241  -0.145109  -0.0830513  -0.145109  0.305547  0.112215  -0.0830513  0.112215  0.175108
0.318258  -0.145116  -0.0830555  -0.145116  0.305535  0.112208  -0.0830555  0.112208  0.175104
0.318258  -0.145116  -0.0830555  -0.145116  0.305535  0.112208  -0.0830555  0.112208  0.175104
0.318251  -0.145093  -0.0830588  -0.145093  0.305505  0.112198  -0.0830588  0.112198  0.175106
0.318251  -0.145093  -0.0830588  -0.145093  0.305505  0.112198  -0.0830588  0.112198  0.175106
0.318251  -0.145093  -0.0830588  -0.145093  0.305505  0.112198  -0.0830588  0.112198  0.175106
0.318267  -0.1451  -0.0830631  -0.1451  0.305493  0.112191  -0.0830631  0.112191  0.175102
0.318267  -0.1451  -0.0830631  -0.1451  0.305493  0.112191  -0.0830631  0.112191  0.175102
0.318267  -0.1451  -0.0830631  -0.1451  0.305493  0.112191  -0.0830631  0.112191  0.175102
0.318267  -0.1451  -0.0830631  -0.1451  0.305493  0.112191  -0.0830631  0.112191  0.175102
0.318267  -0.1451  -0.0830631  -0.1451  0.305493  0.112191  -0.0830631  0.112191  0.175102
0.31826  -0.145076  -0.0830663  -0.145076  0.305463  0.112181  -0.0830663  0.112181  0.175104
0.31826  -0.145076  -0.0830663  -0.145076  0.305463  0.112181  -0.0830663  0.112181  0.175104
0.31826  -0.145076  -0.0830663  -0.145076  0.305463  0.112181  -0.0830663  0.112181  0.175104
0.31826  -0.145076  -0.0830663  -0.145076  0.305463  0.112181  -0.0830663  0.112181  0.175104
0.31826  -0.145076  -0.0830663  -0.145076  0.305463  0.112181  -0.0830663  0.112181  0.175104
0.318252  -0.145053  -0.0830696  -0.145053  0.305434  0.112171  -0.0830696  0.112171  0.175106
0.318252  -0.145053  -0.0830696  -0.145053  0.305434  0.112171  -0.0830696  0.112171  0.175106
0.318269  -0.14506  -0.0830739  -0.14506  0.305421  0.112164  -0.0830739  0.112164  0.175102
0.318269  -0.14506  -0.0830739  -0.14506  0.305421  0.112164  -0.0830739  0.112164  0.175102
0.318269  -0.14506  -0.0830739  -0.14506  0.305421  0.112164  -0.0830739  0.112164  0.175102
0.318262  -0.145036  -0.0830772  -0.145036  0.305392  0.112154  -0.0830772  0.112154  0.175104
0.318262  -0.145036  -0.0830772  -0.145036  0.305392  0.112154  -0.0830772  0.112154  0.175104
0.318262  -0.145036  -0.0830772  -0.145036  0.305392  0.112154  -0.0830772  0.112154  0.175104
0.318262  -0.145036  -0.0830772  -0.145036  0.305392  0.112154  -0.0830772  0.112154  0.175104
0.318247  -0.145004  -0.0830584  -0.145004  0.305348  0.112126  -0.0830584  0.112126  0.175092
0.318247  -0.145004  -0.0830584  -0.145004  0.305348  0.112126  -0.0830584  0.112126  0.175092
0.318247  -0.145004  -0.0830584  -0.145004  0.305348  0.112126  -0.0830584  0.112126  0.175092
0.318247  -0.145004  -0.0830584  -0.145004  0.305348  0.112126  -0.0830584  0.112126  0.175092
0.318247  -0.145004  -0.0830584  -0.145004  0.305348  0.112126  -0.0830584  0.112126  0.175092
0.318256  -0.144987  -0.083066  -0.144987  0.305306  0.112109  -0.083066  0.112109  0.17509
0.318256  -0.144987  -0.083066  -0.144987  0.305306  0.112109  -0.083066  0.112109  0.17509
0.318256  -0.144987  -0.083066  -0.144987  0.305306  0.112109  -0.083066  0.112109  0.17509
0.318256  -0.144987  -0.083066  -0.144987  0.305306  0.112109  -0.083066  0.112109  0.17509
0.318256  -0.144987  -0.083066  -0.144987  0.305306  0.112109  -0.083066  0.112109  0.17509
0.318256  -0.144987  -0.083066  -0.144987  0.305306  0.112109  -0.083066  0.112109  0.17509
0.318256  -0.144987  -0.083066  -0.144987  0.305306  0.112109  -0.083066  0.112109  0.17509
0.318256  -0.144987  -0.083066  -0.144987  0.305306  0.112109  -0.083066  0.112109  0.17509
0.318263  -0.144996  -0.083088  -0.144996  0.30532  0.112128  -0.083088  0.112128  0.175104
0.318263  -0.144996  -0.083088  -0.144996  0.30532  0.112128  -0.083088  0.112128  0.175104
0.318263  -0.144996  -0.083088  -0.144996  0.30532  0.112128  -0.083088  0.112128  0.175104
0.318263  -0.144996  -0.083088  -0.144996  0.30532  0.112128  -0.083088  0.112128  0.175104
0.318263  -0.144996  -0.083088  -0.144996  0.30532  0.112128  -0.083088  0.112128  0.175104
0.318271  -0.14502  -0.0830847  -0.14502  0.30535  0.112137  -0.0830847  0.112137  0.175102
0.318271  -0.14502  -0.0830847  -0.14502  0.30535  0.112137  -0.0830847  0.112137  0.175102
0.318271  -0.14502  -0.0830847  -0.14502  0.30535  0.112137  -0.0830847  0.112137  0.175102
0.318271  -0.14502  -0.0830847  -0.14502  0.30535  0.112137  -0.0830847  0.112137  0.175102
0.318271  -0.14502  -0.0830847  -0.14502  0.30535  0.112137  -0.0830847  0.112137  0.175102
0.318263  -0.145011  -0.0830627  -0.145011  0.305336  0.112119  -0.0830627  0.112119  0.175089
0.318263  -0.145011  -0.0830627  -0.145011  0.305336  0.112119  -0.0830627  0.112119  0.175089
0.318263  -0.145011  -0.0830627  -0.145011  0.305336  0.112119  -0.0830627  0.112119  0.175089
0.318263  -0.145011  -0.0830627  -0.145011  0.305336  0.112119  -0.0830627  0.112119  0.175089
0.318263  -0.145011  -0.0830627  -0.145011  0.305336  0.112119  -0.0830627  0.112119  0.175089
0.318263  -0.145011  -0.0830627  -0.145011  0.305336  0.112119  -0.0830627  0.112119  0.175089
0.318263  -0.145011  -0.0830627  -0.145011  0.305336  0.112119  -0.0830627  0.112119  0.175089
0.318263  -0.145011  -0.0830627  -0.145011  0.305336  0.112119  -0.0830627  0.112119  0.175089
0.318263  -0.145011  -0.0830627  -0.145011  0.305336  0.112119  -0.0830627  0.112119  0.175089
0.318263  -0.145011  -0.0830627  -0.145011  0.305336  0.112119  -0.0830627  0.112119  0.175089
0.318256  -0.145002  -0.0830406  -0.145002  0.305321  0.112101  -0.0830406  0.112101  0.175076
0.318256  -0.145002  -0.0830406  -0.145002  0.305321  0.112101  -0.0830406  0.112101  0.175076
0.318256  -0.145002  -0.0830406  -0.145002  0.305321  0.112101  -0.0830406  0.112101  0.175076
0.318256  -0.145002  -0.0830406  -0.145002  0.305321  0.112101  -0.0830406  0.112101  0.175076
0.318256  -0.145002  -0.0830406  -0.145002  0.305321  0.112101  -0.0830406  0.112101  0.175076
0.318256  -0.145002  -0.0830406  -0.145002  0.305321  0.112101  -0.0830406  0.112101  0.175076
0.318256  -0.145002  -0.0830406  -0.145002  0.305321  0.112101  -0.0830406  0.112101  0.175076
0.318256  -0.145002  -0.0830406  -0.145002  0.305321  0.112101  -0.0830406  0.112101  0.175076
0.318256  -0.145002  -0.0830406  -0.145002  0.305321  0.112101  -0.0830406  0.112101  0.175076
0.318256  -0.145002  -0.0830406  -0.145002  0.305321  0.112101  -0.0830406  0.112101  0.175076
0.318256  -0.145002  -0.0830406  -0.145002  0.305321  0.112101  -0.0830406  0.112101  0.175076
0.318256  -0.145002  -0.0830406  -0.145002  0.305321  0.112101  -0.0830406  0.112101  0.175076
0.318256  -0.145002  -0.0830406  -0.145002  0.305321  0.112101  -0.0830406  0.112101  0.175076
0.318256  -0.145002  -0.0830406  -0.145002  0.305321  0.112101  -0.0830406  0.112101  0.175076
0.318256  -0.145002  -0.0830406  -0.145002  0.305321  0.112101  -0.0830406  0.112101  0.175076
0.318256  -0.145002  -0.0830406  -0.145002  0.305321  0.112101  -0.0830406  0.112101  0.175076
0.318256  -0.145002  -0.0830406  -0.145002  0.305321  0.112101  -0.0830406  0.112101  0.175076
0.318273  -0.145009  -0.0830448  -0.145009  0.305309  0.112093  -0.0830448  0.112093  0.175072
0.318273  -0.145009  -0.0830448  -0.145009  0.305309  0.112093  -0.0830448  0.112093  0.175072
0.318273  -0.145009  -0.0830448  -0.145009  0.305309  0.112093  -0.0830448  0.112093  0.175072
0.31828  -0.145033  -0.0830415  -0.145033  0.305339  0.112103  -0.0830415  0.112103  0.17507
0.31828  -0.145033  -0.0830415  -0.145033  0.305339  0.112103  -0.0830415  0.112103  0.17507
0.31828  -0.145033  -0.0830415  -0.145033  0.305339  0.112103  -0.0830415  0.112103  0.17507
0.31828  -0.145033  -0.0830415  -0.145033  0.305339  0.112103  -0.0830415  0.112103  0.17507
0.31828  -0.145033  -0.0830415  -0.145033  0.305339  0.112103  -0.0830415  0.112103  0.17507
0.31828  -0.145033  -0.0830415  -0.145033  0.305339  0.112103  -0.0830415  0.112103  0.17507
0.31828  -0.145033  -0.0830415  -0.145033  0.305339  0.112103  -0.0830415  0.112103  0.17507
0.31828  -0.145033  -0.0830415  -0.145033  0.305339  0.112103  -0.0830415  0.112103  0.17507
0.31828  -0.145033  -0.0830415  -0.145033  0.305339  0.112103  -0.0830415  0.112103  0.17507
0.318287  -0.145057  -0.0830382  -0.145057  0.305368  0.112113  -0.0830382  0.112113  0.175068
0.318287  -0.145057  -0.0830382  -0.145057  0.305368  0.112113  -0.0830382  0.112113  0.175068
0.318287  -0.145057  -0.0830382  -0.145057  0.305368  0.112113  -0.0830382  0.112113  0.175068
0.318287  -0.145057  -0.0830382  -0.145057  0.305368  0.112113  -0.0830382  0.112113  0.175068
0.318287  -0.145057  -0.0830382  -0.145057  0.305368  0.112113  -0.0830382  0.112113  0.175068
0.318271  -0.145049  -0.083034  -0.145049  0.30538  0.11212  -0.083034  0.11212  0.175072
0.318271  -0.145049  -0.083034  -0.145049  0.30538  0.11212  -0.083034  0.11212  0.175072
0.318271  -0.145049  -0.083034  -0.145049  0.30538  0.11212  -0.083034  0.11212  0.175072
0.318271  -0.145049  -0.083034  -0.145049  0.30538  0.11212  -0.083034  0.11212  0.175072
0.318271  -0.145049  -0.083034  -0.145049  0.30538  0.11212  -0.083034  0.11212  0.175072
0.318278  -0.145073  -0.0830307  -0.145073  0.30541  0.11213  -0.0830307  0.11213  0.17507
0.318278  -0.145073  -0.0830307  -0.145073  0.30541  0.11213  -0.0830307  0.11213  0.17507
0.318278  -0.145073  -0.0830307  -0.145073  0.30541  0.11213  -0.0830307  0.11213  0.17507
0.318261  -0.145066  -0.0830265  -0.145066  0.305422  0.112137  -0.0830265  0.112137  0.175074
0.318261  -0.145066  -0.0830265  -0.145066  0.305422  0.112137  -0.0830265  0.112137  0.175074
0.318269  -0.145089  -0.0830232  -0.145089  0.305452  0.112147  -0.0830232  0.112147  0.175072
0.318269  -0.145089  -0.0830232  -0.145089  0.305452  0.112147  -0.0830232  0.112147  0.175072
0.318269  -0.145089  -0.0830232  -0.145089  0.305452  0.112147  -0.0830232  0.112147  0.175072
0.318269  -0.145089  -0.0830232  -0.145089  0.305452  0.112147  -0.0830232  0.112147  0.175072
0.318269  -0.145089  -0.0830232  -0.145089  0.305452  0.112147  -0.0830232  0.112147  0.175072
0.318252  -0.145082  -0.0830189  -0.145082  0.305464  0.112154  -0.0830189  0.112154  0.175076
0.318252  -0.145082  -0.0830189  -0.145082  0.305464  0.112154  -0.0830189  0.112154  0.175076
0.318252  -0.145082  -0.0830189  -0.145082  0.305464  0.112154  -0.0830189  0.112154  0.175076
0.318252  -0.145082  -0.0830189  -0.145082  0.305464  0.112154  -0.0830189  0.112154  0.175076
0.318252  -0.145082  -0.0830189  -0.145082  0.305464  0.112154  -0.0830189  0.112154  0.175076
0.318252  -0.145082  -0.0830189  -0.145082  0.305464  0.112154  -0.0830189  0.112154  0.175076
0.318252  -0.145082  -0.0830189  -0.145082  0.305464  0.112154  -0.0830189  0.112154  0.175076
0.318243  -0.145098  -0.0830114  -0.145098  0.305506  0.112171  -0.0830114  0.112171  0.175078
0.318243  -0.145098  -0.0830114  -0.145098  0.305506  0.112171  -0.0830114  0.112171  0.175078
0.318243  -0.145098  -0.0830114  -0.145098  0.305506  0.112171  -0.0830114  0.112171  0.175078
0.318243  -0.145098  -0.0830114  -0.145098  0.305506  0.112171  -0.0830114  0.112171  0.175078
0.318243  -0.145098  -0.0830114  -0.145098  0.305506  0.112171  -0.0830114  0.112171  0.175078
0.318243  -0.145098  -0.0830114  -0.145098  0.305506  0.112171  -0.0830114  0.112171  0.175078
0.318243  -0.145098  -0.0830114  -0.145098  0.305506  0.112171  -0.0830114  0.112171  0.175078
0.318243  -0.145098  -0.0830114  -0.145098  0.305506  0.112171  -0.0830114  0.112171  0.175078
0.318243  -0.145098  -0.0830114  -0.145098  0.305506  0.112171  -0.0830114  0.112171  0.175078
0.318236  -0.145089  -0.0829893  -0.145089  0.305492  0.112153  -0.0829893  0.112153  0.175065
0.318236  -0.145089  -0.0829893  -0.145089  0.305492  0.112153  -0.0829893  0.112153  0.175065
0.318243  -0.145113  -0.082986  -0.145113  0.305521  0.112162  -0.082986  0.112162  0.175063
0.318243  -0.145113  -0.082986  -0.145113  0.305521  0.112162  -0.082986  0.112162  0.175063
0.318243  -0.145113  -0.082986  -0.145113  0.305521  0.112162  -0.082986  0.112162  0.175063
0.318252  -0.145111  -0.0829682  -0.145111  0.305495  0.112136  -0.0829682  0.112136  0.175046
0.318252  -0.145111  -0.0829682  -0.145111  0.305495  0.112136  -0.0829682  0.112136  0.175046
0.318252  -0.145111  -0.0829682  -0.145111  0.305495  0.112136  -0.0829682  0.112136  0.175046
0.318252  -0.145111  -0.0829682  -0.145111  0.305495  0.112136  -0.0829682  0.112136  0.175046
0.318245  -0.145102  -0.0829461  -0.145102  0.30548  0.112118  -0.0829461  0.112118  0.175033
0.318245  -0.145102  -0.0829461  -0.145102  0.30548  0.112118  -0.0829461  0.112118  0.175033
0.318245  -0.145102  -0.0829461  -0.145102  0.30548  0.112118  -0.0829461  0.112118  0.175033
0.318245  -0.145102  -0.0829461  -0.145102  0.30548  0.112118  -0.0829461  0.112118  0.175033
0.318245  -0.145102  -0.0829461  -0.145102  0.30548  0.112118  -0.0829461  0.112118  0.175033
0.318261  -0.14511  -0.0829504  -0.14511  0.305468  0.112111  -0.0829504  0.112111  0.175029
0.318261  -0.14511  -0.0829504  -0.14511  0.305468  0.112111  -0.0829504  0.112111  0.175029
0.318269  -0.145133  -0.0829471  -0.145133  0.305498  0.11212  -0.0829471  0.11212  0.175027
0.318269  -0.145133  -0.0829471  -0.145133  0.305498  0.11212  -0.0829471  0.11212  0.175027
0.318269  -0.145133  -0.0829471  -0.145133  0.305498  0.11212  -0.0829471  0.11212  0.175027
0.318269  -0.145133  -0.0829471  -0.145133  0.305498  0.11212  -0.0829471  0.11212  0.175027
0.318269  -0.145133  -0.0829471  -0.145133  0.305498  0.11212  -0.0829471  0.11212  0.175027
0.318285  -0.145141  -0.0829513  -0.145141  0.305485  0.112113  -0.0829513  0.112113  0.175024
0.318292  -0.14515  -0.0829734  -0.14515  0.3055  0.112131  -0.0829734  0.112131  0.175037
0.318292  -0.14515  -0.0829734  -0.14515  0.3055  0.112131  -0.0829734  0.112131  0.175037
0.318292  -0.14515  -0.0829734  -0.14515  0.3055  0.112131  -0.0829734  0.112131  0.175037
0.318292  -0.14515  -0.0829734  -0.14515  0.3055  0.112131  -0.0829734  0.112131  0.175037
0.318292  -0.14515  -0.0829734  -0.14515  0.3055  0.112131  -0.0829734  0.112131  0.175037
0.318292  -0.14515  -0.0829734  -0.14515  0.3055  0.112131  -0.0829734  0.112131  0.175037
0.318292  -0.14515  -0.0829734  -0.14515  0.3055  0.112131  -0.0829734  0.112131  0.175037
0.318285  -0.145126  -0.0829767  -0.145126  0.30547  0.112122  -0.0829767  0.112122  0.175038
0.318285  -0.145126  -0.0829767  -0.145126  0.30547  0.112122  -0.0829767  0.112122  0.175038
0.318285  -0.145126  -0.0829767  -0.145126  0.30547  0.112122  -0.0829767  0.112122  0.175038
0.318285  -0.145126  -0.0829767  -0.145126  0.30547  0.112122  -0.0829767  0.112122  0.175038
0.318285  -0.145126  -0.0829767  -0.145126  0.30547  0.112122  -0.0829767  0.112122  0.175038
0.318276  -0.145128  -0.0829945  -0.145128  0.305497  0.112147  -0.0829945  0.112147  0.175055
0.318276  -0.145128  -0.0829945  -0.145128  0.305497  0.112147  -0.0829945  0.112147  0.175055
0.318269  -0.145104  -0.0829978  -0.145104  0.305467  0.112138  -0.0829978  0.112138  0.175057
0.318269  -0.145104  -0.0829978  -0.145104  0.305467  0.112138  -0.0829978  0.112138  0.175057
0.318269  -0.145104  -0.0829978  -0.145104  0.305467  0.112138  -0.0829978  0.112138  0.175057
0.318269  -0.145104  -0.0829978  -0.145104  0.305467  0.112138  -0.0829978  0.112138  0.175057
0.318269  -0.145104  -0.0829978  -0.145104  0.305467  0.112138  -0.0829978  0.112138  0.175057
0.318269  -0.145104  -0.0829978  -0.145104  0.305467  0.112138  -0.0829978  0.112138  0.175057
0.318269  -0.145104  -0.0829978  -0.145104  0.305467  0.112138  -0.0829978  0.112138  0.175057
0.318269  -0.145104  -0.0829978  -0.145104  0.305467  0.112138  -0.0829978  0.112138  0.175057
0.318269  -0.145104  -0.0829978  -0.145104  0.305467  0.112138  -0.0829978  0.112138  0.175057
0.318269  -0.145104  -0.0829978  -0.145104  0.305467  0.112138  -0.0829978  0.112138  0.175057
0.318269  -0.145104  -0.0829978  -0.145104  0.305467  0.112138  -0.0829978  0.112138  0.175057
0.318261  -0.145095  -0.0829757  -0.145095  0.305453  0.112119  -0.0829757  0.112119  0.175044
0.318261  -0.145095  -0.0829757  -0.145095  0.305453  0.112119  -0.0829757  0.112119  0.175044
0.318261  -0.145095  -0.0829757  -0.145095  0.305453  0.112119  -0.0829757  0.112119  0.175044
0.318261  -0.145095  -0.0829757  -0.145095  0.305453  0.112119  -0.0829757  0.112119  0.175044
0.318278  -0.145102  -0.08298  -0.145102  0.30544  0.112112  -0.08298  0.112112  0.17504
0.318278  -0.145102  -0.08298  -0.145102  0.30544  0.112112  -0.08298  0.112112  0.17504
0.318278  -0.145102  -0.08298  -0.145102  0.30544  0.112112  -0.08298  0.112112  0.17504
0.318278  -0.145102  -0.08298  -0.145102  0.30544  0.112112  -0.08298  0.112112  0.17504
0.318278  -0.145102  -0.08298  -0.145102  0.30544  0.112112  -0.08298  0.112112  0.17504
0.318278  -0.145102  -0.08298  -0.145102  0.30544  0.112112  -0.08298  0.112112  0.17504
0.318301  -0.145119  -0.0830063  -0.145119  0.305443  0.112123  -0.0830063  0.112123  0.17505
0.318301  -0.145119  -0.0830063  -0.145119  0.305443  0.112123  -0.0830063  0.112123  0.17505
0.318301  -0.145119  -0.0830063  -0.145119  0.305443  0.112123  -0.0830063  0.112123  0.17505
0.318301  -0.145119  -0.0830063  -0.145119  0.305443  0.112123  -0.0830063  0.112123  0.17505
0.318301  -0.145119  -0.0830063  -0.145119  0.305443  0.112123  -0.0830063  0.112123  0.17505
0.318317  -0.145126  -0.0830105  -0.145126  0.30543  0.112116  -0.0830105  0.112116  0.175046
0.318317  -0.145126  -0.0830105  -0.145126  0.30543  0.112116  -0.0830105  0.112116  0.175046
0.318317  -0.145126  -0.0830105  -0.145126  0.30543  0.112116  -0.0830105  0.112116  0.175046
0.318317  -0.145126  -0.0830105  -0.145126  0.30543  0.112116  -0.0830105  0.112116  0.175046
0.318324  -0.145135  -0.0830326  -0.145135  0.305445  0.112134  -0.0830326  0.112134  0.175059
0.318324  -0.145135  -0.0830326  -0.145135  0.305445  0.112134  -0.0830326  0.112134  0.175059
0.318324  -0.145135  -0.0830326  -0.145135  0.305445  0.112134  -0.0830326  0.112134  0.175059
0.318324  -0.145135  -0.0830326  -0.145135  0.305445  0.112134  -0.0830326  0.112134  0.175059
0.318324  -0.145135  -0.0830326  -0.145135  0.305445  0.112134  -0.0830326  0.112134  0.175059
0.318324  -0.145135  -0.0830326  -0.145135  0.305445  0.112134  -0.0830326  0.112134  0.175059
0.318331  -0.145144  -0.0830546  -0.145144  0.305459  0.112153  -0.0830546  0.112153  0.175072
0.318339  -0.145168  -0.0830513  -0.145168  0.305489  0.112162  -0.0830513  0.112162  0.17507
0.318339  -0.145168  -0.0830513  -0.145168  0.305489  0.112162  -0.0830513  0.112162  0.17507
0.318339  -0.145168  -0.0830513  -0.145168  0.305489  0.112162  -0.0830513  0.112162  0.17507
0.318322  -0.145161  -0.0830471  -0.145161  0.305501  0.11217  -0.0830471  0.11217  0.175074
0.318322  -0.145161  -0.0830471  -0.145161  0.305501  0.11217  -0.0830471  0.11217  0.175074
0.318322  -0.145161  -0.0830471  -0.145161  0.305501  0.11217  -0.0830471  0.11217  0.175074
0.318322  -0.145161  -0.0830471  -0.145161  0.305501  0.11217  -0.0830471  0.11217  0.175074
0.318322  -0.145161  -0.0830471  -0.145161  0.305501  0.11217  -0.0830471  0.11217  0.175074
0.318322  -0.145161  -0.0830471  -0.145161  0.305501  0.11217  -0.0830471  0.11217  0.175074
0.318322  -0.145161  -0.0830471  -0.145161  0.305501  0.11217  -0.0830471  0.11217  0.175074
0.318322  -0.145161  -0.0830471  -0.145161  0.305501  0.11217  -0.0830471  0.11217  0.175074
0.318315  -0.145151  -0.083025  -0.145151  0.305487  0.112151  -0.083025  0.112151  0.175061
0.318315  -0.145151  -0.083025  -0.145151  0.305487  0.112151  -0.083025  0.112151  0.175061
0.318315  -0.145151  -0.083025  -0.145151  0.305487  0.112151  -0.083025  0.112151  0.175061
0.318315  -0.145151  -0.083025  -0.145151  0.305487  0.112151  -0.083025  0.112151  0.175061
0.318315  -0.145151  -0.083025  -0.145151  0.305487  0.112151  -0.083025  0.112151  0.175061
0.318331  -0.145159  -0.0830293  -0.145159  0.305474  0.112144  -0.0830293  0.112144  0.175057
0.318331  -0.145159  -0.0830293  -0.145159  0.305474  0.112144  -0.0830293  0.112144  0.175057
0.318324  -0.14515  -0.0830072  -0.14515  0.30546  0.112125  -0.0830072  0.112125  0.175044
0.318324  -0.14515  -0.0830072  -0.14515  0.30546  0.112125  -0.0830072  0.112125  0.175044
0.318324  -0.14515  -0.0830072  -0.14515  0.30546  0.112125  -0.0830072  0.112125  0.175044
0.318333  -0.145148  -0.0829894  -0.145148  0.305433  0.1121  -0.0829894  0.1121  0.175027
0.318333  -0.145148  -0.0829894  -0.145148  0.305433  0.1121  -0.0829894  0.1121  0.175027
0.318333  -0.145148  -0.0829894  -0.145148  0.305433  0.1121  -0.0829894  0.1121  0.175027
0.318326  -0.145139  -0.0829673  -0.145139  0.305419  0.112081  -0.0829673  0.112081  0.175014
0.318342  -0.145147  -0.0829715  -0.145147  0.305407  0.112074  -0.0829715  0.112074  0.17501
0.318335  -0.145138  -0.0829495  -0.145138  0.305392  0.112056  -0.0829495  0.112056  0.174997
0.318335  -0.145138  -0.0829495  -0.145138  0.305392  0.112056  -0.0829495  0.112056  0.174997
0.318344  -0.145136  -0.0829317  -0.145136  0.305366  0.11203  -0.0829317  0.11203  0.17498
0.318344  -0.145136  -0.0829317  -0.145136  0.305366  0.11203  -0.0829317  0.11203  0.17498
0.318353  -0.145134  -0.0829138  -0.145134  0.305339  0.112004  -0.0829138  0.112004  0.174964
0.318353  -0.145134  -0.0829138  -0.145134  0.305339  0.112004  -0.0829138  0.112004  0.174964
0.318353  -0.145134  -0.0829138  -0.145134  0.305339  0.112004  -0.0829138  0.112004  0.174964
0.318362  -0.145133  -0.082896  -0.145133  0.305312  0.111978  -0.082896  0.111978  0.174947
0.318362  -0.145133  -0.082896  -0.145133  0.305312  0.111978  -0.082896  0.111978  0.174947
0.318371  -0.145131  -0.0828782  -0.145131  0.305286  0.111953  -0.0828782  0.111953  0.17493
0.31838  -0.145129  -0.0828603  -0.145129  0.305259  0.111927  -0.0828603  0.111927  0.174913
0.31838  -0.145129  -0.0828603  -0.145129  0.305259  0.111927  -0.0828603  0.111927  0.174913
0.318382  -0.145119  -0.0828204  -0.145119  0.305218  0.111883  -0.0828204  0.111883  0.174883
0.318382  -0.145119  -0.0828204  -0.145119  0.305218  0.111883  -0.0828204  0.111883  0.174883
0.318391  -0.145117  -0.0828026  -0.145117  0.305192  0.111857  -0.0828026  0.111857  0.174866
0.318393  -0.145106  -0.0827627  -0.145106  0.305151  0.111813  -0.0827627  0.111813  0.174837
0.318393  -0.145106  -0.0827627  -0.145106  0.305151  0.111813  -0.0827627  0.111813  0.174837
0.318395  -0.145096  -0.0827229  -0.145096  0.30511  0.111769  -0.0827229  0.111769  0.174807
0.318395  -0.145096  -0.0827229  -0.145096  0.30511  0.111769  -0.0827229  0.111769  0.174807
0.318413  -0.145093  -0.0826872  -0.145093  0.305057  0.111718  -0.0826872  0.111718  0.174773
0.318415  -0.145082  -0.0826474  -0.145082  0.305016  0.111674  -0.0826474  0.111674  0.174744
0.318415  -0.145082  -0.0826474  -0.145082  0.305016  0.111674  -0.0826474  0.111674  0.174744
0.318417  -0.145071  -0.0826075  -0.145071  0.304975  0.11163  -0.0826075  0.11163  0.174714
0.31841  -0.145062  -0.0825855  -0.145062  0.30496  0.111612  -0.0825855  0.111612  0.174701
0.318428  -0.145059  -0.0825498  -0.145059  0.304907  0.11156  -0.0825498  0.11156  0.174668
0.318422  -0.145024  -0.0825133  -0.145024  0.304837  0.111507  -0.0825133  0.111507  0.17464
0.318422  -0.145024  -0.0825133  -0.145024  0.304837  0.111507  -0.0825133  0.111507  0.17464
0.318433  -0.145012  -0.0824557  -0.145012  0.304769  0.111437  -0.0824557  0.111437  0.174593
0.318433  -0.145012  -0.0824557  -0.145012  0.304769  0.111437  -0.0824557  0.111437  0.174593
0.318444  -0.145  -0.082398  -0.145  0.304702  0.111368  -0.082398  0.111368  0.174547
0.318446  -0.144989  -0.0823582  -0.144989  0.304661  0.111324  -0.0823582  0.111324  0.174518
0.318446  -0.144989  -0.0823582  -0.144989  0.304661  0.111324  -0.0823582  0.111324  0.174518
0.318464  -0.145  -0.0822972  -0.145  0.304623  0.111264  -0.0822972  0.111264  0.17447
0.318464  -0.145  -0.0822972  -0.145  0.304623  0.111264  -0.0822972  0.111264  0.17447
0.318491  -0.144995  -0.0822438  -0.144995  0.304544  0.111187  -0.0822438  0.111187  0.17442
0.318486  -0.144976  -0.082182  -0.144976  0.304489  0.111125  -0.082182  0.111125  0.174378
0.318502  -0.144983  -0.0821861  -0.144983  0.304476  0.111118  -0.0821861  0.111118  0.174374
0.318505  -0.144961  -0.0821066  -0.144961  0.304395  0.11103  -0.0821066  0.11103  0.174315
0.318498  -0.144952  -0.0820846  -0.144952  0.304381  0.111012  -0.0820846  0.111012  0.174302
0.318518  -0.144938  -0.0820092  -0.144938  0.304287  0.110917  -0.0820092  0.110917  0.17424
0.318522  -0.144917  -0.0819297  -0.144917  0.304205  0.11083  -0.0819297  0.11083  0.174181
0.318522  -0.144917  -0.0819297  -0.144917  0.304205  0.11083  -0.0819297  0.11083  0.174181
0.318557  -0.144925  -0.0818331  -0.144925  0.304115  0.110719  -0.0818331  0.110719  0.174101
0.31855  -0.144916  -0.0818112  -0.144916  0.304101  0.110701  -0.0818112  0.110701  0.174088
0.318579  -0.1449  -0.081718  -0.1449  0.303981  0.110581  -0.081718  0.110581  0.174009
0.318579  -0.1449  -0.081718  -0.1449  0.303981  0.110581  -0.081718  0.110581  0.174009
0.3186  -0.144875  -0.0816029  -0.144875  0.303846  0.110443  -0.0816029  0.110443  0.173918
0.318613  -0.144851  -0.0815056  -0.144851  0.303739  0.11033  -0.0815056  0.11033  0.173844
0.318613  -0.144851  -0.0815056  -0.144851  0.303739  0.11033  -0.0815056  0.11033  0.173844
0.318627  -0.144817  -0.0813687  -0.144817  0.30359  0.110174  -0.0813687  0.110174  0.17374
0.318627  -0.144817  -0.0813687  -0.144817  0.30359  0.110174  -0.0813687  0.110174  0.17374
0.318641  -0.144783  -0.0812319  -0.144783  0.303442  0.110019  -0.0812319  0.110019  0.173637
0.318647  -0.144751  -0.0811129  -0.144751  0.303321  0.109888  -0.0811129  0.109888  0.173551
0.318647  -0.144751  -0.0811129  -0.144751  0.303321  0.109888  -0.0811129  0.109888  0.173551
0.318653  -0.144708  -0.0809544  -0.144708  0.303159  0.109715  -0.0809544  0.109715  0.173436
0.318662  -0.144706  -0.0809366  -0.144706  0.303133  0.109689  -0.0809366  0.109689  0.17342
0.318662  -0.144654  -0.0807564  -0.144654  0.302957  0.109498  -0.0807564  0.109498  0.173293
0.318674  -0.144645  -0.0806342  -0.144645  0.302865  0.109378  -0.0806342  0.109378  0.173206
0.318683  -0.144643  -0.0806164  -0.144643  0.302839  0.109353  -0.0806164  0.109353  0.173189
0.318683  -0.144591  -0.0804364  -0.144591  0.302664  0.109162  -0.0804364  0.109162  0.173063
0.318699  -0.144598  -0.0804404  -0.144598  0.302651  0.109155  -0.0804404  0.109155  0.17306
0.318715  -0.144553  -0.0802645  -0.144553  0.302464  0.108957  -0.0802645  0.108957  0.17293
0.318712  -0.144512  -0.0801242  -0.144512  0.302329  0.10881  -0.0801242  0.10881  0.172833
0.318721  -0.14451  -0.0801065  -0.14451  0.302303  0.108785  -0.0801065  0.108785  0.172817
0.318737  -0.144465  -0.0799307  -0.144465  0.302116  0.108588  -0.0799307  0.108588  0.172689
0.318746  -0.144463  -0.079913  -0.144463  0.30209  0.108563  -0.079913  0.108563  0.172673
0.318761  -0.144432  -0.0797122  -0.144432  0.301918  0.108357  -0.0797122  0.108357  0.172531
0.318784  -0.144396  -0.0795584  -0.144396  0.301745  0.108178  -0.0795584  0.108178  0.172415
0.318776  -0.144387  -0.0795368  -0.144387  0.301732  0.108161  -0.0795368  0.108161  0.172403
0.318793  -0.144331  -0.079322  -0.144331  0.301505  0.107922  -0.079322  0.107922  0.172249
0.318802  -0.144329  -0.0793043  -0.144329  0.301479  0.107897  -0.0793043  0.107897  0.172233
0.31881  -0.144289  -0.0790824  -0.144289  0.301294  0.107675  -0.0790824  0.107675  0.172081
0.318809  -0.144237  -0.0789035  -0.144237  0.301121  0.107487  -0.0789035  0.107487  0.171959
0.318818  -0.144235  -0.0788857  -0.144235  0.301095  0.107462  -0.0788857  0.107462  0.171943
0.318804  -0.144154  -0.0786247  -0.144154  0.300854  0.107196  -0.0786247  0.107196  0.171771
0.318813  -0.144152  -0.0786069  -0.144152  0.300828  0.107171  -0.0786069  0.107171  0.171756
0.318799  -0.14407  -0.0783462  -0.14407  0.300588  0.106907  -0.0783462  0.106907  0.171584
0.318784  -0.144  -0.078125  -0.144  0.300388  0.106685  -0.078125  0.106685  0.171441
0.318793  -0.143998  -0.0781073  -0.143998  0.300362  0.10666  -0.0781073  0.10666  0.171426
0.31875  -0.143867  -0.0777866  -0.143867  0.300052  0.106335  -0.0777866  0.106335  0.171223
0.318759  -0.143865  -0.0777689  -0.143865  0.300026  0.10631  -0.0777689  0.10631  0.171208
0.318724  -0.143757  -0.0774452  -0.143757  0.299747  0.105996  -0.0774452  0.105996  0.171006
0.318732  -0.143755  -0.0774275  -0.143755  0.299721  0.105971  -0.0774275  0.105971  0.17099
0.318706  -0.143645  -0.0770867  -0.143645  0.299416  0.105633  -0.0770867  0.105633  0.170775
0.318698  -0.143637  -0.0770654  -0.143637  0.299403  0.105615  -0.0770654  0.105615  0.170763
0.318672  -0.143512  -0.0767502  -0.143512  0.299083  0.105286  -0.0767502  0.105286  0.170562
0.318656  -0.143442  -0.0765309  -0.143442  0.298885  0.105068  -0.0765309  0.105068  0.170424
0.318642  -0.143425  -0.0764884  -0.143425  0.298858  0.105033  -0.0764884  0.105033  0.170401
0.318615  -0.143315  -0.0761494  -0.143315  0.298556  0.104698  -0.0761494  0.104698  0.17019
0.318624  -0.143313  -0.0761318  -0.143313  0.29853  0.104673  -0.0761318  0.104673  0.170175
0.318588  -0.143206  -0.0758109  -0.143206  0.298254  0.104363  -0.0758109  0.104363  0.16998
0.318559  -0.143104  -0.0755753  -0.143104  0.298015  0.104121  -0.0755753  0.104121  0.169835
0.31856  -0.143093  -0.0755366  -0.143093  0.297976  0.104079  -0.0755366  0.104079  0.16981
0.318518  -0.142977  -0.0751958  -0.142977  0.297688  0.103754  -0.0751958  0.103754  0.169607
0.318511  -0.142968  -0.0751748  -0.142968  0.297675  0.103737  -0.0751748  0.103737  0.169596
0.318477  -0.14285  -0.0748172  -0.14285  0.297362  0.103389  -0.0748172  0.103389  0.16938
0.318447  -0.142763  -0.0745582  -0.142763  0.297141  0.10314  -0.0745582  0.10314  0.169227
0.318433  -0.142745  -0.0745163  -0.142745  0.297114  0.103107  -0.0745163  0.103107  0.169206
0.318385  -0.142596  -0.0741428  -0.142596  0.296761  0.102735  -0.0741428  0.102735  0.168984
0.318393  -0.142593  -0.0741253  -0.142593  0.296735  0.102711  -0.0741253  0.102711  0.16897
0.318359  -0.142476  -0.0737697  -0.142476  0.296425  0.102366  -0.0737697  0.102366  0.168759
0.31833  -0.142389  -0.0735123  -0.142389  0.296205  0.10212  -0.0735123  0.10212  0.168609
0.318331  -0.142378  -0.073474  -0.142378  0.296167  0.102079  -0.073474  0.102079  0.168585
0.318275  -0.142231  -0.0731203  -0.142231  0.295842  0.101735  -0.0731203  0.101735  0.168383
0.318252  -0.142153  -0.0728845  -0.142153  0.295636  0.101507  -0.0728845  0.101507  0.168246
0.318253  -0.142142  -0.0728463  -0.142142  0.295598  0.101467  -0.0728463  0.101467  0.168221
0.318218  -0.142035  -0.0725314  -0.142035  0.295328  0.101166  -0.0725314  0.101166  0.168041
0.318204  -0.141955  -0.0722789  -0.141955  0.295099  0.100915  -0.0722789  0.100915  0.167892
0.31819  -0.141938  -0.0722376  -0.141938  0.295073  0.100882  -0.0722376  0.100882  0.167872
0.318177  -0.141847  -0.0719475  -0.141847  0.294805  0.100592  -0.0719475  0.100592  0.1677
0.318178  -0.141836  -0.0719095  -0.141836  0.294767  0.100552  -0.0719095  0.100552  0.167676
0.318144  -0.141719  -0.0715582  -0.141719  0.294462  0.100214  -0.0715582  0.100214  0.167477
0.318137  -0.14171  -0.0715377  -0.14171  0.294449  0.100198  -0.0715377  0.100198  0.167467
0.318111  -0.141591  -0.0711697  -0.141591  0.294119  0.099837  -0.0711697  0.099837  0.167255
0.318075  -0.141481  -0.0709199  -0.141481  0.293876  0.0995885  -0.0709199  0.0995885  0.167116
0.318083  -0.141479  -0.0709025  -0.141479  0.29385  0.0995649  -0.0709025  0.0995649  0.167103
0.318064  -0.141369  -0.0705562  -0.141369  0.293535  0.0992225  -0.0705562  0.0992225  0.166904
0.31805  -0.141288  -0.0703063  -0.141288  0.293308  0.0989762  -0.0703063  0.0989762  0.166761
0.318036  -0.141271  -0.0702656  -0.141271  0.293283  0.0989441  -0.0702656  0.0989441  0.166743
0.318024  -0.141184  -0.0699163  -0.141184  0.292997  0.0986117  -0.0699163  0.0986117  0.166545
0.318032  -0.141181  -0.069899  -0.141181  0.292972  0.0985883  -0.069899  0.0985883  0.166532
0.31802  -0.141079  -0.0695746  -0.141079  0.292672  0.0982647  -0.0695746  0.0982647  0.166347
0.318005  -0.140999  -0.0693259  -0.140999  0.292447  0.0980206  -0.0693259  0.0980206  0.166208
0.318013  -0.140997  -0.0693086  -0.140997  0.292422  0.0979973  -0.0693086  0.0979973  0.166195
0.318001  -0.140895  -0.0689852  -0.140895  0.292122  0.0976755  -0.0689852  0.0976755  0.166013
0.317994  -0.140887  -0.068965  -0.140887  0.29211  0.0976596  -0.068965  0.0976596  0.166004
0.317975  -0.140776  -0.068622  -0.140776  0.291799  0.097323  -0.068622  0.097323  0.165814
0.31796  -0.140696  -0.0683745  -0.140696  0.291575  0.097081  -0.0683745  0.097081  0.165679
0.317968  -0.140694  -0.0683572  -0.140694  0.29155  0.0970578  -0.0683572  0.0970578  0.165666
0.317942  -0.140575  -0.0679951  -0.140575  0.291228  0.0967074  -0.0679951  0.0967074  0.16547
0.317928  -0.140558  -0.067955  -0.140558  0.291203  0.0966761  -0.067955  0.0966761  0.165453
0.317923  -0.140454  -0.0676165  -0.140454  0.290882  0.096335  -0.0676165  0.096335  0.165264
0.317915  -0.140382  -0.0673902  -0.140382  0.290672  0.0961108  -0.0673902  0.0961108  0.165141
0.317901  -0.140365  -0.0673503  -0.140365  0.290648  0.0960796  -0.0673503  0.0960796  0.165123
0.317882  -0.140255  -0.0670101  -0.140255  0.29034  0.0957479  -0.0670101  0.0957479  0.164942
0.317883  -0.140244  -0.0669729  -0.140244  0.290303  0.0957095  -0.0669729  0.0957095  0.164921
0.31787  -0.140142  -0.0666532  -0.140142  0.290009  0.0953943  -0.0666532  0.0953943  0.164749
0.317855  -0.140062  -0.0664081  -0.140062  0.289788  0.0951565  -0.0664081  0.0951565  0.16462
0.317848  -0.140054  -0.0663883  -0.140054  0.289776  0.0951411  -0.0663883  0.0951411  0.164612
0.317843  -0.13995  -0.0660523  -0.13995  0.289458  0.0948048  -0.0660523  0.0948048  0.16443
0.317836  -0.139941  -0.0660325  -0.139941  0.289446  0.0947894  -0.0660325  0.0947894  0.164422
0.317838  -0.13986  -0.0656928  -0.13986  0.289157  0.0944618  -0.0656928  0.0944618  0.164241
0.317822  -0.13978  -0.0654489  -0.13978  0.288938  0.0942261  -0.0654489  0.0942261  0.164115
0.31783  -0.139777  -0.0654317  -0.139777  0.288913  0.0942033  -0.0654317  0.0942033  0.164103
0.317803  -0.139659  -0.065075  -0.139659  0.288598  0.0938621  -0.065075  0.0938621  0.163922
0.317797  -0.13965  -0.0650553  -0.13965  0.288586  0.0938469  -0.0650553  0.0938469  0.163914
0.317784  -0.139538  -0.0647018  -0.139538  0.288259  0.0934994  -0.0647018  0.0934994  0.163731
0.317778  -0.139529  -0.0646822  -0.139529  0.288247  0.0934843  -0.0646822  0.0934843  0.163723
0.317764  -0.139427  -0.0643661  -0.139427  0.287957  0.0931755  -0.0643661  0.0931755  0.163562
0.317756  -0.139356  -0.0641433  -0.139356  0.287752  0.0929576  -0.0641433  0.0929576  0.163448
0.317763  -0.139353  -0.0641262  -0.139353  0.287728  0.0929351  -0.0641262  0.0929351  0.163436
0.31775  -0.139252  -0.0638109  -0.139252  0.287439  0.0926278  -0.0638109  0.0926278  0.163277
0.317743  -0.139243  -0.0637914  -0.139243  0.287427  0.0926128  -0.0637914  0.0926128  0.16327
0.31773  -0.139142  -0.0634766  -0.139142  0.287139  0.0923065  -0.0634766  0.0923065  0.163112
0.317721  -0.13907  -0.0632548  -0.13907  0.286935  0.0920903  -0.0632548  0.0920903  0.163001
0.317729  -0.139068  -0.0632377  -0.139068  0.286911  0.092068  -0.0632377  0.092068  0.16299
0.317715  -0.138952  -0.0629475  -0.138952  0.286608  0.0917707  -0.0629475  0.0917707  0.162843
0.317709  -0.138943  -0.0629282  -0.138943  0.286597  0.0917558  -0.0629282  0.0917558  0.162835
0.317688  -0.138834  -0.0625954  -0.138834  0.286299  0.0914372  -0.0625954  0.0914372  0.162674
0.317665  -0.138757  -0.0623723  -0.138757  0.286109  0.0912303  -0.0623723  0.0912303  0.16257
0.317672  -0.138754  -0.0623552  -0.138754  0.286085  0.091208  -0.0623552  0.091208  0.162559
0.317638  -0.138624  -0.0620449  -0.138624  0.285784  0.090906  -0.0620449  0.090906  0.162413
0.317624  -0.138608  -0.0620064  -0.138608  0.285761  0.0908766  -0.0620064  0.0908766  0.162398
0.317603  -0.138509  -0.0617115  -0.138509  0.285501  0.0905974  -0.0617115  0.0905974  0.162259
0.317586  -0.138441  -0.0615088  -0.138441  0.285324  0.0904068  -0.0615088  0.0904068  0.162165
0.317594  -0.138438  -0.0614917  -0.138438  0.2853  0.0903847  -0.0614917  0.0903847  0.162154
0.317551  -0.138311  -0.0612  -0.138311  0.285025  0.0901072  -0.0612  0.0901072  0.162022
0.317559  -0.138309  -0.0611829  -0.138309  0.285001  0.0900851  -0.0611829  0.0900851  0.162011
0.317523  -0.138205  -0.0608872  -0.138205  0.284755  0.0898156  -0.0608872  0.0898156  0.16188
0.317506  -0.138136  -0.0606854  -0.138136  0.284579  0.0896264  -0.0606854  0.0896264  0.161788
0.317493  -0.138106  -0.0606708  -0.138106  0.28454  0.0896049  -0.0606708  0.0896049  0.161782
0.317457  -0.138002  -0.060376  -0.138002  0.284295  0.0893367  -0.060376  0.0893367  0.161653
0.317465  -0.137999  -0.060359  -0.137999  0.284271  0.0893148  -0.060359  0.0893148  0.161642
0.317429  -0.137881  -0.0600883  -0.137881  0.284011  0.0890547  -0.0600883  0.0890547  0.161522
0.317413  -0.137813  -0.0598874  -0.137813  0.283836  0.088867  -0.0598874  0.088867  0.161432
0.317406  -0.137805  -0.0598684  -0.137805  0.283824  0.0888527  -0.0598684  0.0888527  0.161425
0.317364  -0.137679  -0.0595795  -0.137679  0.283553  0.0885795  -0.0595795  0.0885795  0.1613
0.317351  -0.137649  -0.0595651  -0.137649  0.283515  0.0885583  -0.0595651  0.0885583  0.161295
0.317309  -0.137523  -0.0592768  -0.137523  0.283245  0.0882861  -0.0592768  0.0882861  0.161171
0.317302  -0.137515  -0.0592579  -0.137515  0.283234  0.0882719  -0.0592579  0.0882719  0.161165
0.317254  -0.137368  -0.0589747  -0.137368  0.282937  0.0879936  -0.0589747  0.0879936  0.161043
0.317217  -0.137273  -0.0587778  -0.137273  0.282749  0.0878086  -0.0587778  0.0878086  0.160961
0.31721  -0.137265  -0.058759  -0.137265  0.282738  0.0877945  -0.058759  0.0877945  0.160955
