0.33168  -0.160969  -0.0784729  -0.160969  0.311532  0.108323  -0.0784729  0.108323  0.169061
0.33168  -0.160969  -0.0784729  -0.160969  0.311532  0.108323  -0.0784729  0.108323  0.169061
0.331717  -0.160898  -0.0782942  -0.160898  0.311275  0.108091  -0.0782942  0.108091  0.168932
0.331714  -0.160766  -0.07805  -0.160766  0.310939  0.107793  -0.07805  0.107793  0.16877
0.331703  -0.160725  -0.0780112  -0.160725  0.310862  0.107739  -0.0780112  0.107739  0.168745
0.331516  -0.160088  -0.0776306  -0.160088  0.309809  0.107106  -0.0776306  0.107106  0.168493
0.331506  -0.160047  -0.077592  -0.160047  0.309733  0.107052  -0.077592  0.107052  0.168468
0.331202  -0.159324  -0.077065  -0.159324  0.308636  0.106336  -0.077065  0.106336  0.168163
0.330946  -0.158799  -0.0764845  -0.158799  0.307812  0.105686  -0.0764845  0.105686  0.167844
0.330926  -0.158748  -0.0764235  -0.158748  0.307722  0.105614  -0.0764235  0.105614  0.167808
0.330597  -0.157927  -0.0757626  -0.157927  0.306434  0.104741  -0.0757626  0.104741  0.167427
0.330578  -0.15786  -0.0757284  -0.15786  0.306326  0.10468  -0.0757284  0.10468  0.167404
0.330204  -0.157008  -0.0749338  -0.157008  0.304996  0.103717  -0.0749338  0.103717  0.166965
0.330184  -0.156957  -0.0748736  -0.156957  0.304907  0.103646  -0.0748736  0.103646  0.166931
0.329795  -0.15606  -0.074026  -0.15606  0.303503  0.102625  -0.074026  0.102625  0.166466
0.32957  -0.155408  -0.0735247  -0.155408  0.302446  0.101927  -0.0735247  0.101927  0.166174
0.329552  -0.155343  -0.0734914  -0.155343  0.30234  0.101867  -0.0734914  0.101867  0.166152
0.329244  -0.154558  -0.0727386  -0.154558  0.301067  0.100943  -0.0727386  0.100943  0.165737
0.329207  -0.154502  -0.0726766  -0.154502  0.300993  0.100883  -0.0726766  0.100883  0.165708
0.328904  -0.153648  -0.0719924  -0.153648  0.299619  0.0999619  -0.0719924  0.0999619  0.165322
0.328704  -0.153043  -0.0715193  -0.153043  0.298634  0.099309  -0.0715193  0.099309  0.165052
0.328677  -0.152969  -0.071465  -0.152969  0.298517  0.0992339  -0.071465  0.0992339  0.165021
0.328377  -0.152157  -0.0706719  -0.152157  0.297179  0.0982613  -0.0706719  0.0982613  0.164592
0.328341  -0.152073  -0.0705966  -0.152073  0.297051  0.0981703  -0.0705966  0.0981703  0.164553
0.328019  -0.151234  -0.0698769  -0.151234  0.295729  0.097258  -0.0698769  0.097258  0.164171
0.327789  -0.150642  -0.0693829  -0.150642  0.29481  0.0966306  -0.0693829  0.0966306  0.163913
0.327771  -0.150594  -0.0693257  -0.150594  0.294728  0.0965655  -0.0693257  0.0965655  0.163883
0.327435  -0.149818  -0.0685114  -0.149818  0.293508  0.0956432  -0.0685114  0.0956432  0.163477
0.327417  -0.149771  -0.0684547  -0.149771  0.293426  0.0955788  -0.0684547  0.0955788  0.163448
0.32707  -0.148949  -0.0677203  -0.148949  0.29218  0.0946997  -0.0677203  0.0946997  0.163085
0.327035  -0.148896  -0.0676614  -0.148896  0.292111  0.0946437  -0.0676614  0.0946437  0.163061
0.326667  -0.148008  -0.0669459  -0.148008  0.290787  0.0937513  -0.0669459  0.0937513  0.162709
0.326649  -0.147961  -0.06689  -0.147961  0.290707  0.0936884  -0.06689  0.0936884  0.162681
0.326284  -0.147137  -0.0661447  -0.147137  0.289485  0.0928205  -0.0661447  0.0928205  0.16233
0.326033  -0.146526  -0.0656511  -0.146526  0.288578  0.0922092  -0.0656511  0.0922092  0.162093
0.326008  -0.146456  -0.0656002  -0.146456  0.28847  0.0921399  -0.0656002  0.0921399  0.162068
0.325643  -0.145632  -0.0649084  -0.145632  0.287277  0.0913194  -0.0649084  0.0913194  0.16175
0.325619  -0.145562  -0.0648579  -0.145562  0.287169  0.0912508  -0.0648579  0.0912508  0.161725
0.325225  -0.14472  -0.0641291  -0.14472  0.285977  0.0904166  -0.0641291  0.0904166  0.161404
0.324982  -0.14415  -0.0636606  -0.14415  0.285147  0.089853  -0.0636606  0.089853  0.161191
0.324941  -0.144075  -0.0636087  -0.144075  0.285054  0.0897933  -0.0636087  0.0897933  0.161171
0.324571  -0.143292  -0.0628816  -0.143292  0.283938  0.0889888  -0.0628816  0.0889888  0.16086
0.324539  -0.143242  -0.0628259  -0.143242  0.283874  0.0889369  -0.0628259  0.0889369  0.160839
0.324157  -0.14246  -0.0621032  -0.14246  0.282782  0.0881489  -0.0621032  0.0881489  0.16054
0.323915  -0.141905  -0.0616633  -0.141905  0.281997  0.0876239  -0.0616633  0.0876239  0.160352
0.323875  -0.141832  -0.0616128  -0.141832  0.281907  0.087566  -0.0616128  0.087566  0.160333
0.323525  -0.141114  -0.0609725  -0.141114  0.280919  0.0868648  -0.0609725  0.0868648  0.160076
0.32351  -0.141069  -0.0609198  -0.141069  0.280844  0.0868068  -0.0609198  0.0868068  0.160053
0.323179  -0.140388  -0.0602996  -0.140388  0.279904  0.0861339  -0.0602996  0.0861339  0.159808
0.322928  -0.139853  -0.0598435  -0.139853  0.279166  0.085623  -0.0598435  0.085623  0.159627
0.322898  -0.139804  -0.0597897  -0.139804  0.279105  0.0855736  -0.0597897  0.0855736  0.159609
0.322611  -0.139203  -0.0592266  -0.139203  0.278266  0.0849676  -0.0592266  0.0849676  0.159391
0.322604  -0.139168  -0.0591941  -0.139168  0.278205  0.0849252  -0.0591941  0.0849252  0.159375
0.322313  -0.138548  -0.0586393  -0.138548  0.277346  0.084318  -0.0586393  0.084318  0.159162
0.322291  -0.138508  -0.0586055  -0.138508  0.277297  0.0842835  -0.0586055  0.0842835  0.15915
0.322033  -0.13794  -0.0581072  -0.13794  0.276504  0.0837298  -0.0581072  0.0837298  0.15896
0.322011  -0.1379  -0.0580736  -0.1379  0.276456  0.0836955  -0.0580736  0.0836955  0.158948
0.321769  -0.137418  -0.0576187  -0.137418  0.275806  0.0832222  -0.0576187  0.0832222  0.158785
0.321762  -0.137384  -0.0575868  -0.137384  0.275745  0.0831807  -0.0575868  0.0831807  0.15877
0.321529  -0.136913  -0.0571534  -0.136913  0.27511  0.0827244  -0.0571534  0.0827244  0.158615
0.321348  -0.136581  -0.0568328  -0.136581  0.274683  0.0824069  -0.0568328  0.0824069  0.158507
0.321349  -0.136555  -0.05682  -0.136555  0.274634  0.0823793  -0.05682  0.0823793  0.158499
0.321133  -0.136144  -0.0564174  -0.136144  0.274091  0.0819756  -0.0564174  0.0819756  0.158362
0.321125  -0.136136  -0.0563986  -0.136136  0.274081  0.0819622  -0.0563986  0.0819622  0.158356
0.320897  -0.135709  -0.05602  -0.135709  0.273538  0.0815756  -0.05602  0.0815756  0.158233
0.32077  -0.135441  -0.0557751  -0.135441  0.273174  0.0813157  -0.0557751  0.0813157  0.158148
0.320756  -0.135425  -0.0557378  -0.135425  0.273153  0.081289  -0.0557378  0.081289  0.158137
0.320558  -0.13506  -0.0553901  -0.13506  0.272688  0.0809455  -0.0553901  0.0809455  0.158026
0.320544  -0.13503  -0.0553762  -0.13503  0.272652  0.080926  -0.0553762  0.080926  0.158021
0.32037  -0.13468  -0.0550499  -0.13468  0.272187  0.0805901  -0.0550499  0.0805901  0.157913
0.320349  -0.134642  -0.0550175  -0.134642  0.27214  0.0805575  -0.0550175  0.0805575  0.157903
0.320196  -0.134345  -0.0547017  -0.134345  0.271739  0.080249  -0.0547017  0.080249  0.1578
0.320078  -0.134128  -0.0544683  -0.134128  0.271454  0.0800271  -0.0544683  0.0800271  0.157727
0.320064  -0.134099  -0.0544546  -0.134099  0.271419  0.0800078  -0.0544546  0.0800078  0.157723
0.319927  -0.133819  -0.0541775  -0.133819  0.271041  0.0797279  -0.0541775  0.0797279  0.157633
0.319913  -0.133789  -0.0541638  -0.133789  0.271006  0.0797088  -0.0541638  0.0797088  0.157629
0.319776  -0.133536  -0.0539  -0.133536  0.270677  0.0794567  -0.0539  0.0794567  0.157548
0.319674  -0.133337  -0.0537054  -0.133337  0.270416  0.0792633  -0.0537054  0.0792633  0.157488
0.31966  -0.133308  -0.0536919  -0.133308  0.270381  0.0792443  -0.0536919  0.0792443  0.157483
0.31951  -0.13304  -0.0533931  -0.13304  0.270034  0.0789683  -0.0533931  0.0789683  0.157395
0.319503  -0.133033  -0.0533749  -0.133033  0.270024  0.0789554  -0.0533749  0.0789554  0.15739
0.319463  -0.132946  -0.0532763  -0.132946  0.2699  0.0788587  -0.0532763  0.0788587  0.157358
0.319336  -0.13269  -0.0530562  -0.13269  0.269571  0.0786296  -0.0530562  0.0786296  0.157291
0.319329  -0.132682  -0.0530381  -0.132682  0.269561  0.0786168  -0.0530381  0.0786168  0.157286
0.319201  -0.13244  -0.0527958  -0.13244  0.269248  0.0783817  -0.0527958  0.0783817  0.157214
0.319135  -0.132296  -0.0526713  -0.132296  0.269055  0.0782484  -0.0526713  0.0782484  0.157175
0.319128  -0.132288  -0.0526532  -0.132288  0.269045  0.0782357  -0.0526532  0.0782357  0.15717
0.319022  -0.13207  -0.0524662  -0.13207  0.268764  0.0780401  -0.0524662  0.0780401  0.157114
0.319022  -0.13207  -0.0524662  -0.13207  0.268764  0.0780401  -0.0524662  0.0780401  0.157114
0.318922  -0.131888  -0.0522521  -0.131888  0.268522  0.0778443  -0.0522521  0.0778443  0.157052
0.318876  -0.13177  -0.0521245  -0.13177  0.268344  0.0777106  -0.0521245  0.0777106  0.157009
0.31887  -0.131762  -0.0521066  -0.131762  0.268334  0.077698  -0.0521066  0.077698  0.157005
0.318797  -0.1316  -0.0519302  -0.1316  0.268101  0.0775209  -0.0519302  0.0775209  0.156949
0.318791  -0.131593  -0.0519122  -0.131593  0.268091  0.0775083  -0.0519122  0.0775083  0.156944
0.318739  -0.131442  -0.0517551  -0.131442  0.267856  0.0773368  -0.0517551  0.0773368  0.156889
0.318707  -0.131354  -0.0516413  -0.131354  0.267712  0.0772224  -0.0516413  0.0772224  0.156851
0.3187  -0.131346  -0.0516234  -0.131346  0.267702  0.0772099  -0.0516234  0.0772099  0.156846
0.318655  -0.131217  -0.0514619  -0.131217  0.267493  0.0770449  -0.0514619  0.0770449  0.156791
0.318655  -0.131217  -0.0514619  -0.131217  0.267493  0.0770449  -0.0514619  0.0770449  0.156791
0.31861  -0.131089  -0.0513006  -0.131089  0.267283  0.0768803  -0.0513006  0.0768803  0.156736
0.318586  -0.130983  -0.051193  -0.130983  0.267104  0.0767533  -0.051193  0.0767533  0.156695
0.318579  -0.130976  -0.0511752  -0.130976  0.267094  0.0767409  -0.0511752  0.0767409  0.156691
0.318527  -0.13084  -0.0509965  -0.13084  0.266875  0.0765645  -0.0509965  0.0765645  0.156632
0.318541  -0.130844  -0.0509975  -0.130844  0.266863  0.076557  -0.0509975  0.076557  0.156628
0.318503  -0.130712  -0.05082  -0.130712  0.266632  0.0763736  -0.05082  0.0763736  0.156566
0.318485  -0.130628  -0.050708  -0.130628  0.266478  0.0762532  -0.050708  0.0762532  0.156525
0.318479  -0.130607  -0.0507128  -0.130607  0.266454  0.0762475  -0.0507128  0.0762475  0.156526
0.318441  -0.130475  -0.0505357  -0.130475  0.266224  0.0760648  -0.0505357  0.0760648  0.156464
0.318441  -0.130475  -0.0505357  -0.130475  0.266224  0.0760648  -0.0505357  0.0760648  0.156464
0.318417  -0.130334  -0.0503823  -0.130334  0.265968  0.0758816  -0.0503823  0.0758816  0.156404
0.318399  -0.13025  -0.0502707  -0.13025  0.265814  0.0757619  -0.0502707  0.0757619  0.156363
0.318392  -0.130242  -0.050253  -0.130242  0.265804  0.0757497  -0.050253  0.0757497  0.156359
0.318368  -0.130126  -0.0501119  -0.130126  0.265595  0.0755926  -0.0501119  0.0755926  0.156307
0.318375  -0.130122  -0.0500951  -0.130122  0.265573  0.0755729  -0.0500951  0.0755729  0.156299
0.318338  -0.129977  -0.0499413  -0.129977  0.26533  0.0753982  -0.0499413  0.0753982  0.156244
0.318333  -0.129898  -0.0498309  -0.129898  0.265165  0.0752718  -0.0498309  0.0752718  0.1562
0.318326  -0.12989  -0.0498133  -0.12989  0.265155  0.0752596  -0.0498133  0.0752596  0.156196
0.318308  -0.12977  -0.0496558  -0.12977  0.264925  0.0750839  -0.0496558  0.0750839  0.156136
0.318308  -0.12977  -0.0496558  -0.12977  0.264925  0.0750839  -0.0496558  0.0750839  0.156136
0.318291  -0.12965  -0.0494985  -0.12965  0.264695  0.0749085  -0.0494985  0.0749085  0.156077
0.318284  -0.129643  -0.0494809  -0.129643  0.264685  0.0748964  -0.0494809  0.0748964  0.156073
0.318267  -0.129523  -0.0493238  -0.129523  0.264455  0.0747213  -0.0493238  0.0747213  0.156015
0.318267  -0.129523  -0.0493238  -0.129523  0.264455  0.0747213  -0.0493238  0.0747213  0.156015
0.318236  -0.129386  -0.0491885  -0.129386  0.264224  0.0745606  -0.0491885  0.0745606  0.155965
0.31825  -0.12939  -0.0491893  -0.12939  0.264212  0.0745531  -0.0491893  0.0745531  0.155961
0.318219  -0.129267  -0.0490317  -0.129267  0.263995  0.0743862  -0.0490317  0.0743862  0.155907
0.318215  -0.129174  -0.0489443  -0.129174  0.263817  0.0742677  -0.0489443  0.0742677  0.155869
0.318208  -0.129166  -0.0489269  -0.129166  0.263808  0.0742557  -0.0489269  0.0742557  0.155866
0.318204  -0.129048  -0.0488277  -0.129048  0.263584  0.0741124  -0.0488277  0.0741124  0.15582
0.318211  -0.129044  -0.0488109  -0.129044  0.263562  0.074093  -0.0488109  0.074093  0.155812
0.31822  -0.128943  -0.0486901  -0.128943  0.263341  0.0739361  -0.0486901  0.0739361  0.155759
0.318213  -0.128936  -0.0486727  -0.128936  0.263331  0.0739241  -0.0486727  0.0739241  0.155755
0.318209  -0.12882  -0.048517  -0.12882  0.263091  0.0737436  -0.048517  0.0737436  0.155694
0.318191  -0.128737  -0.0484069  -0.128737  0.262941  0.073627  -0.0484069  0.073627  0.155656
0.318198  -0.12872  -0.0484125  -0.12872  0.262905  0.073614  -0.0484125  0.073614  0.155653
0.31818  -0.128625  -0.0482683  -0.128625  0.262723  0.0734664  -0.0482683  0.0734664  0.155604
0.318186  -0.128621  -0.0482515  -0.128621  0.262701  0.0734471  -0.0482515  0.0734471  0.155596
0.318162  -0.128506  -0.0481124  -0.128506  0.262497  0.0732942  -0.0481124  0.0732942  0.155548
0.318163  -0.128434  -0.0480206  -0.128434  0.262344  0.0731826  -0.0480206  0.0731826  0.155511
0.31817  -0.12843  -0.0480038  -0.12843  0.262322  0.0731633  -0.0480038  0.0731633  0.155503
0.318172  -0.128322  -0.0478661  -0.128322  0.262093  0.0729962  -0.0478661  0.0729962  0.155447
0.318172  -0.128322  -0.0478661  -0.128322  0.262093  0.0729962  -0.0478661  0.0729962  0.155447
0.318181  -0.128209  -0.0477118  -0.128209  0.261842  0.0728101  -0.0477118  0.0728101  0.155384
0.318188  -0.128133  -0.0476034  -0.128133  0.261668  0.0726799  -0.0476034  0.0726799  0.155339
0.318182  -0.128126  -0.0475861  -0.128126  0.261659  0.0726681  -0.0475861  0.0726681  0.155336
0.318178  -0.127985  -0.0474196  -0.127985  0.261376  0.0724656  -0.0474196  0.0724656  0.15527
0.318171  -0.127978  -0.0474024  -0.127978  0.261367  0.0724539  -0.0474024  0.0724539  0.155267
0.31818  -0.127866  -0.0472484  -0.127866  0.261117  0.0722689  -0.0472484  0.0722689  0.155204
0.31818  -0.127866  -0.0472484  -0.127866  0.261117  0.0722689  -0.0472484  0.0722689  0.155204
0.318175  -0.127739  -0.04706  -0.127739  0.26085  0.0720609  -0.04706  0.0720609  0.155136
0.318168  -0.127732  -0.0470427  -0.127732  0.260841  0.0720493  -0.0470427  0.0720493  0.155132
0.318158  -0.127595  -0.0468935  -0.127595  0.260581  0.0718672  -0.0468935  0.0718672  0.155075
0.318151  -0.127588  -0.0468762  -0.127588  0.260572  0.0718555  -0.0468762  0.0718555  0.155072
0.318146  -0.127472  -0.0467221  -0.127472  0.260336  0.0716791  -0.0467221  0.0716791  0.155015
0.318128  -0.12739  -0.0466133  -0.12739  0.260188  0.0715652  -0.0466133  0.0715652  0.15498
0.318134  -0.127386  -0.0465966  -0.127386  0.260167  0.0715463  -0.0465966  0.0715463  0.154973
0.31811  -0.12726  -0.0464251  -0.12726  0.259935  0.0713663  -0.0464251  0.0713663  0.154917
0.318104  -0.127239  -0.0464301  -0.127239  0.259912  0.0713611  -0.0464301  0.0713611  0.154918
0.318086  -0.12712  -0.046276  -0.12712  0.259689  0.0711931  -0.046276  0.0711931  0.154866
0.318086  -0.12712  -0.046276  -0.12712  0.259689  0.0711931  -0.046276  0.0711931  0.154866
0.318049  -0.126978  -0.0461266  -0.126978  0.259457  0.0710275  -0.0461266  0.0710275  0.154819
0.318024  -0.126888  -0.0460011  -0.126888  0.259301  0.0709031  -0.0460011  0.0709031  0.154783
0.31803  -0.126884  -0.0459844  -0.126884  0.25928  0.0708843  -0.0459844  0.0708843  0.154775
0.318  -0.126749  -0.0458524  -0.126749  0.259057  0.0707309  -0.0458524  0.0707309  0.154732
0.317994  -0.126742  -0.0458354  -0.126742  0.259048  0.0707194  -0.0458354  0.0707194  0.154729
0.31795  -0.126617  -0.0456811  -0.126617  0.258852  0.0705675  -0.0456811  0.0705675  0.154687
0.317913  -0.126511  -0.0455777  -0.126511  0.258695  0.0704575  -0.0455777  0.0704575  0.154658
0.317913  -0.126511  -0.0455777  -0.126511  0.258695  0.0704575  -0.0455777  0.0704575  0.154658
0.317844  -0.126356  -0.0454115  -0.126356  0.25848  0.070297  -0.0454115  0.070297  0.154619
0.317838  -0.126349  -0.0453945  -0.126349  0.258471  0.0702856  -0.0453945  0.0702856  0.154615
0.317769  -0.126193  -0.0452286  -0.126193  0.258257  0.0701256  -0.0452286  0.0701256  0.154576
0.317757  -0.126166  -0.0452167  -0.126166  0.258225  0.0701091  -0.0452167  0.0701091  0.154573
0.317676  -0.126008  -0.0450507  -0.126008  0.258024  0.0699569  -0.0450507  0.0699569  0.154539
0.317595  -0.125861  -0.0449186  -0.125861  0.257853  0.069835  -0.0449186  0.069835  0.154514
0.317588  -0.125854  -0.0449017  -0.125854  0.257844  0.0698237  -0.0449017  0.0698237  0.154511
0.317483  -0.125666  -0.0447243  -0.125666  0.257624  0.0696633  -0.0447243  0.0696633  0.154479
0.317471  -0.125639  -0.0447125  -0.125639  0.257593  0.069647  -0.0447125  0.069647  0.154476
0.317353  -0.125448  -0.0445352  -0.125448  0.257386  0.0694945  -0.0445352  0.0694945  0.154449
0.317347  -0.125441  -0.0445184  -0.125441  0.257377  0.0694833  -0.0445184  0.0694833  0.154446
0.317212  -0.125228  -0.0443463  -0.125228  0.257161  0.0693336  -0.0443463  0.0693336  0.154423
0.317121  -0.125066  -0.0442371  -0.125066  0.256991  0.0692266  -0.0442371  0.0692266  0.154408
0.317114  -0.125059  -0.0442203  -0.125059  0.256982  0.0692155  -0.0442203  0.0692155  0.154405
0.316955  -0.124841  -0.0440485  -0.124841  0.256792  0.0690813  -0.0440485  0.0690813  0.154391
0.316943  -0.124813  -0.0440369  -0.124813  0.256761  0.0690652  -0.0440369  0.0690652  0.154389
0.316791  -0.124603  -0.0438824  -0.124603  0.256581  0.0689426  -0.0438824  0.0689426  0.154379
0.316658  -0.124427  -0.0437566  -0.124427  0.25644  0.0688475  -0.0437566  0.0688475  0.154374
0.316647  -0.1244  -0.043745  -0.1244  0.256409  0.0688315  -0.043745  0.0688315  0.154372
0.316429  -0.124133  -0.0435291  -0.124133  0.25621  0.0686827  -0.0435291  0.0686827  0.154365
0.316405  -0.124103  -0.0435173  -0.124103  0.256192  0.068674  -0.0435173  0.068674  0.154367
0.316192  -0.123787  -0.0433344  -0.123787  0.255924  0.0685147  -0.0433344  0.0685147  0.154361
0.316168  -0.123758  -0.0433227  -0.123758  0.255905  0.0685061  -0.0433227  0.0685061  0.154363
0.315938  -0.123433  -0.0431239  -0.123433  0.255642  0.0683439  -0.0431239  0.0683439  0.154359
0.315762  -0.123201  -0.0429767  -0.123201  0.255468  0.0682335  -0.0429767  0.0682335  0.15436
0.315744  -0.123191  -0.04296  -0.123191  0.255472  0.0682299  -0.04296  0.0682299  0.154361
0.315478  -0.122817  -0.042756  -0.122817  0.255184  0.068063  -0.042756  0.068063  0.154365
0.315467  -0.12279  -0.0427446  -0.12279  0.255154  0.0680473  -0.0427446  0.0680473  0.154363
0.31519  -0.122428  -0.04252  -0.122428  0.254893  0.0678828  -0.04252  0.0678828  0.15437
0.315008  -0.122172  -0.0423635  -0.122172  0.254692  0.0677584  -0.0423635  0.0677584  0.15437
0.314979  -0.122136  -0.0423358  -0.122136  0.254666  0.0677393  -0.0423358  0.0677393  0.15437
0.314709  -0.121765  -0.0421345  -0.121765  0.254396  0.0675823  -0.0421345  0.0675823  0.154381
0.31468  -0.121729  -0.0421069  -0.121729  0.25437  0.0675633  -0.0421069  0.0675633  0.154381
0.314429  -0.121381  -0.0419017  -0.121381  0.25411  0.0674049  -0.0419017  0.0674049  0.154388
0.314252  -0.121129  -0.0417473  -0.121129  0.253913  0.0672824  -0.0417473  0.0672824  0.15439
0.314242  -0.121103  -0.0417363  -0.121103  0.253883  0.0672669  -0.0417363  0.0672669  0.154389
0.313974  -0.120706  -0.0415108  -0.120706  0.253567  0.0670793  -0.0415108  0.0670793  0.154394
0.313952  -0.120677  -0.0414997  -0.120677  0.25355  0.0670711  -0.0414997  0.0670711  0.154396
0.313664  -0.120277  -0.0412751  -0.120277  0.253261  0.0668991  -0.0412751  0.0668991  0.154411
0.313471  -0.12  -0.0411119  -0.12  0.253051  0.0667705  -0.0411119  0.0667705  0.154417
0.31345  -0.119971  -0.0411008  -0.119971  0.253034  0.0667625  -0.0411008  0.0667625  0.15442
0.313185  -0.119574  -0.0408627  -0.119574  0.252716  0.0665675  -0.0408627  0.0665675  0.154426
0.313169  -0.119565  -0.0408467  -0.119565  0.25272  0.0665643  -0.0408467  0.0665643  0.154428
0.312891  -0.119148  -0.0406149  -0.119148  0.252396  0.066373  -0.0406149  0.066373  0.15444
0.312684  -0.118846  -0.0404432  -0.118846  0.252173  0.0662388  -0.0404432  0.0662388  0.154451
0.312658  -0.118799  -0.0404375  -0.118799  0.252135  0.0662261  -0.0404375  0.0662261  0.154454
0.312387  -0.118386  -0.0402079  -0.118386  0.251816  0.0660369  -0.0402079  0.0660369  0.154468
0.312366  -0.118358  -0.0401971  -0.118358  0.251799  0.0660291  -0.0401971  0.0660291  0.154471
0.312109  -0.11796  -0.0400002  -0.11796  0.251498  0.0658613  -0.0400002  0.0658613  0.154489
0.311923  -0.117669  -0.0398987  -0.117669  0.251291  0.0657651  -0.0398987  0.0657651  0.15451
0.311903  -0.117642  -0.0398881  -0.117642  0.251275  0.0657574  -0.0398881  0.0657574  0.154513
0.31165  -0.11726  -0.0396722  -0.11726  0.250989  0.0655859  -0.0396722  0.0655859  0.15453
0.311631  -0.117232  -0.0396616  -0.117232  0.250973  0.0655783  -0.0396616  0.0655783  0.154533
0.311395  -0.116884  -0.0394728  -0.116884  0.250726  0.0654325  -0.0394728  0.0654325  0.154554
0.311375  -0.116856  -0.0394623  -0.116856  0.25071  0.065425  -0.0394623  0.065425  0.154558
0.311171  -0.116561  -0.0392954  -0.116561  0.250509  0.0653023  -0.0392954  0.0653023  0.154578
0.311162  -0.116537  -0.0392849  -0.116537  0.250481  0.0652876  -0.0392849  0.0652876  0.154576
0.310965  -0.116239  -0.0391033  -0.116239  0.250261  0.0651485  -0.0391033  0.0651485  0.154591
0.310828  -0.116012  -0.0389741  -0.116012  0.250076  0.0650376  -0.0389741  0.0650376  0.154599
0.310819  -0.115987  -0.0389637  -0.115987  0.250048  0.065023  -0.0389637  0.065023  0.154598
0.310646  -0.115696  -0.0387835  -0.115696  0.249806  0.0648709  -0.0387835  0.0648709  0.154606
0.310641  -0.11569  -0.0387682  -0.11569  0.249798  0.064861  -0.0387682  0.064861  0.154604
0.310498  -0.11543  -0.038599  -0.11543  0.24956  0.0647099  -0.038599  0.0647099  0.154605
0.310392  -0.115247  -0.0384611  -0.115247  0.249394  0.0645956  -0.0384611  0.0645956  0.154605
0.310374  -0.11522  -0.0384508  -0.11522  0.249378  0.0645883  -0.0384508  0.0645883  0.154608
0.310251  -0.115  -0.0382726  -0.115  0.24917  0.0644404  -0.0382726  0.0644404  0.154604
0.310242  -0.114976  -0.0382624  -0.114976  0.249142  0.0644261  -0.0382624  0.0644261  0.154603
0.310135  -0.114753  -0.0381203  -0.114753  0.248918  0.0642866  -0.0381203  0.0642866  0.154599
0.310069  -0.114611  -0.0380241  -0.114611  0.248771  0.064193  -0.0380241  0.064193  0.154595
0.310065  -0.114606  -0.0380089  -0.114606  0.248764  0.0641833  -0.0380089  0.0641833  0.154594
0.309987  -0.114412  -0.0378775  -0.114412  0.248543  0.0640447  -0.0378775  0.0640447  0.154583
0.309987  -0.114412  -0.0378775  -0.114412  0.248543  0.0640447  -0.0378775  0.0640447  0.154583
0.309914  -0.114238  -0.0377413  -0.114238  0.248343  0.0639111  -0.0377413  0.0639111  0.154571
0.309871  -0.114132  -0.0376204  -0.114132  0.248205  0.0638038  -0.0376204  0.0638038  0.154557
0.309871  -0.114132  -0.0376204  -0.114132  0.248205  0.0638038  -0.0376204  0.0638038  0.154557
0.309831  -0.113992  -0.0375098  -0.113992  0.248016  0.0636804  -0.0375098  0.0636804  0.15454
0.309826  -0.113987  -0.0374947  -0.113987  0.248009  0.0636708  -0.0374947  0.0636708  0.154539
0.309799  -0.113868  -0.0373791  -0.113868  0.247827  0.0635453  -0.0373791  0.0635453  0.154517
0.309784  -0.1138  -0.0372988  -0.1138  0.24772  0.0634648  -0.0372988  0.0634648  0.154502
0.30979  -0.113797  -0.0372837  -0.113797  0.2477  0.0634481  -0.0372837  0.0634481  0.154497
0.309789  -0.113728  -0.0371882  -0.113728  0.247561  0.0633441  -0.0371882  0.0633441  0.154473
0.309785  -0.113722  -0.0371732  -0.113722  0.247553  0.0633346  -0.0371732  0.0633346  0.154472
0.309794  -0.113656  -0.0370777  -0.113656  0.247402  0.0632236  -0.0370777  0.0632236  0.154443
0.309794  -0.113656  -0.0370777  -0.113656  0.247402  0.0632236  -0.0370777  0.0632236  0.154443
0.309822  -0.113616  -0.0369921  -0.113616  0.247265  0.0631197  -0.0369921  0.0631197  0.154411
0.309852  -0.113603  -0.0369315  -0.113603  0.247175  0.0630464  -0.0369315  0.0630464  0.154386
0.309852  -0.113603  -0.0369315  -0.113603  0.247175  0.0630464  -0.0369315  0.0630464  0.154386
0.309888  -0.113587  -0.0368558  -0.113587  0.247065  0.0629567  -0.0368558  0.0629567  0.154355
0.309897  -0.113589  -0.0368557  -0.113589  0.247053  0.0629496  -0.0368557  0.0629496  0.154351
0.309947  -0.113593  -0.0367747  -0.113593  0.24695  0.0628574  -0.0367747  0.0628574  0.154315
0.309947  -0.113593  -0.0367747  -0.113593  0.24695  0.0628574  -0.0367747  0.0628574  0.154315
0.309997  -0.113584  -0.0367138  -0.113584  0.246836  0.0627701  -0.0367138  0.0627701  0.154281
0.309996  -0.113597  -0.0366937  -0.113597  0.246848  0.0627651  -0.0366937  0.0627651  0.15428
0.310041  -0.113592  -0.0366479  -0.113592  0.246753  0.0626944  -0.0366479  0.0626944  0.154251
0.310046  -0.113588  -0.0366328  -0.113588  0.246734  0.0626779  -0.0366328  0.0626779  0.154246
0.310085  -0.113599  -0.036582  -0.113599  0.24667  0.0626187  -0.036582  0.0626187  0.154221
0.310085  -0.113599  -0.036582  -0.113599  0.24667  0.0626187  -0.036582  0.0626187  0.154221
0.310124  -0.11361  -0.0365311  -0.11361  0.246607  0.0625595  -0.0365311  0.0625595  0.154196
0.310158  -0.113625  -0.0364954  -0.113625  0.246563  0.0625169  -0.0364954  0.0625169  0.154177
0.310168  -0.113627  -0.0364952  -0.113627  0.246551  0.0625098  -0.0364952  0.0625098  0.154173
0.310202  -0.113642  -0.0364595  -0.113642  0.246507  0.0624671  -0.0364595  0.0624671  0.154153
0.310212  -0.113644  -0.0364593  -0.113644  0.246494  0.0624601  -0.0364593  0.0624601  0.154149
0.310245  -0.113659  -0.0364236  -0.113659  0.24645  0.0624174  -0.0364236  0.0624174  0.15413
0.31026  -0.113658  -0.0364082  -0.113658  0.246419  0.0623939  -0.0364082  0.0623939  0.15412
0.31027  -0.11366  -0.0364081  -0.11366  0.246407  0.0623868  -0.0364081  0.0623868  0.154116
0.310285  -0.11367  -0.0363726  -0.11367  0.246387  0.0623583  -0.0363726  0.0623583  0.154105
0.310294  -0.113672  -0.0363724  -0.113672  0.246375  0.0623512  -0.0363724  0.0623512  0.154101
0.310309  -0.113671  -0.0363571  -0.113671  0.246343  0.0623277  -0.0363571  0.0623277  0.154091
0.310309  -0.113671  -0.0363571  -0.113671  0.246343  0.0623277  -0.0363571  0.0623277  0.154091
0.31032  -0.113663  -0.0363267  -0.113663  0.246304  0.0622947  -0.0363267  0.0622947  0.154081
0.310311  -0.113639  -0.0363168  -0.113639  0.246278  0.0622808  -0.0363168  0.0622808  0.15408
0.310311  -0.113639  -0.0363168  -0.113639  0.246278  0.0622808  -0.0363168  0.0622808  0.15408
0.310307  -0.113633  -0.0363018  -0.113633  0.24627  0.0622714  -0.0363018  0.0622714  0.154079
0.310303  -0.113615  -0.036307  -0.113615  0.246251  0.062267  -0.036307  0.062267  0.15408
0.310293  -0.113603  -0.036277  -0.113603  0.246236  0.0622482  -0.036277  0.0622482  0.154078
0.31028  -0.113573  -0.0362521  -0.113573  0.246202  0.0622249  -0.0362521  0.0622249  0.154076
0.31028  -0.113573  -0.0362521  -0.113573  0.246202  0.0622249  -0.0362521  0.0622249  0.154076
0.310253  -0.113523  -0.0362326  -0.113523  0.246161  0.0622044  -0.0362326  0.0622044  0.154079
0.310249  -0.113517  -0.0362176  -0.113517  0.246154  0.062195  -0.0362176  0.062195  0.154079
0.310218  -0.113461  -0.0361831  -0.113461  0.246106  0.062165  -0.0361831  0.062165  0.154081
0.310218  -0.113461  -0.0361831  -0.113461  0.246106  0.062165  -0.0361831  0.062165  0.154081
0.310186  -0.113405  -0.0361486  -0.113405  0.246057  0.0621351  -0.0361486  0.0621351  0.154083
0.310186  -0.113405  -0.0361486  -0.113405  0.246057  0.0621351  -0.0361486  0.0621351  0.154083
0.310151  -0.113343  -0.0360992  -0.113343  0.246002  0.0620958  -0.0360992  0.0620958  0.154084
0.310147  -0.113325  -0.0361043  -0.113325  0.245983  0.0620914  -0.0361043  0.0620914  0.154085
0.310121  -0.113253  -0.0360748  -0.113253  0.245903  0.0620501  -0.0360748  0.0620501  0.154083
0.310095  -0.113181  -0.0360453  -0.113181  0.245824  0.0620088  -0.0360453  0.0620088  0.154081
0.310095  -0.113181  -0.0360453  -0.113181  0.245824  0.0620088  -0.0360453  0.0620088  0.154081
0.310066  -0.11309  -0.036021  -0.11309  0.245725  0.0619632  -0.036021  0.0619632  0.15408
0.310066  -0.11309  -0.036021  -0.11309  0.245725  0.0619632  -0.036021  0.0619632  0.15408
0.31004  -0.113018  -0.0359916  -0.113018  0.245646  0.061922  -0.0359916  0.061922  0.154078
0.31005  -0.11302  -0.0359914  -0.11302  0.245634  0.0619149  -0.0359914  0.0619149  0.154074
0.310025  -0.112949  -0.035962  -0.112949  0.245555  0.0618737  -0.035962  0.0618737  0.154073
0.310026  -0.112927  -0.035952  -0.112927  0.245516  0.061853  -0.035952  0.061853  0.154068
0.310026  -0.112927  -0.035952  -0.112927  0.245516  0.061853  -0.035952  0.061853  0.154068
0.310028  -0.112895  -0.035912  -0.112895  0.245451  0.0618066  -0.035912  0.0618066  0.154057
0.310028  -0.112895  -0.035912  -0.112895  0.245451  0.0618066  -0.035912  0.0618066  0.154057
0.310032  -0.112904  -0.0358768  -0.112904  0.245444  0.0617853  -0.0358768  0.0617853  0.154051
0.310047  -0.112914  -0.0358415  -0.112914  0.245424  0.061757  -0.0358415  0.061757  0.15404
0.310047  -0.112914  -0.0358415  -0.112914  0.245424  0.061757  -0.0358415  0.061757  0.15404
0.310066  -0.112921  -0.035791  -0.112921  0.245385  0.0617123  -0.035791  0.0617123  0.154025
0.310062  -0.112915  -0.0357761  -0.112915  0.245378  0.061703  -0.0357761  0.061703  0.154024
0.310078  -0.112894  -0.0357007  -0.112894  0.245293  0.0616283  -0.0357007  0.0616283  0.154003
0.310079  -0.112888  -0.0356206  -0.112888  0.245252  0.0615722  -0.0356206  0.0615722  0.15399
0.310088  -0.11289  -0.0356204  -0.11289  0.24524  0.0615651  -0.0356204  0.0615651  0.153986
0.310077  -0.112844  -0.0354858  -0.112844  0.245138  0.0614605  -0.0354858  0.0614605  0.153966
0.310073  -0.112838  -0.0354709  -0.112838  0.245131  0.0614513  -0.0354709  0.0614513  0.153966
0.310039  -0.11276  -0.0353121  -0.11276  0.245009  0.061331  -0.0353121  0.061331  0.15395
0.310039  -0.11276  -0.0353121  -0.11276  0.245009  0.061331  -0.0353121  0.061331  0.15395
0.309996  -0.112671  -0.0351238  -0.112671  0.244872  0.0611926  -0.0351238  0.0611926  0.153933
0.309992  -0.112665  -0.035109  -0.112665  0.244865  0.0611834  -0.035109  0.0611834  0.153932
0.309932  -0.112551  -0.0349117  -0.112551  0.244714  0.0610389  -0.0349117  0.0610389  0.153919
0.309923  -0.112527  -0.034902  -0.112527  0.244688  0.0610254  -0.034902  0.0610254  0.153919
0.309842  -0.112371  -0.0346513  -0.112371  0.244491  0.0608405  -0.0346513  0.0608405  0.153905
0.309777  -0.112261  -0.03447  -0.112261  0.24436  0.0607131  -0.03447  0.0607131  0.153899
0.309778  -0.112251  -0.0344402  -0.112251  0.244334  0.0606878  -0.0344402  0.0606878  0.153894
0.309676  -0.112053  -0.0341867  -0.112053  0.244105  0.0604937  -0.0341867  0.0604937  0.153886
0.309667  -0.112041  -0.0341573  -0.112041  0.244091  0.0604755  -0.0341573  0.0604755  0.153885
0.309549  -0.111809  -0.0338659  -0.111809  0.243823  0.0602509  -0.0338659  0.0602509  0.153877
0.309469  -0.111652  -0.0336674  -0.111652  0.243643  0.0600988  -0.0336674  0.0600988  0.153873
0.309465  -0.111646  -0.0336528  -0.111646  0.243636  0.0600898  -0.0336528  0.0600898  0.153872
0.309336  -0.111383  -0.0333886  -0.111383  0.243351  0.0598748  -0.0333886  0.0598748  0.153872
0.309327  -0.111371  -0.0333595  -0.111371  0.243337  0.0598569  -0.0333595  0.0598569  0.153871
0.309195  -0.111116  -0.0330622  -0.111116  0.243059  0.0596295  -0.0330622  0.0596295  0.153872
0.309092  -0.110924  -0.0328279  -0.110924  0.242854  0.0594559  -0.0328279  0.0594559  0.153874
0.30908  -0.110895  -0.0328042  -0.110895  0.242822  0.059434  -0.0328042  0.059434  0.153874
0.30893  -0.110589  -0.0324764  -0.110589  0.242489  0.0591743  -0.0324764  0.0591743  0.153877
0.308918  -0.11056  -0.0324528  -0.11056  0.242457  0.0591526  -0.0324528  0.0591526  0.153877
0.308742  -0.110189  -0.032114  -0.110189  0.242069  0.0588719  -0.032114  0.0588719  0.153886
0.308625  -0.109914  -0.0318604  -0.109914  0.241762  0.0586523  -0.0318604  0.0586523  0.153888
0.308608  -0.109902  -0.0318323  -0.109902  0.241761  0.0586419  -0.0318323  0.0586419  0.153893
0.30845  -0.10952  -0.031501  -0.10952  0.241335  0.0583469  -0.031501  0.0583469  0.153898
0.308438  -0.109491  -0.0314778  -0.109491  0.241304  0.0583256  -0.0314778  0.0583256  0.153898
0.308255  -0.109046  -0.0311362  -0.109046  0.240826  0.0580107  -0.0311362  0.0580107  0.15391
0.308135  -0.10874  -0.0308968  -0.10874  0.240489  0.0577877  -0.0308968  0.0577877  0.153917
0.30812  -0.108694  -0.0308791  -0.108694  0.24044  0.0577628  -0.0308791  0.0577628  0.153918
0.307931  -0.108213  -0.0305374  -0.108213  0.239927  0.0574359  -0.0305374  0.0574359  0.153934
0.30792  -0.108185  -0.0305145  -0.108185  0.239896  0.0574151  -0.0305145  0.0574151  0.153935
0.307725  -0.107708  -0.030128  -0.107708  0.239386  0.0570699  -0.030128  0.0570699  0.153955
0.307577  -0.107333  -0.0298533  -0.107333  0.23899  0.0568139  -0.0298533  0.0568139  0.153973
0.307563  -0.1073  -0.0298168  -0.1073  0.238953  0.0567852  -0.0298168  0.0567852  0.153975
0.307492  -0.107111  -0.0296728  -0.107111  0.238748  0.0566504  -0.0296728  0.0566504  0.153982
0.307316  -0.106671  -0.0292668  -0.106671  0.238263  0.0563044  -0.0292668  0.0563044  0.154005
0.307181  -0.106325  -0.0289576  -0.106325  0.237885  0.056038  -0.0289576  0.056038  0.154024
0.307167  -0.106293  -0.0289216  -0.106293  0.237849  0.0560098  -0.0289216  0.0560098  0.154026
0.30699  -0.105826  -0.0284838  -0.105826  0.237325  0.0556346  -0.0284838  0.0556346  0.154053
0.306976  -0.105793  -0.028448  -0.105793  0.237289  0.0556067  -0.028448  0.0556067  0.154055
0.306794  -0.105293  -0.0279636  -0.105293  0.236715  0.0551928  -0.0279636  0.0551928  0.154084
0.30678  -0.105261  -0.0279281  -0.105261  0.23668  0.0551652  -0.0279281  0.0551652  0.154087
0.306611  -0.104791  -0.0274691  -0.104791  0.236141  0.0547753  -0.0274691  0.0547753  0.154119
0.306595  -0.104742  -0.0274391  -0.104742  0.23609  0.0547443  -0.0274391  0.0547443  0.154122
0.306416  -0.104244  -0.0269483  -0.104244  0.235521  0.0543314  -0.0269483  0.0543314  0.154161
0.306274  -0.103846  -0.0265796  -0.103846  0.23508  0.0540176  -0.0265796  0.0540176  0.154197
0.306262  -0.103815  -0.0265448  -0.103815  0.235045  0.0539908  -0.0265448  0.0539908  0.1542
0.30605  -0.103199  -0.0259807  -0.103199  0.234358  0.0535068  -0.0259807  0.0535068  0.154258
0.306034  -0.103151  -0.0259515  -0.103151  0.234307  0.0534767  -0.0259515  0.0534767  0.154262
0.305844  -0.102613  -0.0254435  -0.102613  0.233718  0.0530541  -0.0254435  0.0530541  0.154323
0.305829  -0.102577  -0.0253961  -0.102577  0.233679  0.0530205  -0.0253961  0.0530205  0.154329
0.305641  -0.10205  -0.024861  -0.10205  0.233101  0.0525916  -0.024861  0.0525916  0.154399
0.305623  -0.101998  -0.0248194  -0.101998  0.233046  0.0525549  -0.0248194  0.0525549  0.154406
0.305433  -0.101474  -0.0242898  -0.101474  0.232486  0.0521382  -0.0242898  0.0521382  0.154485
0.305299  -0.101076  -0.0238971  -0.101076  0.232051  0.0518205  -0.0238971  0.0518205  0.154544
0.305285  -0.101029  -0.023869  -0.101029  0.232003  0.0517918  -0.023869  0.0517918  0.154549
0.305106  -0.100519  -0.0233153  -0.100519  0.231447  0.0513664  -0.0233153  0.0513664  0.154638
0.30509  -0.100468  -0.0232746  -0.100468  0.231394  0.0513309  -0.0232746  0.0513309  0.154646
0.304915  -0.0999373  -0.0227046  -0.0999373  0.230807  0.0508869  -0.0227046  0.0508869  0.154741
0.304792  -0.099563  -0.0223161  -0.099563  0.2304  0.0505834  -0.0223161  0.0505834  0.154811
0.304779  -0.099517  -0.0222887  -0.099517  0.230353  0.0505558  -0.0222887  0.0505558  0.154817
0.304597  -0.098931  -0.0217052  -0.098931  0.229716  0.0500908  -0.0217052  0.0500908  0.154929
0.304585  -0.0988969  -0.0216604  -0.0988969  0.22968  0.0500599  -0.0216604  0.0500599  0.154938
0.304419  -0.0983364  -0.0210886  -0.0983364  0.22906  0.0496049  -0.0210886  0.0496049  0.155049
0.304407  -0.0983026  -0.0210441  -0.0983026  0.229024  0.0495745  -0.0210441  0.0495745  0.155059
0.30425  -0.0977748  -0.0205105  -0.0977748  0.228453  0.0491557  -0.0205105  0.0491557  0.155174
0.304147  -0.0974226  -0.020116  -0.0974226  0.228064  0.0488572  -0.020116  0.0488572  0.155259
0.304135  -0.0973778  -0.0200897  -0.0973778  0.228019  0.0488309  -0.0200897  0.0488309  0.155267
0.303987  -0.0968707  -0.0195034  -0.0968707  0.227457  0.0483948  -0.0195034  0.0483948  0.155399
0.303979  -0.0968223  -0.0194641  -0.0968223  0.227396  0.0483558  -0.0194641  0.0483558  0.155406
0.303836  -0.096296  -0.0189177  -0.096296  0.226823  0.0479325  -0.0189177  0.0479325  0.155538
0.303744  -0.0959352  -0.0185366  -0.0959352  0.226419  0.0476351  -0.0185366  0.0476351  0.155631
0.303734  -0.0959025  -0.0184937  -0.0959025  0.226385  0.0476065  -0.0184937  0.0476065  0.155642
0.303594  -0.0953738  -0.0179315  -0.0953738  0.225814  0.0471801  -0.0179315  0.0471801  0.155792
0.303501  -0.0949817  -0.0175547  -0.0949817  0.225385  0.0468772  -0.0175547  0.0468772  0.155894
0.303491  -0.0949495  -0.0175125  -0.0949495  0.225352  0.0468492  -0.0175125  0.0468492  0.155906
0.303357  -0.0943776  -0.0170154  -0.0943776  0.22475  0.0464395  -0.0170154  0.0464395  0.156055
0.303348  -0.0943456  -0.0169735  -0.0943456  0.224718  0.046412  -0.0169735  0.046412  0.156068
0.303203  -0.0937305  -0.0164461  -0.0937305  0.224089  0.0459844  -0.0164461  0.0459844  0.15624
0.303196  -0.0936836  -0.0164086  -0.0936836  0.224032  0.045948  -0.0164086  0.045948  0.156248
0.303067  -0.0931496  -0.0158598  -0.0931496  0.223481  0.0455412  -0.0158598  0.0455412  0.156429
0.302978  -0.0927676  -0.0154983  -0.0927676  0.223096  0.0452666  -0.0154983  0.0452666  0.156556
0.302967  -0.0927322  -0.0154459  -0.0927322  0.22306  0.0452342  -0.0154459  0.0452342  0.156574
0.302853  -0.0921976  -0.0149326  -0.0921976  0.222506  0.0448398  -0.0149326  0.0448398  0.156753
0.302845  -0.0921665  -0.0148921  -0.0921665  0.222475  0.0448137  -0.0148921  0.0448137  0.156767
0.302743  -0.0916769  -0.0143548  -0.0916769  0.221952  0.044421  -0.0143548  0.044421  0.156953
0.30268  -0.0913318  -0.0139875  -0.0913318  0.221572  0.0441433  -0.0139875  0.0441433  0.157079
0.30267  -0.0912861  -0.0139529  -0.0912861  0.221529  0.0441151  -0.0139529  0.0441151  0.157094
0.30258  -0.0907788  -0.0134035  -0.0907788  0.220973  0.043705  -0.0134035  0.043705  0.157289
0.302576  -0.0907483  -0.0133625  -0.0907483  0.220931  0.0436737  -0.0133625  0.0436737  0.1573
0.302495  -0.0902369  -0.0128441  -0.0902369  0.220366  0.0432715  -0.0128441  0.0432715  0.157488
0.30244  -0.0898788  -0.0124781  -0.0898788  0.219971  0.0429897  -0.0124781  0.0429897  0.157625
0.302433  -0.0898487  -0.0124391  -0.0898487  0.219942  0.0429654  -0.0124391  0.0429654  0.157641
0.302366  -0.0893751  -0.0118763  -0.0893751  0.219392  0.0425516  -0.0118763  0.0425516  0.157845
0.30236  -0.0893452  -0.0118377  -0.0893452  0.219363  0.0425276  -0.0118377  0.0425276  0.157862
0.302304  -0.0888964  -0.0112947  -0.0888964  0.218829  0.0421265  -0.0112947  0.0421265  0.15806
0.302268  -0.0885872  -0.0109182  -0.0885872  0.218461  0.0418502  -0.0109182  0.0418502  0.158201
0.302265  -0.0885573  -0.0108786  -0.0885573  0.218422  0.0418206  -0.0108786  0.0418206  0.158214
0.302212  -0.0880936  -0.0102875  -0.0880936  0.217868  0.0413965  -0.0102875  0.0413965  0.158441
0.30221  -0.0880639  -0.0102482  -0.0880639  0.217829  0.0413672  -0.0102482  0.0413672  0.158455
0.302175  -0.0876493  -0.00970165  -0.0876493  0.217302  0.0409669  -0.00970165  0.0409669  0.158658
