0.324954  -0.160505  -0.0728782  -0.160505  0.318809  0.109357  -0.0728782  0.109357  0.168403
0.324954  -0.160505  -0.0728782  -0.160505  0.318809  0.109357  -0.0728782  0.109357  0.168403
0.324981  -0.160539  -0.0728777  -0.160539  0.318832  0.109358  -0.0728777  0.109358  0.168398
0.324989  -0.160566  -0.0728735  -0.160566  0.318868  0.109367  -0.0728735  0.109367  0.168396
0.324989  -0.160566  -0.0728735  -0.160566  0.318868  0.109367  -0.0728735  0.109367  0.168396
0.325033  -0.160637  -0.0728909  -0.160637  0.318941  0.109396  -0.0728909  0.109396  0.1684
0.325041  -0.160648  -0.072913  -0.160648  0.318956  0.109414  -0.072913  0.109414  0.168411
0.325068  -0.160682  -0.0729125  -0.160682  0.31898  0.109415  -0.0729125  0.109415  0.168405
0.325076  -0.160709  -0.0729083  -0.160709  0.319015  0.109424  -0.0729083  0.109424  0.168404
0.325093  -0.160746  -0.0729263  -0.160746  0.319066  0.109452  -0.0729263  0.109452  0.168413
0.32512  -0.16078  -0.0729258  -0.16078  0.319089  0.109453  -0.0729258  0.109453  0.168408
0.32512  -0.16078  -0.0729258  -0.16078  0.319089  0.109453  -0.0729258  0.109453  0.168408
0.325136  -0.160833  -0.0729174  -0.160833  0.31916  0.109471  -0.0729174  0.109471  0.168406
0.325136  -0.160833  -0.0729174  -0.160833  0.31916  0.109471  -0.0729174  0.109471  0.168406
0.325163  -0.160867  -0.0729169  -0.160867  0.319183  0.109472  -0.0729169  0.109472  0.1684
0.325171  -0.160894  -0.0729127  -0.160894  0.319218  0.109481  -0.0729127  0.109481  0.168399
0.325171  -0.160894  -0.0729127  -0.160894  0.319218  0.109481  -0.0729127  0.109481  0.168399
0.325179  -0.16092  -0.0729085  -0.16092  0.319254  0.10949  -0.0729085  0.10949  0.168398
0.325187  -0.160946  -0.0729044  -0.160946  0.319289  0.109499  -0.0729044  0.109499  0.168397
0.325204  -0.160983  -0.0729223  -0.160983  0.31934  0.109526  -0.0729223  0.109526  0.168406
0.325204  -0.160983  -0.0729223  -0.160983  0.31934  0.109526  -0.0729223  0.109526  0.168406
0.325204  -0.160983  -0.0729223  -0.160983  0.31934  0.109526  -0.0729223  0.109526  0.168406
0.325213  -0.161009  -0.0729181  -0.161009  0.319376  0.109535  -0.0729181  0.109535  0.168405
0.325213  -0.161009  -0.0729181  -0.161009  0.319376  0.109535  -0.0729181  0.109535  0.168405
0.325221  -0.161036  -0.072914  -0.161036  0.319411  0.109544  -0.072914  0.109544  0.168403
0.325212  -0.161038  -0.0729324  -0.161038  0.319438  0.10957  -0.0729324  0.10957  0.168418
0.325212  -0.161038  -0.0729324  -0.161038  0.319438  0.10957  -0.0729324  0.10957  0.168418
0.32522  -0.161064  -0.0729282  -0.161064  0.319474  0.109579  -0.0729282  0.109579  0.168416
0.32522  -0.161064  -0.0729282  -0.161064  0.319474  0.109579  -0.0729282  0.109579  0.168416
0.32522  -0.161064  -0.0729282  -0.161064  0.319474  0.109579  -0.0729282  0.109579  0.168416
0.325219  -0.16108  -0.0729019  -0.16108  0.319494  0.10957  -0.0729019  0.10957  0.168405
0.325219  -0.16108  -0.0729019  -0.16108  0.319494  0.10957  -0.0729019  0.10957  0.168405
0.325209  -0.161098  -0.072894  -0.161098  0.319542  0.109586  -0.072894  0.109586  0.168407
0.325209  -0.161098  -0.072894  -0.161098  0.319542  0.109586  -0.072894  0.109586  0.168407
0.325209  -0.161098  -0.072894  -0.161098  0.319542  0.109586  -0.072894  0.109586  0.168407
0.325226  -0.161135  -0.072912  -0.161135  0.319593  0.109614  -0.072912  0.109614  0.168416
0.325226  -0.161135  -0.072912  -0.161135  0.319593  0.109614  -0.072912  0.109614  0.168416
0.325234  -0.161161  -0.0729078  -0.161161  0.319629  0.109623  -0.0729078  0.109623  0.168415
0.325234  -0.161161  -0.0729078  -0.161161  0.319629  0.109623  -0.0729078  0.109623  0.168415
0.325243  -0.161187  -0.0729036  -0.161187  0.319664  0.109632  -0.0729036  0.109632  0.168414
0.325251  -0.161214  -0.0728994  -0.161214  0.3197  0.109641  -0.0728994  0.109641  0.168413
0.325251  -0.161214  -0.0728994  -0.161214  0.3197  0.109641  -0.0728994  0.109641  0.168413
0.325267  -0.161266  -0.0728911  -0.161266  0.319771  0.109658  -0.0728911  0.109658  0.16841
0.325267  -0.161266  -0.0728911  -0.161266  0.319771  0.109658  -0.0728911  0.109658  0.16841
0.325276  -0.161293  -0.0728869  -0.161293  0.319807  0.109667  -0.0728869  0.109667  0.168409
0.325311  -0.161338  -0.0729085  -0.161338  0.319845  0.109687  -0.0729085  0.109687  0.168414
0.325319  -0.161364  -0.0729043  -0.161364  0.319881  0.109696  -0.0729043  0.109696  0.168413
0.325328  -0.161391  -0.0729002  -0.161391  0.319917  0.109705  -0.0729002  0.109705  0.168412
0.325336  -0.161417  -0.072896  -0.161417  0.319952  0.109714  -0.072896  0.109714  0.16841
0.325371  -0.161478  -0.0728913  -0.161478  0.320012  0.109724  -0.0728913  0.109724  0.168404
0.325371  -0.161478  -0.0728913  -0.161478  0.320012  0.109724  -0.0728913  0.109724  0.168404
0.325379  -0.161505  -0.0728871  -0.161505  0.320047  0.109733  -0.0728871  0.109733  0.168403
0.325414  -0.161566  -0.0728824  -0.161566  0.320107  0.109743  -0.0728824  0.109743  0.168396
0.325414  -0.161566  -0.0728824  -0.161566  0.320107  0.109743  -0.0728824  0.109743  0.168396
0.325449  -0.161627  -0.0728777  -0.161627  0.320166  0.109754  -0.0728777  0.109754  0.16839
0.325457  -0.161654  -0.0728735  -0.161654  0.320202  0.109762  -0.0728735  0.109762  0.168389
0.325457  -0.161654  -0.0728735  -0.161654  0.320202  0.109762  -0.0728735  0.109762  0.168389
0.325492  -0.161715  -0.0728688  -0.161715  0.320261  0.109773  -0.0728688  0.109773  0.168382
0.325492  -0.161715  -0.0728688  -0.161715  0.320261  0.109773  -0.0728688  0.109773  0.168382
0.325536  -0.161774  -0.0728456  -0.161774  0.320293  0.109756  -0.0728456  0.109756  0.168362
0.325536  -0.161774  -0.0728456  -0.161774  0.320293  0.109756  -0.0728456  0.109756  0.168362
0.325571  -0.161835  -0.0728409  -0.161835  0.320352  0.109767  -0.0728409  0.109767  0.168356
0.325598  -0.16187  -0.0728404  -0.16187  0.320376  0.109768  -0.0728404  0.109768  0.16835
0.325598  -0.16187  -0.0728404  -0.16187  0.320376  0.109768  -0.0728404  0.109768  0.16835
0.325633  -0.161932  -0.0728357  -0.161932  0.320436  0.109778  -0.0728357  0.109778  0.168344
0.32566  -0.161967  -0.0728352  -0.161967  0.320459  0.109779  -0.0728352  0.109779  0.168339
0.32566  -0.161967  -0.0728352  -0.161967  0.320459  0.109779  -0.0728352  0.109779  0.168339
0.325686  -0.162017  -0.0728083  -0.162017  0.320504  0.109771  -0.0728083  0.109771  0.168322
0.325686  -0.162017  -0.0728083  -0.162017  0.320504  0.109771  -0.0728083  0.109771  0.168322
0.325721  -0.162079  -0.0728035  -0.162079  0.320563  0.109781  -0.0728035  0.109781  0.168316
0.325729  -0.162105  -0.0727993  -0.162105  0.320599  0.10979  -0.0727993  0.10979  0.168315
0.325737  -0.162132  -0.0727951  -0.162132  0.320635  0.109799  -0.0727951  0.109799  0.168313
0.325746  -0.162158  -0.0727909  -0.162158  0.320671  0.109808  -0.0727909  0.109808  0.168312
0.32579  -0.16223  -0.0728084  -0.16223  0.320746  0.109837  -0.0728084  0.109837  0.168316
0.325817  -0.162265  -0.0728079  -0.162265  0.32077  0.109838  -0.0728079  0.109838  0.168311
0.325817  -0.162265  -0.0728079  -0.162265  0.32077  0.109838  -0.0728079  0.109838  0.168311
0.325833  -0.162319  -0.0727995  -0.162319  0.320842  0.109856  -0.0727995  0.109856  0.168309
0.325833  -0.162319  -0.0727995  -0.162319  0.320842  0.109856  -0.0727995  0.109856  0.168309
0.325869  -0.16238  -0.0727947  -0.16238  0.320902  0.109866  -0.0727947  0.109866  0.168302
0.325877  -0.162407  -0.0727905  -0.162407  0.320938  0.109875  -0.0727905  0.109875  0.168301
0.325877  -0.162407  -0.0727905  -0.162407  0.320938  0.109875  -0.0727905  0.109875  0.168301
0.325904  -0.162442  -0.07279  -0.162442  0.320961  0.109876  -0.07279  0.109876  0.168296
0.325912  -0.162468  -0.0727858  -0.162468  0.320997  0.109885  -0.0727858  0.109885  0.168295
0.32592  -0.162495  -0.0727816  -0.162495  0.321034  0.109894  -0.0727816  0.109894  0.168293
0.325929  -0.162521  -0.0727774  -0.162521  0.32107  0.109903  -0.0727774  0.109903  0.168292
0.325929  -0.162521  -0.0727774  -0.162521  0.32107  0.109903  -0.0727774  0.109903  0.168292
0.325956  -0.162557  -0.0727769  -0.162557  0.321093  0.109904  -0.0727769  0.109904  0.168287
0.325956  -0.162557  -0.0727769  -0.162557  0.321093  0.109904  -0.0727769  0.109904  0.168287
0.325992  -0.162603  -0.0727986  -0.162603  0.321133  0.109924  -0.0727986  0.109924  0.168292
0.326  -0.162629  -0.0727944  -0.162629  0.321169  0.109933  -0.0727944  0.109933  0.168291
0.326  -0.162629  -0.0727944  -0.162629  0.321169  0.109933  -0.0727944  0.109933  0.168291
0.326027  -0.162664  -0.0727939  -0.162664  0.321193  0.109934  -0.0727939  0.109934  0.168286
0.326027  -0.162664  -0.0727939  -0.162664  0.321193  0.109934  -0.0727939  0.109934  0.168286
0.326035  -0.162691  -0.0727896  -0.162691  0.321229  0.109943  -0.0727896  0.109943  0.168285
0.326044  -0.162717  -0.0727854  -0.162717  0.321265  0.109952  -0.0727854  0.109952  0.168284
0.326044  -0.162717  -0.0727854  -0.162717  0.321265  0.109952  -0.0727854  0.109952  0.168284
0.326071  -0.162753  -0.0727849  -0.162753  0.321289  0.109953  -0.0727849  0.109953  0.168278
0.326071  -0.162753  -0.0727849  -0.162753  0.321289  0.109953  -0.0727849  0.109953  0.168278
0.326079  -0.162779  -0.0727807  -0.162779  0.321325  0.109962  -0.0727807  0.109962  0.168277
0.326106  -0.162814  -0.0727802  -0.162814  0.321349  0.109964  -0.0727802  0.109964  0.168272
0.326106  -0.162814  -0.0727802  -0.162814  0.321349  0.109964  -0.0727802  0.109964  0.168272
0.326115  -0.162841  -0.0727759  -0.162841  0.321385  0.109972  -0.0727759  0.109972  0.168271
0.326115  -0.162841  -0.0727759  -0.162841  0.321385  0.109972  -0.0727759  0.109972  0.168271
0.326133  -0.16285  -0.0727796  -0.16285  0.321373  0.109965  -0.0727796  0.109965  0.168267
0.326132  -0.162865  -0.0727532  -0.162865  0.321394  0.109955  -0.0727532  0.109955  0.168255
0.326132  -0.162865  -0.0727532  -0.162865  0.321394  0.109955  -0.0727532  0.109955  0.168255
0.326151  -0.162874  -0.0727568  -0.162874  0.321382  0.109947  -0.0727568  0.109947  0.168252
0.326159  -0.162901  -0.0727526  -0.162901  0.321418  0.109956  -0.0727526  0.109956  0.16825
0.326159  -0.162901  -0.0727526  -0.162901  0.321418  0.109956  -0.0727526  0.109956  0.16825
0.326186  -0.162936  -0.0727521  -0.162936  0.321442  0.109957  -0.0727521  0.109957  0.168245
0.326186  -0.162936  -0.0727521  -0.162936  0.321442  0.109957  -0.0727521  0.109957  0.168245
0.326186  -0.162936  -0.0727521  -0.162936  0.321442  0.109957  -0.0727521  0.109957  0.168245
0.326186  -0.162936  -0.0727521  -0.162936  0.321442  0.109957  -0.0727521  0.109957  0.168245
0.326213  -0.162971  -0.0727516  -0.162971  0.321466  0.109959  -0.0727516  0.109959  0.16824
0.326213  -0.162971  -0.0727516  -0.162971  0.321466  0.109959  -0.0727516  0.109959  0.16824
0.326222  -0.162998  -0.0727473  -0.162998  0.321502  0.109968  -0.0727473  0.109968  0.168239
0.326222  -0.162998  -0.0727473  -0.162998  0.321502  0.109968  -0.0727473  0.109968  0.168239
0.326222  -0.162998  -0.0727473  -0.162998  0.321502  0.109968  -0.0727473  0.109968  0.168239
0.326211  -0.163016  -0.0727394  -0.163016  0.321551  0.109984  -0.0727394  0.109984  0.168242
0.326211  -0.163016  -0.0727394  -0.163016  0.321551  0.109984  -0.0727394  0.109984  0.168242
0.326211  -0.163016  -0.0727394  -0.163016  0.321551  0.109984  -0.0727394  0.109984  0.168242
0.32622  -0.163042  -0.0727352  -0.163042  0.321587  0.109993  -0.0727352  0.109993  0.16824
0.32622  -0.163042  -0.0727352  -0.163042  0.321587  0.109993  -0.0727352  0.109993  0.16824
0.32622  -0.163042  -0.0727352  -0.163042  0.321587  0.109993  -0.0727352  0.109993  0.16824
0.326201  -0.163034  -0.0727315  -0.163034  0.321599  0.110001  -0.0727315  0.110001  0.168244
0.326219  -0.163071  -0.0727496  -0.163071  0.321651  0.110029  -0.0727496  0.110029  0.168253
0.326219  -0.163071  -0.0727496  -0.163071  0.321651  0.110029  -0.0727496  0.110029  0.168253
0.326219  -0.163071  -0.0727496  -0.163071  0.321651  0.110029  -0.0727496  0.110029  0.168253
0.3262  -0.163063  -0.0727459  -0.163063  0.321663  0.110036  -0.0727459  0.110036  0.168257
0.3262  -0.163063  -0.0727459  -0.163063  0.321663  0.110036  -0.0727459  0.110036  0.168257
0.326209  -0.163089  -0.0727416  -0.163089  0.321699  0.110045  -0.0727416  0.110045  0.168256
0.326209  -0.163089  -0.0727416  -0.163089  0.321699  0.110045  -0.0727416  0.110045  0.168256
0.326209  -0.163089  -0.0727416  -0.163089  0.321699  0.110045  -0.0727416  0.110045  0.168256
0.326199  -0.163092  -0.0727602  -0.163092  0.321727  0.110072  -0.0727602  0.110072  0.16827
0.326208  -0.163118  -0.072756  -0.163118  0.321763  0.110081  -0.072756  0.110081  0.168269
0.326208  -0.163118  -0.072756  -0.163118  0.321763  0.110081  -0.072756  0.110081  0.168269
0.326208  -0.163118  -0.072756  -0.163118  0.321763  0.110081  -0.072756  0.110081  0.168269
0.326208  -0.163118  -0.072756  -0.163118  0.321763  0.110081  -0.072756  0.110081  0.168269
0.326208  -0.163118  -0.072756  -0.163118  0.321763  0.110081  -0.072756  0.110081  0.168269
0.326216  -0.163145  -0.0727518  -0.163145  0.321799  0.11009  -0.0727518  0.11009  0.168268
0.326216  -0.163145  -0.0727518  -0.163145  0.321799  0.11009  -0.0727518  0.11009  0.168268
0.326216  -0.163145  -0.0727518  -0.163145  0.321799  0.11009  -0.0727518  0.11009  0.168268
0.326216  -0.163145  -0.0727518  -0.163145  0.321799  0.11009  -0.0727518  0.11009  0.168268
0.326206  -0.163163  -0.0727439  -0.163163  0.321848  0.110106  -0.0727439  0.110106  0.168271
0.326206  -0.163163  -0.0727439  -0.163163  0.321848  0.110106  -0.0727439  0.110106  0.168271
0.326206  -0.163163  -0.0727439  -0.163163  0.321848  0.110106  -0.0727439  0.110106  0.168271
0.326215  -0.163174  -0.0727661  -0.163174  0.321863  0.110125  -0.0727661  0.110125  0.168281
0.326215  -0.163174  -0.0727661  -0.163174  0.321863  0.110125  -0.0727661  0.110125  0.168281
0.326224  -0.163201  -0.0727619  -0.163201  0.3219  0.110134  -0.0727619  0.110134  0.16828
0.326224  -0.163201  -0.0727619  -0.163201  0.3219  0.110134  -0.0727619  0.110134  0.16828
0.326205  -0.163192  -0.0727582  -0.163192  0.321912  0.110142  -0.0727582  0.110142  0.168284
0.326205  -0.163192  -0.0727582  -0.163192  0.321912  0.110142  -0.0727582  0.110142  0.168284
0.326205  -0.163192  -0.0727582  -0.163192  0.321912  0.110142  -0.0727582  0.110142  0.168284
0.326187  -0.163184  -0.0727545  -0.163184  0.321924  0.110149  -0.0727545  0.110149  0.168287
0.326187  -0.163184  -0.0727545  -0.163184  0.321924  0.110149  -0.0727545  0.110149  0.168287
0.326176  -0.163202  -0.0727466  -0.163202  0.321973  0.110166  -0.0727466  0.110166  0.16829
0.326176  -0.163202  -0.0727466  -0.163202  0.321973  0.110166  -0.0727466  0.110166  0.16829
0.326176  -0.163202  -0.0727466  -0.163202  0.321973  0.110166  -0.0727466  0.110166  0.16829
0.326149  -0.163182  -0.0727206  -0.163182  0.32197  0.110155  -0.0727206  0.110155  0.168284
0.326149  -0.163182  -0.0727206  -0.163182  0.32197  0.110155  -0.0727206  0.110155  0.168284
0.326149  -0.163182  -0.0727206  -0.163182  0.32197  0.110155  -0.0727206  0.110155  0.168284
0.32613  -0.163173  -0.0727169  -0.163173  0.321982  0.110163  -0.0727169  0.110163  0.168288
0.32613  -0.163173  -0.0727169  -0.163173  0.321982  0.110163  -0.0727169  0.110163  0.168288
0.32613  -0.163173  -0.0727169  -0.163173  0.321982  0.110163  -0.0727169  0.110163  0.168288
0.326121  -0.163176  -0.0727354  -0.163176  0.32201  0.110189  -0.0727354  0.110189  0.168302
0.326102  -0.163167  -0.0727317  -0.163167  0.322022  0.110197  -0.0727317  0.110197  0.168306
0.326102  -0.163167  -0.0727317  -0.163167  0.322022  0.110197  -0.0727317  0.110197  0.168306
0.326102  -0.163167  -0.0727317  -0.163167  0.322022  0.110197  -0.0727317  0.110197  0.168306
0.326102  -0.163167  -0.0727317  -0.163167  0.322022  0.110197  -0.0727317  0.110197  0.168306
0.326075  -0.163132  -0.0727323  -0.163132  0.321998  0.110195  -0.0727323  0.110195  0.168311
0.326075  -0.163132  -0.0727323  -0.163132  0.321998  0.110195  -0.0727323  0.110195  0.168311
0.326075  -0.163132  -0.0727323  -0.163132  0.321998  0.110195  -0.0727323  0.110195  0.168311
0.326056  -0.163123  -0.0727285  -0.163123  0.32201  0.110203  -0.0727285  0.110203  0.168315
0.326056  -0.163123  -0.0727285  -0.163123  0.32201  0.110203  -0.0727285  0.110203  0.168315
0.326056  -0.163123  -0.0727285  -0.163123  0.32201  0.110203  -0.0727285  0.110203  0.168315
0.326056  -0.163123  -0.0727285  -0.163123  0.32201  0.110203  -0.0727285  0.110203  0.168315
0.326056  -0.163123  -0.0727285  -0.163123  0.32201  0.110203  -0.0727285  0.110203  0.168315
0.326083  -0.163158  -0.072728  -0.163158  0.322034  0.110204  -0.072728  0.110204  0.16831
0.326083  -0.163158  -0.072728  -0.163158  0.322034  0.110204  -0.072728  0.110204  0.16831
0.326083  -0.163158  -0.072728  -0.163158  0.322034  0.110204  -0.072728  0.110204  0.16831
0.326083  -0.163158  -0.072728  -0.163158  0.322034  0.110204  -0.072728  0.110204  0.16831
0.326083  -0.163158  -0.072728  -0.163158  0.322034  0.110204  -0.072728  0.110204  0.16831
0.32611  -0.163194  -0.0727275  -0.163194  0.322058  0.110206  -0.0727275  0.110206  0.168304
0.32611  -0.163194  -0.0727275  -0.163194  0.322058  0.110206  -0.0727275  0.110206  0.168304
0.32611  -0.163194  -0.0727275  -0.163194  0.322058  0.110206  -0.0727275  0.110206  0.168304
0.32611  -0.163194  -0.0727275  -0.163194  0.322058  0.110206  -0.0727275  0.110206  0.168304
0.32611  -0.163194  -0.0727275  -0.163194  0.322058  0.110206  -0.0727275  0.110206  0.168304
0.326137  -0.163229  -0.072727  -0.163229  0.322082  0.110207  -0.072727  0.110207  0.168299
0.326137  -0.163229  -0.072727  -0.163229  0.322082  0.110207  -0.072727  0.110207  0.168299
0.326137  -0.163229  -0.072727  -0.163229  0.322082  0.110207  -0.072727  0.110207  0.168299
0.326137  -0.163229  -0.072727  -0.163229  0.322082  0.110207  -0.072727  0.110207  0.168299
0.326156  -0.163238  -0.0727307  -0.163238  0.32207  0.110199  -0.0727307  0.110199  0.168295
0.326156  -0.163238  -0.0727307  -0.163238  0.32207  0.110199  -0.0727307  0.110199  0.168295
0.326156  -0.163238  -0.0727307  -0.163238  0.32207  0.110199  -0.0727307  0.110199  0.168295
0.326156  -0.163238  -0.0727307  -0.163238  0.32207  0.110199  -0.0727307  0.110199  0.168295
0.326156  -0.163238  -0.0727307  -0.163238  0.32207  0.110199  -0.0727307  0.110199  0.168295
0.326156  -0.163238  -0.0727307  -0.163238  0.32207  0.110199  -0.0727307  0.110199  0.168295
0.326156  -0.163238  -0.0727307  -0.163238  0.32207  0.110199  -0.0727307  0.110199  0.168295
0.326156  -0.163238  -0.0727307  -0.163238  0.32207  0.110199  -0.0727307  0.110199  0.168295
0.326156  -0.163238  -0.0727307  -0.163238  0.32207  0.110199  -0.0727307  0.110199  0.168295
0.326156  -0.163238  -0.0727307  -0.163238  0.32207  0.110199  -0.0727307  0.110199  0.168295
0.326156  -0.163238  -0.0727307  -0.163238  0.32207  0.110199  -0.0727307  0.110199  0.168295
0.326164  -0.163264  -0.0727265  -0.163264  0.322106  0.110208  -0.0727265  0.110208  0.168294
0.326155  -0.163253  -0.0727042  -0.163253  0.322091  0.110189  -0.0727042  0.110189  0.168284
0.326155  -0.163253  -0.0727042  -0.163253  0.322091  0.110189  -0.0727042  0.110189  0.168284
0.326155  -0.163253  -0.0727042  -0.163253  0.322091  0.110189  -0.0727042  0.110189  0.168284
0.326155  -0.163253  -0.0727042  -0.163253  0.322091  0.110189  -0.0727042  0.110189  0.168284
0.326155  -0.163253  -0.0727042  -0.163253  0.322091  0.110189  -0.0727042  0.110189  0.168284
0.326155  -0.163253  -0.0727042  -0.163253  0.322091  0.110189  -0.0727042  0.110189  0.168284
0.326155  -0.163253  -0.0727042  -0.163253  0.322091  0.110189  -0.0727042  0.110189  0.168284
0.326155  -0.163253  -0.0727042  -0.163253  0.322091  0.110189  -0.0727042  0.110189  0.168284
0.326155  -0.163253  -0.0727042  -0.163253  0.322091  0.110189  -0.0727042  0.110189  0.168284
0.326164  -0.16328  -0.0726999  -0.16328  0.322127  0.110198  -0.0726999  0.110198  0.168283
0.326164  -0.16328  -0.0726999  -0.16328  0.322127  0.110198  -0.0726999  0.110198  0.168283
0.326182  -0.163289  -0.0727037  -0.163289  0.322115  0.110191  -0.0727037  0.110191  0.168279
0.326182  -0.163289  -0.0727037  -0.163289  0.322115  0.110191  -0.0727037  0.110191  0.168279
0.326182  -0.163289  -0.0727037  -0.163289  0.322115  0.110191  -0.0727037  0.110191  0.168279
0.326191  -0.163315  -0.0726994  -0.163315  0.322152  0.1102  -0.0726994  0.1102  0.168278
0.3262  -0.163326  -0.0727217  -0.163326  0.322167  0.110218  -0.0727217  0.110218  0.168288
0.3262  -0.163326  -0.0727217  -0.163326  0.322167  0.110218  -0.0727217  0.110218  0.168288
0.326218  -0.163335  -0.0727254  -0.163335  0.322155  0.110211  -0.0727254  0.110211  0.168284
0.326218  -0.163335  -0.0727254  -0.163335  0.322155  0.110211  -0.0727254  0.110211  0.168284
0.326227  -0.163362  -0.0727212  -0.163362  0.322191  0.11022  -0.0727212  0.11022  0.168283
0.326227  -0.163362  -0.0727212  -0.163362  0.322191  0.11022  -0.0727212  0.11022  0.168283
0.326246  -0.16337  -0.0727249  -0.16337  0.322179  0.110212  -0.0727249  0.110212  0.168279
0.326246  -0.16337  -0.0727249  -0.16337  0.322179  0.110212  -0.0727249  0.110212  0.168279
0.326255  -0.163381  -0.0727472  -0.163381  0.322194  0.110231  -0.0727472  0.110231  0.168289
0.326255  -0.163381  -0.0727472  -0.163381  0.322194  0.110231  -0.0727472  0.110231  0.168289
0.326255  -0.163381  -0.0727472  -0.163381  0.322194  0.110231  -0.0727472  0.110231  0.168289
0.326273  -0.16339  -0.0727509  -0.16339  0.322182  0.110223  -0.0727509  0.110223  0.168285
0.326273  -0.16339  -0.0727509  -0.16339  0.322182  0.110223  -0.0727509  0.110223  0.168285
0.326283  -0.163401  -0.0727732  -0.163401  0.322197  0.110242  -0.0727732  0.110242  0.168296
0.326301  -0.16341  -0.0727769  -0.16341  0.322185  0.110234  -0.0727769  0.110234  0.168292
0.326301  -0.16341  -0.0727769  -0.16341  0.322185  0.110234  -0.0727769  0.110234  0.168292
0.326301  -0.16341  -0.0727769  -0.16341  0.322185  0.110234  -0.0727769  0.110234  0.168292
0.326329  -0.163429  -0.0728029  -0.163429  0.322188  0.110245  -0.0728029  0.110245  0.168298
0.326329  -0.163429  -0.0728029  -0.163429  0.322188  0.110245  -0.0728029  0.110245  0.168298
0.326338  -0.163456  -0.0727987  -0.163456  0.322225  0.110254  -0.0727987  0.110254  0.168297
0.326338  -0.163456  -0.0727987  -0.163456  0.322225  0.110254  -0.0727987  0.110254  0.168297
0.326347  -0.163467  -0.072821  -0.163467  0.32224  0.110273  -0.072821  0.110273  0.168308
0.326347  -0.163467  -0.072821  -0.163467  0.32224  0.110273  -0.072821  0.110273  0.168308
0.326347  -0.163467  -0.072821  -0.163467  0.32224  0.110273  -0.072821  0.110273  0.168308
0.326347  -0.163467  -0.072821  -0.163467  0.32224  0.110273  -0.072821  0.110273  0.168308
0.326347  -0.163467  -0.072821  -0.163467  0.32224  0.110273  -0.072821  0.110273  0.168308
0.326347  -0.163467  -0.072821  -0.163467  0.32224  0.110273  -0.072821  0.110273  0.168308
0.326347  -0.163467  -0.072821  -0.163467  0.32224  0.110273  -0.072821  0.110273  0.168308
0.326347  -0.163467  -0.072821  -0.163467  0.32224  0.110273  -0.072821  0.110273  0.168308
0.326347  -0.163467  -0.072821  -0.163467  0.32224  0.110273  -0.072821  0.110273  0.168308
0.326347  -0.163467  -0.072821  -0.163467  0.32224  0.110273  -0.072821  0.110273  0.168308
0.326347  -0.163467  -0.072821  -0.163467  0.32224  0.110273  -0.072821  0.110273  0.168308
0.326347  -0.163467  -0.072821  -0.163467  0.32224  0.110273  -0.072821  0.110273  0.168308
0.326347  -0.163467  -0.072821  -0.163467  0.32224  0.110273  -0.072821  0.110273  0.168308
0.326347  -0.163467  -0.072821  -0.163467  0.32224  0.110273  -0.072821  0.110273  0.168308
0.326347  -0.163467  -0.072821  -0.163467  0.32224  0.110273  -0.072821  0.110273  0.168308
0.326347  -0.163467  -0.072821  -0.163467  0.32224  0.110273  -0.072821  0.110273  0.168308
0.326339  -0.16344  -0.0728253  -0.16344  0.322204  0.110264  -0.0728253  0.110264  0.168309
0.326339  -0.16344  -0.0728253  -0.16344  0.322204  0.110264  -0.0728253  0.110264  0.168309
0.326339  -0.16344  -0.0728253  -0.16344  0.322204  0.110264  -0.0728253  0.110264  0.168309
0.326339  -0.16344  -0.0728253  -0.16344  0.322204  0.110264  -0.0728253  0.110264  0.168309
0.326339  -0.16344  -0.0728253  -0.16344  0.322204  0.110264  -0.0728253  0.110264  0.168309
0.326339  -0.16344  -0.0728253  -0.16344  0.322204  0.110264  -0.0728253  0.110264  0.168309
0.326339  -0.16344  -0.0728253  -0.16344  0.322204  0.110264  -0.0728253  0.110264  0.168309
0.326348  -0.163451  -0.0728476  -0.163451  0.322219  0.110283  -0.0728476  0.110283  0.168319
0.326348  -0.163451  -0.0728476  -0.163451  0.322219  0.110283  -0.0728476  0.110283  0.168319
0.326348  -0.163451  -0.0728476  -0.163451  0.322219  0.110283  -0.0728476  0.110283  0.168319
0.326348  -0.163451  -0.0728476  -0.163451  0.322219  0.110283  -0.0728476  0.110283  0.168319
0.326348  -0.163451  -0.0728476  -0.163451  0.322219  0.110283  -0.0728476  0.110283  0.168319
0.326358  -0.163433  -0.0728555  -0.163433  0.32217  0.110266  -0.0728555  0.110266  0.168316
0.326358  -0.163433  -0.0728555  -0.163433  0.32217  0.110266  -0.0728555  0.110266  0.168316
0.326358  -0.163433  -0.0728555  -0.163433  0.32217  0.110266  -0.0728555  0.110266  0.168316
0.326358  -0.163433  -0.0728555  -0.163433  0.32217  0.110266  -0.0728555  0.110266  0.168316
0.326367  -0.163444  -0.0728778  -0.163444  0.322186  0.110285  -0.0728778  0.110285  0.168327
0.326367  -0.163444  -0.0728778  -0.163444  0.322186  0.110285  -0.0728778  0.110285  0.168327
0.326367  -0.163444  -0.0728778  -0.163444  0.322186  0.110285  -0.0728778  0.110285  0.168327
0.326367  -0.163444  -0.0728778  -0.163444  0.322186  0.110285  -0.0728778  0.110285  0.168327
0.326367  -0.163444  -0.0728778  -0.163444  0.322186  0.110285  -0.0728778  0.110285  0.168327
0.326367  -0.163444  -0.0728778  -0.163444  0.322186  0.110285  -0.0728778  0.110285  0.168327
0.326367  -0.163444  -0.0728778  -0.163444  0.322186  0.110285  -0.0728778  0.110285  0.168327
0.326367  -0.163444  -0.0728778  -0.163444  0.322186  0.110285  -0.0728778  0.110285  0.168327
0.326367  -0.163444  -0.0728778  -0.163444  0.322186  0.110285  -0.0728778  0.110285  0.168327
0.326367  -0.163444  -0.0728778  -0.163444  0.322186  0.110285  -0.0728778  0.110285  0.168327
0.326367  -0.163444  -0.0728778  -0.163444  0.322186  0.110285  -0.0728778  0.110285  0.168327
0.326367  -0.163444  -0.0728778  -0.163444  0.322186  0.110285  -0.0728778  0.110285  0.168327
0.326367  -0.163444  -0.0728778  -0.163444  0.322186  0.110285  -0.0728778  0.110285  0.168327
0.326367  -0.163444  -0.0728778  -0.163444  0.322186  0.110285  -0.0728778  0.110285  0.168327
0.326367  -0.163444  -0.0728778  -0.163444  0.322186  0.110285  -0.0728778  0.110285  0.168327
0.326359  -0.163418  -0.0728821  -0.163418  0.322149  0.110276  -0.0728821  0.110276  0.168328
0.326359  -0.163418  -0.0728821  -0.163418  0.322149  0.110276  -0.0728821  0.110276  0.168328
0.326359  -0.163418  -0.0728821  -0.163418  0.322149  0.110276  -0.0728821  0.110276  0.168328
0.326359  -0.163418  -0.0728821  -0.163418  0.322149  0.110276  -0.0728821  0.110276  0.168328
0.326359  -0.163418  -0.0728821  -0.163418  0.322149  0.110276  -0.0728821  0.110276  0.168328
0.326359  -0.163418  -0.0728821  -0.163418  0.322149  0.110276  -0.0728821  0.110276  0.168328
0.326359  -0.163418  -0.0728821  -0.163418  0.322149  0.110276  -0.0728821  0.110276  0.168328
0.326359  -0.163418  -0.0728821  -0.163418  0.322149  0.110276  -0.0728821  0.110276  0.168328
0.326359  -0.163418  -0.0728821  -0.163418  0.322149  0.110276  -0.0728821  0.110276  0.168328
0.326368  -0.163429  -0.0729044  -0.163429  0.322165  0.110295  -0.0729044  0.110295  0.168338
0.326368  -0.163429  -0.0729044  -0.163429  0.322165  0.110295  -0.0729044  0.110295  0.168338
0.326368  -0.163429  -0.0729044  -0.163429  0.322165  0.110295  -0.0729044  0.110295  0.168338
0.326387  -0.163437  -0.0729081  -0.163437  0.322153  0.110287  -0.0729081  0.110287  0.168334
0.326387  -0.163437  -0.0729081  -0.163437  0.322153  0.110287  -0.0729081  0.110287  0.168334
0.326387  -0.163437  -0.0729081  -0.163437  0.322153  0.110287  -0.0729081  0.110287  0.168334
0.326387  -0.163437  -0.0729081  -0.163437  0.322153  0.110287  -0.0729081  0.110287  0.168334
0.326387  -0.163437  -0.0729081  -0.163437  0.322153  0.110287  -0.0729081  0.110287  0.168334
0.326406  -0.163446  -0.0729118  -0.163446  0.32214  0.11028  -0.0729118  0.11028  0.168331
0.326406  -0.163446  -0.0729118  -0.163446  0.32214  0.11028  -0.0729118  0.11028  0.168331
0.326406  -0.163446  -0.0729118  -0.163446  0.32214  0.11028  -0.0729118  0.11028  0.168331
0.326406  -0.163446  -0.0729118  -0.163446  0.32214  0.11028  -0.0729118  0.11028  0.168331
0.326434  -0.163466  -0.0729379  -0.163466  0.322143  0.110291  -0.0729379  0.110291  0.168337
0.326434  -0.163466  -0.0729379  -0.163466  0.322143  0.110291  -0.0729379  0.110291  0.168337
0.326442  -0.163492  -0.0729336  -0.163492  0.32218  0.1103  -0.0729336  0.1103  0.168336
0.326442  -0.163492  -0.0729336  -0.163492  0.32218  0.1103  -0.0729336  0.1103  0.168336
0.326451  -0.163503  -0.072956  -0.163503  0.322195  0.110319  -0.072956  0.110319  0.168346
0.326451  -0.163503  -0.072956  -0.163503  0.322195  0.110319  -0.072956  0.110319  0.168346
0.326451  -0.163503  -0.072956  -0.163503  0.322195  0.110319  -0.072956  0.110319  0.168346
0.326451  -0.163503  -0.072956  -0.163503  0.322195  0.110319  -0.072956  0.110319  0.168346
0.326451  -0.163503  -0.072956  -0.163503  0.322195  0.110319  -0.072956  0.110319  0.168346
0.32646  -0.16353  -0.0729518  -0.16353  0.322232  0.110328  -0.0729518  0.110328  0.168345
0.32645  -0.163519  -0.0729294  -0.163519  0.322216  0.110309  -0.0729294  0.110309  0.168335
0.32645  -0.163519  -0.0729294  -0.163519  0.322216  0.110309  -0.0729294  0.110309  0.168335
0.32645  -0.163519  -0.0729294  -0.163519  0.322216  0.110309  -0.0729294  0.110309  0.168335
0.32645  -0.163519  -0.0729294  -0.163519  0.322216  0.110309  -0.0729294  0.110309  0.168335
0.32645  -0.163519  -0.0729294  -0.163519  0.322216  0.110309  -0.0729294  0.110309  0.168335
0.32645  -0.163519  -0.0729294  -0.163519  0.322216  0.110309  -0.0729294  0.110309  0.168335
0.32645  -0.163519  -0.0729294  -0.163519  0.322216  0.110309  -0.0729294  0.110309  0.168335
0.32645  -0.163519  -0.0729294  -0.163519  0.322216  0.110309  -0.0729294  0.110309  0.168335
0.32645  -0.163519  -0.0729294  -0.163519  0.322216  0.110309  -0.0729294  0.110309  0.168335
0.32645  -0.163519  -0.0729294  -0.163519  0.322216  0.110309  -0.0729294  0.110309  0.168335
0.326459  -0.163546  -0.0729252  -0.163546  0.322253  0.110318  -0.0729252  0.110318  0.168333
0.326459  -0.163546  -0.0729252  -0.163546  0.322253  0.110318  -0.0729252  0.110318  0.168333
0.326459  -0.163546  -0.0729252  -0.163546  0.322253  0.110318  -0.0729252  0.110318  0.168333
0.326459  -0.163546  -0.0729252  -0.163546  0.322253  0.110318  -0.0729252  0.110318  0.168333
0.326459  -0.163546  -0.0729252  -0.163546  0.322253  0.110318  -0.0729252  0.110318  0.168333
0.326459  -0.163546  -0.0729252  -0.163546  0.322253  0.110318  -0.0729252  0.110318  0.168333
0.326459  -0.163546  -0.0729252  -0.163546  0.322253  0.110318  -0.0729252  0.110318  0.168333
0.32645  -0.163535  -0.0729029  -0.163535  0.322237  0.110299  -0.0729029  0.110299  0.168323
0.32645  -0.163535  -0.0729029  -0.163535  0.322237  0.110299  -0.0729029  0.110299  0.168323
0.32645  -0.163535  -0.0729029  -0.163535  0.322237  0.110299  -0.0729029  0.110299  0.168323
0.32646  -0.163517  -0.0729108  -0.163517  0.322189  0.110282  -0.0729108  0.110282  0.16832
0.32646  -0.163517  -0.0729108  -0.163517  0.322189  0.110282  -0.0729108  0.110282  0.16832
0.32646  -0.163517  -0.0729108  -0.163517  0.322189  0.110282  -0.0729108  0.110282  0.16832
0.32646  -0.163517  -0.0729108  -0.163517  0.322189  0.110282  -0.0729108  0.110282  0.16832
0.326469  -0.163514  -0.0728922  -0.163514  0.322161  0.110256  -0.0728922  0.110256  0.168306
0.326469  -0.163514  -0.0728922  -0.163514  0.322161  0.110256  -0.0728922  0.110256  0.168306
0.326469  -0.163514  -0.0728922  -0.163514  0.322161  0.110256  -0.0728922  0.110256  0.168306
0.326479  -0.163496  -0.0729001  -0.163496  0.322112  0.110239  -0.0729001  0.110239  0.168303
0.326479  -0.163496  -0.0729001  -0.163496  0.322112  0.110239  -0.0729001  0.110239  0.168303
0.326498  -0.163505  -0.0729038  -0.163505  0.3221  0.110231  -0.0729038  0.110231  0.1683
0.326507  -0.163503  -0.0728852  -0.163503  0.322073  0.110205  -0.0728852  0.110205  0.168285
0.326507  -0.163503  -0.0728852  -0.163503  0.322073  0.110205  -0.0728852  0.110205  0.168285
0.326526  -0.163511  -0.0728889  -0.163511  0.32206  0.110197  -0.0728889  0.110197  0.168281
0.326545  -0.16352  -0.0728926  -0.16352  0.322048  0.110189  -0.0728926  0.110189  0.168278
0.326545  -0.16352  -0.0728926  -0.16352  0.322048  0.110189  -0.0728926  0.110189  0.168278
0.326573  -0.163526  -0.0728777  -0.163526  0.322008  0.110155  -0.0728777  0.110155  0.168259
0.326573  -0.163526  -0.0728777  -0.163526  0.322008  0.110155  -0.0728777  0.110155  0.168259
0.326582  -0.163524  -0.0728591  -0.163524  0.321981  0.110129  -0.0728591  0.110129  0.168245
0.326582  -0.163524  -0.0728591  -0.163524  0.321981  0.110129  -0.0728591  0.110129  0.168245
0.32662  -0.163541  -0.0728665  -0.163541  0.321956  0.110113  -0.0728665  0.110113  0.168237
0.326629  -0.163539  -0.0728478  -0.163539  0.321928  0.110087  -0.0728478  0.110087  0.168223
0.326629  -0.163539  -0.0728478  -0.163539  0.321928  0.110087  -0.0728478  0.110087  0.168223
0.326657  -0.163545  -0.0728329  -0.163545  0.321889  0.110052  -0.0728329  0.110052  0.168205
0.326676  -0.163554  -0.0728366  -0.163554  0.321876  0.110045  -0.0728366  0.110045  0.168201
0.326676  -0.163554  -0.0728366  -0.163554  0.321876  0.110045  -0.0728366  0.110045  0.168201
0.326704  -0.16356  -0.0728216  -0.16356  0.321836  0.11001  -0.0728216  0.11001  0.168183
0.326723  -0.163569  -0.0728253  -0.163569  0.321824  0.110003  -0.0728253  0.110003  0.168179
0.326751  -0.163575  -0.0728104  -0.163575  0.321784  0.109968  -0.0728104  0.109968  0.168161
0.32677  -0.163583  -0.0728141  -0.163583  0.321772  0.109961  -0.0728141  0.109961  0.168157
0.32677  -0.163583  -0.0728141  -0.163583  0.321772  0.109961  -0.0728141  0.109961  0.168157
0.326798  -0.16359  -0.0727991  -0.16359  0.321732  0.109927  -0.0727991  0.109927  0.168139
0.326816  -0.163598  -0.0728028  -0.163598  0.32172  0.109919  -0.0728028  0.109919  0.168135
0.326845  -0.163605  -0.0727878  -0.163605  0.32168  0.109885  -0.0727878  0.109885  0.168117
0.326845  -0.163605  -0.0727878  -0.163605  0.32168  0.109885  -0.0727878  0.109885  0.168117
0.326873  -0.163611  -0.0727728  -0.163611  0.32164  0.10985  -0.0727728  0.10985  0.168099
0.326909  -0.163644  -0.0727536  -0.163644  0.321637  0.109825  -0.0727536  0.109825  0.16808
0.326909  -0.163644  -0.0727536  -0.163644  0.321637  0.109825  -0.0727536  0.109825  0.16808
0.326956  -0.163659  -0.0727423  -0.163659  0.321585  0.109783  -0.0727423  0.109783  0.168058
0.326956  -0.163659  -0.0727423  -0.163659  0.321585  0.109783  -0.0727423  0.109783  0.168058
0.327003  -0.163673  -0.0727309  -0.163673  0.321532  0.109741  -0.0727309  0.109741  0.168036
0.327003  -0.163673  -0.0727309  -0.163673  0.321532  0.109741  -0.0727309  0.109741  0.168036
0.32706  -0.163686  -0.0727009  -0.163686  0.321453  0.109673  -0.0727009  0.109673  0.168
0.32706  -0.163686  -0.0727009  -0.163686  0.321453  0.109673  -0.0727009  0.109673  0.168
0.327125  -0.163725  -0.0726666  -0.163725  0.321409  0.109613  -0.0726666  0.109613  0.167962
0.327153  -0.163731  -0.0726516  -0.163731  0.321369  0.109579  -0.0726516  0.109579  0.167944
0.327153  -0.163731  -0.0726516  -0.163731  0.321369  0.109579  -0.0726516  0.109579  0.167944
0.327209  -0.163743  -0.0726214  -0.163743  0.32129  0.10951  -0.0726214  0.10951  0.167908
0.327247  -0.163747  -0.0725877  -0.163747  0.321222  0.10945  -0.0725877  0.10945  0.167876
0.327247  -0.163747  -0.0725877  -0.163747  0.321222  0.10945  -0.0725877  0.10945  0.167876
0.327312  -0.163786  -0.0725533  -0.163786  0.321179  0.10939  -0.0725533  0.10939  0.167839
0.327302  -0.163775  -0.0725309  -0.163775  0.321164  0.109371  -0.0725309  0.109371  0.167829
0.327349  -0.163776  -0.0724784  -0.163776  0.321068  0.109284  -0.0724784  0.109284  0.167782
0.327368  -0.163785  -0.072482  -0.163785  0.321056  0.109276  -0.072482  0.109276  0.167778
0.327423  -0.163813  -0.0724252  -0.163813  0.320997  0.109198  -0.0724252  0.109198  0.167731
0.327442  -0.163808  -0.0723878  -0.163808  0.320942  0.109145  -0.0723878  0.109145  0.167703
0.327452  -0.163805  -0.072369  -0.163805  0.320915  0.109119  -0.072369  0.109119  0.167689
0.327489  -0.163795  -0.0722941  -0.163795  0.320804  0.109013  -0.0722941  0.109013  0.167632
0.327489  -0.163795  -0.0722941  -0.163795  0.320804  0.109013  -0.0722941  0.109013  0.167632
0.327554  -0.16382  -0.0722185  -0.16382  0.320718  0.108908  -0.0722185  0.108908  0.167571
0.327572  -0.163801  -0.0721399  -0.163801  0.32062  0.10881  -0.0721399  0.10881  0.167519
0.327591  -0.16381  -0.0721435  -0.16381  0.320608  0.108802  -0.0721435  0.108802  0.167515
0.327628  -0.163816  -0.0720419  -0.163816  0.320518  0.108687  -0.0720419  0.108687  0.167448
0.327637  -0.163786  -0.0719411  -0.163786  0.320405  0.10857  -0.0719411  0.10857  0.167386
0.327637  -0.163786  -0.0719411  -0.163786  0.320405  0.10857  -0.0719411  0.10857  0.167386
0.327674  -0.163762  -0.071825  -0.163762  0.320252  0.10842  -0.071825  0.10842  0.167306
0.327664  -0.16375  -0.0718027  -0.16375  0.320237  0.108401  -0.0718027  0.108401  0.167296
0.327682  -0.163734  -0.0716566  -0.163734  0.320117  0.108249  -0.0716566  0.108249  0.167209
0.3277  -0.163742  -0.0716602  -0.163742  0.320105  0.108241  -0.0716602  0.108241  0.167205
0.327709  -0.163698  -0.0715184  -0.163698  0.319949  0.10808  -0.0715184  0.10808  0.16712
0.327727  -0.163666  -0.0713989  -0.163666  0.319809  0.107937  -0.0713989  0.107937  0.167044
0.327727  -0.163666  -0.0713989  -0.163666  0.319809  0.107937  -0.0713989  0.107937  0.167044
0.327745  -0.163619  -0.0712386  -0.163619  0.319626  0.10775  -0.0712386  0.10775  0.166946
0.327754  -0.163576  -0.071097  -0.163576  0.31947  0.10759  -0.071097  0.10759  0.166861
0.327754  -0.163576  -0.071097  -0.163576  0.31947  0.10759  -0.071097  0.10759  0.166861
0.327744  -0.16348  -0.0708967  -0.16348  0.319221  0.107357  -0.0708967  0.107357  0.166745
0.327753  -0.163477  -0.070878  -0.163477  0.319194  0.107331  -0.070878  0.107331  0.166731
0.327752  -0.163409  -0.0706736  -0.163409  0.318981  0.107108  -0.0706736  0.107108  0.166614
0.327761  -0.163406  -0.0706549  -0.163406  0.318954  0.107082  -0.0706549  0.107082  0.1666
0.32776  -0.163308  -0.0704363  -0.163308  0.318678  0.106824  -0.0704363  0.106824  0.166472
0.327787  -0.163272  -0.0702985  -0.163272  0.318511  0.106657  -0.0702985  0.106657  0.166385
0.327778  -0.163261  -0.0702764  -0.163261  0.318496  0.106639  -0.0702764  0.106639  0.166375
0.327805  -0.163183  -0.0700836  -0.163183  0.318223  0.106392  -0.0700836  0.106392  0.166253
0.327786  -0.16309  -0.0699029  -0.16309  0.318003  0.106188  -0.0699029  0.106188  0.166152
0.327795  -0.163087  -0.0698842  -0.163087  0.317975  0.106162  -0.0698842  0.106162  0.166139
0.327811  -0.163013  -0.0696431  -0.163013  0.317709  0.105889  -0.0696431  0.105889  0.165998
0.327802  -0.163002  -0.0696211  -0.163002  0.317694  0.105871  -0.0696211  0.105871  0.165989
0.32782  -0.162912  -0.0694067  -0.162912  0.317408  0.105608  -0.0694067  0.105608  0.165859
0.327829  -0.162909  -0.069388  -0.162909  0.31738  0.105582  -0.069388  0.105582  0.165846
