0.32298  -0.146026  -0.0674985  -0.146026  0.292863  0.0958335  -0.0674985  0.0958335  0.164033
0.32298  -0.146026  -0.0674985  -0.146026  0.292863  0.0958335  -0.0674985  0.0958335  0.164033
0.323006  -0.146007  -0.0673427  -0.146007  0.292729  0.0956757  -0.0673427  0.0956757  0.163943
0.323007  -0.145934  -0.0671116  -0.145934  0.292502  0.0954391  -0.0671116  0.0954391  0.163817
0.322999  -0.145924  -0.067091  -0.145924  0.292489  0.0954232  -0.067091  0.0954232  0.163808
0.322889  -0.145484  -0.0668221  -0.145484  0.291764  0.0949851  -0.0668221  0.0949851  0.16365
0.322866  -0.145442  -0.0667854  -0.145442  0.29171  0.0949458  -0.0667854  0.0949458  0.163634
0.322675  -0.144993  -0.0663543  -0.144993  0.291025  0.0944456  -0.0663543  0.0944456  0.163427
0.322522  -0.144648  -0.0659284  -0.144648  0.290473  0.0939943  -0.0659284  0.0939943  0.163227
0.322499  -0.144607  -0.065892  -0.144607  0.290419  0.0939556  -0.065892  0.0939556  0.163211
0.322259  -0.143975  -0.0653563  -0.143975  0.289445  0.0932851  -0.0653563  0.0932851  0.162949
0.322252  -0.143939  -0.0653226  -0.143939  0.28938  0.093239  -0.0653226  0.093239  0.16293
0.322004  -0.143374  -0.0646482  -0.143374  0.288483  0.0925195  -0.0646482  0.0925195  0.162619
0.321835  -0.142939  -0.0642288  -0.142939  0.287803  0.0920261  -0.0642288  0.0920261  0.162421
0.32182  -0.142895  -0.0641754  -0.142895  0.287726  0.0919656  -0.0641754  0.0919656  0.162395
0.321596  -0.14224  -0.0636802  -0.14224  0.286715  0.0913037  -0.0636802  0.0913037  0.162151
0.321589  -0.142205  -0.0636471  -0.142205  0.28665  0.0912587  -0.0636471  0.0912587  0.162133
0.321355  -0.141672  -0.0629792  -0.141672  0.2858  0.0905632  -0.0629792  0.0905632  0.161837
0.321175  -0.1412  -0.0625143  -0.1412  0.285058  0.0900222  -0.0625143  0.0900222  0.161624
0.321168  -0.141165  -0.0624815  -0.141165  0.284994  0.0899778  -0.0624815  0.0899778  0.161607
0.320937  -0.140448  -0.0619912  -0.140448  0.283897  0.089288  -0.0619912  0.089288  0.161367
0.320915  -0.140408  -0.0619565  -0.140408  0.283846  0.0892516  -0.0619565  0.0892516  0.161354
0.320658  -0.139822  -0.0612695  -0.139822  0.282936  0.0885299  -0.0612695  0.0885299  0.161062
0.320475  -0.139372  -0.0608671  -0.139372  0.28227  0.0880606  -0.0608671  0.0880606  0.160889
0.320462  -0.139329  -0.0608154  -0.139329  0.282196  0.0880028  -0.0608154  0.0880028  0.160865
0.320183  -0.13864  -0.0602987  -0.13864  0.281214  0.0873593  -0.0602987  0.0873593  0.160646
0.32017  -0.138597  -0.0602474  -0.138597  0.281141  0.087302  -0.0602474  0.087302  0.160623
0.319841  -0.137936  -0.0595186  -0.137936  0.280202  0.0865646  -0.0595186  0.0865646  0.160342
0.319608  -0.137386  -0.0590426  -0.137386  0.279415  0.0860168  -0.0590426  0.0860168  0.16015
0.319602  -0.137353  -0.0590109  -0.137353  0.279354  0.0859745  -0.0590109  0.0859745  0.160134
0.319269  -0.136611  -0.0584309  -0.136611  0.27835  0.0853011  -0.0584309  0.0853011  0.159913
0.319256  -0.136569  -0.0583805  -0.136569  0.278278  0.0852453  -0.0583805  0.0852453  0.159891
0.318898  -0.135843  -0.0576602  -0.135843  0.277286  0.0845026  -0.0576602  0.0845026  0.15963
0.318871  -0.135797  -0.0576086  -0.135797  0.277228  0.0844549  -0.0576086  0.0844549  0.159613
0.318529  -0.135002  -0.0570527  -0.135002  0.276166  0.0837764  -0.0570527  0.0837764  0.159407
0.31851  -0.134939  -0.0570076  -0.134939  0.276069  0.0837152  -0.0570076  0.0837152  0.159387
0.318163  -0.134197  -0.0563455  -0.134197  0.275068  0.0830028  -0.0563455  0.0830028  0.159153
0.318137  -0.134152  -0.0562947  -0.134152  0.275011  0.0829561  -0.0562947  0.0829561  0.159137
0.317823  -0.133422  -0.0556996  -0.133422  0.274013  0.0822776  -0.0556996  0.0822776  0.158924
0.317607  -0.132932  -0.0552927  -0.132932  0.27335  0.0818226  -0.0552927  0.0818226  0.158782
0.317581  -0.132888  -0.0552425  -0.132888  0.273294  0.0817768  -0.0552425  0.0817768  0.158767
0.317233  -0.132185  -0.0545479  -0.132185  0.27236  0.0810785  -0.0545479  0.0810785  0.158542
0.317214  -0.132137  -0.0544813  -0.132137  0.272282  0.0810127  -0.0544813  0.0810127  0.158518
0.316904  -0.131464  -0.0539057  -0.131464  0.271394  0.0803935  -0.0539057  0.0803935  0.158332
0.316651  -0.130929  -0.0534397  -0.130929  0.270696  0.0799015  -0.0534397  0.0799015  0.158187
0.316627  -0.130871  -0.0534133  -0.130871  0.270626  0.0798637  -0.0534133  0.0798637  0.158179
0.316334  -0.130287  -0.0528256  -0.130287  0.269863  0.0792872  -0.0528256  0.0792872  0.158003
0.316329  -0.130255  -0.0527959  -0.130255  0.269807  0.0792484  -0.0527959  0.0792484  0.15799
0.316018  -0.129565  -0.0522764  -0.129565  0.268925  0.0786664  -0.0522764  0.0786664  0.157834
0.315994  -0.129508  -0.0522505  -0.129508  0.268857  0.0786293  -0.0522505  0.0786293  0.157826
0.315709  -0.128919  -0.0516937  -0.128919  0.268093  0.0780705  -0.0516937  0.0780705  0.157666
0.315685  -0.128877  -0.0516457  -0.128877  0.26804  0.0780274  -0.0516457  0.0780274  0.157653
0.315417  -0.128293  -0.0511504  -0.128293  0.267289  0.0775049  -0.0511504  0.0775049  0.157512
0.315237  -0.127898  -0.0508423  -0.127898  0.266789  0.0771698  -0.0508423  0.0771698  0.157426
0.31522  -0.127863  -0.0508123  -0.127863  0.266746  0.0771395  -0.0508123  0.0771395  0.157418
0.314955  -0.127336  -0.0502898  -0.127336  0.266079  0.0766373  -0.0502898  0.0766373  0.157281
0.314932  -0.127294  -0.0502427  -0.127294  0.266027  0.0765952  -0.0502427  0.0765952  0.157269
0.314682  -0.126769  -0.049836  -0.126769  0.265387  0.0761654  -0.049836  0.0761654  0.157166
0.31466  -0.126714  -0.0498112  -0.126714  0.265321  0.0761299  -0.0498112  0.0761299  0.15716
0.314429  -0.126252  -0.0493926  -0.126252  0.264756  0.0757207  -0.0493926  0.0757207  0.157057
0.314272  -0.125937  -0.0491109  -0.125937  0.26437  0.0754437  -0.0491109  0.0754437  0.156989
0.314261  -0.12591  -0.0490986  -0.12591  0.264338  0.0754261  -0.0490986  0.0754261  0.156986
0.314046  -0.125453  -0.04874  -0.125453  0.263784  0.0750516  -0.04874  0.0750516  0.156901
0.314035  -0.12544  -0.048706  -0.12544  0.263765  0.0750281  -0.048706  0.0750281  0.156893
0.31382  -0.125035  -0.0483171  -0.125035  0.263287  0.0746687  -0.0483171  0.0746687  0.156808
0.313674  -0.124731  -0.0480564  -0.124731  0.262917  0.0744085  -0.0480564  0.0744085  0.156748
0.313663  -0.124705  -0.0480444  -0.124705  0.262885  0.0743912  -0.0480444  0.0743912  0.156746
0.313454  -0.124254  -0.0476912  -0.124254  0.26234  0.0740236  -0.0476912  0.0740236  0.156666
0.313443  -0.124241  -0.0476576  -0.124241  0.262322  0.0740005  -0.0476576  0.0740005  0.156659
0.313239  -0.123862  -0.0472695  -0.123862  0.261874  0.0736534  -0.0472695  0.0736534  0.156579
0.313118  -0.123602  -0.0470577  -0.123602  0.26156  0.0734376  -0.0470577  0.0734376  0.156533
0.313102  -0.123569  -0.0470292  -0.123569  0.26152  0.0734093  -0.0470292  0.0734093  0.156527
0.312929  -0.123214  -0.046749  -0.123214  0.261108  0.0731285  -0.046749  0.0731285  0.156472
0.312924  -0.123207  -0.0467323  -0.123207  0.261099  0.0731172  -0.0467323  0.0731172  0.156469
0.312757  -0.122876  -0.0463946  -0.122876  0.260694  0.0728078  -0.0463946  0.0728078  0.1564
0.312643  -0.122649  -0.046213  -0.122649  0.260437  0.0726305  -0.046213  0.0726305  0.156367
0.312633  -0.122623  -0.0462013  -0.122623  0.260406  0.0726139  -0.0462013  0.0726139  0.156364
0.312473  -0.122311  -0.0459147  -0.122311  0.260044  0.0723482  -0.0459147  0.0723482  0.156311
0.312458  -0.122278  -0.0458867  -0.122278  0.260004  0.0723204  -0.0458867  0.0723204  0.156306
0.31232  -0.12201  -0.0455922  -0.12201  0.259675  0.0720597  -0.0455922  0.0720597  0.156249
0.312208  -0.121785  -0.0454127  -0.121785  0.259421  0.071885  -0.0454127  0.071885  0.156218
0.312198  -0.121772  -0.04538  -0.121772  0.259404  0.0718628  -0.04538  0.0718628  0.156212
0.312042  -0.121463  -0.0450966  -0.121463  0.259046  0.0716009  -0.0450966  0.0716009  0.156163
0.312027  -0.121431  -0.0450689  -0.121431  0.259007  0.0715736  -0.0450689  0.0715736  0.156158
0.311877  -0.121117  -0.0448243  -0.121117  0.258647  0.0713298  -0.0448243  0.0713298  0.156116
0.311784  -0.120904  -0.0446637  -0.120904  0.258392  0.0711613  -0.0446637  0.0711613  0.156086
0.311768  -0.120894  -0.0446469  -0.120894  0.258396  0.0711576  -0.0446469  0.0711576  0.156088
0.311656  -0.120656  -0.044422  -0.120656  0.258108  0.0709462  -0.044422  0.0709462  0.156048
0.311646  -0.12063  -0.0444108  -0.12063  0.258078  0.07093  -0.0444108  0.07093  0.156045
0.311524  -0.120377  -0.0442072  -0.120377  0.257791  0.0707323  -0.0442072  0.0707323  0.156014
0.311447  -0.120211  -0.0440544  -0.120211  0.25759  0.070587  -0.0440544  0.070587  0.155987
0.311437  -0.120185  -0.0440432  -0.120185  0.257561  0.070571  -0.0440432  0.070571  0.155985
0.311341  -0.119981  -0.0438474  -0.119981  0.257314  0.0703887  -0.0438474  0.0703887  0.155951
0.311331  -0.119955  -0.0438363  -0.119955  0.257284  0.0703727  -0.0438363  0.0703727  0.155949
0.311247  -0.119742  -0.0436626  -0.119742  0.257013  0.0701894  -0.0436626  0.0701894  0.155915
0.311185  -0.119608  -0.0435381  -0.119608  0.256853  0.0700722  -0.0435381  0.0700722  0.155895
0.31118  -0.119602  -0.043522  -0.119602  0.256845  0.0700615  -0.043522  0.0700615  0.155892
0.311086  -0.119386  -0.0433486  -0.119386  0.256587  0.0698864  -0.0433486  0.0698864  0.155863
0.311081  -0.11938  -0.0433326  -0.11938  0.256579  0.0698757  -0.0433326  0.0698757  0.155861
0.311003  -0.119174  -0.0431761  -0.119174  0.256319  0.0697047  -0.0431761  0.0697047  0.155831
0.310952  -0.119057  -0.043032  -0.119057  0.25616  0.0695759  -0.043032  0.0695759  0.155804
0.310943  -0.119032  -0.043021  -0.119032  0.256131  0.0695602  -0.043021  0.0695602  0.155802
0.310879  -0.118871  -0.0428712  -0.118871  0.255922  0.069411  -0.0428712  0.069411  0.155774
0.310874  -0.118865  -0.0428553  -0.118865  0.255914  0.0694004  -0.0428553  0.0694004  0.155771
0.31081  -0.118704  -0.0427057  -0.118704  0.255706  0.0692516  -0.0427057  0.0692516  0.155744
0.310805  -0.118698  -0.0426899  -0.118698  0.255698  0.069241  -0.0426899  0.069241  0.155741
0.310746  -0.118544  -0.0425565  -0.118544  0.255498  0.0691031  -0.0425565  0.0691031  0.155716
0.310746  -0.118544  -0.0425565  -0.118544  0.255498  0.0691031  -0.0425565  0.0691031  0.155716
0.310693  -0.118396  -0.0424392  -0.118396  0.255308  0.0689761  -0.0424392  0.0689761  0.155694
0.310655  -0.118321  -0.0423542  -0.118321  0.255217  0.0689031  -0.0423542  0.0689031  0.155682
0.310651  -0.118315  -0.0423384  -0.118315  0.255209  0.0688926  -0.0423384  0.0688926  0.155679
0.310607  -0.11818  -0.0422531  -0.11818  0.255035  0.0687869  -0.0422531  0.0687869  0.155662
0.310575  -0.118111  -0.0421841  -0.118111  0.254953  0.0687246  -0.0421841  0.0687246  0.155652
0.310566  -0.118086  -0.0421733  -0.118086  0.254924  0.0687091  -0.0421733  0.0687091  0.15565
0.310526  -0.117983  -0.0420624  -0.117983  0.254784  0.0686035  -0.0420624  0.0686035  0.15563
0.310521  -0.117977  -0.0420467  -0.117977  0.254776  0.068593  -0.0420467  0.068593  0.155627
0.310486  -0.117867  -0.0419725  -0.117867  0.254632  0.0685033  -0.0419725  0.0685033  0.155612
0.310454  -0.117799  -0.0419037  -0.117799  0.25455  0.0684414  -0.0419037  0.0684414  0.155602
0.310449  -0.117793  -0.041888  -0.117793  0.254542  0.068431  -0.041888  0.068431  0.1556
0.310415  -0.117683  -0.0418139  -0.117683  0.254398  0.0683415  -0.0418139  0.0683415  0.155585
0.31041  -0.117677  -0.0417982  -0.117677  0.25439  0.0683312  -0.0417982  0.0683312  0.155583
0.310381  -0.117565  -0.0417089  -0.117565  0.254227  0.0682244  -0.0417089  0.0682244  0.155562
0.31036  -0.117499  -0.0416408  -0.117499  0.254133  0.0681556  -0.0416408  0.0681556  0.155548
0.31036  -0.117499  -0.0416408  -0.117499  0.254133  0.0681556  -0.0416408  0.0681556  0.155548
0.310321  -0.117384  -0.0415513  -0.117384  0.253982  0.0680563  -0.0415513  0.0680563  0.155531
0.310321  -0.117384  -0.0415513  -0.117384  0.253982  0.0680563  -0.0415513  0.0680563  0.155531
0.310296  -0.11729  -0.0414573  -0.11729  0.253839  0.0679549  -0.0414573  0.0679549  0.155509
0.310266  -0.1172  -0.0413787  -0.1172  0.253717  0.0678712  -0.0413787  0.0678712  0.155494
0.310266  -0.1172  -0.0413787  -0.1172  0.253717  0.0678712  -0.0413787  0.0678712  0.155494
0.310237  -0.117101  -0.0412692  -0.117101  0.253567  0.0677599  -0.0412692  0.0677599  0.155471
0.310228  -0.117076  -0.0412586  -0.117076  0.253539  0.0677447  -0.0412586  0.0677447  0.15547
0.310204  -0.116995  -0.0411443  -0.116995  0.253409  0.0676386  -0.0411443  0.0676386  0.155446
0.310188  -0.116927  -0.0410613  -0.116927  0.253296  0.0675531  -0.0410613  0.0675531  0.155426
0.310184  -0.116908  -0.0410663  -0.116908  0.253276  0.0675482  -0.0410663  0.0675482  0.155427
0.310164  -0.116834  -0.0409677  -0.116834  0.253155  0.0674526  -0.0409677  0.0674526  0.155406
0.310169  -0.11683  -0.0409524  -0.11683  0.253135  0.0674353  -0.0409524  0.0674353  0.155399
0.310149  -0.116756  -0.040854  -0.116756  0.253014  0.0673398  -0.040854  0.0673398  0.155378
0.310138  -0.116693  -0.0407868  -0.116693  0.252909  0.0672649  -0.0407868  0.0672649  0.155361
0.310149  -0.116696  -0.040787  -0.116696  0.252897  0.0672577  -0.040787  0.0672577  0.155357
0.310137  -0.116646  -0.0406993  -0.116646  0.252804  0.0671776  -0.0406993  0.0671776  0.155337
0.310129  -0.116621  -0.0406887  -0.116621  0.252776  0.0671626  -0.0406887  0.0671626  0.155336
0.310132  -0.11658  -0.0406168  -0.11658  0.252679  0.0670856  -0.0406168  0.0670856  0.155314
0.310134  -0.116549  -0.0405757  -0.116549  0.252611  0.067036  -0.0405757  0.067036  0.1553
0.310134  -0.116549  -0.0405757  -0.116549  0.252611  0.067036  -0.0405757  0.067036  0.1553
0.310132  -0.116524  -0.0404986  -0.116524  0.252547  0.0669711  -0.0404986  0.0669711  0.155283
0.310132  -0.116524  -0.0404986  -0.116524  0.252547  0.0669711  -0.0404986  0.0669711  0.155283
0.310134  -0.116492  -0.0404576  -0.116492  0.252479  0.0669216  -0.0404576  0.0669216  0.155269
0.31013  -0.116477  -0.0404113  -0.116477  0.252443  0.0668842  -0.0404113  0.0668842  0.155259
0.310134  -0.116495  -0.0404063  -0.116495  0.252463  0.0668891  -0.0404063  0.0668891  0.155259
0.310135  -0.116486  -0.0403755  -0.116486  0.252435  0.0668617  -0.0403755  0.0668617  0.155251
0.310135  -0.116486  -0.0403755  -0.116486  0.252435  0.0668617  -0.0403755  0.0668617  0.155251
0.310131  -0.11648  -0.04036  -0.11648  0.252427  0.0668516  -0.04036  0.0668516  0.155249
0.310135  -0.116498  -0.040355  -0.116498  0.252447  0.0668565  -0.040355  0.0668565  0.155249
0.31012  -0.11649  -0.0403392  -0.11649  0.252452  0.0668535  -0.0403392  0.0668535  0.155251
0.310124  -0.116508  -0.0403342  -0.116508  0.252472  0.0668584  -0.0403342  0.0668584  0.155251
0.310114  -0.116506  -0.040334  -0.116506  0.252484  0.0668655  -0.040334  0.0668655  0.155255
0.310098  -0.116519  -0.0403285  -0.116519  0.252529  0.0668846  -0.0403285  0.0668846  0.155263
0.310098  -0.116519  -0.0403285  -0.116519  0.252529  0.0668846  -0.0403285  0.0668846  0.155263
0.310081  -0.116543  -0.0403538  -0.116543  0.252602  0.0669311  -0.0403538  0.0669311  0.155279
0.310071  -0.11654  -0.0403536  -0.11654  0.252614  0.0669383  -0.0403536  0.0669383  0.155283
0.310036  -0.116536  -0.0403682  -0.116536  0.25267  0.0669769  -0.0403682  0.0669769  0.155302
0.309995  -0.116526  -0.0403673  -0.116526  0.252719  0.0670054  -0.0403673  0.0670054  0.15532
0.309995  -0.116526  -0.0403673  -0.116526  0.252719  0.0670054  -0.0403673  0.0670054  0.15532
0.309934  -0.11652  -0.0403966  -0.11652  0.252821  0.0670756  -0.0403966  0.0670756  0.155354
0.309934  -0.11652  -0.0403966  -0.11652  0.252821  0.0670756  -0.0403966  0.0670756  0.155354
0.309864  -0.116489  -0.0404154  -0.116489  0.252894  0.0671307  -0.0404154  0.0671307  0.155386
0.309804  -0.116474  -0.0404139  -0.116474  0.252967  0.0671735  -0.0404139  0.0671735  0.155412
0.309799  -0.116477  -0.0404291  -0.116477  0.252987  0.0671908  -0.0404291  0.0671908  0.155418
0.309715  -0.116425  -0.0404526  -0.116425  0.253052  0.0672482  -0.0404526  0.0672482  0.155455
0.309705  -0.116423  -0.0404523  -0.116423  0.253064  0.0672553  -0.0404523  0.0672553  0.15546
0.309612  -0.116368  -0.0404754  -0.116368  0.253141  0.0673198  -0.0404754  0.0673198  0.155501
0.309543  -0.116337  -0.040494  -0.116337  0.253214  0.0673749  -0.040494  0.0673749  0.155534
0.309533  -0.116335  -0.0404937  -0.116335  0.253227  0.067382  -0.0404937  0.067382  0.155538
0.309451  -0.11627  -0.0405374  -0.11627  0.253279  0.0674445  -0.0405374  0.0674445  0.155578
0.309441  -0.116268  -0.0405372  -0.116268  0.253291  0.0674516  -0.0405372  0.0674516  0.155582
0.309348  -0.116213  -0.0405601  -0.116213  0.253369  0.067516  -0.0405601  0.067516  0.155624
0.309266  -0.116149  -0.0406036  -0.116149  0.253421  0.0675785  -0.0406036  0.0675785  0.155664
0.309256  -0.116146  -0.0406033  -0.116146  0.253433  0.0675856  -0.0406033  0.0675856  0.155668
0.309149  -0.11608  -0.0406613  -0.11608  0.253531  0.0676795  -0.0406613  0.0676795  0.155723
0.309149  -0.11608  -0.0406613  -0.11608  0.253531  0.0676795  -0.0406613  0.0676795  0.155723
0.309039  -0.116007  -0.0407037  -0.116007  0.25362  0.0677632  -0.0407037  0.0677632  0.155776
0.308961  -0.115961  -0.0407419  -0.115961  0.253693  0.0678305  -0.0407419  0.0678305  0.155815
0.308957  -0.115943  -0.0407469  -0.115943  0.253672  0.0678255  -0.0407469  0.0678255  0.155816
0.308846  -0.115892  -0.0407992  -0.115892  0.253802  0.0679314  -0.0407992  0.0679314  0.155874
0.308846  -0.115892  -0.0407992  -0.115892  0.253802  0.0679314  -0.0407992  0.0679314  0.155874
0.308736  -0.115807  -0.0408616  -0.115807  0.253879  0.0680201  -0.0408616  0.0680201  0.15593
0.308645  -0.115762  -0.0409142  -0.115762  0.253984  0.0681117  -0.0409142  0.0681117  0.15598
0.308635  -0.115759  -0.0409139  -0.115759  0.253997  0.0681188  -0.0409139  0.0681188  0.155984
0.30853  -0.115705  -0.0409506  -0.115705  0.254106  0.0682073  -0.0409506  0.0682073  0.156037
0.30853  -0.115692  -0.040971  -0.115692  0.254094  0.0682124  -0.040971  0.0682124  0.156039
0.308435  -0.115628  -0.0410284  -0.115628  0.254179  0.0682989  -0.0410284  0.0682989  0.15609
0.308435  -0.115628  -0.0410284  -0.115628  0.254179  0.0682989  -0.0410284  0.0682989  0.15609
0.308344  -0.115583  -0.0410807  -0.115583  0.254284  0.0683904  -0.0410807  0.0683904  0.156141
0.308278  -0.115526  -0.041139  -0.115526  0.254333  0.0684555  -0.041139  0.0684555  0.156178
0.308269  -0.115524  -0.0411386  -0.115524  0.254345  0.0684626  -0.0411386  0.0684626  0.156183
0.308197  -0.115483  -0.0411914  -0.115483  0.254426  0.0685398  -0.0411914  0.0685398  0.156225
0.308192  -0.115486  -0.0412064  -0.115486  0.254446  0.0685571  -0.0412064  0.0685571  0.156231
0.308122  -0.115424  -0.0412492  -0.115424  0.254487  0.068612  -0.0412492  0.068612  0.156267
0.308085  -0.115389  -0.0412882  -0.115389  0.254511  0.0686506  -0.0412882  0.0686506  0.156289
0.30808  -0.115392  -0.0413031  -0.115392  0.254531  0.0686678  -0.0413031  0.0686678  0.156296
0.308032  -0.115366  -0.0413214  -0.115366  0.25458  0.0687084  -0.0413214  0.0687084  0.15632
0.308027  -0.115369  -0.0413363  -0.115369  0.2546  0.0687257  -0.0413363  0.0687257  0.156326
0.307973  -0.115307  -0.0413644  -0.115307  0.254609  0.0687562  -0.0413644  0.0687562  0.156352
0.307977  -0.115312  -0.0413798  -0.115312  0.254617  0.0687663  -0.0413798  0.0687663  0.156354
0.307935  -0.115283  -0.041383  -0.115283  0.254645  0.0687897  -0.041383  0.0687897  0.156372
0.307907  -0.115263  -0.041402  -0.115263  0.25467  0.068816  -0.041402  0.068816  0.156388
0.307907  -0.115263  -0.041402  -0.115263  0.25467  0.068816  -0.041402  0.068816  0.156388
0.307885  -0.115239  -0.0414061  -0.115239  0.254674  0.0688252  -0.0414061  0.0688252  0.156397
0.307885  -0.115239  -0.0414061  -0.115239  0.254674  0.0688252  -0.0414061  0.0688252  0.156397
0.307862  -0.115216  -0.0414102  -0.115216  0.254678  0.0688343  -0.0414102  0.0688343  0.156406
0.307853  -0.115213  -0.0414097  -0.115213  0.25469  0.0688414  -0.0414097  0.0688414  0.15641
0.307853  -0.115213  -0.0414097  -0.115213  0.25469  0.0688414  -0.0414097  0.0688414  0.15641
0.307849  -0.115207  -0.0413944  -0.115207  0.254682  0.0688312  -0.0413944  0.0688312  0.156408
0.307849  -0.115207  -0.0413944  -0.115207  0.254682  0.0688312  -0.0413944  0.0688312  0.156408
0.307858  -0.11521  -0.0413948  -0.11521  0.25467  0.0688241  -0.0413948  0.0688241  0.156404
0.307858  -0.11521  -0.0413948  -0.11521  0.25467  0.0688241  -0.0413948  0.0688241  0.156404
0.307858  -0.11521  -0.0413948  -0.11521  0.25467  0.0688241  -0.0413948  0.0688241  0.156404
0.307877  -0.115228  -0.0413754  -0.115228  0.254658  0.0688048  -0.0413754  0.0688048  0.156393
0.307877  -0.115228  -0.0413754  -0.115228  0.254658  0.0688048  -0.0413754  0.0688048  0.156393
0.307896  -0.115233  -0.0413762  -0.115233  0.254634  0.0687906  -0.0413762  0.0687906  0.156384
0.307905  -0.115248  -0.0413564  -0.115248  0.254634  0.0687784  -0.0413564  0.0687784  0.156377
0.307905  -0.115248  -0.0413564  -0.115248  0.254634  0.0687784  -0.0413564  0.0687784  0.156377
0.307933  -0.115269  -0.0413373  -0.115269  0.254609  0.0687521  -0.0413373  0.0687521  0.156362
0.307933  -0.115269  -0.0413373  -0.115269  0.254609  0.0687521  -0.0413373  0.0687521  0.156362
0.307951  -0.115286  -0.0413179  -0.115286  0.254597  0.0687328  -0.0413179  0.0687328  0.15635
0.30797  -0.115304  -0.0412984  -0.115304  0.254585  0.0687135  -0.0412984  0.0687135  0.156339
0.307983  -0.115325  -0.0412939  -0.115325  0.254593  0.0687115  -0.0412939  0.0687115  0.156334
0.307992  -0.115328  -0.0412943  -0.115328  0.254581  0.0687044  -0.0412943  0.0687044  0.15633
0.30802  -0.115349  -0.0412753  -0.115349  0.254556  0.068678  -0.0412753  0.068678  0.156314
0.308039  -0.115366  -0.0412558  -0.115366  0.254544  0.0686587  -0.0412558  0.0686587  0.156303
0.308039  -0.115366  -0.0412558  -0.115366  0.254544  0.0686587  -0.0412558  0.0686587  0.156303
0.308067  -0.115387  -0.0412367  -0.115387  0.25452  0.0686322  -0.0412367  0.0686322  0.156287
0.308067  -0.115387  -0.0412367  -0.115387  0.25452  0.0686322  -0.0412367  0.0686322  0.156287
0.308095  -0.115407  -0.0412176  -0.115407  0.254495  0.0686058  -0.0412176  0.0686058  0.156272
0.308095  -0.115407  -0.0412176  -0.115407  0.254495  0.0686058  -0.0412176  0.0686058  0.156272
0.30811  -0.115419  -0.0411827  -0.115419  0.254475  0.0685764  -0.0411827  0.0685764  0.156259
0.308125  -0.115419  -0.0411682  -0.115419  0.254443  0.068552  -0.0411682  0.068552  0.156248
0.308125  -0.115419  -0.0411682  -0.115419  0.254443  0.068552  -0.0411682  0.068552  0.156248
0.308145  -0.115428  -0.0411183  -0.115428  0.254403  0.0685053  -0.0411183  0.0685053  0.156228
0.308145  -0.115428  -0.0411183  -0.115428  0.254403  0.0685053  -0.0411183  0.0685053  0.156228
0.308156  -0.115421  -0.0410884  -0.115421  0.254363  0.0684708  -0.0410884  0.0684708  0.156216
0.308156  -0.115421  -0.0410884  -0.115421  0.254363  0.0684708  -0.0410884  0.0684708  0.156216
0.308162  -0.115409  -0.0410431  -0.115409  0.254314  0.0684262  -0.0410431  0.0684262  0.156201
0.308162  -0.115409  -0.0410431  -0.115409  0.254314  0.0684262  -0.0410431  0.0684262  0.156201
0.308165  -0.115379  -0.0410028  -0.115379  0.254246  0.0683766  -0.0410028  0.0683766  0.156187
0.308165  -0.115379  -0.0410028  -0.115379  0.254246  0.0683766  -0.0410028  0.0683766  0.156187
0.308176  -0.115373  -0.0409728  -0.115373  0.254206  0.0683421  -0.0409728  0.0683421  0.156175
0.308174  -0.115345  -0.0409475  -0.115345  0.254158  0.0683097  -0.0409475  0.0683097  0.156167
0.308174  -0.115345  -0.0409475  -0.115345  0.254158  0.0683097  -0.0409475  0.0683097  0.156167
0.308185  -0.115339  -0.0409175  -0.115339  0.254118  0.0682753  -0.0409175  0.0682753  0.156155
0.308181  -0.115333  -0.0409022  -0.115333  0.25411  0.0682652  -0.0409022  0.0682652  0.156153
0.308188  -0.115308  -0.0408772  -0.115308  0.25405  0.0682258  -0.0408772  0.0682258  0.156141
0.308188  -0.115308  -0.0408772  -0.115308  0.25405  0.0682258  -0.0408772  0.0682258  0.156141
0.308198  -0.115302  -0.0408473  -0.115302  0.254009  0.0681913  -0.0408473  0.0681913  0.156128
0.30821  -0.115283  -0.0408376  -0.115283  0.253957  0.068162  -0.0408376  0.068162  0.156118
0.30821  -0.115283  -0.0408376  -0.115283  0.253957  0.068162  -0.0408376  0.068162  0.156118
0.308225  -0.115283  -0.040823  -0.115283  0.253925  0.0681377  -0.040823  0.0681377  0.156108
0.308241  -0.115273  -0.0407781  -0.115273  0.253865  0.0680862  -0.0407781  0.0680862  0.156089
0.308252  -0.115254  -0.0407685  -0.115254  0.253812  0.0680569  -0.0407685  0.0680569  0.156079
0.308252  -0.115254  -0.0407685  -0.115254  0.253812  0.0680569  -0.0407685  0.0680569  0.156079
0.308281  -0.115266  -0.0407189  -0.115266  0.25376  0.0680032  -0.0407189  0.0680032  0.156055
0.308302  -0.115262  -0.0406893  -0.115262  0.253708  0.0679618  -0.0406893  0.0679618  0.156039
0.308302  -0.115262  -0.0406893  -0.115262  0.253708  0.0679618  -0.0406893  0.0679618  0.156039
0.308341  -0.115276  -0.0406401  -0.115276  0.253643  0.067901  -0.0406401  0.067901  0.156011
0.30835  -0.115278  -0.0406404  -0.115278  0.253631  0.0678939  -0.0406404  0.0678939  0.156006
0.308389  -0.115292  -0.0405912  -0.115292  0.253567  0.0678332  -0.0405912  0.0678332  0.155979
0.308399  -0.115307  -0.0405712  -0.115307  0.253567  0.067821  -0.0405712  0.067821  0.155972
0.308466  -0.115329  -0.0405229  -0.115329  0.253466  0.0677389  -0.0405229  0.0677389  0.155931
0.308519  -0.115364  -0.0404689  -0.115364  0.253409  0.0676761  -0.0404689  0.0676761  0.155899
0.308528  -0.115366  -0.0404692  -0.115366  0.253397  0.0676689  -0.0404692  0.0676689  0.155894
0.308605  -0.115403  -0.0404007  -0.115403  0.253296  0.0675747  -0.0404007  0.0675747  0.155847
0.308615  -0.115405  -0.040401  -0.115405  0.253284  0.0675676  -0.040401  0.0675676  0.155843
0.308706  -0.115463  -0.0403278  -0.115463  0.253191  0.0674711  -0.0403278  0.0674711  0.155791
0.308772  -0.115506  -0.0402892  -0.115506  0.25313  0.0674112  -0.0402892  0.0674112  0.155756
0.308782  -0.115508  -0.0402895  -0.115508  0.253118  0.0674041  -0.0402895  0.0674041  0.155751
0.308873  -0.115566  -0.040216  -0.115566  0.253025  0.0673076  -0.040216  0.0673076  0.155699
0.308883  -0.115568  -0.0402162  -0.115568  0.253013  0.0673005  -0.0402162  0.0673005  0.155695
0.308974  -0.115638  -0.0401223  -0.115638  0.252932  0.0671988  -0.0401223  0.0671988  0.155641
0.309047  -0.115678  -0.0400683  -0.115678  0.252852  0.0671216  -0.0400683  0.0671216  0.1556
0.309052  -0.115675  -0.0400532  -0.115675  0.252831  0.0671045  -0.0400532  0.0671045  0.155594
0.309145  -0.115723  -0.0399489  -0.115723  0.252711  0.0669807  -0.0399489  0.0669807  0.155535
0.309145  -0.115735  -0.0399285  -0.115735  0.252723  0.0669756  -0.0399285  0.0669756  0.155533
0.309214  -0.115772  -0.0398082  -0.115772  0.252619  0.066856  -0.0398082  0.066856  0.155481
0.309268  -0.115797  -0.0397231  -0.115797  0.252535  0.0667659  -0.0397231  0.0667659  0.155441
0.309264  -0.115791  -0.0397077  -0.115791  0.252527  0.0667559  -0.0397077  0.0667559  0.155439
0.309349  -0.115814  -0.0395927  -0.115814  0.252379  0.0666174  -0.0395927  0.0666174  0.155379
0.309345  -0.115809  -0.0395774  -0.115809  0.252371  0.0666074  -0.0395774  0.0666074  0.155378
0.309416  -0.115823  -0.0394467  -0.115823  0.252227  0.066466  -0.0394467  0.066466  0.155321
0.309458  -0.115818  -0.0393357  -0.115818  0.252107  0.0663513  -0.0393357  0.0663513  0.155279
0.309463  -0.115814  -0.0393205  -0.115814  0.252087  0.0663342  -0.0393205  0.0663342  0.155273
0.309497  -0.115775  -0.0391688  -0.115775  0.251912  0.0661778  -0.0391688  0.0661778  0.155223
0.309503  -0.115772  -0.0391537  -0.115772  0.251892  0.0661608  -0.0391537  0.0661608  0.155217
0.309525  -0.115702  -0.0389765  -0.115702  0.251681  0.06598  -0.0389765  0.06598  0.155165
0.309526  -0.115636  -0.0388296  -0.115636  0.251523  0.0658407  -0.0388296  0.0658407  0.155129
0.309521  -0.115631  -0.0388143  -0.115631  0.251515  0.0658308  -0.0388143  0.0658308  0.155127
0.309515  -0.115531  -0.0386269  -0.115531  0.251301  0.0656504  -0.0386269  0.0656504  0.155083
0.309511  -0.115526  -0.0386117  -0.115526  0.251294  0.0656405  -0.0386117  0.0656405  0.155082
0.30949  -0.115418  -0.0384092  -0.115418  0.251085  0.0654578  -0.0384092  0.0654578  0.155042
0.309463  -0.115324  -0.0382525  -0.115324  0.250924  0.0653191  -0.0382525  0.0653191  0.155015
0.309469  -0.11532  -0.0382374  -0.11532  0.250904  0.0653022  -0.0382374  0.0653022  0.155009
0.309431  -0.115174  -0.0380456  -0.115174  0.250669  0.0651182  -0.0380456  0.0651182  0.154975
0.309426  -0.115168  -0.0380304  -0.115168  0.250661  0.0651084  -0.0380304  0.0651084  0.154974
0.309392  -0.11504  -0.0378339  -0.11504  0.250446  0.0649295  -0.0378339  0.0649295  0.15494
0.309376  -0.114936  -0.0376982  -0.114936  0.250262  0.06479  -0.0376982  0.06479  0.154911
0.309367  -0.114912  -0.0376882  -0.114912  0.250234  0.0647756  -0.0376882  0.0647756  0.15491
0.30933  -0.114766  -0.0374974  -0.114766  0.25  0.0645931  -0.0374974  0.0645931  0.154878
0.309335  -0.114762  -0.0374823  -0.114762  0.249981  0.0645763  -0.0374823  0.0645763  0.154872
0.309298  -0.114604  -0.037312  -0.114604  0.249735  0.0643993  -0.037312  0.0643993  0.154842
0.309282  -0.114488  -0.0371971  -0.114488  0.24954  0.0642659  -0.0371971  0.0642659  0.154816
0.309287  -0.114484  -0.037182  -0.114484  0.24952  0.0642492  -0.037182  0.0642492  0.15481
0.309268  -0.114353  -0.0370221  -0.114353  0.24929  0.0640803  -0.0370221  0.0640803  0.154777
0.30926  -0.114329  -0.0370122  -0.114329  0.249263  0.0640661  -0.0370122  0.0640661  0.154776
0.30924  -0.114197  -0.0368526  -0.114197  0.249034  0.0638976  -0.0368526  0.0638976  0.154743
0.309236  -0.114191  -0.0368376  -0.114191  0.249027  0.063888  -0.0368376  0.063888  0.154742
0.309203  -0.114052  -0.0366632  -0.114052  0.248803  0.0637175  -0.0366632  0.0637175  0.154713
0.309208  -0.114048  -0.0366482  -0.114048  0.248783  0.0637009  -0.0366482  0.0637009  0.154708
0.309175  -0.113909  -0.0364742  -0.113909  0.24856  0.0635309  -0.0364742  0.0635309  0.15468
0.30915  -0.113804  -0.0363401  -0.113804  0.248391  0.0634013  -0.0363401  0.0634013  0.154658
0.309155  -0.1138  -0.0363251  -0.1138  0.248371  0.0633847  -0.0363251  0.0633847  0.154653
0.309113  -0.11365  -0.0361218  -0.11365  0.248134  0.0631967  -0.0361218  0.0631967  0.154624
0.309119  -0.113646  -0.0361068  -0.113646  0.248115  0.0631802  -0.0361068  0.0631802  0.154619
0.309061  -0.113461  -0.0358645  -0.113461  0.247837  0.0629601  -0.0358645  0.0629601  0.154588
0.309062  -0.113451  -0.0358347  -0.113451  0.24781  0.0629342  -0.0358347  0.0629342  0.154582
0.309018  -0.113262  -0.0356277  -0.113262  0.247516  0.0627223  -0.0356277  0.0627223  0.154549
0.308978  -0.113112  -0.0354257  -0.113112  0.247281  0.0625363  -0.0354257  0.0625363  0.154522
0.30897  -0.113088  -0.0354161  -0.113088  0.247254  0.0625225  -0.0354161  0.0625225  0.154522
0.308894  -0.112841  -0.0351119  -0.112841  0.246892  0.0622427  -0.0351119  0.0622427  0.154487
0.308895  -0.112832  -0.0350823  -0.112832  0.246866  0.0622171  -0.0350823  0.0622171  0.154481
0.308804  -0.112541  -0.0347107  -0.112541  0.246438  0.0618813  -0.0347107  0.0618813  0.15444
0.308792  -0.112512  -0.0346865  -0.112512  0.246404  0.0618586  -0.0346865  0.0618586  0.15444
0.308686  -0.1122  -0.034258  -0.1122  0.24595  0.0614884  -0.034258  0.0614884  0.154399
0.308602  -0.111966  -0.0339379  -0.111966  0.245618  0.0612159  -0.0339379  0.0612159  0.154373
0.308595  -0.111933  -0.0338992  -0.111933  0.245565  0.0611774  -0.0338992  0.0611774  0.154368
0.308491  -0.111611  -0.0334939  -0.111611  0.245104  0.0608166  -0.0334939  0.0608166  0.154334
0.308485  -0.111578  -0.0334553  -0.111578  0.245052  0.0607783  -0.0334553  0.0607783  0.154329
0.308362  -0.111217  -0.0329994  -0.111217  0.244547  0.0603802  -0.0329994  0.0603802  0.154297
0.308266  -0.110939  -0.0326653  -0.110939  0.244169  0.0600873  -0.0326653  0.0600873  0.154277
0.308263  -0.110912  -0.0326414  -0.110912  0.244125  0.0600584  -0.0326414  0.0600584  0.154273
0.308124  -0.110526  -0.0321182  -0.110526  0.243591  0.0596218  -0.0321182  0.0596218  0.154247
0.308109  -0.110492  -0.0320805  -0.110492  0.243552  0.0595913  -0.0320805  0.0595913  0.154247
0.307956  -0.110062  -0.0315425  -0.110062  0.242973  0.0591332  -0.0315425  0.0591332  0.154226
0.307835  -0.109696  -0.0311784  -0.109696  0.242502  0.0587967  -0.0311784  0.0587967  0.154215
0.307828  -0.109663  -0.0311407  -0.109663  0.242451  0.0587598  -0.0311407  0.0587598  0.154212
0.307647  -0.109162  -0.0305686  -0.109162  0.241811  0.0582702  -0.0305686  0.0582702  0.154205
0.30764  -0.10913  -0.0305313  -0.10913  0.241761  0.0582337  -0.0305313  0.0582337  0.154202
0.30744  -0.108585  -0.0299466  -0.108585  0.24109  0.0577317  -0.0299466  0.0577317  0.154206
0.30743  -0.108548  -0.0298956  -0.108548  0.241034  0.0576872  -0.0298956  0.0576872  0.154204
0.307222  -0.107976  -0.0293408  -0.107976  0.240352  0.0571988  -0.0293408  0.0571988  0.154218
0.307077  -0.107543  -0.0289482  -0.107543  0.239831  0.0568383  -0.0289482  0.0568383  0.154228
0.307059  -0.107505  -0.0288984  -0.107505  0.239788  0.0568014  -0.0288984  0.0568014  0.154231
0.306856  -0.106926  -0.0283097  -0.106926  0.239088  0.0562916  -0.0283097  0.0562916  0.154253
0.306836  -0.106871  -0.0282656  -0.106871  0.239028  0.0562515  -0.0282656  0.0562515  0.154257
0.306614  -0.106257  -0.0276337  -0.106257  0.238306  0.0557191  -0.0276337  0.0557191  0.154294
0.306466  -0.105851  -0.0272004  -0.105851  0.237829  0.0553613  -0.0272004  0.0553613  0.154324
0.306461  -0.10582  -0.0271645  -0.10582  0.237781  0.0553269  -0.0271645  0.0553269  0.154323
0.306248  -0.105218  -0.0264961  -0.105218  0.23706  0.0547796  -0.0264961  0.0547796  0.154371
0.306236  -0.105165  -0.0264524  -0.105165  0.23699  0.0547341  -0.0264524  0.0547341  0.154372
0.306042  -0.104578  -0.0258162  -0.104578  0.236278  0.0542033  -0.0258162  0.0542033  0.154421
0.306027  -0.104542  -0.0257684  -0.104542  0.236237  0.0541688  -0.0257684  0.0541688  0.154427
0.30586  -0.104008  -0.0251661  -0.104008  0.235573  0.0536683  -0.0251661  0.0536683  0.154475
0.305732  -0.103606  -0.0247193  -0.103606  0.23508  0.0532993  -0.0247193  0.0532993  0.154518
0.305725  -0.103571  -0.0246713  -0.103571  0.235029  0.0532588  -0.0246713  0.0532588  0.15452
0.305543  -0.103006  -0.0240318  -0.103006  0.234349  0.0527426  -0.0240318  0.0527426  0.154591
0.305535  -0.10296  -0.0240026  -0.10296  0.234287  0.0527066  -0.0240026  0.0527066  0.154592
0.305361  -0.102393  -0.0233999  -0.102393  0.233611  0.0522087  -0.0233999  0.0522087  0.154667
0.305239  -0.101993  -0.0229508  -0.101993  0.233128  0.0518455  -0.0229508  0.0518455  0.154725
0.305229  -0.101942  -0.0229092  -0.101942  0.233062  0.051803  -0.0229092  0.051803  0.154728
0.305052  -0.101363  -0.0222647  -0.101363  0.232377  0.0512877  -0.0222647  0.0512877  0.154824
0.304941  -0.10099  -0.0218298  -0.10099  0.231925  0.0509434  -0.0218298  0.0509434  0.154889
0.304926  -0.100939  -0.0217898  -0.100939  0.231872  0.0509085  -0.0217898  0.0509085  0.154898
0.304764  -0.100404  -0.0211571  -0.100404  0.231237  0.0504187  -0.0211571  0.0504187  0.155004
0.304749  -0.100353  -0.0211176  -0.100353  0.231185  0.0503843  -0.0211176  0.0503843  0.155013
0.304579  -0.0997648  -0.0204818  -0.0997648  0.230501  0.049878  -0.0204818  0.049878  0.155131
0.304573  -0.0997312  -0.0204363  -0.0997312  0.230452  0.0498407  -0.0204363  0.0498407  0.155137
0.304421  -0.0991929  -0.0198329  -0.0991929  0.229823  0.0493684  -0.0198329  0.0493684  0.155256
0.304312  -0.0988079  -0.0194065  -0.0988079  0.229383  0.0490382  -0.0194065  0.0490382  0.155347
0.304303  -0.0987587  -0.019367  -0.0987587  0.22932  0.0489986  -0.019367  0.0489986  0.155353
0.304152  -0.098202  -0.0187537  -0.098202  0.228679  0.048521  -0.0187537  0.048521  0.155489
0.30405  -0.0977904  -0.0183434  -0.0977904  0.228206  0.048186  -0.0183434  0.048186  0.155584
0.304038  -0.0977571  -0.0183003  -0.0977571  0.228171  0.0481568  -0.0183003  0.0481568  0.155595
0.303893  -0.0971799  -0.0177193  -0.0971799  0.227519  0.0476911  -0.0177193  0.0476911  0.15574
0.303883  -0.0971469  -0.0176766  -0.0971469  0.227484  0.0476624  -0.0176766  0.0476624  0.155752
0.303733  -0.0965763  -0.0170612  -0.0965763  0.226852  0.0471939  -0.0170612  0.0471939  0.155918
0.303728  -0.096544  -0.0170176  -0.096544  0.226806  0.0471591  -0.0170176  0.0471591  0.155926
0.303597  -0.0960259  -0.0164447  -0.0960259  0.22623  0.0467285  -0.0164447  0.0467285  0.156087
0.303501  -0.0956554  -0.0160404  -0.0956554  0.225831  0.0464296  -0.0160404  0.0464296  0.15621
0.303496  -0.0956234  -0.0159974  -0.0956234  0.225786  0.0463955  -0.0159974  0.0463955  0.156219
0.303363  -0.0950792  -0.0153919  -0.0950792  0.22519  0.0459479  -0.0153919  0.0459479  0.156406
0.303353  -0.0950471  -0.0153507  -0.0950471  0.225157  0.0459208  -0.0153507  0.0459208  0.15642
0.30324  -0.0945617  -0.0147566  -0.0945617  0.224608  0.0454938  -0.0147566  0.0454938  0.156604
0.303168  -0.0942099  -0.0143414  -0.0942099  0.224197  0.045184  -0.0143414  0.045184  0.156731
0.303159  -0.0941783  -0.0143008  -0.0941783  0.224165  0.0451575  -0.0143008  0.0451575  0.156746
0.303064  -0.0937024  -0.0137242  -0.0937024  0.223609  0.0447336  -0.0137242  0.0447336  0.156929
0.303056  -0.093671  -0.0136839  -0.093671  0.223577  0.0447076  -0.0136839  0.0447076  0.156944
0.302965  -0.0931981  -0.0131123  -0.0931981  0.223028  0.0442895  -0.0131123  0.0442895  0.157134
0.302897  -0.0928211  -0.0126656  -0.0928211  0.222587  0.0439594  -0.0126656  0.0439594  0.157285
0.302889  -0.09279  -0.012626  -0.09279  0.222557  0.043934  -0.012626  0.043934  0.157302
0.302804  -0.0923104  -0.0120279  -0.0923104  0.221994  0.0435029  -0.0120279  0.0435029  0.157512
0.302799  -0.0922643  -0.0119926  -0.0922643  0.221939  0.043469  -0.0119926  0.043469  0.157523
0.302733  -0.0918602  -0.0114611  -0.0918602  0.221453  0.0430904  -0.0114611  0.0430904  0.157711
0.302726  -0.0918295  -0.0114222  -0.0918295  0.221423  0.0430658  -0.0114222  0.0430658  0.157728
0.302664  -0.0914197  -0.0108713  -0.0914197  0.220922  0.0426748  -0.0108713  0.0426748  0.157927
0.302657  -0.0913892  -0.0108327  -0.0913892  0.220893  0.0426506  -0.0108327  0.0426506  0.157944
0.302601  -0.091012  -0.010326  -0.091012  0.220438  0.0422949  -0.010326  0.0422949  0.158136
0.302567  -0.0907386  -0.00997111  -0.0907386  0.220097  0.0420363  -0.00997111  0.0420363  0.158267
0.302562  -0.0907122  -0.00994392  -0.0907122  0.220072  0.042018  -0.00994392  0.042018  0.158281
0.302516  -0.0902999  -0.00942768  -0.0902999  0.219557  0.0416352  -0.00942768  0.0416352  0.158475
0.302511  -0.0902848  -0.00938446  -0.0902848  0.219541  0.0416143  -0.00938446  0.0416143  0.158495
0.302473  -0.0899569  -0.00891797  -0.0899569  0.219128  0.0412892  -0.00891797  0.0412892  0.158677
0.302444  -0.0897092  -0.00858731  -0.0897092  0.218828  0.0410577  -0.00858731  0.0410577  0.158814
0.302444  -0.0896977  -0.00855356  -0.0896977  0.218805  0.041036  -0.00855356  0.041036  0.158824
0.30241  -0.0893757  -0.00810271  -0.0893757  0.218402  0.040722  -0.00810271  0.040722  0.159009
0.302409  -0.0893494  -0.0080746  -0.0893494  0.218367  0.0406982  -0.0080746  0.0406982  0.159019
0.302375  -0.089025  -0.00761601  -0.089025  0.217964  0.0403826  -0.00761601  0.0403826  0.159213
0.302359  -0.0888237  -0.00732046  -0.0888237  0.217699  0.0401758  -0.00732046  0.0401758  0.159334
