0.326599  -0.152173  -0.0705378  -0.152173  0.299725  0.0996562  -0.0705378  0.0996562  0.165173
0.326599  -0.152173  -0.0705378  -0.152173  0.299725  0.0996562  -0.0705378  0.0996562  0.165173
0.326608  -0.152183  -0.0705593  -0.152183  0.299739  0.0996731  -0.0705593  0.0996731  0.165183
0.326608  -0.152183  -0.0705593  -0.152183  0.299739  0.0996731  -0.0705593  0.0996731  0.165183
0.326617  -0.152193  -0.0705807  -0.152193  0.299752  0.09969  -0.0705807  0.09969  0.165192
0.326617  -0.152193  -0.0705807  -0.152193  0.299752  0.09969  -0.0705807  0.09969  0.165192
0.326634  -0.152228  -0.0705981  -0.152228  0.299797  0.0997151  -0.0705981  0.0997151  0.1652
0.326661  -0.152245  -0.0706226  -0.152245  0.299799  0.0997244  -0.0706226  0.0997244  0.165206
0.32667  -0.152255  -0.0706441  -0.152255  0.299812  0.0997413  -0.0706441  0.0997413  0.165215
0.326669  -0.152283  -0.0706585  -0.152283  0.29987  0.0997741  -0.0706585  0.0997741  0.165227
0.326669  -0.152283  -0.0706585  -0.152283  0.29987  0.0997741  -0.0706585  0.0997741  0.165227
0.326678  -0.152293  -0.07068  -0.152293  0.299883  0.0997911  -0.07068  0.0997911  0.165237
0.326669  -0.152296  -0.0706986  -0.152296  0.299909  0.0998157  -0.0706986  0.0998157  0.16525
0.326669  -0.152296  -0.0706986  -0.152296  0.299909  0.0998157  -0.0706986  0.0998157  0.16525
0.326678  -0.152321  -0.0706945  -0.152321  0.299941  0.0998239  -0.0706945  0.0998239  0.165249
0.326669  -0.152311  -0.070673  -0.152311  0.299927  0.0998069  -0.070673  0.0998069  0.16524
0.326669  -0.152311  -0.070673  -0.152311  0.299927  0.0998069  -0.070673  0.0998069  0.16524
0.326669  -0.152311  -0.070673  -0.152311  0.299927  0.0998069  -0.070673  0.0998069  0.16524
0.32666  -0.152286  -0.0706771  -0.152286  0.299896  0.0997988  -0.0706771  0.0997988  0.165241
0.32665  -0.15232  -0.0706444  -0.15232  0.299957  0.0998058  -0.0706444  0.0998058  0.165233
0.32665  -0.15232  -0.0706444  -0.15232  0.299957  0.0998058  -0.0706444  0.0998058  0.165233
0.326668  -0.152326  -0.0706473  -0.152326  0.299945  0.0997981  -0.0706473  0.0997981  0.165229
0.326668  -0.152326  -0.0706473  -0.152326  0.299945  0.0997981  -0.0706473  0.0997981  0.165229
0.326659  -0.152316  -0.0706258  -0.152316  0.299931  0.0997812  -0.0706258  0.0997812  0.165219
0.326667  -0.152342  -0.0706217  -0.152342  0.299963  0.0997894  -0.0706217  0.0997894  0.165218
0.326693  -0.152374  -0.0706206  -0.152374  0.299982  0.0997899  -0.0706206  0.0997899  0.165213
0.326693  -0.152374  -0.0706206  -0.152374  0.299982  0.0997899  -0.0706206  0.0997899  0.165213
0.326711  -0.15238  -0.0706235  -0.15238  0.299969  0.0997822  -0.0706235  0.0997822  0.165209
0.326711  -0.15238  -0.0706235  -0.15238  0.299969  0.0997822  -0.0706235  0.0997822  0.165209
0.326728  -0.152402  -0.0706009  -0.152402  0.299975  0.0997657  -0.0706009  0.0997657  0.165194
0.326728  -0.152402  -0.0706009  -0.152402  0.299975  0.0997657  -0.0706009  0.0997657  0.165194
0.326737  -0.152399  -0.0705823  -0.152399  0.299949  0.0997411  -0.0705823  0.0997411  0.165181
0.326737  -0.152399  -0.0705823  -0.152399  0.299949  0.0997411  -0.0705823  0.0997411  0.165181
0.326736  -0.152414  -0.0705567  -0.152414  0.299967  0.0997323  -0.0705567  0.0997323  0.16517
0.326736  -0.152414  -0.0705567  -0.152414  0.299967  0.0997323  -0.0705567  0.0997323  0.16517
0.326753  -0.152436  -0.070534  -0.152436  0.299972  0.0997158  -0.070534  0.0997158  0.165156
0.326753  -0.152436  -0.070534  -0.152436  0.299972  0.0997158  -0.070534  0.0997158  0.165156
0.326762  -0.152433  -0.0705155  -0.152433  0.299946  0.0996912  -0.0705155  0.0996912  0.165142
0.326762  -0.152433  -0.0705155  -0.152433  0.299946  0.0996912  -0.0705155  0.0996912  0.165142
0.32677  -0.152474  -0.0704857  -0.152474  0.299995  0.0996906  -0.0704857  0.0996906  0.16513
0.326788  -0.15248  -0.0704887  -0.15248  0.299983  0.0996829  -0.0704887  0.0996829  0.165126
0.326796  -0.152506  -0.0704845  -0.152506  0.300014  0.0996911  -0.0704845  0.0996911  0.165125
0.326796  -0.152506  -0.0704845  -0.152506  0.300014  0.0996911  -0.0704845  0.0996911  0.165125
0.326813  -0.152528  -0.0704619  -0.152528  0.30002  0.0996746  -0.0704619  0.0996746  0.165111
0.326813  -0.152528  -0.0704619  -0.152528  0.30002  0.0996746  -0.0704619  0.0996746  0.165111
0.326821  -0.152553  -0.0704577  -0.152553  0.300051  0.0996828  -0.0704577  0.0996828  0.165109
0.326838  -0.152575  -0.0704351  -0.152575  0.300057  0.0996663  -0.0704351  0.0996663  0.165095
0.326838  -0.152575  -0.0704351  -0.152575  0.300057  0.0996663  -0.0704351  0.0996663  0.165095
0.326838  -0.15259  -0.0704094  -0.15259  0.300075  0.0996575  -0.0704094  0.0996575  0.165084
0.326846  -0.152615  -0.0704053  -0.152615  0.300106  0.0996656  -0.0704053  0.0996656  0.165083
0.326845  -0.15263  -0.0703797  -0.15263  0.300124  0.0996568  -0.0703797  0.0996568  0.165072
0.326845  -0.15263  -0.0703797  -0.15263  0.300124  0.0996568  -0.0703797  0.0996568  0.165072
0.326854  -0.152642  -0.0703355  -0.152642  0.300116  0.0996234  -0.0703355  0.0996234  0.165048
0.326854  -0.152642  -0.0703355  -0.152642  0.300116  0.0996234  -0.0703355  0.0996234  0.165048
0.326854  -0.152642  -0.0703355  -0.152642  0.300116  0.0996234  -0.0703355  0.0996234  0.165048
0.326835  -0.15265  -0.0703069  -0.15265  0.300147  0.0996223  -0.0703069  0.0996223  0.165042
0.326835  -0.15265  -0.0703069  -0.15265  0.300147  0.0996223  -0.0703069  0.0996223  0.165042
0.326835  -0.15265  -0.0703069  -0.15265  0.300147  0.0996223  -0.0703069  0.0996223  0.165042
0.326844  -0.152676  -0.0703028  -0.152676  0.300178  0.0996304  -0.0703028  0.0996304  0.16504
0.326853  -0.152686  -0.0703243  -0.152686  0.300192  0.0996474  -0.0703243  0.0996474  0.16505
0.326861  -0.152711  -0.0703202  -0.152711  0.300224  0.0996555  -0.0703202  0.0996555  0.165048
0.326869  -0.152736  -0.070316  -0.152736  0.300255  0.0996637  -0.070316  0.0996637  0.165047
0.326869  -0.152736  -0.070316  -0.152736  0.300255  0.0996637  -0.070316  0.0996637  0.165047
0.326886  -0.152771  -0.0703334  -0.152771  0.3003  0.0996888  -0.0703334  0.0996888  0.165055
0.326886  -0.152771  -0.0703334  -0.152771  0.3003  0.0996888  -0.0703334  0.0996888  0.165055
0.326877  -0.152789  -0.0703263  -0.152789  0.300344  0.0997046  -0.0703263  0.0997046  0.165058
0.326877  -0.152789  -0.0703263  -0.152789  0.300344  0.0997046  -0.0703263  0.0997046  0.165058
0.326885  -0.152815  -0.0703222  -0.152815  0.300376  0.0997128  -0.0703222  0.0997128  0.165057
0.326885  -0.152815  -0.0703222  -0.152815  0.300376  0.0997128  -0.0703222  0.0997128  0.165057
0.326894  -0.15284  -0.070318  -0.15284  0.300408  0.0997209  -0.070318  0.0997209  0.165055
0.326894  -0.15284  -0.070318  -0.15284  0.300408  0.0997209  -0.070318  0.0997209  0.165055
0.32692  -0.152872  -0.0703168  -0.152872  0.300427  0.0997214  -0.0703168  0.0997214  0.16505
0.326928  -0.152897  -0.0703127  -0.152897  0.300459  0.0997295  -0.0703127  0.0997295  0.165049
0.326919  -0.152887  -0.0702912  -0.152887  0.300445  0.0997125  -0.0702912  0.0997125  0.16504
0.326927  -0.152912  -0.0702871  -0.152912  0.300477  0.0997207  -0.0702871  0.0997207  0.165038
0.326945  -0.152919  -0.07029  -0.152919  0.300464  0.099713  -0.07029  0.099713  0.165034
0.326963  -0.152955  -0.0703074  -0.152955  0.300509  0.0997381  -0.0703074  0.0997381  0.165043
0.326971  -0.15298  -0.0703032  -0.15298  0.300541  0.0997463  -0.0703032  0.0997463  0.165041
0.326997  -0.153012  -0.070302  -0.153012  0.30056  0.0997467  -0.070302  0.0997467  0.165036
0.326997  -0.153012  -0.070302  -0.153012  0.30056  0.0997467  -0.070302  0.0997467  0.165036
0.326997  -0.153012  -0.070302  -0.153012  0.30056  0.0997467  -0.070302  0.0997467  0.165036
0.326997  -0.153012  -0.070302  -0.153012  0.30056  0.0997467  -0.070302  0.0997467  0.165036
0.327005  -0.153037  -0.0702979  -0.153037  0.300592  0.0997549  -0.0702979  0.0997549  0.165035
0.327005  -0.153037  -0.0702979  -0.153037  0.300592  0.0997549  -0.0702979  0.0997549  0.165035
0.327005  -0.153037  -0.0702979  -0.153037  0.300592  0.0997549  -0.0702979  0.0997549  0.165035
0.327014  -0.153034  -0.0702793  -0.153034  0.300566  0.0997302  -0.0702793  0.0997302  0.165022
0.327014  -0.153034  -0.0702793  -0.153034  0.300566  0.0997302  -0.0702793  0.0997302  0.165022
0.327014  -0.153034  -0.0702793  -0.153034  0.300566  0.0997302  -0.0702793  0.0997302  0.165022
0.327005  -0.153024  -0.0702578  -0.153024  0.300552  0.0997132  -0.0702578  0.0997132  0.165012
0.327005  -0.153024  -0.0702578  -0.153024  0.300552  0.0997132  -0.0702578  0.0997132  0.165012
0.327005  -0.153024  -0.0702578  -0.153024  0.300552  0.0997132  -0.0702578  0.0997132  0.165012
0.327013  -0.153049  -0.0702536  -0.153049  0.300584  0.0997214  -0.0702536  0.0997214  0.165011
0.327013  -0.153049  -0.0702536  -0.153049  0.300584  0.0997214  -0.0702536  0.0997214  0.165011
0.327004  -0.153039  -0.0702321  -0.153039  0.30057  0.0997044  -0.0702321  0.0997044  0.165002
0.327004  -0.153039  -0.0702321  -0.153039  0.30057  0.0997044  -0.0702321  0.0997044  0.165002
0.327013  -0.153064  -0.070228  -0.153064  0.300602  0.0997125  -0.070228  0.0997125  0.165
0.327013  -0.153064  -0.070228  -0.153064  0.300602  0.0997125  -0.070228  0.0997125  0.165
0.327013  -0.153064  -0.070228  -0.153064  0.300602  0.0997125  -0.070228  0.0997125  0.165
0.327013  -0.153064  -0.070228  -0.153064  0.300602  0.0997125  -0.070228  0.0997125  0.165
0.327039  -0.153096  -0.0702267  -0.153096  0.300621  0.099713  -0.0702267  0.099713  0.164995
0.327039  -0.153096  -0.0702267  -0.153096  0.300621  0.099713  -0.0702267  0.099713  0.164995
0.327057  -0.153103  -0.0702297  -0.153103  0.300609  0.0997053  -0.0702297  0.0997053  0.164991
0.327057  -0.153103  -0.0702297  -0.153103  0.300609  0.0997053  -0.0702297  0.0997053  0.164991
0.327056  -0.153119  -0.070204  -0.153119  0.300627  0.0996965  -0.070204  0.0996965  0.164981
0.327056  -0.153119  -0.070204  -0.153119  0.300627  0.0996965  -0.070204  0.0996965  0.164981
0.327074  -0.153126  -0.0702069  -0.153126  0.300615  0.0996888  -0.0702069  0.0996888  0.164977
0.327074  -0.153126  -0.0702069  -0.153126  0.300615  0.0996888  -0.0702069  0.0996888  0.164977
0.327074  -0.153126  -0.0702069  -0.153126  0.300615  0.0996888  -0.0702069  0.0996888  0.164977
0.327091  -0.153148  -0.0701842  -0.153148  0.30062  0.0996722  -0.0701842  0.0996722  0.164962
0.327091  -0.153148  -0.0701842  -0.153148  0.30062  0.0996722  -0.0701842  0.0996722  0.164962
0.327091  -0.153148  -0.0701842  -0.153148  0.30062  0.0996722  -0.0701842  0.0996722  0.164962
0.3271  -0.153158  -0.0702057  -0.153158  0.300634  0.0996892  -0.0702057  0.0996892  0.164972
0.3271  -0.153158  -0.0702057  -0.153158  0.300634  0.0996892  -0.0702057  0.0996892  0.164972
0.327109  -0.153155  -0.0701871  -0.153155  0.300608  0.0996645  -0.0701871  0.0996645  0.164958
0.327109  -0.153155  -0.0701871  -0.153155  0.300608  0.0996645  -0.0701871  0.0996645  0.164958
0.327144  -0.153197  -0.0702074  -0.153197  0.300641  0.0996819  -0.0702074  0.0996819  0.164962
0.327144  -0.153197  -0.0702074  -0.153197  0.300641  0.0996819  -0.0702074  0.0996819  0.164962
0.327144  -0.153197  -0.0702074  -0.153197  0.300641  0.0996819  -0.0702074  0.0996819  0.164962
0.327144  -0.153197  -0.0702074  -0.153197  0.300641  0.0996819  -0.0702074  0.0996819  0.164962
0.327162  -0.153204  -0.0702103  -0.153204  0.300628  0.0996743  -0.0702103  0.0996743  0.164958
0.327162  -0.153204  -0.0702103  -0.153204  0.300628  0.0996743  -0.0702103  0.0996743  0.164958
0.327161  -0.153219  -0.0701846  -0.153219  0.300646  0.0996654  -0.0701846  0.0996654  0.164948
0.327161  -0.153219  -0.0701846  -0.153219  0.300646  0.0996654  -0.0701846  0.0996654  0.164948
0.32717  -0.153244  -0.0701805  -0.153244  0.300678  0.0996735  -0.0701805  0.0996735  0.164947
0.327197  -0.153261  -0.0702049  -0.153261  0.300679  0.0996828  -0.0702049  0.0996828  0.164952
0.327197  -0.153261  -0.0702049  -0.153261  0.300679  0.0996828  -0.0702049  0.0996828  0.164952
0.327196  -0.153276  -0.0701793  -0.153276  0.300697  0.099674  -0.0701793  0.099674  0.164941
0.327196  -0.153276  -0.0701793  -0.153276  0.300697  0.099674  -0.0701793  0.099674  0.164941
0.327204  -0.153302  -0.0701751  -0.153302  0.300729  0.0996821  -0.0701751  0.0996821  0.16494
0.327204  -0.153302  -0.0701751  -0.153302  0.300729  0.0996821  -0.0701751  0.0996821  0.16494
0.327222  -0.153309  -0.070178  -0.153309  0.300717  0.0996744  -0.070178  0.0996744  0.164936
0.327231  -0.153334  -0.0701739  -0.153334  0.300748  0.0996825  -0.0701739  0.0996825  0.164935
0.327231  -0.153334  -0.0701739  -0.153334  0.300748  0.0996825  -0.0701739  0.0996825  0.164935
0.32724  -0.153344  -0.0701954  -0.153344  0.300762  0.0996995  -0.0701954  0.0996995  0.164944
0.32724  -0.153344  -0.0701954  -0.153344  0.300762  0.0996995  -0.0701954  0.0996995  0.164944
0.327248  -0.153369  -0.0701913  -0.153369  0.300794  0.0997077  -0.0701913  0.0997077  0.164943
0.327257  -0.153379  -0.0702128  -0.153379  0.300808  0.0997247  -0.0702128  0.0997247  0.164952
0.327257  -0.153379  -0.0702128  -0.153379  0.300808  0.0997247  -0.0702128  0.0997247  0.164952
0.327266  -0.15339  -0.0702343  -0.15339  0.300821  0.0997417  -0.0702343  0.0997417  0.164962
0.327266  -0.15339  -0.0702343  -0.15339  0.300821  0.0997417  -0.0702343  0.0997417  0.164962
0.327275  -0.153415  -0.0702302  -0.153415  0.300853  0.0997498  -0.0702302  0.0997498  0.164961
0.327275  -0.153415  -0.0702302  -0.153415  0.300853  0.0997498  -0.0702302  0.0997498  0.164961
0.327275  -0.1534  -0.0702559  -0.1534  0.300835  0.0997587  -0.0702559  0.0997587  0.164971
0.327275  -0.1534  -0.0702559  -0.1534  0.300835  0.0997587  -0.0702559  0.0997587  0.164971
0.327275  -0.1534  -0.0702559  -0.1534  0.300835  0.0997587  -0.0702559  0.0997587  0.164971
0.327275  -0.1534  -0.0702559  -0.1534  0.300835  0.0997587  -0.0702559  0.0997587  0.164971
0.327266  -0.15339  -0.0702343  -0.15339  0.300821  0.0997417  -0.0702343  0.0997417  0.164962
0.327284  -0.153397  -0.0702373  -0.153397  0.300809  0.099734  -0.0702373  0.099734  0.164958
0.327284  -0.153397  -0.0702373  -0.153397  0.300809  0.099734  -0.0702373  0.099734  0.164958
0.327275  -0.153386  -0.0702157  -0.153386  0.300795  0.099717  -0.0702157  0.099717  0.164948
0.327275  -0.153386  -0.0702157  -0.153386  0.300795  0.099717  -0.0702157  0.099717  0.164948
0.327293  -0.153393  -0.0702186  -0.153393  0.300783  0.0997093  -0.0702186  0.0997093  0.164945
0.327311  -0.1534  -0.0702216  -0.1534  0.30077  0.0997016  -0.0702216  0.0997016  0.164941
0.327311  -0.1534  -0.0702216  -0.1534  0.30077  0.0997016  -0.0702216  0.0997016  0.164941
0.327337  -0.153404  -0.0702059  -0.153404  0.300732  0.0996692  -0.0702059  0.0996692  0.164923
0.327355  -0.153411  -0.0702088  -0.153411  0.300719  0.0996615  -0.0702088  0.0996615  0.164919
0.327355  -0.153411  -0.0702088  -0.153411  0.300719  0.0996615  -0.0702088  0.0996615  0.164919
0.327391  -0.153425  -0.0702146  -0.153425  0.300694  0.0996461  -0.0702146  0.0996461  0.164911
0.327391  -0.153425  -0.0702146  -0.153425  0.300694  0.0996461  -0.0702146  0.0996461  0.164911
0.327435  -0.153464  -0.0702163  -0.153464  0.300701  0.0996388  -0.0702163  0.0996388  0.164902
0.327435  -0.153464  -0.0702163  -0.153464  0.300701  0.0996388  -0.0702163  0.0996388  0.164902
0.327471  -0.153478  -0.0702221  -0.153478  0.300676  0.0996234  -0.0702221  0.0996234  0.164894
0.327489  -0.153485  -0.0702251  -0.153485  0.300663  0.0996157  -0.0702251  0.0996157  0.16489
0.327489  -0.153485  -0.0702251  -0.153485  0.300663  0.0996157  -0.0702251  0.0996157  0.16489
0.327534  -0.153524  -0.0702267  -0.153524  0.30067  0.0996084  -0.0702267  0.0996084  0.164881
0.327534  -0.153524  -0.0702267  -0.153524  0.30067  0.0996084  -0.0702267  0.0996084  0.164881
0.327569  -0.153538  -0.0702326  -0.153538  0.300645  0.099593  -0.0702326  0.099593  0.164873
0.327569  -0.153538  -0.0702326  -0.153538  0.300645  0.099593  -0.0702326  0.099593  0.164873
0.327605  -0.153552  -0.0702384  -0.153552  0.30062  0.0995776  -0.0702384  0.0995776  0.164865
0.327605  -0.153552  -0.0702384  -0.153552  0.30062  0.0995776  -0.0702384  0.0995776  0.164865
0.327614  -0.153577  -0.0702342  -0.153577  0.300652  0.0995857  -0.0702342  0.0995857  0.164864
0.32765  -0.153591  -0.0702401  -0.153591  0.300627  0.0995703  -0.0702401  0.0995703  0.164856
0.32765  -0.153591  -0.0702401  -0.153591  0.300627  0.0995703  -0.0702401  0.0995703  0.164856
0.327694  -0.153631  -0.0702417  -0.153631  0.300634  0.099563  -0.0702417  0.099563  0.164847
0.327694  -0.153631  -0.0702417  -0.153631  0.300634  0.099563  -0.0702417  0.099563  0.164847
0.327712  -0.153637  -0.0702446  -0.153637  0.300622  0.0995553  -0.0702446  0.0995553  0.164843
0.327739  -0.15367  -0.0702434  -0.15367  0.300641  0.0995557  -0.0702434  0.0995557  0.164838
0.327739  -0.15367  -0.0702434  -0.15367  0.300641  0.0995557  -0.0702434  0.0995557  0.164838
0.327765  -0.153702  -0.0702422  -0.153702  0.30066  0.0995562  -0.0702422  0.0995562  0.164833
0.327783  -0.153709  -0.0702451  -0.153709  0.300648  0.0995484  -0.0702451  0.0995484  0.164829
0.32781  -0.153726  -0.0702696  -0.153726  0.300649  0.0995577  -0.0702696  0.0995577  0.164834
0.32781  -0.153726  -0.0702696  -0.153726  0.300649  0.0995577  -0.0702696  0.0995577  0.164834
0.327819  -0.153723  -0.0702509  -0.153723  0.300623  0.099533  -0.0702509  0.099533  0.164821
0.327819  -0.153723  -0.0702509  -0.153723  0.300623  0.099533  -0.0702509  0.099533  0.164821
0.327837  -0.15373  -0.0702538  -0.15373  0.30061  0.0995253  -0.0702538  0.0995253  0.164817
0.327837  -0.15373  -0.0702538  -0.15373  0.30061  0.0995253  -0.0702538  0.0995253  0.164817
0.327837  -0.15373  -0.0702538  -0.15373  0.30061  0.0995253  -0.0702538  0.0995253  0.164817
0.327855  -0.153737  -0.0702567  -0.153737  0.300598  0.0995176  -0.0702567  0.0995176  0.164813
0.327855  -0.153737  -0.0702567  -0.153737  0.300598  0.0995176  -0.0702567  0.0995176  0.164813
0.327855  -0.153737  -0.0702567  -0.153737  0.300598  0.0995176  -0.0702567  0.0995176  0.164813
0.327855  -0.153737  -0.0702567  -0.153737  0.300598  0.0995176  -0.0702567  0.0995176  0.164813
0.327855  -0.153737  -0.0702567  -0.153737  0.300598  0.0995176  -0.0702567  0.0995176  0.164813
0.327873  -0.153744  -0.0702596  -0.153744  0.300586  0.0995099  -0.0702596  0.0995099  0.164809
0.327873  -0.153744  -0.0702596  -0.153744  0.300586  0.0995099  -0.0702596  0.0995099  0.164809
0.327873  -0.153744  -0.0702596  -0.153744  0.300586  0.0995099  -0.0702596  0.0995099  0.164809
0.327873  -0.153744  -0.0702596  -0.153744  0.300586  0.0995099  -0.0702596  0.0995099  0.164809
0.327873  -0.153744  -0.0702596  -0.153744  0.300586  0.0995099  -0.0702596  0.0995099  0.164809
0.327873  -0.153744  -0.0702596  -0.153744  0.300586  0.0995099  -0.0702596  0.0995099  0.164809
0.327883  -0.153725  -0.0702667  -0.153725  0.300541  0.0994941  -0.0702667  0.0994941  0.164806
0.327883  -0.153725  -0.0702667  -0.153725  0.300541  0.0994941  -0.0702667  0.0994941  0.164806
0.327883  -0.153725  -0.0702667  -0.153725  0.300541  0.0994941  -0.0702667  0.0994941  0.164806
0.327883  -0.153725  -0.0702667  -0.153725  0.300541  0.0994941  -0.0702667  0.0994941  0.164806
0.327883  -0.153725  -0.0702667  -0.153725  0.300541  0.0994941  -0.0702667  0.0994941  0.164806
0.327883  -0.153725  -0.0702667  -0.153725  0.300541  0.0994941  -0.0702667  0.0994941  0.164806
0.327883  -0.15371  -0.0702924  -0.15371  0.300523  0.0995029  -0.0702924  0.0995029  0.164817
0.327883  -0.15371  -0.0702924  -0.15371  0.300523  0.0995029  -0.0702924  0.0995029  0.164817
0.327874  -0.1537  -0.0702708  -0.1537  0.300509  0.0994859  -0.0702708  0.0994859  0.164808
0.327874  -0.1537  -0.0702708  -0.1537  0.300509  0.0994859  -0.0702708  0.0994859  0.164808
0.327883  -0.15371  -0.0702924  -0.15371  0.300523  0.0995029  -0.0702924  0.0995029  0.164817
0.327883  -0.15371  -0.0702924  -0.15371  0.300523  0.0995029  -0.0702924  0.0995029  0.164817
0.327883  -0.15371  -0.0702924  -0.15371  0.300523  0.0995029  -0.0702924  0.0995029  0.164817
0.327883  -0.15371  -0.0702924  -0.15371  0.300523  0.0995029  -0.0702924  0.0995029  0.164817
0.327883  -0.15371  -0.0702924  -0.15371  0.300523  0.0995029  -0.0702924  0.0995029  0.164817
0.327883  -0.15371  -0.0702924  -0.15371  0.300523  0.0995029  -0.0702924  0.0995029  0.164817
0.327893  -0.15372  -0.070314  -0.15372  0.300537  0.0995199  -0.070314  0.0995199  0.164826
0.327893  -0.15372  -0.070314  -0.15372  0.300537  0.0995199  -0.070314  0.0995199  0.164826
0.327893  -0.15372  -0.070314  -0.15372  0.300537  0.0995199  -0.070314  0.0995199  0.164826
0.327893  -0.15372  -0.070314  -0.15372  0.300537  0.0995199  -0.070314  0.0995199  0.164826
0.327893  -0.15372  -0.070314  -0.15372  0.300537  0.0995199  -0.070314  0.0995199  0.164826
0.327893  -0.15372  -0.070314  -0.15372  0.300537  0.0995199  -0.070314  0.0995199  0.164826
0.327893  -0.15372  -0.070314  -0.15372  0.300537  0.0995199  -0.070314  0.0995199  0.164826
0.327893  -0.15372  -0.070314  -0.15372  0.300537  0.0995199  -0.070314  0.0995199  0.164826
0.327902  -0.153731  -0.0703356  -0.153731  0.30055  0.099537  -0.0703356  0.099537  0.164836
0.327902  -0.153731  -0.0703356  -0.153731  0.30055  0.099537  -0.0703356  0.099537  0.164836
0.327902  -0.153731  -0.0703356  -0.153731  0.30055  0.099537  -0.0703356  0.099537  0.164836
0.327902  -0.153731  -0.0703356  -0.153731  0.30055  0.099537  -0.0703356  0.099537  0.164836
0.327892  -0.153749  -0.0703286  -0.153749  0.300595  0.0995528  -0.0703286  0.0995528  0.164838
0.327892  -0.153749  -0.0703286  -0.153749  0.300595  0.0995528  -0.0703286  0.0995528  0.164838
0.327892  -0.153749  -0.0703286  -0.153749  0.300595  0.0995528  -0.0703286  0.0995528  0.164838
0.327892  -0.153749  -0.0703286  -0.153749  0.300595  0.0995528  -0.0703286  0.0995528  0.164838
0.327892  -0.153749  -0.0703286  -0.153749  0.300595  0.0995528  -0.0703286  0.0995528  0.164838
0.327892  -0.153749  -0.0703286  -0.153749  0.300595  0.0995528  -0.0703286  0.0995528  0.164838
0.327892  -0.153749  -0.0703286  -0.153749  0.300595  0.0995528  -0.0703286  0.0995528  0.164838
0.327892  -0.153749  -0.0703286  -0.153749  0.300595  0.0995528  -0.0703286  0.0995528  0.164838
0.327874  -0.153742  -0.0703257  -0.153742  0.300607  0.0995605  -0.0703257  0.0995605  0.164842
0.327883  -0.153767  -0.0703215  -0.153767  0.300639  0.0995687  -0.0703215  0.0995687  0.164841
0.327883  -0.153767  -0.0703215  -0.153767  0.300639  0.0995687  -0.0703215  0.0995687  0.164841
0.327883  -0.153767  -0.0703215  -0.153767  0.300639  0.0995687  -0.0703215  0.0995687  0.164841
0.327883  -0.153767  -0.0703215  -0.153767  0.300639  0.0995687  -0.0703215  0.0995687  0.164841
0.327883  -0.153767  -0.0703215  -0.153767  0.300639  0.0995687  -0.0703215  0.0995687  0.164841
0.327883  -0.153767  -0.0703215  -0.153767  0.300639  0.0995687  -0.0703215  0.0995687  0.164841
0.327883  -0.153767  -0.0703215  -0.153767  0.300639  0.0995687  -0.0703215  0.0995687  0.164841
0.327873  -0.153786  -0.0703145  -0.153786  0.300683  0.0995845  -0.0703145  0.0995845  0.164844
0.327873  -0.153786  -0.0703145  -0.153786  0.300683  0.0995845  -0.0703145  0.0995845  0.164844
0.327873  -0.153786  -0.0703145  -0.153786  0.300683  0.0995845  -0.0703145  0.0995845  0.164844
0.327882  -0.153811  -0.0703103  -0.153811  0.300715  0.0995926  -0.0703103  0.0995926  0.164843
0.327882  -0.153811  -0.0703103  -0.153811  0.300715  0.0995926  -0.0703103  0.0995926  0.164843
0.327882  -0.153811  -0.0703103  -0.153811  0.300715  0.0995926  -0.0703103  0.0995926  0.164843
0.327881  -0.153827  -0.0702845  -0.153827  0.300734  0.0995837  -0.0702845  0.0995837  0.164832
0.327863  -0.15382  -0.0702816  -0.15382  0.300746  0.0995914  -0.0702816  0.0995914  0.164836
0.327871  -0.153845  -0.0702775  -0.153845  0.300778  0.0995996  -0.0702775  0.0995996  0.164835
0.327871  -0.153845  -0.0702775  -0.153845  0.300778  0.0995996  -0.0702775  0.0995996  0.164835
0.327853  -0.153838  -0.0702746  -0.153838  0.30079  0.0996073  -0.0702746  0.0996073  0.164839
0.327853  -0.153838  -0.0702746  -0.153838  0.30079  0.0996073  -0.0702746  0.0996073  0.164839
0.327862  -0.153863  -0.0702704  -0.153863  0.300822  0.0996154  -0.0702704  0.0996154  0.164837
0.327844  -0.153856  -0.0702675  -0.153856  0.300835  0.0996231  -0.0702675  0.0996231  0.164841
0.327844  -0.153856  -0.0702675  -0.153856  0.300835  0.0996231  -0.0702675  0.0996231  0.164841
0.327825  -0.153865  -0.0702388  -0.153865  0.300866  0.0996219  -0.0702388  0.0996219  0.164835
0.327825  -0.153865  -0.0702388  -0.153865  0.300866  0.0996219  -0.0702388  0.0996219  0.164835
0.327798  -0.153848  -0.0702143  -0.153848  0.300864  0.0996126  -0.0702143  0.0996126  0.164829
0.327798  -0.153848  -0.0702143  -0.153848  0.300864  0.0996126  -0.0702143  0.0996126  0.164829
0.327789  -0.153837  -0.0701927  -0.153837  0.300851  0.0995956  -0.0701927  0.0995956  0.16482
0.32777  -0.153846  -0.0701641  -0.153846  0.300881  0.0995944  -0.0701641  0.0995944  0.164814
0.32777  -0.153846  -0.0701641  -0.153846  0.300881  0.0995944  -0.0701641  0.0995944  0.164814
0.327752  -0.153825  -0.0701209  -0.153825  0.300854  0.0995604  -0.0701209  0.0995604  0.164795
0.327752  -0.153825  -0.0701209  -0.153825  0.300854  0.0995604  -0.0701209  0.0995604  0.164795
0.327724  -0.153823  -0.0700707  -0.153823  0.300871  0.0995422  -0.0700707  0.0995422  0.164779
0.327715  -0.153813  -0.0700491  -0.153813  0.300857  0.0995252  -0.0700491  0.0995252  0.16477
0.327715  -0.153813  -0.0700491  -0.153813  0.300857  0.0995252  -0.0700491  0.0995252  0.16477
0.327706  -0.153803  -0.0700275  -0.153803  0.300844  0.0995082  -0.0700275  0.0995082  0.16476
0.327696  -0.153808  -0.0699802  -0.153808  0.300848  0.0994823  -0.0699802  0.0994823  0.164741
0.327687  -0.153798  -0.0699586  -0.153798  0.300835  0.0994653  -0.0699586  0.0994653  0.164731
0.327677  -0.153803  -0.0699114  -0.153803  0.300839  0.0994394  -0.0699114  0.0994394  0.164712
0.327667  -0.153793  -0.0698898  -0.153793  0.300826  0.0994225  -0.0698898  0.0994225  0.164703
0.327676  -0.153805  -0.0698454  -0.153805  0.300818  0.0993889  -0.0698454  0.0993889  0.164679
0.327666  -0.153794  -0.0698239  -0.153794  0.300804  0.0993719  -0.0698239  0.0993719  0.16467
0.327666  -0.15381  -0.0697981  -0.15381  0.300822  0.099363  -0.0697981  0.099363  0.164659
0.327647  -0.153804  -0.0697294  -0.153804  0.300813  0.0993202  -0.0697294  0.0993202  0.16463
0.327647  -0.153804  -0.0697294  -0.153804  0.300813  0.0993202  -0.0697294  0.0993202  0.16463
0.327619  -0.153789  -0.0696391  -0.153789  0.300791  0.0992604  -0.0696391  0.0992604  0.164592
0.327619  -0.153789  -0.0696391  -0.153789  0.300791  0.0992604  -0.0696391  0.0992604  0.164592
0.327609  -0.153794  -0.0695918  -0.153794  0.300795  0.0992346  -0.0695918  0.0992346  0.164573
0.327608  -0.153796  -0.069526  -0.153796  0.300774  0.0991841  -0.069526  0.0991841  0.16454
0.327589  -0.153791  -0.0694573  -0.153791  0.300765  0.0991414  -0.0694573  0.0991414  0.164512
0.327589  -0.153791  -0.0694573  -0.153791  0.300765  0.0991414  -0.0694573  0.0991414  0.164512
0.327579  -0.153796  -0.0694101  -0.153796  0.300769  0.0991155  -0.0694101  0.0991155  0.164492
0.32756  -0.153791  -0.0693414  -0.153791  0.30076  0.0990728  -0.0693414  0.0990728  0.164464
0.32756  -0.153791  -0.0693414  -0.153791  0.30076  0.0990728  -0.0693414  0.0990728  0.164464
0.327567  -0.153818  -0.0692714  -0.153818  0.300771  0.0990304  -0.0692714  0.0990304  0.16443
0.327566  -0.153833  -0.0692457  -0.153833  0.300789  0.0990216  -0.0692457  0.0990216  0.16442
0.327566  -0.153848  -0.06922  -0.153848  0.300808  0.0990127  -0.06922  0.0990127  0.164409
0.327573  -0.153876  -0.06915  -0.153876  0.300818  0.0989703  -0.06915  0.0989703  0.164376
0.327573  -0.153876  -0.06915  -0.153876  0.300818  0.0989703  -0.06915  0.0989703  0.164376
0.327562  -0.153911  -0.0690515  -0.153911  0.30086  0.0989268  -0.0690515  0.0989268  0.164336
0.327562  -0.153911  -0.0690515  -0.153911  0.30086  0.0989268  -0.0690515  0.0989268  0.164336
0.327577  -0.153963  -0.0689772  -0.153963  0.300902  0.0988924  -0.0689772  0.0988924  0.164302
0.327568  -0.153953  -0.0689558  -0.153953  0.300889  0.0988755  -0.0689558  0.0988755  0.164293
0.327548  -0.153963  -0.0688615  -0.153963  0.300898  0.098824  -0.0688615  0.098824  0.164254
0.327557  -0.153989  -0.0688573  -0.153989  0.300931  0.0988319  -0.0688573  0.0988319  0.164253
0.327546  -0.153996  -0.0687444  -0.153996  0.300914  0.0987558  -0.0687444  0.0987558  0.164202
0.327545  -0.154011  -0.0687187  -0.154011  0.300933  0.0987469  -0.0687187  0.0987469  0.164192
0.327535  -0.154016  -0.0686716  -0.154016  0.300937  0.0987212  -0.0686716  0.0987212  0.164173
0.327524  -0.154023  -0.0685589  -0.154023  0.300921  0.0986451  -0.0685589  0.0986451  0.164122
0.327515  -0.154012  -0.0685375  -0.154012  0.300907  0.0986283  -0.0685375  0.0986283  0.164113
0.327495  -0.154009  -0.0684034  -0.154009  0.300877  0.0985354  -0.0684034  0.0985354  0.164053
0.327512  -0.154031  -0.0683805  -0.154031  0.300883  0.0985188  -0.0683805  0.0985188  0.164039
0.327474  -0.153992  -0.0682294  -0.153992  0.300808  0.0984013  -0.0682294  0.0984013  0.163972
0.327483  -0.154018  -0.0682251  -0.154018  0.30084  0.0984092  -0.0682251  0.0984092  0.163971
0.327436  -0.153969  -0.0680528  -0.153969  0.300751  0.0982751  -0.0680528  0.0982751  0.163896
0.327436  -0.153969  -0.0680528  -0.153969  0.300751  0.0982751  -0.0680528  0.0982751  0.163896
0.327397  -0.153932  -0.0678365  -0.153932  0.300655  0.0981077  -0.0678365  0.0981077  0.163798
0.327388  -0.153922  -0.0678152  -0.153922  0.300641  0.098091  -0.0678152  0.098091  0.163789
0.327378  -0.153913  -0.0677284  -0.153913  0.300607  0.0980241  -0.0677284  0.0980241  0.163749
0.327313  -0.153815  -0.0674999  -0.153815  0.300433  0.0978248  -0.0674999  0.0978248  0.163646
0.327304  -0.153805  -0.0674786  -0.153805  0.30042  0.0978081  -0.0674786  0.0978081  0.163637
0.327257  -0.15373  -0.0672276  -0.15373  0.300252  0.0975926  -0.0672276  0.0975926  0.163521
0.327248  -0.15372  -0.0672064  -0.15372  0.300239  0.0975759  -0.0672064  0.0975759  0.163512
0.327192  -0.153647  -0.0669742  -0.153647  0.300098  0.0973852  -0.0669742  0.0973852  0.163409
0.327191  -0.153634  -0.0669345  -0.153634  0.300059  0.0973443  -0.0669345  0.0973443  0.163388
0.327164  -0.15359  -0.0668313  -0.15359  0.299979  0.0972535  -0.0668313  0.0972535  0.163342
0.327125  -0.153525  -0.0666023  -0.153525  0.299826  0.0970557  -0.0666023  0.0970557  0.163236
0.327116  -0.153515  -0.0665812  -0.153515  0.299812  0.0970392  -0.0665812  0.0970392  0.163228
0.327061  -0.153414  -0.0663358  -0.153414  0.299614  0.0968175  -0.0663358  0.0968175  0.163115
0.327061  -0.153414  -0.0663358  -0.153414  0.299614  0.0968175  -0.0663358  0.0968175  0.163115
0.326987  -0.153322  -0.0660627  -0.153322  0.299448  0.0965954  -0.0660627  0.0965954  0.162998
0.326978  -0.153312  -0.0660417  -0.153312  0.299434  0.0965789  -0.0660417  0.0965789  0.16299
0.326922  -0.153227  -0.0657717  -0.153227  0.299256  0.0963495  -0.0657717  0.0963495  0.16287
0.326913  -0.153217  -0.0657507  -0.153217  0.299242  0.0963331  -0.0657507  0.0963331  0.162861
0.326894  -0.153199  -0.0656438  -0.153199  0.299195  0.096251  -0.0656438  0.096251  0.162815
0.326829  -0.153117  -0.0653928  -0.153117  0.299043  0.0960465  -0.0653928  0.0960465  0.162709
0.32682  -0.153107  -0.0653719  -0.153107  0.29903  0.0960301  -0.0653719  0.0960301  0.162701
0.326746  -0.153031  -0.0650751  -0.153031  0.298883  0.095801  -0.0650751  0.095801  0.162578
0.326754  -0.153028  -0.0650566  -0.153028  0.298857  0.0957769  -0.0650566  0.0957769  0.162566
0.326709  -0.152978  -0.0649522  -0.152978  0.298791  0.0956954  -0.0649522  0.0956954  0.162526
0.326653  -0.152908  -0.0646585  -0.152908  0.298632  0.0954593  -0.0646585  0.0954593  0.1624
0.326635  -0.152888  -0.0646169  -0.152888  0.298606  0.0954268  -0.0646169  0.0954268  0.162384
0.326616  -0.15287  -0.0645107  -0.15287  0.298559  0.0953454  -0.0645107  0.0953454  0.16234
0.326551  -0.152775  -0.0642222  -0.152775  0.298369  0.0951026  -0.0642222  0.0951026  0.162217
0.326541  -0.152781  -0.0641761  -0.152781  0.298375  0.0950777  -0.0641761  0.0950777  0.1622
0.326477  -0.152686  -0.0638883  -0.152686  0.298185  0.0948356  -0.0638883  0.0948356  0.162079
0.326468  -0.152676  -0.0638675  -0.152676  0.298172  0.0948195  -0.0638675  0.0948195  0.162071
0.326411  -0.152607  -0.0635756  -0.152607  0.298015  0.0945854  -0.0635756  0.0945854  0.161949
0.326411  -0.152607  -0.0635756  -0.152607  0.298015  0.0945854  -0.0635756  0.0945854  0.161949
0.326364  -0.152519  -0.0632911  -0.152519  0.297814  0.0943367  -0.0632911  0.0943367  0.161826
0.326355  -0.15251  -0.0632704  -0.15251  0.297801  0.0943207  -0.0632704  0.0943207  0.161818
0.326326  -0.152442  -0.0630275  -0.152442  0.297626  0.0941046  -0.0630275  0.0941046  0.16171
0.326317  -0.152432  -0.0630069  -0.152432  0.297613  0.0940886  -0.0630069  0.0940886  0.161703
0.326253  -0.152338  -0.062721  -0.152338  0.297425  0.0938489  -0.062721  0.0938489  0.161585
0.326244  -0.152328  -0.0627004  -0.152328  0.297412  0.0938329  -0.0627004  0.0938329  0.161578
0.326214  -0.152276  -0.0624331  -0.152276  0.297257  0.0936092  -0.0624331  0.0936092  0.161464
0.326205  -0.152266  -0.0624126  -0.152266  0.297244  0.0935933  -0.0624126  0.0935933  0.161456
0.326167  -0.152188  -0.0621503  -0.152188  0.297057  0.0933628  -0.0621503  0.0933628  0.161344
0.326167  -0.152175  -0.0621115  -0.152175  0.297019  0.0933233  -0.0621115  0.0933233  0.161325
0.326148  -0.152157  -0.0620067  -0.152157  0.296973  0.0932434  -0.0620067  0.0932434  0.161284
0.326109  -0.152095  -0.0617198  -0.152095  0.296806  0.0930051  -0.0617198  0.0930051  0.161165
0.326091  -0.152075  -0.061679  -0.152075  0.29678  0.0929735  -0.061679  0.0929735  0.161151
0.326043  -0.152003  -0.0613722  -0.152003  0.2966  0.0927199  -0.0613722  0.0927199  0.161026
0.326052  -0.152  -0.0613539  -0.152  0.296575  0.0926964  -0.0613539  0.0926964  0.161015
0.325995  -0.151918  -0.0610273  -0.151918  0.296383  0.0924278  -0.0610273  0.0924278  0.160884
0.325986  -0.151908  -0.061007  -0.151908  0.29637  0.0924121  -0.061007  0.0924121  0.160877
0.325968  -0.151862  -0.0608892  -0.151862  0.296268  0.0923023  -0.0608892  0.0923023  0.160827
0.325911  -0.151781  -0.0605634  -0.151781  0.296077  0.0920347  -0.0605634  0.0920347  0.160698
0.325911  -0.151767  -0.0605249  -0.151767  0.296038  0.0919956  -0.0605249  0.0919956  0.16068
0.325863  -0.151696  -0.0602199  -0.151696  0.29586  0.0917444  -0.0602199  0.0917444  0.160559
0.325854  -0.151686  -0.0601997  -0.151686  0.295847  0.0917288  -0.0601997  0.0917288  0.160552
0.325824  -0.151606  -0.0599222  -0.151606  0.295638  0.0914789  -0.0599222  0.0914789  0.160436
0.325815  -0.151611  -0.0598771  -0.151611  0.295644  0.0914549  -0.0598771  0.0914549  0.160422
0.325796  -0.151565  -0.0597601  -0.151565  0.295543  0.0913461  -0.0597601  0.0913461  0.160374
0.325731  -0.151474  -0.059416  -0.151474  0.295341  0.0910654  -0.059416  0.0910654  0.160242
0.325739  -0.15147  -0.0593979  -0.15147  0.295315  0.0910421  -0.0593979  0.0910421  0.160232
0.325684  -0.151374  -0.0590994  -0.151374  0.295107  0.0907862  -0.0590994  0.0907862  0.160116
0.325675  -0.151364  -0.0590794  -0.151364  0.295095  0.0907708  -0.0590794  0.0907708  0.160109
0.325628  -0.151293  -0.0587766  -0.151293  0.294918  0.0905224  -0.0587766  0.0905224  0.159994
0.325636  -0.15129  -0.0587585  -0.15129  0.294893  0.0904992  -0.0587585  0.0904992  0.159984
0.325579  -0.151208  -0.0584363  -0.151208  0.294705  0.0902361  -0.0584363  0.0902361  0.159863
0.325587  -0.151233  -0.0584314  -0.151233  0.294736  0.090243  -0.0584314  0.090243  0.159862
0.325556  -0.151168  -0.0581315  -0.151168  0.294548  0.089988  -0.0581315  0.089988  0.159745
0.325548  -0.151158  -0.0581115  -0.151158  0.294536  0.0899727  -0.0581115  0.0899727  0.159739
0.325525  -0.151118  -0.0578071  -0.151118  0.294379  0.0897251  -0.0578071  0.0897251  0.159623
0.325516  -0.151108  -0.0577872  -0.151108  0.294367  0.0897099  -0.0577872  0.0897099  0.159616
0.325484  -0.151058  -0.0574634  -0.151058  0.294198  0.0894476  -0.0574634  0.0894476  0.159495
0.325492  -0.151054  -0.0574453  -0.151054  0.294173  0.0894246  -0.0574453  0.0894246  0.159485
0.325461  -0.150989  -0.0571467  -0.150989  0.293987  0.0891714  -0.0571467  0.0891714  0.159371
0.325452  -0.15098  -0.0571269  -0.15098  0.293974  0.0891563  -0.0571269  0.0891563  0.159365
0.325438  -0.150949  -0.0568436  -0.150949  0.293831  0.0889255  -0.0568436  0.0889255  0.159258
0.325437  -0.150936  -0.0568057  -0.150936  0.293794  0.0888874  -0.0568057  0.0888874  0.159242
0.325414  -0.150895  -0.056503  -0.150895  0.293639  0.088642  -0.056503  0.088642  0.159131
0.325413  -0.150882  -0.0564652  -0.150882  0.293602  0.0886041  -0.0564652  0.0886041  0.159115
0.325402  -0.150861  -0.0563452  -0.150861  0.293534  0.0885048  -0.0563452  0.0885048  0.15907
0.325379  -0.15082  -0.056043  -0.15082  0.293379  0.0882602  -0.056043  0.0882602  0.15896
0.325378  -0.150807  -0.0560053  -0.150807  0.293342  0.0882223  -0.0560053  0.0882223  0.158945
0.325351  -0.15078  -0.0558839  -0.15078  0.293287  0.0881312  -0.0558839  0.0881312  0.158905
0.325328  -0.150724  -0.055607  -0.150724  0.293114  0.0878957  -0.055607  0.0878957  0.158803
0.325336  -0.150721  -0.055589  -0.150721  0.29309  0.087873  -0.055589  0.087873  0.158794
0.325305  -0.150656  -0.0552928  -0.150656  0.292905  0.0876231  -0.0552928  0.0876231  0.158687
0.325288  -0.150637  -0.0552536  -0.150637  0.292881  0.0875933  -0.0552536  0.0875933  0.158676
0.325277  -0.150616  -0.0551343  -0.150616  0.292813  0.0874949  -0.0551343  0.0874949  0.158633
0.325262  -0.150557  -0.0548403  -0.150557  0.292617  0.087238  -0.0548403  0.087238  0.158524
0.325253  -0.150547  -0.0548207  -0.150547  0.292604  0.0872232  -0.0548207  0.0872232  0.158519
0.325223  -0.150454  -0.0545127  -0.150454  0.292365  0.0869457  -0.0545127  0.0869457  0.158406
0.325214  -0.150444  -0.0544933  -0.150444  0.292353  0.0869309  -0.0544933  0.0869309  0.158401
0.325174  -0.15037  -0.0541791  -0.15037  0.292158  0.0866684  -0.0541791  0.0866684  0.158293
0.325182  -0.150366  -0.0541612  -0.150366  0.292133  0.0866459  -0.0541612  0.0866459  0.158283
0.325126  -0.150258  -0.0538333  -0.150258  0.291895  0.086363  -0.0538333  0.086363  0.158172
0.325133  -0.150269  -0.0537908  -0.150269  0.291889  0.0863321  -0.0537908  0.0863321  0.158156
0.325114  -0.150224  -0.0536774  -0.150224  0.291792  0.0862284  -0.0536774  0.0862284  0.158117
0.325084  -0.150144  -0.0534083  -0.150144  0.291591  0.0859906  -0.0534083  0.0859906  0.158023
0.325063  -0.150087  -0.0531962  -0.150087  0.291439  0.0858048  -0.0531962  0.0858048  0.157949
0.32507  -0.150098  -0.0531538  -0.150098  0.291433  0.085774  -0.0531538  0.085774  0.157934
0.325043  -0.150044  -0.0530214  -0.150044  0.291324  0.0856563  -0.0530214  0.0856563  0.15789
0.325029  -0.14997  -0.0527546  -0.14997  0.291111  0.0854118  -0.0527546  0.0854118  0.157794
0.325035  -0.149981  -0.0527123  -0.149981  0.291105  0.0853811  -0.0527123  0.0853811  0.15778
0.325004  -0.149888  -0.0524073  -0.149888  0.290869  0.0851082  -0.0524073  0.0851082  0.157675
0.325012  -0.149885  -0.0523895  -0.149885  0.290844  0.0850859  -0.0523895  0.0850859  0.157666
0.324997  -0.149826  -0.0520989  -0.149826  0.290651  0.0848343  -0.0520989  0.0848343  0.157567
0.325005  -0.149822  -0.0520811  -0.149822  0.290627  0.084812  -0.0520811  0.084812  0.157558
