0.321233  -0.142875  -0.0679574  -0.142875  0.290123  0.0953942  -0.0679574  0.0953942  0.164455
0.321249  -0.142881  -0.06796  -0.142881  0.29011  0.0953866  -0.06796  0.0953866  0.164451
0.32125  -0.142867  -0.0679845  -0.142867  0.290094  0.0953946  -0.0679845  0.0953946  0.164461
0.32125  -0.142867  -0.0679845  -0.142867  0.290094  0.0953946  -0.0679845  0.0953946  0.164461
0.321296  -0.142896  -0.0680306  -0.142896  0.290094  0.0954109  -0.0680306  0.0954109  0.16447
0.321304  -0.14292  -0.0680265  -0.14292  0.290123  0.0954187  -0.0680265  0.0954187  0.164469
0.321319  -0.142926  -0.0680291  -0.142926  0.29011  0.0954112  -0.0680291  0.0954112  0.164465
0.321351  -0.142949  -0.0680725  -0.142949  0.290123  0.0954351  -0.0680725  0.0954351  0.164479
0.321351  -0.142949  -0.0680725  -0.142949  0.290123  0.0954351  -0.0680725  0.0954351  0.164479
0.321405  -0.142988  -0.0681391  -0.142988  0.290135  0.0954673  -0.0681391  0.0954673  0.164497
0.321412  -0.143011  -0.068135  -0.143011  0.290164  0.0954751  -0.068135  0.0954751  0.164495
0.32146  -0.143041  -0.0681811  -0.143041  0.290164  0.0954915  -0.0681811  0.0954915  0.164505
0.32146  -0.143041  -0.0681811  -0.143041  0.290164  0.0954915  -0.0681811  0.0954915  0.164505
0.321499  -0.143076  -0.0681823  -0.143076  0.290167  0.0954842  -0.0681823  0.0954842  0.164495
0.321499  -0.143076  -0.0681823  -0.143076  0.290167  0.0954842  -0.0681823  0.0954842  0.164495
0.32153  -0.143088  -0.0681876  -0.143088  0.290142  0.0954691  -0.0681876  0.0954691  0.164487
0.32153  -0.143088  -0.0681876  -0.143088  0.290142  0.0954691  -0.0681876  0.0954691  0.164487
0.321546  -0.143094  -0.0681903  -0.143094  0.29013  0.0954616  -0.0681903  0.0954616  0.164483
0.321546  -0.143094  -0.0681903  -0.143094  0.29013  0.0954616  -0.0681903  0.0954616  0.164483
0.321571  -0.143098  -0.0681751  -0.143098  0.290092  0.0954307  -0.0681751  0.0954307  0.164467
0.321563  -0.143089  -0.0681547  -0.143089  0.29008  0.095415  -0.0681547  0.095415  0.164458
0.321579  -0.143095  -0.0681573  -0.143095  0.290068  0.0954074  -0.0681573  0.0954074  0.164454
0.321595  -0.143101  -0.06816  -0.143101  0.290055  0.0953999  -0.06816  0.0953999  0.16445
0.321618  -0.14313  -0.0681585  -0.14313  0.290071  0.0954002  -0.0681585  0.0954002  0.164444
0.321626  -0.143127  -0.0681407  -0.143127  0.290046  0.0953769  -0.0681407  0.0953769  0.164432
0.321626  -0.143127  -0.0681407  -0.143127  0.290046  0.0953769  -0.0681407  0.0953769  0.164432
0.321658  -0.143139  -0.068146  -0.143139  0.290021  0.0953618  -0.068146  0.0953618  0.164424
0.321658  -0.143139  -0.068146  -0.143139  0.290021  0.0953618  -0.068146  0.0953618  0.164424
0.321681  -0.143168  -0.0681445  -0.143168  0.290037  0.095362  -0.0681445  0.095362  0.164418
0.321706  -0.143157  -0.0681539  -0.143157  0.289984  0.0953391  -0.0681539  0.0953391  0.164412
0.321706  -0.143157  -0.0681539  -0.143157  0.289984  0.0953391  -0.0681539  0.0953391  0.164412
0.321722  -0.143163  -0.0681566  -0.143163  0.289971  0.0953316  -0.0681566  0.0953316  0.164408
0.321722  -0.143163  -0.0681566  -0.143163  0.289971  0.0953316  -0.0681566  0.0953316  0.164408
0.32173  -0.14316  -0.0681388  -0.14316  0.289947  0.0953083  -0.0681388  0.0953083  0.164395
0.32173  -0.14316  -0.0681388  -0.14316  0.289947  0.0953083  -0.0681388  0.0953083  0.164395
0.321754  -0.143175  -0.0681619  -0.143175  0.289947  0.0953165  -0.0681619  0.0953165  0.1644
0.321754  -0.143175  -0.0681619  -0.143175  0.289947  0.0953165  -0.0681619  0.0953165  0.1644
0.32177  -0.143181  -0.0681645  -0.143181  0.289934  0.0953089  -0.0681645  0.0953089  0.164396
0.32177  -0.143181  -0.0681645  -0.143181  0.289934  0.0953089  -0.0681645  0.0953089  0.164396
0.321786  -0.143187  -0.0681671  -0.143187  0.289922  0.0953014  -0.0681671  0.0953014  0.164392
0.321786  -0.143187  -0.0681671  -0.143187  0.289922  0.0953014  -0.0681671  0.0953014  0.164392
0.321802  -0.143193  -0.0681698  -0.143193  0.289909  0.0952939  -0.0681698  0.0952939  0.164388
0.321802  -0.143193  -0.0681698  -0.143193  0.289909  0.0952939  -0.0681698  0.0952939  0.164388
0.321818  -0.143184  -0.068197  -0.143184  0.289881  0.0952943  -0.068197  0.0952943  0.164394
0.321818  -0.143184  -0.068197  -0.143184  0.289881  0.0952943  -0.068197  0.0952943  0.164394
0.321818  -0.143184  -0.068197  -0.143184  0.289881  0.0952943  -0.068197  0.0952943  0.164394
0.321827  -0.143181  -0.0681792  -0.143181  0.289856  0.095271  -0.0681792  0.095271  0.164381
0.321827  -0.143181  -0.0681792  -0.143181  0.289856  0.095271  -0.0681792  0.095271  0.164381
0.321843  -0.143187  -0.0681818  -0.143187  0.289843  0.0952634  -0.0681818  0.0952634  0.164377
0.321843  -0.143187  -0.0681818  -0.143187  0.289843  0.0952634  -0.0681818  0.0952634  0.164377
0.321851  -0.14317  -0.0681886  -0.14317  0.289802  0.0952481  -0.0681886  0.0952481  0.164374
0.321851  -0.14317  -0.0681886  -0.14317  0.289802  0.0952481  -0.0681886  0.0952481  0.164374
0.321851  -0.14317  -0.0681886  -0.14317  0.289802  0.0952481  -0.0681886  0.0952481  0.164374
0.321867  -0.143176  -0.0681912  -0.143176  0.28979  0.0952405  -0.0681912  0.0952405  0.16437
0.321883  -0.143182  -0.0681938  -0.143182  0.289778  0.095233  -0.0681938  0.095233  0.164366
0.321883  -0.143182  -0.0681938  -0.143182  0.289778  0.095233  -0.0681938  0.095233  0.164366
0.321899  -0.143188  -0.0681965  -0.143188  0.289765  0.0952254  -0.0681965  0.0952254  0.164362
0.321915  -0.143194  -0.0681991  -0.143194  0.289753  0.0952179  -0.0681991  0.0952179  0.164358
0.321915  -0.143194  -0.0681991  -0.143194  0.289753  0.0952179  -0.0681991  0.0952179  0.164358
0.321923  -0.143203  -0.0682196  -0.143203  0.289765  0.0952336  -0.0682196  0.0952336  0.164367
0.321939  -0.143209  -0.0682222  -0.143209  0.289753  0.0952261  -0.0682222  0.0952261  0.164363
0.321939  -0.143209  -0.0682222  -0.143209  0.289753  0.0952261  -0.0682222  0.0952261  0.164363
0.321955  -0.143215  -0.0682248  -0.143215  0.28974  0.0952185  -0.0682248  0.0952185  0.164359
0.321955  -0.143215  -0.0682248  -0.143215  0.28974  0.0952185  -0.0682248  0.0952185  0.164359
0.321971  -0.143221  -0.0682275  -0.143221  0.289728  0.095211  -0.0682275  0.095211  0.164355
0.321971  -0.143221  -0.0682275  -0.143221  0.289728  0.095211  -0.0682275  0.095211  0.164355
0.321964  -0.143197  -0.0682316  -0.143197  0.289699  0.0952032  -0.0682316  0.0952032  0.164356
0.321972  -0.143194  -0.0682137  -0.143194  0.289674  0.0951799  -0.0682137  0.0951799  0.164343
0.321972  -0.143194  -0.0682137  -0.143194  0.289674  0.0951799  -0.0682137  0.0951799  0.164343
0.321988  -0.1432  -0.0682164  -0.1432  0.289662  0.0951723  -0.0682164  0.0951723  0.164339
0.321988  -0.1432  -0.0682164  -0.1432  0.289662  0.0951723  -0.0682164  0.0951723  0.164339
0.321988  -0.1432  -0.0682164  -0.1432  0.289662  0.0951723  -0.0682164  0.0951723  0.164339
0.322004  -0.143206  -0.068219  -0.143206  0.289649  0.0951648  -0.068219  0.0951648  0.164335
0.322004  -0.143206  -0.068219  -0.143206  0.289649  0.0951648  -0.068219  0.0951648  0.164335
0.322004  -0.143206  -0.068219  -0.143206  0.289649  0.0951648  -0.068219  0.0951648  0.164335
0.322027  -0.143236  -0.0682175  -0.143236  0.289665  0.095165  -0.0682175  0.095165  0.16433
0.322027  -0.143236  -0.0682175  -0.143236  0.289665  0.095165  -0.0682175  0.095165  0.16433
0.322027  -0.143236  -0.0682175  -0.143236  0.289665  0.095165  -0.0682175  0.095165  0.16433
0.322043  -0.143242  -0.0682201  -0.143242  0.289653  0.0951575  -0.0682201  0.0951575  0.164326
0.322043  -0.143242  -0.0682201  -0.143242  0.289653  0.0951575  -0.0682201  0.0951575  0.164326
0.322052  -0.143239  -0.0682023  -0.143239  0.289628  0.0951342  -0.0682023  0.0951342  0.164313
0.322052  -0.143239  -0.0682023  -0.143239  0.289628  0.0951342  -0.0682023  0.0951342  0.164313
0.322052  -0.143239  -0.0682023  -0.143239  0.289628  0.0951342  -0.0682023  0.0951342  0.164313
0.322068  -0.143245  -0.0682049  -0.143245  0.289616  0.0951266  -0.0682049  0.0951266  0.164309
0.322068  -0.143245  -0.0682049  -0.143245  0.289616  0.0951266  -0.0682049  0.0951266  0.164309
0.322068  -0.143245  -0.0682049  -0.143245  0.289616  0.0951266  -0.0682049  0.0951266  0.164309
0.322068  -0.143245  -0.0682049  -0.143245  0.289616  0.0951266  -0.0682049  0.0951266  0.164309
0.322084  -0.143251  -0.0682075  -0.143251  0.289603  0.0951191  -0.0682075  0.0951191  0.164305
0.322092  -0.143259  -0.068228  -0.143259  0.289616  0.0951348  -0.068228  0.0951348  0.164314
0.3221  -0.143242  -0.0682348  -0.143242  0.289575  0.0951194  -0.0682348  0.0951194  0.164311
0.3221  -0.143242  -0.0682348  -0.143242  0.289575  0.0951194  -0.0682348  0.0951194  0.164311
0.322108  -0.143265  -0.0682307  -0.143265  0.289603  0.0951272  -0.0682307  0.0951272  0.16431
0.322108  -0.143265  -0.0682307  -0.143265  0.289603  0.0951272  -0.0682307  0.0951272  0.16431
0.322131  -0.14328  -0.0682538  -0.14328  0.289603  0.0951354  -0.0682538  0.0951354  0.164315
0.322131  -0.14328  -0.0682538  -0.14328  0.289603  0.0951354  -0.0682538  0.0951354  0.164315
0.322131  -0.14328  -0.0682538  -0.14328  0.289603  0.0951354  -0.0682538  0.0951354  0.164315
0.322131  -0.14328  -0.0682538  -0.14328  0.289603  0.0951354  -0.0682538  0.0951354  0.164315
0.32214  -0.143263  -0.0682605  -0.143263  0.289562  0.0951201  -0.0682605  0.0951201  0.164312
0.32214  -0.143263  -0.0682605  -0.143263  0.289562  0.0951201  -0.0682605  0.0951201  0.164312
0.32214  -0.143263  -0.0682605  -0.143263  0.289562  0.0951201  -0.0682605  0.0951201  0.164312
0.322156  -0.143269  -0.0682631  -0.143269  0.28955  0.0951125  -0.0682631  0.0951125  0.164308
0.322156  -0.143269  -0.0682631  -0.143269  0.28955  0.0951125  -0.0682631  0.0951125  0.164308
0.322156  -0.143269  -0.0682631  -0.143269  0.28955  0.0951125  -0.0682631  0.0951125  0.164308
0.32218  -0.143284  -0.0682863  -0.143284  0.28955  0.0951207  -0.0682863  0.0951207  0.164313
0.32218  -0.143284  -0.0682863  -0.143284  0.28955  0.0951207  -0.0682863  0.0951207  0.164313
0.322196  -0.14329  -0.0682889  -0.14329  0.289537  0.0951132  -0.0682889  0.0951132  0.164308
0.322196  -0.14329  -0.0682889  -0.14329  0.289537  0.0951132  -0.0682889  0.0951132  0.164308
0.322196  -0.14329  -0.0682889  -0.14329  0.289537  0.0951132  -0.0682889  0.0951132  0.164308
0.32222  -0.143319  -0.0682874  -0.143319  0.289553  0.0951134  -0.0682874  0.0951134  0.164303
0.32222  -0.143319  -0.0682874  -0.143319  0.289553  0.0951134  -0.0682874  0.0951134  0.164303
0.322212  -0.143296  -0.0682915  -0.143296  0.289525  0.0951056  -0.0682915  0.0951056  0.164304
0.322212  -0.143296  -0.0682915  -0.143296  0.289525  0.0951056  -0.0682915  0.0951056  0.164304
0.322228  -0.143302  -0.0682941  -0.143302  0.289512  0.0950981  -0.0682941  0.0950981  0.1643
0.322228  -0.143302  -0.0682941  -0.143302  0.289512  0.0950981  -0.0682941  0.0950981  0.1643
0.322228  -0.143302  -0.0682941  -0.143302  0.289512  0.0950981  -0.0682941  0.0950981  0.1643
0.322221  -0.143293  -0.0682736  -0.143293  0.2895  0.0950823  -0.0682736  0.0950823  0.164292
0.322221  -0.143293  -0.0682736  -0.143293  0.2895  0.0950823  -0.0682736  0.0950823  0.164292
0.322237  -0.143299  -0.0682763  -0.143299  0.289487  0.0950748  -0.0682763  0.0950748  0.164288
0.322237  -0.143299  -0.0682763  -0.143299  0.289487  0.0950748  -0.0682763  0.0950748  0.164288
0.322237  -0.143299  -0.0682763  -0.143299  0.289487  0.0950748  -0.0682763  0.0950748  0.164288
0.322237  -0.143299  -0.0682763  -0.143299  0.289487  0.0950748  -0.0682763  0.0950748  0.164288
0.322252  -0.143319  -0.0682543  -0.143319  0.289491  0.0950593  -0.0682543  0.0950593  0.164274
0.322252  -0.143319  -0.0682543  -0.143319  0.289491  0.0950593  -0.0682543  0.0950593  0.164274
0.32226  -0.143316  -0.0682364  -0.143316  0.289466  0.095036  -0.0682364  0.095036  0.164261
0.32226  -0.143316  -0.0682364  -0.143316  0.289466  0.095036  -0.0682364  0.095036  0.164261
0.322277  -0.143322  -0.068239  -0.143322  0.289454  0.0950284  -0.068239  0.0950284  0.164257
0.322277  -0.143322  -0.068239  -0.143322  0.289454  0.0950284  -0.068239  0.0950284  0.164257
0.3223  -0.143351  -0.0682375  -0.143351  0.28947  0.0950286  -0.0682375  0.0950286  0.164252
0.3223  -0.143351  -0.0682375  -0.143351  0.28947  0.0950286  -0.0682375  0.0950286  0.164252
0.322316  -0.143357  -0.0682401  -0.143357  0.289457  0.0950211  -0.0682401  0.0950211  0.164248
0.322316  -0.143357  -0.0682401  -0.143357  0.289457  0.0950211  -0.0682401  0.0950211  0.164248
0.322332  -0.143363  -0.0682428  -0.143363  0.289445  0.0950135  -0.0682428  0.0950135  0.164244
0.322332  -0.143363  -0.0682428  -0.143363  0.289445  0.0950135  -0.0682428  0.0950135  0.164244
0.322364  -0.143402  -0.0682618  -0.143402  0.289473  0.0950295  -0.0682618  0.0950295  0.164247
0.322364  -0.143402  -0.0682618  -0.143402  0.289473  0.0950295  -0.0682618  0.0950295  0.164247
0.322356  -0.143393  -0.0682413  -0.143393  0.289461  0.0950137  -0.0682413  0.0950137  0.164238
0.322356  -0.143393  -0.0682413  -0.143393  0.289461  0.0950137  -0.0682413  0.0950137  0.164238
0.322372  -0.143399  -0.0682439  -0.143399  0.289448  0.0950062  -0.0682439  0.0950062  0.164234
0.322372  -0.143399  -0.0682439  -0.143399  0.289448  0.0950062  -0.0682439  0.0950062  0.164234
0.32238  -0.143396  -0.068226  -0.143396  0.289423  0.0949829  -0.068226  0.0949829  0.164221
0.32238  -0.143396  -0.068226  -0.143396  0.289423  0.0949829  -0.068226  0.0949829  0.164221
0.322396  -0.143402  -0.0682286  -0.143402  0.289411  0.0949753  -0.0682286  0.0949753  0.164217
0.322396  -0.143402  -0.0682286  -0.143402  0.289411  0.0949753  -0.0682286  0.0949753  0.164217
0.322404  -0.143425  -0.0682245  -0.143425  0.289439  0.0949831  -0.0682245  0.0949831  0.164216
0.322404  -0.143425  -0.0682245  -0.143425  0.289439  0.0949831  -0.0682245  0.0949831  0.164216
0.32242  -0.143431  -0.0682271  -0.143431  0.289427  0.0949755  -0.0682271  0.0949755  0.164212
0.322435  -0.143464  -0.0682435  -0.143464  0.289468  0.0949991  -0.0682435  0.0949991  0.16422
0.322435  -0.143464  -0.0682435  -0.143464  0.289468  0.0949991  -0.0682435  0.0949991  0.16422
0.322442  -0.143487  -0.0682394  -0.143487  0.289496  0.0950069  -0.0682394  0.0950069  0.164218
0.322442  -0.143487  -0.0682394  -0.143487  0.289496  0.0950069  -0.0682394  0.0950069  0.164218
0.322442  -0.143487  -0.0682394  -0.143487  0.289496  0.0950069  -0.0682394  0.0950069  0.164218
0.322442  -0.143487  -0.0682394  -0.143487  0.289496  0.0950069  -0.0682394  0.0950069  0.164218
0.322442  -0.143487  -0.0682394  -0.143487  0.289496  0.0950069  -0.0682394  0.0950069  0.164218
0.322434  -0.143478  -0.0682189  -0.143478  0.289484  0.0949911  -0.0682189  0.0949911  0.16421
0.322434  -0.143478  -0.0682189  -0.143478  0.289484  0.0949911  -0.0682189  0.0949911  0.16421
0.32241  -0.143463  -0.0681958  -0.143463  0.289484  0.0949829  -0.0681958  0.0949829  0.164205
0.32241  -0.143463  -0.0681958  -0.143463  0.289484  0.0949829  -0.0681958  0.0949829  0.164205
0.322386  -0.143448  -0.0681726  -0.143448  0.289484  0.0949747  -0.0681726  0.0949747  0.1642
0.322386  -0.143448  -0.0681726  -0.143448  0.289484  0.0949747  -0.0681726  0.0949747  0.1642
0.32237  -0.143442  -0.06817  -0.143442  0.289496  0.0949823  -0.06817  0.0949823  0.164204
0.32237  -0.143442  -0.06817  -0.143442  0.289496  0.0949823  -0.06817  0.0949823  0.164204
0.322362  -0.143433  -0.0681495  -0.143433  0.289484  0.0949666  -0.0681495  0.0949666  0.164195
0.322346  -0.143427  -0.0681469  -0.143427  0.289496  0.0949741  -0.0681469  0.0949741  0.164199
0.322346  -0.143427  -0.0681469  -0.143427  0.289496  0.0949741  -0.0681469  0.0949741  0.164199
0.322346  -0.143427  -0.0681469  -0.143427  0.289496  0.0949741  -0.0681469  0.0949741  0.164199
0.322346  -0.143427  -0.0681469  -0.143427  0.289496  0.0949741  -0.0681469  0.0949741  0.164199
0.322346  -0.143427  -0.0681469  -0.143427  0.289496  0.0949741  -0.0681469  0.0949741  0.164199
0.322346  -0.143427  -0.0681469  -0.143427  0.289496  0.0949741  -0.0681469  0.0949741  0.164199
0.322346  -0.143427  -0.0681469  -0.143427  0.289496  0.0949741  -0.0681469  0.0949741  0.164199
0.322346  -0.143427  -0.0681469  -0.143427  0.289496  0.0949741  -0.0681469  0.0949741  0.164199
0.322346  -0.143427  -0.0681469  -0.143427  0.289496  0.0949741  -0.0681469  0.0949741  0.164199
0.322346  -0.143427  -0.0681469  -0.143427  0.289496  0.0949741  -0.0681469  0.0949741  0.164199
0.322346  -0.143427  -0.0681469  -0.143427  0.289496  0.0949741  -0.0681469  0.0949741  0.164199
0.322346  -0.143427  -0.0681469  -0.143427  0.289496  0.0949741  -0.0681469  0.0949741  0.164199
0.322339  -0.143418  -0.0681264  -0.143418  0.289484  0.0949584  -0.0681264  0.0949584  0.164191
0.322339  -0.143418  -0.0681264  -0.143418  0.289484  0.0949584  -0.0681264  0.0949584  0.164191
0.322339  -0.143418  -0.0681264  -0.143418  0.289484  0.0949584  -0.0681264  0.0949584  0.164191
0.322339  -0.143418  -0.0681264  -0.143418  0.289484  0.0949584  -0.0681264  0.0949584  0.164191
0.322339  -0.143418  -0.0681264  -0.143418  0.289484  0.0949584  -0.0681264  0.0949584  0.164191
0.322339  -0.143418  -0.0681264  -0.143418  0.289484  0.0949584  -0.0681264  0.0949584  0.164191
0.322339  -0.143418  -0.0681264  -0.143418  0.289484  0.0949584  -0.0681264  0.0949584  0.164191
0.322339  -0.143418  -0.0681264  -0.143418  0.289484  0.0949584  -0.0681264  0.0949584  0.164191
0.322346  -0.143427  -0.0681469  -0.143427  0.289496  0.0949741  -0.0681469  0.0949741  0.164199
0.322346  -0.143427  -0.0681469  -0.143427  0.289496  0.0949741  -0.0681469  0.0949741  0.164199
0.322346  -0.143427  -0.0681469  -0.143427  0.289496  0.0949741  -0.0681469  0.0949741  0.164199
0.322346  -0.143427  -0.0681469  -0.143427  0.289496  0.0949741  -0.0681469  0.0949741  0.164199
0.322346  -0.143427  -0.0681469  -0.143427  0.289496  0.0949741  -0.0681469  0.0949741  0.164199
0.322346  -0.143427  -0.0681469  -0.143427  0.289496  0.0949741  -0.0681469  0.0949741  0.164199
0.322346  -0.143427  -0.0681469  -0.143427  0.289496  0.0949741  -0.0681469  0.0949741  0.164199
0.322346  -0.143427  -0.0681469  -0.143427  0.289496  0.0949741  -0.0681469  0.0949741  0.164199
0.322346  -0.143427  -0.0681469  -0.143427  0.289496  0.0949741  -0.0681469  0.0949741  0.164199
0.322346  -0.143427  -0.0681469  -0.143427  0.289496  0.0949741  -0.0681469  0.0949741  0.164199
0.322339  -0.143418  -0.0681264  -0.143418  0.289484  0.0949584  -0.0681264  0.0949584  0.164191
0.322339  -0.143418  -0.0681264  -0.143418  0.289484  0.0949584  -0.0681264  0.0949584  0.164191
0.322346  -0.143427  -0.0681469  -0.143427  0.289496  0.0949741  -0.0681469  0.0949741  0.164199
0.322346  -0.143427  -0.0681469  -0.143427  0.289496  0.0949741  -0.0681469  0.0949741  0.164199
0.322346  -0.143427  -0.0681469  -0.143427  0.289496  0.0949741  -0.0681469  0.0949741  0.164199
0.322346  -0.143427  -0.0681469  -0.143427  0.289496  0.0949741  -0.0681469  0.0949741  0.164199
0.32233  -0.143421  -0.0681443  -0.143421  0.289509  0.0949817  -0.0681443  0.0949817  0.164203
0.32233  -0.143421  -0.0681443  -0.143421  0.289509  0.0949817  -0.0681443  0.0949817  0.164203
0.322338  -0.14343  -0.0681648  -0.14343  0.289521  0.0949974  -0.0681648  0.0949974  0.164212
0.322338  -0.14343  -0.0681648  -0.14343  0.289521  0.0949974  -0.0681648  0.0949974  0.164212
0.322338  -0.14343  -0.0681648  -0.14343  0.289521  0.0949974  -0.0681648  0.0949974  0.164212
0.322338  -0.14343  -0.0681648  -0.14343  0.289521  0.0949974  -0.0681648  0.0949974  0.164212
0.322338  -0.14343  -0.0681648  -0.14343  0.289521  0.0949974  -0.0681648  0.0949974  0.164212
0.322322  -0.143424  -0.0681622  -0.143424  0.289534  0.095005  -0.0681622  0.095005  0.164216
0.322322  -0.143424  -0.0681622  -0.143424  0.289534  0.095005  -0.0681622  0.095005  0.164216
0.322322  -0.143424  -0.0681622  -0.143424  0.289534  0.095005  -0.0681622  0.095005  0.164216
0.322322  -0.143424  -0.0681622  -0.143424  0.289534  0.095005  -0.0681622  0.095005  0.164216
0.322314  -0.143427  -0.0681801  -0.143427  0.289558  0.0950283  -0.0681801  0.0950283  0.164229
0.322314  -0.143427  -0.0681801  -0.143427  0.289558  0.0950283  -0.0681801  0.0950283  0.164229
0.322314  -0.143427  -0.0681801  -0.143427  0.289558  0.0950283  -0.0681801  0.0950283  0.164229
0.322314  -0.143427  -0.0681801  -0.143427  0.289558  0.0950283  -0.0681801  0.0950283  0.164229
0.322298  -0.143421  -0.0681775  -0.143421  0.289571  0.0950358  -0.0681775  0.0950358  0.164233
0.322298  -0.143421  -0.0681775  -0.143421  0.289571  0.0950358  -0.0681775  0.0950358  0.164233
0.322298  -0.143421  -0.0681775  -0.143421  0.289571  0.0950358  -0.0681775  0.0950358  0.164233
0.322298  -0.143421  -0.0681775  -0.143421  0.289571  0.0950358  -0.0681775  0.0950358  0.164233
0.322298  -0.143421  -0.0681775  -0.143421  0.289571  0.0950358  -0.0681775  0.0950358  0.164233
0.322282  -0.143416  -0.0681748  -0.143416  0.289583  0.0950434  -0.0681748  0.0950434  0.164237
0.322282  -0.143416  -0.0681748  -0.143416  0.289583  0.0950434  -0.0681748  0.0950434  0.164237
0.322282  -0.143416  -0.0681748  -0.143416  0.289583  0.0950434  -0.0681748  0.0950434  0.164237
0.322282  -0.143416  -0.0681748  -0.143416  0.289583  0.0950434  -0.0681748  0.0950434  0.164237
0.322274  -0.143392  -0.068179  -0.143392  0.289555  0.0950356  -0.068179  0.0950356  0.164238
0.322258  -0.143386  -0.0681763  -0.143386  0.289567  0.0950432  -0.0681763  0.0950432  0.164242
0.322258  -0.143386  -0.0681763  -0.143386  0.289567  0.0950432  -0.0681763  0.0950432  0.164242
0.322258  -0.143386  -0.0681763  -0.143386  0.289567  0.0950432  -0.0681763  0.0950432  0.164242
0.322258  -0.143386  -0.0681763  -0.143386  0.289567  0.0950432  -0.0681763  0.0950432  0.164242
0.322242  -0.14338  -0.0681737  -0.14338  0.28958  0.0950507  -0.0681737  0.0950507  0.164246
0.322242  -0.14338  -0.0681737  -0.14338  0.28958  0.0950507  -0.0681737  0.0950507  0.164246
0.322242  -0.14338  -0.0681737  -0.14338  0.28958  0.0950507  -0.0681737  0.0950507  0.164246
0.322242  -0.14338  -0.0681737  -0.14338  0.28958  0.0950507  -0.0681737  0.0950507  0.164246
0.322233  -0.143398  -0.068167  -0.143398  0.289621  0.0950661  -0.068167  0.0950661  0.164249
0.322233  -0.143398  -0.068167  -0.143398  0.289621  0.0950661  -0.068167  0.0950661  0.164249
0.322233  -0.143398  -0.068167  -0.143398  0.289621  0.0950661  -0.068167  0.0950661  0.164249
0.322233  -0.143398  -0.068167  -0.143398  0.289621  0.0950661  -0.068167  0.0950661  0.164249
0.322233  -0.143398  -0.068167  -0.143398  0.289621  0.0950661  -0.068167  0.0950661  0.164249
0.322233  -0.143398  -0.068167  -0.143398  0.289621  0.0950661  -0.068167  0.0950661  0.164249
0.322233  -0.143398  -0.068167  -0.143398  0.289621  0.0950661  -0.068167  0.0950661  0.164249
0.322233  -0.143398  -0.068167  -0.143398  0.289621  0.0950661  -0.068167  0.0950661  0.164249
0.322233  -0.143398  -0.068167  -0.143398  0.289621  0.0950661  -0.068167  0.0950661  0.164249
0.322217  -0.143392  -0.0681644  -0.143392  0.289633  0.0950736  -0.0681644  0.0950736  0.164253
0.322217  -0.143392  -0.0681644  -0.143392  0.289633  0.0950736  -0.0681644  0.0950736  0.164253
0.322217  -0.143392  -0.0681644  -0.143392  0.289633  0.0950736  -0.0681644  0.0950736  0.164253
0.322217  -0.143392  -0.0681644  -0.143392  0.289633  0.0950736  -0.0681644  0.0950736  0.164253
0.322217  -0.143392  -0.0681644  -0.143392  0.289633  0.0950736  -0.0681644  0.0950736  0.164253
0.322217  -0.143392  -0.0681644  -0.143392  0.289633  0.0950736  -0.0681644  0.0950736  0.164253
0.322217  -0.143392  -0.0681644  -0.143392  0.289633  0.0950736  -0.0681644  0.0950736  0.164253
0.322217  -0.143392  -0.0681644  -0.143392  0.289633  0.0950736  -0.0681644  0.0950736  0.164253
0.322217  -0.143392  -0.0681644  -0.143392  0.289633  0.0950736  -0.0681644  0.0950736  0.164253
0.322217  -0.143392  -0.0681644  -0.143392  0.289633  0.0950736  -0.0681644  0.0950736  0.164253
0.322209  -0.143383  -0.0681439  -0.143383  0.289621  0.0950579  -0.0681439  0.0950579  0.164244
0.322209  -0.143383  -0.0681439  -0.143383  0.289621  0.0950579  -0.0681439  0.0950579  0.164244
0.322217  -0.143406  -0.0681398  -0.143406  0.289649  0.0950657  -0.0681398  0.0950657  0.164243
0.322217  -0.143406  -0.0681398  -0.143406  0.289649  0.0950657  -0.0681398  0.0950657  0.164243
0.322217  -0.143406  -0.0681398  -0.143406  0.289649  0.0950657  -0.0681398  0.0950657  0.164243
0.322217  -0.143406  -0.0681398  -0.143406  0.289649  0.0950657  -0.0681398  0.0950657  0.164243
0.322217  -0.143406  -0.0681398  -0.143406  0.289649  0.0950657  -0.0681398  0.0950657  0.164243
0.322208  -0.143424  -0.068133  -0.143424  0.28969  0.095081  -0.068133  0.095081  0.164246
0.322208  -0.143424  -0.068133  -0.143424  0.28969  0.095081  -0.068133  0.095081  0.164246
0.322208  -0.143424  -0.068133  -0.143424  0.28969  0.095081  -0.068133  0.095081  0.164246
0.322208  -0.143424  -0.068133  -0.143424  0.28969  0.095081  -0.068133  0.095081  0.164246
0.3222  -0.143415  -0.0681125  -0.143415  0.289678  0.0950653  -0.0681125  0.0950653  0.164237
0.322207  -0.143438  -0.0681084  -0.143438  0.289706  0.095073  -0.0681084  0.095073  0.164236
0.322207  -0.143438  -0.0681084  -0.143438  0.289706  0.095073  -0.0681084  0.095073  0.164236
0.322191  -0.143432  -0.0681058  -0.143432  0.289719  0.0950806  -0.0681058  0.0950806  0.16424
0.322191  -0.143432  -0.0681058  -0.143432  0.289719  0.0950806  -0.0681058  0.0950806  0.16424
0.322191  -0.143432  -0.0681058  -0.143432  0.289719  0.0950806  -0.0681058  0.0950806  0.16424
0.322199  -0.143456  -0.0681017  -0.143456  0.289747  0.0950884  -0.0681017  0.0950884  0.164238
0.322191  -0.143447  -0.0680812  -0.143447  0.289735  0.0950726  -0.0680812  0.0950726  0.16423
0.322191  -0.143447  -0.0680812  -0.143447  0.289735  0.0950726  -0.0680812  0.0950726  0.16423
0.322191  -0.143447  -0.0680812  -0.143447  0.289735  0.0950726  -0.0680812  0.0950726  0.16423
0.322175  -0.143441  -0.0680786  -0.143441  0.289747  0.0950802  -0.0680786  0.0950802  0.164234
0.322175  -0.143441  -0.0680786  -0.143441  0.289747  0.0950802  -0.0680786  0.0950802  0.164234
0.322175  -0.143441  -0.0680786  -0.143441  0.289747  0.0950802  -0.0680786  0.0950802  0.164234
0.322175  -0.143441  -0.0680786  -0.143441  0.289747  0.0950802  -0.0680786  0.0950802  0.164234
0.322175  -0.143441  -0.0680786  -0.143441  0.289747  0.0950802  -0.0680786  0.0950802  0.164234
0.322175  -0.143441  -0.0680786  -0.143441  0.289747  0.0950802  -0.0680786  0.0950802  0.164234
0.322175  -0.143441  -0.0680786  -0.143441  0.289747  0.0950802  -0.0680786  0.0950802  0.164234
0.322175  -0.143441  -0.0680786  -0.143441  0.289747  0.0950802  -0.0680786  0.0950802  0.164234
0.322167  -0.143432  -0.0680581  -0.143432  0.289735  0.0950644  -0.0680581  0.0950644  0.164225
0.322167  -0.143432  -0.0680581  -0.143432  0.289735  0.0950644  -0.0680581  0.0950644  0.164225
0.322167  -0.143432  -0.0680581  -0.143432  0.289735  0.0950644  -0.0680581  0.0950644  0.164225
0.322167  -0.143432  -0.0680581  -0.143432  0.289735  0.0950644  -0.0680581  0.0950644  0.164225
0.322174  -0.143455  -0.068054  -0.143455  0.289763  0.0950722  -0.068054  0.0950722  0.164224
0.322174  -0.143455  -0.068054  -0.143455  0.289763  0.0950722  -0.068054  0.0950722  0.164224
0.322158  -0.143449  -0.0680514  -0.143449  0.289776  0.0950798  -0.0680514  0.0950798  0.164228
0.322166  -0.143473  -0.0680473  -0.143473  0.289804  0.0950876  -0.0680473  0.0950876  0.164226
0.322166  -0.143473  -0.0680473  -0.143473  0.289804  0.0950876  -0.0680473  0.0950876  0.164226
0.322158  -0.143464  -0.0680268  -0.143464  0.289792  0.0950718  -0.0680268  0.0950718  0.164218
0.322165  -0.143487  -0.0680226  -0.143487  0.28982  0.0950796  -0.0680226  0.0950796  0.164216
0.322165  -0.143487  -0.0680226  -0.143487  0.28982  0.0950796  -0.0680226  0.0950796  0.164216
0.322165  -0.143502  -0.067998  -0.143502  0.289836  0.0950716  -0.067998  0.0950716  0.164206
0.322165  -0.143502  -0.067998  -0.143502  0.289836  0.0950716  -0.067998  0.0950716  0.164206
0.322141  -0.143487  -0.067975  -0.143487  0.289836  0.0950634  -0.067975  0.0950634  0.164202
0.322141  -0.143487  -0.067975  -0.143487  0.289836  0.0950634  -0.067975  0.0950634  0.164202
0.32214  -0.143501  -0.0679504  -0.143501  0.289852  0.0950555  -0.0679504  0.0950555  0.164192
0.32214  -0.143501  -0.0679504  -0.143501  0.289852  0.0950555  -0.0679504  0.0950555  0.164192
0.322132  -0.143492  -0.0679299  -0.143492  0.28984  0.0950397  -0.0679299  0.0950397  0.164183
0.322132  -0.143507  -0.0679053  -0.143507  0.289856  0.0950318  -0.0679053  0.0950318  0.164173
0.322116  -0.143501  -0.0679027  -0.143501  0.289868  0.0950393  -0.0679027  0.0950393  0.164177
0.322108  -0.143492  -0.0678822  -0.143492  0.289856  0.0950236  -0.0678822  0.0950236  0.164169
0.322108  -0.143506  -0.0678576  -0.143506  0.289872  0.0950156  -0.0678576  0.0950156  0.164159
0.322108  -0.143506  -0.0678576  -0.143506  0.289872  0.0950156  -0.0678576  0.0950156  0.164159
0.322092  -0.143489  -0.0678167  -0.143489  0.289847  0.0949842  -0.0678167  0.0949842  0.164141
0.322092  -0.143489  -0.0678167  -0.143489  0.289847  0.0949842  -0.0678167  0.0949842  0.164141
0.32206  -0.143465  -0.0677732  -0.143465  0.289835  0.0949603  -0.0677732  0.0949603  0.164128
0.322053  -0.143456  -0.0677528  -0.143456  0.289822  0.0949446  -0.0677528  0.0949446  0.16412
0.322053  -0.143456  -0.0677528  -0.143456  0.289822  0.0949446  -0.0677528  0.0949446  0.16412
0.322045  -0.143447  -0.0677324  -0.143447  0.28981  0.0949289  -0.0677324  0.0949289  0.164111
0.322029  -0.143429  -0.0676915  -0.143429  0.289785  0.0948975  -0.0676915  0.0948975  0.164094
0.322029  -0.143429  -0.0676915  -0.143429  0.289785  0.0948975  -0.0676915  0.0948975  0.164094
0.322006  -0.143402  -0.0676302  -0.143402  0.289747  0.0948504  -0.0676302  0.0948504  0.164068
0.322006  -0.143402  -0.0676302  -0.143402  0.289747  0.0948504  -0.0676302  0.0948504  0.164068
0.321982  -0.143387  -0.0676072  -0.143387  0.289747  0.0948422  -0.0676072  0.0948422  0.164063
0.321967  -0.143369  -0.0675664  -0.143369  0.289723  0.0948109  -0.0675664  0.0948109  0.164046
0.321967  -0.143369  -0.0675664  -0.143369  0.289723  0.0948109  -0.0675664  0.0948109  0.164046
0.321959  -0.14336  -0.067546  -0.14336  0.28971  0.0947952  -0.067546  0.0947952  0.164038
0.32192  -0.143328  -0.0674822  -0.143328  0.289685  0.0947557  -0.0674822  0.0947557  0.164016
0.32192  -0.143328  -0.0674822  -0.143328  0.289685  0.0947557  -0.0674822  0.0947557  0.164016
0.321896  -0.143301  -0.0674211  -0.143301  0.289648  0.0947087  -0.0674211  0.0947087  0.163991
0.321896  -0.143301  -0.0674211  -0.143301  0.289648  0.0947087  -0.0674211  0.0947087  0.163991
0.321857  -0.143268  -0.0673574  -0.143268  0.289623  0.0946693  -0.0673574  0.0946693  0.163969
0.321857  -0.143268  -0.0673574  -0.143268  0.289623  0.0946693  -0.0673574  0.0946693  0.163969
0.321818  -0.143235  -0.0672937  -0.143235  0.289598  0.0946299  -0.0672937  0.0946299  0.163948
0.321818  -0.143235  -0.0672937  -0.143235  0.289598  0.0946299  -0.0672937  0.0946299  0.163948
0.321779  -0.143203  -0.0672301  -0.143203  0.289574  0.0945906  -0.0672301  0.0945906  0.163926
0.321771  -0.143194  -0.0672097  -0.143194  0.289561  0.0945749  -0.0672097  0.0945749  0.163918
0.321725  -0.143138  -0.0671503  -0.143138  0.289508  0.0945279  -0.0671503  0.0945279  0.163898
0.321725  -0.143138  -0.0671503  -0.143138  0.289508  0.0945279  -0.0671503  0.0945279  0.163898
0.321678  -0.143096  -0.0670665  -0.143096  0.289471  0.094473  -0.0670665  0.094473  0.163868
0.321678  -0.143096  -0.0670665  -0.143096  0.289471  0.094473  -0.0670665  0.094473  0.163868
0.321631  -0.143055  -0.0669827  -0.143055  0.289434  0.0944182  -0.0669827  0.0944182  0.163838
0.3216  -0.143031  -0.0669396  -0.143031  0.289422  0.0943946  -0.0669396  0.0943946  0.163825
0.3216  -0.143031  -0.0669396  -0.143031  0.289422  0.0943946  -0.0669396  0.0943946  0.163825
0.321523  -0.142952  -0.0668372  -0.142952  0.289356  0.0943241  -0.0668372  0.0943241  0.163793
0.321523  -0.142952  -0.0668372  -0.142952  0.289356  0.0943241  -0.0668372  0.0943241  0.163793
0.321469  -0.142901  -0.0667334  -0.142901  0.289307  0.0942539  -0.0667334  0.0942539  0.163755
0.321469  -0.142901  -0.0667334  -0.142901  0.289307  0.0942539  -0.0667334  0.0942539  0.163755
0.3214  -0.142819  -0.0666136  -0.142819  0.289217  0.0941605  -0.0666136  0.0941605  0.16371
0.3214  -0.142819  -0.0666136  -0.142819  0.289217  0.0941605  -0.0666136  0.0941605  0.16371
0.321361  -0.142787  -0.0665504  -0.142787  0.289193  0.0941215  -0.0665504  0.0941215  0.163689
0.321293  -0.142705  -0.0664308  -0.142705  0.289103  0.0940284  -0.0664308  0.0940284  0.163645
0.321293  -0.142705  -0.0664308  -0.142705  0.289103  0.0940284  -0.0664308  0.0940284  0.163645
0.321208  -0.142617  -0.0663089  -0.142617  0.289026  0.0939429  -0.0663089  0.0939429  0.163604
0.321201  -0.142608  -0.0662887  -0.142608  0.289014  0.0939275  -0.0662887  0.0939275  0.163596
0.321155  -0.142552  -0.0662299  -0.142552  0.288961  0.093881  -0.0662299  0.093881  0.163577
0.321079  -0.142462  -0.0660906  -0.142462  0.288859  0.0937728  -0.0660906  0.0937728  0.163525
0.321079  -0.142462  -0.0660906  -0.142462  0.288859  0.0937728  -0.0660906  0.0937728  0.163525
0.320974  -0.142333  -0.0659332  -0.142333  0.28873  0.0936493  -0.0659332  0.0936493  0.16347
0.320966  -0.142325  -0.0659131  -0.142325  0.288717  0.0936339  -0.0659131  0.0936339  0.163462
0.320921  -0.142269  -0.0658546  -0.142269  0.288665  0.0935877  -0.0658546  0.0935877  0.163442
0.320815  -0.142141  -0.0656976  -0.142141  0.288536  0.0934646  -0.0656976  0.0934646  0.163388
0.320808  -0.142133  -0.0656775  -0.142133  0.288524  0.0934492  -0.0656775  0.0934492  0.16338
0.320711  -0.142002  -0.0655032  -0.142002  0.28837  0.0933036  -0.0655032  0.0933036  0.163314
0.320695  -0.141996  -0.0655008  -0.141996  0.288383  0.0933111  -0.0655008  0.0933111  0.163318
0.320592  -0.141843  -0.0653311  -0.141843  0.288201  0.0931583  -0.0653311  0.0931583  0.163253
0.320561  -0.14182  -0.0652887  -0.14182  0.288189  0.0931352  -0.0652887  0.0931352  0.163242
0.320532  -0.14177  -0.065233  -0.14177  0.288125  0.0930819  -0.065233  0.0930819  0.163219
0.32042  -0.141635  -0.0650572  -0.141635  0.287985  0.0929446  -0.0650572  0.0929446  0.163158
0.320398  -0.14162  -0.0650348  -0.14162  0.287985  0.0929369  -0.0650348  0.0929369  0.163154
0.320302  -0.141491  -0.0648618  -0.141491  0.287832  0.0927924  -0.0648618  0.0927924  0.163089
0.320272  -0.141453  -0.0648438  -0.141453  0.287805  0.0927773  -0.0648438  0.0927773  0.163087
0.320177  -0.141324  -0.0646711  -0.141324  0.287653  0.0926332  -0.0646711  0.0926332  0.163022
0.320154  -0.141309  -0.0646488  -0.141309  0.287653  0.0926256  -0.0646488  0.0926256  0.163019
0.320066  -0.141189  -0.0644963  -0.141189  0.287513  0.092497  -0.0644963  0.092497  0.162963
0.320059  -0.14118  -0.0644765  -0.14118  0.287501  0.0924818  -0.0644765  0.0924818  0.162955
0.319949  -0.141046  -0.0643021  -0.141046  0.287362  0.092346  -0.0643021  0.092346  0.162896
0.319941  -0.141037  -0.0642824  -0.141037  0.28735  0.0923308  -0.0642824  0.0923308  0.162888
0.319824  -0.140894  -0.0640886  -0.140894  0.2872  0.0921802  -0.0640886  0.0921802  0.162821
0.319817  -0.140886  -0.0640689  -0.140886  0.287188  0.0921652  -0.0640689  0.0921652  0.162814
0.319788  -0.140852  -0.0639899  -0.140852  0.28714  0.0921049  -0.0639899  0.0921049  0.162783
0.319701  -0.140732  -0.0638384  -0.140732  0.287001  0.0919774  -0.0638384  0.0919774  0.162728
0.319672  -0.140709  -0.0637967  -0.140709  0.28699  0.0919549  -0.0637967  0.0919549  0.162717
0.3196  -0.14061  -0.0636239  -0.14061  0.286855  0.0918125  -0.0636239  0.0918125  0.16265
0.3196  -0.14061  -0.0636239  -0.14061  0.286855  0.0918125  -0.0636239  0.0918125  0.16265
0.319528  -0.14051  -0.0634513  -0.14051  0.28672  0.0916704  -0.0634513  0.0916704  0.162583
0.319521  -0.140502  -0.0634316  -0.140502  0.286708  0.0916554  -0.0634316  0.0916554  0.162576
0.319441  -0.140419  -0.0632527  -0.140419  0.286614  0.0915285  -0.0632527  0.0915285  0.162512
0.319434  -0.140411  -0.0632331  -0.140411  0.286602  0.0915135  -0.0632331  0.0915135  0.162505
0.31942  -0.140383  -0.0631569  -0.140383  0.286542  0.0914463  -0.0631569  0.0914463  0.162471
0.319355  -0.140306  -0.0629806  -0.140306  0.286436  0.0913122  -0.0629806  0.0913122  0.162404
0.319348  -0.140298  -0.0629611  -0.140298  0.286424  0.0912973  -0.0629611  0.0912973  0.162397
0.319277  -0.140199  -0.0627894  -0.140199  0.28629  0.0911562  -0.0627894  0.0911562  0.162331
0.31927  -0.14019  -0.0627699  -0.14019  0.286278  0.0911414  -0.0627699  0.0911414  0.162324
0.319221  -0.14012  -0.0625964  -0.14012  0.28616  0.0910003  -0.0625964  0.0910003  0.162254
0.319214  -0.140111  -0.0625769  -0.140111  0.286148  0.0909855  -0.0625769  0.0909855  0.162247
0.319164  -0.140041  -0.0624036  -0.140041  0.286029  0.0908447  -0.0624036  0.0908447  0.162177
0.319157  -0.140032  -0.0623841  -0.140032  0.286018  0.0908299  -0.0623841  0.0908299  0.16217
0.319101  -0.139954  -0.0621916  -0.139954  0.285888  0.0906746  -0.0621916  0.0906746  0.162093
0.319094  -0.139945  -0.0621722  -0.139945  0.285876  0.0906599  -0.0621722  0.0906599  0.162086
0.319065  -0.139912  -0.0620944  -0.139912  0.285829  0.0906008  -0.0620944  0.0906008  0.162057
0.319023  -0.139864  -0.0619173  -0.139864  0.285739  0.0904679  -0.0619173  0.0904679  0.161988
0.319024  -0.139853  -0.0618806  -0.139853  0.285703  0.0904309  -0.0618806  0.0904309  0.161969
0.31896  -0.139777  -0.0617061  -0.139777  0.285598  0.0902986  -0.0617061  0.0902986  0.161905
0.31896  -0.139777  -0.0617061  -0.139777  0.285598  0.0902986  -0.0617061  0.0902986  0.161905
0.318911  -0.139707  -0.0615339  -0.139707  0.285481  0.090159  -0.0615339  0.090159  0.161838
0.318911  -0.139707  -0.0615339  -0.139707  0.285481  0.090159  -0.0615339  0.090159  0.161838
0.318862  -0.139637  -0.0613619  -0.139637  0.285363  0.0900197  -0.0613619  0.0900197  0.16177
0.318863  -0.139626  -0.0613254  -0.139626  0.285328  0.0899829  -0.0613254  0.0899829  0.161752
0.318835  -0.139578  -0.0612719  -0.139578  0.285265  0.0899319  -0.0612719  0.0899319  0.161732
0.318773  -0.139491  -0.0610617  -0.139491  0.285125  0.0897637  -0.0610617  0.0897637  0.161652
0.318773  -0.139491  -0.0610617  -0.139491  0.285125  0.0897637  -0.0610617  0.0897637  0.161652
0.318702  -0.139408  -0.060869  -0.139408  0.285009  0.089618  -0.060869  0.089618  0.161583
0.318688  -0.139391  -0.0608305  -0.139391  0.284986  0.0895889  -0.0608305  0.0895889  0.161569
0.318633  -0.139299  -0.060664  -0.139299  0.284842  0.0894435  -0.060664  0.0894435  0.161504
0.318633  -0.139299  -0.060664  -0.139299  0.284842  0.0894435  -0.060664  0.0894435  0.161504
0.318557  -0.139193  -0.0604764  -0.139193  0.284699  0.0892915  -0.0604764  0.0892915  0.161437
0.31855  -0.139185  -0.0604572  -0.139185  0.284688  0.089277  -0.0604572  0.089277  0.161431
0.318487  -0.13911  -0.0602847  -0.13911  0.284584  0.0891467  -0.0602847  0.0891467  0.16137
0.318473  -0.139094  -0.0602463  -0.139094  0.284561  0.0891178  -0.0602463  0.0891178  0.161356
0.318461  -0.139052  -0.0601954  -0.139052  0.284487  0.0890599  -0.0601954  0.0890599  0.161333
0.318398  -0.138977  -0.0600232  -0.138977  0.284383  0.0889301  -0.0600232  0.0889301  0.161273
0.318392  -0.138955  -0.0600278  -0.138955  0.284356  0.0889231  -0.0600278  0.0889231  0.161274
0.318329  -0.13888  -0.0598558  -0.13888  0.284253  0.0887935  -0.0598558  0.0887935  0.161214
0.318337  -0.138877  -0.0598387  -0.138877  0.284229  0.0887715  -0.0598387  0.0887715  0.161203
0.318268  -0.138781  -0.0596716  -0.138781  0.284099  0.0886352  -0.0596716  0.0886352  0.161145
