0.304975  -0.130285  -0.0520886  -0.130285  0.289916  0.0902456  -0.0520886  0.0902456  0.163071
0.304975  -0.130285  -0.0520886  -0.130285  0.289916  0.0902456  -0.0520886  0.0902456  0.163071
0.304975  -0.130285  -0.0520886  -0.130285  0.289916  0.0902456  -0.0520886  0.0902456  0.163071
0.304995  -0.129598  -0.0524132  -0.129598  0.288771  0.0899584  -0.0524132  0.0899584  0.163077
0.3049  -0.129036  -0.0524479  -0.129036  0.287983  0.0896813  -0.0524479  0.0896813  0.163061
0.304896  -0.128988  -0.0524259  -0.128988  0.287898  0.0896341  -0.0524259  0.0896341  0.163049
0.304723  -0.128121  -0.0519147  -0.128121  0.286515  0.0888091  -0.0519147  0.0888091  0.162838
0.304695  -0.128004  -0.0518888  -0.128004  0.286356  0.0887366  -0.0518888  0.0887366  0.162828
0.304443  -0.126784  -0.0517427  -0.126784  0.284687  0.0880314  -0.0517427  0.0880314  0.162747
0.304218  -0.125967  -0.0513116  -0.125967  0.283562  0.0873783  -0.0513116  0.0873783  0.16261
0.304197  -0.125903  -0.0512551  -0.125903  0.283473  0.0873143  -0.0512551  0.0873143  0.162594
0.303902  -0.124835  -0.0505728  -0.124835  0.281975  0.0863829  -0.0505728  0.0863829  0.162384
0.303879  -0.12474  -0.050543  -0.12474  0.281848  0.0863193  -0.050543  0.0863193  0.162374
0.303565  -0.123309  -0.050197  -0.123309  0.279929  0.0854071  -0.050197  0.0854071  0.162249
0.303342  -0.122471  -0.0497032  -0.122471  0.278786  0.0847118  -0.0497032  0.0847118  0.162108
0.303318  -0.122385  -0.0496369  -0.122385  0.278667  0.0846318  -0.0496369  0.0846318  0.16209
0.302965  -0.121004  -0.0491232  -0.121004  0.276902  0.0837011  -0.0491232  0.0837011  0.161958
0.302942  -0.120894  -0.0490994  -0.120894  0.276759  0.0836336  -0.0490994  0.0836336  0.16195
0.302589  -0.119449  -0.0486469  -0.119449  0.27495  0.0827164  -0.0486469  0.0827164  0.161842
0.302367  -0.118617  -0.0480525  -0.118617  0.273838  0.0819821  -0.0480525  0.0819821  0.161697
0.302345  -0.118523  -0.0480088  -0.118523  0.273713  0.0819109  -0.0480088  0.0819109  0.161686
0.302068  -0.117121  -0.0475977  -0.117121  0.271882  0.0809812  -0.0475977  0.0809812  0.16157
0.302047  -0.117015  -0.0475749  -0.117015  0.271747  0.0809164  -0.0475749  0.0809164  0.161563
0.301781  -0.115731  -0.0469417  -0.115731  0.270031  0.0799133  -0.0469417  0.0799133  0.161402
0.301613  -0.114965  -0.0463805  -0.114965  0.268973  0.0792076  -0.0463805  0.0792076  0.161268
0.301597  -0.114879  -0.0463537  -0.114879  0.268864  0.0791505  -0.0463537  0.0791505  0.161261
0.301412  -0.113757  -0.0460015  -0.113757  0.267372  0.0783683  -0.0460015  0.0783683  0.161162
0.301399  -0.113689  -0.0459702  -0.113689  0.267285  0.0783179  -0.0459702  0.0783179  0.161156
0.30124  -0.112856  -0.0453797  -0.112856  0.266121  0.0775497  -0.0453797  0.0775497  0.161017
0.301147  -0.112292  -0.0450171  -0.112292  0.265322  0.07704  -0.0450171  0.07704  0.160927
0.301144  -0.112234  -0.0450025  -0.112234  0.265233  0.0769943  -0.0450025  0.0769943  0.160919
0.301043  -0.111475  -0.0447014  -0.111475  0.264179  0.0764055  -0.0447014  0.0764055  0.160833
0.301033  -0.111426  -0.0446661  -0.111426  0.264115  0.0763625  -0.0446661  0.0763625  0.160827
0.300961  -0.110953  -0.044144  -0.110953  0.263361  0.0757879  -0.044144  0.0757879  0.160701
0.300932  -0.110594  -0.0439643  -0.110594  0.262811  0.0754624  -0.0439643  0.0754624  0.160641
0.300926  -0.110555  -0.043959  -0.110555  0.262764  0.0754407  -0.043959  0.0754407  0.16064
0.300915  -0.11016  -0.0436864  -0.11016  0.262081  0.0750046  -0.0436864  0.0750046  0.160543
0.300915  -0.110137  -0.0436626  -0.110137  0.262033  0.0749715  -0.0436626  0.0749715  0.160534
0.30092  -0.109914  -0.0432943  -0.109914  0.261542  0.0745696  -0.0432943  0.0745696  0.160423
0.300947  -0.109685  -0.0432484  -0.109685  0.261108  0.0743457  -0.0432484  0.0743457  0.160369
0.30095  -0.109667  -0.0432394  -0.109667  0.261069  0.074323  -0.0432394  0.074323  0.160363
0.301017  -0.109652  -0.0429653  -0.109652  0.260776  0.0740379  -0.0429653  0.0740379  0.16025
0.301024  -0.109667  -0.0429468  -0.109667  0.260775  0.0740264  -0.0429468  0.0740264  0.160242
0.301122  -0.109685  -0.0428113  -0.109685  0.260511  0.0738132  -0.0428113  0.0738132  0.160142
0.3012  -0.10971  -0.0427931  -0.10971  0.26035  0.0737098  -0.0427931  0.0737098  0.160083
0.301209  -0.10973  -0.0427893  -0.10973  0.260357  0.0737084  -0.0427893  0.0737084  0.160078
0.301335  -0.110008  -0.0425474  -0.110008  0.260384  0.0735638  -0.0425474  0.0735638  0.159962
0.301342  -0.110023  -0.0425288  -0.110023  0.260383  0.0735523  -0.0425288  0.0735523  0.159955
0.301481  -0.110153  -0.0425554  -0.110153  0.260259  0.0734696  -0.0425554  0.0734696  0.159875
0.30157  -0.110299  -0.042517  -0.110299  0.260253  0.0734217  -0.042517  0.0734217  0.159818
0.301587  -0.110334  -0.0424945  -0.110334  0.260259  0.0734088  -0.0424945  0.0734088  0.159805
0.301714  -0.110609  -0.0423622  -0.110609  0.260329  0.0733367  -0.0423622  0.0733367  0.159716
0.30173  -0.110632  -0.0423591  -0.110632  0.260324  0.0733282  -0.0423591  0.0733282  0.159706
0.301872  -0.110811  -0.0424328  -0.110811  0.260295  0.0733105  -0.0424328  0.0733105  0.159643
0.301971  -0.111034  -0.0423404  -0.111034  0.260372  0.0732694  -0.0423404  0.0732694  0.159578
0.30199  -0.111074  -0.0423325  -0.111074  0.260386  0.0732665  -0.0423325  0.0732665  0.159568
0.302124  -0.111331  -0.0423163  -0.111331  0.260468  0.0732549  -0.0423163  0.0732549  0.159501
0.302136  -0.111357  -0.0423271  -0.111357  0.260483  0.0732636  -0.0423271  0.0732636  0.159498
0.302272  -0.111578  -0.0423698  -0.111578  0.26053  0.073266  -0.0423698  0.073266  0.159439
0.302373  -0.111773  -0.0423013  -0.111773  0.260577  0.0732235  -0.0423013  0.0732235  0.159379
0.302375  -0.111791  -0.0422964  -0.111791  0.260597  0.073229  -0.0422964  0.073229  0.159378
0.302509  -0.111967  -0.0423684  -0.111967  0.260594  0.073225  -0.0423684  0.073225  0.159324
0.302517  -0.11197  -0.0423693  -0.11197  0.260582  0.073218  -0.0423693  0.073218  0.159319
0.302629  -0.112173  -0.0423162  -0.112173  0.260626  0.0731785  -0.0423162  0.0731785  0.159256
0.302694  -0.112305  -0.0422584  -0.112305  0.260664  0.0731473  -0.0422584  0.0731473  0.159216
0.302694  -0.112305  -0.0422584  -0.112305  0.260664  0.0731473  -0.0422584  0.0731473  0.159216
0.302776  -0.11237  -0.0423207  -0.11237  0.260607  0.0731305  -0.0423207  0.0731305  0.159184
0.302783  -0.112373  -0.0423215  -0.112373  0.260595  0.0731235  -0.0423215  0.0731235  0.159179
0.302841  -0.11249  -0.0422189  -0.11249  0.260609  0.0730615  -0.0422189  0.0730615  0.159132
0.302872  -0.112502  -0.0422222  -0.112502  0.26056  0.0730335  -0.0422222  0.0730335  0.159114
0.30288  -0.112505  -0.042223  -0.112505  0.260548  0.0730265  -0.042223  0.0730265  0.15911
0.302908  -0.112499  -0.0422312  -0.112499  0.26048  0.0729929  -0.0422312  0.0729929  0.159093
0.30291  -0.112517  -0.0422263  -0.112517  0.2605  0.0729984  -0.0422263  0.0729984  0.159092
0.30292  -0.112537  -0.0421587  -0.112537  0.260483  0.0729544  -0.0421587  0.0729544  0.159073
0.302921  -0.112475  -0.0421938  -0.112475  0.2604  0.0729358  -0.0421938  0.0729358  0.159073
0.302921  -0.112475  -0.0421938  -0.112475  0.2604  0.0729358  -0.0421938  0.0729358  0.159073
0.302918  -0.112457  -0.0421351  -0.112457  0.260356  0.072888  -0.0421351  0.072888  0.15906
0.302918  -0.112457  -0.0421351  -0.112457  0.260356  0.072888  -0.0421351  0.072888  0.15906
0.302897  -0.112392  -0.042119  -0.112392  0.260292  0.0728583  -0.042119  0.0728583  0.159063
0.30288  -0.112319  -0.0421376  -0.112319  0.260225  0.0728436  -0.0421376  0.0728436  0.15907
0.302869  -0.112311  -0.0421219  -0.112311  0.260229  0.0728404  -0.0421219  0.0728404  0.159072
0.302838  -0.112262  -0.0420508  -0.112262  0.260194  0.0727981  -0.0420508  0.0727981  0.159071
0.302836  -0.112256  -0.0420359  -0.112256  0.260186  0.0727879  -0.0420359  0.0727879  0.159069
0.302798  -0.112143  -0.0420626  -0.112143  0.260104  0.0727763  -0.0420626  0.0727763  0.159086
0.30277  -0.112087  -0.0420261  -0.112087  0.260065  0.072749  -0.0420261  0.072749  0.15909
0.302762  -0.112084  -0.0420253  -0.112084  0.260077  0.072756  -0.0420253  0.072756  0.159095
0.302722  -0.112015  -0.0419583  -0.112015  0.260034  0.0727154  -0.0419583  0.0727154  0.159099
0.302719  -0.11201  -0.0419435  -0.11201  0.260026  0.0727053  -0.0419435  0.0727053  0.159097
0.302677  -0.111911  -0.0419645  -0.111911  0.259976  0.0727062  -0.0419645  0.0727062  0.159118
0.302644  -0.11187  -0.0419225  -0.11187  0.259969  0.0726913  -0.0419225  0.0726913  0.159126
0.302641  -0.111865  -0.0419077  -0.111865  0.259961  0.0726812  -0.0419077  0.0726812  0.159124
0.302604  -0.111813  -0.0418993  -0.111813  0.259962  0.0726882  -0.0418993  0.0726882  0.159142
0.302602  -0.111796  -0.0419042  -0.111796  0.259942  0.0726828  -0.0419042  0.0726828  0.159142
0.302572  -0.111747  -0.0418966  -0.111747  0.259931  0.0726828  -0.0418966  0.0726828  0.159155
0.302554  -0.111749  -0.0418605  -0.111749  0.25996  0.072682  -0.0418605  0.072682  0.159159
0.302547  -0.111746  -0.0418597  -0.111746  0.259972  0.072689  -0.0418597  0.072689  0.159164
0.302519  -0.11169  -0.0418866  -0.11169  0.259957  0.0727038  -0.0418866  0.0727038  0.159181
0.302519  -0.11169  -0.0418866  -0.11169  0.259957  0.0727038  -0.0418866  0.0727038  0.159181
0.30249  -0.111666  -0.0418398  -0.111666  0.25997  0.0726945  -0.0418398  0.0726945  0.159189
0.30248  -0.111658  -0.0418242  -0.111658  0.259974  0.0726914  -0.0418242  0.0726914  0.159191
0.302472  -0.111655  -0.0418234  -0.111655  0.259986  0.0726984  -0.0418234  0.0726984  0.159196
0.302455  -0.111632  -0.0418266  -0.111632  0.25999  0.0727069  -0.0418266  0.0727069  0.159205
0.302455  -0.111632  -0.0418266  -0.111632  0.25999  0.0727069  -0.0418266  0.0727069  0.159205
0.302427  -0.111625  -0.041775  -0.111625  0.260023  0.072703  -0.041775  0.072703  0.159212
0.302418  -0.111605  -0.041779  -0.111605  0.260015  0.0727046  -0.041779  0.0727046  0.159217
0.302418  -0.111605  -0.041779  -0.111605  0.260015  0.0727046  -0.041779  0.0727046  0.159217
0.302403  -0.111611  -0.0417578  -0.111611  0.260051  0.0727139  -0.0417578  0.0727139  0.159224
0.302403  -0.111611  -0.0417578  -0.111611  0.260051  0.0727139  -0.0417578  0.0727139  0.159224
0.302388  -0.111618  -0.0417365  -0.111618  0.260087  0.0727232  -0.0417365  0.0727232  0.15923
0.302383  -0.11162  -0.0417505  -0.11162  0.260107  0.0727403  -0.0417505  0.0727403  0.159236
0.302383  -0.11162  -0.0417505  -0.11162  0.260107  0.0727403  -0.0417505  0.0727403  0.159236
0.302372  -0.111661  -0.0417195  -0.111661  0.260183  0.0727605  -0.0417195  0.0727605  0.159242
0.302372  -0.111661  -0.0417195  -0.111661  0.260183  0.0727605  -0.0417195  0.0727605  0.159242
0.30237  -0.11168  -0.0417286  -0.11168  0.260222  0.072783  -0.0417286  0.072783  0.159247
0.302367  -0.1117  -0.0417377  -0.1117  0.260262  0.0728055  -0.0417377  0.0728055  0.159253
0.302367  -0.1117  -0.0417377  -0.1117  0.260262  0.0728055  -0.0417377  0.0728055  0.159253
0.302372  -0.111746  -0.0417084  -0.111746  0.260313  0.0728117  -0.0417084  0.0728117  0.159249
0.302372  -0.111746  -0.0417084  -0.111746  0.260313  0.0728117  -0.0417084  0.0728117  0.159249
0.302369  -0.111754  -0.0417371  -0.111754  0.260341  0.0728389  -0.0417371  0.0728389  0.159258
0.302362  -0.111763  -0.0417167  -0.111763  0.260365  0.0728412  -0.0417167  0.0728412  0.15926
0.302362  -0.111763  -0.0417167  -0.111763  0.260365  0.0728412  -0.0417167  0.0728412  0.15926
0.302354  -0.111772  -0.0416962  -0.111772  0.260389  0.0728436  -0.0416962  0.0728436  0.159262
0.302349  -0.111774  -0.0417102  -0.111774  0.260409  0.0728607  -0.0417102  0.0728607  0.159268
0.302349  -0.111774  -0.0417102  -0.111774  0.260409  0.0728607  -0.0417102  0.0728607  0.159268
0.302339  -0.111778  -0.0416749  -0.111778  0.260425  0.0728529  -0.0416749  0.0728529  0.159268
0.302339  -0.111778  -0.0416749  -0.111778  0.260425  0.0728529  -0.0416749  0.0728529  0.159268
0.30232  -0.111738  -0.041683  -0.111738  0.26041  0.072856  -0.041683  0.072856  0.159278
0.302305  -0.111732  -0.0416814  -0.111732  0.260434  0.07287  -0.0416814  0.07287  0.159287
0.302302  -0.111727  -0.0416666  -0.111727  0.260426  0.0728599  -0.0416666  0.0728599  0.159285
0.302278  -0.111713  -0.0416494  -0.111713  0.260455  0.0728708  -0.0416494  0.0728708  0.159297
0.302278  -0.111713  -0.0416494  -0.111713  0.260455  0.0728708  -0.0416494  0.0728708  0.159297
0.302251  -0.11167  -0.0416567  -0.11167  0.260452  0.0728809  -0.0416567  0.0728809  0.159312
0.302234  -0.111659  -0.0416403  -0.111659  0.260468  0.0728848  -0.0416403  0.0728848  0.159319
0.302234  -0.111659  -0.0416403  -0.111659  0.260468  0.0728848  -0.0416403  0.0728848  0.159319
0.30221  -0.111633  -0.0416427  -0.111633  0.260485  0.0729004  -0.0416427  0.0729004  0.159333
0.302202  -0.11163  -0.0416418  -0.11163  0.260497  0.0729074  -0.0416418  0.0729074  0.159338
0.302178  -0.111604  -0.0416442  -0.111604  0.260513  0.0729229  -0.0416442  0.0729229  0.159352
0.302154  -0.11159  -0.041627  -0.11159  0.260542  0.0729338  -0.041627  0.0729338  0.159363
0.302154  -0.11159  -0.041627  -0.11159  0.260542  0.0729338  -0.041627  0.0729338  0.159363
0.302127  -0.111583  -0.0416384  -0.111583  0.260598  0.0729719  -0.0416384  0.0729719  0.159383
0.302119  -0.11158  -0.0416376  -0.11158  0.26061  0.0729789  -0.0416376  0.0729789  0.159388
0.30209  -0.111581  -0.0416147  -0.111581  0.26067  0.0730022  -0.0416147  0.0730022  0.159403
0.302068  -0.111572  -0.0416122  -0.111572  0.260707  0.0730232  -0.0416122  0.0730232  0.159417
0.302068  -0.111572  -0.0416122  -0.111572  0.260707  0.0730232  -0.0416122  0.0730232  0.159417
0.302044  -0.111583  -0.0416187  -0.111583  0.260783  0.0730667  -0.0416187  0.0730667  0.159436
0.302044  -0.111583  -0.0416187  -0.111583  0.260783  0.0730667  -0.0416187  0.0730667  0.159436
0.302017  -0.1116  -0.0415909  -0.1116  0.260863  0.0730954  -0.0415909  0.0730954  0.159451
0.302017  -0.1116  -0.0415909  -0.1116  0.260863  0.0730954  -0.0415909  0.0730954  0.159451
0.301992  -0.111611  -0.0415974  -0.111611  0.260939  0.073139  -0.0415974  0.073139  0.159471
0.301985  -0.111608  -0.0415965  -0.111608  0.260951  0.073146  -0.0415965  0.073146  0.159475
0.301958  -0.111625  -0.0415687  -0.111625  0.261031  0.0731747  -0.0415687  0.0731747  0.15949
0.301936  -0.111616  -0.0415662  -0.111616  0.261067  0.0731957  -0.0415662  0.0731957  0.159504
0.301936  -0.111616  -0.0415662  -0.111616  0.261067  0.0731957  -0.0415662  0.0731957  0.159504
0.301909  -0.111634  -0.0415384  -0.111634  0.261147  0.0732245  -0.0415384  0.0732245  0.159519
0.301909  -0.111634  -0.0415384  -0.111634  0.261147  0.0732245  -0.0415384  0.0732245  0.159519
0.301883  -0.111651  -0.0415105  -0.111651  0.261228  0.0732533  -0.0415105  0.0732533  0.159533
0.301861  -0.111655  -0.0414884  -0.111655  0.261276  0.0732696  -0.0414884  0.0732696  0.159544
0.301861  -0.111655  -0.0414884  -0.111655  0.261276  0.0732696  -0.0414884  0.0732696  0.159544
0.301839  -0.11167  -0.0414467  -0.11167  0.261336  0.0732813  -0.0414467  0.0732813  0.159553
0.301829  -0.111662  -0.0414312  -0.111662  0.26134  0.0732782  -0.0414312  0.0732782  0.159555
0.301805  -0.11166  -0.0413944  -0.11166  0.26138  0.0732844  -0.0413944  0.0732844  0.159565
0.301791  -0.111666  -0.0413731  -0.111666  0.261417  0.0732938  -0.0413731  0.0732938  0.159571
0.301782  -0.111658  -0.0413576  -0.111658  0.261421  0.0732907  -0.0413576  0.0732907  0.159574
0.301758  -0.111669  -0.0413012  -0.111669  0.261473  0.0732923  -0.0413012  0.0732923  0.15958
0.301758  -0.111669  -0.0413012  -0.111669  0.261473  0.0732923  -0.0413012  0.0732923  0.15958
0.301722  -0.111642  -0.0412538  -0.111642  0.261498  0.07329  -0.0412538  0.07329  0.159593
0.301701  -0.111633  -0.0411886  -0.111633  0.26151  0.0732691  -0.0411886  0.0732691  0.159594
0.301701  -0.111633  -0.0411886  -0.111633  0.26151  0.0732691  -0.0411886  0.0732691  0.159594
0.301663  -0.111613  -0.0411071  -0.111613  0.261539  0.0732521  -0.0411071  0.0732521  0.159602
0.301663  -0.111613  -0.0411071  -0.111613  0.261539  0.0732521  -0.0411071  0.0732521  0.159602
0.301624  -0.111576  -0.0410306  -0.111576  0.261548  0.0732297  -0.0410306  0.0732297  0.159611
0.301622  -0.111571  -0.041016  -0.111571  0.261541  0.0732197  -0.041016  0.0732197  0.159609
0.301573  -0.111526  -0.0409241  -0.111526  0.261554  0.0731943  -0.0409241  0.0731943  0.15962
0.301571  -0.111521  -0.0409095  -0.111521  0.261546  0.0731843  -0.0409095  0.0731843  0.159619
0.301527  -0.111462  -0.0408234  -0.111462  0.261528  0.0731466  -0.0408234  0.0731466  0.159627
0.301525  -0.111457  -0.0408088  -0.111457  0.26152  0.0731365  -0.0408088  0.0731365  0.159625
0.301477  -0.111388  -0.0406938  -0.111388  0.261486  0.0730789  -0.0406938  0.0730789  0.159629
0.301468  -0.11138  -0.0406784  -0.11138  0.26149  0.0730759  -0.0406784  0.0730759  0.159632
0.301421  -0.1113  -0.040583  -0.1113  0.261444  0.073023  -0.040583  0.073023  0.159639
0.301394  -0.111252  -0.0405135  -0.111252  0.26141  0.0729816  -0.0405135  0.0729816  0.15964
0.301385  -0.111244  -0.0404982  -0.111244  0.261414  0.0729786  -0.0404982  0.0729786  0.159643
0.301332  -0.111136  -0.0403789  -0.111136  0.261333  0.0729006  -0.0403789  0.0729006  0.159647
0.301332  -0.111136  -0.0403789  -0.111136  0.261333  0.0729006  -0.0403789  0.0729006  0.159647
0.301282  -0.111046  -0.0402549  -0.111046  0.261272  0.0728281  -0.0402549  0.0728281  0.159652
0.301243  -0.110969  -0.0401609  -0.110969  0.261215  0.0727688  -0.0401609  0.0727688  0.159655
0.301239  -0.110947  -0.0401514  -0.110947  0.261187  0.0727535  -0.0401514  0.0727535  0.159654
0.301187  -0.11084  -0.0400328  -0.11084  0.261107  0.072676  -0.0400328  0.072676  0.159659
0.301187  -0.11084  -0.0400328  -0.11084  0.261107  0.072676  -0.0400328  0.072676  0.159659
0.301136  -0.110709  -0.0398912  -0.110709  0.26098  0.0725667  -0.0398912  0.0725667  0.159658
0.301128  -0.110701  -0.039876  -0.110701  0.260984  0.0725638  -0.039876  0.0725638  0.159661
0.30108  -0.110564  -0.0397685  -0.110564  0.260853  0.0724692  -0.0397685  0.0724692  0.159663
0.301049  -0.110478  -0.0396953  -0.110478  0.260773  0.072408  -0.0396953  0.072408  0.159665
0.301047  -0.110473  -0.0396809  -0.110473  0.260765  0.0723982  -0.0396809  0.0723982  0.159663
0.301023  -0.110431  -0.0396268  -0.110431  0.260739  0.0723674  -0.0396268  0.0723674  0.159667
0.300974  -0.110301  -0.0394861  -0.110301  0.260613  0.072259  -0.0394861  0.072259  0.159666
0.300946  -0.110209  -0.0393854  -0.110209  0.260505  0.0721717  -0.0393854  0.0721717  0.159661
0.300936  -0.110184  -0.0393752  -0.110184  0.26049  0.0721635  -0.0393752  0.0721635  0.159664
0.300892  -0.110053  -0.0392216  -0.110053  0.260345  0.072039  -0.0392216  0.072039  0.159658
0.300892  -0.110053  -0.0392216  -0.110053  0.260345  0.072039  -0.0392216  0.072039  0.159658
0.300845  -0.109889  -0.0390781  -0.109889  0.260161  0.0719042  -0.0390781  0.0719042  0.159654
0.300842  -0.109867  -0.0390688  -0.109867  0.260135  0.0718892  -0.0390688  0.0718892  0.159653
0.300803  -0.109722  -0.0389215  -0.109722  0.259959  0.0717532  -0.0389215  0.0717532  0.159644
0.3008  -0.109701  -0.0389121  -0.109701  0.259932  0.0717383  -0.0389121  0.0717383  0.159643
0.300762  -0.109556  -0.0387652  -0.109556  0.259757  0.0716027  -0.0387652  0.0716027  0.159635
0.30073  -0.109439  -0.038642  -0.109439  0.259617  0.0714921  -0.038642  0.0714921  0.159628
0.300726  -0.109417  -0.0386328  -0.109417  0.25959  0.0714772  -0.0386328  0.0714772  0.159628
0.300697  -0.109293  -0.0384822  -0.109293  0.259423  0.0713407  -0.0384822  0.0713407  0.159615
0.300694  -0.109271  -0.038473  -0.109271  0.259396  0.0713259  -0.038473  0.0713259  0.159614
0.300655  -0.109123  -0.0383128  -0.109123  0.259215  0.071182  -0.0383128  0.071182  0.159606
0.300634  -0.10903  -0.0382003  -0.10903  0.259091  0.0710802  -0.0382003  0.0710802  0.159596
0.30063  -0.109009  -0.0381911  -0.109009  0.259064  0.0710654  -0.0381911  0.0710654  0.159596
0.300601  -0.108881  -0.0380273  -0.108881  0.258891  0.0709206  -0.0380273  0.0709206  0.159583
0.300597  -0.108859  -0.0380182  -0.108859  0.258864  0.0709059  -0.0380182  0.0709059  0.159582
0.300576  -0.108727  -0.0378885  -0.108727  0.258676  0.0707683  -0.0378885  0.0707683  0.159568
0.300555  -0.108622  -0.0377957  -0.108622  0.25854  0.0706717  -0.0377957  0.0706717  0.159562
0.300553  -0.108618  -0.0377816  -0.108618  0.258533  0.0706622  -0.0377816  0.0706622  0.15956
0.300535  -0.108507  -0.0376614  -0.108507  0.258371  0.07054  -0.0376614  0.07054  0.159547
0.300532  -0.108485  -0.0376523  -0.108485  0.258345  0.0705253  -0.0376523  0.0705253  0.159547
0.300511  -0.108365  -0.0375044  -0.108365  0.258169  0.0703845  -0.0375044  0.0703845  0.159532
0.300498  -0.108281  -0.0374077  -0.108281  0.258041  0.0702869  -0.0374077  0.0702869  0.159521
0.300495  -0.108259  -0.0373986  -0.108259  0.258015  0.0702723  -0.0373986  0.0702723  0.159521
0.300476  -0.108132  -0.037284  -0.108132  0.257836  0.0701458  -0.037284  0.0701458  0.159509
0.300474  -0.108128  -0.0372701  -0.108128  0.257828  0.0701364  -0.0372701  0.0701364  0.159508
0.300456  -0.108001  -0.0371557  -0.108001  0.257649  0.0700102  -0.0371557  0.0700102  0.159496
0.300437  -0.107902  -0.0370777  -0.107902  0.257523  0.0699243  -0.0370777  0.0699243  0.159492
0.300436  -0.107897  -0.0370638  -0.107897  0.257516  0.069915  -0.0370638  0.069915  0.159491
0.300411  -0.107768  -0.0369491  -0.107768  0.257349  0.0697962  -0.0369491  0.0697962  0.159485
0.300411  -0.107768  -0.0369491  -0.107768  0.257349  0.0697962  -0.0369491  0.0697962  0.159485
0.300393  -0.107642  -0.0368352  -0.107642  0.257171  0.0696709  -0.0368352  0.0696709  0.159474
0.300391  -0.107637  -0.0368213  -0.107637  0.257164  0.0696616  -0.0368213  0.0696616  0.159473
0.30037  -0.10753  -0.036716  -0.10753  0.257024  0.0695578  -0.036716  0.0695578  0.159468
0.300369  -0.107525  -0.0367021  -0.107525  0.257017  0.0695485  -0.0367021  0.0695485  0.159467
0.300356  -0.107437  -0.0365926  -0.107437  0.256884  0.0694431  -0.0365926  0.0694431  0.159457
0.30034  -0.107355  -0.0365104  -0.107355  0.256778  0.0693633  -0.0365104  0.0693633  0.159453
0.30034  -0.107355  -0.0365104  -0.107355  0.256778  0.0693633  -0.0365104  0.0693633  0.159453
0.300322  -0.107269  -0.0364144  -0.107269  0.256665  0.0692744  -0.0364144  0.0692744  0.159448
0.300319  -0.107248  -0.0364055  -0.107248  0.256639  0.0692601  -0.0364055  0.0692601  0.159448
0.300298  -0.107164  -0.036323  -0.107164  0.256545  0.0691875  -0.036323  0.0691875  0.159449
0.300296  -0.107159  -0.0363092  -0.107159  0.256538  0.0691783  -0.0363092  0.0691783  0.159448
0.300279  -0.107062  -0.0362322  -0.107062  0.256414  0.0690939  -0.0362322  0.0690939  0.159445
0.300263  -0.107003  -0.0361725  -0.107003  0.256353  0.0690449  -0.0361725  0.0690449  0.159447
0.300261  -0.106999  -0.0361587  -0.106999  0.256346  0.0690357  -0.0361587  0.0690357  0.159447
0.300246  -0.106918  -0.036077  -0.106918  0.256241  0.0689566  -0.036077  0.0689566  0.159443
0.300246  -0.106918  -0.036077  -0.106918  0.256241  0.0689566  -0.036077  0.0689566  0.159443
0.300227  -0.106851  -0.0359899  -0.106851  0.256166  0.0688895  -0.0359899  0.0688895  0.159445
0.300212  -0.106797  -0.0359442  -0.106797  0.256113  0.0688498  -0.0359442  0.0688498  0.159448
0.300212  -0.106797  -0.0359442  -0.106797  0.256113  0.0688498  -0.0359442  0.0688498  0.159448
0.300196  -0.106739  -0.0358848  -0.106739  0.256053  0.0688011  -0.0358848  0.0688011  0.15945
0.300184  -0.106719  -0.0358293  -0.106719  0.256036  0.0687716  -0.0358293  0.0687716  0.159452
0.300184  -0.106719  -0.0358293  -0.106719  0.256036  0.0687716  -0.0358293  0.0687716  0.159452
0.300169  -0.106677  -0.035765  -0.106677  0.255995  0.0687281  -0.035765  0.0687281  0.159455
0.300156  -0.10664  -0.0357145  -0.10664  0.25596  0.0686936  -0.0357145  0.0686936  0.159458
0.300156  -0.10664  -0.0357145  -0.10664  0.25596  0.0686936  -0.0357145  0.0686936  0.159458
0.300142  -0.106611  -0.0356316  -0.106611  0.255929  0.0686461  -0.0356316  0.0686461  0.159459
0.300142  -0.106611  -0.0356316  -0.106611  0.255929  0.0686461  -0.0356316  0.0686461  0.159459
0.300128  -0.106581  -0.0355488  -0.106581  0.255899  0.0685986  -0.0355488  0.0685986  0.159461
0.300118  -0.106565  -0.0355072  -0.106565  0.25589  0.0685783  -0.0355072  0.0685783  0.159464
0.300116  -0.106561  -0.0354935  -0.106561  0.255883  0.0685693  -0.0354935  0.0685693  0.159463
0.300106  -0.106557  -0.0354332  -0.106557  0.255885  0.068545  -0.0354332  0.068545  0.159465
0.300106  -0.106557  -0.0354332  -0.106557  0.255885  0.068545  -0.0354332  0.068545  0.159465
0.300101  -0.106538  -0.0353785  -0.106538  0.255857  0.0685088  -0.0353785  0.0685088  0.159464
0.300099  -0.106534  -0.0353648  -0.106534  0.25585  0.0684998  -0.0353648  0.0684998  0.159463
0.300086  -0.106509  -0.0352959  -0.106509  0.255827  0.0684615  -0.0352959  0.0684615  0.159465
0.300086  -0.106509  -0.0352959  -0.106509  0.255827  0.0684615  -0.0352959  0.0684615  0.159465
0.300079  -0.106487  -0.0352275  -0.106487  0.255792  0.0684164  -0.0352275  0.0684164  0.159463
0.300078  -0.106482  -0.0352139  -0.106482  0.255785  0.0684074  -0.0352139  0.0684074  0.159463
0.300071  -0.10646  -0.0351456  -0.10646  0.25575  0.0683624  -0.0351456  0.0683624  0.159461
0.300065  -0.106442  -0.035091  -0.106442  0.255722  0.0683264  -0.035091  0.0683264  0.159459
0.300062  -0.106421  -0.0350823  -0.106421  0.255696  0.0683124  -0.0350823  0.0683124  0.159459
0.300048  -0.10638  -0.0350186  -0.10638  0.255655  0.0682694  -0.0350186  0.0682694  0.159462
0.300042  -0.106357  -0.0349504  -0.106357  0.25562  0.0682245  -0.0349504  0.0682245  0.15946
0.300042  -0.106357  -0.0349504  -0.106357  0.25562  0.0682245  -0.0349504  0.0682245  0.15946
0.300036  -0.106327  -0.0349145  -0.106327  0.255581  0.0681926  -0.0349145  0.0681926  0.159459
0.300023  -0.106263  -0.0348292  -0.106263  0.255495  0.06812  -0.0348292  0.06812  0.159458
0.300014  -0.10622  -0.0347525  -0.10622  0.255435  0.0680613  -0.0347525  0.0680613  0.159456
0.300012  -0.106216  -0.0347389  -0.106216  0.255428  0.0680524  -0.0347389  0.0680524  0.159456
0.299995  -0.10615  -0.0346533  -0.10615  0.255355  0.0679868  -0.0346533  0.0679868  0.159459
0.299992  -0.106129  -0.0346447  -0.106129  0.255329  0.067973  -0.0346447  0.067973  0.159459
0.299976  -0.106067  -0.0345727  -0.106067  0.255263  0.0679165  -0.0345727  0.0679165  0.159463
0.299961  -0.106022  -0.0344958  -0.106022  0.255215  0.067865  -0.0344958  0.067865  0.159466
0.299961  -0.106022  -0.0344958  -0.106022  0.255215  0.067865  -0.0344958  0.067865  0.159466
0.29994  -0.105935  -0.0344019  -0.105935  0.255117  0.067786  -0.0344019  0.067786  0.15947
0.29994  -0.105935  -0.0344019  -0.105935  0.255117  0.067786  -0.0344019  0.067786  0.15947
0.299919  -0.105856  -0.0342761  -0.105856  0.255024  0.0676943  -0.0342761  0.0676943  0.159473
0.299919  -0.105856  -0.0342761  -0.105856  0.255024  0.0676943  -0.0342761  0.0676943  0.159473
0.299894  -0.105767  -0.0341821  -0.105767  0.254938  0.0676226  -0.0341821  0.0676226  0.159482
0.29988  -0.10571  -0.0341241  -0.10571  0.254879  0.0675754  -0.0341241  0.0675754  0.159486
0.29988  -0.10571  -0.0341241  -0.10571  0.254879  0.0675754  -0.0341241  0.0675754  0.159486
0.299863  -0.105645  -0.0340392  -0.105645  0.254807  0.0675107  -0.0340392  0.0675107  0.15949
0.299861  -0.10564  -0.0340257  -0.10564  0.2548  0.0675019  -0.0340257  0.0675019  0.15949
0.299845  -0.105563  -0.0339594  -0.105563  0.254716  0.0674413  -0.0339594  0.0674413  0.159495
0.299826  -0.10552  -0.0338962  -0.10552  0.254688  0.0674061  -0.0338962  0.0674061  0.159504
0.299825  -0.105516  -0.0338827  -0.105516  0.254681  0.0673973  -0.0338827  0.0673973  0.159504
0.299809  -0.105439  -0.0338166  -0.105439  0.254598  0.0673368  -0.0338166  0.0673368  0.159509
0.299809  -0.105439  -0.0338166  -0.105439  0.254598  0.0673368  -0.0338166  0.0673368  0.159509
0.299787  -0.105371  -0.0337316  -0.105371  0.254538  0.0672794  -0.0337316  0.0672794  0.159518
0.299773  -0.105315  -0.033674  -0.105315  0.25448  0.0672328  -0.033674  0.0672328  0.159523
0.299767  -0.105308  -0.0336602  -0.105308  0.254485  0.0672309  -0.0336602  0.0672309  0.159528
0.299749  -0.105227  -0.0335809  -0.105227  0.254395  0.0671619  -0.0335809  0.0671619  0.159533
0.299749  -0.105227  -0.0335809  -0.105227  0.254395  0.0671619  -0.0335809  0.0671619  0.159533
0.299728  -0.105159  -0.0334962  -0.105159  0.254336  0.0671048  -0.0334962  0.0671048  0.159543
0.299715  -0.105103  -0.0334389  -0.105103  0.254278  0.0670584  -0.0334389  0.0670584  0.159548
0.299713  -0.105087  -0.0334439  -0.105087  0.25426  0.0670536  -0.0334439  0.0670536  0.159549
0.299696  -0.105006  -0.0333648  -0.105006  0.25417  0.0669849  -0.0333648  0.0669849  0.159554
0.299696  -0.105006  -0.0333648  -0.105006  0.25417  0.0669849  -0.0333648  0.0669849  0.159554
0.299679  -0.104925  -0.0332859  -0.104925  0.254081  0.0669165  -0.0332859  0.0669165  0.15956
0.299665  -0.104853  -0.0332337  -0.104853  0.254005  0.0668654  -0.0332337  0.0668654  0.159566
0.299664  -0.104848  -0.0332203  -0.104848  0.253999  0.0668568  -0.0332203  0.0668568  0.159566
0.299646  -0.104752  -0.0331466  -0.104752  0.253892  0.0667837  -0.0331466  0.0667837  0.159572
0.299645  -0.104747  -0.0331332  -0.104747  0.253885  0.066775  -0.0331332  0.066775  0.159572
0.299627  -0.104651  -0.0330596  -0.104651  0.253779  0.0667021  -0.0330596  0.0667021  0.159579
0.299619  -0.104597  -0.033003  -0.104597  0.253709  0.0666493  -0.033003  0.0666493  0.15958
0.299618  -0.104593  -0.0329897  -0.104593  0.253703  0.0666407  -0.0329897  0.0666407  0.15958
0.299599  -0.104492  -0.0329029  -0.104492  0.25359  0.0665594  -0.0329029  0.0665594  0.159587
0.299599  -0.104492  -0.0329029  -0.104492  0.25359  0.0665594  -0.0329029  0.0665594  0.159587
0.299586  -0.104393  -0.0328166  -0.104393  0.253465  0.0664714  -0.0328166  0.0664714  0.159589
0.299586  -0.104393  -0.0328166  -0.104393  0.253465  0.0664714  -0.0328166  0.0664714  0.159589
0.299572  -0.104291  -0.0327172  -0.104291  0.253334  0.066375  -0.0327172  0.066375  0.159592
0.299572  -0.104291  -0.0327172  -0.104291  0.253334  0.066375  -0.0327172  0.066375  0.159592
0.299557  -0.104176  -0.0326362  -0.104176  0.253192  0.0662826  -0.0326362  0.0662826  0.159595
0.299551  -0.10417  -0.0326226  -0.10417  0.253197  0.0662809  -0.0326226  0.0662809  0.1596
0.299545  -0.104094  -0.0325453  -0.104094  0.253086  0.0661999  -0.0325453  0.0661999  0.159597
0.299544  -0.10409  -0.032532  -0.10409  0.253079  0.0661914  -0.032532  0.0661914  0.159597
0.299534  -0.104001  -0.0324727  -0.104001  0.252968  0.0661212  -0.0324727  0.0661212  0.1596
0.299526  -0.103947  -0.0324166  -0.103947  0.2529  0.0660691  -0.0324166  0.0660691  0.159602
0.299525  -0.103943  -0.0324034  -0.103943  0.252893  0.0660606  -0.0324034  0.0660606  0.159602
0.299517  -0.103886  -0.0323342  -0.103886  0.252818  0.066  -0.0323342  0.066  0.159604
0.299515  -0.103865  -0.032326  -0.103865  0.252794  0.0659868  -0.032326  0.0659868  0.159604
0.299511  -0.10381  -0.0322571  -0.10381  0.252707  0.0659195  -0.0322571  0.0659195  0.159602
0.299511  -0.10381  -0.0322571  -0.10381  0.252707  0.0659195  -0.0322571  0.0659195  0.159602
0.299508  -0.103755  -0.0321884  -0.103755  0.252621  0.0658524  -0.0321884  0.0658524  0.159599
0.299504  -0.103726  -0.0321539  -0.103726  0.252583  0.0658222  -0.0321539  0.0658222  0.159601
0.299504  -0.103726  -0.0321539  -0.103726  0.252583  0.0658222  -0.0321539  0.0658222  0.159601
0.299502  -0.103691  -0.0320933  -0.103691  0.252521  0.0657684  -0.0320933  0.0657684  0.159598
0.299502  -0.103691  -0.0320933  -0.103691  0.252521  0.0657684  -0.0320933  0.0657684  0.159598
0.299501  -0.103656  -0.0320329  -0.103656  0.252459  0.0657146  -0.0320329  0.0657146  0.159595
0.299503  -0.103646  -0.0319937  -0.103646  0.252427  0.0656824  -0.0319937  0.0656824  0.159591
0.299503  -0.103646  -0.0319937  -0.103646  0.252427  0.0656824  -0.0319937  0.0656824  0.159591
0.299508  -0.103633  -0.0319417  -0.103633  0.252377  0.065635  -0.0319417  0.065635  0.159583
0.299508  -0.103633  -0.0319417  -0.103633  0.252377  0.065635  -0.0319417  0.065635  0.159583
0.299509  -0.103618  -0.0318895  -0.103618  0.252339  0.0655945  -0.0318895  0.0655945  0.15958
0.299512  -0.103623  -0.0318454  -0.103623  0.252325  0.0655671  -0.0318454  0.0655671  0.159576
0.299512  -0.103623  -0.0318454  -0.103623  0.252325  0.0655671  -0.0318454  0.0655671  0.159576
0.299517  -0.103606  -0.0317803  -0.103606  0.252268  0.0655113  -0.0317803  0.0655113  0.159569
0.299517  -0.103606  -0.0317803  -0.103606  0.252268  0.0655113  -0.0317803  0.0655113  0.159569
0.299518  -0.103591  -0.0317281  -0.103591  0.25223  0.0654709  -0.0317281  0.0654709  0.159565
0.299524  -0.103583  -0.0316893  -0.103583  0.252186  0.065432  -0.0316893  0.065432  0.159557
0.299523  -0.103578  -0.0316762  -0.103578  0.25218  0.0654236  -0.0316762  0.0654236  0.159558
0.299525  -0.103568  -0.0316371  -0.103568  0.252148  0.0653916  -0.0316371  0.0653916  0.159554
0.299524  -0.103564  -0.031624  -0.103564  0.252142  0.0653832  -0.031624  0.0653832  0.159554
0.299529  -0.103535  -0.0315771  -0.103535  0.252074  0.0653313  -0.0315771  0.0653313  0.159547
0.299531  -0.103524  -0.0315381  -0.103524  0.252043  0.0652993  -0.0315381  0.0652993  0.159544
0.29953  -0.10352  -0.031525  -0.10352  0.252036  0.0652909  -0.031525  0.0652909  0.159544
0.299529  -0.103489  -0.0314779  -0.103489  0.251981  0.0652459  -0.0314779  0.0652459  0.159541
0.299529  -0.103489  -0.0314779  -0.103489  0.251981  0.0652459  -0.0314779  0.0652459  0.159541
0.299533  -0.103456  -0.031418  -0.103456  0.251907  0.0651858  -0.031418  0.0651858  0.159534
0.299528  -0.103424  -0.0313707  -0.103424  0.251863  0.0651477  -0.0313707  0.0651477  0.159537
0.299533  -0.103426  -0.031371  -0.103426  0.251852  0.0651408  -0.031371  0.0651408  0.159532
0.29953  -0.103375  -0.0313159  -0.103375  0.251772  0.0650829  -0.0313159  0.0650829  0.15953
0.29953  -0.103375  -0.0313159  -0.103375  0.251772  0.0650829  -0.0313159  0.0650829  0.15953
0.299527  -0.10332  -0.0312478  -0.10332  0.251686  0.0650168  -0.0312478  0.0650168  0.159529
0.299522  -0.103287  -0.0312005  -0.103287  0.251643  0.0649788  -0.0312005  0.0649788  0.159531
0.299521  -0.103271  -0.0312055  -0.103271  0.251626  0.0649741  -0.0312055  0.0649741  0.159531
0.299518  -0.103216  -0.0311375  -0.103216  0.25154  0.0649081  -0.0311375  0.0649081  0.15953
0.299518  -0.103216  -0.0311375  -0.103216  0.25154  0.0649081  -0.0311375  0.0649081  0.15953
0.299514  -0.10315  -0.0310876  -0.10315  0.251444  0.0648458  -0.0310876  0.0648458  0.159529
0.299512  -0.103099  -0.0310327  -0.103099  0.251365  0.0647883  -0.0310327  0.0647883  0.159527
0.299512  -0.103099  -0.0310327  -0.103099  0.251365  0.0647883  -0.0310327  0.0647883  0.159527
0.299503  -0.103026  -0.0309696  -0.103026  0.251274  0.0647247  -0.0309696  0.0647247  0.159531
0.299503  -0.103022  -0.0309566  -0.103022  0.251268  0.0647164  -0.0309566  0.0647164  0.159532
0.299498  -0.102951  -0.0308938  -0.102951  0.251165  0.0646461  -0.0308938  0.0646461  0.159531
0.299498  -0.102951  -0.0308938  -0.102951  0.251165  0.0646461  -0.0308938  0.0646461  0.159531
0.299494  -0.102881  -0.0308311  -0.102881  0.251063  0.0645759  -0.0308311  0.0645759  0.159531
0.299488  -0.102828  -0.0307761  -0.102828  0.250996  0.0645254  -0.0307761  0.0645254  0.159534
0.299488  -0.102828  -0.0307761  -0.102828  0.250996  0.0645254  -0.0307761  0.0645254  0.159534
0.299479  -0.102756  -0.0307133  -0.102756  0.250906  0.0644622  -0.0307133  0.0644622  0.159539
0.299478  -0.102752  -0.0307003  -0.102752  0.250899  0.0644539  -0.0307003  0.0644539  0.15954
0.29947  -0.102691  -0.0306195  -0.102691  0.25082  0.0643872  -0.0306195  0.0643872  0.159545
0.299469  -0.102675  -0.0306245  -0.102675  0.250803  0.0643826  -0.0306245  0.0643826  0.159545
0.299462  -0.102619  -0.0305568  -0.102619  0.25073  0.0643242  -0.0305568  0.0643242  0.159549
0.299455  -0.102566  -0.0305021  -0.102566  0.250664  0.064274  -0.0305021  0.064274  0.159553
0.299455  -0.102566  -0.0305021  -0.102566  0.250664  0.064274  -0.0305021  0.064274  0.159553
0.299447  -0.102494  -0.0304395  -0.102494  0.250574  0.0642112  -0.0304395  0.0642112  0.159558
0.299446  -0.10249  -0.0304266  -0.10249  0.250568  0.064203  -0.0304266  0.064203  0.159559
0.299434  -0.102416  -0.0303638  -0.102416  0.25049  0.064147  -0.0303638  0.064147  0.159568
0.299429  -0.102383  -0.0303172  -0.102383  0.250448  0.0641098  -0.0303172  0.0641098  0.159571
0.299427  -0.102364  -0.0303093  -0.102364  0.250424  0.0640971  -0.0303093  0.0640971  0.159572
0.29942  -0.102307  -0.0302419  -0.102307  0.250352  0.0640391  -0.0302419  0.0640391  0.159577
0.29942  -0.102307  -0.0302419  -0.102307  0.250352  0.0640391  -0.0302419  0.0640391  0.159577
0.299407  -0.102229  -0.0301664  -0.102229  0.250268  0.0639752  -0.0301664  0.0639752  0.159588
0.299401  -0.102177  -0.030112  -0.102177  0.250203  0.0639255  -0.030112  0.0639255  0.159592
0.299401  -0.102177  -0.030112  -0.102177  0.250203  0.0639255  -0.030112  0.0639255  0.159592
0.299398  -0.102149  -0.0300784  -0.102149  0.250167  0.0638966  -0.0300784  0.0638966  0.159595
0.299388  -0.102069  -0.0299905  -0.102069  0.250065  0.0638181  -0.0299905  0.0638181  0.159602
0.299382  -0.102013  -0.0299234  -0.102013  0.249993  0.0637605  -0.0299234  0.0637605  0.159607
0.299382  -0.102013  -0.0299234  -0.102013  0.249993  0.0637605  -0.0299234  0.0637605  0.159607
0.299373  -0.101937  -0.0298485  -0.101937  0.249898  0.0636903  -0.0298485  0.0636903  0.159613
0.299373  -0.101933  -0.0298356  -0.101933  0.249892  0.0636822  -0.0298356  0.0636822  0.159614
0.299364  -0.101857  -0.0297609  -0.101857  0.249797  0.0636122  -0.0297609  0.0636122  0.159621
0.299359  -0.101805  -0.0297068  -0.101805  0.249732  0.0635629  -0.0297068  0.0635629  0.159626
0.299359  -0.101805  -0.0297068  -0.101805  0.249732  0.0635629  -0.0297068  0.0635629  0.159626
0.299356  -0.101747  -0.0296273  -0.101747  0.249643  0.0634908  -0.0296273  0.0634908  0.159627
0.299355  -0.101743  -0.0296145  -0.101743  0.249636  0.0634828  -0.0296145  0.0634828  0.159628
0.299352  -0.101685  -0.029535  -0.101685  0.249547  0.0634108  -0.029535  0.0634108  0.15963
0.299348  -0.101649  -0.0294761  -0.101649  0.249499  0.0633662  -0.0294761  0.0633662  0.159635
0.29935  -0.101631  -0.0294685  -0.101631  0.249464  0.0633469  -0.0294685  0.0633469  0.159631
0.299347  -0.101569  -0.0293764  -0.101569  0.249369  0.0632672  -0.0293764  0.0632672  0.159635
0.299347  -0.101569  -0.0293764  -0.101569  0.249369  0.0632672  -0.0293764  0.0632672  0.159635
0.299343  -0.101507  -0.0292845  -0.101507  0.249273  0.0631875  -0.0292845  0.0631875  0.159638
0.299343  -0.101507  -0.0292845  -0.101507  0.249273  0.0631875  -0.0292845  0.0631875  0.159638
0.299344  -0.101447  -0.0291927  -0.101447  0.249166  0.0631013  -0.0291927  0.0631013  0.159637
0.299342  -0.101393  -0.0291264  -0.101393  0.249084  0.0630378  -0.0291264  0.0630378  0.159638
0.299342  -0.101393  -0.0291264  -0.101393  0.249084  0.0630378  -0.0291264  0.0630378  0.159638
0.299343  -0.101333  -0.0290349  -0.101333  0.248977  0.0629518  -0.0290349  0.0629518  0.159637
0.299343  -0.101329  -0.0290221  -0.101329  0.248971  0.0629438  -0.0290221  0.0629438  0.159638
0.299342  -0.101249  -0.028923  -0.101249  0.248841  0.0628456  -0.028923  0.0628456  0.159639
