0.319846  -0.146626  -0.0648477  -0.146626  0.29772  0.0969827  -0.0648477  0.0969827  0.164068
0.319862  -0.146632  -0.0648503  -0.146632  0.297708  0.0969752  -0.0648503  0.0969752  0.164064
0.319862  -0.146632  -0.0648503  -0.146632  0.297708  0.0969752  -0.0648503  0.0969752  0.164064
0.319953  -0.146132  -0.0662393  -0.146132  0.297228  0.0976298  -0.0662393  0.0976298  0.164622
0.319963  -0.146065  -0.0664449  -0.146065  0.297176  0.0977347  -0.0664449  0.0977347  0.164709
0.320059  -0.146013  -0.0669594  -0.146013  0.297142  0.0980178  -0.0669594  0.0980178  0.164917
0.320309  -0.146678  -0.0671435  -0.146678  0.298026  0.0984333  -0.0671435  0.0984333  0.165013
0.320338  -0.146729  -0.0672004  -0.146729  0.298095  0.0984898  -0.0672004  0.0984898  0.165038
0.320489  -0.146696  -0.0682255  -0.146696  0.298224  0.0991484  -0.0682255  0.0991484  0.165492
0.320512  -0.146709  -0.068312  -0.146709  0.298246  0.0992057  -0.068312  0.0992057  0.165529
0.320393  -0.146946  -0.0684849  -0.146946  0.29894  0.0996352  -0.0684849  0.0996352  0.165704
0.320375  -0.14698  -0.0684706  -0.14698  0.299026  0.0996664  -0.0684706  0.0996664  0.16571
0.320122  -0.146941  -0.0686351  -0.146941  0.29943  0.100006  -0.0686351  0.100006  0.165893
0.320091  -0.146898  -0.0686787  -0.146898  0.29942  0.100038  -0.0686787  0.100038  0.165921
0.319668  -0.146562  -0.0687449  -0.146562  0.299523  0.100235  -0.0687449  0.100235  0.166078
0.319596  -0.146556  -0.0686629  -0.146556  0.299593  0.100232  -0.0686629  0.100232  0.166065
0.319357  -0.146535  -0.0683691  -0.146535  0.299822  0.100207  -0.0683691  0.100207  0.166009
0.318694  -0.145593  -0.0689336  -0.145593  0.299431  0.100578  -0.0689336  0.100578  0.166434
0.31865  -0.145504  -0.0689851  -0.145504  0.299362  0.100593  -0.0689851  0.100593  0.166465
0.318058  -0.145035  -0.0688236  -0.145035  0.299423  0.100678  -0.0688236  0.100678  0.16656
0.317987  -0.145044  -0.0687174  -0.145044  0.29951  0.100667  -0.0687174  0.100667  0.166536
0.317811  -0.144979  -0.068577  -0.144979  0.299628  0.100676  -0.068577  0.100676  0.166528
0.317403  -0.144174  -0.0694832  -0.144174  0.299232  0.101189  -0.0694832  0.101189  0.167059
0.317366  -0.144091  -0.0696168  -0.144091  0.2992  0.101268  -0.0696168  0.101268  0.167134
0.317242  -0.14403  -0.0697162  -0.14403  0.299342  0.101425  -0.0697162  0.101425  0.167233
0.316984  -0.144448  -0.0690911  -0.144448  0.300276  0.101501  -0.0690911  0.101501  0.167078
0.316976  -0.14445  -0.0691084  -0.14445  0.300301  0.101525  -0.0691084  0.101525  0.167091
0.316839  -0.143925  -0.0701666  -0.143925  0.300031  0.102112  -0.0701666  0.102112  0.16764
0.316824  -0.143872  -0.0702991  -0.143872  0.300016  0.102193  -0.0702991  0.102193  0.167711
0.316753  -0.143825  -0.0704523  -0.143825  0.300118  0.102352  -0.0704523  0.102352  0.167819
0.316646  -0.144319  -0.0698952  -0.144319  0.300966  0.102394  -0.0698952  0.102394  0.167642
0.316638  -0.144335  -0.0698879  -0.144335  0.301008  0.10241  -0.0698879  0.10241  0.167645
0.316542  -0.14372  -0.0707383  -0.14372  0.300414  0.102716  -0.0707383  0.102716  0.168056
0.316522  -0.143633  -0.070837  -0.143633  0.300331  0.102748  -0.070837  0.102748  0.168106
0.316471  -0.14356  -0.0708803  -0.14356  0.300306  0.102778  -0.0708803  0.102778  0.168141
0.316369  -0.143985  -0.0700156  -0.143985  0.300884  0.102513  -0.0700156  0.102513  0.167779
0.316368  -0.144  -0.0699912  -0.144  0.300901  0.102504  -0.0699912  0.102504  0.167769
0.316355  -0.14379  -0.0701862  -0.14379  0.300625  0.102512  -0.0701862  0.102512  0.167848
0.316321  -0.143287  -0.0707396  -0.143287  0.300003  0.102601  -0.0707396  0.102601  0.168087
0.316353  -0.143688  -0.070213  -0.143688  0.300452  0.102456  -0.070213  0.102456  0.167847
0.316367  -0.143724  -0.0701673  -0.143724  0.300473  0.102432  -0.0701673  0.102432  0.167821
0.316423  -0.143877  -0.070022  -0.143877  0.300594  0.102377  -0.070022  0.102377  0.167741
0.316628  -0.1436  -0.0707377  -0.1436  0.300045  0.102533  -0.0707377  0.102533  0.167997
0.316659  -0.14357  -0.0708176  -0.14357  0.299972  0.102543  -0.0708176  0.102543  0.168022
0.316745  -0.143704  -0.0707898  -0.143704  0.300057  0.102539  -0.0707898  0.102539  0.16799
0.317007  -0.144466  -0.0702204  -0.144466  0.300758  0.102411  -0.0702204  0.102411  0.167681
0.317044  -0.144503  -0.0702227  -0.144503  0.300764  0.102404  -0.0702227  0.102404  0.167672
0.317173  -0.144486  -0.0705162  -0.144486  0.300639  0.1025  -0.0705162  0.1025  0.167772
0.317417  -0.144463  -0.0710142  -0.144463  0.300399  0.102642  -0.0710142  0.102642  0.167934
0.317607  -0.144991  -0.0706261  -0.144991  0.300876  0.102551  -0.0706261  0.102551  0.167721
0.317628  -0.145051  -0.0705759  -0.145051  0.300927  0.102535  -0.0705759  0.102535  0.167693
0.317731  -0.145222  -0.0705017  -0.145222  0.301036  0.102507  -0.0705017  0.102507  0.167635
0.317953  -0.145095  -0.0709793  -0.145095  0.300635  0.102575  -0.0709793  0.102575  0.167779
0.317969  -0.145088  -0.0710072  -0.145088  0.300606  0.102576  -0.0710072  0.102576  0.167786
0.318137  -0.145502  -0.0705582  -0.145502  0.30089  0.102369  -0.0705582  0.102369  0.167532
0.318142  -0.145555  -0.0705047  -0.145555  0.300954  0.102361  -0.0705047  0.102361  0.167509
0.318291  -0.145628  -0.0704913  -0.145628  0.300834  0.102261  -0.0704913  0.102261  0.167449
0.318391  -0.145469  -0.0707936  -0.145469  0.300503  0.102283  -0.0707936  0.102283  0.167544
0.318391  -0.145469  -0.0707936  -0.145469  0.300503  0.102283  -0.0707936  0.102283  0.167544
0.31845  -0.145595  -0.0706962  -0.145595  0.300593  0.102245  -0.0706962  0.102245  0.167486
0.318624  -0.146059  -0.0702552  -0.146059  0.300966  0.102078  -0.0702552  0.102078  0.167245
0.318631  -0.146068  -0.0702758  -0.146068  0.300979  0.102094  -0.0702758  0.102094  0.167254
0.318788  -0.145858  -0.0708583  -0.145858  0.300583  0.102251  -0.0708583  0.102251  0.16747
0.318811  -0.145874  -0.0708822  -0.145874  0.300584  0.10226  -0.0708822  0.10226  0.167476
0.318959  -0.146343  -0.070556  -0.146343  0.301056  0.102215  -0.070556  0.102215  0.167309
0.318981  -0.146417  -0.0704807  -0.146417  0.301125  0.10219  -0.0704807  0.10219  0.167271
0.3191  -0.146397  -0.0707108  -0.146397  0.300989  0.102246  -0.0707108  0.102246  0.167341
0.319094  -0.146344  -0.0707645  -0.146344  0.300925  0.102254  -0.0707645  0.102254  0.167364
0.319112  -0.146278  -0.0708917  -0.146278  0.300828  0.102288  -0.0708917  0.102288  0.167416
0.319133  -0.14661  -0.0704153  -0.14661  0.301198  0.102139  -0.0704153  0.102139  0.167201
0.319133  -0.146625  -0.0703905  -0.146625  0.301215  0.10213  -0.0703905  0.10213  0.16719
0.319126  -0.146616  -0.0703698  -0.146616  0.301202  0.102113  -0.0703698  0.102113  0.16718
0.319085  -0.146202  -0.0708201  -0.146202  0.300703  0.102197  -0.0708201  0.102197  0.167376
0.319078  -0.146178  -0.0708242  -0.146178  0.300673  0.102189  -0.0708242  0.102189  0.167377
0.319009  -0.146359  -0.0704013  -0.146359  0.300936  0.102053  -0.0704013  0.102053  0.167206
0.318964  -0.14633  -0.0702906  -0.14633  0.300913  0.101985  -0.0702906  0.101985  0.167161
0.318951  -0.146254  -0.0703484  -0.146254  0.300818  0.101985  -0.0703484  0.101985  0.167185
0.318934  -0.146066  -0.0705588  -0.146066  0.300593  0.102027  -0.0705588  0.102027  0.167277
0.318844  -0.145977  -0.07045  -0.145977  0.300534  0.101958  -0.07045  0.101958  0.167242
0.318843  -0.145992  -0.0704253  -0.145992  0.30055  0.101949  -0.0704253  0.101949  0.167231
0.318779  -0.146041  -0.070226  -0.146041  0.300662  0.101888  -0.070226  0.101888  0.167159
0.318757  -0.145982  -0.0702765  -0.145982  0.300611  0.101904  -0.0702765  0.101904  0.167186
0.318682  -0.145672  -0.0705213  -0.145672  0.300274  0.101936  -0.0705213  0.101936  0.167302
0.318689  -0.145696  -0.0705173  -0.145696  0.300304  0.101944  -0.0705173  0.101944  0.1673
0.318614  -0.145805  -0.0702368  -0.145805  0.300508  0.101874  -0.0702368  0.101874  0.167198
0.318614  -0.145805  -0.0702368  -0.145805  0.300508  0.101874  -0.0702368  0.101874  0.167198
0.318539  -0.145511  -0.0704568  -0.145511  0.300188  0.101897  -0.0704568  0.101897  0.167303
0.318524  -0.145489  -0.0704783  -0.145489  0.300184  0.101913  -0.0704783  0.101913  0.167318
0.318453  -0.145515  -0.0702835  -0.145515  0.300265  0.101844  -0.0702835  0.101844  0.167247
0.318453  -0.14553  -0.0702588  -0.14553  0.300282  0.101836  -0.0702588  0.101836  0.167236
0.318382  -0.145361  -0.0703018  -0.145361  0.30011  0.101809  -0.0703018  0.101809  0.167263
0.318375  -0.145323  -0.0703305  -0.145323  0.300063  0.101809  -0.0703305  0.101809  0.167275
0.318341  -0.145217  -0.070389  -0.145217  0.299953  0.101808  -0.070389  0.101808  0.167305
0.318309  -0.145283  -0.070134  -0.145283  0.300017  0.101684  -0.070134  0.101684  0.167191
0.318301  -0.145289  -0.0700888  -0.145289  0.300021  0.10166  -0.0700888  0.10166  0.167171
0.318286  -0.145091  -0.0702603  -0.145091  0.299759  0.10166  -0.0702603  0.10166  0.167239
0.31828  -0.145053  -0.0702891  -0.145053  0.299713  0.10166  -0.0702891  0.10166  0.167251
0.318267  -0.144992  -0.0703219  -0.144992  0.299636  0.101652  -0.0703219  0.101652  0.167265
0.318301  -0.145177  -0.070015  -0.145177  0.299786  0.101514  -0.070015  0.101514  0.167113
0.318301  -0.145177  -0.070015  -0.145177  0.299786  0.101514  -0.070015  0.101514  0.167113
0.318303  -0.145137  -0.0700263  -0.145137  0.299714  0.10149  -0.0700263  0.10149  0.167112
0.318327  -0.144933  -0.0702739  -0.144933  0.299408  0.101508  -0.0702739  0.101508  0.167203
0.318327  -0.144933  -0.0702739  -0.144933  0.299408  0.101508  -0.0702739  0.101508  0.167203
0.318368  -0.145142  -0.0699629  -0.145142  0.299588  0.101379  -0.0699629  0.101379  0.16705
0.318367  -0.145157  -0.0699383  -0.145157  0.299605  0.10137  -0.0699383  0.10137  0.16704
0.318429  -0.145004  -0.0701633  -0.145004  0.29932  0.101374  -0.0701633  0.101374  0.16711
0.318445  -0.144981  -0.0702157  -0.144981  0.299275  0.101383  -0.0702157  0.101383  0.167128
0.318454  -0.144965  -0.0702229  -0.144965  0.299233  0.101367  -0.0702229  0.101367  0.167125
0.318494  -0.145203  -0.0698625  -0.145203  0.299446  0.101221  -0.0698625  0.101221  0.166951
0.318502  -0.1452  -0.0698451  -0.1452  0.29942  0.101197  -0.0698451  0.101197  0.166938
0.318565  -0.145018  -0.0701194  -0.145018  0.299102  0.101217  -0.0701194  0.101217  0.16703
0.318572  -0.145013  -0.0701646  -0.145013  0.299099  0.101242  -0.0701646  0.101242  0.16705
0.31863  -0.145185  -0.0699305  -0.145185  0.299216  0.10113  -0.0699305  0.10113  0.166926
0.318622  -0.145205  -0.0698606  -0.145205  0.299236  0.101097  -0.0698606  0.101097  0.166896
0.318659  -0.145285  -0.0697887  -0.145285  0.299292  0.101065  -0.0697887  0.101065  0.166854
0.31872  -0.145099  -0.0701258  -0.145099  0.298996  0.101134  -0.0701258  0.101134  0.166979
0.318736  -0.145092  -0.0701535  -0.145092  0.298967  0.101135  -0.0701535  0.101135  0.166986
0.318769  -0.145317  -0.069835  -0.145317  0.299188  0.101021  -0.069835  0.101021  0.166837
0.318768  -0.145332  -0.0698103  -0.145332  0.299205  0.101013  -0.0698103  0.101013  0.166826
0.318817  -0.145294  -0.0699182  -0.145294  0.299101  0.101023  -0.0699182  0.101023  0.166857
0.31884  -0.145295  -0.0699666  -0.145295  0.299085  0.10104  -0.0699666  0.10104  0.166873
0.318849  -0.145293  -0.0699491  -0.145293  0.29906  0.101016  -0.0699491  0.101016  0.16686
0.318848  -0.145307  -0.0699244  -0.145307  0.299077  0.101008  -0.0699244  0.101008  0.166849
0.318845  -0.145423  -0.069727  -0.145423  0.29921  0.100942  -0.069727  0.100942  0.166763
0.318879  -0.145335  -0.0699059  -0.145335  0.299069  0.100985  -0.0699059  0.100985  0.16683
0.318881  -0.145291  -0.0699799  -0.145291  0.299019  0.10101  -0.0699799  0.10101  0.166862
0.318901  -0.14538  -0.0698802  -0.14538  0.299103  0.100977  -0.0698802  0.100977  0.166814
0.3189  -0.145423  -0.0698062  -0.145423  0.299153  0.100953  -0.0698062  0.100953  0.166782
0.318897  -0.145525  -0.0696334  -0.145525  0.29927  0.100895  -0.0696334  0.100895  0.166707
0.318918  -0.145357  -0.0699326  -0.145357  0.299057  0.100986  -0.0699326  0.100986  0.166832
0.318912  -0.145319  -0.0699614  -0.145319  0.299011  0.100986  -0.0699614  0.100986  0.166844
0.318919  -0.145314  -0.0700067  -0.145314  0.299007  0.101011  -0.0700067  0.101011  0.166864
0.318895  -0.145569  -0.0695594  -0.145569  0.299321  0.10087  -0.0695594  0.10087  0.166675
0.318902  -0.145592  -0.0695553  -0.145592  0.299351  0.100878  -0.0695553  0.100878  0.166674
0.318895  -0.145356  -0.0698843  -0.145356  0.299073  0.100969  -0.0698843  0.100969  0.166816
0.318889  -0.145304  -0.0699378  -0.145304  0.29901  0.100977  -0.0699378  0.100977  0.166838
0.318876  -0.145451  -0.0697085  -0.145451  0.299203  0.100919  -0.0697085  0.100919  0.166745
0.318859  -0.145474  -0.0696561  -0.145474  0.299248  0.10091  -0.0696561  0.10091  0.166727
0.318854  -0.14541  -0.0696715  -0.14541  0.299147  0.100878  -0.0696715  0.100878  0.166727
0.318862  -0.145404  -0.0697167  -0.145404  0.299143  0.100903  -0.0697167  0.100903  0.166747
0.318852  -0.145256  -0.0698976  -0.145256  0.298966  0.100944  -0.0698976  0.100944  0.166825
0.318807  -0.145423  -0.0695503  -0.145423  0.299195  0.100835  -0.0695503  0.100835  0.166685
0.318798  -0.145457  -0.0694558  -0.145457  0.299233  0.100794  -0.0694558  0.100794  0.166644
0.31878  -0.145329  -0.0695668  -0.145329  0.299076  0.100802  -0.0695668  0.100802  0.16669
0.318788  -0.145323  -0.069612  -0.145323  0.299072  0.100827  -0.069612  0.100827  0.16671
0.318753  -0.145202  -0.0696953  -0.145202  0.298945  0.100834  -0.0696953  0.100834  0.16675
0.318759  -0.14524  -0.0696665  -0.14524  0.298992  0.100834  -0.0696665  0.100834  0.166738
0.318739  -0.145397  -0.0693297  -0.145397  0.299167  0.100703  -0.0693297  0.100703  0.166592
0.31874  -0.145383  -0.0693543  -0.145383  0.29915  0.100711  -0.0693543  0.100711  0.166603
0.318733  -0.145118  -0.0697322  -0.145118  0.298839  0.100818  -0.0697322  0.100818  0.166765
0.318733  -0.145118  -0.0697322  -0.145118  0.298839  0.100818  -0.0697322  0.100818  0.166765
0.318703  -0.145335  -0.0693144  -0.145335  0.299106  0.100677  -0.0693144  0.100677  0.16659
0.318703  -0.145349  -0.0692898  -0.145349  0.299123  0.100669  -0.0692898  0.100669  0.166579
0.318718  -0.145356  -0.0692929  -0.145356  0.299111  0.100662  -0.0692929  0.100662  0.166575
0.318733  -0.145135  -0.069645  -0.145135  0.298834  0.100761  -0.069645  0.100761  0.166721
0.318727  -0.145112  -0.0696491  -0.145112  0.298804  0.100753  -0.0696491  0.100753  0.166722
0.318727  -0.145339  -0.0693  -0.145339  0.299068  0.100646  -0.0693  0.100646  0.166573
0.31872  -0.14533  -0.0692795  -0.14533  0.299055  0.10063  -0.0692795  0.10063  0.166564
0.318755  -0.145227  -0.0694827  -0.145227  0.298897  0.10068  -0.0694827  0.10068  0.16664
0.318748  -0.145189  -0.0695115  -0.145189  0.29885  0.10068  -0.0695115  0.10068  0.166652
0.31874  -0.145209  -0.0694417  -0.145209  0.29887  0.100648  -0.0694417  0.100648  0.166622
0.318733  -0.145215  -0.0693966  -0.145215  0.298874  0.100623  -0.0693966  0.100623  0.166602
0.318746  -0.14528  -0.0693011  -0.14528  0.298929  0.100583  -0.0693011  0.100583  0.166556
0.318747  -0.145265  -0.0693257  -0.145265  0.298912  0.100591  -0.0693257  0.100591  0.166566
0.318766  -0.145155  -0.0695258  -0.145155  0.298766  0.100649  -0.0695258  0.100649  0.166647
0.318758  -0.145161  -0.0694807  -0.145161  0.298769  0.100624  -0.0694807  0.100624  0.166627
0.318768  -0.145339  -0.0692507  -0.145339  0.29898  0.100567  -0.0692507  0.100567  0.166529
0.318768  -0.145339  -0.0692507  -0.145339  0.29898  0.100567  -0.0692507  0.100567  0.166529
0.318778  -0.145278  -0.0693318  -0.145278  0.298887  0.100576  -0.0693318  0.100576  0.166558
0.318788  -0.145215  -0.0694755  -0.145215  0.298817  0.100633  -0.0694755  0.100633  0.16662
0.318794  -0.145253  -0.0694467  -0.145253  0.298863  0.100633  -0.0694467  0.100633  0.166608
0.318791  -0.145354  -0.0692742  -0.145354  0.298981  0.100576  -0.0692742  0.100576  0.166534
0.318784  -0.145331  -0.0692784  -0.145331  0.298951  0.100567  -0.0692784  0.100567  0.166536
0.31881  -0.145245  -0.0694744  -0.145245  0.298834  0.100634  -0.0694744  0.100634  0.166615
0.31881  -0.145245  -0.0694744  -0.145245  0.298834  0.100634  -0.0694744  0.100634  0.166615
0.318807  -0.145347  -0.0693019  -0.145347  0.298951  0.100576  -0.0693019  0.100576  0.166541
0.318806  -0.145361  -0.0692773  -0.145361  0.298968  0.100568  -0.0692773  0.100568  0.16653
0.318831  -0.145318  -0.0693994  -0.145318  0.298902  0.10061  -0.0693994  0.10061  0.166578
0.318824  -0.145295  -0.0694035  -0.145295  0.298872  0.100602  -0.0694035  0.100602  0.166579
0.318831  -0.145333  -0.0693748  -0.145333  0.298919  0.100602  -0.0693748  0.100602  0.166567
0.31883  -0.145348  -0.0693501  -0.145348  0.298935  0.100594  -0.0693501  0.100594  0.166557
0.318852  -0.145392  -0.0693244  -0.145392  0.29897  0.100586  -0.0693244  0.100586  0.166541
0.318853  -0.145378  -0.069349  -0.145378  0.298953  0.100594  -0.069349  0.100594  0.166551
0.318854  -0.145334  -0.069423  -0.145334  0.298903  0.100619  -0.069423  0.100619  0.166583
0.318859  -0.145401  -0.0693449  -0.145401  0.298983  0.100602  -0.0693449  0.100602  0.16655
0.318859  -0.145416  -0.0693202  -0.145416  0.298999  0.100594  -0.0693202  0.100594  0.166539
0.318882  -0.145431  -0.0693438  -0.145431  0.299  0.100603  -0.0693438  0.100603  0.166545
0.318882  -0.145417  -0.0693684  -0.145417  0.298983  0.100611  -0.0693684  0.100611  0.166555
0.318882  -0.145417  -0.0693684  -0.145417  0.298983  0.100611  -0.0693684  0.100611  0.166555
0.318897  -0.145438  -0.0693468  -0.145438  0.298988  0.100596  -0.0693468  0.100596  0.166541
0.318903  -0.14549  -0.0692934  -0.14549  0.299051  0.100587  -0.0692934  0.100587  0.166518
0.318927  -0.145477  -0.0693662  -0.145477  0.299018  0.100613  -0.0693662  0.100613  0.166544
0.318928  -0.145462  -0.0693909  -0.145462  0.299002  0.100621  -0.0693909  0.100621  0.166555
0.318935  -0.145504  -0.0692994  -0.145504  0.299027  0.100572  -0.0692994  0.100572  0.16651
0.31895  -0.145525  -0.0692778  -0.145525  0.299031  0.100557  -0.0692778  0.100557  0.166496
0.318956  -0.145578  -0.0692243  -0.145578  0.299095  0.100548  -0.0692243  0.100548  0.166473
0.31896  -0.145479  -0.0693343  -0.145479  0.298955  0.100557  -0.0693343  0.100557  0.166514
0.318975  -0.145486  -0.0693373  -0.145486  0.298943  0.10055  -0.0693373  0.10055  0.16651
0.318988  -0.14558  -0.0691924  -0.14558  0.299032  0.100493  -0.0691924  0.100493  0.166443
0.318988  -0.14558  -0.0691924  -0.14558  0.299032  0.100493  -0.0691924  0.100493  0.166443
0.319029  -0.145562  -0.0692303  -0.145562  0.298948  0.10047  -0.0692303  0.10047  0.166443
0.319036  -0.145571  -0.0692508  -0.145571  0.298961  0.100487  -0.0692508  0.100487  0.166452
0.31906  -0.145589  -0.0692117  -0.145589  0.29894  0.100447  -0.0692117  0.100447  0.166424
0.319067  -0.145613  -0.0692075  -0.145613  0.29897  0.100455  -0.0692075  0.100455  0.166423
0.319089  -0.145661  -0.069119  -0.145661  0.298983  0.100399  -0.069119  0.100399  0.166374
0.319097  -0.14567  -0.0691396  -0.14567  0.298996  0.100415  -0.0691396  0.100415  0.166383
0.319106  -0.145624  -0.0691961  -0.145624  0.29892  0.100416  -0.0691961  0.100416  0.166402
0.319129  -0.145672  -0.0691076  -0.145672  0.298932  0.10036  -0.0691076  0.10036  0.166353
0.319144  -0.145693  -0.0690859  -0.145693  0.298937  0.100344  -0.0690859  0.100344  0.166339
0.319168  -0.145712  -0.0690468  -0.145712  0.298916  0.100305  -0.0690468  0.100305  0.166311
0.319168  -0.145698  -0.0690714  -0.145698  0.298899  0.100313  -0.0690714  0.100313  0.166321
0.319186  -0.145678  -0.0690611  -0.145678  0.298832  0.100273  -0.0690611  0.100273  0.166306
0.319192  -0.145702  -0.0690569  -0.145702  0.298861  0.100281  -0.0690569  0.100281  0.166304
0.319223  -0.145762  -0.0689262  -0.145762  0.298866  0.100193  -0.0689262  0.100193  0.166232
0.319223  -0.145762  -0.0689262  -0.145762  0.298866  0.100193  -0.0689262  0.100193  0.166232
0.319242  -0.145699  -0.0689899  -0.145699  0.298747  0.100178  -0.0689899  0.100178  0.166248
0.319242  -0.145699  -0.0689899  -0.145699  0.298747  0.100178  -0.0689899  0.100178  0.166248
0.319263  -0.145791  -0.0688274  -0.145791  0.298811  0.100097  -0.0688274  0.100097  0.166168
0.319262  -0.145805  -0.0688027  -0.145805  0.298828  0.100089  -0.0688027  0.100089  0.166158
0.319274  -0.145734  -0.0688458  -0.145734  0.298697  0.100058  -0.0688458  0.100058  0.166164
0.319281  -0.145743  -0.0688663  -0.145743  0.29871  0.100074  -0.0688663  0.100074  0.166173
0.319297  -0.145782  -0.0687573  -0.145782  0.29871  0.100002  -0.0687573  0.100002  0.166116
0.319297  -0.145782  -0.0687573  -0.145782  0.29871  0.100002  -0.0687573  0.100002  0.166116
0.319305  -0.145782  -0.0686771  -0.145782  0.298663  0.0999294  -0.0686771  0.0999294  0.16607
0.319305  -0.145782  -0.0686771  -0.145782  0.298663  0.0999294  -0.0686771  0.0999294  0.16607
0.319308  -0.145727  -0.0687131  -0.145727  0.298574  0.0999139  -0.0687131  0.0999139  0.166079
0.319314  -0.145783  -0.068597  -0.145783  0.298616  0.099857  -0.068597  0.099857  0.166025
0.319307  -0.145774  -0.0685765  -0.145774  0.298603  0.0998407  -0.0685765  0.0998407  0.166016
0.319301  -0.145739  -0.0685427  -0.145739  0.298535  0.0997924  -0.0685427  0.0997924  0.165995
0.319301  -0.145739  -0.0685427  -0.145739  0.298535  0.0997924  -0.0685427  0.0997924  0.165995
0.319288  -0.145696  -0.0684885  -0.145696  0.298453  0.0997278  -0.0684885  0.0997278  0.165966
0.319287  -0.14571  -0.0684638  -0.14571  0.29847  0.0997196  -0.0684638  0.0997196  0.165955
0.319295  -0.145737  -0.0683971  -0.145737  0.298479  0.0996793  -0.0683971  0.0996793  0.165922
0.31926  -0.145648  -0.0683688  -0.145648  0.298363  0.0996224  -0.0683688  0.0996224  0.165908
0.319253  -0.145625  -0.068373  -0.145625  0.298333  0.0996144  -0.068373  0.0996144  0.165909
0.319238  -0.145625  -0.0682449  -0.145625  0.298303  0.0995253  -0.0682449  0.0995253  0.165849
0.319231  -0.145616  -0.0682245  -0.145616  0.29829  0.099509  -0.0682245  0.099509  0.16584
0.319194  -0.145571  -0.0681225  -0.145571  0.298225  0.0994276  -0.0681225  0.0994276  0.165796
0.319194  -0.145571  -0.0681225  -0.145571  0.298225  0.0994276  -0.0681225  0.0994276  0.165796
0.319159  -0.145483  -0.0680943  -0.145483  0.29811  0.099371  -0.0680943  0.099371  0.165782
0.319152  -0.145474  -0.0680739  -0.145474  0.298097  0.0993547  -0.0680739  0.0993547  0.165773
0.319105  -0.14549  -0.0678912  -0.14549  0.298125  0.0992645  -0.0678912  0.0992645  0.165701
0.319105  -0.14549  -0.0678912  -0.14549  0.298125  0.0992645  -0.0678912  0.0992645  0.165701
0.319064  -0.145364  -0.0678919  -0.145364  0.297963  0.0992082  -0.0678919  0.0992082  0.165699
0.319064  -0.145364  -0.0678919  -0.145364  0.297963  0.0992082  -0.0678919  0.0992082  0.165699
0.319049  -0.14536  -0.0678266  -0.14536  0.297954  0.0991676  -0.0678266  0.0991676  0.165671
0.319017  -0.145383  -0.067647  -0.145383  0.29797  0.0990701  -0.067647  0.0990701  0.165596
0.319017  -0.145383  -0.067647  -0.145383  0.29797  0.0990701  -0.067647  0.0990701  0.165596
0.318983  -0.14528  -0.0676437  -0.14528  0.297838  0.0990219  -0.0676437  0.0990219  0.165592
0.318969  -0.145248  -0.0676276  -0.145248  0.297795  0.0989977  -0.0676276  0.0989977  0.165584
0.318937  -0.145285  -0.0674237  -0.145285  0.297829  0.0988923  -0.0674237  0.0988923  0.1655
0.318937  -0.145299  -0.0673991  -0.145299  0.297845  0.0988841  -0.0673991  0.0988841  0.16549
0.318916  -0.145258  -0.0673628  -0.145258  0.29779  0.0988439  -0.0673628  0.0988439  0.165474
0.318897  -0.145162  -0.0673624  -0.145162  0.297646  0.0987883  -0.0673624  0.0987883  0.165466
0.31889  -0.145153  -0.0673421  -0.145153  0.297633  0.0987722  -0.0673421  0.0987722  0.165457
0.318881  -0.145173  -0.0672728  -0.145173  0.297654  0.0987398  -0.0672728  0.0987398  0.165429
0.318866  -0.145188  -0.0671211  -0.145188  0.297641  0.0986433  -0.0671211  0.0986433  0.16536
0.318866  -0.145188  -0.0671211  -0.145188  0.297641  0.0986433  -0.0671211  0.0986433  0.16536
0.318856  -0.14509  -0.0671034  -0.14509  0.297471  0.0985643  -0.0671034  0.0985643  0.16534
0.318849  -0.145081  -0.0670831  -0.145081  0.297459  0.0985482  -0.0670831  0.0985482  0.165332
0.318826  -0.145101  -0.0668868  -0.145101  0.29745  0.0984278  -0.0668868  0.0984278  0.165245
0.318819  -0.145092  -0.0668666  -0.145092  0.297437  0.0984117  -0.0668666  0.0984117  0.165237
0.31882  -0.145066  -0.0668535  -0.145066  0.297382  0.0983802  -0.0668535  0.0983802  0.165225
0.318787  -0.144953  -0.0668129  -0.144953  0.297213  0.0982929  -0.0668129  0.0982929  0.165201
0.318787  -0.144967  -0.0667884  -0.144967  0.29723  0.0982848  -0.0667884  0.0982848  0.165191
0.318779  -0.144976  -0.0666817  -0.144976  0.297213  0.0982129  -0.0666817  0.0982129  0.165142
0.318745  -0.144906  -0.0665678  -0.144906  0.297094  0.0981014  -0.0665678  0.0981014  0.165088
0.318738  -0.144883  -0.0665721  -0.144883  0.297065  0.0980936  -0.0665721  0.0980936  0.165089
0.318733  -0.144834  -0.0665633  -0.144834  0.29698  0.0980543  -0.0665633  0.0980543  0.165079
0.318682  -0.144801  -0.0663734  -0.144801  0.296925  0.0979262  -0.0663734  0.0979262  0.165001
0.318674  -0.144792  -0.0663533  -0.144792  0.296912  0.0979103  -0.0663533  0.0979103  0.164992
0.318634  -0.144685  -0.0662684  -0.144685  0.296747  0.0977994  -0.0662684  0.0977994  0.16495
0.318634  -0.144685  -0.0662684  -0.144685  0.296747  0.0977994  -0.0662684  0.0977994  0.16495
0.318592  -0.144606  -0.0661348  -0.144606  0.296616  0.0976726  -0.0661348  0.0976726  0.164889
0.318592  -0.144606  -0.0661348  -0.144606  0.296616  0.0976726  -0.0661348  0.0976726  0.164889
0.318535  -0.144536  -0.0659742  -0.144536  0.296515  0.0975454  -0.0659742  0.0975454  0.164822
0.318528  -0.144527  -0.0659541  -0.144527  0.296502  0.0975295  -0.0659541  0.0975295  0.164814
0.318473  -0.144399  -0.0658912  -0.144399  0.296333  0.0974348  -0.0658912  0.0974348  0.164785
0.318466  -0.14439  -0.0658712  -0.14439  0.296321  0.097419  -0.0658712  0.097419  0.164777
0.318459  -0.144385  -0.0657895  -0.144385  0.296287  0.0973558  -0.0657895  0.0973558  0.164739
0.318403  -0.1443  -0.0656537  -0.1443  0.29617  0.0972372  -0.0656537  0.0972372  0.164682
0.318389  -0.144268  -0.065638  -0.144268  0.296127  0.0972136  -0.065638  0.0972136  0.164675
0.318375  -0.144236  -0.0656224  -0.144236  0.296085  0.09719  -0.0656224  0.09719  0.164668
0.318334  -0.144172  -0.0654652  -0.144172  0.295972  0.0970561  -0.0654652  0.0970561  0.164598
0.318326  -0.144164  -0.0654452  -0.144164  0.29596  0.0970403  -0.0654452  0.0970403  0.16459
0.318293  -0.14408  -0.0653568  -0.14408  0.295825  0.0969384  -0.0653568  0.0969384  0.164548
0.318286  -0.144071  -0.0653369  -0.144071  0.295813  0.0969227  -0.0653369  0.0969227  0.16454
0.318252  -0.144002  -0.0652243  -0.144002  0.295696  0.0968129  -0.0652243  0.0968129  0.164488
0.318252  -0.144002  -0.0652243  -0.144002  0.295696  0.0968129  -0.0652243  0.0968129  0.164488
0.318188  -0.143924  -0.065045  -0.143924  0.295583  0.0966714  -0.065045  0.0966714  0.164415
0.318204  -0.14393  -0.0650477  -0.14393  0.295571  0.0966639  -0.0650477  0.0966639  0.164411
0.318149  -0.143817  -0.0649613  -0.143817  0.29542  0.0965623  -0.0649613  0.0965623  0.164374
0.318149  -0.143817  -0.0649613  -0.143817  0.29542  0.0965623  -0.0649613  0.0965623  0.164374
0.318107  -0.143754  -0.0648049  -0.143754  0.295307  0.0964294  -0.0648049  0.0964294  0.164306
0.3181  -0.143745  -0.0647851  -0.143745  0.295295  0.0964137  -0.0647851  0.0964137  0.164298
0.318039  -0.143624  -0.0646792  -0.143624  0.295132  0.0962968  -0.0646792  0.0962968  0.164254
0.318032  -0.143601  -0.0646835  -0.143601  0.295103  0.0962891  -0.0646835  0.0962891  0.164255
0.31802  -0.143558  -0.0646311  -0.143558  0.295024  0.0962271  -0.0646311  0.0962271  0.164228
0.317963  -0.143503  -0.0644483  -0.143503  0.294941  0.0960943  -0.0644483  0.0960943  0.164155
0.317956  -0.143494  -0.0644285  -0.143494  0.294929  0.0960787  -0.0644285  0.0960787  0.164147
0.317881  -0.143342  -0.0643077  -0.143342  0.294725  0.0959391  -0.0643077  0.0959391  0.164097
0.317875  -0.143319  -0.0643121  -0.143319  0.294696  0.0959315  -0.0643121  0.0959315  0.164098
0.317805  -0.143218  -0.0641387  -0.143218  0.294555  0.095784  -0.0641387  0.095784  0.164029
0.317798  -0.14321  -0.0641189  -0.14321  0.294543  0.0957685  -0.0641189  0.0957685  0.164021
0.317745  -0.143101  -0.0639725  -0.143101  0.294373  0.0956217  -0.0639725  0.0956217  0.163956
0.317732  -0.143069  -0.0639573  -0.143069  0.294331  0.0955987  -0.0639573  0.0955987  0.16395
0.317657  -0.142932  -0.063813  -0.142932  0.294145  0.0954521  -0.063813  0.0954521  0.163891
0.317657  -0.142932  -0.063813  -0.142932  0.294145  0.0954521  -0.063813  0.0954521  0.163891
0.317568  -0.142792  -0.0636056  -0.142792  0.293952  0.0952672  -0.0636056  0.0952672  0.163809
0.317554  -0.142775  -0.0635663  -0.142775  0.293927  0.0952364  -0.0635663  0.0952364  0.163793
0.317528  -0.142712  -0.0635359  -0.142712  0.293845  0.0951905  -0.0635359  0.0951905  0.16378
0.31744  -0.142558  -0.0633531  -0.142558  0.293635  0.0950141  -0.0633531  0.0950141  0.163707
0.317433  -0.142549  -0.0633335  -0.142549  0.293623  0.0949987  -0.0633335  0.0949987  0.163699
0.317345  -0.142396  -0.0631511  -0.142396  0.293414  0.0948228  -0.0631511  0.0948228  0.163627
0.317338  -0.142387  -0.0631315  -0.142387  0.293401  0.0948075  -0.0631315  0.0948075  0.163619
0.317267  -0.142226  -0.062976  -0.142226  0.293164  0.0946323  -0.062976  0.0946323  0.163552
0.317267  -0.142226  -0.062976  -0.142226  0.293164  0.0946323  -0.062976  0.0946323  0.163552
0.317179  -0.142087  -0.0627703  -0.142087  0.292972  0.0944495  -0.0627703  0.0944495  0.163471
0.317159  -0.142047  -0.0627358  -0.142047  0.292919  0.0944115  -0.0627358  0.0944115  0.163458
0.317126  -0.141976  -0.0626863  -0.141976  0.292825  0.0943509  -0.0626863  0.0943509  0.163437
0.317033  -0.141801  -0.0625097  -0.141801  0.292589  0.0941691  -0.0625097  0.0941691  0.163368
0.317014  -0.141761  -0.0624753  -0.141761  0.292536  0.0941313  -0.0624753  0.0941313  0.163354
0.316974  -0.141697  -0.0623827  -0.141697  0.292446  0.0940481  -0.0623827  0.0940481  0.163318
0.316889  -0.141519  -0.0621897  -0.141519  0.292187  0.0938444  -0.0621897  0.0938444  0.163238
0.316876  -0.141488  -0.0621748  -0.141488  0.292146  0.0938219  -0.0621748  0.0938219  0.163231
0.316799  -0.14132  -0.0620016  -0.14132  0.291899  0.0936339  -0.0620016  0.0936339  0.163159
0.316786  -0.141289  -0.0619868  -0.141289  0.291858  0.0936115  -0.0619868  0.0936115  0.163153
0.316703  -0.141113  -0.0617947  -0.141113  0.2916  0.093409  -0.0617947  0.093409  0.163073
0.316703  -0.141113  -0.0617947  -0.141113  0.2916  0.093409  -0.0617947  0.093409  0.163073
0.316621  -0.140897  -0.0616143  -0.140897  0.291272  0.0931849  -0.0616143  0.0931849  0.162992
0.316615  -0.140889  -0.061595  -0.140889  0.291261  0.0931699  -0.061595  0.0931699  0.162985
0.316569  -0.140802  -0.0615078  -0.140802  0.291144  0.0930804  -0.0615078  0.0930804  0.162952
0.316468  -0.140574  -0.0613065  -0.140574  0.290819  0.0928499  -0.0613065  0.0928499  0.162869
0.316455  -0.140543  -0.0612919  -0.140543  0.290778  0.0928277  -0.0612919  0.0928277  0.162862
0.316347  -0.140307  -0.061072  -0.140307  0.290442  0.0925831  -0.061072  0.0925831  0.162773
0.316328  -0.140268  -0.0610382  -0.140268  0.29039  0.0925461  -0.0610382  0.0925461  0.16276
0.3162  -0.140018  -0.0607977  -0.140018  0.290056  0.0922951  -0.0607977  0.0922951  0.162669
0.316187  -0.139988  -0.0607831  -0.139988  0.290016  0.0922731  -0.0607831  0.0922731  0.162663
0.316048  -0.139694  -0.0605524  -0.139694  0.289626  0.0920087  -0.0605524  0.0920087  0.162574
0.316042  -0.139686  -0.0605334  -0.139686  0.289615  0.091994  -0.0605334  0.091994  0.162568
0.315909  -0.139416  -0.0602989  -0.139416  0.289255  0.0917378  -0.0602989  0.0917378  0.162479
0.315897  -0.139386  -0.0602845  -0.139386  0.289215  0.091716  -0.0602845  0.091716  0.162473
0.31574  -0.139066  -0.0600578  -0.139066  0.288813  0.0914541  -0.0600578  0.0914541  0.162392
0.315721  -0.139028  -0.0600245  -0.139028  0.288762  0.0914177  -0.0600245  0.0914177  0.162379
0.315657  -0.138915  -0.0599414  -0.138915  0.288633  0.0913308  -0.0599414  0.0913308  0.162353
0.315501  -0.138612  -0.0596924  -0.138612  0.288249  0.0910631  -0.0596924  0.0910631  0.162265
0.315489  -0.138582  -0.0596781  -0.138582  0.28821  0.0910414  -0.0596781  0.0910414  0.162259
0.315327  -0.138257  -0.0594346  -0.138257  0.287801  0.0907678  -0.0594346  0.0907678  0.162173
0.315303  -0.138197  -0.0594062  -0.138197  0.287722  0.0907247  -0.0594062  0.0907247  0.162162
0.315234  -0.138078  -0.0593051  -0.138078  0.287583  0.0906244  -0.0593051  0.0906244  0.16213
0.315062  -0.137736  -0.0590842  -0.137736  0.287173  0.0903673  -0.0590842  0.0903673  0.162057
0.315043  -0.137698  -0.0590514  -0.137698  0.287123  0.0903315  -0.0590514  0.0903315  0.162045
0.314866  -0.137349  -0.0588128  -0.137349  0.286703  0.0900614  -0.0588128  0.0900614  0.161966
0.314854  -0.137319  -0.0587987  -0.137319  0.286664  0.0900401  -0.0587987  0.0900401  0.161961
0.314806  -0.137214  -0.0587193  -0.137214  0.286526  0.0899476  -0.0587193  0.0899476  0.161932
0.314667  -0.136932  -0.058512  -0.136932  0.286173  0.089714  -0.058512  0.089714  0.161861
0.314661  -0.136924  -0.0584934  -0.136924  0.286162  0.0896998  -0.0584934  0.0896998  0.161855
0.314517  -0.136635  -0.0582682  -0.136635  0.285799  0.0894529  -0.0582682  0.0894529  0.161779
0.314517  -0.136635  -0.0582682  -0.136635  0.285799  0.0894529  -0.0582682  0.0894529  0.161779
0.31438  -0.136369  -0.0580392  -0.136369  0.285465  0.0892139  -0.0580392  0.0892139  0.161702
0.314368  -0.136339  -0.0580253  -0.136339  0.285427  0.0891929  -0.0580253  0.0891929  0.161697
0.314251  -0.136087  -0.0578175  -0.136087  0.285093  0.0889615  -0.0578175  0.0889615  0.161623
0.314239  -0.136057  -0.0578037  -0.136057  0.285054  0.0889405  -0.0578037  0.0889405  0.161618
0.314204  -0.135983  -0.0577391  -0.135983  0.284956  0.0888706  -0.0577391  0.0888706  0.161596
0.314094  -0.135739  -0.0575505  -0.135739  0.284635  0.0886543  -0.0575505  0.0886543  0.161529
0.314088  -0.135732  -0.0575321  -0.135732  0.284623  0.0886403  -0.0575321  0.0886403  0.161523
0.313995  -0.135539  -0.0573532  -0.135539  0.284368  0.0884523  -0.0573532  0.0884523  0.161461
0.313989  -0.135518  -0.0573578  -0.135518  0.284341  0.0884455  -0.0573578  0.0884455  0.161462
0.31391  -0.135331  -0.0571812  -0.135331  0.284073  0.0882507  -0.0571812  0.0882507  0.161396
0.313904  -0.135323  -0.0571628  -0.135323  0.284062  0.0882368  -0.0571628  0.0882368  0.16139
0.313806  -0.135124  -0.0569664  -0.135124  0.283797  0.0880361  -0.0569664  0.0880361  0.161323
0.313795  -0.135095  -0.0569528  -0.135095  0.283759  0.0880154  -0.0569528  0.0880154  0.161318
0.313703  -0.134904  -0.0567751  -0.134904  0.283505  0.0878293  -0.0567751  0.0878293  0.161258
0.313692  -0.134875  -0.0567616  -0.134875  0.283468  0.0878087  -0.0567616  0.0878087  0.161253
0.313612  -0.134713  -0.0565979  -0.134713  0.283252  0.0876436  -0.0565979  0.0876436  0.161198
0.313606  -0.134692  -0.0566026  -0.134692  0.283226  0.0876369  -0.0566026  0.0876369  0.161199
0.313521  -0.134523  -0.0564211  -0.134523  0.283  0.0874585  -0.0564211  0.0874585  0.161139
0.313521  -0.134523  -0.0564211  -0.134523  0.283  0.0874585  -0.0564211  0.0874585  0.161139
0.313441  -0.134362  -0.0562581  -0.134362  0.282785  0.0872944  -0.0562581  0.0872944  0.161085
0.313436  -0.134341  -0.0562628  -0.134341  0.282759  0.0872876  -0.0562628  0.0872876  0.161086
0.313379  -0.134238  -0.056127  -0.134238  0.282619  0.0871647  -0.056127  0.0871647  0.161042
0.313373  -0.13423  -0.0561089  -0.13423  0.282609  0.087151  -0.0561089  0.087151  0.161036
0.313345  -0.134165  -0.0560639  -0.134165  0.282523  0.0870966  -0.0560639  0.0870966  0.161021
0.313288  -0.134062  -0.0559285  -0.134062  0.282384  0.086974  -0.0559285  0.086974  0.160977
0.313243  -0.133975  -0.0558293  -0.133975  0.282267  0.0868789  -0.0558293  0.0868789  0.160945
0.313243  -0.133975  -0.0558293  -0.133975  0.282267  0.0868789  -0.0558293  0.0868789  0.160945
0.313174  -0.133867  -0.0556924  -0.133867  0.28214  0.0867641  -0.0556924  0.0867641  0.160906
0.313174  -0.133867  -0.0556924  -0.133867  0.28214  0.0867641  -0.0556924  0.0867641  0.160906
0.313118  -0.133765  -0.0555575  -0.133765  0.282002  0.0866422  -0.0555575  0.0866422  0.160863
0.313118  -0.133765  -0.0555575  -0.133765  0.282002  0.0866422  -0.0555575  0.0866422  0.160863
0.313095  -0.133721  -0.0555082  -0.133721  0.281943  0.0865948  -0.0555082  0.0865948  0.160847
0.313027  -0.1336  -0.0553945  -0.1336  0.281802  0.0864875  -0.0553945  0.0864875  0.160815
0.313021  -0.133593  -0.0553765  -0.133593  0.281791  0.086474  -0.0553765  0.086474  0.160809
0.312953  -0.133486  -0.0552403  -0.133486  0.281665  0.08636  -0.0552403  0.08636  0.160771
0.312947  -0.133479  -0.0552223  -0.133479  0.281655  0.0863465  -0.0552223  0.0863465  0.160766
0.312925  -0.133435  -0.0551731  -0.133435  0.281596  0.0862994  -0.0551731  0.0862994  0.16075
0.312857  -0.133315  -0.0550599  -0.133315  0.281456  0.0861927  -0.0550599  0.0861927  0.160719
0.312851  -0.133307  -0.055042  -0.133307  0.281445  0.0861792  -0.055042  0.0861792  0.160713
0.312784  -0.133187  -0.054929  -0.133187  0.281304  0.0860727  -0.054929  0.0860727  0.160682
0.312778  -0.13318  -0.0549111  -0.13318  0.281294  0.0860592  -0.0549111  0.0860592  0.160677
0.312723  -0.133065  -0.0548  -0.133065  0.281141  0.0859455  -0.0548  0.0859455  0.160641
0.312712  -0.133036  -0.0547869  -0.133036  0.281104  0.0859255  -0.0547869  0.0859255  0.160637
0.312678  -0.132988  -0.0547362  -0.132988  0.281059  0.0858861  -0.0547362  0.0858861  0.160626
0.312618  -0.132866  -0.0546076  -0.132866  0.280896  0.0857593  -0.0546076  0.0857593  0.160586
0.312607  -0.132838  -0.0545945  -0.132838  0.28086  0.0857394  -0.0545945  0.0857394  0.160581
0.312573  -0.13279  -0.054544  -0.13279  0.280814  0.0857001  -0.054544  0.0857001  0.16057
0.312502  -0.13264  -0.0544026  -0.13264  0.280615  0.0855539  -0.0544026  0.0855539  0.160526
0.312497  -0.132632  -0.0543848  -0.132632  0.280605  0.0855405  -0.0543848  0.0855405  0.160521
0.312414  -0.132478  -0.0542419  -0.132478  0.280419  0.085402  -0.0542419  0.085402  0.160481
0.312404  -0.132449  -0.0542289  -0.132449  0.280383  0.0853822  -0.0542289  0.0853822  0.160476
0.312364  -0.132381  -0.0541834  -0.132381  0.280312  0.0853367  -0.0541834  0.0853367  0.160467
0.312277  -0.132206  -0.0540458  -0.132206  0.280101  0.0851922  -0.0540458  0.0851922  0.160428
0.312272  -0.132198  -0.0540281  -0.132198  0.28009  0.0851789  -0.0540281  0.0851789  0.160423
0.312175  -0.131996  -0.0538778  -0.131996  0.279843  0.0850151  -0.0538778  0.0850151  0.160381
0.312169  -0.131988  -0.0538601  -0.131988  0.279833  0.0850019  -0.0538601  0.0850019  0.160376
0.312067  -0.131779  -0.0536926  -0.131779  0.279577  0.0848254  -0.0536926  0.0848254  0.160328
0.312045  -0.131746  -0.0536781  -0.131746  0.279553  0.0848132  -0.0536781  0.0848132  0.160328
0.312003  -0.131647  -0.0536041  -0.131647  0.279424  0.084728  -0.0536041  0.084728  0.160305
0.311884  -0.131413  -0.0534404  -0.131413  0.279156  0.0845533  -0.0534404  0.0845533  0.160264
0.311874  -0.131385  -0.0534276  -0.131385  0.27912  0.0845337  -0.0534276  0.0845337  0.16026
