0.315097  -0.140236  -0.0609018  -0.140236  0.292343  0.0935989  -0.0609018  0.0935989  0.163221
0.315097  -0.140236  -0.0609018  -0.140236  0.292343  0.0935989  -0.0609018  0.0935989  0.163221
0.315104  -0.140244  -0.0609208  -0.140244  0.292355  0.0936138  -0.0609208  0.0936138  0.163228
0.315104  -0.140244  -0.0609208  -0.140244  0.292355  0.0936138  -0.0609208  0.0936138  0.163228
0.315122  -0.140283  -0.0609544  -0.140283  0.292407  0.093651  -0.0609544  0.093651  0.163241
0.315122  -0.140283  -0.0609544  -0.140283  0.292407  0.093651  -0.0609544  0.093651  0.163241
0.315134  -0.140313  -0.0609689  -0.140313  0.292447  0.0936733  -0.0609689  0.0936733  0.163247
0.315134  -0.140313  -0.0609689  -0.140313  0.292447  0.0936733  -0.0609689  0.0936733  0.163247
0.315155  -0.140328  -0.0609903  -0.140328  0.292447  0.0936807  -0.0609903  0.0936807  0.16325
0.315155  -0.140328  -0.0609903  -0.140328  0.292447  0.0936807  -0.0609903  0.0936807  0.16325
0.315147  -0.140344  -0.0609834  -0.140344  0.292488  0.0936955  -0.0609834  0.0936955  0.163253
0.315147  -0.140344  -0.0609834  -0.140344  0.292488  0.0936955  -0.0609834  0.0936955  0.163253
0.315153  -0.140352  -0.0610025  -0.140352  0.2925  0.0937105  -0.0610025  0.0937105  0.16326
0.315153  -0.140352  -0.0610025  -0.140352  0.2925  0.0937105  -0.0610025  0.0937105  0.16326
0.315147  -0.140344  -0.0609834  -0.140344  0.292488  0.0936955  -0.0609834  0.0936955  0.163253
0.31514  -0.14035  -0.0609407  -0.14035  0.292492  0.093673  -0.0609407  0.093673  0.163238
0.31514  -0.14035  -0.0609407  -0.14035  0.292492  0.093673  -0.0609407  0.093673  0.163238
0.31514  -0.14035  -0.0609407  -0.14035  0.292492  0.093673  -0.0609407  0.093673  0.163238
0.315134  -0.140328  -0.0609452  -0.140328  0.292464  0.0936657  -0.0609452  0.0936657  0.163239
0.315128  -0.140319  -0.0609262  -0.140319  0.292452  0.0936508  -0.0609262  0.0936508  0.163232
0.315133  -0.140342  -0.0609216  -0.140342  0.29248  0.0936581  -0.0609216  0.0936581  0.163231
0.315133  -0.140342  -0.0609216  -0.140342  0.29248  0.0936581  -0.0609216  0.0936581  0.163231
0.315162  -0.140339  -0.06095  -0.140339  0.292439  0.0936507  -0.06095  0.0936507  0.163231
0.315168  -0.140362  -0.0609454  -0.140362  0.292468  0.093658  -0.0609454  0.093658  0.163229
0.315181  -0.140382  -0.0609241  -0.140382  0.292472  0.0936429  -0.0609241  0.0936429  0.163217
0.315181  -0.140382  -0.0609241  -0.140382  0.292472  0.0936429  -0.0609241  0.0936429  0.163217
0.315196  -0.140373  -0.0609501  -0.140373  0.292443  0.093643  -0.0609501  0.093643  0.163221
0.315202  -0.140396  -0.0609456  -0.140396  0.292471  0.0936503  -0.0609456  0.0936503  0.16322
0.31521  -0.140394  -0.0609288  -0.140394  0.292447  0.0936279  -0.0609288  0.0936279  0.163209
0.315237  -0.140419  -0.0609099  -0.140419  0.292439  0.0936053  -0.0609099  0.0936053  0.163193
0.315237  -0.140419  -0.0609099  -0.140419  0.292439  0.0936053  -0.0609099  0.0936053  0.163193
0.315251  -0.140425  -0.0609123  -0.140425  0.292426  0.0935978  -0.0609123  0.0935978  0.163189
0.315265  -0.140431  -0.0609146  -0.140431  0.292414  0.0935903  -0.0609146  0.0935903  0.163184
0.315287  -0.140449  -0.0608766  -0.140449  0.292394  0.0935527  -0.0608766  0.0935527  0.163161
0.315287  -0.140449  -0.0608766  -0.140449  0.292394  0.0935527  -0.0608766  0.0935527  0.163161
0.315321  -0.140483  -0.0608767  -0.140483  0.292398  0.0935451  -0.0608767  0.0935451  0.163152
0.315321  -0.140483  -0.0608767  -0.140483  0.292398  0.0935451  -0.0608767  0.0935451  0.163152
0.315368  -0.140537  -0.0608556  -0.140537  0.292406  0.0935222  -0.0608556  0.0935222  0.16313
0.315368  -0.140537  -0.0608556  -0.140537  0.292406  0.0935222  -0.0608556  0.0935222  0.16313
0.315417  -0.140577  -0.060858  -0.140577  0.292397  0.093507  -0.060858  0.093507  0.163117
0.315417  -0.140577  -0.060858  -0.140577  0.292397  0.093507  -0.060858  0.093507  0.163117
0.315485  -0.140646  -0.0608583  -0.140646  0.292405  0.0934916  -0.0608583  0.0934916  0.163098
0.315485  -0.140646  -0.0608583  -0.140646  0.292405  0.0934916  -0.0608583  0.0934916  0.163098
0.315559  -0.140736  -0.0608539  -0.140736  0.292441  0.0934835  -0.0608539  0.0934835  0.163078
0.315559  -0.140736  -0.0608539  -0.140736  0.292441  0.0934835  -0.0608539  0.0934835  0.163078
0.315628  -0.140805  -0.0608541  -0.140805  0.292448  0.0934681  -0.0608541  0.0934681  0.16306
0.315628  -0.140805  -0.0608541  -0.140805  0.292448  0.0934681  -0.0608541  0.0934681  0.16306
0.315682  -0.140867  -0.060852  -0.140867  0.292468  0.0934602  -0.060852  0.0934602  0.163045
0.315688  -0.14089  -0.0608474  -0.14089  0.292497  0.0934675  -0.0608474  0.0934675  0.163044
0.315757  -0.140958  -0.0608476  -0.140958  0.292505  0.093452  -0.0608476  0.093452  0.163026
0.315757  -0.140958  -0.0608476  -0.140958  0.292505  0.093452  -0.0608476  0.093452  0.163026
0.315817  -0.141043  -0.0608409  -0.141043  0.292553  0.0934514  -0.0608409  0.0934514  0.16301
0.315832  -0.141049  -0.0608432  -0.141049  0.292541  0.0934438  -0.0608432  0.0934438  0.163006
0.31588  -0.141104  -0.0608219  -0.141104  0.292549  0.0934209  -0.0608219  0.0934209  0.162985
0.31588  -0.141104  -0.0608219  -0.141104  0.292549  0.0934209  -0.0608219  0.0934209  0.162985
0.315935  -0.141166  -0.0608198  -0.141166  0.292569  0.093413  -0.0608198  0.093413  0.16297
0.315941  -0.141189  -0.0608152  -0.141189  0.292598  0.0934203  -0.0608152  0.0934203  0.162969
0.315995  -0.141251  -0.060813  -0.141251  0.292618  0.0934123  -0.060813  0.0934123  0.162955
0.31601  -0.141257  -0.0608153  -0.141257  0.292606  0.0934048  -0.0608153  0.0934048  0.162951
0.316065  -0.14132  -0.0608131  -0.14132  0.292626  0.0933968  -0.0608131  0.0933968  0.162936
0.316065  -0.14132  -0.0608131  -0.14132  0.292626  0.0933968  -0.0608131  0.0933968  0.162936
0.316126  -0.141405  -0.0608064  -0.141405  0.292675  0.0933961  -0.0608064  0.0933961  0.162921
0.316126  -0.141405  -0.0608064  -0.141405  0.292675  0.0933961  -0.0608064  0.0933961  0.162921
0.316181  -0.141468  -0.0608042  -0.141468  0.292695  0.0933881  -0.0608042  0.0933881  0.162906
0.316195  -0.141474  -0.0608065  -0.141474  0.292683  0.0933806  -0.0608065  0.0933806  0.162902
0.316236  -0.141531  -0.060802  -0.141531  0.292716  0.0933801  -0.060802  0.0933801  0.162892
0.316256  -0.14156  -0.0607997  -0.14156  0.292732  0.0933799  -0.0607997  0.0933799  0.162887
0.316297  -0.141617  -0.0607952  -0.141617  0.292765  0.0933794  -0.0607952  0.0933794  0.162876
0.316297  -0.141617  -0.0607952  -0.141617  0.292765  0.0933794  -0.0607952  0.0933794  0.162876
0.316352  -0.14168  -0.060793  -0.14168  0.292785  0.0933714  -0.060793  0.0933714  0.162862
0.316346  -0.141671  -0.0607738  -0.141671  0.292773  0.0933564  -0.0607738  0.0933564  0.162855
0.316387  -0.141728  -0.0607692  -0.141728  0.292806  0.0933559  -0.0607692  0.0933559  0.162845
0.316401  -0.141734  -0.0607715  -0.141734  0.292794  0.0933483  -0.0607715  0.0933483  0.16284
0.316442  -0.141791  -0.060767  -0.141791  0.292827  0.0933478  -0.060767  0.0933478  0.16283
0.316442  -0.141791  -0.060767  -0.141791  0.292827  0.0933478  -0.060767  0.0933478  0.16283
0.316476  -0.14184  -0.0607432  -0.14184  0.292848  0.0933323  -0.0607432  0.0933323  0.162813
0.316483  -0.141863  -0.0607386  -0.141863  0.292877  0.0933396  -0.0607386  0.0933396  0.162812
0.316538  -0.141926  -0.0607364  -0.141926  0.292897  0.0933316  -0.0607364  0.0933316  0.162797
0.316538  -0.141926  -0.0607364  -0.141926  0.292897  0.0933316  -0.0607364  0.0933316  0.162797
0.316559  -0.141954  -0.0607341  -0.141954  0.292914  0.0933313  -0.0607341  0.0933313  0.162792
0.3166  -0.142012  -0.0607295  -0.142012  0.292947  0.0933308  -0.0607295  0.0933308  0.162782
0.316614  -0.142018  -0.0607319  -0.142018  0.292934  0.0933233  -0.0607319  0.0933233  0.162778
0.316655  -0.142075  -0.0607273  -0.142075  0.292967  0.0933227  -0.0607273  0.0933227  0.162768
0.316662  -0.142097  -0.0607227  -0.142097  0.292996  0.09333  -0.0607227  0.09333  0.162767
0.316711  -0.142152  -0.0607012  -0.142152  0.293005  0.0933069  -0.0607012  0.0933069  0.162745
0.316711  -0.142152  -0.0607012  -0.142152  0.293005  0.0933069  -0.0607012  0.0933069  0.162745
0.316752  -0.14221  -0.0606966  -0.14221  0.293038  0.0933064  -0.0606966  0.0933064  0.162735
0.316752  -0.14221  -0.0606966  -0.14221  0.293038  0.0933064  -0.0606966  0.0933064  0.162735
0.316793  -0.142267  -0.060692  -0.142267  0.293071  0.0933058  -0.060692  0.0933058  0.162725
0.316793  -0.142267  -0.060692  -0.142267  0.293071  0.0933058  -0.060692  0.0933058  0.162725
0.316834  -0.142324  -0.0606874  -0.142324  0.293104  0.0933053  -0.0606874  0.0933053  0.162714
0.316834  -0.142324  -0.0606874  -0.142324  0.293104  0.0933053  -0.0606874  0.0933053  0.162714
0.31687  -0.142359  -0.0606874  -0.142359  0.293109  0.0932975  -0.0606874  0.0932975  0.162705
0.316884  -0.142365  -0.0606897  -0.142365  0.293096  0.0932899  -0.0606897  0.0932899  0.162701
0.316911  -0.142416  -0.0606828  -0.142416  0.293142  0.0932969  -0.0606828  0.0932969  0.162695
0.316947  -0.142451  -0.0606828  -0.142451  0.293146  0.0932891  -0.0606828  0.0932891  0.162686
0.316947  -0.142451  -0.0606828  -0.142451  0.293146  0.0932891  -0.0606828  0.0932891  0.162686
0.316961  -0.142457  -0.0606851  -0.142457  0.293134  0.0932815  -0.0606851  0.0932815  0.162682
0.31699  -0.142483  -0.0606658  -0.142483  0.293126  0.0932586  -0.0606658  0.0932586  0.162665
0.31699  -0.142483  -0.0606658  -0.142483  0.293126  0.0932586  -0.0606658  0.0932586  0.162665
0.317033  -0.142515  -0.0606489  -0.142515  0.293106  0.0932282  -0.0606489  0.0932282  0.162645
0.317033  -0.142515  -0.0606489  -0.142515  0.293106  0.0932282  -0.0606489  0.0932282  0.162645
0.317048  -0.142521  -0.0606512  -0.142521  0.293093  0.0932206  -0.0606512  0.0932206  0.162641
0.31707  -0.142525  -0.0606365  -0.142525  0.293056  0.0931905  -0.0606365  0.0931905  0.162626
0.31707  -0.142525  -0.0606365  -0.142525  0.293056  0.0931905  -0.0606365  0.0931905  0.162626
0.317099  -0.142551  -0.0606172  -0.142551  0.293049  0.0931676  -0.0606172  0.0931676  0.162609
0.317099  -0.142551  -0.0606172  -0.142551  0.293049  0.0931676  -0.0606172  0.0931676  0.162609
0.317128  -0.142563  -0.0606218  -0.142563  0.293024  0.0931525  -0.0606218  0.0931525  0.162601
0.317128  -0.142563  -0.0606218  -0.142563  0.293024  0.0931525  -0.0606218  0.0931525  0.162601
0.31715  -0.142566  -0.0606071  -0.142566  0.292987  0.0931223  -0.0606071  0.0931223  0.162586
0.317144  -0.142558  -0.0605878  -0.142558  0.292975  0.0931073  -0.0605878  0.0931073  0.162579
0.317158  -0.142564  -0.0605901  -0.142564  0.292962  0.0930997  -0.0605901  0.0930997  0.162575
0.317175  -0.142545  -0.06058  -0.142545  0.292896  0.0930623  -0.06058  0.0930623  0.162561
0.317175  -0.142545  -0.06058  -0.142545  0.292896  0.0930623  -0.06058  0.0930623  0.162561
0.317203  -0.142571  -0.0605607  -0.142571  0.292889  0.0930394  -0.0605607  0.0930394  0.162545
0.317218  -0.142577  -0.060563  -0.142577  0.292876  0.0930318  -0.060563  0.0930318  0.162541
0.317211  -0.142568  -0.0605437  -0.142568  0.292864  0.0930168  -0.0605437  0.0930168  0.162534
0.317226  -0.142574  -0.060546  -0.142574  0.292852  0.0930093  -0.060546  0.0930093  0.162529
0.317263  -0.142584  -0.0605335  -0.142584  0.292802  0.0929716  -0.0605335  0.0929716  0.16251
0.317263  -0.142584  -0.0605335  -0.142584  0.292802  0.0929716  -0.0605335  0.0929716  0.16251
0.317298  -0.142618  -0.0605335  -0.142618  0.292807  0.0929637  -0.0605335  0.0929637  0.162501
0.317313  -0.142624  -0.0605358  -0.142624  0.292794  0.0929561  -0.0605358  0.0929561  0.162497
0.317342  -0.14265  -0.0605164  -0.14265  0.292786  0.0929332  -0.0605164  0.0929332  0.162481
0.317342  -0.14265  -0.0605164  -0.14265  0.292786  0.0929332  -0.0605164  0.0929332  0.162481
0.317392  -0.142691  -0.0605186  -0.142691  0.292778  0.0929177  -0.0605186  0.0929177  0.162467
0.317392  -0.142691  -0.0605186  -0.142691  0.292778  0.0929177  -0.0605186  0.0929177  0.162467
0.317428  -0.142726  -0.0605185  -0.142726  0.292782  0.0929098  -0.0605185  0.0929098  0.162458
0.317442  -0.142732  -0.0605208  -0.142732  0.29277  0.0929023  -0.0605208  0.0929023  0.162454
0.317457  -0.142738  -0.0605231  -0.142738  0.292758  0.0928947  -0.0605231  0.0928947  0.16245
0.317499  -0.142795  -0.0605184  -0.142795  0.292791  0.092894  -0.0605184  0.092894  0.16244
0.317514  -0.142801  -0.0605206  -0.142801  0.292779  0.0928865  -0.0605206  0.0928865  0.162436
0.31755  -0.142836  -0.0605205  -0.142836  0.292783  0.0928786  -0.0605205  0.0928786  0.162426
0.31755  -0.142836  -0.0605205  -0.142836  0.292783  0.0928786  -0.0605205  0.0928786  0.162426
0.317606  -0.142899  -0.0605181  -0.142899  0.292804  0.0928703  -0.0605181  0.0928703  0.162412
0.317606  -0.142899  -0.0605181  -0.142899  0.292804  0.0928703  -0.0605181  0.0928703  0.162412
0.317642  -0.142934  -0.060518  -0.142934  0.292808  0.0928624  -0.060518  0.0928624  0.162403
0.317648  -0.142957  -0.0605134  -0.142957  0.292837  0.0928696  -0.0605134  0.0928696  0.162402
0.317663  -0.142963  -0.0605156  -0.142963  0.292825  0.0928621  -0.0605156  0.0928621  0.162398
0.317714  -0.143004  -0.0605178  -0.143004  0.292817  0.0928466  -0.0605178  0.0928466  0.162384
0.317714  -0.143004  -0.0605178  -0.143004  0.292817  0.0928466  -0.0605178  0.0928466  0.162384
0.317756  -0.143062  -0.0605131  -0.143062  0.29285  0.0928459  -0.0605131  0.0928459  0.162374
0.317756  -0.143062  -0.0605131  -0.143062  0.29285  0.0928459  -0.0605131  0.0928459  0.162374
0.317807  -0.143102  -0.0605152  -0.143102  0.292842  0.0928304  -0.0605152  0.0928304  0.162361
0.317807  -0.143102  -0.0605152  -0.143102  0.292842  0.0928304  -0.0605152  0.0928304  0.162361
0.317828  -0.143131  -0.0605128  -0.143131  0.292859  0.09283  -0.0605128  0.09283  0.162356
0.317864  -0.143166  -0.0605127  -0.143166  0.292863  0.0928221  -0.0605127  0.0928221  0.162346
0.317864  -0.143166  -0.0605127  -0.143166  0.292863  0.0928221  -0.0605127  0.0928221  0.162346
0.3179  -0.143201  -0.0605126  -0.143201  0.292867  0.0928142  -0.0605126  0.0928142  0.162337
0.3179  -0.143201  -0.0605126  -0.143201  0.292867  0.0928142  -0.0605126  0.0928142  0.162337
0.317921  -0.14323  -0.0605103  -0.14323  0.292884  0.0928138  -0.0605103  0.0928138  0.162332
0.31795  -0.143256  -0.0604908  -0.143256  0.292876  0.0927908  -0.0604908  0.0927908  0.162316
0.31795  -0.143256  -0.0604908  -0.143256  0.292876  0.0927908  -0.0604908  0.0927908  0.162316
0.317986  -0.143291  -0.0604907  -0.143291  0.292881  0.0927829  -0.0604907  0.0927829  0.162307
0.317986  -0.143291  -0.0604907  -0.143291  0.292881  0.0927829  -0.0604907  0.0927829  0.162307
0.318015  -0.143317  -0.0604712  -0.143317  0.292873  0.0927599  -0.0604712  0.0927599  0.162291
0.31803  -0.143323  -0.0604734  -0.143323  0.292861  0.0927523  -0.0604734  0.0927523  0.162287
0.318066  -0.143358  -0.0604733  -0.143358  0.292865  0.0927443  -0.0604733  0.0927443  0.162277
0.318059  -0.143349  -0.060454  -0.143349  0.292853  0.0927293  -0.060454  0.0927293  0.16227
0.318095  -0.143384  -0.0604538  -0.143384  0.292857  0.0927213  -0.0604538  0.0927213  0.162261
0.318095  -0.143384  -0.0604538  -0.143384  0.292857  0.0927213  -0.0604538  0.0927213  0.162261
0.318131  -0.143434  -0.0604297  -0.143434  0.292879  0.0927055  -0.0604297  0.0927055  0.162244
0.318131  -0.143434  -0.0604297  -0.143434  0.292879  0.0927055  -0.0604297  0.0927055  0.162244
0.31816  -0.14346  -0.0604102  -0.14346  0.292871  0.0926825  -0.0604102  0.0926825  0.162228
0.31816  -0.14346  -0.0604102  -0.14346  0.292871  0.0926825  -0.0604102  0.0926825  0.162228
0.318166  -0.143483  -0.0604055  -0.143483  0.2929  0.0926897  -0.0604055  0.0926897  0.162227
0.318202  -0.143518  -0.0604054  -0.143518  0.292905  0.0926818  -0.0604054  0.0926818  0.162218
0.318202  -0.143518  -0.0604054  -0.143518  0.292905  0.0926818  -0.0604054  0.0926818  0.162218
0.318238  -0.143567  -0.0603812  -0.143567  0.292926  0.092666  -0.0603812  0.092666  0.162201
0.318259  -0.143596  -0.0603788  -0.143596  0.292943  0.0926656  -0.0603788  0.0926656  0.162196
0.318259  -0.143596  -0.0603788  -0.143596  0.292943  0.0926656  -0.0603788  0.0926656  0.162196
0.318274  -0.143602  -0.0603811  -0.143602  0.292931  0.092658  -0.0603811  0.092658  0.162192
0.318288  -0.143622  -0.0603593  -0.143622  0.292936  0.0926425  -0.0603593  0.0926425  0.16218
0.318295  -0.143645  -0.0603546  -0.143645  0.292965  0.0926497  -0.0603546  0.0926497  0.162179
0.318316  -0.143674  -0.0603522  -0.143674  0.292982  0.0926494  -0.0603522  0.0926494  0.162174
0.318316  -0.143674  -0.0603522  -0.143674  0.292982  0.0926494  -0.0603522  0.0926494  0.162174
0.31833  -0.143695  -0.0603304  -0.143695  0.292986  0.0926339  -0.0603304  0.0926339  0.162162
0.318345  -0.143701  -0.0603327  -0.143701  0.292974  0.0926263  -0.0603327  0.0926263  0.162157
0.318345  -0.143715  -0.0603087  -0.143715  0.292991  0.0926185  -0.0603087  0.0926185  0.16215
0.31836  -0.143721  -0.0603109  -0.143721  0.292979  0.0926109  -0.0603109  0.0926109  0.162146
0.31836  -0.143721  -0.0603109  -0.143721  0.292979  0.0926109  -0.0603109  0.0926109  0.162146
0.318368  -0.143718  -0.0602937  -0.143718  0.292954  0.0925882  -0.0602937  0.0925882  0.162135
0.318368  -0.143718  -0.0602937  -0.143718  0.292954  0.0925882  -0.0602937  0.0925882  0.162135
0.318382  -0.143739  -0.060272  -0.143739  0.292959  0.0925727  -0.060272  0.0925727  0.162123
0.318375  -0.14373  -0.0602526  -0.14373  0.292947  0.0925577  -0.0602526  0.0925577  0.162116
0.318375  -0.14373  -0.0602526  -0.14373  0.292947  0.0925577  -0.0602526  0.0925577  0.162116
0.31839  -0.143736  -0.0602548  -0.143736  0.292935  0.0925501  -0.0602548  0.0925501  0.162112
0.318398  -0.143733  -0.0602377  -0.143733  0.29291  0.0925274  -0.0602377  0.0925274  0.162101
0.318398  -0.143733  -0.0602377  -0.143733  0.29291  0.0925274  -0.0602377  0.0925274  0.162101
0.318397  -0.143748  -0.0602136  -0.143748  0.292927  0.0925196  -0.0602136  0.0925196  0.162093
0.318412  -0.143754  -0.0602159  -0.143754  0.292915  0.092512  -0.0602159  0.092512  0.162089
0.318405  -0.143745  -0.0601965  -0.143745  0.292903  0.0924969  -0.0601965  0.0924969  0.162082
0.318398  -0.143736  -0.0601771  -0.143736  0.292891  0.0924819  -0.0601771  0.0924819  0.162075
0.318413  -0.143742  -0.0601794  -0.143742  0.292878  0.0924743  -0.0601794  0.0924743  0.162071
0.318406  -0.143734  -0.06016  -0.143734  0.292866  0.0924593  -0.06016  0.0924593  0.162064
0.318406  -0.143734  -0.06016  -0.143734  0.292866  0.0924593  -0.06016  0.0924593  0.162064
0.318413  -0.143731  -0.0601428  -0.143731  0.292842  0.0924366  -0.0601428  0.0924366  0.162053
0.318406  -0.143722  -0.0601235  -0.143722  0.29283  0.0924216  -0.0601235  0.0924216  0.162046
0.318393  -0.143691  -0.0601088  -0.143691  0.292788  0.0923994  -0.0601088  0.0923994  0.162041
0.318393  -0.143691  -0.0601088  -0.143691  0.292788  0.0923994  -0.0601088  0.0923994  0.162041
0.318401  -0.143688  -0.0600916  -0.143688  0.292764  0.0923768  -0.0600916  0.0923768  0.16203
0.318401  -0.143688  -0.0600916  -0.143688  0.292764  0.0923768  -0.0600916  0.0923768  0.16203
0.318387  -0.143671  -0.060053  -0.143671  0.29274  0.0923467  -0.060053  0.0923467  0.162016
0.318387  -0.143671  -0.060053  -0.143671  0.29274  0.0923467  -0.060053  0.0923467  0.162016
0.318387  -0.143671  -0.060053  -0.143671  0.29274  0.0923467  -0.060053  0.0923467  0.162016
0.318387  -0.14366  -0.0600165  -0.14366  0.292703  0.0923091  -0.0600165  0.0923091  0.161998
0.318387  -0.14366  -0.0600165  -0.14366  0.292703  0.0923091  -0.0600165  0.0923091  0.161998
0.318387  -0.143674  -0.0599925  -0.143674  0.29272  0.0923013  -0.0599925  0.0923013  0.161991
0.318387  -0.143674  -0.0599925  -0.143674  0.29272  0.0923013  -0.0599925  0.0923013  0.161991
0.31838  -0.143665  -0.0599731  -0.143665  0.292708  0.0922862  -0.0599731  0.0922862  0.161984
0.318395  -0.143671  -0.0599753  -0.143671  0.292696  0.0922786  -0.0599753  0.0922786  0.16198
0.318387  -0.143663  -0.059956  -0.143663  0.292684  0.0922636  -0.059956  0.0922636  0.161973
0.318387  -0.143663  -0.059956  -0.143663  0.292684  0.0922636  -0.059956  0.0922636  0.161973
0.318387  -0.143663  -0.059956  -0.143663  0.292684  0.0922636  -0.059956  0.0922636  0.161973
0.318387  -0.143677  -0.059932  -0.143677  0.292701  0.0922558  -0.059932  0.0922558  0.161965
0.318387  -0.143677  -0.059932  -0.143677  0.292701  0.0922558  -0.059932  0.0922558  0.161965
0.318387  -0.143677  -0.059932  -0.143677  0.292701  0.0922558  -0.059932  0.0922558  0.161965
0.318401  -0.143697  -0.0599102  -0.143697  0.292706  0.0922403  -0.0599102  0.0922403  0.161954
0.318401  -0.143697  -0.0599102  -0.143697  0.292706  0.0922403  -0.0599102  0.0922403  0.161954
0.318394  -0.143689  -0.0598909  -0.143689  0.292694  0.0922253  -0.0598909  0.0922253  0.161947
0.318394  -0.143689  -0.0598909  -0.143689  0.292694  0.0922253  -0.0598909  0.0922253  0.161947
0.318393  -0.143703  -0.0598669  -0.143703  0.292711  0.0922175  -0.0598669  0.0922175  0.161939
0.318393  -0.143703  -0.0598669  -0.143703  0.292711  0.0922175  -0.0598669  0.0922175  0.161939
0.318378  -0.143697  -0.0598647  -0.143697  0.292724  0.0922251  -0.0598647  0.0922251  0.161943
0.318378  -0.143697  -0.0598647  -0.143697  0.292724  0.0922251  -0.0598647  0.0922251  0.161943
0.318371  -0.143688  -0.0598454  -0.143688  0.292711  0.0922101  -0.0598454  0.0922101  0.161936
0.318378  -0.143711  -0.0598407  -0.143711  0.292741  0.0922173  -0.0598407  0.0922173  0.161936
0.318378  -0.143711  -0.0598407  -0.143711  0.292741  0.0922173  -0.0598407  0.0922173  0.161936
0.318378  -0.143711  -0.0598407  -0.143711  0.292741  0.0922173  -0.0598407  0.0922173  0.161936
0.318384  -0.143734  -0.059836  -0.143734  0.29277  0.0922244  -0.059836  0.0922244  0.161935
0.318377  -0.143726  -0.0598167  -0.143726  0.292758  0.0922094  -0.0598167  0.0922094  0.161928
0.318377  -0.143726  -0.0598167  -0.143726  0.292758  0.0922094  -0.0598167  0.0922094  0.161928
0.318377  -0.143726  -0.0598167  -0.143726  0.292758  0.0922094  -0.0598167  0.0922094  0.161928
0.318383  -0.143749  -0.059812  -0.143749  0.292787  0.0922166  -0.059812  0.0922166  0.161927
0.318398  -0.143755  -0.0598142  -0.143755  0.292775  0.092209  -0.0598142  0.092209  0.161923
0.318391  -0.143746  -0.0597949  -0.143746  0.292763  0.092194  -0.0597949  0.092194  0.161916
0.318391  -0.143746  -0.0597949  -0.143746  0.292763  0.092194  -0.0597949  0.092194  0.161916
0.318397  -0.143769  -0.0597902  -0.143769  0.292792  0.0922011  -0.0597902  0.0922011  0.161915
0.318397  -0.143769  -0.0597902  -0.143769  0.292792  0.0922011  -0.0597902  0.0922011  0.161915
0.318397  -0.143769  -0.0597902  -0.143769  0.292792  0.0922011  -0.0597902  0.0922011  0.161915
0.318397  -0.143784  -0.0597662  -0.143784  0.29281  0.0921933  -0.0597662  0.0921933  0.161907
0.318397  -0.143784  -0.0597662  -0.143784  0.29281  0.0921933  -0.0597662  0.0921933  0.161907
0.318405  -0.143781  -0.0597491  -0.143781  0.292785  0.0921707  -0.0597491  0.0921707  0.161897
0.318405  -0.143781  -0.0597491  -0.143781  0.292785  0.0921707  -0.0597491  0.0921707  0.161897
0.318405  -0.143781  -0.0597491  -0.143781  0.292785  0.0921707  -0.0597491  0.0921707  0.161897
0.318405  -0.143781  -0.0597491  -0.143781  0.292785  0.0921707  -0.0597491  0.0921707  0.161897
0.318419  -0.143801  -0.0597273  -0.143801  0.29279  0.0921552  -0.0597273  0.0921552  0.161885
0.318419  -0.143801  -0.0597273  -0.143801  0.29279  0.0921552  -0.0597273  0.0921552  0.161885
0.318427  -0.143798  -0.0597101  -0.143798  0.292766  0.0921326  -0.0597101  0.0921326  0.161874
0.318427  -0.143798  -0.0597101  -0.143798  0.292766  0.0921326  -0.0597101  0.0921326  0.161874
0.318435  -0.143796  -0.059693  -0.143796  0.292741  0.09211  -0.059693  0.09211  0.161863
0.318435  -0.143796  -0.059693  -0.143796  0.292741  0.09211  -0.059693  0.09211  0.161863
0.318441  -0.143819  -0.0596883  -0.143819  0.29277  0.0921171  -0.0596883  0.0921171  0.161862
0.318449  -0.143816  -0.0596712  -0.143816  0.292746  0.0920946  -0.0596712  0.0920946  0.161851
0.318449  -0.143816  -0.0596712  -0.143816  0.292746  0.0920946  -0.0596712  0.0920946  0.161851
0.31847  -0.143845  -0.0596687  -0.143845  0.292763  0.0920941  -0.0596687  0.0920941  0.161846
0.31847  -0.143845  -0.0596687  -0.143845  0.292763  0.0920941  -0.0596687  0.0920941  0.161846
0.318469  -0.143859  -0.0596447  -0.143859  0.29278  0.0920862  -0.0596447  0.0920862  0.161839
0.318484  -0.143865  -0.0596468  -0.143865  0.292768  0.0920786  -0.0596468  0.0920786  0.161835
0.318484  -0.143865  -0.0596468  -0.143865  0.292768  0.0920786  -0.0596468  0.0920786  0.161835
0.318499  -0.143886  -0.059625  -0.143886  0.292773  0.0920631  -0.059625  0.0920631  0.161823
0.318499  -0.143886  -0.059625  -0.143886  0.292773  0.0920631  -0.059625  0.0920631  0.161823
0.318513  -0.143906  -0.0596032  -0.143906  0.292777  0.0920477  -0.0596032  0.0920477  0.161811
0.318513  -0.143906  -0.0596032  -0.143906  0.292777  0.0920477  -0.0596032  0.0920477  0.161811
0.318534  -0.143935  -0.0596006  -0.143935  0.292794  0.0920472  -0.0596006  0.0920472  0.161806
0.318534  -0.143935  -0.0596006  -0.143935  0.292794  0.0920472  -0.0596006  0.0920472  0.161806
0.318556  -0.143964  -0.0595981  -0.143964  0.292811  0.0920467  -0.0595981  0.0920467  0.161801
0.318556  -0.143964  -0.0595981  -0.143964  0.292811  0.0920467  -0.0595981  0.0920467  0.161801
0.318556  -0.143964  -0.0595981  -0.143964  0.292811  0.0920467  -0.0595981  0.0920467  0.161801
0.318577  -0.143993  -0.0595956  -0.143993  0.292828  0.0920462  -0.0595956  0.0920462  0.161796
0.318577  -0.143993  -0.0595956  -0.143993  0.292828  0.0920462  -0.0595956  0.0920462  0.161796
0.318591  -0.144013  -0.0595737  -0.144013  0.292833  0.0920307  -0.0595737  0.0920307  0.161784
0.318591  -0.144013  -0.0595737  -0.144013  0.292833  0.0920307  -0.0595737  0.0920307  0.161784
0.318613  -0.144042  -0.0595712  -0.144042  0.29285  0.0920302  -0.0595712  0.0920302  0.161779
0.318613  -0.144042  -0.0595712  -0.144042  0.29285  0.0920302  -0.0595712  0.0920302  0.161779
0.318619  -0.144066  -0.0595665  -0.144066  0.29288  0.0920374  -0.0595665  0.0920374  0.161778
0.318619  -0.144066  -0.0595665  -0.144066  0.29288  0.0920374  -0.0595665  0.0920374  0.161778
0.318634  -0.144086  -0.0595447  -0.144086  0.292885  0.0920219  -0.0595447  0.0920219  0.161767
0.318634  -0.144086  -0.0595447  -0.144086  0.292885  0.0920219  -0.0595447  0.0920219  0.161767
0.318634  -0.144086  -0.0595447  -0.144086  0.292885  0.0920219  -0.0595447  0.0920219  0.161767
0.318634  -0.144086  -0.0595447  -0.144086  0.292885  0.0920219  -0.0595447  0.0920219  0.161767
0.318633  -0.1441  -0.0595206  -0.1441  0.292902  0.092014  -0.0595206  0.092014  0.161759
0.318633  -0.1441  -0.0595206  -0.1441  0.292902  0.092014  -0.0595206  0.092014  0.161759
0.318632  -0.144115  -0.0594966  -0.144115  0.292919  0.0920061  -0.0594966  0.0920061  0.161751
0.318632  -0.144115  -0.0594966  -0.144115  0.292919  0.0920061  -0.0594966  0.0920061  0.161751
0.318625  -0.144106  -0.0594773  -0.144106  0.292907  0.0919911  -0.0594773  0.0919911  0.161745
0.318631  -0.144129  -0.0594726  -0.144129  0.292937  0.0919983  -0.0594726  0.0919983  0.161744
0.318631  -0.144129  -0.0594726  -0.144129  0.292937  0.0919983  -0.0594726  0.0919983  0.161744
0.318624  -0.14412  -0.0594533  -0.14412  0.292925  0.0919833  -0.0594533  0.0919833  0.161737
0.318631  -0.144144  -0.0594486  -0.144144  0.292954  0.0919904  -0.0594486  0.0919904  0.161736
0.318631  -0.144144  -0.0594486  -0.144144  0.292954  0.0919904  -0.0594486  0.0919904  0.161736
0.31863  -0.144158  -0.0594246  -0.144158  0.292972  0.0919825  -0.0594246  0.0919825  0.161729
0.31863  -0.144158  -0.0594246  -0.144158  0.292972  0.0919825  -0.0594246  0.0919825  0.161729
0.318644  -0.144178  -0.0594027  -0.144178  0.292977  0.091967  -0.0594027  0.091967  0.161717
0.318644  -0.144178  -0.0594027  -0.144178  0.292977  0.091967  -0.0594027  0.091967  0.161717
0.318637  -0.14417  -0.0593834  -0.14417  0.292965  0.091952  -0.0593834  0.091952  0.16171
0.318651  -0.14419  -0.0593615  -0.14419  0.29297  0.0919365  -0.0593615  0.0919365  0.161699
0.318651  -0.14419  -0.0593615  -0.14419  0.29297  0.0919365  -0.0593615  0.0919365  0.161699
0.318664  -0.144236  -0.0593521  -0.144236  0.293029  0.0919507  -0.0593521  0.0919507  0.161697
0.318679  -0.144242  -0.0593542  -0.144242  0.293016  0.0919431  -0.0593542  0.0919431  0.161693
0.3187  -0.144286  -0.0593277  -0.144286  0.293051  0.0919347  -0.0593277  0.0919347  0.16168
0.3187  -0.144286  -0.0593277  -0.144286  0.293051  0.0919347  -0.0593277  0.0919347  0.16168
0.318714  -0.144306  -0.0593058  -0.144306  0.293056  0.0919192  -0.0593058  0.0919192  0.161669
0.318729  -0.144312  -0.0593079  -0.144312  0.293043  0.0919116  -0.0593079  0.0919116  0.161664
0.318729  -0.144326  -0.0592839  -0.144326  0.293061  0.0919037  -0.0592839  0.0919037  0.161657
0.318758  -0.144353  -0.0592641  -0.144353  0.293053  0.0918806  -0.0592641  0.0918806  0.161641
0.318764  -0.144376  -0.0592594  -0.144376  0.293083  0.0918876  -0.0592594  0.0918876  0.16164
0.318794  -0.144402  -0.0592397  -0.144402  0.293075  0.0918645  -0.0592397  0.0918645  0.161625
0.318794  -0.144402  -0.0592397  -0.144402  0.293075  0.0918645  -0.0592397  0.0918645  0.161625
0.318845  -0.144458  -0.0592173  -0.144458  0.293085  0.0918408  -0.0592173  0.0918408  0.161604
0.318851  -0.144481  -0.0592126  -0.144481  0.293115  0.0918479  -0.0592126  0.0918479  0.161603
0.318859  -0.144478  -0.0591954  -0.144478  0.29309  0.0918253  -0.0591954  0.0918253  0.161592
0.318895  -0.144527  -0.0591709  -0.144527  0.293112  0.0918092  -0.0591709  0.0918092  0.161576
0.318895  -0.144527  -0.0591709  -0.144527  0.293112  0.0918092  -0.0591709  0.0918092  0.161576
0.31893  -0.144591  -0.0591223  -0.144591  0.293152  0.0917852  -0.0591223  0.0917852  0.161551
0.318945  -0.144597  -0.0591245  -0.144597  0.29314  0.0917776  -0.0591245  0.0917776  0.161547
0.318981  -0.144647  -0.0590999  -0.144647  0.293162  0.0917615  -0.0590999  0.0917615  0.161531
0.318981  -0.144647  -0.0590999  -0.144647  0.293162  0.0917615  -0.0590999  0.0917615  0.161531
0.318995  -0.144667  -0.059078  -0.144667  0.293167  0.0917459  -0.059078  0.0917459  0.161519
0.319053  -0.144746  -0.0590508  -0.144746  0.293206  0.0917292  -0.0590508  0.0917292  0.161498
0.319068  -0.144752  -0.0590529  -0.144752  0.293194  0.0917216  -0.0590529  0.0917216  0.161493
0.319118  -0.144822  -0.0590064  -0.144822  0.293221  0.0916899  -0.0590064  0.0916899  0.161465
0.319118  -0.144822  -0.0590064  -0.144822  0.293221  0.0916899  -0.0590064  0.0916899  0.161465
0.319133  -0.144843  -0.0589844  -0.144843  0.293227  0.0916744  -0.0589844  0.0916744  0.161454
0.319205  -0.144942  -0.0589352  -0.144942  0.293271  0.091642  -0.0589352  0.091642  0.161421
0.319205  -0.144942  -0.0589352  -0.144942  0.293271  0.091642  -0.0589352  0.091642  0.161421
0.319249  -0.144989  -0.0588934  -0.144989  0.293269  0.0916032  -0.0588934  0.0916032  0.161394
0.319255  -0.145012  -0.0588886  -0.145012  0.293299  0.0916103  -0.0588886  0.0916103  0.161393
0.319299  -0.145073  -0.0588227  -0.145073  0.293314  0.0915635  -0.0588227  0.0915635  0.161358
0.319299  -0.145073  -0.0588227  -0.145073  0.293314  0.0915635  -0.0588227  0.0915635  0.161358
0.319351  -0.145117  -0.0587635  -0.145117  0.293288  0.0915021  -0.0587635  0.0915021  0.161321
0.319357  -0.145141  -0.0587587  -0.145141  0.293318  0.0915091  -0.0587587  0.0915091  0.16132
0.319394  -0.145179  -0.0586975  -0.145179  0.293304  0.0914553  -0.0586975  0.0914553  0.161286
0.3194  -0.145202  -0.0586927  -0.145202  0.293333  0.0914623  -0.0586927  0.0914623  0.161285
0.31943  -0.145228  -0.0586728  -0.145228  0.293326  0.091439  -0.0586728  0.091439  0.16127
0.319467  -0.145266  -0.0586115  -0.145266  0.293312  0.0913852  -0.0586115  0.0913852  0.161236
0.319459  -0.145258  -0.0585921  -0.145258  0.2933  0.0913702  -0.0585921  0.0913702  0.16123
0.319503  -0.145319  -0.058526  -0.145319  0.293316  0.0913234  -0.058526  0.0913234  0.161196
0.319503  -0.145319  -0.058526  -0.145319  0.293316  0.0913234  -0.058526  0.0913234  0.161196
0.319539  -0.145371  -0.0584406  -0.145371  0.293319  0.0912616  -0.0584406  0.0912616  0.161155
0.319539  -0.145371  -0.0584406  -0.145371  0.293319  0.0912616  -0.0584406  0.0912616  0.161155
0.319596  -0.145453  -0.0583524  -0.145453  0.293341  0.0911991  -0.0583524  0.0911991  0.16111
0.319589  -0.145445  -0.0583331  -0.145445  0.293329  0.0911841  -0.0583331  0.0911841  0.161103
0.319604  -0.145465  -0.058311  -0.145465  0.293334  0.0911685  -0.058311  0.0911685  0.161092
0.319632  -0.145509  -0.0582062  -0.145509  0.293326  0.0910917  -0.0582062  0.0910917  0.161045
0.319654  -0.145538  -0.0582034  -0.145538  0.293343  0.091091  -0.0582034  0.091091  0.16104
0.31969  -0.145591  -0.0581179  -0.145591  0.293347  0.0910292  -0.0581179  0.0910292  0.161
0.319697  -0.145614  -0.0581131  -0.145614  0.293377  0.0910361  -0.0581131  0.0910361  0.160999
0.31974  -0.145664  -0.0580102  -0.145664  0.293356  0.0909517  -0.0580102  0.0909517  0.160949
0.319747  -0.145687  -0.0580054  -0.145687  0.293386  0.0909586  -0.0580054  0.0909586  0.160948
0.319782  -0.145754  -0.0578957  -0.145754  0.293408  0.0908887  -0.0578957  0.0908887  0.160901
0.319782  -0.145754  -0.0578957  -0.145754  0.293408  0.0908887  -0.0578957  0.0908887  0.160901
0.319839  -0.14585  -0.0577831  -0.14585  0.293448  0.0908181  -0.0577831  0.0908181  0.160849
0.319832  -0.145842  -0.0577638  -0.145842  0.293436  0.0908032  -0.0577638  0.0908032  0.160843
0.31989  -0.145923  -0.0576753  -0.145923  0.293458  0.0907405  -0.0576753  0.0907405  0.160798
0.319896  -0.145947  -0.0576705  -0.145947  0.293488  0.0907474  -0.0576705  0.0907474  0.160798
0.319947  -0.14602  -0.0575626  -0.14602  0.293498  0.0906698  -0.0575626  0.0906698  0.160747
0.319962  -0.146026  -0.0575646  -0.146026  0.293485  0.0906621  -0.0575646  0.0906621  0.160743
0.320027  -0.146131  -0.0574711  -0.146131  0.293537  0.0906062  -0.0574711  0.0906062  0.160698
0.320035  -0.146128  -0.0574538  -0.146128  0.293513  0.0905836  -0.0574538  0.0905836  0.160687
0.320048  -0.146163  -0.0574075  -0.146163  0.293536  0.0905599  -0.0574075  0.0905599  0.160669
0.320121  -0.146266  -0.0572966  -0.146266  0.293564  0.0904814  -0.0572966  0.0904814  0.160614
0.320121  -0.146266  -0.0572966  -0.146266  0.293564  0.0904814  -0.0572966  0.0904814  0.160614
0.320186  -0.14636  -0.0571664  -0.14636  0.29358  0.0903879  -0.0571664  0.0903879  0.160553
0.320186  -0.14636  -0.0571664  -0.14636  0.29358  0.0903879  -0.0571664  0.0903879  0.160553
0.320244  -0.14643  -0.0570409  -0.14643  0.293565  0.0902876  -0.0570409  0.0902876  0.160493
0.320243  -0.146444  -0.0570168  -0.146444  0.293583  0.0902795  -0.0570168  0.0902795  0.160486
0.320272  -0.146485  -0.0569724  -0.146485  0.293595  0.0902481  -0.0569724  0.0902481  0.160464
0.320324  -0.146532  -0.0568518  -0.146532  0.29355  0.0901409  -0.0568518  0.0901409  0.160405
0.320323  -0.146547  -0.0568276  -0.146547  0.293569  0.0901328  -0.0568276  0.0901328  0.160398
0.320382  -0.146617  -0.056702  -0.146617  0.293555  0.0900325  -0.056702  0.0900325  0.160339
0.320397  -0.146623  -0.056704  -0.146623  0.293542  0.0900247  -0.056704  0.0900247  0.160334
0.320456  -0.146693  -0.0565783  -0.146693  0.293528  0.0899243  -0.0565783  0.0899243  0.160275
0.320448  -0.146684  -0.0565591  -0.146684  0.293516  0.0899095  -0.0565591  0.0899095  0.160269
0.320506  -0.146754  -0.0564334  -0.146754  0.293502  0.0898091  -0.0564334  0.0898091  0.16021
0.320499  -0.146745  -0.0564142  -0.146745  0.29349  0.0897943  -0.0564142  0.0897943  0.160204
0.320557  -0.146815  -0.0562885  -0.146815  0.293476  0.0896939  -0.0562885  0.0896939  0.160145
0.32055  -0.146806  -0.0562693  -0.146806  0.293464  0.0896791  -0.0562693  0.0896791  0.160139
0.320593  -0.14687  -0.0561417  -0.14687  0.293463  0.0895864  -0.0561417  0.0895864  0.160085
0.3206  -0.146867  -0.0561243  -0.146867  0.293439  0.0895639  -0.0561243  0.0895639  0.160075
0.320636  -0.146922  -0.0559775  -0.146922  0.293426  0.0894564  -0.0559775  0.0894564  0.160015
0.320636  -0.146922  -0.0559775  -0.146922  0.293426  0.0894564  -0.0559775  0.0894564  0.160015
0.320656  -0.146971  -0.0558288  -0.146971  0.293425  0.0893567  -0.0558288  0.0893567  0.159959
0.320663  -0.146968  -0.0558114  -0.146968  0.293401  0.0893342  -0.0558114  0.0893342  0.159949
0.320663  -0.146971  -0.0557507  -0.146971  0.293383  0.0892889  -0.0557507  0.0892889  0.159927
0.320691  -0.147002  -0.0556089  -0.147002  0.293339  0.0891748  -0.0556089  0.0891748  0.159868
0.320698  -0.147026  -0.0556039  -0.147026  0.29337  0.0891815  -0.0556039  0.0891815  0.159867
0.320719  -0.147048  -0.0554429  -0.147048  0.293315  0.0890527  -0.0554429  0.0890527  0.159803
0.320717  -0.147053  -0.0553216  -0.147053  0.293279  0.0889623  -0.0553216  0.0889623  0.15976
0.320733  -0.147059  -0.0553234  -0.147059  0.293266  0.0889545  -0.0553234  0.0889545  0.159755
0.320731  -0.147076  -0.0552387  -0.147076  0.293266  0.0889013  -0.0552387  0.0889013  0.159727
0.320775  -0.147114  -0.0550986  -0.147114  0.293211  0.0887796  -0.0550986  0.0887796  0.159665
0.320774  -0.147128  -0.0550745  -0.147128  0.293229  0.0887716  -0.0550745  0.0887716  0.159659
0.320802  -0.14716  -0.0549327  -0.14716  0.293187  0.0886577  -0.0549327  0.0886577  0.159602
0.320801  -0.147174  -0.0549086  -0.147174  0.293205  0.0886496  -0.0549086  0.0886496  0.159596
0.320836  -0.147229  -0.0547617  -0.147229  0.293193  0.0885424  -0.0547617  0.0885424  0.159538
0.320836  -0.147229  -0.0547617  -0.147229  0.293193  0.0885424  -0.0547617  0.0885424  0.159538
0.320848  -0.147269  -0.0545941  -0.147269  0.293181  0.0884283  -0.0545941  0.0884283  0.159479
0.320848  -0.147269  -0.0545941  -0.147269  0.293181  0.0884283  -0.0545941  0.0884283  0.159479
0.320876  -0.147315  -0.0544282  -0.147315  0.293157  0.0883065  -0.0544282  0.0883065  0.159416
0.32089  -0.147335  -0.0544058  -0.147335  0.293163  0.0882907  -0.0544058  0.0882907  0.159406
0.320917  -0.147393  -0.0542763  -0.147393  0.293176  0.0882059  -0.0542763  0.0882059  0.159359
0.320925  -0.14739  -0.0542589  -0.14739  0.293152  0.0881835  -0.0542589  0.0881835  0.159349
0.320967  -0.147454  -0.0541311  -0.147454  0.293152  0.088091  -0.0541311  0.088091  0.159298
0.320966  -0.147469  -0.054107  -0.147469  0.29317  0.0880829  -0.054107  0.0880829  0.159292
0.321001  -0.147523  -0.0539601  -0.147523  0.293159  0.0879758  -0.0539601  0.0879758  0.159235
0.321017  -0.147529  -0.0539618  -0.147529  0.293146  0.087968  -0.0539618  0.087968  0.159231
0.321052  -0.147584  -0.0538149  -0.147584  0.293135  0.0878609  -0.0538149  0.0878609  0.159175
0.321044  -0.147575  -0.0537958  -0.147575  0.293123  0.0878463  -0.0537958  0.0878463  0.15917
0.321086  -0.147639  -0.0536679  -0.147639  0.293123  0.0877538  -0.0536679  0.0877538  0.159119
0.321094  -0.147636  -0.0536506  -0.147636  0.293099  0.0877314  -0.0536506  0.0877314  0.15911
0.321129  -0.14769  -0.0535036  -0.14769  0.293087  0.0876244  -0.0535036  0.0876244  0.159054
0.321121  -0.147681  -0.0534847  -0.147681  0.293075  0.0876098  -0.0534847  0.0876098  0.159049
0.321142  -0.147713  -0.0534207  -0.147713  0.293076  0.0875636  -0.0534207  0.0875636  0.159024
0.32117  -0.147744  -0.0532789  -0.147744  0.293034  0.0874501  -0.0532789  0.0874501  0.15897
0.321178  -0.147741  -0.0532615  -0.147741  0.293009  0.0874278  -0.0532615  0.0874278  0.15896
0.321177  -0.147743  -0.0532011  -0.147743  0.292992  0.0873829  -0.0532011  0.0873829  0.15894
