0.297661  -0.120788  -0.0546599  -0.120788  0.292349  0.0954887  -0.0546599  0.0954887  0.167603
0.297661  -0.120788  -0.0546599  -0.120788  0.292349  0.0954887  -0.0546599  0.0954887  0.167603
0.297652  -0.120522  -0.0551279  -0.120522  0.292107  0.0956517  -0.0551279  0.0956517  0.167765
0.297651  -0.120479  -0.0551747  -0.120479  0.292055  0.0956561  -0.0551747  0.0956561  0.16778
0.297649  -0.120319  -0.0556817  -0.120319  0.291989  0.0959159  -0.0556817  0.0959159  0.167968
0.297653  -0.120354  -0.0556723  -0.120354  0.292037  0.0959307  -0.0556723  0.0959307  0.167966
0.297655  -0.120469  -0.0556203  -0.120469  0.292206  0.0959761  -0.0556203  0.0959761  0.167956
0.297665  -0.120334  -0.0560587  -0.120334  0.292123  0.0961846  -0.0560587  0.0961846  0.168112
0.297659  -0.120309  -0.0561145  -0.120309  0.292118  0.0962166  -0.0561145  0.0962166  0.168137
0.297609  -0.120315  -0.056255  -0.120315  0.292331  0.0964127  -0.056255  0.0964127  0.168236
0.297603  -0.120328  -0.0562478  -0.120328  0.292367  0.0964271  -0.0562478  0.0964271  0.168239
0.297502  -0.120335  -0.0561561  -0.120335  0.292634  0.0965357  -0.0561561  0.0965357  0.168282
0.297502  -0.120322  -0.0561772  -0.120322  0.292621  0.0965416  -0.0561772  0.0965416  0.168289
0.297392  -0.120129  -0.0560401  -0.120129  0.292562  0.0964821  -0.0560401  0.0964821  0.168299
0.297375  -0.120126  -0.0559978  -0.120126  0.292589  0.0964769  -0.0559978  0.0964769  0.168295
0.297262  -0.119852  -0.055834  -0.119852  0.292393  0.0963413  -0.055834  0.0963413  0.168289
0.29726  -0.119821  -0.0558597  -0.119821  0.292356  0.0963397  -0.0558597  0.0963397  0.168297
0.297225  -0.119621  -0.0559367  -0.119621  0.292152  0.0963056  -0.0559367  0.0963056  0.168336
0.297194  -0.119463  -0.0558167  -0.119463  0.291929  0.0961493  -0.0558167  0.0961493  0.168294
0.29722  -0.119389  -0.0558204  -0.119389  0.29173  0.096051  -0.0558204  0.096051  0.168267
0.297233  -0.119357  -0.055872  -0.119357  0.291656  0.0960412  -0.055872  0.0960412  0.168274
0.297265  -0.119253  -0.0560241  -0.119253  0.291446  0.0960188  -0.0560241  0.0960188  0.168298
0.297361  -0.119282  -0.0561194  -0.119282  0.29125  0.0959454  -0.0561194  0.0959454  0.168263
0.297361  -0.119294  -0.0560985  -0.119294  0.291263  0.0959396  -0.0560985  0.0959396  0.168256
0.297472  -0.119426  -0.0560683  -0.119426  0.291146  0.0958247  -0.0560683  0.0958247  0.168168
0.297479  -0.119418  -0.0560917  -0.119418  0.29112  0.0958236  -0.0560917  0.0958236  0.168171
0.297566  -0.119368  -0.0562567  -0.119368  0.29085  0.0957597  -0.0562567  0.0957597  0.168164
0.297571  -0.119368  -0.0562429  -0.119368  0.290828  0.0957395  -0.0562429  0.0957395  0.168154
0.297629  -0.119463  -0.0560582  -0.119463  0.290746  0.0955759  -0.0560582  0.0955759  0.168042
0.297635  -0.11945  -0.0560654  -0.11945  0.290711  0.0955615  -0.0560654  0.0955615  0.168039
0.29766  -0.119204  -0.0562412  -0.119204  0.290292  0.09546  -0.0562412  0.09546  0.168063
0.297659  -0.119187  -0.0562459  -0.119187  0.290269  0.0954527  -0.0562459  0.0954527  0.168064
0.297667  -0.119176  -0.0561858  -0.119176  0.290203  0.0953861  -0.0561858  0.0953861  0.168032
0.297683  -0.119167  -0.0560447  -0.119167  0.290086  0.0952472  -0.0560447  0.0952472  0.16796
0.297687  -0.119136  -0.0560565  -0.119136  0.290027  0.0952255  -0.0560565  0.0952255  0.167958
0.2977  -0.11897  -0.0562175  -0.11897  0.289773  0.095195  -0.0562175  0.095195  0.167996
0.2977  -0.118982  -0.0561966  -0.118982  0.289786  0.0951892  -0.0561966  0.0951892  0.167988
0.297705  -0.119057  -0.0560573  -0.119057  0.289842  0.0951345  -0.0560573  0.0951345  0.167935
0.297705  -0.119057  -0.0560573  -0.119057  0.289842  0.0951345  -0.0560573  0.0951345  0.167935
0.297717  -0.118947  -0.0563015  -0.118947  0.28972  0.0952115  -0.0563015  0.0952115  0.168014
0.297717  -0.118947  -0.0563015  -0.118947  0.28972  0.0952115  -0.0563015  0.0952115  0.168014
0.297721  -0.119025  -0.0562456  -0.119025  0.289816  0.095222  -0.0562456  0.095222  0.167996
0.29772  -0.11902  -0.0562293  -0.11902  0.289806  0.0952089  -0.0562293  0.0952089  0.16799
0.297725  -0.118961  -0.0564037  -0.118961  0.289759  0.0952829  -0.0564037  0.0952829  0.168051
0.297718  -0.11893  -0.0564431  -0.11893  0.289745  0.0953015  -0.0564431  0.0953015  0.16807
0.29772  -0.118911  -0.0565013  -0.118911  0.289729  0.0953262  -0.0565013  0.0953262  0.168091
0.297718  -0.119006  -0.0563175  -0.119006  0.289823  0.0952668  -0.0563175  0.0952668  0.168027
0.297718  -0.119006  -0.0563175  -0.119006  0.289823  0.0952668  -0.0563175  0.0952668  0.168027
0.297724  -0.118905  -0.0564712  -0.118905  0.289697  0.0952929  -0.0564712  0.0952929  0.168074
0.297722  -0.118887  -0.0564758  -0.118887  0.289674  0.0952855  -0.0564758  0.0952855  0.168076
0.297726  -0.118945  -0.0563411  -0.118945  0.289706  0.0952234  -0.0563411  0.0952234  0.168023
0.297724  -0.11894  -0.0563248  -0.11894  0.289695  0.0952103  -0.0563248  0.0952103  0.168017
0.297741  -0.118901  -0.0563462  -0.118901  0.289589  0.0951672  -0.0563462  0.0951672  0.168008
0.297742  -0.118889  -0.0563671  -0.118889  0.289576  0.095173  -0.0563671  0.095173  0.168015
0.297768  -0.118886  -0.0563653  -0.118886  0.289495  0.0951246  -0.0563653  0.0951246  0.167993
0.297768  -0.118898  -0.0563444  -0.118898  0.289508  0.0951188  -0.0563444  0.0951188  0.167986
0.297803  -0.118931  -0.0563195  -0.118931  0.28945  0.095065  -0.0563195  0.095065  0.167951
0.297803  -0.118918  -0.0563404  -0.118918  0.289437  0.0950707  -0.0563404  0.0950707  0.167958
0.297844  -0.118903  -0.056469  -0.118903  0.289346  0.0950851  -0.056469  0.0950851  0.167977
0.297844  -0.118916  -0.056448  -0.118916  0.289359  0.0950794  -0.056448  0.0950794  0.16797
0.297861  -0.118981  -0.0563855  -0.118981  0.289396  0.0950554  -0.0563855  0.0950554  0.167938
0.297887  -0.118994  -0.0564464  -0.118994  0.289368  0.0950665  -0.0564464  0.0950665  0.167944
0.297889  -0.118987  -0.0564836  -0.118987  0.289365  0.0950854  -0.0564836  0.0950854  0.167958
0.297898  -0.119035  -0.0564395  -0.119035  0.289402  0.0950742  -0.0564395  0.0950742  0.167938
0.297896  -0.119029  -0.0564232  -0.119029  0.289392  0.0950611  -0.0564232  0.0950611  0.167932
0.297894  -0.119037  -0.056386  -0.119037  0.289395  0.0950422  -0.056386  0.0950422  0.167918
0.297894  -0.119037  -0.056386  -0.119037  0.289395  0.0950422  -0.056386  0.0950422  0.167918
0.297885  -0.118989  -0.0564301  -0.118989  0.289358  0.0950534  -0.0564301  0.0950534  0.167938
0.297866  -0.119019  -0.0563088  -0.119019  0.289413  0.095018  -0.0563088  0.095018  0.167906
0.297866  -0.119031  -0.0562879  -0.119031  0.289426  0.0950122  -0.0562879  0.0950122  0.167899
0.297857  -0.118983  -0.056332  -0.118983  0.289389  0.0950234  -0.056332  0.0950234  0.167919
0.297857  -0.118971  -0.0563529  -0.118971  0.289376  0.0950292  -0.0563529  0.0950292  0.167926
0.297842  -0.118973  -0.0563271  -0.118973  0.289413  0.0950374  -0.0563271  0.0950374  0.167928
0.297836  -0.118999  -0.056299  -0.118999  0.289461  0.095046  -0.056299  0.095046  0.167924
0.297829  -0.118994  -0.0562966  -0.118994  0.289473  0.0950529  -0.0562966  0.0950529  0.167928
0.297829  -0.118981  -0.0563175  -0.118981  0.28946  0.0950587  -0.0563175  0.0950587  0.167935
0.297825  -0.118961  -0.0563895  -0.118961  0.289467  0.0951035  -0.0563895  0.0951035  0.167966
0.297806  -0.119057  -0.0562472  -0.119057  0.289627  0.0951045  -0.0562472  0.0951045  0.167933
0.297804  -0.119052  -0.0562309  -0.119052  0.289617  0.0950914  -0.0562309  0.0950914  0.167927
0.297784  -0.118992  -0.0563236  -0.118992  0.289612  0.0951486  -0.0563236  0.0951486  0.167975
0.297784  -0.11898  -0.0563445  -0.11898  0.289599  0.0951544  -0.0563445  0.0951544  0.167982
0.297769  -0.118957  -0.0563605  -0.118957  0.28961  0.0951741  -0.0563605  0.0951741  0.167998
0.297742  -0.119045  -0.0561323  -0.119045  0.289742  0.0951169  -0.0561323  0.0951169  0.167935
0.29774  -0.119039  -0.056116  -0.119039  0.289732  0.0951038  -0.056116  0.0951038  0.167929
0.297716  -0.118901  -0.0562645  -0.118901  0.289631  0.0951504  -0.0562645  0.0951504  0.167995
0.297714  -0.118883  -0.0562691  -0.118883  0.289608  0.095143  -0.0562691  0.095143  0.167996
0.297677  -0.11893  -0.056048  -0.11893  0.289705  0.0950782  -0.056048  0.0950782  0.16794
0.297677  -0.118943  -0.0560271  -0.118943  0.289718  0.0950725  -0.0560271  0.0950725  0.167933
0.297666  -0.118928  -0.0559922  -0.118928  0.28971  0.0950533  -0.0559922  0.0950533  0.167925
0.297658  -0.118792  -0.0561825  -0.118792  0.289582  0.0951047  -0.0561825  0.0951047  0.167995
0.297658  -0.118792  -0.0561825  -0.118792  0.289582  0.0951047  -0.0561825  0.0951047  0.167995
0.297627  -0.118852  -0.0559269  -0.118852  0.289671  0.0950142  -0.0559269  0.0950142  0.167922
0.297626  -0.118864  -0.055906  -0.118864  0.289684  0.0950084  -0.055906  0.0950084  0.167915
0.297608  -0.118713  -0.0560614  -0.118713  0.289547  0.0950406  -0.0560614  0.0950406  0.167977
0.297608  -0.118688  -0.0561032  -0.118688  0.289522  0.0950521  -0.0561032  0.0950521  0.167991
0.297597  -0.118673  -0.0560683  -0.118673  0.289513  0.0950329  -0.0560683  0.0950329  0.167984
0.297568  -0.118763  -0.0557874  -0.118763  0.289638  0.0949442  -0.0557874  0.0949442  0.167902
0.297566  -0.118758  -0.0557712  -0.118758  0.289628  0.0949311  -0.0557712  0.0949311  0.167897
0.297546  -0.118552  -0.0559938  -0.118552  0.28943  0.094973  -0.0559938  0.094973  0.167981
0.297522  -0.118569  -0.0559077  -0.118569  0.289494  0.0949638  -0.0559077  0.0949638  0.167967
0.29752  -0.118577  -0.0558706  -0.118577  0.289497  0.094945  -0.0558706  0.094945  0.167954
0.297509  -0.118624  -0.0557316  -0.118624  0.289553  0.0948973  -0.0557316  0.0948973  0.167911
0.297487  -0.118476  -0.0558335  -0.118476  0.28941  0.0948975  -0.0558335  0.0948975  0.167955
0.297479  -0.118441  -0.0558566  -0.118441  0.289386  0.0949028  -0.0558566  0.0949028  0.167967
0.297459  -0.11849  -0.0556782  -0.11849  0.289457  0.0948435  -0.0556782  0.0948435  0.167916
0.297452  -0.118498  -0.055655  -0.118498  0.289482  0.0948447  -0.055655  0.0948447  0.167914
0.29744  -0.11844  -0.0556666  -0.11844  0.289425  0.0948298  -0.0556666  0.0948298  0.167922
0.297431  -0.118393  -0.0557106  -0.118393  0.289388  0.0948408  -0.0557106  0.0948408  0.167941
0.297428  -0.11832  -0.0557824  -0.11832  0.289303  0.0948433  -0.0557824  0.0948433  0.167965
0.297413  -0.11846  -0.0555276  -0.11846  0.289482  0.0947889  -0.0555276  0.0947889  0.16789
0.297411  -0.118467  -0.0554907  -0.118467  0.289485  0.0947702  -0.0554907  0.0947702  0.167877
0.297409  -0.11832  -0.0556875  -0.11832  0.289322  0.0948068  -0.0556875  0.0948068  0.167942
0.297409  -0.118307  -0.0557083  -0.118307  0.289309  0.0948125  -0.0557083  0.0948125  0.167949
0.297394  -0.118385  -0.0555577  -0.118385  0.289424  0.0947866  -0.0555577  0.0947866  0.167909
0.297394  -0.11841  -0.0555161  -0.11841  0.289449  0.0947752  -0.0555161  0.0947752  0.167895
0.297401  -0.11839  -0.0555601  -0.11839  0.289412  0.0947796  -0.0555601  0.0947796  0.167905
0.2974  -0.11836  -0.0555857  -0.11836  0.289376  0.094778  -0.0555857  0.094778  0.167913
0.297394  -0.118347  -0.0556202  -0.118347  0.289385  0.0948037  -0.0556202  0.0948037  0.16793
0.297393  -0.118355  -0.0555832  -0.118355  0.289388  0.094785  -0.0555832  0.094785  0.167917
0.297392  -0.118455  -0.0554167  -0.118455  0.289491  0.0947395  -0.0554167  0.0947395  0.167862
0.297394  -0.118447  -0.0554536  -0.118447  0.289488  0.0947582  -0.0554536  0.0947582  0.167874
0.297393  -0.118355  -0.0555832  -0.118355  0.289388  0.094785  -0.0555832  0.094785  0.167917
0.297387  -0.118417  -0.0554928  -0.118417  0.289474  0.0947765  -0.0554928  0.0947765  0.167892
0.297388  -0.11846  -0.0554465  -0.11846  0.289524  0.0947724  -0.0554465  0.0947724  0.167877
0.297397  -0.118458  -0.0554859  -0.118458  0.289509  0.0947841  -0.0554859  0.0947841  0.167886
0.297397  -0.118445  -0.0555067  -0.118445  0.289496  0.0947898  -0.0555067  0.0947898  0.167893
0.297402  -0.11846  -0.0555551  -0.11846  0.289526  0.0948289  -0.0555551  0.0948289  0.16791
0.297402  -0.118473  -0.0555342  -0.118473  0.289539  0.0948232  -0.0555342  0.0948232  0.167903
0.297406  -0.118576  -0.0554368  -0.118576  0.289661  0.0948223  -0.0554368  0.0948223  0.167871
0.297406  -0.118563  -0.0554576  -0.118563  0.289648  0.094828  -0.0554576  0.094828  0.167878
0.297417  -0.118528  -0.0555757  -0.118528  0.289604  0.0948698  -0.0555757  0.0948698  0.167913
0.297412  -0.118596  -0.0555013  -0.118596  0.289701  0.0948743  -0.0555013  0.0948743  0.167894
0.297414  -0.118639  -0.055455  -0.118639  0.289751  0.0948702  -0.055455  0.0948702  0.167879
0.297415  -0.118632  -0.0554919  -0.118632  0.289748  0.094889  -0.0554919  0.094889  0.167892
0.297417  -0.118624  -0.0555289  -0.118624  0.289745  0.0949077  -0.0555289  0.0949077  0.167905
0.297419  -0.118592  -0.0556076  -0.118592  0.289716  0.0949379  -0.0556076  0.0949379  0.167931
0.297421  -0.118765  -0.0553689  -0.118765  0.289906  0.0948897  -0.0553689  0.0948897  0.167852
0.297421  -0.11879  -0.0553272  -0.11879  0.289932  0.0948782  -0.0553272  0.0948782  0.167838
0.297423  -0.118783  -0.0553642  -0.118783  0.289929  0.094897  -0.0553642  0.094897  0.167851
0.297427  -0.118668  -0.0556049  -0.118668  0.289819  0.0949802  -0.0556049  0.0949802  0.167932
0.297427  -0.118668  -0.0556049  -0.118668  0.289819  0.0949802  -0.0556049  0.0949802  0.167932
0.297432  -0.118889  -0.0553359  -0.118889  0.290069  0.0949408  -0.0553359  0.0949408  0.167844
0.297432  -0.118889  -0.0553359  -0.118889  0.290069  0.0949408  -0.0553359  0.0949408  0.167844
0.297442  -0.118748  -0.0556047  -0.118748  0.289911  0.0950155  -0.0556047  0.0950155  0.167929
0.297442  -0.118748  -0.0556047  -0.118748  0.289911  0.0950155  -0.0556047  0.0950155  0.167929
0.297434  -0.118952  -0.0553677  -0.118952  0.290182  0.0950089  -0.0553677  0.0950089  0.167862
0.297434  -0.118965  -0.0553468  -0.118965  0.290195  0.0950031  -0.0553468  0.0950031  0.167855
0.297436  -0.118882  -0.055509  -0.118882  0.290113  0.0950563  -0.055509  0.0950563  0.167909
0.297436  -0.11887  -0.0555299  -0.11887  0.2901  0.095062  -0.0555299  0.095062  0.167916
0.297426  -0.118975  -0.0554066  -0.118975  0.29026  0.0950693  -0.0554066  0.0950693  0.167886
0.297427  -0.119006  -0.055381  -0.119006  0.290296  0.0950709  -0.055381  0.0950709  0.167878
0.297421  -0.119081  -0.0552695  -0.119081  0.290398  0.0950565  -0.0552695  0.0950565  0.167847
0.297408  -0.118895  -0.0555567  -0.118895  0.290238  0.0951508  -0.0555567  0.0951508  0.167953
0.297409  -0.118901  -0.0555729  -0.118901  0.290248  0.0951638  -0.0555729  0.0951638  0.167959
0.297391  -0.119077  -0.0553219  -0.119077  0.290499  0.0951437  -0.0553219  0.0951437  0.167892
0.297391  -0.119102  -0.0552802  -0.119102  0.290525  0.0951322  -0.0552802  0.0951322  0.167878
0.297379  -0.119022  -0.0554166  -0.119022  0.290481  0.0951937  -0.0554166  0.0951937  0.167934
0.297377  -0.118979  -0.0554631  -0.118979  0.290431  0.0951978  -0.0554631  0.0951978  0.167949
0.297354  -0.11908  -0.055351  -0.11908  0.290625  0.0952321  -0.055351  0.0952321  0.167934
0.297354  -0.119092  -0.0553301  -0.119092  0.290639  0.0952264  -0.0553301  0.0952264  0.167927
0.297342  -0.119143  -0.055274  -0.119143  0.290736  0.0952436  -0.055274  0.0952436  0.167919
0.297342  -0.11913  -0.0552949  -0.11913  0.290723  0.0952493  -0.0552949  0.0952493  0.167926
0.297316  -0.119053  -0.0554056  -0.119053  0.290715  0.095319  -0.0554056  0.095319  0.167984
0.297315  -0.119065  -0.0553847  -0.119065  0.290728  0.0953133  -0.0553847  0.0953133  0.167977
0.297303  -0.119178  -0.0552243  -0.119178  0.290892  0.0953018  -0.0552243  0.0953018  0.167935
0.297288  -0.1191  -0.0553076  -0.1191  0.29084  0.0953314  -0.0553076  0.0953314  0.167973
0.297281  -0.11907  -0.0553469  -0.11907  0.290825  0.0953498  -0.0553469  0.0953498  0.167991
0.297251  -0.119126  -0.055212  -0.119126  0.290953  0.0953434  -0.055212  0.0953434  0.167967
0.297253  -0.119156  -0.0551864  -0.119156  0.290989  0.095345  -0.0551864  0.095345  0.167959
0.297239  -0.119239  -0.0550516  -0.119239  0.291117  0.0953318  -0.0550516  0.0953318  0.167925
0.297213  -0.119002  -0.0553135  -0.119002  0.2909  0.0953923  -0.0553135  0.0953923  0.168026
0.297206  -0.118972  -0.0553528  -0.118972  0.290886  0.0954108  -0.0553528  0.0954108  0.168044
0.297177  -0.119158  -0.0550255  -0.119158  0.291156  0.0953601  -0.0550255  0.0953601  0.167957
0.297179  -0.119201  -0.054979  -0.119201  0.291206  0.095356  -0.054979  0.095356  0.167942
0.297161  -0.119206  -0.0549003  -0.119206  0.291236  0.0953324  -0.0549003  0.0953324  0.167926
0.297135  -0.118894  -0.0552871  -0.118894  0.29094  0.0954271  -0.0552871  0.0954271  0.168067
0.29713  -0.118894  -0.0553008  -0.118894  0.290962  0.0954472  -0.0553008  0.0954472  0.168078
0.297094  -0.119175  -0.0548046  -0.119175  0.291351  0.0953578  -0.0548046  0.0953578  0.167941
0.297086  -0.119183  -0.0547813  -0.119183  0.291376  0.0953591  -0.0547813  0.0953591  0.167938
0.297085  -0.11914  -0.0548277  -0.11914  0.291326  0.0953632  -0.0548277  0.0953632  0.167953
0.297051  -0.118818  -0.0551958  -0.118818  0.291031  0.0954517  -0.0551958  0.0954517  0.168093
0.297044  -0.118813  -0.0551934  -0.118813  0.291043  0.0954587  -0.0551934  0.0954587  0.168097
0.297015  -0.119125  -0.0546583  -0.119125  0.291447  0.0953512  -0.0546583  0.0953512  0.167943
0.297006  -0.119115  -0.0546399  -0.119115  0.291448  0.0953451  -0.0546399  0.0953451  0.167942
0.296984  -0.118755  -0.0550429  -0.118755  0.291069  0.0954106  -0.0550429  0.0954106  0.168081
0.296984  -0.118743  -0.0550638  -0.118743  0.291056  0.0954163  -0.0550638  0.0954163  0.168088
0.296947  -0.118981  -0.0546147  -0.118981  0.291395  0.0953315  -0.0546147  0.0953315  0.167967
0.296947  -0.119031  -0.0545315  -0.119031  0.291448  0.0953087  -0.0545315  0.0953087  0.167941
0.296944  -0.119046  -0.0544579  -0.119046  0.291454  0.0952714  -0.0544579  0.0952714  0.167916
0.296921  -0.118582  -0.055011  -0.118582  0.290959  0.0953691  -0.055011  0.0953691  0.168103
0.296914  -0.118565  -0.0550293  -0.118565  0.290958  0.0953818  -0.0550293  0.0953818  0.168115
0.296899  -0.118948  -0.0543961  -0.118948  0.291403  0.0952325  -0.0543961  0.0952325  0.16792
0.296897  -0.118981  -0.0543178  -0.118981  0.291433  0.0952025  -0.0543178  0.0952025  0.167894
0.296893  -0.118928  -0.0543322  -0.118928  0.291362  0.0951806  -0.0543322  0.0951806  0.167898
0.29687  -0.118452  -0.0549056  -0.118452  0.290855  0.0952837  -0.0549056  0.0952837  0.168091
0.29687  -0.118464  -0.0548848  -0.118464  0.290868  0.095278  -0.0548848  0.095278  0.168084
0.296846  -0.1189  -0.0541301  -0.1189  0.291381  0.095095  -0.0541301  0.095095  0.167856
0.296845  -0.118895  -0.0541141  -0.118895  0.291371  0.095082  -0.0541141  0.095082  0.167851
0.296835  -0.118399  -0.0547175  -0.118399  0.290802  0.0951693  -0.0547175  0.0951693  0.168041
0.296834  -0.118369  -0.054743  -0.118369  0.290766  0.0951676  -0.054743  0.0951676  0.168049
0.296806  -0.118634  -0.054174  -0.118634  0.291079  0.0950012  -0.054174  0.0950012  0.16788
0.296805  -0.11871  -0.0540496  -0.11871  0.291158  0.0949673  -0.0540496  0.0949673  0.167841
0.296802  -0.118762  -0.0539141  -0.118762  0.291205  0.0949133  -0.0539141  0.0949133  0.167797
0.296783  -0.118139  -0.054669  -0.118139  0.290511  0.0950319  -0.054669  0.0950319  0.16804
0.296782  -0.118096  -0.0547153  -0.118096  0.290461  0.0950359  -0.0547153  0.0950359  0.168054
0.296753  -0.118574  -0.053795  -0.118574  0.290998  0.0947745  -0.053795  0.0947745  0.167775
0.29675  -0.118577  -0.0537425  -0.118577  0.290991  0.0947432  -0.0537425  0.0947432  0.167758
0.29675  -0.118519  -0.0537276  -0.118519  0.290889  0.0946888  -0.0537276  0.0946888  0.167746
0.296727  -0.117847  -0.0545777  -0.117847  0.290167  0.0948489  -0.0545777  0.0948489  0.168023
0.296727  -0.117847  -0.0545777  -0.117847  0.290167  0.0948489  -0.0545777  0.0948489  0.168023
0.296693  -0.118385  -0.0534874  -0.118385  0.290751  0.0945168  -0.0534874  0.0945168  0.167691
0.296693  -0.11841  -0.053446  -0.11841  0.290778  0.0945057  -0.053446  0.0945057  0.167678
0.296685  -0.117758  -0.0541973  -0.117758  0.290005  0.0945817  -0.0541973  0.0945817  0.167904
0.296678  -0.117703  -0.0542776  -0.117703  0.289965  0.094611  -0.0542776  0.094611  0.167934
0.296637  -0.117908  -0.0536552  -0.117908  0.290201  0.0943883  -0.0536552  0.0943883  0.167755
0.296629  -0.118003  -0.0534878  -0.118003  0.290318  0.0943508  -0.0534878  0.0943508  0.167708
0.296626  -0.118119  -0.0532499  -0.118119  0.290431  0.0942697  -0.0532499  0.0942697  0.167635
0.296611  -0.117259  -0.0543116  -0.117259  0.289456  0.0944277  -0.0543116  0.0944277  0.167962
0.29661  -0.117204  -0.0543783  -0.117204  0.289395  0.0944371  -0.0543783  0.0944371  0.167983
0.296574  -0.117646  -0.0534859  -0.117646  0.289899  0.0941852  -0.0534859  0.0941852  0.16772
0.296573  -0.117691  -0.0533877  -0.117691  0.289942  0.0941504  -0.0533877  0.0941504  0.16769
0.296571  -0.117313  -0.0537223  -0.117313  0.289448  0.0941146  -0.0537223  0.0941146  0.167779
0.296569  -0.117216  -0.0538348  -0.117216  0.289338  0.0941278  -0.0538348  0.0941278  0.167813
0.296525  -0.117135  -0.0537015  -0.117135  0.289295  0.0940537  -0.0537015  0.0940537  0.167794
0.296526  -0.117264  -0.0535116  -0.117264  0.289435  0.0940113  -0.0535116  0.0940113  0.167735
0.296508  -0.117469  -0.0529722  -0.117469  0.289629  0.093807  -0.0529722  0.093807  0.167573
0.296493  -0.116762  -0.0537836  -0.116762  0.288818  0.0938967  -0.0537836  0.0938967  0.167818
0.296491  -0.11669  -0.0538547  -0.11669  0.288734  0.0938987  -0.0538547  0.0938987  0.16784
0.296468  -0.11687  -0.0533702  -0.11687  0.28892  0.0937256  -0.0533702  0.0937256  0.167697
0.296465  -0.11691  -0.0532567  -0.11691  0.288952  0.0936785  -0.0532567  0.0936785  0.167661
0.296472  -0.116846  -0.0531318  -0.116846  0.288781  0.0935298  -0.0531318  0.0935298  0.167604
0.296471  -0.116779  -0.0532186  -0.116779  0.288706  0.0935444  -0.0532186  0.0935444  0.16763
0.296458  -0.116362  -0.0536243  -0.116362  0.288216  0.093551  -0.0536243  0.093551  0.167752
0.296458  -0.116399  -0.0535628  -0.116399  0.288255  0.0935346  -0.0535628  0.0935346  0.167732
0.296449  -0.116804  -0.0526192  -0.116804  0.2886  0.0931761  -0.0526192  0.0931761  0.167436
0.296448  -0.116774  -0.0526445  -0.116774  0.288564  0.0931744  -0.0526445  0.0931744  0.167443
0.296455  -0.116075  -0.0534148  -0.116075  0.287686  0.0931967  -0.0534148  0.0931967  0.167651
0.296455  -0.116062  -0.0534352  -0.116062  0.287673  0.0932021  -0.0534352  0.0932021  0.167657
0.29644  -0.116425  -0.0525524  -0.116425  0.287989  0.0928687  -0.0525524  0.0928687  0.167386
0.296444  -0.116445  -0.0524826  -0.116445  0.287983  0.092826  -0.0524826  0.092826  0.167359
0.29645  -0.116364  -0.0524955  -0.116364  0.287836  0.0927642  -0.0524955  0.0927642  0.167351
0.296455  -0.115681  -0.0531919  -0.115681  0.28697  0.09275  -0.0531919  0.09275  0.167534
0.296455  -0.115681  -0.0531919  -0.115681  0.28697  0.09275  -0.0531919  0.09275  0.167534
0.296454  -0.116099  -0.0522858  -0.116099  0.287318  0.0924139  -0.0522858  0.0924139  0.167249
0.29646  -0.116111  -0.052252  -0.116111  0.287309  0.0923892  -0.052252  0.0923892  0.167234
0.296478  -0.115542  -0.0528044  -0.115542  0.286531  0.0923306  -0.0528044  0.0923306  0.167362
0.296476  -0.115458  -0.0528954  -0.115458  0.286436  0.0923377  -0.0528954  0.0923377  0.167389
0.296483  -0.115382  -0.0529236  -0.115382  0.286301  0.0922885  -0.0529236  0.0922885  0.167385
0.296483  -0.115837  -0.0519585  -0.115837  0.286686  0.0919386  -0.0519585  0.0919386  0.167087
0.296487  -0.115844  -0.0519093  -0.115844  0.286667  0.0919017  -0.0519093  0.0919017  0.167067
0.296491  -0.115085  -0.0527094  -0.115085  0.285723  0.0919062  -0.0527094  0.0919062  0.167276
0.29649  -0.115043  -0.0527548  -0.115043  0.285676  0.0919097  -0.0527548  0.0919097  0.167289
0.296485  -0.115398  -0.0519673  -0.115398  0.285978  0.0916233  -0.0519673  0.0916233  0.167049
0.296485  -0.115448  -0.0518861  -0.115448  0.286028  0.0916022  -0.0518861  0.0916022  0.167026
0.296505  -0.115111  -0.0521022  -0.115111  0.285503  0.0914731  -0.0521022  0.0914731  0.167053
0.296504  -0.115045  -0.0521881  -0.115045  0.285431  0.0914871  -0.0521881  0.0914871  0.167078
0.296491  -0.114914  -0.0521237  -0.114914  0.285241  0.0913717  -0.0521237  0.0913717  0.167056
0.29649  -0.114958  -0.0520271  -0.114958  0.285281  0.0913385  -0.0520271  0.0913385  0.167028
0.2965  -0.115197  -0.0514999  -0.115197  0.285442  0.0911224  -0.0514999  0.0911224  0.16686
0.296498  -0.115151  -0.0515298  -0.115151  0.285385  0.0911137  -0.0515298  0.0911137  0.166867
0.296502  -0.114614  -0.0520936  -0.114614  0.284718  0.0911136  -0.0520936  0.0911136  0.16701
0.296501  -0.114634  -0.0520377  -0.114634  0.284734  0.091091  -0.0520377  0.091091  0.166993
0.296494  -0.11485  -0.0516714  -0.11485  0.284969  0.0910042  -0.0516714  0.0910042  0.166893
0.296506  -0.114946  -0.0514031  -0.114946  0.284989  0.0908636  -0.0514031  0.0908636  0.1668
0.296511  -0.114909  -0.0514505  -0.114909  0.28493  0.0908601  -0.0514505  0.0908601  0.166808
0.296513  -0.114559  -0.0517903  -0.114559  0.284489  0.0908426  -0.0517903  0.0908426  0.166892
0.296514  -0.114601  -0.0517451  -0.114601  0.284536  0.0908392  -0.0517451  0.0908392  0.166879
0.296523  -0.114944  -0.0511527  -0.114944  0.284843  0.0906557  -0.0511527  0.0906557  0.166702
0.296529  -0.114936  -0.051175  -0.114936  0.284818  0.0906539  -0.051175  0.0906539  0.166703
0.296538  -0.114509  -0.0516736  -0.114509  0.284288  0.0906779  -0.0516736  0.0906779  0.166825
0.296544  -0.114514  -0.0516757  -0.114514  0.284276  0.090671  -0.0516757  0.090671  0.166821
0.296549  -0.114886  -0.0510719  -0.114886  0.284638  0.0905086  -0.0510719  0.0905086  0.166646
0.296555  -0.114928  -0.0510134  -0.114928  0.284664  0.0904861  -0.0510134  0.0904861  0.166625
0.296565  -0.11489  -0.0510474  -0.11489  0.284583  0.0904636  -0.0510474  0.0904636  0.166624
0.296573  -0.114471  -0.0515101  -0.114471  0.284055  0.0904703  -0.0515101  0.0904703  0.166735
0.296573  -0.114496  -0.0514697  -0.114496  0.28408  0.0904599  -0.0514697  0.0904599  0.166724
0.296574  -0.114672  -0.0512025  -0.114672  0.284264  0.0903996  -0.0512025  0.0903996  0.166649
0.296595  -0.114798  -0.0509629  -0.114798  0.284313  0.090284  -0.0509629  0.090284  0.166562
0.296594  -0.114769  -0.0509879  -0.114769  0.284278  0.0902823  -0.0509879  0.0902823  0.166569
0.296604  -0.114524  -0.0512342  -0.114524  0.283942  0.0902579  -0.0512342  0.0902579  0.166619
0.296605  -0.114553  -0.0512092  -0.114553  0.283976  0.0902596  -0.0512092  0.0902596  0.166613
0.296618  -0.114898  -0.0506841  -0.114898  0.2843  0.0901185  -0.0506841  0.0901185  0.166459
0.296617  -0.114881  -0.0506889  -0.114881  0.284278  0.0901116  -0.0506889  0.0901116  0.16646
0.296626  -0.11474  -0.0508688  -0.11474  0.284087  0.0901184  -0.0508688  0.0901184  0.166498
0.296634  -0.114632  -0.0509728  -0.114632  0.283925  0.0900976  -0.0509728  0.0900976  0.166515
0.296634  -0.114681  -0.0508921  -0.114681  0.283975  0.090077  -0.0508921  0.090077  0.166493
0.296652  -0.114891  -0.0505757  -0.114891  0.28414  0.0899736  -0.0505757  0.0899736  0.166392
0.296657  -0.114854  -0.0506229  -0.114854  0.28408  0.0899701  -0.0506229  0.0899701  0.1664
0.296659  -0.114704  -0.0507853  -0.114704  0.283892  0.0899718  -0.0507853  0.0899718  0.166438
0.296678  -0.114803  -0.0506503  -0.114803  0.283944  0.0899149  -0.0506503  0.0899149  0.166386
0.296679  -0.114869  -0.0505649  -0.114869  0.284017  0.0899012  -0.0505649  0.0899012  0.166363
0.296702  -0.114919  -0.0504972  -0.114919  0.283997  0.0898459  -0.0504972  0.0898459  0.166325
0.296702  -0.114907  -0.0505173  -0.114907  0.283984  0.089851  -0.0505173  0.089851  0.16633
0.296718  -0.114886  -0.0505331  -0.114886  0.283904  0.0898165  -0.0505331  0.0898165  0.166319
0.296719  -0.11494  -0.0504678  -0.11494  0.283964  0.0898079  -0.0504678  0.0898079  0.166301
0.296733  -0.115076  -0.0502856  -0.115076  0.284076  0.0897544  -0.0502856  0.0897544  0.166243
0.296755  -0.114961  -0.0504646  -0.114961  0.283882  0.0897541  -0.0504646  0.0897541  0.16627
0.296762  -0.114953  -0.0504868  -0.114953  0.283857  0.0897523  -0.0504868  0.0897523  0.166271
0.296769  -0.114963  -0.0505042  -0.114963  0.283855  0.0897573  -0.0505042  0.0897573  0.166271
0.296794  -0.115317  -0.0499833  -0.115317  0.284159  0.0896022  -0.0499833  0.0896022  0.166114
0.296801  -0.115363  -0.0499401  -0.115363  0.284195  0.0895917  -0.0499401  0.0895917  0.166098
0.29683  -0.115112  -0.0503276  -0.115112  0.283839  0.0896293  -0.0503276  0.0896293  0.166173
0.29683  -0.115112  -0.0503276  -0.115112  0.283839  0.0896293  -0.0503276  0.0896293  0.166173
0.296858  -0.115457  -0.0498928  -0.115457  0.284147  0.0895202  -0.0498928  0.0895202  0.166041
0.296858  -0.115481  -0.0498525  -0.115481  0.284173  0.0895099  -0.0498525  0.0895099  0.16603
0.296906  -0.115384  -0.0500396  -0.115384  0.283929  0.0894818  -0.0500396  0.0894818  0.166038
0.296906  -0.115359  -0.0500799  -0.115359  0.283904  0.0894922  -0.0500799  0.0894922  0.166049
0.296943  -0.115528  -0.0499649  -0.115528  0.284019  0.0894654  -0.0499649  0.0894654  0.165995
0.296942  -0.115548  -0.0499092  -0.115548  0.284035  0.0894431  -0.0499092  0.0894431  0.16598
0.296985  -0.115702  -0.0497214  -0.115702  0.284079  0.0893424  -0.0497214  0.0893424  0.165897
0.296984  -0.115673  -0.0497464  -0.115673  0.284044  0.0893408  -0.0497464  0.0893408  0.165903
0.297021  -0.115608  -0.0498843  -0.115608  0.283872  0.0893232  -0.0498843  0.0893232  0.165908
0.297021  -0.115633  -0.0498439  -0.115633  0.283898  0.0893129  -0.0498439  0.0893129  0.165898
0.297032  -0.115785  -0.0495904  -0.115785  0.284019  0.0892248  -0.0495904  0.0892248  0.165823
0.297071  -0.115742  -0.0496084  -0.115742  0.283836  0.0891369  -0.0496084  0.0891369  0.165791
0.297069  -0.115713  -0.0496334  -0.115713  0.283801  0.0891353  -0.0496334  0.0891353  0.165797
0.297096  -0.115728  -0.0495618  -0.115728  0.283716  0.0890475  -0.0495618  0.0890475  0.165753
0.297096  -0.115752  -0.0495215  -0.115752  0.283742  0.0890371  -0.0495215  0.0890371  0.165743
0.297118  -0.115822  -0.0492677  -0.115822  0.283698  0.0888707  -0.0492677  0.0888707  0.165652
0.297117  -0.115792  -0.0492927  -0.115792  0.283662  0.0888691  -0.0492927  0.0888691  0.165658
0.297126  -0.115631  -0.049398  -0.115631  0.283409  0.0888098  -0.049398  0.0888098  0.165668
0.297125  -0.115639  -0.0493626  -0.115639  0.283413  0.0887927  -0.0493626  0.0887927  0.165658
0.297134  -0.115742  -0.0489301  -0.115742  0.283399  0.0885487  -0.0489301  0.0885487  0.165529
0.297133  -0.115725  -0.0489349  -0.115725  0.283377  0.088542  -0.0489349  0.088542  0.16553
0.297132  -0.115454  -0.049118  -0.115454  0.283008  0.0884785  -0.049118  0.0884785  0.165561
0.29713  -0.115449  -0.0491028  -0.115449  0.282999  0.0884667  -0.0491028  0.0884667  0.165557
0.297124  -0.115474  -0.0489461  -0.115474  0.283004  0.088387  -0.0489461  0.088387  0.165518
0.29711  -0.115459  -0.0485888  -0.115459  0.282899  0.088154  -0.0485888  0.088154  0.165423
0.297108  -0.115425  -0.0485985  -0.115425  0.282855  0.0881407  -0.0485985  0.0881407  0.165424
0.2971  -0.115268  -0.0486929  -0.115268  0.282661  0.0881094  -0.0486929  0.0881094  0.165445
0.297083  -0.115196  -0.0484652  -0.115196  0.282523  0.0879332  -0.0484652  0.0879332  0.165387
0.297081  -0.115204  -0.0484299  -0.115204  0.282526  0.0879164  -0.0484299  0.0879164  0.165379
0.297061  -0.115057  -0.0482574  -0.115057  0.282296  0.0877311  -0.0482574  0.0877311  0.165334
0.297059  -0.115023  -0.0482672  -0.115023  0.282252  0.0877179  -0.0482672  0.0877179  0.165336
0.297038  -0.114773  -0.0482399  -0.114773  0.281911  0.0875618  -0.0482399  0.0875618  0.165325
0.297038  -0.114785  -0.0482199  -0.114785  0.281924  0.0875568  -0.0482199  0.0875568  0.16532
0.297017  -0.114769  -0.0478131  -0.114769  0.281828  0.0873057  -0.0478131  0.0873057  0.165222
0.297014  -0.114747  -0.047803  -0.114747  0.281797  0.0872875  -0.047803  0.0872875  0.165219
0.296992  -0.114391  -0.0479056  -0.114391  0.281337  0.0871493  -0.0479056  0.0871493  0.165238
0.296991  -0.114386  -0.0478906  -0.114386  0.281328  0.0871377  -0.0478906  0.0871377  0.165234
0.296969  -0.114373  -0.0474354  -0.114373  0.281227  0.0868605  -0.0474354  0.0868605  0.165127
0.296969  -0.114386  -0.0474155  -0.114386  0.28124  0.0868555  -0.0474155  0.0868555  0.165123
0.29695  -0.113996  -0.0475149  -0.113996  0.280718  0.0866865  -0.0475149  0.0866865  0.165135
0.296936  -0.11387  -0.0474044  -0.11387  0.280529  0.0865506  -0.0474044  0.0865506  0.165107
0.296935  -0.113877  -0.0473696  -0.113877  0.280532  0.0865343  -0.0473696  0.0865343  0.1651
0.296923  -0.113851  -0.0470378  -0.113851  0.280418  0.0863133  -0.0470378  0.0863133  0.165018
0.296923  -0.113834  -0.0470427  -0.113834  0.280397  0.0863068  -0.0470427  0.0863068  0.165019
0.296918  -0.113641  -0.0471181  -0.113641  0.280134  0.0862332  -0.0471181  0.0862332  0.165029
0.296913  -0.113485  -0.0470067  -0.113485  0.27987  0.08606  -0.0470067  0.08606  0.164991
0.296911  -0.113488  -0.0469571  -0.113488  0.279865  0.0860324  -0.0469571  0.0860324  0.16498
0.296901  -0.113382  -0.0466528  -0.113382  0.279632  0.085774  -0.0466528  0.085774  0.164901
0.296904  -0.113323  -0.046689  -0.113323  0.279543  0.0857525  -0.046689  0.0857525  0.164903
0.296901  -0.113164  -0.0467546  -0.113164  0.279326  0.0856922  -0.0467546  0.0856922  0.164911
0.296895  -0.113109  -0.0464364  -0.113109  0.279159  0.0854544  -0.0464364  0.0854544  0.16483
0.296894  -0.113117  -0.0464019  -0.113117  0.279162  0.0854383  -0.0464019  0.0854383  0.164823
0.296896  -0.112874  -0.046339  -0.112874  0.278757  0.0852259  -0.046339  0.0852259  0.164786
0.296895  -0.112857  -0.0463439  -0.112857  0.278736  0.0852194  -0.0463439  0.0852194  0.164787
0.296894  -0.11268  -0.0462106  -0.11268  0.278424  0.0850129  -0.0462106  0.0850129  0.164742
0.296899  -0.112692  -0.0461778  -0.112692  0.278416  0.08499  -0.0461778  0.08499  0.16473
0.296907  -0.112562  -0.04594  -0.112562  0.278113  0.084729  -0.04594  0.084729  0.164653
0.296912  -0.112333  -0.0460479  -0.112333  0.277777  0.0846347  -0.0460479  0.0846347  0.164658
0.296915  -0.112311  -0.0460249  -0.112311  0.277727  0.0845992  -0.0460249  0.0845992  0.164648
0.296913  -0.112291  -0.045889  -0.112291  0.277657  0.0844987  -0.045889  0.0844987  0.164615
0.296927  -0.11225  -0.0455164  -0.11225  0.277431  0.0841994  -0.0455164  0.0841994  0.164508
0.296931  -0.112221  -0.0455278  -0.112221  0.277377  0.0841797  -0.0455278  0.0841797  0.164505
0.296936  -0.112088  -0.0456046  -0.112088  0.277181  0.0841309  -0.0456046  0.0841309  0.164509
0.296942  -0.111937  -0.0454838  -0.111937  0.276891  0.0839377  -0.0454838  0.0839377  0.164464
0.296946  -0.111932  -0.045456  -0.111932  0.276862  0.0839088  -0.045456  0.0839088  0.164453
0.296959  -0.111838  -0.0452735  -0.111838  0.276618  0.0837014  -0.0452735  0.0837014  0.164391
0.296963  -0.111808  -0.0452849  -0.111808  0.276564  0.0836819  -0.0452849  0.0836819  0.164388
0.296976  -0.111598  -0.0453125  -0.111598  0.276207  0.0835325  -0.0453125  0.0835325  0.164367
0.296976  -0.11161  -0.045293  -0.11161  0.276219  0.0835279  -0.045293  0.0835279  0.164363
0.296996  -0.111609  -0.0449904  -0.111609  0.276059  0.083293  -0.0449904  0.083293  0.164274
0.296999  -0.111592  -0.0449823  -0.111592  0.276017  0.0832689  -0.0449823  0.0832689  0.164267
0.297014  -0.11135  -0.0450829  -0.11135  0.275633  0.0831449  -0.0450829  0.0831449  0.16426
0.297013  -0.111333  -0.0450878  -0.111333  0.275613  0.0831387  -0.0450878  0.0831387  0.164261
0.297022  -0.111365  -0.0447388  -0.111365  0.275522  0.0829158  -0.0447388  0.0829158  0.164174
0.297027  -0.111364  -0.0447258  -0.111364  0.275502  0.082898  -0.0447258  0.082898  0.164167
0.297041  -0.111115  -0.0448603  -0.111115  0.275115  0.0827899  -0.0448603  0.0827899  0.164166
0.297041  -0.111086  -0.0448847  -0.111086  0.275083  0.0827883  -0.0448847  0.0827883  0.16417
0.297047  -0.111059  -0.0448343  -0.111059  0.275004  0.0827249  -0.0448343  0.0827249  0.164151
0.297064  -0.111128  -0.0444778  -0.111128  0.274943  0.0825087  -0.0444778  0.0825087  0.16406
0.297063  -0.111124  -0.0444633  -0.111124  0.274935  0.0824979  -0.0444633  0.0824979  0.164057
0.297078  -0.110843  -0.0446704  -0.110843  0.274522  0.0824146  -0.0446704  0.0824146  0.164069
0.297077  -0.110822  -0.0446607  -0.110822  0.274493  0.0823976  -0.0446607  0.0823976  0.164067
0.297089  -0.110927  -0.0442595  -0.110927  0.274489  0.0821863  -0.0442595  0.0821863  0.163974
0.297093  -0.110939  -0.0442271  -0.110939  0.274481  0.0821641  -0.0442271  0.0821641  0.163963
0.297105  -0.110879  -0.0442366  -0.110879  0.274354  0.0821079  -0.0442366  0.0821079  0.16395
0.297115  -0.110595  -0.0444418  -0.110595  0.273955  0.0820318  -0.0444418  0.0820318  0.163966
0.29712  -0.110606  -0.0444094  -0.110606  0.273947  0.0820096  -0.0444094  0.0820096  0.163955
0.297132  -0.110723  -0.0439896  -0.110723  0.273955  0.0817948  -0.0439896  0.0817948  0.16386
0.297137  -0.110727  -0.043991  -0.110727  0.273943  0.0817878  -0.043991  0.0817878  0.163856
0.297147  -0.110407  -0.0442541  -0.110407  0.273509  0.0817255  -0.0442541  0.0817255  0.163881
0.297152  -0.110398  -0.0442749  -0.110398  0.273485  0.081723  -0.0442749  0.081723  0.16388
0.297158  -0.110532  -0.043801  -0.110532  0.273521  0.0814963  -0.043801  0.0814963  0.163782
0.297163  -0.110547  -0.0437831  -0.110547  0.273521  0.0814848  -0.0437831  0.0814848  0.163774
0.297177  -0.110258  -0.0439603  -0.110258  0.273095  0.081381  -0.0439603  0.081381  0.163779
0.297176  -0.11023  -0.0439845  -0.11023  0.273063  0.0813794  -0.0439845  0.0813794  0.163783
0.297183  -0.110275  -0.0436948  -0.110275  0.27302  0.0812107  -0.0436948  0.0812107  0.163718
0.297188  -0.110287  -0.0436625  -0.110287  0.273011  0.0811887  -0.0436625  0.0811887  0.163708
0.297201  -0.110113  -0.043632  -0.110113  0.272699  0.0810298  -0.043632  0.0810298  0.163677
0.297205  -0.110064  -0.0436962  -0.110064  0.272631  0.0810302  -0.0436962  0.0810302  0.163683
0.297206  -0.109938  -0.0437991  -0.109938  0.27247  0.0810107  -0.0437991  0.0810107  0.163695
0.297223  -0.110078  -0.0433298  -0.110078  0.272482  0.0807724  -0.0433298  0.0807724  0.163592
0.297226  -0.110084  -0.0432832  -0.110084  0.272465  0.08074  -0.0432832  0.08074  0.163579
0.297243  -0.109754  -0.0434902  -0.109754  0.271979  0.0806222  -0.0434902  0.0806222  0.163583
0.297241  -0.10971  -0.0435192  -0.10971  0.271927  0.0806145  -0.0435192  0.0806145  0.163588
0.297248  -0.109675  -0.043503  -0.109675  0.271846  0.0805676  -0.043503  0.0805676  0.163575
0.297261  -0.109812  -0.0429101  -0.109812  0.271832  0.0802592  -0.0429101  0.0802592  0.163454
0.297258  -0.109775  -0.0429056  -0.109775  0.271784  0.0802367  -0.0429056  0.0802367  0.163453
0.297262  -0.109603  -0.0430243  -0.109603  0.271552  0.0801924  -0.0430243  0.0801924  0.163462
0.297274  -0.109429  -0.043117  -0.109429  0.27128  0.0801134  -0.043117  0.0801134  0.163457
0.297272  -0.109444  -0.04305  -0.109444  0.271287  0.0800838  -0.04305  0.0800838  0.163446
0.297285  -0.109435  -0.0427367  -0.109435  0.271136  0.0798552  -0.0427367  0.0798552  0.163372
0.29729  -0.109426  -0.0427573  -0.109426  0.271112  0.0798527  -0.0427573  0.0798527  0.16337
0.297305  -0.109147  -0.0429616  -0.109147  0.270711  0.0797709  -0.0429616  0.0797709  0.163378
