0.298461  -0.123541  -0.0557997  -0.123541  0.295312  0.0971388  -0.0557997  0.0971388  0.167775
0.298461  -0.123541  -0.0557997  -0.123541  0.295312  0.0971388  -0.0557997  0.0971388  0.167775
0.298492  -0.12331  -0.0558377  -0.12331  0.294834  0.0969375  -0.0558377  0.0969375  0.167738
0.298489  -0.123274  -0.0558473  -0.123274  0.294785  0.0969226  -0.0558473  0.0969226  0.167741
0.298462  -0.122776  -0.0557676  -0.122776  0.293955  0.0965194  -0.0557676  0.0965194  0.167667
0.298454  -0.122728  -0.0557442  -0.122728  0.293884  0.0964777  -0.0557442  0.0964777  0.167657
0.298398  -0.122092  -0.0553348  -0.122092  0.292768  0.0957671  -0.0553348  0.0957671  0.167455
0.298337  -0.121496  -0.055151  -0.121496  0.291831  0.0952684  -0.055151  0.0952684  0.167356
0.298328  -0.121431  -0.0551327  -0.121431  0.291738  0.09522  -0.0551327  0.09522  0.167348
0.298219  -0.120593  -0.0546794  -0.120593  0.290423  0.0944177  -0.0546794  0.0944177  0.167152
0.298218  -0.120546  -0.0546427  -0.120546  0.290333  0.094357  -0.0546427  0.094357  0.167134
0.29812  -0.119658  -0.054097  -0.119658  0.288881  0.0934378  -0.054097  0.0934378  0.166895
0.298062  -0.118946  -0.0538548  -0.118946  0.287753  0.0928195  -0.0538548  0.0928195  0.166769
0.298059  -0.118882  -0.0538232  -0.118882  0.287641  0.0927528  -0.0538232  0.0927528  0.166752
0.297983  -0.118082  -0.0532682  -0.118082  0.286304  0.0918732  -0.0532682  0.0918732  0.166516
0.29798  -0.118019  -0.053237  -0.118019  0.286193  0.0918073  -0.053237  0.0918073  0.166499
0.297887  -0.117079  -0.0527882  -0.117079  0.284733  0.0909391  -0.0527882  0.0909391  0.16631
0.297812  -0.116326  -0.0524582  -0.116326  0.283591  0.0902726  -0.0524582  0.0902726  0.166174
0.29781  -0.116264  -0.0524274  -0.116264  0.283484  0.090208  -0.0524274  0.090208  0.166158
0.297716  -0.115289  -0.0518158  -0.115289  0.281945  0.0892173  -0.0518158  0.0892173  0.165923
0.297706  -0.115218  -0.0517677  -0.115218  0.281842  0.0891484  -0.0517677  0.0891484  0.165907
0.297638  -0.114207  -0.0513494  -0.114207  0.280268  0.0882364  -0.0513494  0.0882364  0.165724
0.297598  -0.113562  -0.0509796  -0.113562  0.279227  0.0875822  -0.0509796  0.0875822  0.165574
0.297588  -0.113487  -0.0509168  -0.113487  0.279117  0.0875031  -0.0509168  0.0875031  0.165556
0.29754  -0.112644  -0.0502688  -0.112644  0.277702  0.0865366  -0.0502688  0.0865366  0.165311
0.297538  -0.112567  -0.0502436  -0.112567  0.277579  0.0864683  -0.0502436  0.0864683  0.165298
0.297502  -0.111699  -0.0497918  -0.111699  0.27618  0.085608  -0.0497918  0.085608  0.165112
0.297481  -0.111258  -0.0493441  -0.111258  0.275406  0.0850318  -0.0493441  0.0850318  0.164957
0.297482  -0.111215  -0.0493099  -0.111215  0.275326  0.0849778  -0.0493099  0.0849778  0.164943
0.297465  -0.11056  -0.0488229  -0.11056  0.274207  0.0842229  -0.0488229  0.0842229  0.164759
0.297466  -0.110521  -0.048804  -0.110521  0.274137  0.0841807  -0.048804  0.0841807  0.164749
0.297473  -0.109973  -0.0484719  -0.109973  0.273173  0.0835678  -0.0484719  0.0835678  0.164604
0.297475  -0.109673  -0.048109  -0.109673  0.272587  0.0831157  -0.048109  0.0831157  0.164476
0.297477  -0.109646  -0.0480707  -0.109646  0.272529  0.0830695  -0.0480707  0.0830695  0.164462
0.29749  -0.109164  -0.0477719  -0.109164  0.271663  0.0825169  -0.0477719  0.0825169  0.16433
0.297494  -0.109147  -0.0477633  -0.109147  0.271623  0.0824927  -0.0477633  0.0824927  0.164323
0.29752  -0.10882  -0.0473759  -0.10882  0.27092  0.0819676  -0.0473759  0.0819676  0.164169
0.297548  -0.108682  -0.0470561  -0.108682  0.27052  0.0816149  -0.0470561  0.0816149  0.164048
0.297551  -0.108665  -0.0470475  -0.108665  0.27048  0.0815911  -0.0470475  0.0815911  0.164041
0.297608  -0.108423  -0.0468531  -0.108423  0.269875  0.0811963  -0.0468531  0.0811963  0.163919
0.297612  -0.108405  -0.0468446  -0.108405  0.269836  0.0811725  -0.0468446  0.0811725  0.163912
0.297673  -0.108382  -0.0465049  -0.108382  0.269494  0.0808259  -0.0465049  0.0808259  0.163766
0.297717  -0.108324  -0.0463251  -0.108324  0.269206  0.0805892  -0.0463251  0.0805892  0.163674
0.297722  -0.108323  -0.0463119  -0.108323  0.269186  0.0805717  -0.0463119  0.0805717  0.163667
0.297784  -0.10828  -0.0461511  -0.10828  0.268871  0.0803255  -0.0461511  0.0803255  0.163565
0.297836  -0.108348  -0.045919  -0.108348  0.26873  0.0801283  -0.045919  0.0801283  0.163464
0.29784  -0.108359  -0.0458865  -0.108359  0.268721  0.0801064  -0.0458865  0.0801064  0.163453
0.297905  -0.108347  -0.0457162  -0.108347  0.268445  0.0798732  -0.0457162  0.0798732  0.16335
0.29791  -0.10835  -0.0457175  -0.10835  0.268433  0.0798663  -0.0457175  0.0798663  0.163346
0.297978  -0.108435  -0.0454557  -0.108435  0.26826  0.079634  -0.0454557  0.079634  0.163226
0.297982  -0.108446  -0.0454231  -0.108446  0.268251  0.0796122  -0.0454231  0.0796122  0.163215
0.298057  -0.108515  -0.0452158  -0.108515  0.268052  0.0793926  -0.0452158  0.0793926  0.163102
0.298062  -0.108518  -0.0452171  -0.108518  0.26804  0.0793857  -0.0452171  0.0793857  0.163097
0.298115  -0.108554  -0.0450574  -0.108554  0.267876  0.0792131  -0.0450574  0.0792131  0.163014
0.298162  -0.108649  -0.044876  -0.108649  0.267813  0.0790784  -0.044876  0.0790784  0.162936
0.298166  -0.108647  -0.0448628  -0.108647  0.267793  0.0790611  -0.0448628  0.0790611  0.162929
0.298221  -0.108652  -0.0447754  -0.108652  0.267603  0.0789123  -0.0447754  0.0789123  0.162859
0.298226  -0.108655  -0.0447768  -0.108655  0.267591  0.0789055  -0.0447768  0.0789055  0.162855
0.298274  -0.108711  -0.044577  -0.108711  0.267462  0.0787312  -0.044577  0.0787312  0.16277
0.298314  -0.10875  -0.0444568  -0.10875  0.267359  0.0786108  -0.0444568  0.0786108  0.16271
0.298314  -0.10875  -0.0444568  -0.10875  0.267359  0.0786108  -0.0444568  0.0786108  0.16271
0.298356  -0.108719  -0.0443907  -0.108719  0.267163  0.0784746  -0.0443907  0.0784746  0.162654
0.29836  -0.108718  -0.0443774  -0.108718  0.267143  0.0784574  -0.0443774  0.0784574  0.162647
0.298388  -0.108731  -0.0441833  -0.108731  0.267011  0.0782923  -0.0441833  0.0782923  0.162579
0.298401  -0.108679  -0.0440963  -0.108679  0.266868  0.0781804  -0.0440963  0.0781804  0.162544
0.298398  -0.108658  -0.0440866  -0.108658  0.26684  0.0781642  -0.0440866  0.0781642  0.162543
0.298411  -0.10858  -0.0439622  -0.10858  0.266641  0.0780088  -0.0439622  0.0780088  0.162497
0.29841  -0.108575  -0.0439477  -0.108575  0.266633  0.0779985  -0.0439477  0.0779985  0.162495
0.298409  -0.108493  -0.0437729  -0.108493  0.266454  0.0778322  -0.0437729  0.0778322  0.16245
0.298407  -0.108362  -0.0437364  -0.108362  0.266255  0.0777259  -0.0437364  0.0777259  0.162435
0.298407  -0.108362  -0.0437364  -0.108362  0.266255  0.0777259  -0.0437364  0.0777259  0.162435
0.2984  -0.108265  -0.0435799  -0.108265  0.266077  0.0775715  -0.0435799  0.0775715  0.162399
0.298405  -0.108264  -0.0435667  -0.108264  0.266057  0.0775544  -0.0435667  0.0775544  0.162392
0.298393  -0.108117  -0.043486  -0.108117  0.265847  0.0774247  -0.043486  0.0774247  0.162374
0.29838  -0.107984  -0.0434617  -0.107984  0.265682  0.0773429  -0.0434617  0.0773429  0.16237
0.298379  -0.10798  -0.0434473  -0.10798  0.265674  0.0773327  -0.0434473  0.0773327  0.162368
0.298364  -0.107886  -0.0433177  -0.107886  0.265537  0.0772134  -0.0433177  0.0772134  0.162347
0.298363  -0.107881  -0.0433034  -0.107881  0.265529  0.0772032  -0.0433034  0.0772032  0.162345
0.298344  -0.107718  -0.043302  -0.107718  0.265346  0.077127  -0.043302  0.077127  0.16235
0.298344  -0.107718  -0.043302  -0.107718  0.265346  0.077127  -0.043302  0.077127  0.16235
0.29832  -0.107623  -0.0431847  -0.107623  0.265242  0.077032  -0.0431847  0.077032  0.16234
0.29832  -0.107623  -0.0431847  -0.107623  0.265242  0.077032  -0.0431847  0.077032  0.16234
0.298297  -0.107485  -0.0431583  -0.107485  0.265102  0.0769645  -0.0431583  0.0769645  0.162346
0.298284  -0.107391  -0.0431523  -0.107391  0.265003  0.076922  -0.0431523  0.076922  0.16235
0.298278  -0.107388  -0.0431511  -0.107388  0.265015  0.0769288  -0.0431511  0.0769288  0.162355
0.298258  -0.107331  -0.043039  -0.107331  0.264957  0.076856  -0.043039  0.076856  0.162347
0.298257  -0.107314  -0.0430437  -0.107314  0.264939  0.0768502  -0.0430437  0.0768502  0.162348
0.298245  -0.107202  -0.0430902  -0.107202  0.264826  0.0768264  -0.0430902  0.0768264  0.16236
0.29823  -0.107166  -0.0430497  -0.107166  0.264808  0.076804  -0.0430497  0.076804  0.162364
0.298229  -0.107162  -0.0430354  -0.107162  0.2648  0.076794  -0.0430354  0.076794  0.162361
0.298219  -0.107118  -0.0430152  -0.107118  0.264759  0.0767691  -0.0430152  0.0767691  0.162363
0.298213  -0.107098  -0.0430188  -0.107098  0.264752  0.0767701  -0.0430188  0.0767701  0.162368
0.298205  -0.107039  -0.0430652  -0.107039  0.264704  0.0767738  -0.0430652  0.0767738  0.162381
0.298204  -0.107047  -0.0430319  -0.107047  0.264708  0.0767595  -0.0430319  0.0767595  0.162376
0.298199  -0.107044  -0.0430307  -0.107044  0.26472  0.0767663  -0.0430307  0.0767663  0.16238
0.298199  -0.107008  -0.0430879  -0.107008  0.264687  0.076779  -0.0430879  0.076779  0.162389
0.298199  -0.107008  -0.0430879  -0.107008  0.264687  0.076779  -0.0430879  0.076779  0.162389
0.298201  -0.107029  -0.0430974  -0.107029  0.264713  0.0767949  -0.0430974  0.0767949  0.162391
0.298202  -0.107045  -0.0430926  -0.107045  0.264732  0.0768008  -0.0430926  0.0768008  0.16239
0.298202  -0.107045  -0.0430926  -0.107045  0.264732  0.0768008  -0.0430926  0.0768008  0.16239
0.298208  -0.107017  -0.0431653  -0.107017  0.264695  0.0768167  -0.0431653  0.0768167  0.162397
0.298209  -0.107022  -0.0431796  -0.107022  0.264703  0.0768267  -0.0431796  0.0768267  0.162399
0.29821  -0.107061  -0.0431367  -0.107061  0.264744  0.0768241  -0.0431367  0.0768241  0.162392
0.298218  -0.107073  -0.0431665  -0.107073  0.264747  0.0768374  -0.0431665  0.0768374  0.162392
0.298217  -0.107057  -0.0431713  -0.107057  0.264729  0.0768315  -0.0431713  0.0768315  0.162393
0.29823  -0.107072  -0.0432022  -0.107072  0.26472  0.076838  -0.0432022  0.076838  0.162388
0.29823  -0.107072  -0.0432022  -0.107072  0.26472  0.076838  -0.0432022  0.076838  0.162388
0.298237  -0.107119  -0.0431748  -0.107119  0.264757  0.0768385  -0.0431748  0.0768385  0.162379
0.29825  -0.107122  -0.0432249  -0.107122  0.264737  0.0768492  -0.0432249  0.0768492  0.162377
0.29825  -0.107122  -0.0432249  -0.107122  0.264737  0.0768492  -0.0432249  0.0768492  0.162377
0.298264  -0.107177  -0.043213  -0.107177  0.26477  0.076853  -0.043213  0.076853  0.162365
0.298264  -0.107177  -0.043213  -0.107177  0.26477  0.076853  -0.043213  0.076853  0.162365
0.298278  -0.107208  -0.0432392  -0.107208  0.26478  0.0768653  -0.0432392  0.0768653  0.16236
0.298292  -0.10724  -0.0432655  -0.10724  0.264791  0.0768776  -0.0432655  0.0768776  0.162354
0.298292  -0.10724  -0.0432655  -0.10724  0.264791  0.0768776  -0.0432655  0.0768776  0.162354
0.298306  -0.107306  -0.0432345  -0.107306  0.264834  0.0768771  -0.0432345  0.0768771  0.16234
0.298306  -0.107306  -0.0432345  -0.107306  0.264834  0.0768771  -0.0432345  0.0768771  0.16234
0.298326  -0.107329  -0.0432811  -0.107329  0.264822  0.0768869  -0.0432811  0.0768869  0.162333
0.298326  -0.107329  -0.0432811  -0.107329  0.264822  0.0768869  -0.0432811  0.0768869  0.162333
0.298338  -0.107375  -0.0432404  -0.107375  0.264839  0.0768704  -0.0432404  0.0768704  0.162316
0.298338  -0.107375  -0.0432404  -0.107375  0.264839  0.0768704  -0.0432404  0.0768704  0.162316
0.298351  -0.10739  -0.0432715  -0.10739  0.26483  0.0768769  -0.0432715  0.0768769  0.162312
0.298351  -0.10739  -0.0432715  -0.10739  0.26483  0.0768769  -0.0432715  0.0768769  0.162312
0.298363  -0.107436  -0.0432309  -0.107436  0.264847  0.0768605  -0.0432309  0.0768605  0.162296
0.298369  -0.107451  -0.0432129  -0.107451  0.264846  0.0768493  -0.0432129  0.0768493  0.162288
0.29837  -0.107455  -0.0432273  -0.107455  0.264854  0.0768594  -0.0432273  0.0768594  0.16229
0.298374  -0.107442  -0.0432332  -0.107442  0.264823  0.0768467  -0.0432332  0.0768467  0.162286
0.298376  -0.107458  -0.0432285  -0.107458  0.264842  0.0768526  -0.0432285  0.0768526  0.162286
0.29838  -0.107481  -0.0431771  -0.107481  0.264844  0.076827  -0.0431771  0.076827  0.162272
0.29838  -0.107481  -0.0431771  -0.107481  0.264844  0.076827  -0.0431771  0.076827  0.162272
0.298386  -0.107472  -0.0431973  -0.107472  0.264821  0.0768245  -0.0431973  0.0768245  0.162271
0.298384  -0.107479  -0.0431639  -0.107479  0.264824  0.0768101  -0.0431639  0.0768101  0.162266
0.298384  -0.107479  -0.0431639  -0.107479  0.264824  0.0768101  -0.0431639  0.0768101  0.162266
0.298383  -0.107475  -0.0431495  -0.107475  0.264817  0.0768  -0.0431495  0.0768  0.162263
0.298383  -0.107475  -0.0431495  -0.107475  0.264817  0.0768  -0.0431495  0.0768  0.162263
0.298382  -0.10747  -0.0431352  -0.10747  0.264809  0.0767899  -0.0431352  0.0767899  0.162261
0.298382  -0.10747  -0.0431352  -0.10747  0.264809  0.0767899  -0.0431352  0.0767899  0.162261
0.298375  -0.107458  -0.0431053  -0.107458  0.264805  0.0767766  -0.0431053  0.0767766  0.162261
0.298375  -0.107458  -0.0431053  -0.107458  0.264805  0.0767766  -0.0431053  0.0767766  0.162261
0.298368  -0.107439  -0.0431089  -0.107439  0.264798  0.0767776  -0.0431089  0.0767776  0.162267
0.298368  -0.107451  -0.0430898  -0.107451  0.264809  0.0767733  -0.0430898  0.0767733  0.162264
0.298368  -0.107451  -0.0430898  -0.107451  0.264809  0.0767733  -0.0430898  0.0767733  0.162264
0.298367  -0.107435  -0.0430946  -0.107435  0.26479  0.0767675  -0.0430946  0.0767675  0.162264
0.298361  -0.107432  -0.0430934  -0.107432  0.264802  0.0767744  -0.0430934  0.0767744  0.162269
0.29836  -0.107439  -0.04306  -0.107439  0.264805  0.07676  -0.04306  0.07676  0.162264
0.298359  -0.107434  -0.0430457  -0.107434  0.264798  0.0767499  -0.0430457  0.0767499  0.162261
0.298359  -0.107434  -0.0430457  -0.107434  0.264798  0.0767499  -0.0430457  0.0767499  0.162261
0.298354  -0.10742  -0.0430636  -0.10742  0.264799  0.0767611  -0.0430636  0.0767611  0.162269
0.298354  -0.10742  -0.0430636  -0.10742  0.264799  0.0767611  -0.0430636  0.0767611  0.162269
0.298353  -0.107427  -0.0430302  -0.107427  0.264802  0.0767467  -0.0430302  0.0767467  0.162264
0.298353  -0.107427  -0.0430302  -0.107427  0.264802  0.0767467  -0.0430302  0.0767467  0.162264
0.298353  -0.107427  -0.0430302  -0.107427  0.264802  0.0767467  -0.0430302  0.0767467  0.162264
0.298353  -0.107427  -0.0430302  -0.107427  0.264802  0.0767467  -0.0430302  0.0767467  0.162264
0.298353  -0.107427  -0.0430302  -0.107427  0.264802  0.0767467  -0.0430302  0.0767467  0.162264
0.298346  -0.107419  -0.0430147  -0.107419  0.264806  0.0767435  -0.0430147  0.0767435  0.162266
0.298346  -0.107419  -0.0430147  -0.107419  0.264806  0.0767435  -0.0430147  0.0767435  0.162266
0.298346  -0.107419  -0.0430147  -0.107419  0.264806  0.0767435  -0.0430147  0.0767435  0.162266
0.298344  -0.107411  -0.0429861  -0.107411  0.26479  0.0767233  -0.0429861  0.0767233  0.162262
0.298344  -0.107411  -0.0429861  -0.107411  0.26479  0.0767233  -0.0429861  0.0767233  0.162262
0.298344  -0.107411  -0.0429861  -0.107411  0.26479  0.0767233  -0.0429861  0.0767233  0.162262
0.298342  -0.10739  -0.0429765  -0.10739  0.264763  0.0767075  -0.0429765  0.0767075  0.16226
0.298342  -0.10739  -0.0429765  -0.10739  0.264763  0.0767075  -0.0429765  0.0767075  0.16226
0.298341  -0.107397  -0.0429431  -0.107397  0.264767  0.0766931  -0.0429431  0.0766931  0.162255
0.29834  -0.107381  -0.0429479  -0.107381  0.264748  0.0766873  -0.0429479  0.0766873  0.162256
0.298338  -0.107365  -0.0429526  -0.107365  0.264729  0.0766815  -0.0429526  0.0766815  0.162257
0.298343  -0.107375  -0.0429204  -0.107375  0.26472  0.0766603  -0.0429204  0.0766603  0.162247
0.298343  -0.107375  -0.0429204  -0.107375  0.26472  0.0766603  -0.0429204  0.0766603  0.162247
0.298341  -0.107354  -0.0429109  -0.107354  0.264693  0.0766445  -0.0429109  0.0766445  0.162245
0.298341  -0.107354  -0.0429109  -0.107354  0.264693  0.0766445  -0.0429109  0.0766445  0.162245
0.29834  -0.10735  -0.0428966  -0.10735  0.264685  0.0766344  -0.0428966  0.0766344  0.162243
0.29834  -0.10735  -0.0428966  -0.10735  0.264685  0.0766344  -0.0428966  0.0766344  0.162243
0.298339  -0.107346  -0.0428822  -0.107346  0.264677  0.0766243  -0.0428822  0.0766243  0.162241
0.298337  -0.107329  -0.042887  -0.107329  0.264659  0.0766185  -0.042887  0.0766185  0.162242
0.298337  -0.107329  -0.042887  -0.107329  0.264659  0.0766185  -0.042887  0.0766185  0.162242
0.298336  -0.107325  -0.0428727  -0.107325  0.264651  0.0766085  -0.0428727  0.0766085  0.16224
0.298336  -0.107325  -0.0428727  -0.107325  0.264651  0.0766085  -0.0428727  0.0766085  0.16224
0.298335  -0.10732  -0.0428584  -0.10732  0.264643  0.0765984  -0.0428584  0.0765984  0.162237
0.298335  -0.10732  -0.0428584  -0.10732  0.264643  0.0765984  -0.0428584  0.0765984  0.162237
0.298335  -0.10732  -0.0428584  -0.10732  0.264643  0.0765984  -0.0428584  0.0765984  0.162237
0.298334  -0.107316  -0.0428441  -0.107316  0.264635  0.0765884  -0.0428441  0.0765884  0.162235
0.298334  -0.107316  -0.0428441  -0.107316  0.264635  0.0765884  -0.0428441  0.0765884  0.162235
0.298335  -0.10732  -0.0428584  -0.10732  0.264643  0.0765984  -0.0428584  0.0765984  0.162237
0.29833  -0.107317  -0.0428573  -0.107317  0.264655  0.0766053  -0.0428573  0.0766053  0.162242
0.298329  -0.107313  -0.042843  -0.107313  0.264647  0.0765952  -0.042843  0.0765952  0.16224
0.29833  -0.107317  -0.0428573  -0.107317  0.264655  0.0766053  -0.0428573  0.0766053  0.162242
0.29833  -0.107317  -0.0428573  -0.107317  0.264655  0.0766053  -0.0428573  0.0766053  0.162242
0.29833  -0.107317  -0.0428573  -0.107317  0.264655  0.0766053  -0.0428573  0.0766053  0.162242
0.29833  -0.107317  -0.0428573  -0.107317  0.264655  0.0766053  -0.0428573  0.0766053  0.162242
0.29833  -0.107317  -0.0428573  -0.107317  0.264655  0.0766053  -0.0428573  0.0766053  0.162242
0.298331  -0.107322  -0.0428716  -0.107322  0.264663  0.0766153  -0.0428716  0.0766153  0.162244
0.298331  -0.107322  -0.0428716  -0.107322  0.264663  0.0766153  -0.0428716  0.0766153  0.162244
0.298331  -0.107322  -0.0428716  -0.107322  0.264663  0.0766153  -0.0428716  0.0766153  0.162244
0.298331  -0.107322  -0.0428716  -0.107322  0.264663  0.0766153  -0.0428716  0.0766153  0.162244
0.298337  -0.107329  -0.042887  -0.107329  0.264659  0.0766185  -0.042887  0.0766185  0.162242
0.298339  -0.107334  -0.0429013  -0.107334  0.264666  0.0766286  -0.0429013  0.0766286  0.162244
0.298339  -0.107334  -0.0429013  -0.107334  0.264666  0.0766286  -0.0429013  0.0766286  0.162244
0.298339  -0.107334  -0.0429013  -0.107334  0.264666  0.0766286  -0.0429013  0.0766286  0.162244
0.298339  -0.107334  -0.0429013  -0.107334  0.264666  0.0766286  -0.0429013  0.0766286  0.162244
0.29834  -0.107338  -0.0429156  -0.107338  0.264674  0.0766387  -0.0429156  0.0766387  0.162246
0.29834  -0.107338  -0.0429156  -0.107338  0.264674  0.0766387  -0.0429156  0.0766387  0.162246
0.298341  -0.107343  -0.0429299  -0.107343  0.264682  0.0766487  -0.0429299  0.0766487  0.162248
0.298341  -0.107343  -0.0429299  -0.107343  0.264682  0.0766487  -0.0429299  0.0766487  0.162248
0.298346  -0.107334  -0.0429502  -0.107334  0.264659  0.0766461  -0.0429502  0.0766461  0.162247
0.298346  -0.107334  -0.0429502  -0.107334  0.264659  0.0766461  -0.0429502  0.0766461  0.162247
0.298346  -0.107334  -0.0429502  -0.107334  0.264659  0.0766461  -0.0429502  0.0766461  0.162247
0.298347  -0.107338  -0.0429645  -0.107338  0.264667  0.0766562  -0.0429645  0.0766562  0.162249
0.298347  -0.107338  -0.0429645  -0.107338  0.264667  0.0766562  -0.0429645  0.0766562  0.162249
0.298347  -0.107326  -0.0429836  -0.107326  0.264656  0.0766604  -0.0429836  0.0766604  0.162252
0.298347  -0.107326  -0.0429836  -0.107326  0.264656  0.0766604  -0.0429836  0.0766604  0.162252
0.298353  -0.10733  -0.0429847  -0.10733  0.264644  0.0766536  -0.0429847  0.0766536  0.162247
0.298353  -0.10733  -0.0429847  -0.10733  0.264644  0.0766536  -0.0429847  0.0766536  0.162247
0.298353  -0.107318  -0.0430038  -0.107318  0.264633  0.0766578  -0.0430038  0.0766578  0.16225
0.298354  -0.107322  -0.0430181  -0.107322  0.264641  0.0766679  -0.0430181  0.0766679  0.162253
0.298354  -0.107322  -0.0430181  -0.107322  0.264641  0.0766679  -0.0430181  0.0766679  0.162253
0.298352  -0.107306  -0.0430229  -0.107306  0.264622  0.0766621  -0.0430229  0.0766621  0.162253
0.298352  -0.107306  -0.0430229  -0.107306  0.264622  0.0766621  -0.0430229  0.0766621  0.162253
0.298354  -0.10731  -0.0430372  -0.10731  0.26463  0.0766722  -0.0430372  0.0766722  0.162256
0.298352  -0.107294  -0.043042  -0.107294  0.264611  0.0766663  -0.043042  0.0766663  0.162256
0.298352  -0.107294  -0.043042  -0.107294  0.264611  0.0766663  -0.043042  0.0766663  0.162256
0.298359  -0.107302  -0.0430575  -0.107302  0.264607  0.0766696  -0.0430575  0.0766696  0.162254
0.298359  -0.107302  -0.0430575  -0.107302  0.264607  0.0766696  -0.0430575  0.0766696  0.162254
0.298358  -0.107285  -0.0430622  -0.107285  0.264588  0.0766637  -0.0430622  0.0766637  0.162255
0.298359  -0.10729  -0.0430765  -0.10729  0.264596  0.0766738  -0.0430765  0.0766738  0.162257
0.298359  -0.10729  -0.0430765  -0.10729  0.264596  0.0766738  -0.0430765  0.0766738  0.162257
0.298359  -0.10729  -0.0430765  -0.10729  0.264596  0.0766738  -0.0430765  0.0766738  0.162257
0.298359  -0.10729  -0.0430765  -0.10729  0.264596  0.0766738  -0.0430765  0.0766738  0.162257
0.298361  -0.10731  -0.0430861  -0.10731  0.264622  0.0766897  -0.0430861  0.0766897  0.162259
0.298361  -0.10731  -0.0430861  -0.10731  0.264622  0.0766897  -0.0430861  0.0766897  0.162259
0.298362  -0.107315  -0.0431004  -0.107315  0.26463  0.0766998  -0.0431004  0.0766998  0.162261
0.298362  -0.107315  -0.0431004  -0.107315  0.26463  0.0766998  -0.0431004  0.0766998  0.162261
0.298363  -0.107319  -0.0431148  -0.107319  0.264638  0.0767099  -0.0431148  0.0767099  0.162263
0.298363  -0.107319  -0.0431148  -0.107319  0.264638  0.0767099  -0.0431148  0.0767099  0.162263
0.298364  -0.107324  -0.0431291  -0.107324  0.264646  0.0767199  -0.0431291  0.0767199  0.162265
0.298366  -0.10734  -0.0431243  -0.10734  0.264665  0.0767258  -0.0431243  0.0767258  0.162265
0.298366  -0.10734  -0.0431243  -0.10734  0.264665  0.0767258  -0.0431243  0.0767258  0.162265
0.298368  -0.107361  -0.0431339  -0.107361  0.264692  0.0767417  -0.0431339  0.0767417  0.162266
0.298368  -0.107361  -0.0431339  -0.107361  0.264692  0.0767417  -0.0431339  0.0767417  0.162266
0.298369  -0.107365  -0.0431483  -0.107365  0.264699  0.0767517  -0.0431483  0.0767517  0.162268
0.298369  -0.107365  -0.0431483  -0.107365  0.264699  0.0767517  -0.0431483  0.0767517  0.162268
0.29837  -0.107382  -0.0431435  -0.107382  0.264718  0.0767576  -0.0431435  0.0767576  0.162267
0.29837  -0.107382  -0.0431435  -0.107382  0.264718  0.0767576  -0.0431435  0.0767576  0.162267
0.298366  -0.107383  -0.0431567  -0.107383  0.264738  0.0767745  -0.0431567  0.0767745  0.162274
0.298367  -0.107399  -0.0431519  -0.107399  0.264757  0.0767803  -0.0431519  0.0767803  0.162274
0.298367  -0.107399  -0.0431519  -0.107399  0.264757  0.0767803  -0.0431519  0.0767803  0.162274
0.298367  -0.107399  -0.0431519  -0.107399  0.264757  0.0767803  -0.0431519  0.0767803  0.162274
0.298367  -0.107399  -0.0431519  -0.107399  0.264757  0.0767803  -0.0431519  0.0767803  0.162274
0.298367  -0.107399  -0.0431519  -0.107399  0.264757  0.0767803  -0.0431519  0.0767803  0.162274
0.29836  -0.107392  -0.0431364  -0.107392  0.264761  0.0767771  -0.0431364  0.0767771  0.162276
0.29836  -0.107392  -0.0431364  -0.107392  0.264761  0.0767771  -0.0431364  0.0767771  0.162276
0.29836  -0.107392  -0.0431364  -0.107392  0.264761  0.0767771  -0.0431364  0.0767771  0.162276
0.29836  -0.107392  -0.0431364  -0.107392  0.264761  0.0767771  -0.0431364  0.0767771  0.162276
0.298355  -0.107389  -0.0431352  -0.107389  0.264773  0.076784  -0.0431352  0.076784  0.16228
0.298349  -0.107386  -0.0431341  -0.107386  0.264785  0.0767908  -0.0431341  0.0767908  0.162285
0.298349  -0.107386  -0.0431341  -0.107386  0.264785  0.0767908  -0.0431341  0.0767908  0.162285
0.298337  -0.107375  -0.0431174  -0.107375  0.264802  0.0767945  -0.0431174  0.0767945  0.162292
0.298337  -0.107375  -0.0431174  -0.107375  0.264802  0.0767945  -0.0431174  0.0767945  0.162292
0.298332  -0.107372  -0.0431162  -0.107372  0.264814  0.0768013  -0.0431162  0.0768013  0.162297
0.298332  -0.107372  -0.0431162  -0.107372  0.264814  0.0768013  -0.0431162  0.0768013  0.162297
0.298321  -0.107366  -0.0431139  -0.107366  0.264838  0.0768151  -0.0431139  0.0768151  0.162306
0.298321  -0.107366  -0.0431139  -0.107366  0.264838  0.0768151  -0.0431139  0.0768151  0.162306
0.298315  -0.107375  -0.0430936  -0.107375  0.264861  0.0768176  -0.0430936  0.0768176  0.162307
0.298305  -0.107368  -0.0430913  -0.107368  0.264885  0.0768314  -0.0430913  0.0768314  0.162317
0.298305  -0.107368  -0.0430913  -0.107368  0.264885  0.0768314  -0.0430913  0.0768314  0.162317
0.298294  -0.107362  -0.043089  -0.107362  0.264909  0.0768451  -0.043089  0.0768451  0.162326
0.298294  -0.107362  -0.043089  -0.107362  0.264909  0.0768451  -0.043089  0.0768451  0.162326
0.298285  -0.107377  -0.0430962  -0.107377  0.26496  0.0768747  -0.0430962  0.0768747  0.162337
0.298281  -0.10739  -0.0430902  -0.10739  0.264991  0.0768874  -0.0430902  0.0768874  0.16234
0.298281  -0.10739  -0.0430902  -0.10739  0.264991  0.0768874  -0.0430902  0.0768874  0.16234
0.298271  -0.1074  -0.0430831  -0.1074  0.265034  0.076907  -0.0430831  0.076907  0.162349
0.298271  -0.1074  -0.0430831  -0.1074  0.265034  0.076907  -0.0430831  0.076907  0.162349
0.298261  -0.107398  -0.0430951  -0.107398  0.265066  0.0769308  -0.0430951  0.0769308  0.16236
0.298251  -0.107408  -0.043088  -0.107408  0.265109  0.0769503  -0.043088  0.0769503  0.162369
0.298251  -0.107408  -0.043088  -0.107408  0.265109  0.0769503  -0.043088  0.0769503  0.162369
0.298243  -0.107423  -0.0430952  -0.107423  0.265159  0.07698  -0.0430952  0.07698  0.16238
0.298243  -0.107423  -0.0430952  -0.107423  0.265159  0.07698  -0.0430952  0.07698  0.16238
0.298229  -0.107434  -0.0431012  -0.107434  0.265222  0.0770165  -0.0431012  0.0770165  0.162395
0.298225  -0.107452  -0.0431096  -0.107452  0.265261  0.0770393  -0.0431096  0.0770393  0.162401
0.298225  -0.107452  -0.0431096  -0.107452  0.265261  0.0770393  -0.0431096  0.0770393  0.162401
0.298217  -0.107467  -0.0431167  -0.107467  0.265312  0.077069  -0.0431167  0.077069  0.162412
0.298217  -0.107467  -0.0431167  -0.107467  0.265312  0.077069  -0.0431167  0.077069  0.162412
0.298209  -0.107486  -0.0431382  -0.107486  0.265371  0.0771088  -0.0431382  0.0771088  0.162425
0.298203  -0.107482  -0.0431371  -0.107482  0.265383  0.0771157  -0.0431371  0.0771157  0.162429
0.2982  -0.1075  -0.0431454  -0.1075  0.265422  0.0771385  -0.0431454  0.0771385  0.162435
0.298191  -0.107503  -0.0431717  -0.107503  0.265462  0.0771724  -0.0431717  0.0771724  0.162449
0.298191  -0.107503  -0.0431717  -0.107503  0.265462  0.0771724  -0.0431717  0.0771724  0.162449
0.298183  -0.107517  -0.0431789  -0.107517  0.265513  0.0772021  -0.0431789  0.0772021  0.16246
0.298183  -0.107517  -0.0431789  -0.107517  0.265513  0.0772021  -0.0431789  0.0772021  0.16246
0.29818  -0.107539  -0.0432016  -0.107539  0.26556  0.0772351  -0.0432016  0.0772351  0.162468
0.29817  -0.107533  -0.0431992  -0.107533  0.265584  0.0772488  -0.0431992  0.0772488  0.162477
0.298171  -0.107537  -0.0432135  -0.107537  0.265592  0.077259  -0.0432135  0.077259  0.16248
0.298166  -0.107539  -0.0432266  -0.107539  0.265612  0.077276  -0.0432266  0.077276  0.162487
0.298163  -0.107556  -0.043235  -0.107556  0.26565  0.0772988  -0.043235  0.0772988  0.162493
0.298158  -0.107553  -0.0432338  -0.107553  0.265663  0.0773057  -0.0432338  0.0773057  0.162497
0.298153  -0.107555  -0.0432469  -0.107555  0.265682  0.0773227  -0.0432469  0.0773227  0.162504
0.298153  -0.107555  -0.0432469  -0.107555  0.265682  0.0773227  -0.0432469  0.0773227  0.162504
0.298143  -0.107553  -0.0432589  -0.107553  0.265714  0.0773466  -0.0432589  0.0773466  0.162516
0.298143  -0.107553  -0.0432589  -0.107553  0.265714  0.0773466  -0.0432589  0.0773466  0.162516
0.298135  -0.107555  -0.0432851  -0.107555  0.265754  0.0773806  -0.0432851  0.0773806  0.16253
0.298126  -0.10757  -0.0432923  -0.10757  0.265805  0.0774103  -0.0432923  0.0774103  0.16254
0.298126  -0.10757  -0.0432923  -0.10757  0.265805  0.0774103  -0.0432923  0.0774103  0.16254
0.298116  -0.107568  -0.0433042  -0.107568  0.265837  0.0774342  -0.0433042  0.0774342  0.162552
0.298113  -0.107574  -0.0433317  -0.107574  0.265865  0.0774614  -0.0433317  0.0774614  0.162561
0.298109  -0.107587  -0.0433257  -0.107587  0.265896  0.0774741  -0.0433257  0.0774741  0.162565
0.298099  -0.107585  -0.0433376  -0.107585  0.265928  0.077498  -0.0433376  0.077498  0.162577
0.2981  -0.10759  -0.043352  -0.10759  0.265936  0.0775081  -0.043352  0.0775081  0.162579
0.298092  -0.107608  -0.0433734  -0.107608  0.265995  0.0775481  -0.0433734  0.0775481  0.162592
0.298092  -0.107608  -0.0433734  -0.107608  0.265995  0.0775481  -0.0433734  0.0775481  0.162592
0.29809  -0.10763  -0.0433961  -0.10763  0.266042  0.0775811  -0.0433961  0.0775811  0.162601
0.298081  -0.107645  -0.0434033  -0.107645  0.266093  0.0776109  -0.0434033  0.0776109  0.162611
0.298081  -0.107645  -0.0434033  -0.107645  0.266093  0.0776109  -0.0434033  0.0776109  0.162611
0.298078  -0.10765  -0.0434308  -0.10765  0.266121  0.0776381  -0.0434308  0.0776381  0.162621
0.298079  -0.107667  -0.043426  -0.107667  0.26614  0.077644  -0.043426  0.077644  0.16262
0.29807  -0.107669  -0.0434522  -0.107669  0.26618  0.0776781  -0.0434522  0.0776781  0.162634
0.298067  -0.107687  -0.0434606  -0.107687  0.266219  0.077701  -0.0434606  0.077701  0.16264
0.298068  -0.107691  -0.043475  -0.107691  0.266227  0.0777112  -0.043475  0.0777112  0.162642
0.298059  -0.107706  -0.0434821  -0.107706  0.266278  0.077741  -0.0434821  0.077741  0.162653
0.298059  -0.107706  -0.0434821  -0.107706  0.266278  0.077741  -0.0434821  0.077741  0.162653
0.298057  -0.107728  -0.0435048  -0.107728  0.266325  0.0777742  -0.0435048  0.0777742  0.162662
0.298052  -0.107729  -0.0435179  -0.107729  0.266345  0.0777912  -0.0435179  0.0777912  0.162669
0.298052  -0.107729  -0.0435179  -0.107729  0.266345  0.0777912  -0.0435179  0.0777912  0.162669
0.298043  -0.107743  -0.0435251  -0.107743  0.266396  0.0778211  -0.0435251  0.0778211  0.162679
0.298043  -0.107743  -0.0435251  -0.107743  0.266396  0.0778211  -0.0435251  0.0778211  0.162679
0.298039  -0.107745  -0.0435382  -0.107745  0.266416  0.0778381  -0.0435382  0.0778381  0.162686
0.298034  -0.107741  -0.0435369  -0.107741  0.266428  0.077845  -0.0435369  0.077845  0.162691
0.298029  -0.107743  -0.0435501  -0.107743  0.266448  0.0778621  -0.0435501  0.0778621  0.162698
0.298029  -0.107743  -0.0435501  -0.107743  0.266448  0.0778621  -0.0435501  0.0778621  0.162698
0.298024  -0.10774  -0.0435488  -0.10774  0.266461  0.077869  -0.0435488  0.077869  0.162703
0.29802  -0.107741  -0.043562  -0.107741  0.266481  0.077886  -0.043562  0.077886  0.16271
0.29802  -0.107741  -0.043562  -0.107741  0.266481  0.077886  -0.043562  0.077886  0.16271
0.298008  -0.10773  -0.0435451  -0.10773  0.266497  0.0778896  -0.0435451  0.0778896  0.162716
0.298008  -0.10773  -0.0435451  -0.10773  0.266497  0.0778896  -0.0435451  0.0778896  0.162716
0.298002  -0.107727  -0.0435439  -0.107727  0.266509  0.0778964  -0.0435439  0.0778964  0.162721
0.297997  -0.107724  -0.0435426  -0.107724  0.266521  0.0779033  -0.0435426  0.0779033  0.162726
0.297997  -0.107724  -0.0435426  -0.107724  0.266521  0.0779033  -0.0435426  0.0779033  0.162726
0.29799  -0.1077  -0.0435318  -0.1077  0.266506  0.077894  -0.0435318  0.077894  0.162729
0.297983  -0.107692  -0.0435162  -0.107692  0.26651  0.0778907  -0.0435162  0.0778907  0.162731
0.297983  -0.107692  -0.0435162  -0.107692  0.26651  0.0778907  -0.0435162  0.0778907  0.162731
0.297977  -0.107685  -0.0435006  -0.107685  0.266514  0.0778874  -0.0435006  0.0778874  0.162733
0.297977  -0.107685  -0.0435006  -0.107685  0.266514  0.0778874  -0.0435006  0.0778874  0.162733
0.297971  -0.107677  -0.043485  -0.107677  0.266518  0.077884  -0.043485  0.077884  0.162735
0.297971  -0.107677  -0.043485  -0.107677  0.266518  0.077884  -0.043485  0.077884  0.162735
0.29797  -0.107673  -0.0434707  -0.107673  0.26651  0.0778739  -0.0434707  0.0778739  0.162733
0.297963  -0.107665  -0.0434551  -0.107665  0.266514  0.0778705  -0.0434551  0.0778705  0.162735
0.297963  -0.107665  -0.0434551  -0.107665  0.266514  0.0778705  -0.0434551  0.0778705  0.162735
0.297957  -0.107658  -0.0434395  -0.107658  0.266518  0.0778672  -0.0434395  0.0778672  0.162738
0.297956  -0.107653  -0.0434252  -0.107653  0.26651  0.077857  -0.0434252  0.077857  0.162735
0.297956  -0.107653  -0.0434252  -0.107653  0.26651  0.077857  -0.0434252  0.077857  0.162735
0.29795  -0.107657  -0.0433905  -0.107657  0.266525  0.0778494  -0.0433905  0.0778494  0.162734
0.29795  -0.107657  -0.0433905  -0.107657  0.266525  0.0778494  -0.0433905  0.0778494  0.162734
0.297949  -0.107653  -0.0433762  -0.107653  0.266517  0.0778392  -0.0433762  0.0778392  0.162732
0.297947  -0.107644  -0.0433475  -0.107644  0.266502  0.0778189  -0.0433475  0.0778189  0.162727
0.297947  -0.107644  -0.0433475  -0.107644  0.266502  0.0778189  -0.0433475  0.0778189  0.162727
0.297942  -0.107653  -0.0433272  -0.107653  0.266525  0.0778214  -0.0433272  0.0778214  0.162729
0.297942  -0.107653  -0.0433272  -0.107653  0.266525  0.0778214  -0.0433272  0.0778214  0.162729
0.297941  -0.107649  -0.0433128  -0.107649  0.266517  0.0778113  -0.0433128  0.0778113  0.162727
0.297941  -0.10766  -0.0432937  -0.10766  0.266528  0.077807  -0.0432937  0.077807  0.162723
0.297941  -0.10766  -0.0432937  -0.10766  0.266528  0.077807  -0.0432937  0.077807  0.162723
0.29794  -0.107656  -0.0432794  -0.107656  0.26652  0.0777968  -0.0432794  0.0777968  0.162721
0.29794  -0.107656  -0.0432794  -0.107656  0.26652  0.0777968  -0.0432794  0.0777968  0.162721
0.297941  -0.107684  -0.0432555  -0.107684  0.26655  0.0777984  -0.0432555  0.0777984  0.162717
0.29794  -0.10768  -0.0432412  -0.10768  0.266542  0.0777882  -0.0432412  0.0777882  0.162715
0.29794  -0.10768  -0.0432412  -0.10768  0.266542  0.0777882  -0.0432412  0.0777882  0.162715
0.297941  -0.107696  -0.0432364  -0.107696  0.266561  0.0777941  -0.0432364  0.0777941  0.162714
0.297941  -0.107696  -0.0432364  -0.107696  0.266561  0.0777941  -0.0432364  0.0777941  0.162714
0.297941  -0.10772  -0.0431982  -0.10772  0.266584  0.0777856  -0.0431982  0.0777856  0.162708
0.297941  -0.10772  -0.0431982  -0.10772  0.266584  0.0777856  -0.0431982  0.0777856  0.162708
0.297941  -0.10772  -0.0431982  -0.10772  0.266584  0.0777856  -0.0431982  0.0777856  0.162708
0.29794  -0.107727  -0.0431648  -0.107727  0.266587  0.0777711  -0.0431648  0.0777711  0.162703
0.29794  -0.107727  -0.0431648  -0.107727  0.266587  0.0777711  -0.0431648  0.0777711  0.162703
0.297939  -0.107723  -0.0431505  -0.107723  0.266579  0.0777609  -0.0431505  0.0777609  0.1627
0.297938  -0.107718  -0.0431362  -0.107718  0.266571  0.0777508  -0.0431362  0.0777508  0.162698
0.297938  -0.107718  -0.0431362  -0.107718  0.266571  0.0777508  -0.0431362  0.0777508  0.162698
0.297937  -0.107726  -0.0431028  -0.107726  0.266574  0.0777363  -0.0431028  0.0777363  0.162693
0.297937  -0.107726  -0.0431028  -0.107726  0.266574  0.0777363  -0.0431028  0.0777363  0.162693
0.297936  -0.107721  -0.0430884  -0.107721  0.266566  0.0777262  -0.0430884  0.0777262  0.16269
0.297935  -0.107717  -0.0430741  -0.107717  0.266559  0.077716  -0.0430741  0.077716  0.162688
0.297935  -0.107717  -0.0430741  -0.107717  0.266559  0.077716  -0.0430741  0.077716  0.162688
0.297939  -0.107711  -0.0430468  -0.107711  0.266531  0.0776889  -0.0430468  0.0776889  0.162679
0.297939  -0.107711  -0.0430468  -0.107711  0.266531  0.0776889  -0.0430468  0.0776889  0.162679
0.297937  -0.107702  -0.0430182  -0.107702  0.266515  0.0776686  -0.0430182  0.0776686  0.162674
0.297936  -0.107698  -0.0430039  -0.107698  0.266507  0.0776584  -0.0430039  0.0776584  0.162672
0.297935  -0.107693  -0.0429896  -0.107693  0.266499  0.0776483  -0.0429896  0.0776483  0.16267
0.297934  -0.107689  -0.0429753  -0.107689  0.266491  0.0776381  -0.0429753  0.0776381  0.162668
0.297933  -0.107685  -0.042961  -0.107685  0.266483  0.077628  -0.042961  0.077628  0.162665
0.297937  -0.107679  -0.0429336  -0.107679  0.266455  0.0776008  -0.0429336  0.0776008  0.162656
0.297937  -0.107679  -0.0429336  -0.107679  0.266455  0.0776008  -0.0429336  0.0776008  0.162656
0.297939  -0.107657  -0.0429111  -0.107657  0.266408  0.0775678  -0.0429111  0.0775678  0.162648
0.297937  -0.107648  -0.0428825  -0.107648  0.266392  0.0775476  -0.0428825  0.0775476  0.162644
0.297937  -0.107648  -0.0428825  -0.107648  0.266392  0.0775476  -0.0428825  0.0775476  0.162644
0.297941  -0.107643  -0.0428551  -0.107643  0.266365  0.0775205  -0.0428551  0.0775205  0.162635
0.29794  -0.107638  -0.0428409  -0.107638  0.266357  0.0775103  -0.0428409  0.0775103  0.162632
0.297938  -0.107629  -0.0428123  -0.107629  0.266341  0.0774901  -0.0428123  0.0774901  0.162628
0.297937  -0.107625  -0.0427981  -0.107625  0.266333  0.07748  -0.0427981  0.07748  0.162626
0.297936  -0.107621  -0.0427838  -0.107621  0.266325  0.0774699  -0.0427838  0.0774699  0.162624
0.297939  -0.107615  -0.0427565  -0.107615  0.266297  0.0774428  -0.0427565  0.0774428  0.162615
0.297939  -0.107615  -0.0427565  -0.107615  0.266297  0.0774428  -0.0427565  0.0774428  0.162615
0.297937  -0.107606  -0.0427279  -0.107606  0.266281  0.0774226  -0.0427279  0.0774226  0.16261
0.297937  -0.107606  -0.0427279  -0.107606  0.266281  0.0774226  -0.0427279  0.0774226  0.16261
0.297937  -0.107614  -0.0426946  -0.107614  0.266285  0.0774082  -0.0426946  0.0774082  0.162605
0.297936  -0.107609  -0.0426803  -0.107609  0.266277  0.0773981  -0.0426803  0.0773981  0.162603
0.297941  -0.107612  -0.0426815  -0.107612  0.266265  0.0773912  -0.0426815  0.0773912  0.162598
0.29794  -0.10762  -0.0426482  -0.10762  0.266268  0.0773769  -0.0426482  0.0773769  0.162593
0.29794  -0.10762  -0.0426482  -0.10762  0.266268  0.0773769  -0.0426482  0.0773769  0.162593
0.297938  -0.107611  -0.0426197  -0.107611  0.266252  0.0773567  -0.0426197  0.0773567  0.162589
0.297938  -0.107623  -0.0426007  -0.107623  0.266264  0.0773524  -0.0426007  0.0773524  0.162586
0.297938  -0.107623  -0.0426007  -0.107623  0.266264  0.0773524  -0.0426007  0.0773524  0.162586
0.297943  -0.107633  -0.0425686  -0.107633  0.266255  0.0773312  -0.0425686  0.0773312  0.162576
0.297943  -0.107633  -0.0425686  -0.107633  0.266255  0.0773312  -0.0425686  0.0773312  0.162576
0.297941  -0.107625  -0.0425401  -0.107625  0.266239  0.0773111  -0.0425401  0.0773111  0.162572
0.297946  -0.10764  -0.0425222  -0.10764  0.266238  0.0772999  -0.0425222  0.0772999  0.162564
0.297946  -0.10764  -0.0425222  -0.10764  0.266238  0.0772999  -0.0425222  0.0772999  0.162564
0.29795  -0.10765  -0.0424901  -0.10765  0.26623  0.0772787  -0.0424901  0.0772787  0.162555
0.29795  -0.10765  -0.0424901  -0.10765  0.26623  0.0772787  -0.0424901  0.0772787  0.162555
0.297955  -0.107661  -0.042458  -0.107661  0.266221  0.0772575  -0.042458  0.0772575  0.162545
0.29796  -0.107664  -0.0424592  -0.107664  0.266209  0.0772506  -0.0424592  0.0772506  0.16254
0.297959  -0.107659  -0.0424449  -0.107659  0.266201  0.0772406  -0.0424449  0.0772406  0.162538
0.297969  -0.107673  -0.042414  -0.107673  0.26618  0.0772125  -0.042414  0.0772125  0.162524
