0.307475  -0.129079  -0.0682754  -0.129079  0.289675  0.0989379  -0.0682754  0.0989379  0.168917
0.307479  -0.129086  -0.0682942  -0.129086  0.289687  0.0989529  -0.0682942  0.0989529  0.168926
0.307479  -0.129086  -0.0682942  -0.129086  0.289687  0.0989529  -0.0682942  0.0989529  0.168926
0.307479  -0.129086  -0.0682942  -0.129086  0.289687  0.0989529  -0.0682942  0.0989529  0.168926
0.307479  -0.129086  -0.0682942  -0.129086  0.289687  0.0989529  -0.0682942  0.0989529  0.168926
0.307479  -0.129086  -0.0682942  -0.129086  0.289687  0.0989529  -0.0682942  0.0989529  0.168926
0.307487  -0.129071  -0.0683012  -0.129071  0.289649  0.0989377  -0.0683012  0.0989377  0.168923
0.307487  -0.129071  -0.0683012  -0.129071  0.289649  0.0989377  -0.0683012  0.0989377  0.168923
0.307487  -0.129071  -0.0683012  -0.129071  0.289649  0.0989377  -0.0683012  0.0989377  0.168923
0.307487  -0.129071  -0.0683012  -0.129071  0.289649  0.0989377  -0.0683012  0.0989377  0.168923
0.307487  -0.129071  -0.0683012  -0.129071  0.289649  0.0989377  -0.0683012  0.0989377  0.168923
0.307487  -0.129071  -0.0683012  -0.129071  0.289649  0.0989377  -0.0683012  0.0989377  0.168923
0.307482  -0.129051  -0.0683053  -0.129051  0.289624  0.0989296  -0.0683053  0.0989296  0.168925
0.307482  -0.129051  -0.0683053  -0.129051  0.289624  0.0989296  -0.0683053  0.0989296  0.168925
0.307482  -0.129051  -0.0683053  -0.129051  0.289624  0.0989296  -0.0683053  0.0989296  0.168925
0.307478  -0.129044  -0.0682865  -0.129044  0.289612  0.0989145  -0.0682865  0.0989145  0.168916
0.307473  -0.129024  -0.0682905  -0.129024  0.289587  0.0989064  -0.0682905  0.0989064  0.168917
0.307473  -0.129024  -0.0682905  -0.129024  0.289587  0.0989064  -0.0682905  0.0989064  0.168917
0.307473  -0.129024  -0.0682905  -0.129024  0.289587  0.0989064  -0.0682905  0.0989064  0.168917
0.307473  -0.129024  -0.0682905  -0.129024  0.289587  0.0989064  -0.0682905  0.0989064  0.168917
0.307473  -0.129024  -0.0682905  -0.129024  0.289587  0.0989064  -0.0682905  0.0989064  0.168917
0.307473  -0.129024  -0.0682905  -0.129024  0.289587  0.0989064  -0.0682905  0.0989064  0.168917
0.307469  -0.129004  -0.0682946  -0.129004  0.289562  0.0988983  -0.0682946  0.0988983  0.168919
0.307473  -0.129024  -0.0682905  -0.129024  0.289587  0.0989064  -0.0682905  0.0989064  0.168917
0.307473  -0.129024  -0.0682905  -0.129024  0.289587  0.0989064  -0.0682905  0.0989064  0.168917
0.307473  -0.129024  -0.0682905  -0.129024  0.289587  0.0989064  -0.0682905  0.0989064  0.168917
0.307473  -0.129024  -0.0682905  -0.129024  0.289587  0.0989064  -0.0682905  0.0989064  0.168917
0.307473  -0.129024  -0.0682905  -0.129024  0.289587  0.0989064  -0.0682905  0.0989064  0.168917
0.307473  -0.129024  -0.0682905  -0.129024  0.289587  0.0989064  -0.0682905  0.0989064  0.168917
0.307473  -0.129024  -0.0682905  -0.129024  0.289587  0.0989064  -0.0682905  0.0989064  0.168917
0.307461  -0.129018  -0.0682875  -0.129018  0.2896  0.0989136  -0.0682875  0.0989136  0.168922
0.307461  -0.129018  -0.0682875  -0.129018  0.2896  0.0989136  -0.0682875  0.0989136  0.168922
0.307478  -0.129044  -0.0682865  -0.129044  0.289612  0.0989145  -0.0682865  0.0989145  0.168916
0.307478  -0.129044  -0.0682865  -0.129044  0.289612  0.0989145  -0.0682865  0.0989145  0.168916
0.307478  -0.129044  -0.0682865  -0.129044  0.289612  0.0989145  -0.0682865  0.0989145  0.168916
0.307478  -0.129044  -0.0682865  -0.129044  0.289612  0.0989145  -0.0682865  0.0989145  0.168916
0.307482  -0.129064  -0.0682824  -0.129064  0.289638  0.0989226  -0.0682824  0.0989226  0.168914
0.307478  -0.129057  -0.0682636  -0.129057  0.289626  0.0989076  -0.0682636  0.0989076  0.168905
0.307478  -0.129057  -0.0682636  -0.129057  0.289626  0.0989076  -0.0682636  0.0989076  0.168905
0.307478  -0.129057  -0.0682636  -0.129057  0.289626  0.0989076  -0.0682636  0.0989076  0.168905
0.307478  -0.129057  -0.0682636  -0.129057  0.289626  0.0989076  -0.0682636  0.0989076  0.168905
0.307478  -0.129057  -0.0682636  -0.129057  0.289626  0.0989076  -0.0682636  0.0989076  0.168905
0.307477  -0.129071  -0.0682408  -0.129071  0.289639  0.0989006  -0.0682408  0.0989006  0.168895
0.307477  -0.129071  -0.0682408  -0.129071  0.289639  0.0989006  -0.0682408  0.0989006  0.168895
0.307477  -0.129071  -0.0682408  -0.129071  0.289639  0.0989006  -0.0682408  0.0989006  0.168895
0.307477  -0.129071  -0.0682408  -0.129071  0.289639  0.0989006  -0.0682408  0.0989006  0.168895
0.307477  -0.129071  -0.0682408  -0.129071  0.289639  0.0989006  -0.0682408  0.0989006  0.168895
0.307477  -0.129071  -0.0682408  -0.129071  0.289639  0.0989006  -0.0682408  0.0989006  0.168895
0.307477  -0.129071  -0.0682408  -0.129071  0.289639  0.0989006  -0.0682408  0.0989006  0.168895
0.307477  -0.129071  -0.0682408  -0.129071  0.289639  0.0989006  -0.0682408  0.0989006  0.168895
0.307473  -0.129064  -0.068222  -0.129064  0.289627  0.0988856  -0.068222  0.0988856  0.168886
0.307473  -0.129064  -0.068222  -0.129064  0.289627  0.0988856  -0.068222  0.0988856  0.168886
0.307473  -0.129064  -0.068222  -0.129064  0.289627  0.0988856  -0.068222  0.0988856  0.168886
0.307468  -0.129057  -0.0682032  -0.129057  0.289616  0.0988705  -0.0682032  0.0988705  0.168877
0.307468  -0.129057  -0.0682032  -0.129057  0.289616  0.0988705  -0.0682032  0.0988705  0.168877
0.307468  -0.129057  -0.0682032  -0.129057  0.289616  0.0988705  -0.0682032  0.0988705  0.168877
0.307468  -0.129057  -0.0682032  -0.129057  0.289616  0.0988705  -0.0682032  0.0988705  0.168877
0.307468  -0.129057  -0.0682032  -0.129057  0.289616  0.0988705  -0.0682032  0.0988705  0.168877
0.307468  -0.129057  -0.0682032  -0.129057  0.289616  0.0988705  -0.0682032  0.0988705  0.168877
0.307464  -0.12905  -0.0681844  -0.12905  0.289604  0.0988555  -0.0681844  0.0988555  0.168868
0.307464  -0.12905  -0.0681844  -0.12905  0.289604  0.0988555  -0.0681844  0.0988555  0.168868
0.307464  -0.12905  -0.0681844  -0.12905  0.289604  0.0988555  -0.0681844  0.0988555  0.168868
0.307464  -0.12905  -0.0681844  -0.12905  0.289604  0.0988555  -0.0681844  0.0988555  0.168868
0.307464  -0.12905  -0.0681844  -0.12905  0.289604  0.0988555  -0.0681844  0.0988555  0.168868
0.307464  -0.12905  -0.0681844  -0.12905  0.289604  0.0988555  -0.0681844  0.0988555  0.168868
0.307464  -0.12905  -0.0681844  -0.12905  0.289604  0.0988555  -0.0681844  0.0988555  0.168868
0.307464  -0.12905  -0.0681844  -0.12905  0.289604  0.0988555  -0.0681844  0.0988555  0.168868
0.307464  -0.12905  -0.0681844  -0.12905  0.289604  0.0988555  -0.0681844  0.0988555  0.168868
0.307464  -0.12905  -0.0681844  -0.12905  0.289604  0.0988555  -0.0681844  0.0988555  0.168868
0.307464  -0.12905  -0.0681844  -0.12905  0.289604  0.0988555  -0.0681844  0.0988555  0.168868
0.307464  -0.12905  -0.0681844  -0.12905  0.289604  0.0988555  -0.0681844  0.0988555  0.168868
0.307464  -0.12905  -0.0681844  -0.12905  0.289604  0.0988555  -0.0681844  0.0988555  0.168868
0.307464  -0.12905  -0.0681844  -0.12905  0.289604  0.0988555  -0.0681844  0.0988555  0.168868
0.307464  -0.12905  -0.0681844  -0.12905  0.289604  0.0988555  -0.0681844  0.0988555  0.168868
0.307464  -0.12905  -0.0681844  -0.12905  0.289604  0.0988555  -0.0681844  0.0988555  0.168868
0.307464  -0.12905  -0.0681844  -0.12905  0.289604  0.0988555  -0.0681844  0.0988555  0.168868
0.307464  -0.12905  -0.0681844  -0.12905  0.289604  0.0988555  -0.0681844  0.0988555  0.168868
0.307464  -0.12905  -0.0681844  -0.12905  0.289604  0.0988555  -0.0681844  0.0988555  0.168868
0.307464  -0.12905  -0.0681844  -0.12905  0.289604  0.0988555  -0.0681844  0.0988555  0.168868
0.307476  -0.129056  -0.0681874  -0.129056  0.289592  0.0988483  -0.0681874  0.0988483  0.168864
0.307476  -0.129056  -0.0681874  -0.129056  0.289592  0.0988483  -0.0681874  0.0988483  0.168864
0.307476  -0.129056  -0.0681874  -0.129056  0.289592  0.0988483  -0.0681874  0.0988483  0.168864
0.307476  -0.129056  -0.0681874  -0.129056  0.289592  0.0988483  -0.0681874  0.0988483  0.168864
0.307476  -0.129056  -0.0681874  -0.129056  0.289592  0.0988483  -0.0681874  0.0988483  0.168864
0.307476  -0.129056  -0.0681874  -0.129056  0.289592  0.0988483  -0.0681874  0.0988483  0.168864
0.307476  -0.129056  -0.0681874  -0.129056  0.289592  0.0988483  -0.0681874  0.0988483  0.168864
0.307476  -0.129056  -0.0681874  -0.129056  0.289592  0.0988483  -0.0681874  0.0988483  0.168864
0.307488  -0.129061  -0.0681904  -0.129061  0.289579  0.0988411  -0.0681904  0.0988411  0.16886
0.307488  -0.129061  -0.0681904  -0.129061  0.289579  0.0988411  -0.0681904  0.0988411  0.16886
0.307488  -0.129061  -0.0681904  -0.129061  0.289579  0.0988411  -0.0681904  0.0988411  0.16886
0.307488  -0.129061  -0.0681904  -0.129061  0.289579  0.0988411  -0.0681904  0.0988411  0.16886
0.307488  -0.129061  -0.0681904  -0.129061  0.289579  0.0988411  -0.0681904  0.0988411  0.16886
0.307488  -0.129061  -0.0681904  -0.129061  0.289579  0.0988411  -0.0681904  0.0988411  0.16886
0.307488  -0.129061  -0.0681904  -0.129061  0.289579  0.0988411  -0.0681904  0.0988411  0.16886
0.307488  -0.129061  -0.0681904  -0.129061  0.289579  0.0988411  -0.0681904  0.0988411  0.16886
0.307492  -0.129068  -0.0682091  -0.129068  0.289591  0.0988562  -0.0682091  0.0988562  0.168869
0.30748  -0.129063  -0.0682062  -0.129063  0.289603  0.0988633  -0.0682062  0.0988633  0.168873
0.30748  -0.129063  -0.0682062  -0.129063  0.289603  0.0988633  -0.0682062  0.0988633  0.168873
0.30748  -0.129063  -0.0682062  -0.129063  0.289603  0.0988633  -0.0682062  0.0988633  0.168873
0.30748  -0.129063  -0.0682062  -0.129063  0.289603  0.0988633  -0.0682062  0.0988633  0.168873
0.30748  -0.129063  -0.0682062  -0.129063  0.289603  0.0988633  -0.0682062  0.0988633  0.168873
0.30748  -0.129063  -0.0682062  -0.129063  0.289603  0.0988633  -0.0682062  0.0988633  0.168873
0.30748  -0.129063  -0.0682062  -0.129063  0.289603  0.0988633  -0.0682062  0.0988633  0.168873
0.30748  -0.129063  -0.0682062  -0.129063  0.289603  0.0988633  -0.0682062  0.0988633  0.168873
0.307492  -0.129068  -0.0682091  -0.129068  0.289591  0.0988562  -0.0682091  0.0988562  0.168869
0.307492  -0.129068  -0.0682091  -0.129068  0.289591  0.0988562  -0.0682091  0.0988562  0.168869
0.307492  -0.129068  -0.0682091  -0.129068  0.289591  0.0988562  -0.0682091  0.0988562  0.168869
0.307492  -0.129068  -0.0682091  -0.129068  0.289591  0.0988562  -0.0682091  0.0988562  0.168869
0.307492  -0.129068  -0.0682091  -0.129068  0.289591  0.0988562  -0.0682091  0.0988562  0.168869
0.307492  -0.129068  -0.0682091  -0.129068  0.289591  0.0988562  -0.0682091  0.0988562  0.168869
0.307492  -0.129068  -0.0682091  -0.129068  0.289591  0.0988562  -0.0682091  0.0988562  0.168869
0.307492  -0.129068  -0.0682091  -0.129068  0.289591  0.0988562  -0.0682091  0.0988562  0.168869
0.307504  -0.129074  -0.0682121  -0.129074  0.289579  0.098849  -0.0682121  0.098849  0.168865
0.307504  -0.129074  -0.0682121  -0.129074  0.289579  0.098849  -0.0682121  0.098849  0.168865
0.307504  -0.129074  -0.0682121  -0.129074  0.289579  0.098849  -0.0682121  0.098849  0.168865
0.307504  -0.129074  -0.0682121  -0.129074  0.289579  0.098849  -0.0682121  0.098849  0.168865
0.307492  -0.129068  -0.0682091  -0.129068  0.289591  0.0988562  -0.0682091  0.0988562  0.168869
0.307492  -0.129068  -0.0682091  -0.129068  0.289591  0.0988562  -0.0682091  0.0988562  0.168869
0.307492  -0.129068  -0.0682091  -0.129068  0.289591  0.0988562  -0.0682091  0.0988562  0.168869
0.307497  -0.129075  -0.0682279  -0.129075  0.289603  0.0988712  -0.0682279  0.0988712  0.168878
0.307497  -0.129075  -0.0682279  -0.129075  0.289603  0.0988712  -0.0682279  0.0988712  0.168878
0.307497  -0.129075  -0.0682279  -0.129075  0.289603  0.0988712  -0.0682279  0.0988712  0.168878
0.307497  -0.129075  -0.0682279  -0.129075  0.289603  0.0988712  -0.0682279  0.0988712  0.168878
0.307497  -0.129075  -0.0682279  -0.129075  0.289603  0.0988712  -0.0682279  0.0988712  0.168878
0.307497  -0.129075  -0.0682279  -0.129075  0.289603  0.0988712  -0.0682279  0.0988712  0.168878
0.307497  -0.129075  -0.0682279  -0.129075  0.289603  0.0988712  -0.0682279  0.0988712  0.168878
0.307497  -0.129075  -0.0682279  -0.129075  0.289603  0.0988712  -0.0682279  0.0988712  0.168878
0.307497  -0.129075  -0.0682279  -0.129075  0.289603  0.0988712  -0.0682279  0.0988712  0.168878
0.307485  -0.12907  -0.068225  -0.12907  0.289615  0.0988784  -0.068225  0.0988784  0.168882
0.307485  -0.12907  -0.068225  -0.12907  0.289615  0.0988784  -0.068225  0.0988784  0.168882
0.30748  -0.129049  -0.068229  -0.129049  0.28959  0.0988703  -0.068229  0.0988703  0.168883
0.30748  -0.129049  -0.068229  -0.129049  0.28959  0.0988703  -0.068229  0.0988703  0.168883
0.307469  -0.129044  -0.068226  -0.129044  0.289602  0.0988775  -0.068226  0.0988775  0.168887
0.307469  -0.129044  -0.068226  -0.129044  0.289602  0.0988775  -0.068226  0.0988775  0.168887
0.307469  -0.129044  -0.068226  -0.129044  0.289602  0.0988775  -0.068226  0.0988775  0.168887
0.307469  -0.129044  -0.068226  -0.129044  0.289602  0.0988775  -0.068226  0.0988775  0.168887
0.307457  -0.129038  -0.0682231  -0.129038  0.289614  0.0988847  -0.0682231  0.0988847  0.168891
0.307457  -0.129038  -0.0682231  -0.129038  0.289614  0.0988847  -0.0682231  0.0988847  0.168891
0.307457  -0.129038  -0.0682231  -0.129038  0.289614  0.0988847  -0.0682231  0.0988847  0.168891
0.307457  -0.129038  -0.0682231  -0.129038  0.289614  0.0988847  -0.0682231  0.0988847  0.168891
0.307457  -0.129038  -0.0682231  -0.129038  0.289614  0.0988847  -0.0682231  0.0988847  0.168891
0.307457  -0.129038  -0.0682231  -0.129038  0.289614  0.0988847  -0.0682231  0.0988847  0.168891
0.30744  -0.129025  -0.0682013  -0.129025  0.289615  0.0988768  -0.0682013  0.0988768  0.168887
0.30744  -0.129025  -0.0682013  -0.129025  0.289615  0.0988768  -0.0682013  0.0988768  0.168887
0.30744  -0.129025  -0.0682013  -0.129025  0.289615  0.0988768  -0.0682013  0.0988768  0.168887
0.30744  -0.129025  -0.0682013  -0.129025  0.289615  0.0988768  -0.0682013  0.0988768  0.168887
0.30744  -0.129025  -0.0682013  -0.129025  0.289615  0.0988768  -0.0682013  0.0988768  0.168887
0.30744  -0.129025  -0.0682013  -0.129025  0.289615  0.0988768  -0.0682013  0.0988768  0.168887
0.30744  -0.129025  -0.0682013  -0.129025  0.289615  0.0988768  -0.0682013  0.0988768  0.168887
0.307445  -0.129046  -0.0681973  -0.129046  0.28964  0.0988849  -0.0681973  0.0988849  0.168885
0.30744  -0.129039  -0.0681785  -0.129039  0.289628  0.0988699  -0.0681785  0.0988699  0.168876
0.30744  -0.129039  -0.0681785  -0.129039  0.289628  0.0988699  -0.0681785  0.0988699  0.168876
0.30744  -0.129039  -0.0681785  -0.129039  0.289628  0.0988699  -0.0681785  0.0988699  0.168876
0.30744  -0.129039  -0.0681785  -0.129039  0.289628  0.0988699  -0.0681785  0.0988699  0.168876
0.30744  -0.129039  -0.0681785  -0.129039  0.289628  0.0988699  -0.0681785  0.0988699  0.168876
0.30744  -0.129039  -0.0681785  -0.129039  0.289628  0.0988699  -0.0681785  0.0988699  0.168876
0.30744  -0.129039  -0.0681785  -0.129039  0.289628  0.0988699  -0.0681785  0.0988699  0.168876
0.307436  -0.129032  -0.0681597  -0.129032  0.289617  0.0988548  -0.0681597  0.0988548  0.168867
0.307436  -0.129032  -0.0681597  -0.129032  0.289617  0.0988548  -0.0681597  0.0988548  0.168867
0.307436  -0.129032  -0.0681597  -0.129032  0.289617  0.0988548  -0.0681597  0.0988548  0.168867
0.307436  -0.129032  -0.0681597  -0.129032  0.289617  0.0988548  -0.0681597  0.0988548  0.168867
0.307436  -0.129032  -0.0681597  -0.129032  0.289617  0.0988548  -0.0681597  0.0988548  0.168867
0.307436  -0.129032  -0.0681597  -0.129032  0.289617  0.0988548  -0.0681597  0.0988548  0.168867
0.307436  -0.129032  -0.0681597  -0.129032  0.289617  0.0988548  -0.0681597  0.0988548  0.168867
0.307436  -0.129032  -0.0681597  -0.129032  0.289617  0.0988548  -0.0681597  0.0988548  0.168867
0.307436  -0.129032  -0.0681597  -0.129032  0.289617  0.0988548  -0.0681597  0.0988548  0.168867
0.307436  -0.129032  -0.0681597  -0.129032  0.289617  0.0988548  -0.0681597  0.0988548  0.168867
0.307436  -0.129032  -0.0681597  -0.129032  0.289617  0.0988548  -0.0681597  0.0988548  0.168867
0.307443  -0.129031  -0.0681439  -0.129031  0.289593  0.0988326  -0.0681439  0.0988326  0.168854
0.307443  -0.129031  -0.0681439  -0.129031  0.289593  0.0988326  -0.0681439  0.0988326  0.168854
0.307448  -0.129038  -0.0681627  -0.129038  0.289604  0.0988476  -0.0681627  0.0988476  0.168863
0.307448  -0.129038  -0.0681627  -0.129038  0.289604  0.0988476  -0.0681627  0.0988476  0.168863
0.307448  -0.129038  -0.0681627  -0.129038  0.289604  0.0988476  -0.0681627  0.0988476  0.168863
0.307436  -0.129032  -0.0681597  -0.129032  0.289617  0.0988548  -0.0681597  0.0988548  0.168867
0.307431  -0.129012  -0.0681637  -0.129012  0.289591  0.0988468  -0.0681637  0.0988468  0.168869
0.307431  -0.129012  -0.0681637  -0.129012  0.289591  0.0988468  -0.0681637  0.0988468  0.168869
0.307427  -0.129005  -0.068145  -0.129005  0.28958  0.0988317  -0.068145  0.0988317  0.16886
0.307427  -0.129005  -0.068145  -0.129005  0.28958  0.0988317  -0.068145  0.0988317  0.16886
0.307427  -0.129005  -0.068145  -0.129005  0.28958  0.0988317  -0.068145  0.0988317  0.16886
0.307415  -0.128999  -0.068142  -0.128999  0.289592  0.0988389  -0.068142  0.0988389  0.168864
0.307415  -0.128999  -0.068142  -0.128999  0.289592  0.0988389  -0.068142  0.0988389  0.168864
0.307415  -0.128999  -0.068142  -0.128999  0.289592  0.0988389  -0.068142  0.0988389  0.168864
0.307415  -0.128999  -0.068142  -0.128999  0.289592  0.0988389  -0.068142  0.0988389  0.168864
0.307415  -0.128999  -0.068142  -0.128999  0.289592  0.0988389  -0.068142  0.0988389  0.168864
0.307415  -0.128999  -0.068142  -0.128999  0.289592  0.0988389  -0.068142  0.0988389  0.168864
0.307415  -0.128999  -0.068142  -0.128999  0.289592  0.0988389  -0.068142  0.0988389  0.168864
0.307403  -0.128993  -0.068139  -0.128993  0.289604  0.0988461  -0.068139  0.0988461  0.168868
0.307403  -0.128993  -0.068139  -0.128993  0.289604  0.0988461  -0.068139  0.0988461  0.168868
0.307408  -0.129014  -0.068135  -0.129014  0.289629  0.0988542  -0.068135  0.0988542  0.168866
0.307408  -0.129014  -0.068135  -0.129014  0.289629  0.0988542  -0.068135  0.0988542  0.168866
0.307408  -0.129014  -0.068135  -0.129014  0.289629  0.0988542  -0.068135  0.0988542  0.168866
0.307408  -0.129014  -0.068135  -0.129014  0.289629  0.0988542  -0.068135  0.0988542  0.168866
0.307408  -0.129014  -0.068135  -0.129014  0.289629  0.0988542  -0.068135  0.0988542  0.168866
0.307408  -0.129014  -0.068135  -0.129014  0.289629  0.0988542  -0.068135  0.0988542  0.168866
0.307403  -0.129007  -0.0681162  -0.129007  0.289617  0.0988391  -0.0681162  0.0988391  0.168858
0.307403  -0.129007  -0.0681162  -0.129007  0.289617  0.0988391  -0.0681162  0.0988391  0.168858
0.307403  -0.129007  -0.0681162  -0.129007  0.289617  0.0988391  -0.0681162  0.0988391  0.168858
0.307403  -0.129007  -0.0681162  -0.129007  0.289617  0.0988391  -0.0681162  0.0988391  0.168858
0.307403  -0.129007  -0.0681162  -0.129007  0.289617  0.0988391  -0.0681162  0.0988391  0.168858
0.307411  -0.129006  -0.0681004  -0.129006  0.289594  0.0988169  -0.0681004  0.0988169  0.168845
0.307411  -0.129006  -0.0681004  -0.129006  0.289594  0.0988169  -0.0681004  0.0988169  0.168845
0.307411  -0.129006  -0.0681004  -0.129006  0.289594  0.0988169  -0.0681004  0.0988169  0.168845
0.307411  -0.129006  -0.0681004  -0.129006  0.289594  0.0988169  -0.0681004  0.0988169  0.168845
0.307406  -0.128999  -0.0680816  -0.128999  0.289582  0.0988019  -0.0680816  0.0988019  0.168836
0.307406  -0.128999  -0.0680816  -0.128999  0.289582  0.0988019  -0.0680816  0.0988019  0.168836
0.307406  -0.128999  -0.0680816  -0.128999  0.289582  0.0988019  -0.0680816  0.0988019  0.168836
0.307406  -0.128999  -0.0680816  -0.128999  0.289582  0.0988019  -0.0680816  0.0988019  0.168836
0.307402  -0.128992  -0.0680628  -0.128992  0.28957  0.0987869  -0.0680628  0.0987869  0.168827
0.307402  -0.128992  -0.0680628  -0.128992  0.28957  0.0987869  -0.0680628  0.0987869  0.168827
0.307402  -0.128992  -0.0680628  -0.128992  0.28957  0.0987869  -0.0680628  0.0987869  0.168827
0.307402  -0.128992  -0.0680628  -0.128992  0.28957  0.0987869  -0.0680628  0.0987869  0.168827
0.307385  -0.128979  -0.0680411  -0.128979  0.289571  0.0987791  -0.0680411  0.0987791  0.168822
0.307385  -0.128979  -0.0680411  -0.128979  0.289571  0.0987791  -0.0680411  0.0987791  0.168822
0.307385  -0.128979  -0.0680411  -0.128979  0.289571  0.0987791  -0.0680411  0.0987791  0.168822
0.307385  -0.128979  -0.0680411  -0.128979  0.289571  0.0987791  -0.0680411  0.0987791  0.168822
0.307385  -0.128979  -0.0680411  -0.128979  0.289571  0.0987791  -0.0680411  0.0987791  0.168822
0.307385  -0.128979  -0.0680411  -0.128979  0.289571  0.0987791  -0.0680411  0.0987791  0.168822
0.307381  -0.128972  -0.0680223  -0.128972  0.289559  0.0987641  -0.0680223  0.0987641  0.168813
0.307381  -0.128972  -0.0680223  -0.128972  0.289559  0.0987641  -0.0680223  0.0987641  0.168813
0.307381  -0.128972  -0.0680223  -0.128972  0.289559  0.0987641  -0.0680223  0.0987641  0.168813
0.307369  -0.128967  -0.0680194  -0.128967  0.289571  0.0987713  -0.0680194  0.0987713  0.168817
0.307369  -0.128967  -0.0680194  -0.128967  0.289571  0.0987713  -0.0680194  0.0987713  0.168817
0.307369  -0.128967  -0.0680194  -0.128967  0.289571  0.0987713  -0.0680194  0.0987713  0.168817
0.307365  -0.12896  -0.0680006  -0.12896  0.289559  0.0987562  -0.0680006  0.0987562  0.168808
0.307365  -0.12896  -0.0680006  -0.12896  0.289559  0.0987562  -0.0680006  0.0987562  0.168808
0.307353  -0.128954  -0.0679977  -0.128954  0.289572  0.0987634  -0.0679977  0.0987634  0.168812
0.307353  -0.128954  -0.0679977  -0.128954  0.289572  0.0987634  -0.0679977  0.0987634  0.168812
0.307348  -0.128947  -0.0679789  -0.128947  0.28956  0.0987484  -0.0679789  0.0987484  0.168803
0.307348  -0.128947  -0.0679789  -0.128947  0.28956  0.0987484  -0.0679789  0.0987484  0.168803
0.307348  -0.128947  -0.0679789  -0.128947  0.28956  0.0987484  -0.0679789  0.0987484  0.168803
0.307348  -0.128947  -0.0679789  -0.128947  0.28956  0.0987484  -0.0679789  0.0987484  0.168803
0.307344  -0.12894  -0.0679602  -0.12894  0.289548  0.0987334  -0.0679602  0.0987334  0.168795
0.307332  -0.128935  -0.0679572  -0.128935  0.28956  0.0987406  -0.0679572  0.0987406  0.168799
0.307332  -0.128935  -0.0679572  -0.128935  0.28956  0.0987406  -0.0679572  0.0987406  0.168799
0.307332  -0.128935  -0.0679572  -0.128935  0.28956  0.0987406  -0.0679572  0.0987406  0.168799
0.307328  -0.128928  -0.0679385  -0.128928  0.289549  0.0987256  -0.0679385  0.0987256  0.16879
0.307328  -0.128928  -0.0679385  -0.128928  0.289549  0.0987256  -0.0679385  0.0987256  0.16879
0.307339  -0.128934  -0.0679414  -0.128934  0.289536  0.0987184  -0.0679414  0.0987184  0.168786
0.307339  -0.128934  -0.0679414  -0.128934  0.289536  0.0987184  -0.0679414  0.0987184  0.168786
0.307339  -0.128934  -0.0679414  -0.128934  0.289536  0.0987184  -0.0679414  0.0987184  0.168786
0.307339  -0.128934  -0.0679414  -0.128934  0.289536  0.0987184  -0.0679414  0.0987184  0.168786
0.307335  -0.128927  -0.0679227  -0.128927  0.289525  0.0987034  -0.0679227  0.0987034  0.168777
0.307347  -0.128932  -0.0679256  -0.128932  0.289512  0.0986963  -0.0679256  0.0986963  0.168773
0.307347  -0.128932  -0.0679256  -0.128932  0.289512  0.0986963  -0.0679256  0.0986963  0.168773
0.307347  -0.128932  -0.0679256  -0.128932  0.289512  0.0986963  -0.0679256  0.0986963  0.168773
0.307347  -0.128932  -0.0679256  -0.128932  0.289512  0.0986963  -0.0679256  0.0986963  0.168773
0.307347  -0.128932  -0.0679256  -0.128932  0.289512  0.0986963  -0.0679256  0.0986963  0.168773
0.307347  -0.128932  -0.0679256  -0.128932  0.289512  0.0986963  -0.0679256  0.0986963  0.168773
0.307358  -0.128938  -0.0679286  -0.128938  0.2895  0.0986891  -0.0679286  0.0986891  0.168769
0.307358  -0.128938  -0.0679286  -0.128938  0.2895  0.0986891  -0.0679286  0.0986891  0.168769
0.307358  -0.128938  -0.0679286  -0.128938  0.2895  0.0986891  -0.0679286  0.0986891  0.168769
0.307358  -0.128938  -0.0679286  -0.128938  0.2895  0.0986891  -0.0679286  0.0986891  0.168769
0.307358  -0.128938  -0.0679286  -0.128938  0.2895  0.0986891  -0.0679286  0.0986891  0.168769
0.307358  -0.128938  -0.0679286  -0.128938  0.2895  0.0986891  -0.0679286  0.0986891  0.168769
0.307354  -0.128918  -0.0679326  -0.128918  0.289475  0.098681  -0.0679326  0.098681  0.16877
0.307354  -0.128918  -0.0679326  -0.128918  0.289475  0.098681  -0.0679326  0.098681  0.16877
0.307354  -0.128918  -0.0679326  -0.128918  0.289475  0.098681  -0.0679326  0.098681  0.16877
0.307354  -0.128918  -0.0679326  -0.128918  0.289475  0.098681  -0.0679326  0.098681  0.16877
0.307359  -0.128925  -0.0679514  -0.128925  0.289487  0.098696  -0.0679514  0.098696  0.168779
0.307359  -0.128925  -0.0679514  -0.128925  0.289487  0.098696  -0.0679514  0.098696  0.168779
0.307359  -0.128925  -0.0679514  -0.128925  0.289487  0.098696  -0.0679514  0.098696  0.168779
0.307354  -0.128904  -0.0679554  -0.128904  0.289462  0.0986879  -0.0679554  0.0986879  0.168781
0.307354  -0.128904  -0.0679554  -0.128904  0.289462  0.0986879  -0.0679554  0.0986879  0.168781
0.307354  -0.128904  -0.0679554  -0.128904  0.289462  0.0986879  -0.0679554  0.0986879  0.168781
0.307343  -0.128899  -0.0679525  -0.128899  0.289474  0.0986951  -0.0679525  0.0986951  0.168785
0.307343  -0.128899  -0.0679525  -0.128899  0.289474  0.0986951  -0.0679525  0.0986951  0.168785
0.307343  -0.128899  -0.0679525  -0.128899  0.289474  0.0986951  -0.0679525  0.0986951  0.168785
0.307343  -0.128899  -0.0679525  -0.128899  0.289474  0.0986951  -0.0679525  0.0986951  0.168785
0.30735  -0.128884  -0.0679595  -0.128884  0.289437  0.0986799  -0.0679595  0.0986799  0.168782
0.30735  -0.128884  -0.0679595  -0.128884  0.289437  0.0986799  -0.0679595  0.0986799  0.168782
0.30735  -0.128884  -0.0679595  -0.128884  0.289437  0.0986799  -0.0679595  0.0986799  0.168782
0.307354  -0.128891  -0.0679782  -0.128891  0.289449  0.0986949  -0.0679782  0.0986949  0.168791
0.307354  -0.128891  -0.0679782  -0.128891  0.289449  0.0986949  -0.0679782  0.0986949  0.168791
0.307359  -0.128911  -0.0679742  -0.128911  0.289474  0.0987029  -0.0679742  0.0987029  0.16879
0.307371  -0.128917  -0.0679771  -0.128917  0.289461  0.0986958  -0.0679771  0.0986958  0.168785
0.307375  -0.128924  -0.0679959  -0.128924  0.289473  0.0987108  -0.0679959  0.0987108  0.168794
0.307375  -0.128924  -0.0679959  -0.128924  0.289473  0.0987108  -0.0679959  0.0987108  0.168794
0.307375  -0.128924  -0.0679959  -0.128924  0.289473  0.0987108  -0.0679959  0.0987108  0.168794
0.307387  -0.128929  -0.0679988  -0.128929  0.289461  0.0987036  -0.0679988  0.0987036  0.16879
0.307387  -0.128929  -0.0679988  -0.128929  0.289461  0.0987036  -0.0679988  0.0987036  0.16879
0.307387  -0.128929  -0.0679988  -0.128929  0.289461  0.0987036  -0.0679988  0.0987036  0.16879
0.307387  -0.128929  -0.0679988  -0.128929  0.289461  0.0987036  -0.0679988  0.0987036  0.16879
0.307387  -0.128929  -0.0679988  -0.128929  0.289461  0.0987036  -0.0679988  0.0987036  0.16879
0.307399  -0.128935  -0.0680018  -0.128935  0.289449  0.0986964  -0.0680018  0.0986964  0.168786
0.307399  -0.128935  -0.0680018  -0.128935  0.289449  0.0986964  -0.0680018  0.0986964  0.168786
0.307399  -0.128935  -0.0680018  -0.128935  0.289449  0.0986964  -0.0680018  0.0986964  0.168786
0.30741  -0.128941  -0.0680048  -0.128941  0.289436  0.0986892  -0.0680048  0.0986892  0.168782
0.30741  -0.128941  -0.0680048  -0.128941  0.289436  0.0986892  -0.0680048  0.0986892  0.168782
0.30741  -0.128941  -0.0680048  -0.128941  0.289436  0.0986892  -0.0680048  0.0986892  0.168782
0.307406  -0.12892  -0.0680088  -0.12892  0.289411  0.0986811  -0.0680088  0.0986811  0.168784
0.307406  -0.12892  -0.0680088  -0.12892  0.289411  0.0986811  -0.0680088  0.0986811  0.168784
0.30741  -0.128941  -0.0680048  -0.128941  0.289436  0.0986892  -0.0680048  0.0986892  0.168782
0.30741  -0.128941  -0.0680048  -0.128941  0.289436  0.0986892  -0.0680048  0.0986892  0.168782
0.307406  -0.12892  -0.0680088  -0.12892  0.289411  0.0986811  -0.0680088  0.0986811  0.168784
0.307406  -0.12892  -0.0680088  -0.12892  0.289411  0.0986811  -0.0680088  0.0986811  0.168784
0.30741  -0.128941  -0.0680048  -0.128941  0.289436  0.0986892  -0.0680048  0.0986892  0.168782
0.30741  -0.128941  -0.0680048  -0.128941  0.289436  0.0986892  -0.0680048  0.0986892  0.168782
0.307406  -0.128934  -0.067986  -0.128934  0.289425  0.0986742  -0.067986  0.0986742  0.168773
0.30741  -0.128941  -0.0680048  -0.128941  0.289436  0.0986892  -0.0680048  0.0986892  0.168782
0.307406  -0.128934  -0.067986  -0.128934  0.289425  0.0986742  -0.067986  0.0986742  0.168773
0.307406  -0.128934  -0.067986  -0.128934  0.289425  0.0986742  -0.067986  0.0986742  0.168773
0.307406  -0.128934  -0.067986  -0.128934  0.289425  0.0986742  -0.067986  0.0986742  0.168773
0.307401  -0.128914  -0.06799  -0.128914  0.2894  0.0986661  -0.06799  0.0986661  0.168775
0.307401  -0.128914  -0.06799  -0.128914  0.2894  0.0986661  -0.06799  0.0986661  0.168775
0.307394  -0.128928  -0.067983  -0.128928  0.289437  0.0986814  -0.067983  0.0986814  0.168777
0.307394  -0.128928  -0.067983  -0.128928  0.289437  0.0986814  -0.067983  0.0986814  0.168777
0.30739  -0.128908  -0.0679871  -0.128908  0.289412  0.0986733  -0.0679871  0.0986733  0.168779
0.30739  -0.128908  -0.0679871  -0.128908  0.289412  0.0986733  -0.0679871  0.0986733  0.168779
0.307373  -0.128895  -0.0679654  -0.128895  0.289412  0.0986655  -0.0679654  0.0986655  0.168774
0.307378  -0.128916  -0.0679613  -0.128916  0.289437  0.0986736  -0.0679613  0.0986736  0.168772
0.307373  -0.128895  -0.0679654  -0.128895  0.289412  0.0986655  -0.0679654  0.0986655  0.168774
0.307373  -0.128895  -0.0679654  -0.128895  0.289412  0.0986655  -0.0679654  0.0986655  0.168774
0.307373  -0.128909  -0.0679426  -0.128909  0.289426  0.0986586  -0.0679426  0.0986586  0.168764
0.307373  -0.128909  -0.0679426  -0.128909  0.289426  0.0986586  -0.0679426  0.0986586  0.168764
0.307362  -0.128903  -0.0679396  -0.128903  0.289438  0.0986658  -0.0679396  0.0986658  0.168768
0.307362  -0.128903  -0.0679396  -0.128903  0.289438  0.0986658  -0.0679396  0.0986658  0.168768
0.307353  -0.128876  -0.0679249  -0.128876  0.289401  0.0986427  -0.0679249  0.0986427  0.16876
0.307353  -0.128889  -0.0679021  -0.128889  0.289415  0.0986358  -0.0679021  0.0986358  0.16875
0.307353  -0.128889  -0.0679021  -0.128889  0.289415  0.0986358  -0.0679021  0.0986358  0.16875
0.307348  -0.128869  -0.0679062  -0.128869  0.28939  0.0986277  -0.0679062  0.0986277  0.168752
0.307344  -0.128862  -0.0678875  -0.128862  0.289378  0.0986128  -0.0678875  0.0986128  0.168743
0.307344  -0.128876  -0.0678647  -0.128876  0.289391  0.0986058  -0.0678647  0.0986058  0.168732
0.307344  -0.128876  -0.0678647  -0.128876  0.289391  0.0986058  -0.0678647  0.0986058  0.168732
0.307339  -0.128869  -0.0678459  -0.128869  0.289379  0.0985909  -0.0678459  0.0985909  0.168723
0.307339  -0.128869  -0.0678459  -0.128869  0.289379  0.0985909  -0.0678459  0.0985909  0.168723
0.307323  -0.128856  -0.0678242  -0.128856  0.28938  0.0985831  -0.0678242  0.0985831  0.168719
0.307323  -0.128856  -0.0678242  -0.128856  0.28938  0.0985831  -0.0678242  0.0985831  0.168719
0.307314  -0.128843  -0.0677868  -0.128843  0.289357  0.0985531  -0.0677868  0.0985531  0.168701
0.307314  -0.128843  -0.0677868  -0.128843  0.289357  0.0985531  -0.0677868  0.0985531  0.168701
0.30731  -0.128836  -0.0677681  -0.128836  0.289345  0.0985382  -0.0677681  0.0985382  0.168692
0.307305  -0.128829  -0.0677493  -0.128829  0.289333  0.0985232  -0.0677493  0.0985232  0.168683
0.30731  -0.128849  -0.0677453  -0.128849  0.289358  0.0985313  -0.0677453  0.0985313  0.168682
0.307301  -0.128835  -0.0677078  -0.128835  0.289335  0.0985013  -0.0677078  0.0985013  0.168664
0.307301  -0.128835  -0.0677078  -0.128835  0.289335  0.0985013  -0.0677078  0.0985013  0.168664
0.307292  -0.128822  -0.0676704  -0.128822  0.289311  0.0984714  -0.0676704  0.0984714  0.168647
0.307292  -0.128822  -0.0676704  -0.128822  0.289311  0.0984714  -0.0676704  0.0984714  0.168647
0.307287  -0.128815  -0.0676517  -0.128815  0.2893  0.0984565  -0.0676517  0.0984565  0.168638
0.307283  -0.128821  -0.0676102  -0.128821  0.289301  0.0984346  -0.0676102  0.0984346  0.168619
0.307283  -0.128821  -0.0676102  -0.128821  0.289301  0.0984346  -0.0676102  0.0984346  0.168619
0.307269  -0.128801  -0.0675541  -0.128801  0.289266  0.0983898  -0.0675541  0.0983898  0.168592
0.307269  -0.128801  -0.0675541  -0.128801  0.289266  0.0983898  -0.0675541  0.0983898  0.168592
0.307265  -0.128794  -0.0675354  -0.128794  0.289255  0.0983749  -0.0675354  0.0983749  0.168584
0.307252  -0.128773  -0.0674794  -0.128773  0.28922  0.0983301  -0.0674794  0.0983301  0.168557
0.307247  -0.128766  -0.0674607  -0.128766  0.289208  0.0983152  -0.0674607  0.0983152  0.168549
0.307243  -0.12876  -0.067442  -0.12876  0.289196  0.0983003  -0.067442  0.0983003  0.16854
0.307229  -0.128739  -0.067386  -0.128739  0.289161  0.0982556  -0.067386  0.0982556  0.168514
0.307225  -0.128732  -0.0673673  -0.128732  0.28915  0.0982407  -0.0673673  0.0982407  0.168505
0.307216  -0.128705  -0.0673528  -0.128705  0.289113  0.0982178  -0.0673528  0.0982178  0.168498
0.307199  -0.128678  -0.0672781  -0.128678  0.289067  0.0981582  -0.0672781  0.0981582  0.168463
0.307199  -0.128678  -0.0672781  -0.128678  0.289067  0.0981582  -0.0672781  0.0981582  0.168463
0.307181  -0.12865  -0.0672035  -0.12865  0.28902  0.0980987  -0.0672035  0.0980987  0.168428
0.307181  -0.12865  -0.0672035  -0.12865  0.28902  0.0980987  -0.0672035  0.0980987  0.168428
0.307171  -0.128609  -0.067136  -0.128609  0.288936  0.0980241  -0.067136  0.0980241  0.168391
0.307166  -0.128602  -0.0671174  -0.128602  0.288925  0.0980092  -0.0671174  0.0980092  0.168383
0.307149  -0.128574  -0.0670429  -0.128574  0.288878  0.0979498  -0.0670429  0.0979498  0.168348
0.307144  -0.128568  -0.0670243  -0.128568  0.288867  0.097935  -0.0670243  0.097935  0.168339
0.307135  -0.128541  -0.0670097  -0.128541  0.28883  0.0979122  -0.0670097  0.0979122  0.168332
0.307113  -0.128506  -0.0669167  -0.128506  0.288772  0.097838  -0.0669167  0.097838  0.168289
0.307109  -0.1285  -0.0668981  -0.1285  0.288761  0.0978232  -0.0668981  0.0978232  0.168281
0.3071  -0.128486  -0.0668609  -0.128486  0.288738  0.0977936  -0.0668609  0.0977936  0.168264
0.307083  -0.128459  -0.0667866  -0.128459  0.288691  0.0977344  -0.0667866  0.0977344  0.168229
0.307054  -0.128413  -0.0667321  -0.128413  0.288644  0.0976892  -0.0667321  0.0976892  0.168209
0.307049  -0.128406  -0.0667136  -0.128406  0.288632  0.0976745  -0.0667136  0.0976745  0.168201
0.307041  -0.128392  -0.0666765  -0.128392  0.288609  0.0976449  -0.0666765  0.0976449  0.168184
0.307023  -0.128365  -0.0666022  -0.128365  0.288563  0.0975858  -0.0666022  0.0975858  0.16815
0.307019  -0.128358  -0.0665837  -0.128358  0.288552  0.097571  -0.0665837  0.097571  0.168141
0.30701  -0.128345  -0.0665466  -0.128345  0.288529  0.0975415  -0.0665466  0.0975415  0.168124
0.306997  -0.128338  -0.0664683  -0.128338  0.288507  0.0974904  -0.0664683  0.0974904  0.168089
0.306984  -0.128317  -0.0664128  -0.128317  0.288473  0.0974462  -0.0664128  0.0974462  0.168063
0.306984  -0.128317  -0.0664128  -0.128317  0.288473  0.0974462  -0.0664128  0.0974462  0.168063
0.306975  -0.128304  -0.0663757  -0.128304  0.28845  0.0974167  -0.0663757  0.0974167  0.168047
0.306953  -0.12827  -0.0662832  -0.12827  0.288392  0.0973431  -0.0662832  0.0973431  0.168004
0.306953  -0.12827  -0.0662832  -0.12827  0.288392  0.0973431  -0.0662832  0.0973431  0.168004
0.30694  -0.128263  -0.066205  -0.128263  0.288371  0.0972922  -0.066205  0.0972922  0.167969
0.306936  -0.128256  -0.0661866  -0.128256  0.288359  0.0972774  -0.0661866  0.0972774  0.167961
0.306927  -0.128242  -0.0661496  -0.128242  0.288336  0.097248  -0.0661496  0.097248  0.167944
0.306894  -0.128203  -0.0660544  -0.128203  0.288291  0.0971818  -0.0660544  0.0971818  0.167906
0.306894  -0.128203  -0.0660544  -0.128203  0.288291  0.0971818  -0.0660544  0.0971818  0.167906
0.306872  -0.128169  -0.0659621  -0.128169  0.288234  0.0971084  -0.0659621  0.0971084  0.167865
0.30685  -0.128135  -0.0658698  -0.128135  0.288176  0.0970351  -0.0658698  0.0970351  0.167823
0.30685  -0.128135  -0.0658698  -0.128135  0.288176  0.0970351  -0.0658698  0.0970351  0.167823
0.306842  -0.128122  -0.0658329  -0.128122  0.288154  0.0970058  -0.0658329  0.0970058  0.167807
0.306804  -0.128076  -0.0657196  -0.128076  0.288097  0.0969251  -0.0657196  0.0969251  0.167761
0.3068  -0.128069  -0.0657011  -0.128069  0.288086  0.0969105  -0.0657011  0.0969105  0.167753
0.306778  -0.128049  -0.0655865  -0.128049  0.288042  0.0968306  -0.0655865  0.0968306  0.167702
0.306774  -0.128042  -0.0655681  -0.128042  0.28803  0.096816  -0.0655681  0.096816  0.167694
0.306765  -0.128028  -0.0655313  -0.128028  0.288008  0.0967868  -0.0655313  0.0967868  0.167677
0.30674  -0.127988  -0.065421  -0.127988  0.287939  0.0966993  -0.065421  0.0966993  0.167628
0.306735  -0.127981  -0.0654026  -0.127981  0.287928  0.0966847  -0.0654026  0.0966847  0.16762
0.306698  -0.127935  -0.0652896  -0.127935  0.287872  0.0966044  -0.0652896  0.0966044  0.167575
0.306694  -0.127929  -0.0652713  -0.127929  0.28786  0.0965899  -0.0652713  0.0965899  0.167567
0.306672  -0.127908  -0.065157  -0.127908  0.287817  0.0965104  -0.065157  0.0965104  0.167516
0.306668  -0.127902  -0.0651387  -0.127902  0.287805  0.0964958  -0.0651387  0.0964958  0.167508
0.306638  -0.127855  -0.0650104  -0.127855  0.287726  0.0963941  -0.0650104  0.0963941  0.167452
0.306638  -0.127855  -0.0650104  -0.127855  0.287726  0.0963941  -0.0650104  0.0963941  0.167452
0.306624  -0.127833  -0.0648807  -0.127833  0.287659  0.0962931  -0.0648807  0.0962931  0.16739
0.306603  -0.1278  -0.0647892  -0.1278  0.287602  0.0962207  -0.0647892  0.0962207  0.16735
0.306603  -0.1278  -0.0647892  -0.1278  0.287602  0.0962207  -0.0647892  0.0962207  0.16735
0.306573  -0.127766  -0.0646388  -0.127766  0.287536  0.0961126  -0.0646388  0.0961126  0.167284
0.306573  -0.127766  -0.0646388  -0.127766  0.287536  0.0961126  -0.0646388  0.0961126  0.167284
0.306539  -0.127712  -0.0644927  -0.127712  0.287446  0.095997  -0.0644927  0.095997  0.16722
0.306539  -0.127712  -0.0644927  -0.127712  0.287446  0.095997  -0.0644927  0.095997  0.16722
0.306509  -0.127679  -0.0643426  -0.127679  0.28738  0.0958893  -0.0643426  0.0958893  0.167156
0.306505  -0.127672  -0.0643244  -0.127672  0.287369  0.0958749  -0.0643244  0.0958749  0.167148
0.306471  -0.127619  -0.0641787  -0.127619  0.287279  0.0957596  -0.0641787  0.0957596  0.167085
0.306467  -0.127612  -0.0641605  -0.127612  0.287267  0.0957452  -0.0641605  0.0957452  0.167077
0.30645  -0.127585  -0.0640877  -0.127585  0.287222  0.0956877  -0.0640877  0.0956877  0.167046
0.30642  -0.127552  -0.063938  -0.127552  0.287157  0.0955804  -0.063938  0.0955804  0.166982
0.306395  -0.127512  -0.063829  -0.127512  0.28709  0.0954943  -0.063829  0.0954943  0.166935
0.306395  -0.127512  -0.063829  -0.127512  0.28709  0.0954943  -0.063829  0.0954943  0.166935
0.306357  -0.127452  -0.0636657  -0.127452  0.286989  0.0953654  -0.0636657  0.0953654  0.166865
0.306353  -0.127445  -0.0636476  -0.127445  0.286978  0.0953511  -0.0636476  0.0953511  0.166858
0.306304  -0.12738  -0.0634819  -0.12738  0.286889  0.0952296  -0.0634819  0.0952296  0.166793
0.306304  -0.12738  -0.0634819  -0.12738  0.286889  0.0952296  -0.0634819  0.0952296  0.166793
0.306267  -0.127321  -0.0633191  -0.127321  0.286788  0.0951012  -0.0633191  0.0951012  0.166724
0.306267  -0.127321  -0.0633191  -0.127321  0.286788  0.0951012  -0.0633191  0.0951012  0.166724
