0.308377  -0.134589  -0.0697641  -0.134589  0.298412  0.103561  -0.0697641  0.103561  0.170112
0.308377  -0.134589  -0.0697641  -0.134589  0.298412  0.103561  -0.0697641  0.103561  0.170112
0.308377  -0.134589  -0.0697641  -0.134589  0.298412  0.103561  -0.0697641  0.103561  0.170112
0.308377  -0.134589  -0.0697641  -0.134589  0.298412  0.103561  -0.0697641  0.103561  0.170112
0.308369  -0.134604  -0.0697568  -0.134604  0.298452  0.103577  -0.0697568  0.103577  0.170115
0.308369  -0.134604  -0.0697568  -0.134604  0.298452  0.103577  -0.0697568  0.103577  0.170115
0.308369  -0.134604  -0.0697568  -0.134604  0.298452  0.103577  -0.0697568  0.103577  0.170115
0.308369  -0.134604  -0.0697568  -0.134604  0.298452  0.103577  -0.0697568  0.103577  0.170115
0.308369  -0.134604  -0.0697568  -0.134604  0.298452  0.103577  -0.0697568  0.103577  0.170115
0.308369  -0.134604  -0.0697568  -0.134604  0.298452  0.103577  -0.0697568  0.103577  0.170115
0.308369  -0.134604  -0.0697568  -0.134604  0.298452  0.103577  -0.0697568  0.103577  0.170115
0.308374  -0.134611  -0.0697761  -0.134611  0.298464  0.103593  -0.0697761  0.103593  0.170124
0.308369  -0.13459  -0.0697802  -0.13459  0.298437  0.103584  -0.0697802  0.103584  0.170126
0.308369  -0.13459  -0.0697802  -0.13459  0.298437  0.103584  -0.0697802  0.103584  0.170126
0.308369  -0.13459  -0.0697802  -0.13459  0.298437  0.103584  -0.0697802  0.103584  0.170126
0.308369  -0.13459  -0.0697802  -0.13459  0.298437  0.103584  -0.0697802  0.103584  0.170126
0.308369  -0.13459  -0.0697802  -0.13459  0.298437  0.103584  -0.0697802  0.103584  0.170126
0.308364  -0.134569  -0.0697842  -0.134569  0.29841  0.103576  -0.0697842  0.103576  0.170128
0.308364  -0.134569  -0.0697842  -0.134569  0.29841  0.103576  -0.0697842  0.103576  0.170128
0.308364  -0.134569  -0.0697842  -0.134569  0.29841  0.103576  -0.0697842  0.103576  0.170128
0.308364  -0.134569  -0.0697842  -0.134569  0.29841  0.103576  -0.0697842  0.103576  0.170128
0.30836  -0.134548  -0.0697883  -0.134548  0.298383  0.103568  -0.0697883  0.103568  0.170129
0.30836  -0.134548  -0.0697883  -0.134548  0.298383  0.103568  -0.0697883  0.103568  0.170129
0.308372  -0.134554  -0.0697916  -0.134554  0.298371  0.10356  -0.0697916  0.10356  0.170125
0.308372  -0.134554  -0.0697916  -0.134554  0.298371  0.10356  -0.0697916  0.10356  0.170125
0.308372  -0.134554  -0.0697916  -0.134554  0.298371  0.10356  -0.0697916  0.10356  0.170125
0.308372  -0.134554  -0.0697916  -0.134554  0.298371  0.10356  -0.0697916  0.10356  0.170125
0.308372  -0.134554  -0.0697916  -0.134554  0.298371  0.10356  -0.0697916  0.10356  0.170125
0.308385  -0.134561  -0.0697949  -0.134561  0.298358  0.103553  -0.0697949  0.103553  0.170121
0.308385  -0.134561  -0.0697949  -0.134561  0.298358  0.103553  -0.0697949  0.103553  0.170121
0.308397  -0.134567  -0.0697982  -0.134567  0.298346  0.103546  -0.0697982  0.103546  0.170117
0.308402  -0.134588  -0.0697941  -0.134588  0.298373  0.103554  -0.0697941  0.103554  0.170115
0.308402  -0.134588  -0.0697941  -0.134588  0.298373  0.103554  -0.0697941  0.103554  0.170115
0.308415  -0.134595  -0.0697974  -0.134595  0.298361  0.103547  -0.0697974  0.103547  0.170111
0.308415  -0.134595  -0.0697974  -0.134595  0.298361  0.103547  -0.0697974  0.103547  0.170111
0.308419  -0.134616  -0.0697933  -0.134616  0.298388  0.103556  -0.0697933  0.103556  0.17011
0.308419  -0.134616  -0.0697933  -0.134616  0.298388  0.103556  -0.0697933  0.103556  0.17011
0.308419  -0.134616  -0.0697933  -0.134616  0.298388  0.103556  -0.0697933  0.103556  0.17011
0.308432  -0.134622  -0.0697966  -0.134622  0.298376  0.103548  -0.0697966  0.103548  0.170106
0.308432  -0.134622  -0.0697966  -0.134622  0.298376  0.103548  -0.0697966  0.103548  0.170106
0.308432  -0.134622  -0.0697966  -0.134622  0.298376  0.103548  -0.0697966  0.103548  0.170106
0.308419  -0.134616  -0.0697933  -0.134616  0.298388  0.103556  -0.0697933  0.103556  0.17011
0.308419  -0.134616  -0.0697933  -0.134616  0.298388  0.103556  -0.0697933  0.103556  0.17011
0.308424  -0.134637  -0.0697893  -0.134637  0.298416  0.103564  -0.0697893  0.103564  0.170108
0.308424  -0.134637  -0.0697893  -0.134637  0.298416  0.103564  -0.0697893  0.103564  0.170108
0.308411  -0.13463  -0.069786  -0.13463  0.298428  0.103571  -0.069786  0.103571  0.170112
0.308399  -0.134624  -0.0697827  -0.134624  0.29844  0.103578  -0.0697827  0.103578  0.170116
0.308399  -0.134624  -0.0697827  -0.134624  0.29844  0.103578  -0.0697827  0.103578  0.170116
0.308386  -0.134618  -0.0697794  -0.134618  0.298452  0.103586  -0.0697794  0.103586  0.17012
0.308386  -0.134618  -0.0697794  -0.134618  0.298452  0.103586  -0.0697794  0.103586  0.17012
0.308374  -0.134611  -0.0697761  -0.134611  0.298464  0.103593  -0.0697761  0.103593  0.170124
0.308374  -0.134611  -0.0697761  -0.134611  0.298464  0.103593  -0.0697761  0.103593  0.170124
0.308361  -0.134605  -0.0697728  -0.134605  0.298477  0.1036  -0.0697728  0.1036  0.170128
0.308349  -0.134599  -0.0697695  -0.134599  0.298489  0.103607  -0.0697695  0.103607  0.170132
0.308349  -0.134599  -0.0697695  -0.134599  0.298489  0.103607  -0.0697695  0.103607  0.170132
0.308349  -0.134599  -0.0697695  -0.134599  0.298489  0.103607  -0.0697695  0.103607  0.170132
0.308349  -0.134599  -0.0697695  -0.134599  0.298489  0.103607  -0.0697695  0.103607  0.170132
0.308349  -0.134599  -0.0697695  -0.134599  0.298489  0.103607  -0.0697695  0.103607  0.170132
0.308353  -0.13462  -0.0697654  -0.13462  0.298516  0.103616  -0.0697654  0.103616  0.170131
0.308353  -0.13462  -0.0697654  -0.13462  0.298516  0.103616  -0.0697654  0.103616  0.170131
0.308353  -0.13462  -0.0697654  -0.13462  0.298516  0.103616  -0.0697654  0.103616  0.170131
0.308353  -0.13462  -0.0697654  -0.13462  0.298516  0.103616  -0.0697654  0.103616  0.170131
0.30837  -0.134647  -0.0697646  -0.134647  0.298531  0.103617  -0.0697646  0.103617  0.170125
0.308383  -0.134654  -0.0697679  -0.134654  0.298519  0.10361  -0.0697679  0.10361  0.170121
0.308383  -0.134654  -0.0697679  -0.134654  0.298519  0.10361  -0.0697679  0.10361  0.170121
0.308395  -0.134674  -0.0697478  -0.134674  0.298521  0.103595  -0.0697478  0.103595  0.170106
0.308395  -0.134674  -0.0697478  -0.134674  0.298521  0.103595  -0.0697478  0.103595  0.170106
0.308413  -0.134701  -0.069747  -0.134701  0.298536  0.103596  -0.069747  0.103596  0.170101
0.308425  -0.134707  -0.0697503  -0.134707  0.298524  0.103589  -0.0697503  0.103589  0.170097
0.308425  -0.134707  -0.0697503  -0.134707  0.298524  0.103589  -0.0697503  0.103589  0.170097
0.308443  -0.134735  -0.0697495  -0.134735  0.298539  0.10359  -0.0697495  0.10359  0.170091
0.308443  -0.134735  -0.0697495  -0.134735  0.298539  0.10359  -0.0697495  0.10359  0.170091
0.308465  -0.13477  -0.0697681  -0.13477  0.298567  0.103607  -0.0697681  0.103607  0.170095
0.308477  -0.134776  -0.0697714  -0.134776  0.298554  0.1036  -0.0697714  0.1036  0.170091
0.308477  -0.134776  -0.0697714  -0.134776  0.298554  0.1036  -0.0697714  0.1036  0.170091
0.308495  -0.134804  -0.0697706  -0.134804  0.29857  0.103601  -0.0697706  0.103601  0.170085
0.308495  -0.134804  -0.0697706  -0.134804  0.29857  0.103601  -0.0697706  0.103601  0.170085
0.308507  -0.13481  -0.0697739  -0.13481  0.298557  0.103594  -0.0697739  0.103594  0.170081
0.308512  -0.134831  -0.0697698  -0.134831  0.298585  0.103603  -0.0697698  0.103603  0.17008
0.308512  -0.134831  -0.0697698  -0.134831  0.298585  0.103603  -0.0697698  0.103603  0.17008
0.30853  -0.134845  -0.0697925  -0.134845  0.298585  0.103611  -0.0697925  0.103611  0.170085
0.30853  -0.134845  -0.0697925  -0.134845  0.298585  0.103611  -0.0697925  0.103611  0.170085
0.30853  -0.134845  -0.0697925  -0.134845  0.298585  0.103611  -0.0697925  0.103611  0.170085
0.308547  -0.134873  -0.0697917  -0.134873  0.2986  0.103612  -0.0697917  0.103612  0.17008
0.308547  -0.134873  -0.0697917  -0.134873  0.2986  0.103612  -0.0697917  0.103612  0.17008
0.308565  -0.134886  -0.0698143  -0.134886  0.2986  0.103621  -0.0698143  0.103621  0.170085
0.308565  -0.134886  -0.0698143  -0.134886  0.2986  0.103621  -0.0698143  0.103621  0.170085
0.308582  -0.134914  -0.0698135  -0.134914  0.298615  0.103622  -0.0698135  0.103622  0.170079
0.308595  -0.13492  -0.0698168  -0.13492  0.298603  0.103615  -0.0698168  0.103615  0.170075
0.308595  -0.13492  -0.0698168  -0.13492  0.298603  0.103615  -0.0698168  0.103615  0.170075
0.308612  -0.134934  -0.0698395  -0.134934  0.298604  0.103624  -0.0698395  0.103624  0.170081
0.308612  -0.134934  -0.0698395  -0.134934  0.298604  0.103624  -0.0698395  0.103624  0.170081
0.308642  -0.134968  -0.069842  -0.134968  0.298607  0.103618  -0.069842  0.103618  0.170071
0.308655  -0.134974  -0.0698453  -0.134974  0.298594  0.103611  -0.0698453  0.103611  0.170067
0.308655  -0.134974  -0.0698453  -0.134974  0.298594  0.103611  -0.0698453  0.103611  0.170067
0.308685  -0.135008  -0.0698479  -0.135008  0.298597  0.103605  -0.0698479  0.103605  0.170058
0.308685  -0.135008  -0.0698479  -0.135008  0.298597  0.103605  -0.0698479  0.103605  0.170058
0.308711  -0.135021  -0.0698545  -0.135021  0.298573  0.10359  -0.0698545  0.10359  0.17005
0.308741  -0.135055  -0.069857  -0.135055  0.298576  0.103584  -0.069857  0.103584  0.17004
0.308741  -0.135055  -0.069857  -0.135055  0.298576  0.103584  -0.069857  0.103584  0.17004
0.308779  -0.135074  -0.0698669  -0.135074  0.298539  0.103562  -0.0698669  0.103562  0.170028
0.308779  -0.135074  -0.0698669  -0.135074  0.298539  0.103562  -0.0698669  0.103562  0.170028
0.308822  -0.135101  -0.0698962  -0.135101  0.298515  0.103557  -0.0698962  0.103557  0.170025
0.308852  -0.135135  -0.0698987  -0.135135  0.298518  0.103551  -0.0698987  0.103551  0.170016
0.308865  -0.135141  -0.069902  -0.135141  0.298506  0.103543  -0.069902  0.103543  0.170012
0.308903  -0.13516  -0.0699119  -0.13516  0.298469  0.103522  -0.0699119  0.103522  0.17
0.308903  -0.13516  -0.0699119  -0.13516  0.298469  0.103522  -0.0699119  0.103522  0.17
0.308947  -0.135187  -0.0699412  -0.135187  0.298445  0.103516  -0.0699412  0.103516  0.169997
0.308977  -0.135221  -0.0699437  -0.135221  0.298448  0.10351  -0.0699437  0.10351  0.169987
0.308977  -0.135221  -0.0699437  -0.135221  0.298448  0.10351  -0.0699437  0.10351  0.169987
0.309003  -0.135234  -0.0699503  -0.135234  0.298424  0.103495  -0.0699503  0.103495  0.169979
0.309003  -0.135234  -0.0699503  -0.135234  0.298424  0.103495  -0.0699503  0.103495  0.169979
0.309046  -0.13526  -0.0699796  -0.13526  0.2984  0.10349  -0.0699796  0.10349  0.169977
0.309046  -0.13526  -0.0699796  -0.13526  0.2984  0.10349  -0.0699796  0.10349  0.169977
0.309072  -0.135273  -0.0699862  -0.135273  0.298376  0.103475  -0.0699862  0.103475  0.169969
0.30909  -0.135287  -0.070009  -0.135287  0.298376  0.103484  -0.070009  0.103484  0.169974
0.30909  -0.135287  -0.070009  -0.135287  0.298376  0.103484  -0.070009  0.103484  0.169974
0.309125  -0.135329  -0.0700309  -0.135329  0.298392  0.103494  -0.0700309  0.103494  0.169974
0.309125  -0.135329  -0.0700309  -0.135329  0.298392  0.103494  -0.0700309  0.103494  0.169974
0.309143  -0.135343  -0.0700537  -0.135343  0.298392  0.103503  -0.0700537  0.103503  0.16998
0.309166  -0.135378  -0.0700724  -0.135378  0.29842  0.10352  -0.0700724  0.10352  0.169984
0.309166  -0.135378  -0.0700724  -0.135378  0.29842  0.10352  -0.0700724  0.10352  0.169984
0.309189  -0.135413  -0.0700911  -0.135413  0.298447  0.103537  -0.0700911  0.103537  0.169988
0.309189  -0.135413  -0.0700911  -0.135413  0.298447  0.103537  -0.0700911  0.103537  0.169988
0.309204  -0.135449  -0.0701259  -0.135449  0.2985  0.103577  -0.0701259  0.103577  0.170006
0.309214  -0.135478  -0.0701413  -0.135478  0.29854  0.103602  -0.0701413  0.103602  0.170014
0.309214  -0.135478  -0.0701413  -0.135478  0.29854  0.103602  -0.0701413  0.103602  0.170014
0.309241  -0.135521  -0.0701795  -0.135521  0.29858  0.103635  -0.0701795  0.103635  0.170027
0.309241  -0.135521  -0.0701795  -0.135521  0.29858  0.103635  -0.0701795  0.103635  0.170027
0.309261  -0.135578  -0.0702104  -0.135578  0.29866  0.103684  -0.0702104  0.103684  0.170043
0.309271  -0.135607  -0.0702258  -0.135607  0.2987  0.103709  -0.0702258  0.103709  0.170051
0.309276  -0.135628  -0.0702217  -0.135628  0.298728  0.103717  -0.0702217  0.103717  0.17005
0.309304  -0.135685  -0.0702364  -0.135685  0.298783  0.103743  -0.0702364  0.103743  0.170052
0.309304  -0.135685  -0.0702364  -0.135685  0.298783  0.103743  -0.0702364  0.103743  0.170052
0.309342  -0.135771  -0.0702666  -0.135771  0.298878  0.103793  -0.0702666  0.103793  0.170063
0.309352  -0.135813  -0.0702585  -0.135813  0.298933  0.10381  -0.0702585  0.10381  0.17006
0.30937  -0.135827  -0.0702813  -0.135827  0.298934  0.103819  -0.0702813  0.103819  0.170065
0.309403  -0.135905  -0.070292  -0.135905  0.299017  0.103853  -0.070292  0.103853  0.170066
0.309435  -0.135984  -0.0703026  -0.135984  0.2991  0.103887  -0.0703026  0.103887  0.170067
0.309435  -0.135984  -0.0703026  -0.135984  0.2991  0.103887  -0.0703026  0.103887  0.170067
0.309486  -0.13609  -0.0703126  -0.13609  0.299198  0.103923  -0.0703126  0.103923  0.170063
0.309491  -0.136111  -0.0703085  -0.136111  0.299226  0.103931  -0.0703085  0.103931  0.170061
0.309547  -0.136225  -0.0703381  -0.136225  0.299337  0.103983  -0.0703381  0.103983  0.170066
0.309547  -0.136225  -0.0703381  -0.136225  0.299337  0.103983  -0.0703381  0.103983  0.170066
0.309609  -0.13636  -0.0703636  -0.13636  0.299476  0.104043  -0.0703636  0.104043  0.17007
0.30966  -0.136453  -0.0703972  -0.136453  0.29956  0.104086  -0.0703972  0.104086  0.170076
0.309665  -0.136474  -0.0703931  -0.136474  0.299588  0.104095  -0.0703931  0.104095  0.170075
0.309732  -0.136618  -0.0704383  -0.136618  0.29974  0.104171  -0.0704383  0.104171  0.170088
0.30975  -0.136646  -0.0704376  -0.136646  0.299756  0.104173  -0.0704376  0.104173  0.170083
0.309817  -0.136789  -0.0704828  -0.136789  0.299909  0.104249  -0.0704828  0.104249  0.170096
0.309822  -0.136811  -0.0704788  -0.136811  0.299937  0.104258  -0.0704788  0.104258  0.170094
0.309908  -0.136969  -0.0705471  -0.136969  0.30009  0.104343  -0.0705471  0.104343  0.170113
0.309957  -0.137085  -0.0705931  -0.137085  0.300228  0.104419  -0.0705931  0.104419  0.170132
0.309975  -0.137113  -0.0705925  -0.137113  0.300244  0.10442  -0.0705925  0.10442  0.170127
0.310058  -0.137294  -0.0706732  -0.137294  0.300451  0.104538  -0.0706732  0.104538  0.170158
0.310108  -0.13741  -0.0707194  -0.13741  0.300589  0.104614  -0.0707194  0.104614  0.170178
0.310121  -0.137417  -0.0707228  -0.137417  0.300577  0.104606  -0.0707228  0.104606  0.170173
0.310205  -0.137599  -0.0708038  -0.137599  0.300785  0.104725  -0.0708038  0.104725  0.170205
0.31021  -0.137621  -0.0707998  -0.137621  0.300813  0.104733  -0.0707998  0.104733  0.170204
0.310294  -0.137803  -0.0708809  -0.137803  0.301021  0.104852  -0.0708809  0.104852  0.170235
0.310344  -0.13792  -0.0709274  -0.13792  0.30116  0.104928  -0.0709274  0.104928  0.170255
0.310358  -0.137926  -0.0709308  -0.137926  0.301148  0.104921  -0.0709308  0.104921  0.170251
0.310429  -0.138103  -0.0710088  -0.138103  0.30137  0.105047  -0.0710088  0.105047  0.170287
0.310443  -0.138109  -0.0710122  -0.138109  0.301358  0.105039  -0.0710122  0.105039  0.170283
0.310509  -0.138264  -0.0710944  -0.138264  0.301551  0.105157  -0.0710944  0.105157  0.17032
0.310509  -0.138264  -0.0710944  -0.138264  0.301551  0.105157  -0.0710944  0.105157  0.17032
0.310584  -0.138404  -0.0711842  -0.138404  0.301705  0.105259  -0.0711842  0.105259  0.170356
0.310624  -0.138492  -0.0712152  -0.138492  0.301804  0.105311  -0.0712152  0.105311  0.170367
0.31063  -0.138499  -0.0712351  -0.138499  0.301817  0.105327  -0.0712351  0.105327  0.170377
0.310686  -0.138625  -0.0713018  -0.138625  0.30197  0.10542  -0.0713018  0.10542  0.170406
0.310721  -0.138691  -0.0713369  -0.138691  0.302041  0.105463  -0.0713369  0.105463  0.170419
0.310721  -0.138691  -0.0713369  -0.138691  0.302041  0.105463  -0.0713369  0.105463  0.170419
0.310786  -0.138802  -0.0714113  -0.138802  0.302154  0.10554  -0.0714113  0.10554  0.170446
0.310786  -0.138802  -0.0714113  -0.138802  0.302154  0.10554  -0.0714113  0.10554  0.170446
0.310826  -0.138876  -0.0714663  -0.138876  0.302237  0.1056  -0.0714663  0.1056  0.170469
0.310851  -0.138913  -0.0714857  -0.138913  0.302267  0.105618  -0.0714857  0.105618  0.170474
0.310856  -0.138921  -0.0715056  -0.138921  0.30228  0.105634  -0.0715056  0.105634  0.170484
0.3109  -0.138972  -0.0715484  -0.138972  0.30231  0.105662  -0.0715484  0.105662  0.170494
0.310905  -0.138994  -0.0715443  -0.138994  0.302338  0.10567  -0.0715443  0.10567  0.170493
0.310924  -0.139009  -0.0715677  -0.139009  0.302339  0.10568  -0.0715677  0.10568  0.170499
0.310952  -0.139022  -0.0715747  -0.139022  0.302315  0.105665  -0.0715747  0.105665  0.170491
0.310952  -0.139022  -0.0715747  -0.139022  0.302315  0.105665  -0.0715747  0.105665  0.170491
0.310979  -0.139036  -0.0715816  -0.139036  0.302291  0.10565  -0.0715816  0.10565  0.170483
0.310979  -0.139036  -0.0715816  -0.139036  0.302291  0.10565  -0.0715816  0.10565  0.170483
0.311001  -0.139027  -0.0715926  -0.139027  0.302238  0.105627  -0.0715926  0.105627  0.170476
0.310995  -0.139005  -0.0715966  -0.139005  0.302209  0.105619  -0.0715966  0.105619  0.170478
0.311012  -0.138989  -0.0715877  -0.138989  0.302143  0.105579  -0.0715877  0.105579  0.170462
0.311034  -0.13898  -0.0715986  -0.13898  0.30209  0.105556  -0.0715986  0.105556  0.170455
0.311034  -0.13898  -0.0715986  -0.13898  0.30209  0.105556  -0.0715986  0.105556  0.170455
0.311064  -0.138957  -0.0716171  -0.138957  0.301997  0.105516  -0.0716171  0.105516  0.170446
0.311064  -0.138957  -0.0716171  -0.138957  0.301997  0.105516  -0.0716171  0.105516  0.170446
0.311089  -0.138925  -0.0716156  -0.138925  0.30189  0.105461  -0.0716156  0.105461  0.170427
0.311089  -0.138925  -0.0716156  -0.138925  0.30189  0.105461  -0.0716156  0.105461  0.170427
0.311119  -0.138901  -0.071634  -0.138901  0.301797  0.105422  -0.071634  0.105422  0.170419
0.311141  -0.138893  -0.0716449  -0.138893  0.301744  0.105398  -0.0716449  0.105398  0.170412
0.311136  -0.138871  -0.0716489  -0.138871  0.301716  0.10539  -0.0716489  0.10539  0.170414
0.31118  -0.138854  -0.0716708  -0.138854  0.30161  0.105343  -0.0716708  0.105343  0.170401
0.31118  -0.138854  -0.0716708  -0.138854  0.30161  0.105343  -0.0716708  0.105343  0.170401
0.311215  -0.138852  -0.0716852  -0.138852  0.301545  0.105313  -0.0716852  0.105313  0.17039
0.311246  -0.138828  -0.0717035  -0.138828  0.301452  0.105274  -0.0717035  0.105274  0.170382
0.311246  -0.138828  -0.0717035  -0.138828  0.301452  0.105274  -0.0717035  0.105274  0.170382
0.311314  -0.138848  -0.0717448  -0.138848  0.301375  0.105245  -0.0717448  0.105245  0.170373
0.311314  -0.138848  -0.0717448  -0.138848  0.301375  0.105245  -0.0717448  0.105245  0.170373
0.311364  -0.138839  -0.0717865  -0.138839  0.301283  0.105215  -0.0717865  0.105215  0.170371
0.3114  -0.138837  -0.0718009  -0.138837  0.301218  0.105185  -0.0718009  0.105185  0.17036
0.311413  -0.138844  -0.0718044  -0.138844  0.301206  0.105177  -0.0718044  0.105177  0.170356
0.311482  -0.138863  -0.0718456  -0.138863  0.301129  0.105149  -0.0718456  0.105149  0.170348
0.311482  -0.138863  -0.0718456  -0.138863  0.301129  0.105149  -0.0718456  0.105149  0.170348
0.311571  -0.138897  -0.0719103  -0.138897  0.301054  0.10513  -0.0719103  0.10513  0.170346
0.311632  -0.138932  -0.0719441  -0.138932  0.301018  0.105117  -0.0719441  0.105117  0.17034
0.311632  -0.138932  -0.0719441  -0.138932  0.301018  0.105117  -0.0719441  0.105117  0.17034
0.31174  -0.138995  -0.0720083  -0.138995  0.300959  0.105099  -0.0720083  0.105099  0.170332
0.31174  -0.138995  -0.0720083  -0.138995  0.300959  0.105099  -0.0720083  0.105099  0.170332
0.311828  -0.139029  -0.072073  -0.139029  0.300883  0.10508  -0.072073  0.10508  0.17033
0.311828  -0.139029  -0.072073  -0.139029  0.300883  0.10508  -0.072073  0.10508  0.17033
0.311923  -0.139085  -0.0721339  -0.139085  0.300836  0.105069  -0.0721339  0.105069  0.170326
0.311998  -0.139126  -0.0721712  -0.139126  0.300788  0.105049  -0.0721712  0.105049  0.170317
0.311998  -0.139126  -0.0721712  -0.139126  0.300788  0.105049  -0.0721712  0.105049  0.170317
0.312107  -0.139189  -0.0722355  -0.139189  0.300728  0.105031  -0.0722355  0.105031  0.170309
0.312107  -0.139189  -0.0722355  -0.139189  0.300728  0.105031  -0.0722355  0.105031  0.170309
0.312216  -0.139252  -0.0722999  -0.139252  0.300669  0.105013  -0.0722999  0.105013  0.170302
0.312216  -0.139252  -0.0722999  -0.139252  0.300669  0.105013  -0.0722999  0.105013  0.170302
0.312317  -0.13933  -0.0723569  -0.13933  0.30065  0.105011  -0.0723569  0.105011  0.170296
0.312379  -0.139365  -0.0723909  -0.139365  0.300614  0.104998  -0.0723909  0.104998  0.170291
0.312393  -0.139372  -0.0723943  -0.139372  0.300602  0.104991  -0.0723943  0.104991  0.170287
0.312489  -0.139428  -0.0724554  -0.139428  0.300555  0.10498  -0.0724554  0.10498  0.170283
0.312503  -0.139435  -0.0724588  -0.139435  0.300543  0.104973  -0.0724588  0.104973  0.170279
0.312605  -0.139513  -0.0725159  -0.139513  0.300524  0.104971  -0.0725159  0.104971  0.170274
0.312667  -0.139548  -0.0725499  -0.139548  0.300488  0.104958  -0.0725499  0.104958  0.170269
0.312667  -0.139548  -0.0725499  -0.139548  0.300488  0.104958  -0.0725499  0.104958  0.170269
0.312763  -0.139605  -0.0726111  -0.139605  0.300441  0.104947  -0.0726111  0.104947  0.170265
0.312777  -0.139611  -0.0726145  -0.139611  0.300429  0.10494  -0.0726145  0.10494  0.170261
0.31288  -0.13969  -0.0726718  -0.13969  0.30041  0.104938  -0.0726718  0.104938  0.170256
0.312942  -0.139725  -0.0727058  -0.139725  0.300374  0.104925  -0.0727058  0.104925  0.170251
0.312942  -0.139725  -0.0727058  -0.139725  0.300374  0.104925  -0.0727058  0.104925  0.170251
0.313059  -0.13981  -0.0727666  -0.13981  0.300343  0.104916  -0.0727666  0.104916  0.170242
0.313059  -0.13981  -0.0727666  -0.13981  0.300343  0.104916  -0.0727666  0.104916  0.170242
0.313176  -0.139896  -0.0728274  -0.139896  0.300312  0.104907  -0.0728274  0.104907  0.170233
0.313245  -0.139939  -0.0728818  -0.139939  0.300289  0.104911  -0.0728818  0.104911  0.170238
0.313251  -0.139961  -0.0728779  -0.139961  0.300318  0.104919  -0.0728779  0.104919  0.170236
0.313349  -0.140018  -0.0729392  -0.140018  0.300271  0.104909  -0.0729392  0.104909  0.170233
0.313349  -0.140018  -0.0729392  -0.140018  0.300271  0.104909  -0.0729392  0.104909  0.170233
0.313453  -0.140097  -0.0729967  -0.140097  0.300252  0.104907  -0.0729967  0.104907  0.170228
0.313459  -0.140105  -0.073017  -0.140105  0.300265  0.104924  -0.073017  0.104924  0.170238
0.313569  -0.140206  -0.0730707  -0.140206  0.300275  0.10493  -0.0730707  0.10493  0.170232
0.313652  -0.140271  -0.0731045  -0.140271  0.300255  0.104919  -0.0731045  0.104919  0.170221
0.313658  -0.140279  -0.0731248  -0.140279  0.300268  0.104936  -0.0731248  0.104936  0.170231
0.313763  -0.140358  -0.0731825  -0.140358  0.30025  0.104934  -0.0731825  0.104934  0.170227
0.313783  -0.140387  -0.073182  -0.140387  0.300266  0.104935  -0.073182  0.104935  0.170221
0.313894  -0.140475  -0.0732601  -0.140475  0.300261  0.10495  -0.0732601  0.10495  0.170227
0.3139  -0.140497  -0.0732562  -0.140497  0.300289  0.104959  -0.0732562  0.104959  0.170225
0.314011  -0.140599  -0.0733101  -0.140599  0.300299  0.104965  -0.0733101  0.104965  0.170219
0.314026  -0.140606  -0.0733136  -0.140606  0.300287  0.104958  -0.0733136  0.104958  0.170215
0.314143  -0.140716  -0.073388  -0.140716  0.30031  0.104982  -0.073388  0.104982  0.170219
0.314234  -0.140803  -0.0734181  -0.140803  0.300319  0.104979  -0.0734181  0.104979  0.170207
0.314234  -0.140803  -0.0734181  -0.140803  0.300319  0.104979  -0.0734181  0.104979  0.170207
0.314359  -0.140936  -0.0734887  -0.140936  0.300371  0.105011  -0.0734887  0.105011  0.17021
0.314373  -0.140943  -0.0734922  -0.140943  0.300359  0.105004  -0.0734922  0.105004  0.170206
0.314477  -0.141061  -0.073539  -0.141061  0.30041  0.105027  -0.073539  0.105027  0.170202
0.314477  -0.141061  -0.073539  -0.141061  0.30041  0.105027  -0.073539  0.105027  0.170202
0.314581  -0.141179  -0.0735858  -0.141179  0.300462  0.10505  -0.0735858  0.10505  0.170198
0.31465  -0.141261  -0.0736295  -0.141261  0.300509  0.105079  -0.0736295  0.105079  0.170204
0.31465  -0.141261  -0.0736295  -0.141261  0.300509  0.105079  -0.0736295  0.105079  0.170204
0.314746  -0.141382  -0.0736935  -0.141382  0.300586  0.105126  -0.0736935  0.105126  0.170215
0.314746  -0.141382  -0.0736935  -0.141382  0.300586  0.105126  -0.0736935  0.105126  0.170215
0.314821  -0.141487  -0.0737335  -0.141487  0.300662  0.105164  -0.0737335  0.105164  0.17022
0.314821  -0.141487  -0.0737335  -0.141487  0.300662  0.105164  -0.0737335  0.105164  0.17022
0.314889  -0.141594  -0.0737906  -0.141594  0.300764  0.105226  -0.0737906  0.105226  0.170238
0.314914  -0.141656  -0.0738241  -0.141656  0.300848  0.105277  -0.0738241  0.105277  0.170256
0.314914  -0.141656  -0.0738241  -0.141656  0.300848  0.105277  -0.0738241  0.105277  0.170256
0.31496  -0.141748  -0.0738572  -0.141748  0.300949  0.10533  -0.0738572  0.10533  0.170269
0.31496  -0.141748  -0.0738572  -0.141748  0.300949  0.10533  -0.0738572  0.10533  0.170269
0.314985  -0.14181  -0.0738907  -0.14181  0.301034  0.105381  -0.0738907  0.105381  0.170286
0.314995  -0.141866  -0.0739206  -0.141866  0.30113  0.10544  -0.0739206  0.10544  0.170308
0.314995  -0.141866  -0.0739206  -0.141866  0.30113  0.10544  -0.0739206  0.10544  0.170308
0.315021  -0.141928  -0.0739541  -0.141928  0.301215  0.105491  -0.0739541  0.105491  0.170326
0.315021  -0.141928  -0.0739541  -0.141928  0.301215  0.105491  -0.0739541  0.105491  0.170326
0.315018  -0.141952  -0.0739674  -0.141952  0.301269  0.105524  -0.0739674  0.105524  0.170339
0.315024  -0.141975  -0.0739635  -0.141975  0.301298  0.105533  -0.0739635  0.105533  0.170338
0.315022  -0.141999  -0.0739768  -0.141999  0.301353  0.105566  -0.0739768  0.105566  0.170351
0.315007  -0.141993  -0.0739732  -0.141993  0.301365  0.105573  -0.0739732  0.105573  0.170354
0.315014  -0.142015  -0.0739694  -0.142015  0.301394  0.105582  -0.0739694  0.105582  0.170353
0.315014  -0.142015  -0.0739694  -0.142015  0.301394  0.105582  -0.0739694  0.105582  0.170353
0.315014  -0.142015  -0.0739694  -0.142015  0.301394  0.105582  -0.0739694  0.105582  0.170353
0.314999  -0.142023  -0.0739413  -0.142023  0.301422  0.105581  -0.0739413  0.105581  0.170345
0.314999  -0.142023  -0.0739413  -0.142023  0.301422  0.105581  -0.0739413  0.105581  0.170345
0.314999  -0.142023  -0.0739413  -0.142023  0.301422  0.105581  -0.0739413  0.105581  0.170345
0.314998  -0.142037  -0.0739169  -0.142037  0.301438  0.105573  -0.0739169  0.105573  0.170333
0.314998  -0.142037  -0.0739169  -0.142037  0.301438  0.105573  -0.0739169  0.105573  0.170333
0.315007  -0.142036  -0.0738998  -0.142036  0.301412  0.105549  -0.0738998  0.105549  0.170318
0.315  -0.142027  -0.0738792  -0.142027  0.301399  0.105532  -0.0738792  0.105532  0.170308
0.315  -0.142027  -0.0738792  -0.142027  0.301399  0.105532  -0.0738792  0.105532  0.170308
0.314987  -0.14201  -0.0738379  -0.14201  0.301372  0.105498  -0.0738379  0.105498  0.170286
0.314987  -0.14201  -0.0738379  -0.14201  0.301372  0.105498  -0.0738379  0.105498  0.170286
0.314981  -0.142002  -0.0738173  -0.142002  0.301359  0.105481  -0.0738173  0.105481  0.170276
0.314975  -0.141993  -0.0737967  -0.141993  0.301346  0.105464  -0.0737967  0.105464  0.170265
0.314989  -0.142  -0.0738003  -0.142  0.301334  0.105457  -0.0738003  0.105457  0.170261
0.314977  -0.141983  -0.0737591  -0.141983  0.301307  0.105423  -0.0737591  0.105423  0.17024
0.314977  -0.141983  -0.0737591  -0.141983  0.301307  0.105423  -0.0737591  0.105423  0.17024
0.31497  -0.141975  -0.0737385  -0.141975  0.301294  0.105406  -0.0737385  0.105406  0.17023
0.31497  -0.141975  -0.0737385  -0.141975  0.301294  0.105406  -0.0737385  0.105406  0.17023
0.314964  -0.141966  -0.0737179  -0.141966  0.30128  0.105389  -0.0737179  0.105389  0.170219
0.314949  -0.14196  -0.0737144  -0.14196  0.301293  0.105396  -0.0737144  0.105396  0.170223
0.314949  -0.14196  -0.0737144  -0.14196  0.301293  0.105396  -0.0737144  0.105396  0.170223
0.314942  -0.141951  -0.0736938  -0.141951  0.301279  0.10538  -0.0736938  0.10538  0.170213
0.314942  -0.141951  -0.0736938  -0.141951  0.301279  0.10538  -0.0736938  0.10538  0.170213
0.314942  -0.141951  -0.0736938  -0.141951  0.301279  0.10538  -0.0736938  0.10538  0.170213
0.314928  -0.141944  -0.0736903  -0.141944  0.301291  0.105387  -0.0736903  0.105387  0.170217
0.314928  -0.141944  -0.0736903  -0.141944  0.301291  0.105387  -0.0736903  0.105387  0.170217
0.314906  -0.141929  -0.0736662  -0.141929  0.30129  0.105377  -0.0736662  0.105377  0.17021
0.314892  -0.141922  -0.0736626  -0.141922  0.301303  0.105385  -0.0736626  0.105385  0.170214
0.314892  -0.141922  -0.0736626  -0.141922  0.301303  0.105385  -0.0736626  0.105385  0.170214
0.31487  -0.141907  -0.0736386  -0.141907  0.301302  0.105375  -0.0736386  0.105375  0.170208
0.31487  -0.141907  -0.0736386  -0.141907  0.301302  0.105375  -0.0736386  0.105375  0.170208
0.314849  -0.141892  -0.0736145  -0.141892  0.301301  0.105366  -0.0736145  0.105366  0.170201
0.314834  -0.141885  -0.073611  -0.141885  0.301313  0.105373  -0.073611  0.105373  0.170205
0.314834  -0.141885  -0.073611  -0.141885  0.301313  0.105373  -0.073611  0.105373  0.170205
0.314807  -0.141861  -0.0735663  -0.141861  0.301299  0.105347  -0.0735663  0.105347  0.170188
0.314807  -0.141861  -0.0735663  -0.141861  0.301299  0.105347  -0.0735663  0.105347  0.170188
0.314771  -0.141839  -0.0735388  -0.141839  0.30131  0.105345  -0.0735388  0.105345  0.170186
0.314765  -0.141831  -0.0735182  -0.141831  0.301296  0.105328  -0.0735182  0.105328  0.170175
0.31475  -0.141824  -0.0735147  -0.141824  0.301309  0.105335  -0.0735147  0.105335  0.170179
0.314722  -0.1418  -0.0734701  -0.1418  0.301294  0.105309  -0.0734701  0.105309  0.170162
0.314722  -0.1418  -0.0734701  -0.1418  0.301294  0.105309  -0.0734701  0.105309  0.170162
0.314707  -0.141808  -0.0734422  -0.141808  0.301322  0.105308  -0.0734422  0.105308  0.170154
0.314701  -0.141799  -0.0734217  -0.141799  0.301309  0.105291  -0.0734217  0.105291  0.170144
0.314695  -0.141791  -0.0734012  -0.141791  0.301296  0.105274  -0.0734012  0.105274  0.170133
0.31468  -0.141798  -0.0733732  -0.141798  0.301324  0.105273  -0.0733732  0.105273  0.170125
0.31468  -0.141798  -0.0733732  -0.141798  0.301324  0.105273  -0.0733732  0.105273  0.170125
0.314667  -0.141781  -0.0733322  -0.141781  0.301297  0.10524  -0.0733322  0.10524  0.170105
0.314667  -0.141796  -0.0733078  -0.141796  0.301313  0.105232  -0.0733078  0.105232  0.170093
0.314667  -0.141796  -0.0733078  -0.141796  0.301313  0.105232  -0.0733078  0.105232  0.170093
0.314675  -0.141808  -0.0732663  -0.141808  0.301303  0.105199  -0.0732663  0.105199  0.170066
0.314668  -0.1418  -0.0732458  -0.1418  0.30129  0.105182  -0.0732458  0.105182  0.170056
0.314662  -0.141806  -0.0732009  -0.141806  0.301292  0.105157  -0.0732009  0.105157  0.170034
0.314668  -0.141829  -0.073197  -0.141829  0.301321  0.105166  -0.073197  0.105166  0.170032
0.314676  -0.141841  -0.0731556  -0.141841  0.301312  0.105134  -0.0731556  0.105134  0.170006
0.314676  -0.141841  -0.0731556  -0.141841  0.301312  0.105134  -0.0731556  0.105134  0.170006
0.314678  -0.141846  -0.0730937  -0.141846  0.301289  0.105085  -0.0730937  0.105085  0.169969
0.314686  -0.141858  -0.0730522  -0.141858  0.301279  0.105052  -0.0730522  0.105052  0.169943
0.314692  -0.141881  -0.0730483  -0.141881  0.301308  0.105061  -0.0730483  0.105061  0.169942
0.3147  -0.141894  -0.0730069  -0.141894  0.301298  0.105029  -0.0730069  0.105029  0.169915
0.314694  -0.141885  -0.0729864  -0.141885  0.301285  0.105012  -0.0729864  0.105012  0.169905
0.314723  -0.141928  -0.0729445  -0.141928  0.301292  0.104981  -0.0729445  0.104981  0.169874
0.314724  -0.141932  -0.0728826  -0.141932  0.301269  0.104932  -0.0728826  0.104932  0.169837
0.314724  -0.141932  -0.0728826  -0.141932  0.301269  0.104932  -0.0728826  0.104932  0.169837
0.314741  -0.141957  -0.0727998  -0.141957  0.30125  0.104867  -0.0727998  0.104867  0.169785
0.314741  -0.141957  -0.0727998  -0.141957  0.30125  0.104867  -0.0727998  0.104867  0.169785
0.314751  -0.14196  -0.0727209  -0.14196  0.301202  0.104794  -0.0727209  0.104794  0.169735
0.314744  -0.141951  -0.0727004  -0.141951  0.301189  0.104777  -0.0727004  0.104777  0.169725
0.31476  -0.141977  -0.0726176  -0.141977  0.301169  0.104713  -0.0726176  0.104713  0.169673
0.314754  -0.141968  -0.0725971  -0.141968  0.301156  0.104696  -0.0725971  0.104696  0.169662
0.31477  -0.141994  -0.0725143  -0.141994  0.301137  0.104632  -0.0725143  0.104632  0.169611
0.314764  -0.141985  -0.0724939  -0.141985  0.301124  0.104615  -0.0724939  0.104615  0.169601
0.314794  -0.142018  -0.0724145  -0.142018  0.301092  0.104543  -0.0724145  0.104543  0.169545
0.314811  -0.142043  -0.0723317  -0.142043  0.301073  0.104479  -0.0723317  0.104479  0.169494
0.314811  -0.142043  -0.0723317  -0.142043  0.301073  0.104479  -0.0723317  0.104479  0.169494
0.314847  -0.142098  -0.0722484  -0.142098  0.301071  0.104415  -0.0722484  0.104415  0.169437
0.314841  -0.142089  -0.072228  -0.142089  0.301058  0.104399  -0.072228  0.104399  0.169427
0.314878  -0.142144  -0.0721446  -0.142144  0.301056  0.104336  -0.0721446  0.104336  0.16937
0.3149  -0.142178  -0.0720822  -0.142178  0.30105  0.104288  -0.0720822  0.104288  0.169329
0.3149  -0.142178  -0.0720822  -0.142178  0.30105  0.104288  -0.0720822  0.104288  0.169329
0.314931  -0.142224  -0.0719784  -0.142224  0.301035  0.104208  -0.0719784  0.104208  0.169262
0.314937  -0.142247  -0.0719744  -0.142247  0.301064  0.104217  -0.0719744  0.104217  0.169261
0.314989  -0.142309  -0.0718944  -0.142309  0.30105  0.104146  -0.0718944  0.104146  0.1692
0.314989  -0.142309  -0.0718944  -0.142309  0.30105  0.104146  -0.0718944  0.104146  0.1692
0.31504  -0.14237  -0.0718143  -0.14237  0.301036  0.104075  -0.0718143  0.104075  0.16914
0.315078  -0.142411  -0.0717552  -0.142411  0.301018  0.10402  -0.0717552  0.10402  0.169095
0.315092  -0.142418  -0.0717586  -0.142418  0.301006  0.104013  -0.0717586  0.104013  0.169091
0.315153  -0.142478  -0.0716614  -0.142478  0.300966  0.103918  -0.0716614  0.103918  0.169017
0.315153  -0.142478  -0.0716614  -0.142478  0.300966  0.103918  -0.0716614  0.103918  0.169017
0.315213  -0.142537  -0.0715642  -0.142537  0.300927  0.103824  -0.0715642  0.103824  0.168943
0.315265  -0.142585  -0.0715084  -0.142585  0.300897  0.103761  -0.0715084  0.103761  0.168894
0.315258  -0.142576  -0.071488  -0.142576  0.300884  0.103745  -0.071488  0.103745  0.168884
0.315318  -0.142636  -0.0713907  -0.142636  0.300845  0.10365  -0.0713907  0.10365  0.168811
0.315318  -0.142636  -0.0713907  -0.142636  0.300845  0.10365  -0.0713907  0.10365  0.168811
0.315381  -0.142671  -0.0712803  -0.142671  0.300751  0.103523  -0.0712803  0.103523  0.168725
0.315387  -0.142694  -0.0712763  -0.142694  0.30078  0.103531  -0.0712763  0.103531  0.168724
0.315434  -0.142723  -0.0711626  -0.142723  0.300698  0.103412  -0.0711626  0.103412  0.168642
0.315474  -0.142738  -0.0710903  -0.142738  0.300626  0.103324  -0.0710903  0.103324  0.168585
0.315488  -0.14276  -0.0710692  -0.14276  0.30063  0.103309  -0.0710692  0.103309  0.16857
0.315536  -0.142788  -0.0709554  -0.142788  0.300549  0.103189  -0.0709554  0.103189  0.168489
0.315551  -0.142795  -0.0709587  -0.142795  0.300537  0.103182  -0.0709587  0.103182  0.168485
0.315598  -0.142823  -0.0708449  -0.142823  0.300455  0.103062  -0.0708449  0.103062  0.168404
0.315598  -0.142823  -0.0708449  -0.142823  0.300455  0.103062  -0.0708449  0.103062  0.168404
0.315637  -0.142867  -0.0707238  -0.142867  0.300416  0.102958  -0.0707238  0.102958  0.168325
0.315637  -0.142867  -0.0707238  -0.142867  0.300416  0.102958  -0.0707238  0.102958  0.168325
0.315676  -0.142897  -0.070627  -0.142897  0.30036  0.102863  -0.070627  0.102863  0.168258
0.3157  -0.142906  -0.0705514  -0.142906  0.3003  0.102783  -0.0705514  0.102783  0.168206
0.315706  -0.142929  -0.0705473  -0.142929  0.300329  0.102791  -0.0705473  0.102791  0.168205
0.315739  -0.14295  -0.0704303  -0.14295  0.300261  0.10268  -0.0704303  0.10268  0.168129
0.315754  -0.142957  -0.0704335  -0.142957  0.300248  0.102672  -0.0704335  0.102672  0.168125
0.315793  -0.143001  -0.0703123  -0.143001  0.300209  0.102569  -0.0703123  0.102569  0.168047
0.315793  -0.143001  -0.0703123  -0.143001  0.300209  0.102569  -0.0703123  0.102569  0.168047
0.315832  -0.143031  -0.0702155  -0.143031  0.300153  0.102473  -0.0702155  0.102473  0.16798
0.315832  -0.143031  -0.0702155  -0.143031  0.300153  0.102473  -0.0702155  0.102473  0.16798
0.315892  -0.143076  -0.0701422  -0.143076  0.300098  0.102387  -0.0701422  0.102387  0.16792
0.315923  -0.143094  -0.0700868  -0.143094  0.300052  0.102324  -0.0700868  0.102324  0.167878
0.315923  -0.143094  -0.0700868  -0.143094  0.300052  0.102324  -0.0700868  0.102324  0.167878
0.315978  -0.143116  -0.0700175  -0.143116  0.299968  0.102229  -0.0700175  0.102229  0.167818
0.315999  -0.143146  -0.0700166  -0.143146  0.299985  0.10223  -0.0700166  0.10223  0.167813
0.316053  -0.143168  -0.0699473  -0.143168  0.299901  0.102135  -0.0699473  0.102135  0.167754
0.316093  -0.143169  -0.0698991  -0.143169  0.299812  0.102056  -0.0698991  0.102056  0.16771
0.316086  -0.14316  -0.0698788  -0.14316  0.299799  0.10204  -0.0698788  0.10204  0.1677
0.316156  -0.143189  -0.0698126  -0.143189  0.299703  0.101938  -0.0698126  0.101938  0.167637
0.316149  -0.14318  -0.0697923  -0.14318  0.29969  0.101922  -0.0697923  0.101922  0.167628
0.316205  -0.143177  -0.0697099  -0.143177  0.299551  0.101795  -0.0697099  0.101795  0.167557
0.316223  -0.143163  -0.0696383  -0.143163  0.299463  0.101707  -0.0696383  0.101707  0.167507
0.316238  -0.143169  -0.0696414  -0.143169  0.29945  0.1017  -0.0696414  0.1017  0.167503
0.316288  -0.143158  -0.0695387  -0.143158  0.299299  0.101557  -0.0695387  0.101557  0.167423
0.316281  -0.143149  -0.0695184  -0.143149  0.299286  0.10154  -0.0695184  0.10154  0.167414
0.316316  -0.143131  -0.0694125  -0.143131  0.299147  0.101405  -0.0694125  0.101405  0.167338
0.316331  -0.143137  -0.0694157  -0.143137  0.299134  0.101398  -0.0694157  0.101398  0.167334
0.316366  -0.143119  -0.0693098  -0.143119  0.298995  0.101263  -0.0693098  0.101263  0.167259
0.316399  -0.143111  -0.0692413  -0.143111  0.298894  0.101167  -0.0692413  0.101167  0.167206
0.316392  -0.143103  -0.069221  -0.143103  0.298881  0.101151  -0.069221  0.101151  0.167196
0.316463  -0.14312  -0.0691172  -0.14312  0.298747  0.10101  -0.0691172  0.10101  0.167112
0.316456  -0.143112  -0.069097  -0.143112  0.298734  0.100993  -0.069097  0.100993  0.167102
0.316512  -0.143122  -0.06899  -0.143122  0.298612  0.100859  -0.06899  0.100859  0.167022
0.316512  -0.143122  -0.06899  -0.143122  0.298612  0.100859  -0.06899  0.100859  0.167022
0.316568  -0.143133  -0.068883  -0.143133  0.29849  0.100725  -0.068883  0.100725  0.166942
0.316576  -0.143131  -0.0688659  -0.143131  0.298465  0.100701  -0.0688659  0.100701  0.166928
0.316638  -0.143165  -0.0687547  -0.143165  0.298373  0.100576  -0.0687547  0.100576  0.166847
0.316699  -0.143209  -0.0686808  -0.143209  0.298318  0.10049  -0.0686808  0.10049  0.166788
0.316707  -0.143207  -0.0686636  -0.143207  0.298293  0.100466  -0.0686636  0.100466  0.166775
