0.301945  -0.116231  -0.0523463  -0.116231  0.272635  0.0838688  -0.0523463  0.0838688  0.163089
0.301937  -0.116227  -0.0523446  -0.116227  0.272647  0.0838758  -0.0523446  0.0838758  0.163093
0.301942  -0.1163  -0.0521397  -0.1163  0.27267  0.083777  -0.0521397  0.083777  0.163026
0.301939  -0.116307  -0.0521031  -0.116307  0.272673  0.0837598  -0.0521031  0.0837598  0.163016
0.301928  -0.116322  -0.0517768  -0.116322  0.272589  0.0835531  -0.0517768  0.0835531  0.162909
0.301903  -0.116169  -0.0517148  -0.116169  0.272372  0.08343  -0.0517148  0.08343  0.162886
0.301898  -0.116158  -0.0516829  -0.116158  0.272354  0.0834064  -0.0516829  0.0834064  0.162877
0.301853  -0.116091  -0.0513043  -0.116091  0.272194  0.0831485  -0.0513043  0.0831485  0.162767
0.301848  -0.11608  -0.0512724  -0.11608  0.272176  0.083125  -0.0512724  0.083125  0.162758
0.301848  -0.115926  -0.0510368  -0.115926  0.271829  0.0828448  -0.0510368  0.0828448  0.162659
0.301843  -0.115903  -0.0510256  -0.115903  0.271799  0.0828268  -0.0510256  0.0828268  0.162655
0.301892  -0.115785  -0.0508459  -0.115785  0.27142  0.0825473  -0.0508459  0.0825473  0.162547
0.301929  -0.115756  -0.050618  -0.115756  0.271195  0.0823161  -0.050618  0.0823161  0.162443
0.301934  -0.115754  -0.0506037  -0.115754  0.271174  0.0822975  -0.0506037  0.0822975  0.162434
0.302016  -0.115614  -0.0505581  -0.115614  0.270739  0.0820538  -0.0505581  0.0820538  0.162348
0.302024  -0.115618  -0.0505597  -0.115618  0.270727  0.0820468  -0.0505597  0.0820468  0.162344
0.302117  -0.11564  -0.0503017  -0.11564  0.270442  0.0817569  -0.0503017  0.0817569  0.162199
0.302194  -0.115642  -0.0501274  -0.115642  0.270197  0.0815335  -0.0501274  0.0815335  0.162091
0.302203  -0.115645  -0.0501289  -0.115645  0.270185  0.0815264  -0.0501289  0.0815264  0.162087
0.302295  -0.11555  -0.0499725  -0.11555  0.269756  0.0812261  -0.0499725  0.0812261  0.161964
0.302308  -0.115552  -0.0499597  -0.115552  0.269723  0.0812006  -0.0499597  0.0812006  0.161951
0.302402  -0.115572  -0.0495689  -0.115572  0.269386  0.080819  -0.0495689  0.080819  0.161767
0.302455  -0.115475  -0.0494003  -0.115475  0.26904  0.0805615  -0.0494003  0.0805615  0.161667
0.302458  -0.115455  -0.0493907  -0.115455  0.268998  0.0805369  -0.0493907  0.0805369  0.16166
0.302544  -0.115322  -0.049177  -0.115322  0.268503  0.0801801  -0.049177  0.0801801  0.16152
0.302555  -0.115319  -0.0491485  -0.115319  0.268461  0.0801434  -0.0491485  0.0801434  0.161504
0.302656  -0.115266  -0.0488154  -0.115266  0.268015  0.0797427  -0.0488154  0.0797427  0.161328
0.302717  -0.115122  -0.0486635  -0.115122  0.267585  0.079455  -0.0486635  0.079455  0.161224
0.302728  -0.115106  -0.0486552  -0.115106  0.267531  0.0794236  -0.0486552  0.0794236  0.161213
0.302807  -0.115009  -0.0483288  -0.115009  0.26707  0.079027  -0.0483288  0.079027  0.16105
0.302821  -0.115011  -0.0483159  -0.115011  0.267037  0.0790018  -0.0483159  0.0790018  0.161038
0.3029  -0.114914  -0.0479896  -0.114914  0.266576  0.0786066  -0.0479896  0.0786066  0.160878
0.30296  -0.114806  -0.0478426  -0.114806  0.266211  0.0783518  -0.0478426  0.0783518  0.160783
0.302968  -0.114784  -0.0478187  -0.114784  0.266148  0.0783095  -0.0478187  0.0783095  0.160768
0.303046  -0.114748  -0.047457  -0.114748  0.265776  0.0779365  -0.047457  0.0779365  0.160608
0.303048  -0.114741  -0.0474271  -0.114741  0.265747  0.0779074  -0.0474271  0.0779074  0.160597
0.303135  -0.11461  -0.0472287  -0.11461  0.265267  0.0775689  -0.0472287  0.0775689  0.160468
0.303192  -0.114545  -0.0471164  -0.114545  0.264995  0.077375  -0.0471164  0.077375  0.160392
0.303195  -0.114537  -0.0470865  -0.114537  0.264965  0.077346  -0.0470865  0.077346  0.160381
0.303286  -0.114515  -0.0468228  -0.114515  0.264625  0.0770354  -0.0468228  0.0770354  0.160246
0.303292  -0.114513  -0.0468084  -0.114513  0.264605  0.0770175  -0.0468084  0.0770175  0.160238
0.303379  -0.114393  -0.0467205  -0.114393  0.264191  0.0767657  -0.0467205  0.0767657  0.160144
0.303438  -0.114358  -0.0465829  -0.114358  0.263952  0.0765737  -0.0465829  0.0765737  0.160064
0.303444  -0.114356  -0.0465686  -0.114356  0.263931  0.0765558  -0.0465686  0.0765558  0.160056
0.303501  -0.114281  -0.0462952  -0.114281  0.26358  0.0762455  -0.0462952  0.0762455  0.159935
0.303507  -0.114279  -0.0462808  -0.114279  0.263559  0.0762276  -0.0462808  0.0762276  0.159928
0.303541  -0.114108  -0.0461454  -0.114108  0.263162  0.0759743  -0.0461454  0.0759743  0.159849
0.303566  -0.114059  -0.0459382  -0.114059  0.262947  0.0757673  -0.0459382  0.0757673  0.15977
0.303571  -0.114056  -0.0459238  -0.114056  0.262926  0.0757495  -0.0459238  0.0757495  0.159763
0.30359  -0.113896  -0.0457165  -0.113896  0.26255  0.0754731  -0.0457165  0.0754731  0.159676
0.303593  -0.113876  -0.0457069  -0.113876  0.262509  0.0754496  -0.0457069  0.0754496  0.159669
0.303607  -0.113743  -0.0455391  -0.113743  0.262202  0.0752259  -0.0455391  0.0752259  0.159599
0.303601  -0.113732  -0.0455084  -0.113732  0.262186  0.0752045  -0.0455084  0.0752045  0.159593
0.303618  -0.113617  -0.0453361  -0.113617  0.2619  0.0749871  -0.0453361  0.0749871  0.159523
0.303628  -0.1135  -0.0452929  -0.1135  0.261677  0.0748647  -0.0452929  0.0748647  0.159492
0.303625  -0.113494  -0.0452776  -0.113494  0.261669  0.0748541  -0.0452776  0.0748541  0.159489
0.303634  -0.113401  -0.0451294  -0.113401  0.261445  0.0746784  -0.0451294  0.0746784  0.159433
0.303631  -0.113396  -0.0451141  -0.113396  0.261437  0.0746678  -0.0451141  0.0746678  0.15943
0.303641  -0.113291  -0.0450509  -0.113291  0.261227  0.074541  -0.0450509  0.074541  0.159395
0.303643  -0.113196  -0.0450317  -0.113196  0.261066  0.07446  -0.0450317  0.07446  0.159377
0.30364  -0.113191  -0.0450164  -0.113191  0.261057  0.0744494  -0.0450164  0.0744494  0.159375
0.303641  -0.113157  -0.0448971  -0.113157  0.260955  0.0743441  -0.0448971  0.0743441  0.159339
0.303638  -0.113152  -0.0448819  -0.113152  0.260947  0.0743335  -0.0448819  0.0743335  0.159336
0.303629  -0.113036  -0.0448665  -0.113036  0.260779  0.0742541  -0.0448665  0.0742541  0.159324
0.30362  -0.112983  -0.0448159  -0.112983  0.260694  0.0741938  -0.0448159  0.0741938  0.15931
0.30362  -0.112983  -0.0448159  -0.112983  0.260694  0.0741938  -0.0448159  0.0741938  0.15931
0.303605  -0.112931  -0.0447149  -0.112931  0.260605  0.0741077  -0.0447149  0.0741077  0.159287
0.303605  -0.112931  -0.0447149  -0.112931  0.260605  0.0741077  -0.0447149  0.0741077  0.159287
0.303583  -0.112827  -0.044693  -0.112827  0.260481  0.0740482  -0.044693  0.0740482  0.159283
0.303574  -0.112811  -0.0446473  -0.112811  0.260456  0.0740168  -0.0446473  0.0740168  0.159275
0.303571  -0.112806  -0.0446321  -0.112806  0.260448  0.0740063  -0.0446321  0.0740063  0.159272
0.303557  -0.112755  -0.044596  -0.112755  0.260384  0.0739637  -0.044596  0.0739637  0.159266
0.303554  -0.112749  -0.0445808  -0.112749  0.260376  0.0739532  -0.0445808  0.0739532  0.159263
0.303554  -0.112712  -0.044576  -0.112712  0.260316  0.0739246  -0.044576  0.0739246  0.159258
0.303546  -0.112696  -0.0445304  -0.112696  0.260292  0.0738932  -0.0445304  0.0738932  0.15925
0.303546  -0.112696  -0.0445304  -0.112696  0.260292  0.0738932  -0.0445304  0.0738932  0.15925
0.303543  -0.112678  -0.0445351  -0.112678  0.260272  0.0738876  -0.0445351  0.0738876  0.15925
0.303543  -0.112678  -0.0445351  -0.112678  0.260272  0.0738876  -0.0445351  0.0738876  0.15925
0.30354  -0.112673  -0.0445199  -0.112673  0.260264  0.0738772  -0.0445199  0.0738772  0.159248
0.30354  -0.112685  -0.0445  -0.112685  0.260275  0.0738723  -0.0445  0.0738723  0.159244
0.30354  -0.112685  -0.0445  -0.112685  0.260275  0.0738723  -0.0445  0.0738723  0.159244
0.30354  -0.112673  -0.0445199  -0.112673  0.260264  0.0738772  -0.0445199  0.0738772  0.159248
0.30354  -0.112673  -0.0445199  -0.112673  0.260264  0.0738772  -0.0445199  0.0738772  0.159248
0.30354  -0.112685  -0.0445  -0.112685  0.260275  0.0738723  -0.0445  0.0738723  0.159244
0.303534  -0.112662  -0.0444895  -0.112662  0.260247  0.0738563  -0.0444895  0.0738563  0.159242
0.303534  -0.112662  -0.0444895  -0.112662  0.260247  0.0738563  -0.0444895  0.0738563  0.159242
0.303534  -0.112662  -0.0444895  -0.112662  0.260247  0.0738563  -0.0444895  0.0738563  0.159242
0.303534  -0.112662  -0.0444895  -0.112662  0.260247  0.0738563  -0.0444895  0.0738563  0.159242
0.30352  -0.112661  -0.0444383  -0.112661  0.260255  0.0738376  -0.0444383  0.0738376  0.159238
0.30352  -0.112661  -0.0444383  -0.112661  0.260255  0.0738376  -0.0444383  0.0738376  0.159238
0.30352  -0.112661  -0.0444383  -0.112661  0.260255  0.0738376  -0.0444383  0.0738376  0.159238
0.303515  -0.11265  -0.0444079  -0.11265  0.260239  0.0738167  -0.0444079  0.0738167  0.159233
0.303515  -0.11265  -0.0444079  -0.11265  0.260239  0.0738167  -0.0444079  0.0738167  0.159233
0.303509  -0.11264  -0.0443775  -0.11264  0.260222  0.0737959  -0.0443775  0.0737959  0.159228
0.303509  -0.11264  -0.0443775  -0.11264  0.260222  0.0737959  -0.0443775  0.0737959  0.159228
0.303509  -0.11264  -0.0443775  -0.11264  0.260222  0.0737959  -0.0443775  0.0737959  0.159228
0.303514  -0.11265  -0.0443433  -0.11265  0.260214  0.0737736  -0.0443433  0.0737736  0.159217
0.303514  -0.11265  -0.0443433  -0.11265  0.260214  0.0737736  -0.0443433  0.0737736  0.159217
0.303508  -0.112627  -0.0443329  -0.112627  0.260186  0.0737576  -0.0443329  0.0737576  0.159215
0.303508  -0.112627  -0.0443329  -0.112627  0.260186  0.0737576  -0.0443329  0.0737576  0.159215
0.303503  -0.112616  -0.0443026  -0.112616  0.26017  0.0737367  -0.0443026  0.0737367  0.15921
0.303511  -0.112619  -0.0443035  -0.112619  0.260158  0.0737297  -0.0443035  0.0737297  0.159206
0.303505  -0.112596  -0.0442931  -0.112596  0.26013  0.0737137  -0.0442931  0.0737137  0.159204
0.303505  -0.112596  -0.0442931  -0.112596  0.26013  0.0737137  -0.0442931  0.0737137  0.159204
0.303499  -0.112586  -0.0442628  -0.112586  0.260113  0.0736929  -0.0442628  0.0736929  0.159198
0.303494  -0.112575  -0.0442324  -0.112575  0.260097  0.0736721  -0.0442324  0.0736721  0.159193
0.303494  -0.112575  -0.0442324  -0.112575  0.260097  0.0736721  -0.0442324  0.0736721  0.159193
0.303485  -0.112547  -0.0442069  -0.112547  0.260061  0.0736457  -0.0442069  0.0736457  0.159189
0.303485  -0.112547  -0.0442069  -0.112547  0.260061  0.0736457  -0.0442069  0.0736457  0.159189
0.303474  -0.112514  -0.0441662  -0.112514  0.260017  0.073609  -0.0441662  0.073609  0.159182
0.303471  -0.112508  -0.044151  -0.112508  0.260009  0.0735986  -0.044151  0.0735986  0.159179
0.303471  -0.112508  -0.044151  -0.112508  0.260009  0.0735986  -0.044151  0.0735986  0.159179
0.303471  -0.112483  -0.0441264  -0.112483  0.259961  0.0735652  -0.0441264  0.0735652  0.15917
0.303471  -0.112483  -0.0441264  -0.112483  0.259961  0.0735652  -0.0441264  0.0735652  0.15917
0.303473  -0.112476  -0.044097  -0.112476  0.259933  0.0735375  -0.044097  0.0735375  0.159161
0.303468  -0.112453  -0.0440866  -0.112453  0.259905  0.0735215  -0.0440866  0.0735215  0.159159
0.303468  -0.112453  -0.0440866  -0.112453  0.259905  0.0735215  -0.0440866  0.0735215  0.159159
0.30347  -0.112445  -0.0440572  -0.112445  0.259877  0.0734938  -0.0440572  0.0734938  0.159149
0.30347  -0.112445  -0.0440572  -0.112445  0.259877  0.0734938  -0.0440572  0.0734938  0.159149
0.303472  -0.112438  -0.0440279  -0.112438  0.259848  0.073466  -0.0440279  0.073466  0.15914
0.30348  -0.112441  -0.0440288  -0.112441  0.259836  0.073459  -0.0440288  0.073459  0.159135
0.30348  -0.112441  -0.0440288  -0.112441  0.259836  0.073459  -0.0440288  0.073459  0.159135
0.303483  -0.112433  -0.0439994  -0.112433  0.259808  0.0734313  -0.0439994  0.0734313  0.159126
0.303483  -0.112433  -0.0439994  -0.112433  0.259808  0.0734313  -0.0439994  0.0734313  0.159126
0.303483  -0.112433  -0.0439994  -0.112433  0.259808  0.0734313  -0.0439994  0.0734313  0.159126
0.30348  -0.112428  -0.0439843  -0.112428  0.2598  0.0734209  -0.0439843  0.0734209  0.159123
0.30348  -0.112428  -0.0439843  -0.112428  0.2598  0.0734209  -0.0439843  0.0734209  0.159123
0.30348  -0.112428  -0.0439843  -0.112428  0.2598  0.0734209  -0.0439843  0.0734209  0.159123
0.30348  -0.112428  -0.0439843  -0.112428  0.2598  0.0734209  -0.0439843  0.0734209  0.159123
0.30348  -0.112428  -0.0439843  -0.112428  0.2598  0.0734209  -0.0439843  0.0734209  0.159123
0.303482  -0.112445  -0.0439795  -0.112445  0.25982  0.0734265  -0.0439795  0.0734265  0.159123
0.303482  -0.112445  -0.0439795  -0.112445  0.25982  0.0734265  -0.0439795  0.0734265  0.159123
0.303474  -0.112442  -0.0439786  -0.112442  0.259832  0.0734335  -0.0439786  0.0734335  0.159127
0.303474  -0.112442  -0.0439786  -0.112442  0.259832  0.0734335  -0.0439786  0.0734335  0.159127
0.303474  -0.112442  -0.0439786  -0.112442  0.259832  0.0734335  -0.0439786  0.0734335  0.159127
0.303466  -0.112439  -0.0439777  -0.112439  0.259844  0.0734405  -0.0439777  0.0734405  0.159132
0.303466  -0.112439  -0.0439777  -0.112439  0.259844  0.0734405  -0.0439777  0.0734405  0.159132
0.303458  -0.112436  -0.0439768  -0.112436  0.259856  0.0734475  -0.0439768  0.0734475  0.159136
0.303458  -0.112436  -0.0439768  -0.112436  0.259856  0.0734475  -0.0439768  0.0734475  0.159136
0.303453  -0.112439  -0.0439911  -0.112439  0.259876  0.0734649  -0.0439911  0.0734649  0.159143
0.303453  -0.112439  -0.0439911  -0.112439  0.259876  0.0734649  -0.0439911  0.0734649  0.159143
0.303445  -0.112436  -0.0439902  -0.112436  0.259888  0.0734719  -0.0439902  0.0734719  0.159147
0.303445  -0.112436  -0.0439902  -0.112436  0.259888  0.0734719  -0.0439902  0.0734719  0.159147
0.303445  -0.112436  -0.0439902  -0.112436  0.259888  0.0734719  -0.0439902  0.0734719  0.159147
0.30344  -0.112438  -0.0440044  -0.112438  0.259908  0.0734892  -0.0440044  0.0734892  0.159154
0.30344  -0.112438  -0.0440044  -0.112438  0.259908  0.0734892  -0.0440044  0.0734892  0.159154
0.30344  -0.112438  -0.0440044  -0.112438  0.259908  0.0734892  -0.0440044  0.0734892  0.159154
0.30344  -0.112438  -0.0440044  -0.112438  0.259908  0.0734892  -0.0440044  0.0734892  0.159154
0.30344  -0.112438  -0.0440044  -0.112438  0.259908  0.0734892  -0.0440044  0.0734892  0.159154
0.303437  -0.112421  -0.0440092  -0.112421  0.259889  0.0734837  -0.0440092  0.0734837  0.159155
0.303437  -0.112421  -0.0440092  -0.112421  0.259889  0.0734837  -0.0440092  0.0734837  0.159155
0.303432  -0.112423  -0.0440234  -0.112423  0.259909  0.0735011  -0.0440234  0.0735011  0.159162
0.303432  -0.112423  -0.0440234  -0.112423  0.259909  0.0735011  -0.0440234  0.0735011  0.159162
0.30344  -0.112426  -0.0440243  -0.112426  0.259897  0.0734941  -0.0440243  0.0734941  0.159158
0.30344  -0.112426  -0.0440243  -0.112426  0.259897  0.0734941  -0.0440243  0.0734941  0.159158
0.30344  -0.112426  -0.0440243  -0.112426  0.259897  0.0734941  -0.0440243  0.0734941  0.159158
0.303443  -0.112443  -0.0440195  -0.112443  0.259917  0.0734996  -0.0440195  0.0734996  0.159157
0.303443  -0.112443  -0.0440195  -0.112443  0.259917  0.0734996  -0.0440195  0.0734996  0.159157
0.303443  -0.112443  -0.0440195  -0.112443  0.259917  0.0734996  -0.0440195  0.0734996  0.159157
0.303443  -0.112443  -0.0440195  -0.112443  0.259917  0.0734996  -0.0440195  0.0734996  0.159157
0.303443  -0.112443  -0.0440195  -0.112443  0.259917  0.0734996  -0.0440195  0.0734996  0.159157
0.303446  -0.112461  -0.0440148  -0.112461  0.259936  0.0735052  -0.0440148  0.0735052  0.159156
0.303443  -0.112456  -0.0439996  -0.112456  0.259928  0.0734948  -0.0439996  0.0734948  0.159154
0.303445  -0.112473  -0.0439949  -0.112473  0.259948  0.0735004  -0.0439949  0.0735004  0.159153
0.303445  -0.112473  -0.0439949  -0.112473  0.259948  0.0735004  -0.0439949  0.0735004  0.159153
0.303448  -0.112491  -0.0439901  -0.112491  0.259968  0.0735059  -0.0439901  0.0735059  0.159152
0.303451  -0.112508  -0.0439853  -0.112508  0.259987  0.0735115  -0.0439853  0.0735115  0.159151
0.303451  -0.112508  -0.0439853  -0.112508  0.259987  0.0735115  -0.0439853  0.0735115  0.159151
0.303453  -0.112526  -0.0439806  -0.112526  0.260007  0.073517  -0.0439806  0.073517  0.159151
0.303453  -0.112526  -0.0439806  -0.112526  0.260007  0.073517  -0.0439806  0.073517  0.159151
0.303456  -0.112555  -0.0439559  -0.112555  0.260039  0.0735177  -0.0439559  0.0735177  0.159147
0.303459  -0.112573  -0.0439511  -0.112573  0.260058  0.0735233  -0.0439511  0.0735233  0.159146
0.303459  -0.112573  -0.0439511  -0.112573  0.260058  0.0735233  -0.0439511  0.0735233  0.159146
0.303458  -0.112585  -0.0439312  -0.112585  0.26007  0.0735185  -0.0439312  0.0735185  0.159143
0.303458  -0.112585  -0.0439312  -0.112585  0.26007  0.0735185  -0.0439312  0.0735185  0.159143
0.303461  -0.112615  -0.0439065  -0.112615  0.260102  0.0735192  -0.0439065  0.0735192  0.159139
0.303464  -0.112632  -0.0439017  -0.112632  0.260122  0.0735247  -0.0439017  0.0735247  0.159138
0.303461  -0.112627  -0.0438866  -0.112627  0.260113  0.0735144  -0.0438866  0.0735144  0.159135
0.303461  -0.112639  -0.0438667  -0.112639  0.260125  0.0735095  -0.0438667  0.0735095  0.159132
0.30346  -0.112664  -0.0438269  -0.112664  0.260149  0.0734999  -0.0438269  0.0734999  0.159126
0.30346  -0.112664  -0.0438269  -0.112664  0.260149  0.0734999  -0.0438269  0.0734999  0.159126
0.303457  -0.112671  -0.0437919  -0.112671  0.260152  0.0734847  -0.0437919  0.0734847  0.15912
0.303446  -0.112662  -0.0437759  -0.112662  0.260156  0.0734813  -0.0437759  0.0734813  0.159122
0.303441  -0.112664  -0.0437257  -0.112664  0.260152  0.0734558  -0.0437257  0.0734558  0.159114
0.303441  -0.112664  -0.0437257  -0.112664  0.260152  0.0734558  -0.0437257  0.0734558  0.159114
0.303429  -0.112643  -0.0436653  -0.112643  0.26012  0.0734143  -0.0436653  0.0734143  0.159104
0.303415  -0.112641  -0.0436143  -0.112641  0.260127  0.0733958  -0.0436143  0.0733958  0.1591
0.303415  -0.112641  -0.0436143  -0.112641  0.260127  0.0733958  -0.0436143  0.0733958  0.1591
0.303401  -0.112615  -0.0435389  -0.112615  0.260087  0.0733441  -0.0435389  0.0733441  0.159088
0.303401  -0.112615  -0.0435389  -0.112615  0.260087  0.0733441  -0.0435389  0.0733441  0.159088
0.303387  -0.112589  -0.0434635  -0.112589  0.260047  0.0732924  -0.0434635  0.0732924  0.159076
0.303371  -0.11257  -0.0434174  -0.11257  0.260035  0.0732684  -0.0434174  0.0732684  0.159073
0.303368  -0.112565  -0.0434023  -0.112565  0.260027  0.0732581  -0.0434023  0.0732581  0.159071
0.303354  -0.112538  -0.043327  -0.112538  0.259986  0.0732065  -0.043327  0.0732065  0.159059
0.303354  -0.112538  -0.043327  -0.112538  0.259986  0.0732065  -0.043327  0.0732065  0.159059
0.303329  -0.112504  -0.0432359  -0.112504  0.25995  0.0731517  -0.0432359  0.0731517  0.159049
0.303316  -0.112465  -0.0431805  -0.112465  0.259899  0.073105  -0.0431805  0.073105  0.15904
0.303316  -0.112465  -0.0431805  -0.112465  0.259899  0.073105  -0.0431805  0.073105  0.15904
0.303299  -0.112433  -0.0430904  -0.112433  0.25985  0.0730433  -0.0430904  0.0730433  0.159026
0.303296  -0.112428  -0.0430753  -0.112428  0.259842  0.0730331  -0.0430753  0.0730331  0.159024
0.30328  -0.112397  -0.0429853  -0.112397  0.259794  0.0729714  -0.0429853  0.0729714  0.15901
0.303266  -0.112358  -0.0429301  -0.112358  0.259743  0.0729249  -0.0429301  0.0729249  0.159001
0.303263  -0.112353  -0.0429151  -0.112353  0.259735  0.0729147  -0.0429151  0.0729147  0.158999
0.303247  -0.112322  -0.0428251  -0.112322  0.259687  0.0728532  -0.0428251  0.0728532  0.158985
0.303247  -0.112322  -0.0428251  -0.112322  0.259687  0.0728532  -0.0428251  0.0728532  0.158985
0.303235  -0.112276  -0.0427409  -0.112276  0.259607  0.0727793  -0.0427409  0.0727793  0.158968
0.303224  -0.112255  -0.042681  -0.112255  0.259575  0.0727384  -0.042681  0.0727384  0.158959
0.303222  -0.112249  -0.042666  -0.112249  0.259567  0.0727282  -0.042666  0.0727282  0.158957
0.303216  -0.112226  -0.042592  -0.112226  0.259515  0.0726702  -0.042592  0.0726702  0.158941
0.303213  -0.112221  -0.0425771  -0.112221  0.259507  0.07266  -0.0425771  0.07266  0.158939
0.303202  -0.112175  -0.042493  -0.112175  0.259428  0.0725863  -0.042493  0.0725863  0.158922
0.303196  -0.11214  -0.0424389  -0.11214  0.259364  0.0725331  -0.0424389  0.0725331  0.15891
0.303193  -0.112134  -0.0424239  -0.112134  0.259356  0.072523  -0.0424239  0.072523  0.158907
0.303185  -0.112106  -0.0423352  -0.112106  0.259296  0.0724549  -0.0423352  0.0724549  0.15889
0.30319  -0.112091  -0.0423408  -0.112091  0.259265  0.0724425  -0.0423408  0.0724425  0.158886
0.303182  -0.112063  -0.0422521  -0.112063  0.259205  0.0723745  -0.0422521  0.0723745  0.158869
0.303173  -0.112022  -0.0421832  -0.112022  0.259134  0.0723113  -0.0421832  0.0723113  0.158854
0.303173  -0.112022  -0.0421832  -0.112022  0.259134  0.0723113  -0.0421832  0.0723113  0.158854
0.303162  -0.111977  -0.0420994  -0.111977  0.259054  0.0722381  -0.0420994  0.0722381  0.158838
0.303165  -0.111957  -0.0420901  -0.111957  0.259015  0.0722156  -0.0420901  0.0722156  0.158832
0.303151  -0.111906  -0.0419916  -0.111906  0.258928  0.0721324  -0.0419916  0.0721324  0.158813
0.303155  -0.111891  -0.0419336  -0.111891  0.258872  0.0720779  -0.0419336  0.0720779  0.158796
0.303153  -0.111886  -0.0419187  -0.111886  0.258864  0.0720678  -0.0419187  0.0720678  0.158794
0.303147  -0.111825  -0.0418408  -0.111825  0.258753  0.0719825  -0.0418408  0.0719825  0.158774
0.303147  -0.111825  -0.0418408  -0.111825  0.258753  0.0719825  -0.0418408  0.0719825  0.158774
0.303133  -0.111775  -0.0417424  -0.111775  0.258667  0.0718996  -0.0417424  0.0718996  0.158756
0.303128  -0.111739  -0.0416887  -0.111739  0.258604  0.0718469  -0.0416887  0.0718469  0.158744
0.303128  -0.111739  -0.0416887  -0.111739  0.258604  0.0718469  -0.0416887  0.0718469  0.158744
0.303124  -0.111696  -0.041606  -0.111696  0.258513  0.0717672  -0.041606  0.0717672  0.158724
0.303122  -0.111691  -0.0415912  -0.111691  0.258505  0.0717572  -0.0415912  0.0717572  0.158722
0.303111  -0.111646  -0.0415079  -0.111646  0.258426  0.0716846  -0.0415079  0.0716846  0.158706
0.303103  -0.111593  -0.0414591  -0.111593  0.258344  0.0716268  -0.0414591  0.0716268  0.158695
0.3031  -0.111588  -0.0414443  -0.111588  0.258336  0.0716168  -0.0414443  0.0716168  0.158693
0.303089  -0.111542  -0.0413611  -0.111542  0.258258  0.0715443  -0.0413611  0.0715443  0.158678
0.303086  -0.111537  -0.0413463  -0.111537  0.25825  0.0715343  -0.0413463  0.0715343  0.158676
0.303076  -0.11148  -0.0412828  -0.11148  0.25816  0.0714667  -0.0412828  0.0714667  0.158663
0.303073  -0.111474  -0.041268  -0.111474  0.258152  0.0714567  -0.041268  0.0714567  0.158661
0.30306  -0.111412  -0.0411898  -0.111412  0.258054  0.0713791  -0.0411898  0.0713791  0.158647
0.303044  -0.111368  -0.0411209  -0.111368  0.257996  0.071324  -0.0411209  0.071324  0.158638
0.303044  -0.111368  -0.0411209  -0.111368  0.257996  0.071324  -0.0411209  0.071324  0.158638
0.303031  -0.111306  -0.0410428  -0.111306  0.257898  0.0712466  -0.0410428  0.0712466  0.158624
0.303028  -0.111301  -0.041028  -0.111301  0.25789  0.0712366  -0.041028  0.0712366  0.158622
0.303007  -0.111235  -0.0409494  -0.111235  0.257805  0.0711664  -0.0409494  0.0711664  0.158612
0.303007  -0.111235  -0.0409494  -0.111235  0.257805  0.0711664  -0.0409494  0.0711664  0.158612
0.302997  -0.111178  -0.0408861  -0.111178  0.257715  0.0710992  -0.0408861  0.0710992  0.1586
0.302987  -0.111145  -0.0408469  -0.111145  0.257673  0.0710641  -0.0408469  0.0710641  0.158595
0.302984  -0.11114  -0.0408322  -0.11114  0.257665  0.0710542  -0.0408322  0.0710542  0.158593
0.302966  -0.11108  -0.0407684  -0.11108  0.257588  0.0709941  -0.0407684  0.0709941  0.158585
0.302966  -0.11108  -0.0407684  -0.11108  0.257588  0.0709941  -0.0407684  0.0709941  0.158585
0.302951  -0.111025  -0.0407193  -0.111025  0.257518  0.0709439  -0.0407193  0.0709439  0.158579
0.302933  -0.110989  -0.0406794  -0.110989  0.257488  0.070916  -0.0406794  0.070916  0.158579
0.30293  -0.110984  -0.0406648  -0.110984  0.25748  0.0709061  -0.0406648  0.0709061  0.158577
0.30292  -0.110952  -0.0406256  -0.110952  0.257438  0.0708712  -0.0406256  0.0708712  0.158573
0.30292  -0.110952  -0.0406256  -0.110952  0.257438  0.0708712  -0.0406256  0.0708712  0.158573
0.302907  -0.110914  -0.0405718  -0.110914  0.257387  0.0708264  -0.0405718  0.0708264  0.158566
0.302905  -0.110897  -0.0405766  -0.110897  0.257368  0.0708211  -0.0405766  0.0708211  0.158567
0.302885  -0.110856  -0.0405222  -0.110856  0.25733  0.0707834  -0.0405222  0.0707834  0.158565
0.302885  -0.110856  -0.0405222  -0.110856  0.25733  0.0707834  -0.0405222  0.0707834  0.158565
0.302875  -0.110824  -0.0404831  -0.110824  0.257288  0.0707486  -0.0404831  0.0707486  0.158561
0.302875  -0.110824  -0.0404831  -0.110824  0.257288  0.0707486  -0.0404831  0.0707486  0.158561
0.302864  -0.110791  -0.040444  -0.110791  0.257246  0.0707138  -0.040444  0.0707138  0.158556
0.302859  -0.110781  -0.0404147  -0.110781  0.25723  0.0706941  -0.0404147  0.0706941  0.158553
0.302859  -0.110781  -0.0404147  -0.110781  0.25723  0.0706941  -0.0404147  0.0706941  0.158553
0.302842  -0.110746  -0.040375  -0.110746  0.2572  0.0706663  -0.040375  0.0706663  0.158553
0.302842  -0.110746  -0.040375  -0.110746  0.2572  0.0706663  -0.040375  0.0706663  0.158553
0.302832  -0.110713  -0.040336  -0.110713  0.257158  0.0706316  -0.040336  0.0706316  0.158548
0.302829  -0.110708  -0.0403214  -0.110708  0.25715  0.0706217  -0.0403214  0.0706217  0.158547
0.302827  -0.110703  -0.0403068  -0.110703  0.257142  0.0706119  -0.0403068  0.0706119  0.158545
0.302819  -0.110676  -0.0402824  -0.110676  0.257108  0.070587  -0.0402824  0.070587  0.158542
0.302819  -0.110676  -0.0402824  -0.110676  0.257108  0.070587  -0.0402824  0.070587  0.158542
0.302814  -0.110666  -0.0402532  -0.110666  0.257093  0.0705674  -0.0402532  0.0705674  0.158539
0.302809  -0.110656  -0.0402239  -0.110656  0.257077  0.0705478  -0.0402239  0.0705478  0.158536
0.302809  -0.110656  -0.0402239  -0.110656  0.257077  0.0705478  -0.0402239  0.0705478  0.158536
0.302806  -0.11065  -0.0402093  -0.11065  0.25707  0.070538  -0.0402093  0.070538  0.158534
0.302806  -0.11065  -0.0402093  -0.11065  0.25707  0.070538  -0.0402093  0.070538  0.158534
0.302809  -0.110643  -0.0401807  -0.110643  0.257042  0.0705114  -0.0401807  0.0705114  0.158526
0.302809  -0.110643  -0.0401807  -0.110643  0.257042  0.0705114  -0.0401807  0.0705114  0.158526
0.302806  -0.110638  -0.0401661  -0.110638  0.257035  0.0705016  -0.0401661  0.0705016  0.158524
0.302811  -0.110635  -0.0401522  -0.110635  0.257015  0.0704848  -0.0401522  0.0704848  0.158518
0.302811  -0.110635  -0.0401522  -0.110635  0.257015  0.0704848  -0.0401522  0.0704848  0.158518
0.302811  -0.110611  -0.0401285  -0.110611  0.256968  0.070453  -0.0401285  0.070453  0.158511
0.302811  -0.110611  -0.0401285  -0.110611  0.256968  0.070453  -0.0401285  0.070453  0.158511
0.302816  -0.110608  -0.0401145  -0.110608  0.256949  0.0704362  -0.0401145  0.0704362  0.158505
0.302821  -0.110606  -0.0401005  -0.110606  0.256929  0.0704194  -0.0401005  0.0704194  0.158499
0.302821  -0.110606  -0.0401005  -0.110606  0.256929  0.0704194  -0.0401005  0.0704194  0.158499
0.302823  -0.110586  -0.0400914  -0.110586  0.25689  0.0703975  -0.0400914  0.0703975  0.158493
0.302821  -0.110581  -0.0400769  -0.110581  0.256882  0.0703877  -0.0400769  0.0703877  0.158492
0.302825  -0.110579  -0.0400629  -0.110579  0.256863  0.0703709  -0.0400629  0.0703709  0.158486
0.302828  -0.110559  -0.0400538  -0.110559  0.256824  0.0703489  -0.0400538  0.0703489  0.15848
0.302828  -0.110559  -0.0400538  -0.110559  0.256824  0.0703489  -0.0400538  0.0703489  0.15848
0.302838  -0.110543  -0.0400453  -0.110543  0.256773  0.07032  -0.0400453  0.07032  0.15847
0.302838  -0.110543  -0.0400453  -0.110543  0.256773  0.07032  -0.0400453  0.07032  0.15847
0.30284  -0.110535  -0.0400168  -0.110535  0.256745  0.0702935  -0.0400168  0.0702935  0.158462
0.302842  -0.110515  -0.0400077  -0.110515  0.256706  0.0702715  -0.0400077  0.0702715  0.158457
0.302842  -0.110515  -0.0400077  -0.110515  0.256706  0.0702715  -0.0400077  0.0702715  0.158457
0.302845  -0.110496  -0.0399986  -0.110496  0.256667  0.0702496  -0.0399986  0.0702496  0.158451
0.302845  -0.110496  -0.0399986  -0.110496  0.256667  0.0702496  -0.0399986  0.0702496  0.158451
0.302852  -0.110474  -0.0399756  -0.110474  0.256609  0.0702109  -0.0399756  0.0702109  0.158439
0.302847  -0.110452  -0.0399659  -0.110452  0.256582  0.0701959  -0.0399659  0.0701959  0.158438
0.302855  -0.110454  -0.0399665  -0.110454  0.25657  0.0701889  -0.0399665  0.0701889  0.158434
0.302857  -0.110447  -0.0399379  -0.110447  0.256543  0.0701624  -0.0399379  0.0701624  0.158426
0.302859  -0.110427  -0.0399289  -0.110427  0.256504  0.0701405  -0.0399289  0.0701405  0.158421
0.302859  -0.110427  -0.0399289  -0.110427  0.256504  0.0701405  -0.0399289  0.0701405  0.158421
0.302859  -0.110403  -0.0399052  -0.110403  0.256457  0.0701089  -0.0399052  0.0701089  0.158414
0.302867  -0.110405  -0.0399058  -0.110405  0.256445  0.0701019  -0.0399058  0.0701019  0.158409
0.302869  -0.110398  -0.0398773  -0.110398  0.256418  0.0700754  -0.0398773  0.0700754  0.158402
0.302869  -0.110398  -0.0398773  -0.110398  0.256418  0.0700754  -0.0398773  0.0700754  0.158402
0.302876  -0.110376  -0.0398542  -0.110376  0.256359  0.0700368  -0.0398542  0.0700368  0.15839
0.302878  -0.110368  -0.0398257  -0.110368  0.256332  0.0700104  -0.0398257  0.0700104  0.158382
0.302878  -0.110368  -0.0398257  -0.110368  0.256332  0.0700104  -0.0398257  0.0700104  0.158382
0.302893  -0.110349  -0.0398032  -0.110349  0.256262  0.0699648  -0.0398032  0.0699648  0.158366
0.302893  -0.110349  -0.0398032  -0.110349  0.256262  0.0699648  -0.0398032  0.0699648  0.158366
0.302903  -0.110344  -0.0397753  -0.110344  0.256222  0.0699314  -0.0397753  0.0699314  0.158354
0.302915  -0.110344  -0.0397619  -0.110344  0.25619  0.0699077  -0.0397619  0.0699077  0.158344
0.302922  -0.110347  -0.0397625  -0.110347  0.256178  0.0699008  -0.0397625  0.0699008  0.158339
0.302942  -0.11035  -0.0397497  -0.11035  0.256135  0.0698701  -0.0397497  0.0698701  0.158324
0.302944  -0.110367  -0.0397448  -0.110367  0.256154  0.0698753  -0.0397448  0.0698753  0.158323
0.302961  -0.110365  -0.0397175  -0.110365  0.256102  0.0698349  -0.0397175  0.0698349  0.158307
0.302983  -0.110385  -0.0396998  -0.110385  0.256078  0.0698095  -0.0396998  0.0698095  0.158291
0.302983  -0.110385  -0.0396998  -0.110385  0.256078  0.0698095  -0.0396998  0.0698095  0.158291
0.303008  -0.110385  -0.039673  -0.110385  0.256014  0.0697621  -0.039673  0.0697621  0.15827
0.303015  -0.110388  -0.0396736  -0.110388  0.256002  0.0697552  -0.0396736  0.0697552  0.158266
0.303042  -0.110405  -0.0396419  -0.110405  0.255958  0.069713  -0.0396419  0.069713  0.158244
0.303042  -0.110405  -0.0396419  -0.110405  0.255958  0.069713  -0.0396419  0.069713  0.158244
0.303079  -0.11043  -0.0396253  -0.11043  0.255909  0.0696736  -0.0396253  0.0696736  0.158219
0.303099  -0.110445  -0.0395929  -0.110445  0.255877  0.0696384  -0.0395929  0.0696384  0.158202
0.303106  -0.110448  -0.0395935  -0.110448  0.255864  0.0696314  -0.0395935  0.0696314  0.158198
0.303143  -0.110473  -0.0395769  -0.110473  0.255816  0.069592  -0.0395769  0.069592  0.158173
0.303143  -0.110473  -0.0395769  -0.110473  0.255816  0.069592  -0.0395769  0.069592  0.158173
0.30318  -0.11051  -0.0395408  -0.11051  0.255778  0.069548  -0.0395408  0.069548  0.158147
0.303205  -0.11051  -0.0395138  -0.11051  0.255715  0.0695006  -0.0395138  0.0695006  0.158126
0.303212  -0.110513  -0.0395144  -0.110513  0.255703  0.0694937  -0.0395144  0.0694937  0.158121
0.303247  -0.110533  -0.0394831  -0.110533  0.255646  0.0694445  -0.0394831  0.0694445  0.158095
0.303255  -0.110536  -0.0394837  -0.110536  0.255634  0.0694375  -0.0394837  0.0694375  0.158091
0.303297  -0.110558  -0.0394529  -0.110558  0.255566  0.0693814  -0.0394529  0.0693814  0.15806
0.303324  -0.110576  -0.039421  -0.110576  0.255521  0.0693392  -0.039421  0.0693392  0.158039
0.303324  -0.110576  -0.039421  -0.110576  0.255521  0.0693392  -0.039421  0.0693392  0.158039
0.303361  -0.110576  -0.0393805  -0.110576  0.255426  0.0692683  -0.0393805  0.0692683  0.158007
0.303369  -0.110578  -0.039381  -0.110578  0.255414  0.0692613  -0.039381  0.0692613  0.158003
0.303406  -0.110591  -0.039321  -0.110591  0.255331  0.0691858  -0.039321  0.0691858  0.157969
0.303446  -0.110596  -0.039295  -0.110596  0.255243  0.0691246  -0.039295  0.0691246  0.157939
0.303446  -0.110596  -0.039295  -0.110596  0.255243  0.0691246  -0.039295  0.0691246  0.157939
0.303488  -0.110593  -0.0392403  -0.110593  0.255128  0.069037  -0.0392403  0.069037  0.157902
0.303488  -0.110593  -0.0392403  -0.110593  0.255128  0.069037  -0.0392403  0.069037  0.157902
0.30353  -0.110591  -0.0391856  -0.110591  0.255013  0.0689495  -0.0391856  0.0689495  0.157865
0.30353  -0.110591  -0.0391856  -0.110591  0.255013  0.0689495  -0.0391856  0.0689495  0.157865
0.303565  -0.110586  -0.0391304  -0.110586  0.254911  0.068869  -0.0391304  0.068869  0.157832
0.303594  -0.110583  -0.0390891  -0.110583  0.254828  0.0688052  -0.0390891  0.0688052  0.157806
0.303594  -0.110583  -0.0390891  -0.110583  0.254828  0.0688052  -0.0390891  0.0688052  0.157806
0.303639  -0.11056  -0.0390251  -0.11056  0.254674  0.0686961  -0.0390251  0.0686961  0.157763
0.303639  -0.11056  -0.0390251  -0.11056  0.254674  0.0686961  -0.0390251  0.0686961  0.157763
0.303678  -0.110553  -0.0389557  -0.110553  0.254552  0.0685991  -0.0389557  0.0685991  0.157725
0.303686  -0.110555  -0.0389562  -0.110555  0.25454  0.0685921  -0.0389562  0.0685921  0.157721
0.303725  -0.110547  -0.0388867  -0.110547  0.254418  0.0684951  -0.0388867  0.0684951  0.157682
0.303725  -0.110547  -0.0388867  -0.110547  0.254418  0.0684951  -0.0388867  0.0684951  0.157682
0.30376  -0.110542  -0.0388312  -0.110542  0.254316  0.0684148  -0.0388312  0.0684148  0.15765
0.303793  -0.110556  -0.0387849  -0.110556  0.254252  0.0683561  -0.0387849  0.0683561  0.157623
0.303797  -0.110553  -0.0387708  -0.110553  0.254232  0.0683395  -0.0387708  0.0683395  0.157617
0.303837  -0.110533  -0.0387207  -0.110533  0.254099  0.0682473  -0.0387207  0.0682473  0.157581
0.303837  -0.110533  -0.0387207  -0.110533  0.254099  0.0682473  -0.0387207  0.0682473  0.157581
0.303882  -0.110522  -0.0386369  -0.110522  0.253957  0.0681339  -0.0386369  0.0681339  0.157537
0.303916  -0.110516  -0.0385813  -0.110516  0.253855  0.0680538  -0.0385813  0.0680538  0.157505
0.303916  -0.110516  -0.0385813  -0.110516  0.253855  0.0680538  -0.0385813  0.0680538  0.157505
0.303961  -0.110505  -0.0384975  -0.110505  0.253713  0.0679405  -0.0384975  0.0679405  0.157462
0.303969  -0.110508  -0.0384979  -0.110508  0.253701  0.0679335  -0.0384979  0.0679335  0.157457
0.304016  -0.110514  -0.038409  -0.110514  0.253579  0.0678254  -0.038409  0.0678254  0.157413
0.304023  -0.110516  -0.0384094  -0.110516  0.253567  0.0678184  -0.0384094  0.0678184  0.157409
0.304076  -0.110507  -0.0383258  -0.110507  0.253414  0.0676983  -0.0383258  0.0676983  0.157361
0.304113  -0.110506  -0.0382846  -0.110506  0.253319  0.0676278  -0.0382846  0.0676278  0.15733
0.30411  -0.110501  -0.0382701  -0.110501  0.253311  0.0676183  -0.0382701  0.0676183  0.157329
0.304176  -0.110517  -0.0381963  -0.110517  0.253172  0.0675058  -0.0381963  0.0675058  0.157278
0.304176  -0.110517  -0.0381963  -0.110517  0.253172  0.0675058  -0.0381963  0.0675058  0.157278
0.304231  -0.110513  -0.0381271  -0.110513  0.253027  0.0673954  -0.0381271  0.0673954  0.157232
0.304239  -0.110516  -0.0381274  -0.110516  0.253014  0.0673884  -0.0381274  0.0673884  0.157227
0.304297  -0.110529  -0.0380531  -0.110529  0.252888  0.067283  -0.0380531  0.067283  0.15718
0.304335  -0.11054  -0.0379922  -0.11054  0.252805  0.067208  -0.0379922  0.067208  0.157148
0.304343  -0.110542  -0.0379926  -0.110542  0.252793  0.067201  -0.0379926  0.067201  0.157144
0.304409  -0.110558  -0.0379184  -0.110558  0.252654  0.0670886  -0.0379184  0.0670886  0.157093
0.304409  -0.110558  -0.0379184  -0.110558  0.252654  0.0670886  -0.0379184  0.0670886  0.157093
0.304467  -0.110571  -0.0378439  -0.110571  0.252527  0.0669833  -0.0378439  0.0669833  0.157047
0.304472  -0.110568  -0.0378297  -0.110568  0.252508  0.0669668  -0.0378297  0.0669668  0.157041
0.30453  -0.110581  -0.037755  -0.110581  0.252381  0.0668615  -0.037755  0.0668615  0.156995
0.304565  -0.110574  -0.0376989  -0.110574  0.252279  0.0667817  -0.0376989  0.0667817  0.156963
0.304565  -0.110574  -0.0376989  -0.110574  0.252279  0.0667817  -0.0376989  0.0667817  0.156963
0.304615  -0.110559  -0.0376  -0.110559  0.252119  0.0666527  -0.0376  0.0666527  0.156916
0.304615  -0.110559  -0.0376  -0.110559  0.252119  0.0666527  -0.0376  0.0666527  0.156916
0.304662  -0.110539  -0.0374866  -0.110539  0.251951  0.0665144  -0.0374866  0.0665144  0.156867
0.304694  -0.110527  -0.0374158  -0.110527  0.251842  0.0664254  -0.0374158  0.0664254  0.156835
0.304694  -0.110527  -0.0374158  -0.110527  0.251842  0.0664254  -0.0374158  0.0664254  0.156835
0.304736  -0.110497  -0.037336  -0.110497  0.251682  0.0663082  -0.037336  0.0663082  0.156793
0.304741  -0.110494  -0.0373218  -0.110494  0.251663  0.0662918  -0.0373218  0.0662918  0.156788
0.304782  -0.110476  -0.0372225  -0.110476  0.251515  0.0661702  -0.0372225  0.0661702  0.156745
0.304809  -0.110441  -0.0371421  -0.110441  0.25138  0.0660672  -0.0371421  0.0660672  0.156713
0.304816  -0.110443  -0.0371423  -0.110443  0.251368  0.0660602  -0.0371423  0.0660602  0.156708
0.304855  -0.11042  -0.0370285  -0.11042  0.251213  0.0659294  -0.0370285  0.0659294  0.156665
0.30486  -0.110417  -0.0370142  -0.110417  0.251193  0.065913  -0.0370142  0.065913  0.15666
0.304904  -0.110379  -0.0369056  -0.110379  0.251007  0.0657706  -0.0369056  0.0657706  0.156612
0.304901  -0.110373  -0.0368911  -0.110373  0.251  0.0657613  -0.0368911  0.0657613  0.156611
0.304947  -0.110352  -0.0367774  -0.110352  0.250833  0.0656238  -0.0367774  0.0656238  0.156564
0.304955  -0.110354  -0.0367776  -0.110354  0.250821  0.0656168  -0.0367776  0.0656168  0.156559
0.304988  -0.110308  -0.0366542  -0.110308  0.25064  0.0654724  -0.0366542  0.0654724  0.156516
0.305014  -0.110273  -0.0365737  -0.110273  0.250506  0.0653699  -0.0365737  0.0653699  0.156485
0.305022  -0.110275  -0.0365739  -0.110275  0.250494  0.065363  -0.0365739  0.065363  0.15648
0.305051  -0.110223  -0.0364361  -0.110223  0.250306  0.0652096  -0.0364361  0.0652096  0.156436
0.305059  -0.110226  -0.0364362  -0.110226  0.250294  0.0652026  -0.0364362  0.0652026  0.156432
0.305099  -0.110181  -0.036313  -0.110181  0.250102  0.0650517  -0.036313  0.0650517  0.156385
0.305122  -0.110141  -0.0362181  -0.110141  0.24996  0.0649404  -0.0362181  0.0649404  0.156353
0.30513  -0.110143  -0.0362182  -0.110143  0.249948  0.0649334  -0.0362182  0.0649334  0.156349
0.305165  -0.110113  -0.0360897  -0.110113  0.249787  0.0647945  -0.0360897  0.0647945  0.156306
0.30517  -0.11011  -0.0360755  -0.11011  0.249767  0.0647783  -0.0360755  0.0647783  0.156301
0.305211  -0.110054  -0.0359716  -0.110054  0.249564  0.0646325  -0.0359716  0.0646325  0.156256
0.305233  -0.110013  -0.0358767  -0.110013  0.249423  0.0645216  -0.0358767  0.0645216  0.156224
0.305241  -0.110015  -0.0358768  -0.110015  0.249411  0.0645146  -0.0358768  0.0645146  0.15622
0.305273  -0.109968  -0.0357533  -0.109968  0.249231  0.0643716  -0.0357533  0.0643716  0.156178
0.305302  -0.109937  -0.0356871  -0.109937  0.249104  0.0642793  -0.0356871  0.0642793  0.156149
0.30531  -0.109939  -0.0356872  -0.109939  0.249092  0.0642723  -0.0356872  0.0642723  0.156144
