0.313565  -0.14371  -0.0759746  -0.14371  0.308094  0.110236  -0.0759746  0.110236  0.172574
0.313565  -0.14371  -0.0759746  -0.14371  0.308094  0.110236  -0.0759746  0.110236  0.172574
0.313565  -0.14371  -0.0759746  -0.14371  0.308094  0.110236  -0.0759746  0.110236  0.172574
0.313558  -0.143716  -0.075929  -0.143716  0.308096  0.11021  -0.075929  0.11021  0.17255
0.313573  -0.143723  -0.0759329  -0.143723  0.308084  0.110203  -0.0759329  0.110203  0.172546
0.313573  -0.143738  -0.0759082  -0.143738  0.3081  0.110195  -0.0759082  0.110195  0.172533
0.313567  -0.143729  -0.0758874  -0.143729  0.308086  0.110177  -0.0758874  0.110177  0.172522
0.313567  -0.143729  -0.0758874  -0.143729  0.308086  0.110177  -0.0758874  0.110177  0.172522
0.313581  -0.143751  -0.0758666  -0.143751  0.30809  0.110161  -0.0758666  0.110161  0.172505
0.313575  -0.143743  -0.0758457  -0.143743  0.308077  0.110144  -0.0758457  0.110144  0.172494
0.313596  -0.143773  -0.0758458  -0.143773  0.308094  0.110145  -0.0758458  0.110145  0.172489
0.313596  -0.143773  -0.0758458  -0.143773  0.308094  0.110145  -0.0758458  0.110145  0.172489
0.313617  -0.143818  -0.0758211  -0.143818  0.308128  0.110139  -0.0758211  0.110139  0.17247
0.313617  -0.143818  -0.0758211  -0.143818  0.308128  0.110139  -0.0758211  0.110139  0.17247
0.313637  -0.143848  -0.0758212  -0.143848  0.308146  0.110141  -0.0758212  0.110141  0.172465
0.313665  -0.143872  -0.0758668  -0.143872  0.308162  0.110168  -0.0758668  0.110168  0.172483
0.313665  -0.143872  -0.0758668  -0.143872  0.308162  0.110168  -0.0758668  0.110168  0.172483
0.313713  -0.143942  -0.0758878  -0.143942  0.308212  0.11019  -0.0758878  0.11019  0.172483
0.313713  -0.143942  -0.0758878  -0.143942  0.308212  0.11019  -0.0758878  0.11019  0.172483
0.31374  -0.14398  -0.0759087  -0.14398  0.308243  0.110209  -0.0759087  0.110209  0.172489
0.31374  -0.14398  -0.0759087  -0.14398  0.308243  0.110209  -0.0759087  0.110209  0.172489
0.313758  -0.144035  -0.075922  -0.144035  0.308317  0.110245  -0.075922  0.110245  0.172497
0.313758  -0.144035  -0.075922  -0.144035  0.308317  0.110245  -0.075922  0.110245  0.172497
0.313764  -0.144058  -0.0759181  -0.144058  0.308348  0.110254  -0.0759181  0.110254  0.172496
0.313764  -0.144058  -0.0759181  -0.144058  0.308348  0.110254  -0.0759181  0.110254  0.172496
0.31377  -0.144081  -0.0759143  -0.144081  0.308378  0.110264  -0.0759143  0.110264  0.172494
0.31377  -0.144081  -0.0759143  -0.144081  0.308378  0.110264  -0.0759143  0.110264  0.172494
0.313761  -0.144111  -0.0758819  -0.144111  0.308436  0.110271  -0.0758819  0.110271  0.172483
0.313761  -0.144111  -0.0758819  -0.144111  0.308436  0.110271  -0.0758819  0.110271  0.172483
0.313752  -0.144127  -0.0758742  -0.144127  0.308478  0.110288  -0.0758742  0.110288  0.172485
0.313752  -0.144127  -0.0758742  -0.144127  0.308478  0.110288  -0.0758742  0.110288  0.172485
0.313752  -0.144127  -0.0758742  -0.144127  0.308478  0.110288  -0.0758742  0.110288  0.172485
0.31375  -0.144165  -0.0758626  -0.144165  0.308551  0.110314  -0.0758626  0.110314  0.172486
0.31375  -0.144165  -0.0758626  -0.144165  0.308551  0.110314  -0.0758626  0.110314  0.172486
0.313762  -0.144197  -0.0758797  -0.144197  0.308595  0.11034  -0.0758797  0.11034  0.172496
0.313762  -0.144197  -0.0758797  -0.144197  0.308595  0.11034  -0.0758797  0.11034  0.172496
0.313768  -0.14422  -0.0758758  -0.14422  0.308625  0.11035  -0.0758758  0.11035  0.172494
0.313768  -0.14422  -0.0758758  -0.14422  0.308625  0.11035  -0.0758758  0.11035  0.172494
0.313774  -0.144243  -0.075872  -0.144243  0.308655  0.110359  -0.075872  0.110359  0.172492
0.313774  -0.144243  -0.075872  -0.144243  0.308655  0.110359  -0.075872  0.110359  0.172492
0.31378  -0.144266  -0.0758682  -0.144266  0.308686  0.110368  -0.0758682  0.110368  0.172491
0.31378  -0.144266  -0.0758682  -0.144266  0.308686  0.110368  -0.0758682  0.110368  0.172491
0.313765  -0.144258  -0.0758643  -0.144258  0.308698  0.110375  -0.0758643  0.110375  0.172495
0.313765  -0.144258  -0.0758643  -0.144258  0.308698  0.110375  -0.0758643  0.110375  0.172495
0.313765  -0.144273  -0.0758395  -0.144273  0.308714  0.110367  -0.0758395  0.110367  0.172482
0.313765  -0.144273  -0.0758395  -0.144273  0.308714  0.110367  -0.0758395  0.110367  0.172482
0.313771  -0.144296  -0.0758357  -0.144296  0.308744  0.110376  -0.0758357  0.110376  0.17248
0.313777  -0.144319  -0.0758319  -0.144319  0.308774  0.110385  -0.0758319  0.110385  0.172479
0.31379  -0.14435  -0.0758489  -0.14435  0.308819  0.110412  -0.0758489  0.110412  0.172488
0.31379  -0.14435  -0.0758489  -0.14435  0.308819  0.110412  -0.0758489  0.110412  0.172488
0.313796  -0.144374  -0.0758451  -0.144374  0.308849  0.110421  -0.0758451  0.110421  0.172487
0.313802  -0.144397  -0.0758413  -0.144397  0.308879  0.11043  -0.0758413  0.11043  0.172485
0.313802  -0.144397  -0.0758413  -0.144397  0.308879  0.11043  -0.0758413  0.11043  0.172485
0.313799  -0.144421  -0.0758544  -0.144421  0.308935  0.110464  -0.0758544  0.110464  0.172498
0.313799  -0.144421  -0.0758544  -0.144421  0.308935  0.110464  -0.0758544  0.110464  0.172498
0.313799  -0.144421  -0.0758544  -0.144421  0.308935  0.110464  -0.0758544  0.110464  0.172498
0.313799  -0.144435  -0.0758297  -0.144435  0.308952  0.110456  -0.0758297  0.110456  0.172485
0.313799  -0.144435  -0.0758297  -0.144435  0.308952  0.110456  -0.0758297  0.110456  0.172485
0.313799  -0.144435  -0.0758297  -0.144435  0.308952  0.110456  -0.0758297  0.110456  0.172485
0.31382  -0.144466  -0.0758297  -0.144466  0.30897  0.110458  -0.0758297  0.110458  0.17248
0.31382  -0.144466  -0.0758297  -0.144466  0.30897  0.110458  -0.0758297  0.110458  0.17248
0.31382  -0.144466  -0.0758297  -0.144466  0.30897  0.110458  -0.0758297  0.110458  0.17248
0.313826  -0.144489  -0.0758259  -0.144489  0.309  0.110467  -0.0758259  0.110467  0.172478
0.313826  -0.144489  -0.0758259  -0.144489  0.309  0.110467  -0.0758259  0.110467  0.172478
0.313826  -0.144489  -0.0758259  -0.144489  0.309  0.110467  -0.0758259  0.110467  0.172478
0.313853  -0.144542  -0.0758221  -0.144542  0.309049  0.110478  -0.0758221  0.110478  0.172471
0.313853  -0.144542  -0.0758221  -0.144542  0.309049  0.110478  -0.0758221  0.110478  0.172471
0.313853  -0.144542  -0.0758221  -0.144542  0.309049  0.110478  -0.0758221  0.110478  0.172471
0.313865  -0.144574  -0.0758392  -0.144574  0.309093  0.110505  -0.0758392  0.110505  0.172481
0.313865  -0.144574  -0.0758392  -0.144574  0.309093  0.110505  -0.0758392  0.110505  0.172481
0.313865  -0.144574  -0.0758392  -0.144574  0.309093  0.110505  -0.0758392  0.110505  0.172481
0.313871  -0.144597  -0.0758353  -0.144597  0.309123  0.110514  -0.0758353  0.110514  0.172479
0.313871  -0.144597  -0.0758353  -0.144597  0.309123  0.110514  -0.0758353  0.110514  0.172479
0.313871  -0.144597  -0.0758353  -0.144597  0.309123  0.110514  -0.0758353  0.110514  0.172479
0.313877  -0.14462  -0.0758315  -0.14462  0.309153  0.110523  -0.0758315  0.110523  0.172478
0.313877  -0.14462  -0.0758315  -0.14462  0.309153  0.110523  -0.0758315  0.110523  0.172478
0.313877  -0.14462  -0.0758315  -0.14462  0.309153  0.110523  -0.0758315  0.110523  0.172478
0.313892  -0.144628  -0.0758354  -0.144628  0.309141  0.110516  -0.0758354  0.110516  0.172474
0.313892  -0.144628  -0.0758354  -0.144628  0.309141  0.110516  -0.0758354  0.110516  0.172474
0.313898  -0.144651  -0.0758316  -0.144651  0.309172  0.110525  -0.0758316  0.110525  0.172472
0.313898  -0.144651  -0.0758316  -0.144651  0.309172  0.110525  -0.0758316  0.110525  0.172472
0.313898  -0.144651  -0.0758316  -0.144651  0.309172  0.110525  -0.0758316  0.110525  0.172472
0.313898  -0.144651  -0.0758316  -0.144651  0.309172  0.110525  -0.0758316  0.110525  0.172472
0.313913  -0.144658  -0.0758355  -0.144658  0.30916  0.110517  -0.0758355  0.110517  0.172468
0.313913  -0.144658  -0.0758355  -0.144658  0.30916  0.110517  -0.0758355  0.110517  0.172468
0.313913  -0.144658  -0.0758355  -0.144658  0.30916  0.110517  -0.0758355  0.110517  0.172468
0.313913  -0.144658  -0.0758355  -0.144658  0.30916  0.110517  -0.0758355  0.110517  0.172468
0.313913  -0.144658  -0.0758355  -0.144658  0.30916  0.110517  -0.0758355  0.110517  0.172468
0.313913  -0.144658  -0.0758355  -0.144658  0.30916  0.110517  -0.0758355  0.110517  0.172468
0.313913  -0.144658  -0.0758355  -0.144658  0.30916  0.110517  -0.0758355  0.110517  0.172468
0.313898  -0.144651  -0.0758316  -0.144651  0.309172  0.110525  -0.0758316  0.110525  0.172472
0.313898  -0.144651  -0.0758316  -0.144651  0.309172  0.110525  -0.0758316  0.110525  0.172472
0.313898  -0.144651  -0.0758316  -0.144651  0.309172  0.110525  -0.0758316  0.110525  0.172472
0.313898  -0.144651  -0.0758316  -0.144651  0.309172  0.110525  -0.0758316  0.110525  0.172472
0.313898  -0.144651  -0.0758316  -0.144651  0.309172  0.110525  -0.0758316  0.110525  0.172472
0.313905  -0.144674  -0.0758277  -0.144674  0.309202  0.110534  -0.0758277  0.110534  0.17247
0.313905  -0.144674  -0.0758277  -0.144674  0.309202  0.110534  -0.0758277  0.110534  0.17247
0.313905  -0.144674  -0.0758277  -0.144674  0.309202  0.110534  -0.0758277  0.110534  0.17247
0.31389  -0.144666  -0.0758238  -0.144666  0.309214  0.110541  -0.0758238  0.110541  0.172474
0.313896  -0.144675  -0.0758447  -0.144675  0.309228  0.110559  -0.0758447  0.110559  0.172486
0.313896  -0.144675  -0.0758447  -0.144675  0.309228  0.110559  -0.0758447  0.110559  0.172486
0.313896  -0.144675  -0.0758447  -0.144675  0.309228  0.110559  -0.0758447  0.110559  0.172486
0.313896  -0.144675  -0.0758447  -0.144675  0.309228  0.110559  -0.0758447  0.110559  0.172486
0.313896  -0.144675  -0.0758447  -0.144675  0.309228  0.110559  -0.0758447  0.110559  0.172486
0.313896  -0.144675  -0.0758447  -0.144675  0.309228  0.110559  -0.0758447  0.110559  0.172486
0.313881  -0.144667  -0.0758408  -0.144667  0.30924  0.110566  -0.0758408  0.110566  0.172489
0.313881  -0.144667  -0.0758408  -0.144667  0.30924  0.110566  -0.0758408  0.110566  0.172489
0.313881  -0.144667  -0.0758408  -0.144667  0.30924  0.110566  -0.0758408  0.110566  0.172489
0.313887  -0.144691  -0.075837  -0.144691  0.309271  0.110575  -0.075837  0.110575  0.172488
0.313887  -0.144691  -0.075837  -0.144691  0.309271  0.110575  -0.075837  0.110575  0.172488
0.313887  -0.144691  -0.075837  -0.144691  0.309271  0.110575  -0.075837  0.110575  0.172488
0.313887  -0.144691  -0.075837  -0.144691  0.309271  0.110575  -0.075837  0.110575  0.172488
0.313893  -0.144714  -0.0758332  -0.144714  0.309301  0.110585  -0.0758332  0.110585  0.172486
0.313893  -0.144714  -0.0758332  -0.144714  0.309301  0.110585  -0.0758332  0.110585  0.172486
0.313893  -0.144714  -0.0758332  -0.144714  0.309301  0.110585  -0.0758332  0.110585  0.172486
0.313893  -0.144714  -0.0758332  -0.144714  0.309301  0.110585  -0.0758332  0.110585  0.172486
0.313906  -0.144745  -0.0758502  -0.144745  0.309345  0.110612  -0.0758502  0.110612  0.172496
0.313906  -0.144745  -0.0758502  -0.144745  0.309345  0.110612  -0.0758502  0.110612  0.172496
0.313912  -0.144768  -0.0758464  -0.144768  0.309376  0.110621  -0.0758464  0.110621  0.172494
0.313912  -0.144768  -0.0758464  -0.144768  0.309376  0.110621  -0.0758464  0.110621  0.172494
0.313912  -0.144768  -0.0758464  -0.144768  0.309376  0.110621  -0.0758464  0.110621  0.172494
0.313912  -0.144768  -0.0758464  -0.144768  0.309376  0.110621  -0.0758464  0.110621  0.172494
0.313918  -0.144792  -0.0758425  -0.144792  0.309406  0.11063  -0.0758425  0.11063  0.172493
0.313918  -0.144792  -0.0758425  -0.144792  0.309406  0.11063  -0.0758425  0.11063  0.172493
0.313918  -0.144792  -0.0758425  -0.144792  0.309406  0.11063  -0.0758425  0.11063  0.172493
0.313924  -0.144815  -0.0758387  -0.144815  0.309437  0.110639  -0.0758387  0.110639  0.172491
0.313924  -0.144815  -0.0758387  -0.144815  0.309437  0.110639  -0.0758387  0.110639  0.172491
0.313936  -0.144846  -0.0758558  -0.144846  0.309481  0.110666  -0.0758558  0.110666  0.172501
0.313936  -0.144846  -0.0758558  -0.144846  0.309481  0.110666  -0.0758558  0.110666  0.172501
0.313936  -0.144846  -0.0758558  -0.144846  0.309481  0.110666  -0.0758558  0.110666  0.172501
0.313936  -0.144846  -0.0758558  -0.144846  0.309481  0.110666  -0.0758558  0.110666  0.172501
0.313942  -0.14487  -0.0758519  -0.14487  0.309511  0.110675  -0.0758519  0.110675  0.172499
0.313957  -0.144877  -0.0758559  -0.144877  0.309499  0.110668  -0.0758559  0.110668  0.172495
0.313957  -0.144877  -0.0758559  -0.144877  0.309499  0.110668  -0.0758559  0.110668  0.172495
0.313957  -0.144892  -0.0758311  -0.144892  0.309516  0.110659  -0.0758311  0.110659  0.172482
0.313957  -0.144892  -0.0758311  -0.144892  0.309516  0.110659  -0.0758311  0.110659  0.172482
0.313957  -0.144892  -0.0758311  -0.144892  0.309516  0.110659  -0.0758311  0.110659  0.172482
0.313963  -0.144915  -0.0758272  -0.144915  0.309546  0.110668  -0.0758272  0.110668  0.172481
0.313963  -0.144915  -0.0758272  -0.144915  0.309546  0.110668  -0.0758272  0.110668  0.172481
0.313984  -0.144945  -0.0758273  -0.144945  0.309564  0.11067  -0.0758273  0.11067  0.172475
0.313984  -0.144945  -0.0758273  -0.144945  0.309564  0.11067  -0.0758273  0.11067  0.172475
0.313991  -0.144954  -0.0758482  -0.144954  0.309578  0.110688  -0.0758482  0.110688  0.172486
0.313997  -0.144977  -0.0758444  -0.144977  0.309609  0.110697  -0.0758444  0.110697  0.172485
0.314003  -0.145  -0.0758406  -0.145  0.309639  0.110706  -0.0758406  0.110706  0.172483
0.314003  -0.145  -0.0758406  -0.145  0.309639  0.110706  -0.0758406  0.110706  0.172483
0.314009  -0.145023  -0.0758367  -0.145023  0.30967  0.110716  -0.0758367  0.110716  0.172481
0.314009  -0.145023  -0.0758367  -0.145023  0.30967  0.110716  -0.0758367  0.110716  0.172481
0.314015  -0.145046  -0.0758329  -0.145046  0.3097  0.110725  -0.0758329  0.110725  0.17248
0.314015  -0.145046  -0.0758329  -0.145046  0.3097  0.110725  -0.0758329  0.110725  0.17248
0.314015  -0.145046  -0.0758329  -0.145046  0.3097  0.110725  -0.0758329  0.110725  0.17248
0.314021  -0.14507  -0.075829  -0.14507  0.309731  0.110734  -0.075829  0.110734  0.172478
0.314021  -0.14507  -0.075829  -0.14507  0.309731  0.110734  -0.075829  0.110734  0.172478
0.314027  -0.145093  -0.0758252  -0.145093  0.309761  0.110743  -0.0758252  0.110743  0.172477
0.314027  -0.145093  -0.0758252  -0.145093  0.309761  0.110743  -0.0758252  0.110743  0.172477
0.314033  -0.145116  -0.0758213  -0.145116  0.309792  0.110752  -0.0758213  0.110752  0.172475
0.314033  -0.145116  -0.0758213  -0.145116  0.309792  0.110752  -0.0758213  0.110752  0.172475
0.314039  -0.145139  -0.0758175  -0.145139  0.309822  0.110761  -0.0758175  0.110761  0.172473
0.314039  -0.145139  -0.0758175  -0.145139  0.309822  0.110761  -0.0758175  0.110761  0.172473
0.314046  -0.145162  -0.0758136  -0.145162  0.309853  0.110771  -0.0758136  0.110771  0.172472
0.314046  -0.145162  -0.0758136  -0.145162  0.309853  0.110771  -0.0758136  0.110771  0.172472
0.314046  -0.145162  -0.0758136  -0.145162  0.309853  0.110771  -0.0758136  0.110771  0.172472
0.314067  -0.145193  -0.0758137  -0.145193  0.309871  0.110772  -0.0758137  0.110772  0.172466
0.314067  -0.145193  -0.0758137  -0.145193  0.309871  0.110772  -0.0758137  0.110772  0.172466
0.314066  -0.145207  -0.0757889  -0.145207  0.309888  0.110764  -0.0757889  0.110764  0.172453
0.314066  -0.145207  -0.0757889  -0.145207  0.309888  0.110764  -0.0757889  0.110764  0.172453
0.314066  -0.145207  -0.0757889  -0.145207  0.309888  0.110764  -0.0757889  0.110764  0.172453
0.314088  -0.145238  -0.0757889  -0.145238  0.309906  0.110766  -0.0757889  0.110766  0.172448
0.314088  -0.145238  -0.0757889  -0.145238  0.309906  0.110766  -0.0757889  0.110766  0.172448
0.314094  -0.145261  -0.0757851  -0.145261  0.309937  0.110775  -0.0757851  0.110775  0.172446
0.314094  -0.145261  -0.0757851  -0.145261  0.309937  0.110775  -0.0757851  0.110775  0.172446
0.314094  -0.145261  -0.0757851  -0.145261  0.309937  0.110775  -0.0757851  0.110775  0.172446
0.314115  -0.145292  -0.0757851  -0.145292  0.309955  0.110777  -0.0757851  0.110777  0.172441
0.314115  -0.145292  -0.0757851  -0.145292  0.309955  0.110777  -0.0757851  0.110777  0.172441
0.314121  -0.145315  -0.0757813  -0.145315  0.309986  0.110786  -0.0757813  0.110786  0.172439
0.314121  -0.145315  -0.0757813  -0.145315  0.309986  0.110786  -0.0757813  0.110786  0.172439
0.314115  -0.145307  -0.0757603  -0.145307  0.309972  0.110768  -0.0757603  0.110768  0.172428
0.314121  -0.14533  -0.0757565  -0.14533  0.310003  0.110777  -0.0757565  0.110777  0.172426
0.314121  -0.14533  -0.0757565  -0.14533  0.310003  0.110777  -0.0757565  0.110777  0.172426
0.314127  -0.145353  -0.0757526  -0.145353  0.310033  0.110787  -0.0757526  0.110787  0.172425
0.314127  -0.145353  -0.0757526  -0.145353  0.310033  0.110787  -0.0757526  0.110787  0.172425
0.314127  -0.145353  -0.0757526  -0.145353  0.310033  0.110787  -0.0757526  0.110787  0.172425
0.314142  -0.145375  -0.0757317  -0.145375  0.310038  0.110771  -0.0757317  0.110771  0.172408
0.314142  -0.145375  -0.0757317  -0.145375  0.310038  0.110771  -0.0757317  0.110771  0.172408
0.314148  -0.145398  -0.0757279  -0.145398  0.310068  0.11078  -0.0757279  0.11078  0.172406
0.314148  -0.145398  -0.0757279  -0.145398  0.310068  0.11078  -0.0757279  0.11078  0.172406
0.314148  -0.145413  -0.075703  -0.145413  0.310085  0.110771  -0.075703  0.110771  0.172393
0.314148  -0.145413  -0.075703  -0.145413  0.310085  0.110771  -0.075703  0.110771  0.172393
0.314147  -0.145427  -0.0756782  -0.145427  0.310102  0.110763  -0.0756782  0.110763  0.17238
0.314147  -0.145427  -0.0756782  -0.145427  0.310102  0.110763  -0.0756782  0.110763  0.17238
0.314162  -0.145435  -0.0756821  -0.145435  0.310089  0.110755  -0.0756821  0.110755  0.172377
0.314162  -0.145449  -0.0756573  -0.145449  0.310106  0.110747  -0.0756573  0.110747  0.172364
0.314162  -0.145449  -0.0756573  -0.145449  0.310106  0.110747  -0.0756573  0.110747  0.172364
0.314156  -0.145441  -0.0756363  -0.145441  0.310092  0.110729  -0.0756363  0.110729  0.172353
0.314156  -0.145441  -0.0756363  -0.145441  0.310092  0.110729  -0.0756363  0.110729  0.172353
0.314155  -0.145455  -0.0756115  -0.145455  0.310109  0.11072  -0.0756115  0.11072  0.17234
0.314155  -0.145455  -0.0756115  -0.145455  0.310109  0.11072  -0.0756115  0.11072  0.17234
0.314155  -0.14547  -0.0755867  -0.14547  0.310125  0.110712  -0.0755867  0.110712  0.172327
0.314155  -0.14547  -0.0755867  -0.14547  0.310125  0.110712  -0.0755867  0.110712  0.172327
0.314142  -0.145452  -0.0755448  -0.145452  0.310097  0.110676  -0.0755448  0.110676  0.172304
0.314142  -0.145452  -0.0755448  -0.145452  0.310097  0.110676  -0.0755448  0.110676  0.172304
0.314142  -0.145467  -0.07552  -0.145467  0.310114  0.110668  -0.07552  0.110668  0.172292
0.314142  -0.145467  -0.07552  -0.145467  0.310114  0.110668  -0.07552  0.110668  0.172292
0.314142  -0.145481  -0.0754952  -0.145481  0.310131  0.110659  -0.0754952  0.110659  0.172279
0.314142  -0.145481  -0.0754952  -0.145481  0.310131  0.110659  -0.0754952  0.110659  0.172279
0.314142  -0.145481  -0.0754952  -0.145481  0.310131  0.110659  -0.0754952  0.110659  0.172279
0.314135  -0.145487  -0.0754494  -0.145487  0.310133  0.110633  -0.0754494  0.110633  0.172255
0.314135  -0.145487  -0.0754494  -0.145487  0.310133  0.110633  -0.0754494  0.110633  0.172255
0.314135  -0.145502  -0.0754246  -0.145502  0.31015  0.110624  -0.0754246  0.110624  0.172242
0.314135  -0.145502  -0.0754246  -0.145502  0.31015  0.110624  -0.0754246  0.110624  0.172242
0.314141  -0.145539  -0.0753959  -0.145539  0.310197  0.110625  -0.0753959  0.110625  0.172228
0.314141  -0.145539  -0.0753959  -0.145539  0.310197  0.110625  -0.0753959  0.110625  0.172228
0.314141  -0.145539  -0.0753959  -0.145539  0.310197  0.110625  -0.0753959  0.110625  0.172228
0.314147  -0.145577  -0.0753672  -0.145577  0.310245  0.110625  -0.0753672  0.110625  0.172213
0.314147  -0.145577  -0.0753672  -0.145577  0.310245  0.110625  -0.0753672  0.110625  0.172213
0.314146  -0.145592  -0.0753424  -0.145592  0.310261  0.110617  -0.0753424  0.110617  0.172201
0.314131  -0.145599  -0.0753137  -0.145599  0.31029  0.110615  -0.0753137  0.110615  0.172192
0.314137  -0.145622  -0.0753098  -0.145622  0.310321  0.110624  -0.0753098  0.110624  0.17219
0.314137  -0.145636  -0.075285  -0.145636  0.310338  0.110616  -0.075285  0.110616  0.172178
0.314137  -0.145636  -0.075285  -0.145636  0.310338  0.110616  -0.075285  0.110616  0.172178
0.314136  -0.145666  -0.0752353  -0.145666  0.310371  0.110599  -0.0752353  0.110599  0.172152
0.314136  -0.145666  -0.0752353  -0.145666  0.310371  0.110599  -0.0752353  0.110599  0.172152
0.314136  -0.14568  -0.0752105  -0.14568  0.310388  0.11059  -0.0752105  0.11059  0.172139
0.314121  -0.145702  -0.075157  -0.145702  0.310434  0.11058  -0.075157  0.11058  0.172118
0.314114  -0.145693  -0.0751361  -0.145693  0.31042  0.110562  -0.0751361  0.110562  0.172107
0.314107  -0.145699  -0.0750904  -0.145699  0.310422  0.110536  -0.0750904  0.110536  0.172083
0.314107  -0.145699  -0.0750904  -0.145699  0.310422  0.110536  -0.0750904  0.110536  0.172083
0.3141  -0.145719  -0.0750199  -0.145719  0.310442  0.110501  -0.0750199  0.110501  0.172047
0.314094  -0.14571  -0.074999  -0.14571  0.310428  0.110483  -0.074999  0.110483  0.172036
0.314081  -0.145708  -0.0749324  -0.145708  0.310417  0.110439  -0.0749324  0.110439  0.172001
0.314081  -0.145708  -0.0749324  -0.145708  0.310417  0.110439  -0.0749324  0.110439  0.172001
0.314068  -0.145719  -0.074841  -0.145719  0.310422  0.110387  -0.074841  0.110387  0.171954
0.314068  -0.145719  -0.074841  -0.145719  0.310422  0.110387  -0.074841  0.110387  0.171954
0.314055  -0.145702  -0.0747993  -0.145702  0.310394  0.110351  -0.0747993  0.110351  0.171932
0.314042  -0.145699  -0.0747328  -0.145699  0.310383  0.110308  -0.0747328  0.110308  0.171897
0.314035  -0.14569  -0.0747119  -0.14569  0.310369  0.11029  -0.0747119  0.11029  0.171886
0.314016  -0.145679  -0.0746246  -0.145679  0.310344  0.110228  -0.0746246  0.110228  0.171841
0.314016  -0.145679  -0.0746246  -0.145679  0.310344  0.110228  -0.0746246  0.110228  0.171841
0.313997  -0.145667  -0.0745373  -0.145667  0.310319  0.110167  -0.0745373  0.110167  0.171795
0.31399  -0.145659  -0.0745165  -0.145659  0.310305  0.110149  -0.0745165  0.110149  0.171785
0.313965  -0.145624  -0.0744332  -0.145624  0.310249  0.110078  -0.0744332  0.110078  0.171741
0.313965  -0.145624  -0.0744332  -0.145624  0.310249  0.110078  -0.0744332  0.110078  0.171741
0.313958  -0.14563  -0.0743876  -0.14563  0.310252  0.110052  -0.0743876  0.110052  0.171718
0.313926  -0.145586  -0.0742836  -0.145586  0.310183  0.109964  -0.0742836  0.109964  0.171663
0.31392  -0.145578  -0.0742629  -0.145578  0.310169  0.109947  -0.0742629  0.109947  0.171652
0.313894  -0.145557  -0.074155  -0.145557  0.31013  0.109868  -0.074155  0.109868  0.171597
0.313894  -0.145557  -0.074155  -0.145557  0.31013  0.109868  -0.074155  0.109868  0.171597
0.313867  -0.145533  -0.0741096  -0.145533  0.310114  0.10984  -0.0741096  0.10984  0.171579
0.313829  -0.145481  -0.0739851  -0.145481  0.310031  0.109734  -0.0739851  0.109734  0.171514
0.313822  -0.145472  -0.0739644  -0.145472  0.310017  0.109717  -0.0739644  0.109717  0.171504
0.31381  -0.145455  -0.0739229  -0.145455  0.309989  0.109682  -0.0739229  0.109682  0.171482
0.313772  -0.145403  -0.0737986  -0.145403  0.309906  0.109576  -0.0737986  0.109576  0.171418
0.313753  -0.145377  -0.0737364  -0.145377  0.309864  0.109524  -0.0737364  0.109524  0.171386
0.313753  -0.145377  -0.0737364  -0.145377  0.309864  0.109524  -0.0737364  0.109524  0.171386
0.31374  -0.14536  -0.073695  -0.14536  0.309837  0.109489  -0.073695  0.109489  0.171364
0.313708  -0.145331  -0.0735669  -0.145331  0.309784  0.109393  -0.0735669  0.109393  0.171299
0.313708  -0.145331  -0.0735669  -0.145331  0.309784  0.109393  -0.0735669  0.109393  0.171299
0.313696  -0.145314  -0.0735255  -0.145314  0.309757  0.109358  -0.0735255  0.109358  0.171277
0.313658  -0.145262  -0.0734016  -0.145262  0.309674  0.109253  -0.0734016  0.109253  0.171214
0.313652  -0.145254  -0.0733809  -0.145254  0.30966  0.109236  -0.0733809  0.109236  0.171203
0.313624  -0.145229  -0.0733359  -0.145229  0.309645  0.109208  -0.0733359  0.109208  0.171186
0.313587  -0.145177  -0.0732121  -0.145177  0.309562  0.109103  -0.0732121  0.109103  0.171122
0.313587  -0.145177  -0.0732121  -0.145177  0.309562  0.109103  -0.0732121  0.109103  0.171122
0.313549  -0.145126  -0.0730884  -0.145126  0.309479  0.108999  -0.0730884  0.108999  0.171059
0.313543  -0.145117  -0.0730678  -0.145117  0.309465  0.108982  -0.0730678  0.108982  0.171049
0.313517  -0.145097  -0.0729608  -0.145097  0.309427  0.108904  -0.0729608  0.108904  0.170995
0.313511  -0.145089  -0.0729402  -0.145089  0.309413  0.108886  -0.0729402  0.108886  0.170984
0.313474  -0.145037  -0.0728168  -0.145037  0.309331  0.108782  -0.0728168  0.108782  0.170921
0.313474  -0.145037  -0.0728168  -0.145037  0.309331  0.108782  -0.0728168  0.108782  0.170921
0.31343  -0.144977  -0.072673  -0.144977  0.309235  0.108661  -0.072673  0.108661  0.170848
0.31343  -0.144977  -0.072673  -0.144977  0.309235  0.108661  -0.072673  0.108661  0.170848
0.313411  -0.144952  -0.0726114  -0.144952  0.309194  0.108609  -0.0726114  0.108609  0.170817
0.31338  -0.144923  -0.0724842  -0.144923  0.309142  0.108514  -0.0724842  0.108514  0.170753
0.31338  -0.144923  -0.0724842  -0.144923  0.309142  0.108514  -0.0724842  0.108514  0.170753
0.313336  -0.144864  -0.0723407  -0.144864  0.309046  0.108393  -0.0723407  0.108393  0.170681
0.31333  -0.144855  -0.0723202  -0.144855  0.309033  0.108375  -0.0723202  0.108375  0.170671
0.313287  -0.144795  -0.0721769  -0.144795  0.308937  0.108254  -0.0721769  0.108254  0.170599
0.313287  -0.144795  -0.0721769  -0.144795  0.308937  0.108254  -0.0721769  0.108254  0.170599
0.313237  -0.144727  -0.0720133  -0.144727  0.308828  0.108117  -0.0720133  0.108117  0.170517
0.313237  -0.144727  -0.0720133  -0.144727  0.308828  0.108117  -0.0720133  0.108117  0.170517
0.313188  -0.144659  -0.0718499  -0.144659  0.308719  0.107979  -0.0718499  0.107979  0.170435
0.313181  -0.14465  -0.0718295  -0.14465  0.308705  0.107962  -0.0718295  0.107962  0.170425
0.313163  -0.144625  -0.0717683  -0.144625  0.308664  0.10791  -0.0717683  0.10791  0.170395
0.313126  -0.144574  -0.071646  -0.144574  0.308583  0.107807  -0.071646  0.107807  0.170334
0.31312  -0.144565  -0.0716256  -0.144565  0.308569  0.10779  -0.0716256  0.10779  0.170324
0.313083  -0.144514  -0.0715034  -0.144514  0.308488  0.107687  -0.0715034  0.107687  0.170263
0.313077  -0.144506  -0.0714831  -0.144506  0.308474  0.10767  -0.0714831  0.10767  0.170253
0.313034  -0.144447  -0.0713407  -0.144447  0.308379  0.10755  -0.0713407  0.10755  0.170183
0.313028  -0.144438  -0.0713203  -0.144438  0.308366  0.107533  -0.0713203  0.107533  0.170173
0.313015  -0.144421  -0.0712797  -0.144421  0.308339  0.107499  -0.0712797  0.107499  0.170153
0.312958  -0.144355  -0.071134  -0.144355  0.308256  0.107387  -0.071134  0.107387  0.170087
0.312958  -0.144355  -0.071134  -0.144355  0.308256  0.107387  -0.071134  0.107387  0.170087
0.312915  -0.144295  -0.070992  -0.144295  0.308162  0.107268  -0.070992  0.107268  0.170017
0.312915  -0.144295  -0.070992  -0.144295  0.308162  0.107268  -0.070992  0.107268  0.170017
0.312858  -0.144229  -0.0708466  -0.144229  0.308079  0.107156  -0.0708466  0.107156  0.169952
0.312852  -0.144221  -0.0708264  -0.144221  0.308066  0.107139  -0.0708264  0.107139  0.169942
0.312809  -0.144162  -0.0706847  -0.144162  0.307972  0.10702  -0.0706847  0.10702  0.169873
0.312809  -0.144162  -0.0706847  -0.144162  0.307972  0.10702  -0.0706847  0.10702  0.169873
0.312791  -0.144136  -0.070624  -0.144136  0.307931  0.106969  -0.070624  0.106969  0.169843
0.312734  -0.14407  -0.0704791  -0.14407  0.307849  0.106857  -0.0704791  0.106857  0.169778
0.31271  -0.144037  -0.0703984  -0.144037  0.307796  0.10679  -0.0703984  0.10679  0.169739
0.31271  -0.144037  -0.0703984  -0.144037  0.307796  0.10679  -0.0703984  0.10679  0.169739
0.312692  -0.144011  -0.0703378  -0.144011  0.307755  0.106739  -0.0703378  0.106739  0.16971
0.312641  -0.143954  -0.0702134  -0.143954  0.307687  0.106645  -0.0702134  0.106645  0.169655
0.312635  -0.143945  -0.0701933  -0.143945  0.307674  0.106628  -0.0701933  0.106628  0.169646
0.312623  -0.143929  -0.070153  -0.143929  0.307647  0.106594  -0.070153  0.106594  0.169626
0.312587  -0.143878  -0.0700322  -0.143878  0.307566  0.106493  -0.0700322  0.106493  0.169568
0.312549  -0.143838  -0.0699483  -0.143838  0.307525  0.106433  -0.0699483  0.106433  0.169534
0.312543  -0.143829  -0.0699282  -0.143829  0.307512  0.106416  -0.0699282  0.106416  0.169524
0.312525  -0.143804  -0.0698679  -0.143804  0.307472  0.106365  -0.0698679  0.106365  0.169495
0.312482  -0.143746  -0.0697273  -0.143746  0.307378  0.106248  -0.0697273  0.106248  0.169428
0.312476  -0.143737  -0.0697072  -0.143737  0.307365  0.106231  -0.0697072  0.106231  0.169418
0.312441  -0.143687  -0.0695869  -0.143687  0.307285  0.10613  -0.0695869  0.10613  0.169361
0.312441  -0.143687  -0.0695869  -0.143687  0.307285  0.10613  -0.0695869  0.10613  0.169361
0.312423  -0.143662  -0.0695268  -0.143662  0.307245  0.10608  -0.0695268  0.10608  0.169332
0.312375  -0.143581  -0.0693908  -0.143581  0.307122  0.105954  -0.0693908  0.105954  0.169267
0.312345  -0.143539  -0.0692907  -0.143539  0.307055  0.10587  -0.0692907  0.10587  0.169219
0.312339  -0.143531  -0.0692707  -0.143531  0.307042  0.105853  -0.0692707  0.105853  0.16921
0.312286  -0.143442  -0.0691151  -0.143442  0.306906  0.105711  -0.0691151  0.105711  0.169136
0.31228  -0.143434  -0.0690951  -0.143434  0.306892  0.105694  -0.0690951  0.105694  0.169126
0.312241  -0.143366  -0.0689189  -0.143366  0.306761  0.105537  -0.0689189  0.105537  0.169038
0.312235  -0.143358  -0.068899  -0.143358  0.306748  0.10552  -0.068899  0.10552  0.169029
0.312176  -0.14326  -0.0687239  -0.14326  0.306599  0.105362  -0.0687239  0.105362  0.168946
0.312165  -0.14323  -0.0687083  -0.14323  0.306555  0.105337  -0.0687083  0.105337  0.168938
0.312155  -0.143204  -0.068632  -0.143204  0.30649  0.105263  -0.068632  0.105263  0.168897
0.312091  -0.143098  -0.0684375  -0.143098  0.306328  0.105088  -0.0684375  0.105088  0.168806
0.312085  -0.14309  -0.0684177  -0.14309  0.306315  0.105072  -0.0684177  0.105072  0.168796
0.312034  -0.142992  -0.0682268  -0.142992  0.306142  0.10489  -0.0682268  0.10489  0.168702
0.312029  -0.142969  -0.0682311  -0.142969  0.306111  0.104882  -0.0682311  0.104882  0.168703
0.312005  -0.142936  -0.0681518  -0.142936  0.306059  0.104816  -0.0681518  0.104816  0.168666
0.311947  -0.142854  -0.0679538  -0.142854  0.305928  0.104651  -0.0679538  0.104651  0.168575
0.311947  -0.142854  -0.0679538  -0.142854  0.305928  0.104651  -0.0679538  0.104651  0.168575
0.311897  -0.142756  -0.0677637  -0.142756  0.305755  0.10447  -0.0677637  0.10447  0.168482
0.311891  -0.142748  -0.067744  -0.142748  0.305742  0.104454  -0.067744  0.104454  0.168473
0.311838  -0.142674  -0.0675663  -0.142674  0.305625  0.104306  -0.0675663  0.104306  0.168391
0.311833  -0.142666  -0.0675466  -0.142666  0.305611  0.10429  -0.0675466  0.10429  0.168382
0.311769  -0.142562  -0.0673539  -0.142562  0.305451  0.104117  -0.0673539  0.104117  0.168294
0.311757  -0.142545  -0.0673145  -0.142545  0.305425  0.104085  -0.0673145  0.104085  0.168276
0.311726  -0.142514  -0.0672522  -0.142514  0.305398  0.104043  -0.0672522  0.104043  0.168254
0.311668  -0.142432  -0.0670557  -0.142432  0.305269  0.103879  -0.0670557  0.103879  0.168165
0.311668  -0.142432  -0.0670557  -0.142432  0.305269  0.103879  -0.0670557  0.103879  0.168165
0.311611  -0.142351  -0.0668594  -0.142351  0.305139  0.103716  -0.0668594  0.103716  0.168076
0.311605  -0.142343  -0.0668398  -0.142343  0.305126  0.1037  -0.0668398  0.1037  0.168068
0.311533  -0.142254  -0.0666406  -0.142254  0.305009  0.103545  -0.0666406  0.103545  0.167984
0.311528  -0.142246  -0.0666211  -0.142246  0.304996  0.103528  -0.0666211  0.103528  0.167975
0.31151  -0.142222  -0.0665624  -0.142222  0.304957  0.10348  -0.0665624  0.10348  0.167949
0.311459  -0.142149  -0.0663864  -0.142149  0.304841  0.103334  -0.0663864  0.103334  0.167871
0.311459  -0.142149  -0.0663864  -0.142149  0.304841  0.103334  -0.0663864  0.103334  0.167871
0.311402  -0.142068  -0.0661912  -0.142068  0.304713  0.103172  -0.0661912  0.103172  0.167784
0.311362  -0.142011  -0.0660547  -0.142011  0.304623  0.103059  -0.0660547  0.103059  0.167724
0.311356  -0.142003  -0.0660352  -0.142003  0.30461  0.103042  -0.0660352  0.103042  0.167715
0.311333  -0.141971  -0.0659573  -0.141971  0.304559  0.102978  -0.0659573  0.102978  0.167681
0.311265  -0.141859  -0.0657477  -0.141859  0.304388  0.102792  -0.0657477  0.102792  0.167589
0.31126  -0.141851  -0.0657283  -0.141851  0.304375  0.102776  -0.0657283  0.102776  0.16758
0.311197  -0.141763  -0.0655147  -0.141763  0.304235  0.102599  -0.0655147  0.102599  0.167487
0.311186  -0.141747  -0.0654759  -0.141747  0.304209  0.102567  -0.0654759  0.102567  0.16747
0.311163  -0.141714  -0.0653983  -0.141714  0.304158  0.102503  -0.0653983  0.102503  0.167436
0.311096  -0.141604  -0.0651897  -0.141604  0.303988  0.102319  -0.0651897  0.102319  0.167346
0.311077  -0.141589  -0.0651673  -0.141589  0.303988  0.10231  -0.0651673  0.10231  0.167341
0.31101  -0.141479  -0.0649592  -0.141479  0.303818  0.102126  -0.0649592  0.102126  0.167251
0.311005  -0.141471  -0.0649398  -0.141471  0.303805  0.10211  -0.0649398  0.10211  0.167243
0.310943  -0.141368  -0.0647514  -0.141368  0.303649  0.101943  -0.0647514  0.101943  0.167161
0.310938  -0.14136  -0.0647321  -0.14136  0.303636  0.101927  -0.0647321  0.101927  0.167153
0.310876  -0.141273  -0.0645202  -0.141273  0.303497  0.101752  -0.0645202  0.101752  0.167063
0.310871  -0.141265  -0.064501  -0.141265  0.303485  0.101736  -0.064501  0.101736  0.167055
0.310804  -0.141169  -0.0642703  -0.141169  0.303333  0.101546  -0.0642703  0.101546  0.166957
0.310793  -0.141139  -0.0642556  -0.141139  0.303291  0.101522  -0.0642556  0.101522  0.16695
0.310751  -0.141066  -0.0640668  -0.141066  0.303153  0.101357  -0.0640668  0.101357  0.166865
0.310746  -0.141058  -0.0640476  -0.141058  0.30314  0.101341  -0.0640476  0.101341  0.166857
0.31068  -0.140963  -0.0638178  -0.140963  0.30299  0.101151  -0.0638178  0.101151  0.166761
0.31068  -0.140963  -0.0638178  -0.140963  0.30299  0.101151  -0.0638178  0.101151  0.166761
0.310603  -0.140838  -0.0635738  -0.140838  0.302797  0.100939  -0.0635738  0.100939  0.166659
0.310597  -0.14083  -0.0635547  -0.14083  0.302785  0.100923  -0.0635547  0.100923  0.166651
0.31057  -0.14079  -0.0634593  -0.14079  0.302722  0.100845  -0.0634593  0.100845  0.166612
0.310504  -0.140696  -0.0632306  -0.140696  0.302573  0.100657  -0.0632306  0.100657  0.166517
0.310499  -0.140688  -0.0632115  -0.140688  0.30256  0.100641  -0.0632115  0.100641  0.166509
0.31048  -0.140633  -0.0631238  -0.140633  0.302456  0.100547  -0.0631238  0.100547  0.166467
0.310409  -0.140531  -0.0628767  -0.140531  0.302294  0.100344  -0.0628767  0.100344  0.166366
0.310355  -0.140438  -0.0627105  -0.140438  0.302153  0.100196  -0.0627105  0.100196  0.166298
0.31035  -0.14043  -0.0626915  -0.14043  0.302141  0.100181  -0.0626915  0.100181  0.166291
0.310317  -0.140383  -0.0625778  -0.140383  0.302067  0.100088  -0.0625778  0.100088  0.166245
0.310249  -0.140258  -0.0623204  -0.140258  0.301852  0.0998551  -0.0623204  0.0998551  0.166135
0.310244  -0.14025  -0.0623015  -0.14025  0.30184  0.0998397  -0.0623015  0.0998397  0.166127
0.310217  -0.140211  -0.062207  -0.140211  0.301778  0.0997622  -0.062207  0.0997622  0.166089
0.31015  -0.140072  -0.0619738  -0.140072  0.301547  0.0995384  -0.0619738  0.0995384  0.16599
0.31014  -0.140057  -0.0619361  -0.140057  0.301523  0.0995076  -0.0619361  0.0995076  0.165975
0.310071  -0.139941  -0.0617148  -0.139941  0.301346  0.099315  -0.0617148  0.099315  0.165886
0.310065  -0.139934  -0.061696  -0.139934  0.301334  0.0992996  -0.061696  0.0992996  0.165879
0.30997  -0.139766  -0.0614048  -0.139766  0.301079  0.0990385  -0.0614048  0.0990385  0.165763
0.309965  -0.139758  -0.0613861  -0.139758  0.301067  0.0990232  -0.0613861  0.0990232  0.165756
0.309934  -0.139698  -0.061297  -0.139698  0.300977  0.0989389  -0.061297  0.0989389  0.16572
0.30985  -0.139546  -0.0610442  -0.139546  0.300748  0.0987096  -0.0610442  0.0987096  0.165621
0.309845  -0.139538  -0.0610255  -0.139538  0.300736  0.0986943  -0.0610255  0.0986943  0.165613
0.309774  -0.139407  -0.0607528  -0.139407  0.300512  0.0984508  -0.0607528  0.0984508  0.165502
0.309769  -0.139385  -0.0607575  -0.139385  0.300483  0.0984432  -0.0607575  0.0984432  0.165503
0.309681  -0.139227  -0.0604874  -0.139227  0.300244  0.0982003  -0.0604874  0.0982003  0.165399
0.30967  -0.139211  -0.0604502  -0.139211  0.300219  0.09817  -0.0604502  0.09817  0.165384
0.309582  -0.139053  -0.0601809  -0.139053  0.299981  0.0979279  -0.0601809  0.0979279  0.165281
0.309567  -0.139016  -0.0601484  -0.139016  0.299927  0.0978902  -0.0601484  0.0978902  0.165268
0.309475  -0.138851  -0.0598614  -0.138851  0.299677  0.0976341  -0.0598614  0.0976341  0.165158
0.30947  -0.138843  -0.0598429  -0.138843  0.299665  0.097619  -0.0598429  0.097619  0.165151
0.309373  -0.138657  -0.0595614  -0.138657  0.299387  0.0973563  -0.0595614  0.0973563  0.165044
0.309363  -0.138641  -0.0595245  -0.138641  0.299363  0.0973264  -0.0595245  0.0973264  0.165031
0.309277  -0.138471  -0.0592806  -0.138471  0.29911  0.0970946  -0.0592806  0.0970946  0.164938
0.309217  -0.138352  -0.0591061  -0.138352  0.298933  0.0969306  -0.0591061  0.0969306  0.164873
0.309212  -0.138345  -0.0590878  -0.138345  0.298921  0.0969157  -0.0590878  0.0969157  0.164866
0.309127  -0.138188  -0.0588219  -0.138188  0.298686  0.0966778  -0.0588219  0.0966778  0.164768
0.309117  -0.138159  -0.0588084  -0.138159  0.298645  0.0966556  -0.0588084  0.0966556  0.164762
0.309032  -0.138004  -0.0585432  -0.138004  0.298411  0.0964186  -0.0585432  0.0964186  0.164665
0.309027  -0.137996  -0.058525  -0.137996  0.298399  0.0964038  -0.058525  0.0964038  0.164658
0.308938  -0.13782  -0.0582653  -0.13782  0.298136  0.0961603  -0.0582653  0.0961603  0.164563
0.308928  -0.137805  -0.0582289  -0.137805  0.298113  0.0961308  -0.0582289  0.0961308  0.16455
0.308849  -0.137657  -0.0579834  -0.137657  0.297891  0.0959103  -0.0579834  0.0959103  0.164461
0.308834  -0.137621  -0.0579518  -0.137621  0.297839  0.0958736  -0.0579518  0.0958736  0.16445
0.3088  -0.137555  -0.0578475  -0.137555  0.29774  0.0957782  -0.0578475  0.0957782  0.164412
0.308721  -0.137422  -0.05758  -0.137422  0.297537  0.0955515  -0.05758  0.0955515  0.164317
0.308716  -0.137415  -0.0575619  -0.137415  0.297525  0.0955369  -0.0575619  0.0955369  0.164311
0.308633  -0.137261  -0.0572999  -0.137261  0.297294  0.0953036  -0.0572999  0.0953036  0.164219
0.308628  -0.137254  -0.0572819  -0.137254  0.297282  0.0952891  -0.0572819  0.0952891  0.164212
0.308553  -0.137099  -0.0570049  -0.137099  0.297027  0.0950347  -0.0570049  0.0950347  0.164111
0.308543  -0.137084  -0.0569689  -0.137084  0.297004  0.0950057  -0.0569689  0.0950057  0.164098
0.30851  -0.137019  -0.0568655  -0.137019  0.296906  0.0949116  -0.0568655  0.0949116  0.164062
0.308428  -0.136866  -0.0566053  -0.136866  0.296676  0.0946804  -0.0566053  0.0946804  0.163972
0.308423  -0.136858  -0.0565873  -0.136858  0.296665  0.0946659  -0.0565873  0.0946659  0.163966
0.308354  -0.136712  -0.0563301  -0.136712  0.296423  0.0944281  -0.0563301  0.0944281  0.163873
