0.304504  -0.127304  -0.0697247  -0.127304  0.293404  0.102357  -0.0697247  0.102357  0.171216
0.304504  -0.127304  -0.0697247  -0.127304  0.293404  0.102357  -0.0697247  0.102357  0.171216
0.304504  -0.127304  -0.0697247  -0.127304  0.293404  0.102357  -0.0697247  0.102357  0.171216
0.304504  -0.127291  -0.0697474  -0.127291  0.293391  0.102364  -0.0697474  0.102364  0.171228
0.304504  -0.127291  -0.0697474  -0.127291  0.293391  0.102364  -0.0697474  0.102364  0.171228
0.304504  -0.127291  -0.0697474  -0.127291  0.293391  0.102364  -0.0697474  0.102364  0.171228
0.304504  -0.127291  -0.0697474  -0.127291  0.293391  0.102364  -0.0697474  0.102364  0.171228
0.3045  -0.127271  -0.0697514  -0.127271  0.293366  0.102355  -0.0697514  0.102355  0.171229
0.304489  -0.127265  -0.0697482  -0.127265  0.293378  0.102362  -0.0697482  0.102362  0.171233
0.304489  -0.127265  -0.0697482  -0.127265  0.293378  0.102362  -0.0697482  0.102362  0.171233
0.304486  -0.127246  -0.0697522  -0.127246  0.293353  0.102354  -0.0697522  0.102354  0.171235
0.304486  -0.127246  -0.0697522  -0.127246  0.293353  0.102354  -0.0697522  0.102354  0.171235
0.304486  -0.127246  -0.0697522  -0.127246  0.293353  0.102354  -0.0697522  0.102354  0.171235
0.304482  -0.127226  -0.0697563  -0.127226  0.293328  0.102346  -0.0697563  0.102346  0.171237
0.304482  -0.127226  -0.0697563  -0.127226  0.293328  0.102346  -0.0697563  0.102346  0.171237
0.304486  -0.127232  -0.0697749  -0.127232  0.29334  0.102361  -0.0697749  0.102361  0.171246
0.304486  -0.127232  -0.0697749  -0.127232  0.29334  0.102361  -0.0697749  0.102361  0.171246
0.304493  -0.127218  -0.0697822  -0.127218  0.293303  0.102345  -0.0697822  0.102345  0.171244
0.304493  -0.127218  -0.0697822  -0.127218  0.293303  0.102345  -0.0697822  0.102345  0.171244
0.304489  -0.127199  -0.0697862  -0.127199  0.293278  0.102337  -0.0697862  0.102337  0.171246
0.304489  -0.127199  -0.0697862  -0.127199  0.293278  0.102337  -0.0697862  0.102337  0.171246
0.304489  -0.127199  -0.0697862  -0.127199  0.293278  0.102337  -0.0697862  0.102337  0.171246
0.304485  -0.127179  -0.0697902  -0.127179  0.293254  0.102329  -0.0697902  0.102329  0.171247
0.304485  -0.127179  -0.0697902  -0.127179  0.293254  0.102329  -0.0697902  0.102329  0.171247
0.304485  -0.127179  -0.0697902  -0.127179  0.293254  0.102329  -0.0697902  0.102329  0.171247
0.304482  -0.127159  -0.0697942  -0.127159  0.293229  0.10232  -0.0697942  0.10232  0.171249
0.304482  -0.127159  -0.0697942  -0.127159  0.293229  0.10232  -0.0697942  0.10232  0.171249
0.304485  -0.127166  -0.0698129  -0.127166  0.293241  0.102336  -0.0698129  0.102336  0.171258
0.304482  -0.127146  -0.0698169  -0.127146  0.293216  0.102327  -0.0698169  0.102327  0.17126
0.304482  -0.127146  -0.0698169  -0.127146  0.293216  0.102327  -0.0698169  0.102327  0.17126
0.304482  -0.127146  -0.0698169  -0.127146  0.293216  0.102327  -0.0698169  0.102327  0.17126
0.304482  -0.127146  -0.0698169  -0.127146  0.293216  0.102327  -0.0698169  0.102327  0.17126
0.304486  -0.127153  -0.0698355  -0.127153  0.293228  0.102343  -0.0698355  0.102343  0.17127
0.304486  -0.127153  -0.0698355  -0.127153  0.293228  0.102343  -0.0698355  0.102343  0.17127
0.304486  -0.127153  -0.0698355  -0.127153  0.293228  0.102343  -0.0698355  0.102343  0.17127
0.304486  -0.127153  -0.0698355  -0.127153  0.293228  0.102343  -0.0698355  0.102343  0.17127
0.304486  -0.127153  -0.0698355  -0.127153  0.293228  0.102343  -0.0698355  0.102343  0.17127
0.304489  -0.127159  -0.0698542  -0.127159  0.29324  0.102358  -0.0698542  0.102358  0.171279
0.304489  -0.127159  -0.0698542  -0.127159  0.29324  0.102358  -0.0698542  0.102358  0.171279
0.304489  -0.127159  -0.0698542  -0.127159  0.29324  0.102358  -0.0698542  0.102358  0.171279
0.304489  -0.127159  -0.0698542  -0.127159  0.29324  0.102358  -0.0698542  0.102358  0.171279
0.304489  -0.127159  -0.0698542  -0.127159  0.29324  0.102358  -0.0698542  0.102358  0.171279
0.304493  -0.127166  -0.0698729  -0.127166  0.293252  0.102373  -0.0698729  0.102373  0.171289
0.304493  -0.127166  -0.0698729  -0.127166  0.293252  0.102373  -0.0698729  0.102373  0.171289
0.304493  -0.127166  -0.0698729  -0.127166  0.293252  0.102373  -0.0698729  0.102373  0.171289
0.304493  -0.127152  -0.0698956  -0.127152  0.293239  0.10238  -0.0698956  0.10238  0.1713
0.304493  -0.127152  -0.0698956  -0.127152  0.293239  0.10238  -0.0698956  0.10238  0.1713
0.304504  -0.127158  -0.0698988  -0.127158  0.293227  0.102373  -0.0698988  0.102373  0.171296
0.304508  -0.127165  -0.0699175  -0.127165  0.293239  0.102388  -0.0699175  0.102388  0.171305
0.304508  -0.127165  -0.0699175  -0.127165  0.293239  0.102388  -0.0699175  0.102388  0.171305
0.304508  -0.127165  -0.0699175  -0.127165  0.293239  0.102388  -0.0699175  0.102388  0.171305
0.304508  -0.127165  -0.0699175  -0.127165  0.293239  0.102388  -0.0699175  0.102388  0.171305
0.304508  -0.127165  -0.0699175  -0.127165  0.293239  0.102388  -0.0699175  0.102388  0.171305
0.304508  -0.127165  -0.0699175  -0.127165  0.293239  0.102388  -0.0699175  0.102388  0.171305
0.304512  -0.127171  -0.0699362  -0.127171  0.293251  0.102404  -0.0699362  0.102404  0.171315
0.304508  -0.127152  -0.0699402  -0.127152  0.293226  0.102395  -0.0699402  0.102395  0.171317
0.304508  -0.127152  -0.0699402  -0.127152  0.293226  0.102395  -0.0699402  0.102395  0.171317
0.304519  -0.127157  -0.0699434  -0.127157  0.293214  0.102388  -0.0699434  0.102388  0.171313
0.304515  -0.127138  -0.0699474  -0.127138  0.293189  0.10238  -0.0699474  0.10238  0.171314
0.304515  -0.127138  -0.0699474  -0.127138  0.293189  0.10238  -0.0699474  0.10238  0.171314
0.304515  -0.127138  -0.0699474  -0.127138  0.293189  0.10238  -0.0699474  0.10238  0.171314
0.304515  -0.127138  -0.0699474  -0.127138  0.293189  0.10238  -0.0699474  0.10238  0.171314
0.304508  -0.127111  -0.0699327  -0.127111  0.293152  0.102356  -0.0699327  0.102356  0.171306
0.304508  -0.127111  -0.0699327  -0.127111  0.293152  0.102356  -0.0699327  0.102356  0.171306
0.304519  -0.127117  -0.069936  -0.127117  0.29314  0.102349  -0.069936  0.102349  0.171302
0.304519  -0.127104  -0.0699586  -0.127104  0.293127  0.102356  -0.0699586  0.102356  0.171314
0.304519  -0.127104  -0.0699586  -0.127104  0.293127  0.102356  -0.0699586  0.102356  0.171314
0.304519  -0.127104  -0.0699586  -0.127104  0.293127  0.102356  -0.0699586  0.102356  0.171314
0.304508  -0.127098  -0.0699554  -0.127098  0.29314  0.102363  -0.0699554  0.102363  0.171318
0.304504  -0.127078  -0.0699594  -0.127078  0.293115  0.102355  -0.0699594  0.102355  0.171319
0.304504  -0.127078  -0.0699594  -0.127078  0.293115  0.102355  -0.0699594  0.102355  0.171319
0.304504  -0.127078  -0.0699594  -0.127078  0.293115  0.102355  -0.0699594  0.102355  0.171319
0.3045  -0.127059  -0.0699634  -0.127059  0.29309  0.102346  -0.0699634  0.102346  0.171321
0.3045  -0.127059  -0.0699634  -0.127059  0.29309  0.102346  -0.0699634  0.102346  0.171321
0.3045  -0.127059  -0.0699634  -0.127059  0.29309  0.102346  -0.0699634  0.102346  0.171321
0.304493  -0.127059  -0.0699789  -0.127059  0.293114  0.102369  -0.0699789  0.102369  0.171335
0.304493  -0.127059  -0.0699789  -0.127059  0.293114  0.102369  -0.0699789  0.102369  0.171335
0.304489  -0.12704  -0.0699829  -0.12704  0.293089  0.102361  -0.0699829  0.102361  0.171336
0.304478  -0.127034  -0.0699797  -0.127034  0.293102  0.102368  -0.0699797  0.102368  0.17134
0.304482  -0.12704  -0.0699983  -0.12704  0.293114  0.102383  -0.0699983  0.102383  0.17135
0.304482  -0.12704  -0.0699983  -0.12704  0.293114  0.102383  -0.0699983  0.102383  0.17135
0.304482  -0.12704  -0.0699983  -0.12704  0.293114  0.102383  -0.0699983  0.102383  0.17135
0.304475  -0.127041  -0.0700138  -0.127041  0.293138  0.102405  -0.0700138  0.102405  0.171364
0.304475  -0.127041  -0.0700138  -0.127041  0.293138  0.102405  -0.0700138  0.102405  0.171364
0.304475  -0.127041  -0.0700138  -0.127041  0.293138  0.102405  -0.0700138  0.102405  0.171364
0.304479  -0.127048  -0.0700325  -0.127048  0.29315  0.102421  -0.0700325  0.102421  0.171373
0.304479  -0.127048  -0.0700325  -0.127048  0.29315  0.102421  -0.0700325  0.102421  0.171373
0.304468  -0.127042  -0.0700293  -0.127042  0.293162  0.102428  -0.0700293  0.102428  0.171377
0.304468  -0.127042  -0.0700293  -0.127042  0.293162  0.102428  -0.0700293  0.102428  0.171377
0.304468  -0.127042  -0.0700293  -0.127042  0.293162  0.102428  -0.0700293  0.102428  0.171377
0.304461  -0.127042  -0.0700447  -0.127042  0.293186  0.10245  -0.0700447  0.10245  0.171391
0.304461  -0.127042  -0.0700447  -0.127042  0.293186  0.10245  -0.0700447  0.10245  0.171391
0.304461  -0.127042  -0.0700447  -0.127042  0.293186  0.10245  -0.0700447  0.10245  0.171391
0.304461  -0.127042  -0.0700447  -0.127042  0.293186  0.10245  -0.0700447  0.10245  0.171391
0.304461  -0.127042  -0.0700447  -0.127042  0.293186  0.10245  -0.0700447  0.10245  0.171391
0.304461  -0.127042  -0.0700447  -0.127042  0.293186  0.10245  -0.0700447  0.10245  0.171391
0.304461  -0.127042  -0.0700447  -0.127042  0.293186  0.10245  -0.0700447  0.10245  0.171391
0.30445  -0.127037  -0.0700415  -0.127037  0.293198  0.102457  -0.0700415  0.102457  0.171395
0.30445  -0.127037  -0.0700415  -0.127037  0.293198  0.102457  -0.0700415  0.102457  0.171395
0.30445  -0.127037  -0.0700415  -0.127037  0.293198  0.102457  -0.0700415  0.102457  0.171395
0.30445  -0.127037  -0.0700415  -0.127037  0.293198  0.102457  -0.0700415  0.102457  0.171395
0.30445  -0.127037  -0.0700415  -0.127037  0.293198  0.102457  -0.0700415  0.102457  0.171395
0.304461  -0.127042  -0.0700447  -0.127042  0.293186  0.10245  -0.0700447  0.10245  0.171391
0.304461  -0.127042  -0.0700447  -0.127042  0.293186  0.10245  -0.0700447  0.10245  0.171391
0.304464  -0.127062  -0.0700407  -0.127062  0.293211  0.102459  -0.0700407  0.102459  0.171389
0.304464  -0.127062  -0.0700407  -0.127062  0.293211  0.102459  -0.0700407  0.102459  0.171389
0.304464  -0.127062  -0.0700407  -0.127062  0.293211  0.102459  -0.0700407  0.102459  0.171389
0.304464  -0.127062  -0.0700407  -0.127062  0.293211  0.102459  -0.0700407  0.102459  0.171389
0.304464  -0.127062  -0.0700407  -0.127062  0.293211  0.102459  -0.0700407  0.102459  0.171389
0.304461  -0.127056  -0.070022  -0.127056  0.293199  0.102443  -0.070022  0.102443  0.17138
0.304461  -0.127056  -0.070022  -0.127056  0.293199  0.102443  -0.070022  0.102443  0.17138
0.304472  -0.127062  -0.0700253  -0.127062  0.293187  0.102436  -0.0700253  0.102436  0.171375
0.304475  -0.127081  -0.0700213  -0.127081  0.293211  0.102445  -0.0700213  0.102445  0.171374
0.304475  -0.127081  -0.0700213  -0.127081  0.293211  0.102445  -0.0700213  0.102445  0.171374
0.304475  -0.127081  -0.0700213  -0.127081  0.293211  0.102445  -0.0700213  0.102445  0.171374
0.304472  -0.127075  -0.0700026  -0.127075  0.293199  0.102429  -0.0700026  0.102429  0.171364
0.304472  -0.127075  -0.0700026  -0.127075  0.293199  0.102429  -0.0700026  0.102429  0.171364
0.304483  -0.127081  -0.0700058  -0.127081  0.293187  0.102422  -0.0700058  0.102422  0.17136
0.304483  -0.127081  -0.0700058  -0.127081  0.293187  0.102422  -0.0700058  0.102422  0.17136
0.304483  -0.127081  -0.0700058  -0.127081  0.293187  0.102422  -0.0700058  0.102422  0.17136
0.304483  -0.127081  -0.0700058  -0.127081  0.293187  0.102422  -0.0700058  0.102422  0.17136
0.304483  -0.127081  -0.0700058  -0.127081  0.293187  0.102422  -0.0700058  0.102422  0.17136
0.304483  -0.127081  -0.0700058  -0.127081  0.293187  0.102422  -0.0700058  0.102422  0.17136
0.304479  -0.127074  -0.0699871  -0.127074  0.293175  0.102407  -0.0699871  0.102407  0.171351
0.304479  -0.127074  -0.0699871  -0.127074  0.293175  0.102407  -0.0699871  0.102407  0.171351
0.304479  -0.127074  -0.0699871  -0.127074  0.293175  0.102407  -0.0699871  0.102407  0.171351
0.304479  -0.127074  -0.0699871  -0.127074  0.293175  0.102407  -0.0699871  0.102407  0.171351
0.304479  -0.127074  -0.0699871  -0.127074  0.293175  0.102407  -0.0699871  0.102407  0.171351
0.304479  -0.127074  -0.0699871  -0.127074  0.293175  0.102407  -0.0699871  0.102407  0.171351
0.304479  -0.127074  -0.0699871  -0.127074  0.293175  0.102407  -0.0699871  0.102407  0.171351
0.304479  -0.127074  -0.0699871  -0.127074  0.293175  0.102407  -0.0699871  0.102407  0.171351
0.304479  -0.127074  -0.0699871  -0.127074  0.293175  0.102407  -0.0699871  0.102407  0.171351
0.304479  -0.127074  -0.0699871  -0.127074  0.293175  0.102407  -0.0699871  0.102407  0.171351
0.304483  -0.127081  -0.0700058  -0.127081  0.293187  0.102422  -0.0700058  0.102422  0.17136
0.304483  -0.127081  -0.0700058  -0.127081  0.293187  0.102422  -0.0700058  0.102422  0.17136
0.304483  -0.127081  -0.0700058  -0.127081  0.293187  0.102422  -0.0700058  0.102422  0.17136
0.304483  -0.127081  -0.0700058  -0.127081  0.293187  0.102422  -0.0700058  0.102422  0.17136
0.304483  -0.127081  -0.0700058  -0.127081  0.293187  0.102422  -0.0700058  0.102422  0.17136
0.304475  -0.127081  -0.0700213  -0.127081  0.293211  0.102445  -0.0700213  0.102445  0.171374
0.304475  -0.127081  -0.0700213  -0.127081  0.293211  0.102445  -0.0700213  0.102445  0.171374
0.304475  -0.127081  -0.0700213  -0.127081  0.293211  0.102445  -0.0700213  0.102445  0.171374
0.304479  -0.127088  -0.07004  -0.127088  0.293223  0.10246  -0.07004  0.10246  0.171383
0.304479  -0.127088  -0.07004  -0.127088  0.293223  0.10246  -0.07004  0.10246  0.171383
0.304479  -0.127088  -0.07004  -0.127088  0.293223  0.10246  -0.07004  0.10246  0.171383
0.304483  -0.127094  -0.0700586  -0.127094  0.293235  0.102475  -0.0700586  0.102475  0.171393
0.304483  -0.127094  -0.0700586  -0.127094  0.293235  0.102475  -0.0700586  0.102475  0.171393
0.304476  -0.127095  -0.0700741  -0.127095  0.293259  0.102498  -0.0700741  0.102498  0.171407
0.304476  -0.127095  -0.0700741  -0.127095  0.293259  0.102498  -0.0700741  0.102498  0.171407
0.304476  -0.127095  -0.0700741  -0.127095  0.293259  0.102498  -0.0700741  0.102498  0.171407
0.30448  -0.127102  -0.0700928  -0.127102  0.293271  0.102513  -0.0700928  0.102513  0.171416
0.30448  -0.127102  -0.0700928  -0.127102  0.293271  0.102513  -0.0700928  0.102513  0.171416
0.304472  -0.127102  -0.0701083  -0.127102  0.293296  0.102535  -0.0701083  0.102535  0.17143
0.304472  -0.127102  -0.0701083  -0.127102  0.293296  0.102535  -0.0701083  0.102535  0.17143
0.304472  -0.127102  -0.0701083  -0.127102  0.293296  0.102535  -0.0701083  0.102535  0.17143
0.304465  -0.127103  -0.0701237  -0.127103  0.29332  0.102558  -0.0701237  0.102558  0.171443
0.304465  -0.127103  -0.0701237  -0.127103  0.29332  0.102558  -0.0701237  0.102558  0.171443
0.304465  -0.12709  -0.0701464  -0.12709  0.293307  0.102565  -0.0701464  0.102565  0.171455
0.304465  -0.12709  -0.0701464  -0.12709  0.293307  0.102565  -0.0701464  0.102565  0.171455
0.304454  -0.127084  -0.0701432  -0.127084  0.293319  0.102572  -0.0701432  0.102572  0.171459
0.304454  -0.127084  -0.0701432  -0.127084  0.293319  0.102572  -0.0701432  0.102572  0.171459
0.304454  -0.127084  -0.0701432  -0.127084  0.293319  0.102572  -0.0701432  0.102572  0.171459
0.304454  -0.127084  -0.0701432  -0.127084  0.293319  0.102572  -0.0701432  0.102572  0.171459
0.304454  -0.127084  -0.0701432  -0.127084  0.293319  0.102572  -0.0701432  0.102572  0.171459
0.304451  -0.127064  -0.0701472  -0.127064  0.293294  0.102564  -0.0701472  0.102564  0.17146
0.30444  -0.127058  -0.0701439  -0.127058  0.293307  0.102571  -0.0701439  0.102571  0.171465
0.30444  -0.127058  -0.0701439  -0.127058  0.293307  0.102571  -0.0701439  0.102571  0.171465
0.30444  -0.127058  -0.0701439  -0.127058  0.293307  0.102571  -0.0701439  0.102571  0.171465
0.30444  -0.127058  -0.0701439  -0.127058  0.293307  0.102571  -0.0701439  0.102571  0.171465
0.30444  -0.127058  -0.0701439  -0.127058  0.293307  0.102571  -0.0701439  0.102571  0.171465
0.30444  -0.127058  -0.0701439  -0.127058  0.293307  0.102571  -0.0701439  0.102571  0.171465
0.304443  -0.127078  -0.0701399  -0.127078  0.293331  0.102579  -0.0701399  0.102579  0.171463
0.304443  -0.127078  -0.0701399  -0.127078  0.293331  0.102579  -0.0701399  0.102579  0.171463
0.304443  -0.127078  -0.0701399  -0.127078  0.293331  0.102579  -0.0701399  0.102579  0.171463
0.304443  -0.127078  -0.0701399  -0.127078  0.293331  0.102579  -0.0701399  0.102579  0.171463
0.304443  -0.127078  -0.0701399  -0.127078  0.293331  0.102579  -0.0701399  0.102579  0.171463
0.304447  -0.127098  -0.0701359  -0.127098  0.293356  0.102587  -0.0701359  0.102587  0.171461
0.304447  -0.127098  -0.0701359  -0.127098  0.293356  0.102587  -0.0701359  0.102587  0.171461
0.304447  -0.127098  -0.0701359  -0.127098  0.293356  0.102587  -0.0701359  0.102587  0.171461
0.304447  -0.127098  -0.0701359  -0.127098  0.293356  0.102587  -0.0701359  0.102587  0.171461
0.304447  -0.127098  -0.0701359  -0.127098  0.293356  0.102587  -0.0701359  0.102587  0.171461
0.304451  -0.127117  -0.0701319  -0.127117  0.293381  0.102596  -0.0701319  0.102596  0.171459
0.304451  -0.127117  -0.0701319  -0.127117  0.293381  0.102596  -0.0701319  0.102596  0.171459
0.304451  -0.127117  -0.0701319  -0.127117  0.293381  0.102596  -0.0701319  0.102596  0.171459
0.30444  -0.127112  -0.0701287  -0.127112  0.293393  0.102603  -0.0701287  0.102603  0.171464
0.30444  -0.127112  -0.0701287  -0.127112  0.293393  0.102603  -0.0701287  0.102603  0.171464
0.304444  -0.127131  -0.0701247  -0.127131  0.293418  0.102611  -0.0701247  0.102611  0.171462
0.304444  -0.127131  -0.0701247  -0.127131  0.293418  0.102611  -0.0701247  0.102611  0.171462
0.304433  -0.127126  -0.0701215  -0.127126  0.29343  0.102618  -0.0701215  0.102618  0.171466
0.304436  -0.127145  -0.0701175  -0.127145  0.293455  0.102627  -0.0701175  0.102627  0.171464
0.304436  -0.127145  -0.0701175  -0.127145  0.293455  0.102627  -0.0701175  0.102627  0.171464
0.304436  -0.127145  -0.0701175  -0.127145  0.293455  0.102627  -0.0701175  0.102627  0.171464
0.304425  -0.127139  -0.0701142  -0.127139  0.293467  0.102634  -0.0701142  0.102634  0.171468
0.304429  -0.127159  -0.0701102  -0.127159  0.293492  0.102642  -0.0701102  0.102642  0.171467
0.304429  -0.127159  -0.0701102  -0.127159  0.293492  0.102642  -0.0701102  0.102642  0.171467
0.304418  -0.127153  -0.070107  -0.127153  0.293504  0.102649  -0.070107  0.102649  0.171471
0.304418  -0.127153  -0.070107  -0.127153  0.293504  0.102649  -0.070107  0.102649  0.171471
0.304411  -0.127167  -0.0700997  -0.127167  0.293541  0.102665  -0.0700997  0.102665  0.171473
0.304411  -0.127167  -0.0700997  -0.127167  0.293541  0.102665  -0.0700997  0.102665  0.171473
0.304411  -0.127167  -0.0700997  -0.127167  0.293541  0.102665  -0.0700997  0.102665  0.171473
0.3044  -0.127161  -0.0700965  -0.127161  0.293553  0.102672  -0.0700965  0.102672  0.171477
0.3044  -0.127161  -0.0700965  -0.127161  0.293553  0.102672  -0.0700965  0.102672  0.171477
0.304393  -0.127175  -0.0700892  -0.127175  0.29359  0.102688  -0.0700892  0.102688  0.171479
0.304393  -0.127175  -0.0700892  -0.127175  0.29359  0.102688  -0.0700892  0.102688  0.171479
0.304393  -0.127175  -0.0700892  -0.127175  0.29359  0.102688  -0.0700892  0.102688  0.171479
0.304382  -0.127169  -0.070086  -0.127169  0.293602  0.102695  -0.070086  0.102695  0.171483
0.304382  -0.127169  -0.070086  -0.127169  0.293602  0.102695  -0.070086  0.102695  0.171483
0.304374  -0.127183  -0.0700787  -0.127183  0.293639  0.10271  -0.0700787  0.10271  0.171486
0.30437  -0.127177  -0.07006  -0.127177  0.293627  0.102695  -0.07006  0.102695  0.171476
0.30437  -0.127177  -0.07006  -0.127177  0.293627  0.102695  -0.07006  0.102695  0.171476
0.304359  -0.127171  -0.0700568  -0.127171  0.293639  0.102702  -0.0700568  0.102702  0.17148
0.304363  -0.12719  -0.0700528  -0.12719  0.293664  0.10271  -0.0700528  0.10271  0.171479
0.304363  -0.12719  -0.0700528  -0.12719  0.293664  0.10271  -0.0700528  0.10271  0.171479
0.304352  -0.127185  -0.0700495  -0.127185  0.293676  0.102717  -0.0700495  0.102717  0.171483
0.304352  -0.127185  -0.0700495  -0.127185  0.293676  0.102717  -0.0700495  0.102717  0.171483
0.304356  -0.127204  -0.0700455  -0.127204  0.293701  0.102726  -0.0700455  0.102726  0.171481
0.304356  -0.127204  -0.0700455  -0.127204  0.293701  0.102726  -0.0700455  0.102726  0.171481
0.304356  -0.127204  -0.0700455  -0.127204  0.293701  0.102726  -0.0700455  0.102726  0.171481
0.304349  -0.127218  -0.0700383  -0.127218  0.293738  0.102741  -0.0700383  0.102741  0.171483
0.304349  -0.127218  -0.0700383  -0.127218  0.293738  0.102741  -0.0700383  0.102741  0.171483
0.304349  -0.127218  -0.0700383  -0.127218  0.293738  0.102741  -0.0700383  0.102741  0.171483
0.304349  -0.127218  -0.0700383  -0.127218  0.293738  0.102741  -0.0700383  0.102741  0.171483
0.304352  -0.127238  -0.0700343  -0.127238  0.293763  0.10275  -0.0700343  0.10275  0.171482
0.304352  -0.127238  -0.0700343  -0.127238  0.293763  0.10275  -0.0700343  0.10275  0.171482
0.304352  -0.127238  -0.0700343  -0.127238  0.293763  0.10275  -0.0700343  0.10275  0.171482
0.304352  -0.127238  -0.0700343  -0.127238  0.293763  0.10275  -0.0700343  0.10275  0.171482
0.304356  -0.127258  -0.0700303  -0.127258  0.293788  0.102758  -0.0700303  0.102758  0.17148
0.304356  -0.127258  -0.0700303  -0.127258  0.293788  0.102758  -0.0700303  0.102758  0.17148
0.304356  -0.127258  -0.0700303  -0.127258  0.293788  0.102758  -0.0700303  0.102758  0.17148
0.304352  -0.127251  -0.0700116  -0.127251  0.293776  0.102743  -0.0700116  0.102743  0.17147
0.304352  -0.127251  -0.0700116  -0.127251  0.293776  0.102743  -0.0700116  0.102743  0.17147
0.304356  -0.127271  -0.0700076  -0.127271  0.293801  0.102751  -0.0700076  0.102751  0.171469
0.304356  -0.127271  -0.0700076  -0.127271  0.293801  0.102751  -0.0700076  0.102751  0.171469
0.304356  -0.127271  -0.0700076  -0.127271  0.293801  0.102751  -0.0700076  0.102751  0.171469
0.304367  -0.127277  -0.0700108  -0.127277  0.293788  0.102744  -0.0700108  0.102744  0.171465
0.304367  -0.127277  -0.0700108  -0.127277  0.293788  0.102744  -0.0700108  0.102744  0.171465
0.304363  -0.12727  -0.0699921  -0.12727  0.293776  0.102729  -0.0699921  0.102729  0.171455
0.304363  -0.12727  -0.0699921  -0.12727  0.293776  0.102729  -0.0699921  0.102729  0.171455
0.304363  -0.12727  -0.0699921  -0.12727  0.293776  0.102729  -0.0699921  0.102729  0.171455
0.304359  -0.127264  -0.0699734  -0.127264  0.293764  0.102713  -0.0699734  0.102713  0.171445
0.304359  -0.127264  -0.0699734  -0.127264  0.293764  0.102713  -0.0699734  0.102713  0.171445
0.304359  -0.127264  -0.0699734  -0.127264  0.293764  0.102713  -0.0699734  0.102713  0.171445
0.304359  -0.127264  -0.0699734  -0.127264  0.293764  0.102713  -0.0699734  0.102713  0.171445
0.304359  -0.127264  -0.0699734  -0.127264  0.293764  0.102713  -0.0699734  0.102713  0.171445
0.304352  -0.127237  -0.0699588  -0.127237  0.293728  0.102689  -0.0699588  0.102689  0.171438
0.304352  -0.127237  -0.0699588  -0.127237  0.293728  0.102689  -0.0699588  0.102689  0.171438
0.304352  -0.127237  -0.0699588  -0.127237  0.293728  0.102689  -0.0699588  0.102689  0.171438
0.304352  -0.127237  -0.0699588  -0.127237  0.293728  0.102689  -0.0699588  0.102689  0.171438
0.304352  -0.127237  -0.0699588  -0.127237  0.293728  0.102689  -0.0699588  0.102689  0.171438
0.304352  -0.127237  -0.0699588  -0.127237  0.293728  0.102689  -0.0699588  0.102689  0.171438
0.304352  -0.127237  -0.0699588  -0.127237  0.293728  0.102689  -0.0699588  0.102689  0.171438
0.304352  -0.127237  -0.0699588  -0.127237  0.293728  0.102689  -0.0699588  0.102689  0.171438
0.304352  -0.127237  -0.0699588  -0.127237  0.293728  0.102689  -0.0699588  0.102689  0.171438
0.304352  -0.127237  -0.0699588  -0.127237  0.293728  0.102689  -0.0699588  0.102689  0.171438
0.304352  -0.127237  -0.0699588  -0.127237  0.293728  0.102689  -0.0699588  0.102689  0.171438
0.304352  -0.127237  -0.0699588  -0.127237  0.293728  0.102689  -0.0699588  0.102689  0.171438
0.304352  -0.127237  -0.0699588  -0.127237  0.293728  0.102689  -0.0699588  0.102689  0.171438
0.304352  -0.127237  -0.0699588  -0.127237  0.293728  0.102689  -0.0699588  0.102689  0.171438
0.304352  -0.127237  -0.0699588  -0.127237  0.293728  0.102689  -0.0699588  0.102689  0.171438
0.304352  -0.127237  -0.0699588  -0.127237  0.293728  0.102689  -0.0699588  0.102689  0.171438
0.304341  -0.127232  -0.0699555  -0.127232  0.29374  0.102696  -0.0699555  0.102696  0.171442
0.304345  -0.127238  -0.0699742  -0.127238  0.293752  0.102712  -0.0699742  0.102712  0.171451
0.304345  -0.127238  -0.0699742  -0.127238  0.293752  0.102712  -0.0699742  0.102712  0.171451
0.304345  -0.127238  -0.0699742  -0.127238  0.293752  0.102712  -0.0699742  0.102712  0.171451
0.304345  -0.127238  -0.0699742  -0.127238  0.293752  0.102712  -0.0699742  0.102712  0.171451
0.304345  -0.127238  -0.0699742  -0.127238  0.293752  0.102712  -0.0699742  0.102712  0.171451
0.304345  -0.127238  -0.0699742  -0.127238  0.293752  0.102712  -0.0699742  0.102712  0.171451
0.304345  -0.127238  -0.0699742  -0.127238  0.293752  0.102712  -0.0699742  0.102712  0.171451
0.304345  -0.127238  -0.0699742  -0.127238  0.293752  0.102712  -0.0699742  0.102712  0.171451
0.304345  -0.127238  -0.0699742  -0.127238  0.293752  0.102712  -0.0699742  0.102712  0.171451
0.304345  -0.127238  -0.0699742  -0.127238  0.293752  0.102712  -0.0699742  0.102712  0.171451
0.304349  -0.127245  -0.0699929  -0.127245  0.293764  0.102727  -0.0699929  0.102727  0.171461
0.304349  -0.127245  -0.0699929  -0.127245  0.293764  0.102727  -0.0699929  0.102727  0.171461
0.304349  -0.127245  -0.0699929  -0.127245  0.293764  0.102727  -0.0699929  0.102727  0.171461
0.304349  -0.127245  -0.0699929  -0.127245  0.293764  0.102727  -0.0699929  0.102727  0.171461
0.304349  -0.127245  -0.0699929  -0.127245  0.293764  0.102727  -0.0699929  0.102727  0.171461
0.30436  -0.12725  -0.0699961  -0.12725  0.293752  0.10272  -0.0699961  0.10272  0.171457
0.304356  -0.127231  -0.0700001  -0.127231  0.293727  0.102712  -0.0700001  0.102712  0.171458
0.304356  -0.127231  -0.0700001  -0.127231  0.293727  0.102712  -0.0700001  0.102712  0.171458
0.304356  -0.127231  -0.0700001  -0.127231  0.293727  0.102712  -0.0700001  0.102712  0.171458
0.304356  -0.127231  -0.0700001  -0.127231  0.293727  0.102712  -0.0700001  0.102712  0.171458
0.304356  -0.127231  -0.0700001  -0.127231  0.293727  0.102712  -0.0700001  0.102712  0.171458
0.304356  -0.127231  -0.0700001  -0.127231  0.293727  0.102712  -0.0700001  0.102712  0.171458
0.304356  -0.127231  -0.0700001  -0.127231  0.293727  0.102712  -0.0700001  0.102712  0.171458
0.304356  -0.127231  -0.0700001  -0.127231  0.293727  0.102712  -0.0700001  0.102712  0.171458
0.304367  -0.127237  -0.0700034  -0.127237  0.293715  0.102705  -0.0700034  0.102705  0.171454
0.304363  -0.127217  -0.0700074  -0.127217  0.29369  0.102696  -0.0700074  0.102696  0.171456
0.304363  -0.127217  -0.0700074  -0.127217  0.29369  0.102696  -0.0700074  0.102696  0.171456
0.304359  -0.12721  -0.0699887  -0.12721  0.293678  0.102681  -0.0699887  0.102681  0.171446
0.304359  -0.12721  -0.0699887  -0.12721  0.293678  0.102681  -0.0699887  0.102681  0.171446
0.30437  -0.127216  -0.069992  -0.127216  0.293666  0.102674  -0.069992  0.102674  0.171442
0.30437  -0.127216  -0.069992  -0.127216  0.293666  0.102674  -0.069992  0.102674  0.171442
0.304367  -0.127196  -0.069996  -0.127196  0.293641  0.102665  -0.069996  0.102665  0.171444
0.304367  -0.127196  -0.069996  -0.127196  0.293641  0.102665  -0.069996  0.102665  0.171444
0.304367  -0.127196  -0.069996  -0.127196  0.293641  0.102665  -0.069996  0.102665  0.171444
0.304378  -0.127202  -0.0699992  -0.127202  0.293629  0.102658  -0.0699992  0.102658  0.17144
0.304378  -0.127202  -0.0699992  -0.127202  0.293629  0.102658  -0.0699992  0.102658  0.17144
0.304378  -0.127202  -0.0699992  -0.127202  0.293629  0.102658  -0.0699992  0.102658  0.17144
0.304378  -0.127202  -0.0699992  -0.127202  0.293629  0.102658  -0.0699992  0.102658  0.17144
0.304385  -0.127188  -0.0700065  -0.127188  0.293592  0.102643  -0.0700065  0.102643  0.171438
0.304385  -0.127188  -0.0700065  -0.127188  0.293592  0.102643  -0.0700065  0.102643  0.171438
0.304385  -0.127188  -0.0700065  -0.127188  0.293592  0.102643  -0.0700065  0.102643  0.171438
0.304389  -0.127195  -0.0700251  -0.127195  0.293604  0.102658  -0.0700251  0.102658  0.171447
0.304389  -0.127195  -0.0700251  -0.127195  0.293604  0.102658  -0.0700251  0.102658  0.171447
0.3044  -0.127201  -0.0700284  -0.127201  0.293591  0.102651  -0.0700284  0.102651  0.171443
0.304396  -0.127181  -0.0700324  -0.127181  0.293567  0.102643  -0.0700324  0.102643  0.171445
0.304396  -0.127181  -0.0700324  -0.127181  0.293567  0.102643  -0.0700324  0.102643  0.171445
0.304396  -0.127181  -0.0700324  -0.127181  0.293567  0.102643  -0.0700324  0.102643  0.171445
0.304396  -0.127181  -0.0700324  -0.127181  0.293567  0.102643  -0.0700324  0.102643  0.171445
0.304396  -0.127181  -0.0700324  -0.127181  0.293567  0.102643  -0.0700324  0.102643  0.171445
0.304396  -0.127181  -0.0700324  -0.127181  0.293567  0.102643  -0.0700324  0.102643  0.171445
0.304396  -0.127168  -0.0700551  -0.127168  0.293554  0.10265  -0.0700551  0.10265  0.171456
0.304396  -0.127168  -0.0700551  -0.127168  0.293554  0.10265  -0.0700551  0.10265  0.171456
0.304396  -0.127168  -0.0700551  -0.127168  0.293554  0.10265  -0.0700551  0.10265  0.171456
0.304396  -0.127168  -0.0700551  -0.127168  0.293554  0.10265  -0.0700551  0.10265  0.171456
0.304396  -0.127168  -0.0700551  -0.127168  0.293554  0.10265  -0.0700551  0.10265  0.171456
0.304392  -0.127148  -0.0700591  -0.127148  0.293529  0.102641  -0.0700591  0.102641  0.171458
0.304396  -0.127155  -0.0700778  -0.127155  0.293541  0.102657  -0.0700778  0.102657  0.171467
0.304396  -0.127155  -0.0700778  -0.127155  0.293541  0.102657  -0.0700778  0.102657  0.171467
0.304396  -0.127155  -0.0700778  -0.127155  0.293541  0.102657  -0.0700778  0.102657  0.171467
0.304392  -0.127135  -0.0700818  -0.127135  0.293516  0.102648  -0.0700818  0.102648  0.171469
0.304392  -0.127135  -0.0700818  -0.127135  0.293516  0.102648  -0.0700818  0.102648  0.171469
0.304392  -0.127135  -0.0700818  -0.127135  0.293516  0.102648  -0.0700818  0.102648  0.171469
0.304399  -0.127121  -0.070089  -0.127121  0.293479  0.102633  -0.070089  0.102633  0.171467
0.304399  -0.127121  -0.070089  -0.127121  0.293479  0.102633  -0.070089  0.102633  0.171467
0.304399  -0.127121  -0.070089  -0.127121  0.293479  0.102633  -0.070089  0.102633  0.171467
0.304396  -0.127101  -0.070093  -0.127101  0.293454  0.102624  -0.070093  0.102624  0.171468
0.304396  -0.127101  -0.070093  -0.127101  0.293454  0.102624  -0.070093  0.102624  0.171468
0.304392  -0.127082  -0.070097  -0.127082  0.29343  0.102616  -0.070097  0.102616  0.17147
0.304392  -0.127082  -0.070097  -0.127082  0.29343  0.102616  -0.070097  0.102616  0.17147
0.304392  -0.127082  -0.070097  -0.127082  0.29343  0.102616  -0.070097  0.102616  0.17147
0.304395  -0.127061  -0.0700856  -0.127061  0.293381  0.102585  -0.0700856  0.102585  0.171458
0.304395  -0.127061  -0.0700856  -0.127061  0.293381  0.102585  -0.0700856  0.102585  0.171458
0.304395  -0.127061  -0.0700856  -0.127061  0.293381  0.102585  -0.0700856  0.102585  0.171458
0.304406  -0.127067  -0.0700888  -0.127067  0.293369  0.102578  -0.0700888  0.102578  0.171454
0.304406  -0.127067  -0.0700888  -0.127067  0.293369  0.102578  -0.0700888  0.102578  0.171454
0.304414  -0.127053  -0.0700961  -0.127053  0.293332  0.102563  -0.0700961  0.102563  0.171452
0.304414  -0.127053  -0.0700961  -0.127053  0.293332  0.102563  -0.0700961  0.102563  0.171452
0.304414  -0.127053  -0.0700961  -0.127053  0.293332  0.102563  -0.0700961  0.102563  0.171452
0.304425  -0.127059  -0.0700993  -0.127059  0.293319  0.102555  -0.0700993  0.102555  0.171448
0.304425  -0.127059  -0.0700993  -0.127059  0.293319  0.102555  -0.0700993  0.102555  0.171448
0.304436  -0.127065  -0.0701025  -0.127065  0.293307  0.102548  -0.0701025  0.102548  0.171444
0.304436  -0.127065  -0.0701025  -0.127065  0.293307  0.102548  -0.0701025  0.102548  0.171444
0.304447  -0.127071  -0.0701058  -0.127071  0.293295  0.102541  -0.0701058  0.102541  0.17144
0.304447  -0.127071  -0.0701058  -0.127071  0.293295  0.102541  -0.0701058  0.102541  0.17144
0.304447  -0.127071  -0.0701058  -0.127071  0.293295  0.102541  -0.0701058  0.102541  0.17144
0.304447  -0.127071  -0.0701058  -0.127071  0.293295  0.102541  -0.0701058  0.102541  0.17144
0.304461  -0.127096  -0.070105  -0.127096  0.293308  0.102543  -0.070105  0.102543  0.171434
0.304461  -0.127096  -0.070105  -0.127096  0.293308  0.102543  -0.070105  0.102543  0.171434
0.304461  -0.127096  -0.070105  -0.127096  0.293308  0.102543  -0.070105  0.102543  0.171434
0.304461  -0.127096  -0.070105  -0.127096  0.293308  0.102543  -0.070105  0.102543  0.171434
0.304461  -0.127096  -0.070105  -0.127096  0.293308  0.102543  -0.070105  0.102543  0.171434
0.304472  -0.127102  -0.0701083  -0.127102  0.293296  0.102535  -0.0701083  0.102535  0.17143
0.304472  -0.127102  -0.0701083  -0.127102  0.293296  0.102535  -0.0701083  0.102535  0.17143
0.304472  -0.127102  -0.0701083  -0.127102  0.293296  0.102535  -0.0701083  0.102535  0.17143
0.304472  -0.127102  -0.0701083  -0.127102  0.293296  0.102535  -0.0701083  0.102535  0.17143
0.304472  -0.127102  -0.0701083  -0.127102  0.293296  0.102535  -0.0701083  0.102535  0.17143
0.304472  -0.127102  -0.0701083  -0.127102  0.293296  0.102535  -0.0701083  0.102535  0.17143
0.304472  -0.127102  -0.0701083  -0.127102  0.293296  0.102535  -0.0701083  0.102535  0.17143
0.304472  -0.127102  -0.0701083  -0.127102  0.293296  0.102535  -0.0701083  0.102535  0.17143
0.304472  -0.127102  -0.0701083  -0.127102  0.293296  0.102535  -0.0701083  0.102535  0.17143
0.304472  -0.127102  -0.0701083  -0.127102  0.293296  0.102535  -0.0701083  0.102535  0.17143
0.304472  -0.127102  -0.0701083  -0.127102  0.293296  0.102535  -0.0701083  0.102535  0.17143
0.304472  -0.127102  -0.0701083  -0.127102  0.293296  0.102535  -0.0701083  0.102535  0.17143
0.304472  -0.127102  -0.0701083  -0.127102  0.293296  0.102535  -0.0701083  0.102535  0.17143
0.304472  -0.127102  -0.0701083  -0.127102  0.293296  0.102535  -0.0701083  0.102535  0.17143
0.304461  -0.127096  -0.070105  -0.127096  0.293308  0.102543  -0.070105  0.102543  0.171434
0.304461  -0.127096  -0.070105  -0.127096  0.293308  0.102543  -0.070105  0.102543  0.171434
0.304461  -0.127096  -0.070105  -0.127096  0.293308  0.102543  -0.070105  0.102543  0.171434
0.304461  -0.127096  -0.070105  -0.127096  0.293308  0.102543  -0.070105  0.102543  0.171434
0.304461  -0.127096  -0.070105  -0.127096  0.293308  0.102543  -0.070105  0.102543  0.171434
0.304461  -0.127096  -0.070105  -0.127096  0.293308  0.102543  -0.070105  0.102543  0.171434
0.304461  -0.127096  -0.070105  -0.127096  0.293308  0.102543  -0.070105  0.102543  0.171434
0.304461  -0.127096  -0.070105  -0.127096  0.293308  0.102543  -0.070105  0.102543  0.171434
0.304461  -0.127096  -0.070105  -0.127096  0.293308  0.102543  -0.070105  0.102543  0.171434
0.304461  -0.127096  -0.070105  -0.127096  0.293308  0.102543  -0.070105  0.102543  0.171434
0.304461  -0.127096  -0.070105  -0.127096  0.293308  0.102543  -0.070105  0.102543  0.171434
0.304461  -0.127096  -0.070105  -0.127096  0.293308  0.102543  -0.070105  0.102543  0.171434
0.304461  -0.127096  -0.070105  -0.127096  0.293308  0.102543  -0.070105  0.102543  0.171434
0.304461  -0.127096  -0.070105  -0.127096  0.293308  0.102543  -0.070105  0.102543  0.171434
0.304461  -0.127096  -0.070105  -0.127096  0.293308  0.102543  -0.070105  0.102543  0.171434
0.304461  -0.127096  -0.070105  -0.127096  0.293308  0.102543  -0.070105  0.102543  0.171434
0.304461  -0.127096  -0.070105  -0.127096  0.293308  0.102543  -0.070105  0.102543  0.171434
0.304461  -0.127096  -0.070105  -0.127096  0.293308  0.102543  -0.070105  0.102543  0.171434
0.304461  -0.127096  -0.070105  -0.127096  0.293308  0.102543  -0.070105  0.102543  0.171434
0.304461  -0.127096  -0.070105  -0.127096  0.293308  0.102543  -0.070105  0.102543  0.171434
0.304461  -0.127096  -0.070105  -0.127096  0.293308  0.102543  -0.070105  0.102543  0.171434
0.304461  -0.127096  -0.070105  -0.127096  0.293308  0.102543  -0.070105  0.102543  0.171434
0.304461  -0.127096  -0.070105  -0.127096  0.293308  0.102543  -0.070105  0.102543  0.171434
0.304461  -0.127096  -0.070105  -0.127096  0.293308  0.102543  -0.070105  0.102543  0.171434
0.304461  -0.127096  -0.070105  -0.127096  0.293308  0.102543  -0.070105  0.102543  0.171434
0.304465  -0.127116  -0.070101  -0.127116  0.293332  0.102551  -0.070101  0.102551  0.171432
0.304465  -0.127116  -0.070101  -0.127116  0.293332  0.102551  -0.070101  0.102551  0.171432
0.304465  -0.127116  -0.070101  -0.127116  0.293332  0.102551  -0.070101  0.102551  0.171432
0.304465  -0.127116  -0.070101  -0.127116  0.293332  0.102551  -0.070101  0.102551  0.171432
0.304465  -0.127116  -0.070101  -0.127116  0.293332  0.102551  -0.070101  0.102551  0.171432
0.304465  -0.127116  -0.070101  -0.127116  0.293332  0.102551  -0.070101  0.102551  0.171432
0.304465  -0.127116  -0.070101  -0.127116  0.293332  0.102551  -0.070101  0.102551  0.171432
0.304465  -0.127116  -0.070101  -0.127116  0.293332  0.102551  -0.070101  0.102551  0.171432
0.304465  -0.127116  -0.070101  -0.127116  0.293332  0.102551  -0.070101  0.102551  0.171432
0.304465  -0.127116  -0.070101  -0.127116  0.293332  0.102551  -0.070101  0.102551  0.171432
0.304465  -0.127116  -0.070101  -0.127116  0.293332  0.102551  -0.070101  0.102551  0.171432
0.304465  -0.127116  -0.070101  -0.127116  0.293332  0.102551  -0.070101  0.102551  0.171432
0.304469  -0.127136  -0.070097  -0.127136  0.293357  0.102559  -0.070097  0.102559  0.17143
0.304469  -0.127136  -0.070097  -0.127136  0.293357  0.102559  -0.070097  0.102559  0.17143
0.304469  -0.127136  -0.070097  -0.127136  0.293357  0.102559  -0.070097  0.102559  0.17143
0.304469  -0.127136  -0.070097  -0.127136  0.293357  0.102559  -0.070097  0.102559  0.17143
0.304469  -0.127136  -0.070097  -0.127136  0.293357  0.102559  -0.070097  0.102559  0.17143
0.30448  -0.127142  -0.0701003  -0.127142  0.293345  0.102552  -0.0701003  0.102552  0.171426
0.30448  -0.127142  -0.0701003  -0.127142  0.293345  0.102552  -0.0701003  0.102552  0.171426
0.30448  -0.127142  -0.0701003  -0.127142  0.293345  0.102552  -0.0701003  0.102552  0.171426
0.30448  -0.127142  -0.0701003  -0.127142  0.293345  0.102552  -0.0701003  0.102552  0.171426
0.30448  -0.127142  -0.0701003  -0.127142  0.293345  0.102552  -0.0701003  0.102552  0.171426
0.304484  -0.127162  -0.0700963  -0.127162  0.29337  0.102561  -0.0700963  0.102561  0.171425
0.304484  -0.127162  -0.0700963  -0.127162  0.29337  0.102561  -0.0700963  0.102561  0.171425
0.304484  -0.127162  -0.0700963  -0.127162  0.29337  0.102561  -0.0700963  0.102561  0.171425
0.304484  -0.127162  -0.0700963  -0.127162  0.29337  0.102561  -0.0700963  0.102561  0.171425
0.304484  -0.127162  -0.0700963  -0.127162  0.29337  0.102561  -0.0700963  0.102561  0.171425
0.304484  -0.127162  -0.0700963  -0.127162  0.29337  0.102561  -0.0700963  0.102561  0.171425
0.304484  -0.127162  -0.0700963  -0.127162  0.29337  0.102561  -0.0700963  0.102561  0.171425
0.304484  -0.127162  -0.0700963  -0.127162  0.29337  0.102561  -0.0700963  0.102561  0.171425
0.304469  -0.127136  -0.070097  -0.127136  0.293357  0.102559  -0.070097  0.102559  0.17143
0.304469  -0.127136  -0.070097  -0.127136  0.293357  0.102559  -0.070097  0.102559  0.17143
0.304473  -0.127142  -0.0701157  -0.127142  0.293369  0.102575  -0.0701157  0.102575  0.17144
0.304473  -0.127142  -0.0701157  -0.127142  0.293369  0.102575  -0.0701157  0.102575  0.17144
0.304473  -0.127142  -0.0701157  -0.127142  0.293369  0.102575  -0.0701157  0.102575  0.17144
