0.318035  -0.159453  -0.0794165  -0.159453  0.331887  0.121415  -0.0794165  0.121415  0.175223
0.318028  -0.159443  -0.0793941  -0.159443  0.331871  0.121395  -0.0793941  0.121395  0.175211
0.318031  -0.159421  -0.0793138  -0.159421  0.331783  0.1213  -0.0793138  0.1213  0.175153
0.318031  -0.159421  -0.0793138  -0.159421  0.331783  0.1213  -0.0793138  0.1213  0.175153
0.318  -0.159291  -0.0791602  -0.159291  0.33151  0.121088  -0.0791602  0.121088  0.175046
0.318  -0.159291  -0.0791602  -0.159291  0.33151  0.121088  -0.0791602  0.121088  0.175046
0.317908  -0.159013  -0.0789993  -0.159013  0.331053  0.120813  -0.0789993  0.120813  0.174938
0.317925  -0.159022  -0.079004  -0.159022  0.331041  0.120806  -0.079004  0.120806  0.174935
0.317835  -0.158765  -0.078751  -0.158765  0.330582  0.120465  -0.078751  0.120465  0.174771
0.317805  -0.15871  -0.078688  -0.15871  0.330498  0.120395  -0.078688  0.120395  0.174735
0.317742  -0.158431  -0.0784752  -0.158431  0.329961  0.120041  -0.0784752  0.120041  0.174581
0.317738  -0.158379  -0.0784654  -0.158379  0.329862  0.119994  -0.0784654  0.119994  0.174568
0.317712  -0.158271  -0.0783751  -0.158271  0.329651  0.119851  -0.0783751  0.119851  0.174504
0.317634  -0.157953  -0.0782106  -0.157953  0.329088  0.119525  -0.0782106  0.119525  0.174382
0.31762  -0.157918  -0.0781924  -0.157918  0.329037  0.119495  -0.0781924  0.119495  0.174371
0.317556  -0.157652  -0.0780204  -0.157652  0.328547  0.11919  -0.0780204  0.11919  0.174246
0.317573  -0.157661  -0.0780249  -0.157661  0.328535  0.119183  -0.0780249  0.119183  0.174243
0.317523  -0.15743  -0.0778715  -0.15743  0.328098  0.118908  -0.0778715  0.118908  0.174129
0.317509  -0.157395  -0.0778533  -0.157395  0.328047  0.118879  -0.0778533  0.118879  0.174119
0.317492  -0.157282  -0.0778118  -0.157282  0.327835  0.118766  -0.0778118  0.118766  0.174081
0.31741  -0.157019  -0.0776757  -0.157019  0.327403  0.118517  -0.0776757  0.118517  0.173989
0.317396  -0.156984  -0.0776576  -0.156984  0.327352  0.118488  -0.0776576  0.118488  0.173979
0.317296  -0.156758  -0.0774396  -0.156758  0.326993  0.118218  -0.0774396  0.118218  0.173851
0.317289  -0.156733  -0.0774435  -0.156733  0.326958  0.118208  -0.0774435  0.118208  0.173852
0.31719  -0.156478  -0.0772779  -0.156478  0.326561  0.117958  -0.0772779  0.117958  0.173752
0.317167  -0.156444  -0.0772774  -0.156444  0.326538  0.117956  -0.0772774  0.117956  0.173757
0.317035  -0.156201  -0.0770516  -0.156201  0.326204  0.117702  -0.0770516  0.117702  0.173638
0.317013  -0.156157  -0.0770118  -0.156157  0.326138  0.117654  -0.0770118  0.117654  0.173615
0.316883  -0.155885  -0.0768383  -0.155885  0.325767  0.11742  -0.0768383  0.11742  0.173524
0.316869  -0.15585  -0.0768205  -0.15585  0.325717  0.117391  -0.0768205  0.117391  0.173513
0.316833  -0.155756  -0.0767887  -0.155756  0.325582  0.117324  -0.0767887  0.117324  0.173494
0.316735  -0.155513  -0.0766639  -0.155513  0.325231  0.117122  -0.0766639  0.117122  0.173423
0.316728  -0.155488  -0.0766679  -0.155488  0.325196  0.117112  -0.0766679  0.117112  0.173424
0.31663  -0.155246  -0.0765433  -0.155246  0.324847  0.116911  -0.0765433  0.116911  0.173353
0.316623  -0.155221  -0.0765473  -0.155221  0.324812  0.116901  -0.0765473  0.116901  0.173354
0.316526  -0.15495  -0.0764744  -0.15495  0.324425  0.116719  -0.0764744  0.116719  0.17331
0.316519  -0.15494  -0.0764527  -0.15494  0.324409  0.1167  -0.0764527  0.1167  0.173298
0.316428  -0.154724  -0.0763247  -0.154724  0.324096  0.116509  -0.0763247  0.116509  0.173226
0.316422  -0.154699  -0.0763287  -0.154699  0.324062  0.1165  -0.0763287  0.1165  0.173227
0.316308  -0.15445  -0.0762006  -0.15445  0.323727  0.116307  -0.0762006  0.116307  0.17316
0.316294  -0.154416  -0.076183  -0.154416  0.323677  0.116279  -0.076183  0.116279  0.17315
0.316174  -0.154158  -0.0760336  -0.154158  0.323328  0.116067  -0.0760336  0.116067  0.173072
0.316161  -0.154124  -0.076016  -0.154124  0.323279  0.116039  -0.076016  0.116039  0.173062
0.316126  -0.154046  -0.0759592  -0.154046  0.323165  0.115963  -0.0759592  0.115963  0.173031
0.316007  -0.153774  -0.075836  -0.153774  0.322799  0.115762  -0.075836  0.115762  0.172966
0.316  -0.153765  -0.0758145  -0.153765  0.322784  0.115744  -0.0758145  0.115744  0.172955
0.315926  -0.15357  -0.0757308  -0.15357  0.322504  0.115592  -0.0757308  0.115592  0.172907
0.315919  -0.153545  -0.0757348  -0.153545  0.32247  0.115583  -0.0757348  0.115583  0.172908
0.315844  -0.153351  -0.0756514  -0.153351  0.322192  0.115432  -0.0756514  0.115432  0.17286
0.315838  -0.153327  -0.0756554  -0.153327  0.322158  0.115423  -0.0756554  0.115423  0.172862
0.315827  -0.153252  -0.0756501  -0.153252  0.322029  0.115368  -0.0756501  0.115368  0.172851
0.315773  -0.153102  -0.0756058  -0.153102  0.321815  0.115265  -0.0756058  0.115265  0.172824
0.315783  -0.153086  -0.075614  -0.153086  0.321769  0.115248  -0.075614  0.115248  0.172822
0.315763  -0.153027  -0.0756005  -0.153027  0.321687  0.11521  -0.0756005  0.11521  0.172814
0.315709  -0.152892  -0.0755307  -0.152892  0.321492  0.115097  -0.0755307  0.115097  0.172774
0.315702  -0.152868  -0.0755347  -0.152868  0.321458  0.115088  -0.0755347  0.115088  0.172776
0.315655  -0.152742  -0.0754865  -0.152742  0.321279  0.114994  -0.0754865  0.114994  0.172748
0.315648  -0.152733  -0.075465  -0.152733  0.321264  0.114976  -0.075465  0.114976  0.172736
0.315587  -0.152588  -0.075374  -0.152588  0.321055  0.114845  -0.075374  0.114845  0.172686
0.315581  -0.152564  -0.075378  -0.152564  0.321021  0.114835  -0.075378  0.114835  0.172687
0.31552  -0.15242  -0.0752871  -0.15242  0.320813  0.114704  -0.0752871  0.114704  0.172637
0.315513  -0.15241  -0.0752657  -0.15241  0.320798  0.114686  -0.0752657  0.114686  0.172625
0.315469  -0.152275  -0.0751791  -0.152275  0.320577  0.114548  -0.0751791  0.114548  0.172571
0.315462  -0.152251  -0.0751832  -0.152251  0.320544  0.114538  -0.0751832  0.114538  0.172573
0.315442  -0.152193  -0.0751699  -0.152193  0.320462  0.114501  -0.0751699  0.114501  0.172564
0.315405  -0.152067  -0.0751047  -0.152067  0.320257  0.114382  -0.0751047  0.114382  0.172522
0.315398  -0.152042  -0.0751087  -0.152042  0.320224  0.114373  -0.0751087  0.114373  0.172523
0.315377  -0.151925  -0.0750478  -0.151925  0.320007  0.114246  -0.0750478  0.114246  0.172476
0.31537  -0.151901  -0.0750518  -0.151901  0.319974  0.114237  -0.0750518  0.114237  0.172478
0.315366  -0.151851  -0.0750427  -0.151851  0.31988  0.114192  -0.0750427  0.114192  0.172466
0.315352  -0.151743  -0.0750031  -0.151743  0.319679  0.114085  -0.0750031  0.114085  0.172431
0.315345  -0.151734  -0.0749818  -0.151734  0.319664  0.114066  -0.0749818  0.114066  0.172419
0.315314  -0.151633  -0.0749128  -0.151633  0.319493  0.113957  -0.0749128  0.113957  0.172375
0.315301  -0.151599  -0.0748955  -0.151599  0.319445  0.113929  -0.0748955  0.113929  0.172366
0.315279  -0.151482  -0.0748348  -0.151482  0.31923  0.113803  -0.0748348  0.113803  0.172319
0.315272  -0.151473  -0.0748135  -0.151473  0.319215  0.113785  -0.0748135  0.113785  0.172308
0.315262  -0.151414  -0.0747831  -0.151414  0.319107  0.113722  -0.0747831  0.113722  0.172285
0.315224  -0.151319  -0.0746678  -0.151319  0.318941  0.113586  -0.0746678  0.113586  0.172218
0.315217  -0.15131  -0.0746466  -0.15131  0.318926  0.113567  -0.0746466  0.113567  0.172207
0.315195  -0.151193  -0.074586  -0.151193  0.318712  0.113442  -0.074586  0.113442  0.17216
0.315182  -0.151159  -0.0745688  -0.151159  0.318664  0.113414  -0.0745688  0.113414  0.172151
0.315178  -0.151125  -0.0745345  -0.151125  0.31859  0.113361  -0.0745345  0.113361  0.172126
0.315169  -0.151056  -0.0744659  -0.151056  0.318441  0.113254  -0.0744659  0.113254  0.172077
0.315163  -0.151032  -0.0744699  -0.151032  0.318408  0.113245  -0.0744699  0.113245  0.172079
0.315155  -0.150949  -0.0744266  -0.150949  0.318241  0.113148  -0.0744266  0.113148  0.172043
0.315155  -0.150949  -0.0744266  -0.150949  0.318241  0.113148  -0.0744266  0.113148  0.172043
0.315157  -0.150924  -0.0744135  -0.150924  0.318182  0.113113  -0.0744135  0.113113  0.172029
0.31514  -0.150856  -0.0743621  -0.150856  0.31806  0.113032  -0.0743621  0.113032  0.171995
0.315127  -0.150823  -0.074345  -0.150823  0.318012  0.113004  -0.074345  0.113004  0.171986
0.315109  -0.150756  -0.0742936  -0.150756  0.317891  0.112924  -0.0742936  0.112924  0.171952
0.315098  -0.150712  -0.0742382  -0.150712  0.317802  0.112852  -0.0742382  0.112852  0.171917
0.315092  -0.150688  -0.0742423  -0.150688  0.31777  0.112843  -0.0742423  0.112843  0.171918
0.315072  -0.150646  -0.0742041  -0.150646  0.317708  0.112798  -0.0742041  0.112798  0.171898
0.315065  -0.150637  -0.0741829  -0.150637  0.317693  0.112779  -0.0741829  0.112779  0.171887
0.315025  -0.150552  -0.0741066  -0.150552  0.317569  0.112688  -0.0741066  0.112688  0.171846
0.315025  -0.150552  -0.0741066  -0.150552  0.317569  0.112688  -0.0741066  0.112688  0.171846
0.314993  -0.150477  -0.0740514  -0.150477  0.31746  0.112615  -0.0740514  0.112615  0.171816
0.314986  -0.150468  -0.0740303  -0.150468  0.317446  0.112597  -0.0740303  0.112597  0.171806
0.314973  -0.150435  -0.0740133  -0.150435  0.317399  0.112569  -0.0740133  0.112569  0.171796
0.314947  -0.150369  -0.0739792  -0.150369  0.317304  0.112515  -0.0739792  0.112515  0.171777
0.31494  -0.150345  -0.0739833  -0.150345  0.317271  0.112505  -0.0739833  0.112505  0.171779
0.314927  -0.150312  -0.0739663  -0.150312  0.317224  0.112478  -0.0739663  0.112478  0.171769
0.314908  -0.150269  -0.0739282  -0.150269  0.317163  0.112433  -0.0739282  0.112433  0.171749
0.314895  -0.150236  -0.0739112  -0.150236  0.317115  0.112405  -0.0739112  0.112405  0.17174
0.314888  -0.150213  -0.0739153  -0.150213  0.317083  0.112396  -0.0739153  0.112396  0.171741
0.314882  -0.150189  -0.0739194  -0.150189  0.31705  0.112387  -0.0739194  0.112387  0.171743
0.314862  -0.150147  -0.0738813  -0.150147  0.316989  0.112342  -0.0738813  0.112342  0.171723
0.314856  -0.150137  -0.0738603  -0.150137  0.316974  0.112323  -0.0738603  0.112323  0.171712
0.314814  -0.150063  -0.0738224  -0.150063  0.316892  0.112276  -0.0738224  0.112276  0.171697
0.314814  -0.150063  -0.0738224  -0.150063  0.316892  0.112276  -0.0738224  0.112276  0.171697
0.314782  -0.149988  -0.0737674  -0.149988  0.316784  0.112204  -0.0737674  0.112204  0.171667
0.314782  -0.149988  -0.0737674  -0.149988  0.316784  0.112204  -0.0737674  0.112204  0.171667
0.314755  -0.149937  -0.0737084  -0.149937  0.316708  0.11214  -0.0737084  0.11214  0.171636
0.314755  -0.149937  -0.0737084  -0.149937  0.316708  0.11214  -0.0737084  0.11214  0.171636
0.314701  -0.149831  -0.0736537  -0.149831  0.316579  0.112066  -0.0736537  0.112066  0.171612
0.314701  -0.149831  -0.0736537  -0.149831  0.316579  0.112066  -0.0736537  0.112066  0.171612
0.314684  -0.149764  -0.0736028  -0.149764  0.316459  0.111986  -0.0736028  0.111986  0.171579
0.314684  -0.149764  -0.0736028  -0.149764  0.316459  0.111986  -0.0736028  0.111986  0.171579
0.314658  -0.149698  -0.073569  -0.149698  0.316365  0.111932  -0.073569  0.111932  0.171561
0.314658  -0.149698  -0.073569  -0.149698  0.316365  0.111932  -0.073569  0.111932  0.171561
0.314627  -0.149609  -0.0735393  -0.149609  0.316239  0.111868  -0.0735393  0.111868  0.171544
0.314627  -0.149609  -0.0735393  -0.149609  0.316239  0.111868  -0.0735393  0.111868  0.171544
0.314594  -0.149534  -0.0734846  -0.149534  0.316131  0.111796  -0.0734846  0.111796  0.171514
0.314594  -0.149534  -0.0734846  -0.149534  0.316131  0.111796  -0.0734846  0.111796  0.171514
0.314569  -0.149468  -0.0734509  -0.149468  0.316037  0.111742  -0.0734509  0.111742  0.171496
0.314569  -0.149468  -0.0734509  -0.149468  0.316037  0.111742  -0.0734509  0.111742  0.171496
0.314521  -0.149386  -0.0733923  -0.149386  0.315942  0.111677  -0.0733923  0.111677  0.171471
0.314521  -0.149386  -0.0733923  -0.149386  0.315942  0.111677  -0.0733923  0.111677  0.171471
0.314495  -0.149335  -0.0733337  -0.149335  0.315866  0.111614  -0.0733337  0.111614  0.17144
0.314495  -0.149335  -0.0733337  -0.149335  0.315866  0.111614  -0.0733337  0.111614  0.17144
0.314482  -0.149302  -0.0733168  -0.149302  0.31582  0.111587  -0.0733168  0.111587  0.171431
0.314454  -0.149262  -0.0732961  -0.149262  0.315785  0.111567  -0.0732961  0.111567  0.171426
0.314447  -0.149253  -0.0732752  -0.149253  0.315771  0.111549  -0.0732752  0.111549  0.171415
0.314435  -0.14922  -0.0732584  -0.14922  0.315724  0.111522  -0.0732584  0.111522  0.171406
0.314435  -0.14922  -0.0732584  -0.14922  0.315724  0.111522  -0.0732584  0.111522  0.171406
0.314428  -0.149211  -0.0732375  -0.149211  0.31571  0.111504  -0.0732375  0.111504  0.171395
0.314422  -0.149187  -0.0732416  -0.149187  0.315677  0.111495  -0.0732416  0.111495  0.171396
0.314422  -0.149187  -0.0732416  -0.149187  0.315677  0.111495  -0.0732416  0.111495  0.171396
0.314415  -0.149178  -0.0732207  -0.149178  0.315663  0.111477  -0.0732207  0.111477  0.171386
0.314415  -0.149178  -0.0732207  -0.149178  0.315663  0.111477  -0.0732207  0.111477  0.171386
0.314424  -0.149177  -0.0732037  -0.149177  0.315637  0.111452  -0.0732037  0.111452  0.171371
0.314418  -0.149168  -0.0731828  -0.149168  0.315623  0.111434  -0.0731828  0.111434  0.171361
0.314411  -0.149159  -0.0731619  -0.149159  0.315608  0.111416  -0.0731619  0.111416  0.17135
0.314411  -0.149159  -0.0731619  -0.149159  0.315608  0.111416  -0.0731619  0.111416  0.17135
0.314392  -0.149118  -0.0731242  -0.149118  0.315548  0.111371  -0.0731242  0.111371  0.17133
0.314392  -0.149118  -0.0731242  -0.149118  0.315548  0.111371  -0.0731242  0.111371  0.17133
0.314379  -0.1491  -0.0730825  -0.1491  0.315519  0.111335  -0.0730825  0.111335  0.171309
0.314379  -0.1491  -0.0730825  -0.1491  0.315519  0.111335  -0.0730825  0.111335  0.171309
0.314379  -0.1491  -0.0730825  -0.1491  0.315519  0.111335  -0.0730825  0.111335  0.171309
0.314374  -0.149066  -0.0730487  -0.149066  0.315446  0.111283  -0.0730487  0.111283  0.171285
0.314374  -0.149066  -0.0730487  -0.149066  0.315446  0.111283  -0.0730487  0.111283  0.171285
0.314362  -0.149034  -0.073032  -0.149034  0.3154  0.111256  -0.073032  0.111256  0.171276
0.314362  -0.149034  -0.073032  -0.149034  0.3154  0.111256  -0.073032  0.111256  0.171276
0.314355  -0.149025  -0.0730111  -0.149025  0.315385  0.111238  -0.0730111  0.111238  0.171266
0.314358  -0.149  -0.0729982  -0.149  0.315327  0.111204  -0.0729982  0.111204  0.171253
0.314358  -0.149  -0.0729982  -0.149  0.315327  0.111204  -0.0729982  0.111204  0.171253
0.314339  -0.148958  -0.0729606  -0.148958  0.315266  0.111159  -0.0729606  0.111159  0.171233
0.314339  -0.148958  -0.0729606  -0.148958  0.315266  0.111159  -0.0729606  0.111159  0.171233
0.314325  -0.14894  -0.0729189  -0.14894  0.315238  0.111123  -0.0729189  0.111123  0.171212
0.314325  -0.14894  -0.0729189  -0.14894  0.315238  0.111123  -0.0729189  0.111123  0.171212
0.314319  -0.148917  -0.0729231  -0.148917  0.315205  0.111114  -0.0729231  0.111114  0.171213
0.314306  -0.148899  -0.0728814  -0.148899  0.315177  0.111079  -0.0728814  0.111079  0.171192
0.314306  -0.148899  -0.0728814  -0.148899  0.315177  0.111079  -0.0728814  0.111079  0.171192
0.314294  -0.148866  -0.0728647  -0.148866  0.315131  0.111052  -0.0728647  0.111052  0.171183
0.314294  -0.148866  -0.0728647  -0.148866  0.315131  0.111052  -0.0728647  0.111052  0.171183
0.314287  -0.148857  -0.0728438  -0.148857  0.315116  0.111034  -0.0728438  0.111034  0.171172
0.314274  -0.148825  -0.0728271  -0.148825  0.31507  0.111007  -0.0728271  0.111007  0.171163
0.314274  -0.148825  -0.0728271  -0.148825  0.31507  0.111007  -0.0728271  0.111007  0.171163
0.314262  -0.148792  -0.0728104  -0.148792  0.315024  0.11098  -0.0728104  0.11098  0.171154
0.314255  -0.148783  -0.0727896  -0.148783  0.315009  0.110962  -0.0727896  0.110962  0.171144
0.314249  -0.148774  -0.0727688  -0.148774  0.314995  0.110945  -0.0727688  0.110945  0.171133
0.314249  -0.148774  -0.0727688  -0.148774  0.314995  0.110945  -0.0727688  0.110945  0.171133
0.314249  -0.148774  -0.0727688  -0.148774  0.314995  0.110945  -0.0727688  0.110945  0.171133
0.314221  -0.148734  -0.0727483  -0.148734  0.314961  0.110925  -0.0727483  0.110925  0.171128
0.314214  -0.148725  -0.0727275  -0.148725  0.314947  0.110907  -0.0727275  0.110907  0.171118
0.314214  -0.148725  -0.0727275  -0.148725  0.314947  0.110907  -0.0727275  0.110907  0.171118
0.314208  -0.148716  -0.0727067  -0.148716  0.314933  0.11089  -0.0727067  0.11089  0.171107
0.314201  -0.148707  -0.0726859  -0.148707  0.314919  0.110872  -0.0726859  0.110872  0.171097
0.314201  -0.148707  -0.0726859  -0.148707  0.314919  0.110872  -0.0726859  0.110872  0.171097
0.314195  -0.148698  -0.0726651  -0.148698  0.314904  0.110854  -0.0726651  0.110854  0.171086
0.314195  -0.148698  -0.0726651  -0.148698  0.314904  0.110854  -0.0726651  0.110854  0.171086
0.314188  -0.148689  -0.0726443  -0.148689  0.31489  0.110836  -0.0726443  0.110836  0.171076
0.314188  -0.148689  -0.0726443  -0.148689  0.31489  0.110836  -0.0726443  0.110836  0.171076
0.314182  -0.14868  -0.0726235  -0.14868  0.314876  0.110818  -0.0726235  0.110818  0.171065
0.314166  -0.148673  -0.0726197  -0.148673  0.314888  0.110826  -0.0726197  0.110826  0.171069
0.31416  -0.148664  -0.0725989  -0.148664  0.314874  0.110808  -0.0725989  0.110808  0.171059
0.31416  -0.148664  -0.0725989  -0.148664  0.314874  0.110808  -0.0725989  0.110808  0.171059
0.314153  -0.148655  -0.0725782  -0.148655  0.31486  0.11079  -0.0725782  0.11079  0.171048
0.31416  -0.148678  -0.072574  -0.148678  0.314892  0.110799  -0.072574  0.110799  0.171047
0.31416  -0.148678  -0.072574  -0.148678  0.314892  0.110799  -0.072574  0.110799  0.171047
0.314147  -0.148661  -0.0725325  -0.148661  0.314864  0.110764  -0.0725325  0.110764  0.171026
0.314147  -0.148661  -0.0725325  -0.148661  0.314864  0.110764  -0.0725325  0.110764  0.171026
0.314147  -0.148661  -0.0725325  -0.148661  0.314864  0.110764  -0.0725325  0.110764  0.171026
0.314134  -0.148643  -0.0724909  -0.148643  0.314835  0.110728  -0.0724909  0.110728  0.171005
0.314134  -0.148643  -0.0724909  -0.148643  0.314835  0.110728  -0.0724909  0.110728  0.171005
0.314112  -0.148626  -0.0724664  -0.148626  0.314833  0.110718  -0.0724664  0.110718  0.170998
0.314112  -0.148626  -0.0724664  -0.148626  0.314833  0.110718  -0.0724664  0.110718  0.170998
0.314105  -0.148632  -0.0724207  -0.148632  0.314837  0.110691  -0.0724207  0.110691  0.170976
0.314105  -0.148632  -0.0724207  -0.148632  0.314837  0.110691  -0.0724207  0.110691  0.170976
0.314086  -0.14859  -0.0723834  -0.14859  0.314777  0.110647  -0.0723834  0.110647  0.170957
0.314071  -0.148583  -0.0723796  -0.148583  0.314789  0.110654  -0.0723796  0.110654  0.170961
0.314064  -0.148574  -0.0723588  -0.148574  0.314775  0.110636  -0.0723588  0.110636  0.17095
0.314051  -0.148556  -0.0723174  -0.148556  0.314747  0.110601  -0.0723174  0.110601  0.170929
0.314057  -0.148579  -0.0723132  -0.148579  0.314779  0.11061  -0.0723132  0.11061  0.170928
0.314023  -0.14853  -0.0722721  -0.14853  0.31473  0.110573  -0.0722721  0.110573  0.170913
0.314023  -0.14853  -0.0722721  -0.14853  0.31473  0.110573  -0.0722721  0.110573  0.170913
0.31401  -0.148513  -0.0722307  -0.148513  0.314702  0.110537  -0.0722307  0.110537  0.170892
0.31401  -0.148513  -0.0722307  -0.148513  0.314702  0.110537  -0.0722307  0.110537  0.170892
0.313989  -0.148496  -0.0722062  -0.148496  0.3147  0.110527  -0.0722062  0.110527  0.170885
0.31397  -0.148455  -0.0721689  -0.148455  0.31464  0.110482  -0.0721689  0.110482  0.170866
0.31397  -0.148455  -0.0721689  -0.148455  0.31464  0.110482  -0.0721689  0.110482  0.170866
0.313942  -0.148429  -0.0721237  -0.148429  0.314624  0.110454  -0.0721237  0.110454  0.170849
0.313935  -0.14842  -0.072103  -0.14842  0.31461  0.110437  -0.072103  0.110437  0.170839
0.313907  -0.148395  -0.0720579  -0.148395  0.314594  0.110409  -0.0720579  0.110409  0.170822
0.313907  -0.148395  -0.0720579  -0.148395  0.314594  0.110409  -0.0720579  0.110409  0.170822
0.313894  -0.148377  -0.0720165  -0.148377  0.314565  0.110373  -0.0720165  0.110373  0.170802
0.313894  -0.148377  -0.0720165  -0.148377  0.314565  0.110373  -0.0720165  0.110373  0.170802
0.313873  -0.14836  -0.0719921  -0.14836  0.314563  0.110363  -0.0719921  0.110363  0.170795
0.31386  -0.148343  -0.0719507  -0.148343  0.314535  0.110328  -0.0719507  0.110328  0.170775
0.31386  -0.148343  -0.0719507  -0.148343  0.314535  0.110328  -0.0719507  0.110328  0.170775
0.313833  -0.148302  -0.0719305  -0.148302  0.314501  0.110308  -0.0719305  0.110308  0.17077
0.313833  -0.148302  -0.0719305  -0.148302  0.314501  0.110308  -0.0719305  0.110308  0.17077
0.313826  -0.148308  -0.071885  -0.148308  0.314505  0.110282  -0.071885  0.110282  0.170748
0.313826  -0.148308  -0.071885  -0.148308  0.314505  0.110282  -0.071885  0.110282  0.170748
0.313804  -0.148292  -0.0718606  -0.148292  0.314503  0.110272  -0.0718606  0.110272  0.170741
0.313804  -0.148292  -0.0718606  -0.148292  0.314503  0.110272  -0.0718606  0.110272  0.170741
0.313798  -0.148283  -0.0718399  -0.148283  0.314489  0.110254  -0.0718399  0.110254  0.170731
0.313798  -0.148283  -0.0718399  -0.148283  0.314489  0.110254  -0.0718399  0.110254  0.170731
0.313782  -0.14829  -0.0718113  -0.14829  0.314519  0.110253  -0.0718113  0.110253  0.170723
0.313782  -0.14829  -0.0718113  -0.14829  0.314519  0.110253  -0.0718113  0.110253  0.170723
0.313782  -0.14829  -0.0718113  -0.14829  0.314519  0.110253  -0.0718113  0.110253  0.170723
0.313782  -0.148304  -0.0717865  -0.148304  0.314537  0.110244  -0.0717865  0.110244  0.170712
0.313782  -0.148304  -0.0717865  -0.148304  0.314537  0.110244  -0.0717865  0.110244  0.170712
0.313767  -0.148311  -0.0717579  -0.148311  0.314567  0.110243  -0.0717579  0.110243  0.170704
0.313767  -0.148311  -0.0717579  -0.148311  0.314567  0.110243  -0.0717579  0.110243  0.170704
0.31376  -0.148302  -0.0717373  -0.148302  0.314553  0.110225  -0.0717373  0.110225  0.170694
0.31376  -0.148302  -0.0717373  -0.148302  0.314553  0.110225  -0.0717373  0.110225  0.170694
0.31376  -0.148317  -0.0717125  -0.148317  0.314571  0.110216  -0.0717125  0.110216  0.170682
0.31376  -0.148317  -0.0717125  -0.148317  0.314571  0.110216  -0.0717125  0.110216  0.170682
0.313753  -0.148308  -0.0716919  -0.148308  0.314557  0.110199  -0.0716919  0.110199  0.170672
0.313753  -0.148308  -0.0716919  -0.148308  0.314557  0.110199  -0.0716919  0.110199  0.170672
0.313753  -0.148323  -0.071667  -0.148323  0.314575  0.11019  -0.071667  0.11019  0.17066
0.313746  -0.148314  -0.0716464  -0.148314  0.314561  0.110172  -0.0716464  0.110172  0.17065
0.31374  -0.148305  -0.0716258  -0.148305  0.314547  0.110155  -0.0716258  0.110155  0.17064
0.31374  -0.148305  -0.0716258  -0.148305  0.314547  0.110155  -0.0716258  0.110155  0.17064
0.313727  -0.148287  -0.0715846  -0.148287  0.314519  0.11012  -0.0715846  0.11012  0.170619
0.313727  -0.148287  -0.0715846  -0.148287  0.314519  0.11012  -0.0715846  0.11012  0.170619
0.313714  -0.14827  -0.0715434  -0.14827  0.314491  0.110084  -0.0715434  0.110084  0.170599
0.313714  -0.14827  -0.0715434  -0.14827  0.314491  0.110084  -0.0715434  0.110084  0.170599
0.313708  -0.148261  -0.0715228  -0.148261  0.314477  0.110067  -0.0715228  0.110067  0.170589
0.31371  -0.148251  -0.0714853  -0.148251  0.314437  0.110024  -0.0714853  0.110024  0.170564
0.31371  -0.148251  -0.0714853  -0.148251  0.314437  0.110024  -0.0714853  0.110024  0.170564
0.313704  -0.148242  -0.0714647  -0.148242  0.314423  0.110006  -0.0714647  0.110006  0.170554
0.313691  -0.148225  -0.0714235  -0.148225  0.314395  0.109971  -0.0714235  0.109971  0.170534
0.313685  -0.148216  -0.0714029  -0.148216  0.314381  0.109954  -0.0714029  0.109954  0.170524
0.313672  -0.148184  -0.0713866  -0.148184  0.314335  0.109927  -0.0713866  0.109927  0.170515
0.313666  -0.148175  -0.071366  -0.148175  0.314321  0.10991  -0.071366  0.10991  0.170505
0.313653  -0.148157  -0.0713248  -0.148157  0.314293  0.109874  -0.0713248  0.109874  0.170485
0.313653  -0.148157  -0.0713248  -0.148157  0.314293  0.109874  -0.0713248  0.109874  0.170485
0.313647  -0.148148  -0.0713043  -0.148148  0.314279  0.109857  -0.0713043  0.109857  0.170475
0.31364  -0.148139  -0.0712837  -0.148139  0.314265  0.109839  -0.0712837  0.109839  0.170464
0.313627  -0.148122  -0.0712426  -0.148122  0.314237  0.109804  -0.0712426  0.109804  0.170444
0.313627  -0.148122  -0.0712426  -0.148122  0.314237  0.109804  -0.0712426  0.109804  0.170444
0.313636  -0.148121  -0.0712257  -0.148121  0.314211  0.109779  -0.0712257  0.109779  0.17043
0.31363  -0.148112  -0.0712052  -0.148112  0.314197  0.109762  -0.0712052  0.109762  0.17042
0.31363  -0.148112  -0.0712052  -0.148112  0.314197  0.109762  -0.0712052  0.109762  0.17042
0.313611  -0.148086  -0.0711435  -0.148086  0.314155  0.109709  -0.0711435  0.109709  0.17039
0.313611  -0.148086  -0.0711435  -0.148086  0.314155  0.109709  -0.0711435  0.109709  0.17039
0.313604  -0.148077  -0.071123  -0.148077  0.314141  0.109692  -0.071123  0.109692  0.17038
0.313606  -0.148067  -0.0710856  -0.148067  0.314101  0.109649  -0.0710856  0.109649  0.170356
0.313606  -0.148067  -0.0710856  -0.148067  0.314101  0.109649  -0.0710856  0.109649  0.170356
0.3136  -0.148058  -0.0710651  -0.148058  0.314087  0.109632  -0.0710651  0.109632  0.170346
0.313596  -0.148025  -0.071032  -0.148025  0.314015  0.10958  -0.071032  0.10958  0.170323
0.313596  -0.148025  -0.071032  -0.148025  0.314015  0.10958  -0.071032  0.10958  0.170323
0.313586  -0.147983  -0.0709783  -0.147983  0.313929  0.109512  -0.0709783  0.109512  0.17029
0.313586  -0.147983  -0.0709783  -0.147983  0.313929  0.109512  -0.0709783  0.109512  0.17029
0.313595  -0.147982  -0.0709615  -0.147982  0.313903  0.109487  -0.0709615  0.109487  0.170276
0.313591  -0.147948  -0.0709284  -0.147948  0.313831  0.109435  -0.0709284  0.109435  0.170254
0.313584  -0.147939  -0.0709079  -0.147939  0.313817  0.109418  -0.0709079  0.109418  0.170244
0.313581  -0.147906  -0.0708748  -0.147906  0.313745  0.109367  -0.0708748  0.109367  0.170221
0.313574  -0.147897  -0.0708543  -0.147897  0.313731  0.109349  -0.0708543  0.109349  0.170211
0.313583  -0.147896  -0.0708375  -0.147896  0.313705  0.109324  -0.0708375  0.109324  0.170197
0.313573  -0.147854  -0.0707839  -0.147854  0.313619  0.109256  -0.0707839  0.109256  0.170165
0.313567  -0.147831  -0.0707881  -0.147831  0.313587  0.109247  -0.0707881  0.109247  0.170166
0.313563  -0.147812  -0.0707304  -0.147812  0.313534  0.109187  -0.0707304  0.109187  0.170132
0.313563  -0.147812  -0.0707304  -0.147812  0.313534  0.109187  -0.0707304  0.109187  0.170132
0.313553  -0.14777  -0.0706768  -0.14777  0.313448  0.109119  -0.0706768  0.109119  0.1701
0.313553  -0.14777  -0.0706768  -0.14777  0.313448  0.109119  -0.0706768  0.109119  0.1701
0.313558  -0.147721  -0.0706517  -0.147721  0.313332  0.109051  -0.0706517  0.109051  0.170075
0.313558  -0.147721  -0.0706517  -0.147721  0.313332  0.109051  -0.0706517  0.109051  0.170075
0.313554  -0.147703  -0.070594  -0.147703  0.313278  0.108992  -0.070594  0.108992  0.170041
0.313554  -0.147703  -0.070594  -0.147703  0.313278  0.108992  -0.070594  0.108992  0.170041
0.313538  -0.147637  -0.0705447  -0.147637  0.313161  0.108915  -0.0705447  0.108915  0.17001
0.313538  -0.147637  -0.0705447  -0.147637  0.313161  0.108915  -0.0705447  0.108915  0.17001
0.313546  -0.147636  -0.0705279  -0.147636  0.313135  0.10889  -0.0705279  0.10889  0.169997
0.313536  -0.147594  -0.0704745  -0.147594  0.313049  0.108822  -0.0704745  0.108822  0.169964
0.313536  -0.147594  -0.0704745  -0.147594  0.313049  0.108822  -0.0704745  0.108822  0.169964
0.313532  -0.147561  -0.0704415  -0.147561  0.312978  0.108771  -0.0704415  0.108771  0.169942
0.313526  -0.147552  -0.0704211  -0.147552  0.312964  0.108753  -0.0704211  0.108753  0.169932
0.313534  -0.147551  -0.0704043  -0.147551  0.312938  0.108729  -0.0704043  0.108729  0.169918
0.313524  -0.147509  -0.0703509  -0.147509  0.312853  0.10866  -0.0703509  0.10866  0.169886
0.313524  -0.147509  -0.0703509  -0.147509  0.312853  0.10866  -0.0703509  0.10866  0.169886
0.313521  -0.147476  -0.070318  -0.147476  0.312781  0.108609  -0.070318  0.108609  0.169864
0.313521  -0.147476  -0.070318  -0.147476  0.312781  0.108609  -0.070318  0.108609  0.169864
0.313516  -0.147457  -0.0702604  -0.147457  0.312728  0.10855  -0.0702604  0.10855  0.169831
0.313516  -0.147457  -0.0702604  -0.147457  0.312728  0.10855  -0.0702604  0.10855  0.169831
0.313519  -0.147433  -0.0702478  -0.147433  0.31267  0.108517  -0.0702478  0.108517  0.169818
0.313509  -0.147391  -0.0701945  -0.147391  0.312585  0.108449  -0.0701945  0.108449  0.169786
0.313509  -0.147391  -0.0701945  -0.147391  0.312585  0.108449  -0.0701945  0.108449  0.169786
0.313507  -0.147348  -0.0701244  -0.147348  0.312473  0.108356  -0.0701244  0.108356  0.169741
0.313507  -0.147348  -0.0701244  -0.147348  0.312473  0.108356  -0.0701244  0.108356  0.169741
0.313512  -0.147313  -0.0700747  -0.147313  0.312376  0.10828  -0.0700747  0.10828  0.169705
0.313512  -0.147313  -0.0700747  -0.147313  0.312376  0.10828  -0.0700747  0.10828  0.169705
0.313496  -0.147263  -0.0700011  -0.147263  0.312277  0.108195  -0.0700011  0.108195  0.169663
0.313489  -0.147254  -0.0699808  -0.147254  0.312263  0.108178  -0.0699808  0.108178  0.169653
0.313488  -0.147197  -0.0699354  -0.147197  0.312135  0.108094  -0.0699354  0.108094  0.169619
0.313497  -0.147181  -0.0699432  -0.147181  0.312091  0.108078  -0.0699432  0.108078  0.169616
0.313495  -0.147138  -0.0698733  -0.147138  0.31198  0.107985  -0.0698733  0.107985  0.169571
0.313495  -0.147138  -0.0698733  -0.147138  0.31198  0.107985  -0.0698733  0.107985  0.169571
0.313483  -0.147106  -0.0698572  -0.147106  0.311935  0.10796  -0.0698572  0.10796  0.169563
0.313491  -0.147047  -0.0697951  -0.147047  0.31178  0.107851  -0.0697951  0.107851  0.169515
0.313491  -0.147047  -0.0697951  -0.147047  0.31178  0.107851  -0.0697951  0.107851  0.169515
0.313489  -0.147004  -0.0697252  -0.147004  0.311669  0.107759  -0.0697252  0.107759  0.16947
0.313483  -0.146981  -0.0697295  -0.146981  0.311638  0.10775  -0.0697295  0.10775  0.169471
0.313496  -0.146945  -0.0696632  -0.146945  0.311515  0.107651  -0.0696632  0.107651  0.169422
0.31349  -0.146937  -0.0696429  -0.146937  0.311501  0.107633  -0.0696429  0.107633  0.169412
0.313492  -0.146912  -0.0696304  -0.146912  0.311444  0.1076  -0.0696304  0.1076  0.1694
0.313491  -0.146869  -0.0695605  -0.146869  0.311333  0.107508  -0.0695605  0.107508  0.169355
0.313491  -0.146869  -0.0695605  -0.146869  0.311333  0.107508  -0.0695605  0.107508  0.169355
0.313483  -0.146803  -0.069495  -0.146803  0.311192  0.107408  -0.069495  0.107408  0.169311
0.313492  -0.146802  -0.0694783  -0.146802  0.311166  0.107383  -0.0694783  0.107383  0.169298
0.313485  -0.146793  -0.069458  -0.146793  0.311152  0.107366  -0.069458  0.107366  0.169288
0.313499  -0.146758  -0.0693917  -0.146758  0.31103  0.107267  -0.0693917  0.107267  0.169239
0.313493  -0.146734  -0.069396  -0.146734  0.310998  0.107258  -0.069396  0.107258  0.169241
0.313497  -0.1467  -0.0693465  -0.1467  0.310902  0.107183  -0.0693465  0.107183  0.169206
0.313506  -0.146699  -0.0693298  -0.146699  0.310876  0.107159  -0.0693298  0.107159  0.169192
0.31351  -0.146665  -0.0692803  -0.146665  0.310779  0.107084  -0.0692803  0.107084  0.169157
0.31351  -0.146665  -0.0692803  -0.146665  0.310779  0.107084  -0.0692803  0.107084  0.169157
0.313519  -0.146663  -0.0692636  -0.146663  0.310753  0.10706  -0.0692636  0.10706  0.169143
0.313518  -0.146606  -0.0692184  -0.146606  0.310625  0.106976  -0.0692184  0.106976  0.16911
0.313518  -0.146606  -0.0692184  -0.146606  0.310625  0.106976  -0.0692184  0.106976  0.16911
0.313522  -0.146586  -0.0691444  -0.146586  0.310547  0.106893  -0.0691444  0.106893  0.169064
0.313536  -0.146593  -0.0691479  -0.146593  0.310535  0.106886  -0.0691479  0.106886  0.16906
0.313526  -0.146552  -0.069095  -0.146552  0.31045  0.106819  -0.069095  0.106819  0.169029
0.313535  -0.146536  -0.0691028  -0.146536  0.310407  0.106803  -0.0691028  0.106803  0.169026
0.313529  -0.146527  -0.0690825  -0.146527  0.310393  0.106786  -0.0690825  0.106786  0.169017
0.313527  -0.146499  -0.0689884  -0.146499  0.310301  0.106686  -0.0689884  0.106686  0.168961
0.313527  -0.146499  -0.0689884  -0.146499  0.310301  0.106686  -0.0689884  0.106686  0.168961
0.313519  -0.146433  -0.0689232  -0.146433  0.31016  0.106586  -0.0689232  0.106586  0.168918
0.313519  -0.146433  -0.0689232  -0.146433  0.31016  0.106586  -0.0689232  0.106586  0.168918
0.313497  -0.146374  -0.06883  -0.146374  0.310049  0.106485  -0.06883  0.106485  0.168869
0.313497  -0.146374  -0.06883  -0.146374  0.310049  0.106485  -0.06883  0.106485  0.168869
0.313499  -0.146364  -0.0687931  -0.146364  0.31001  0.106444  -0.0687931  0.106444  0.168846
0.313491  -0.146298  -0.0687279  -0.146298  0.309869  0.106344  -0.0687279  0.106344  0.168803
0.313491  -0.146298  -0.0687279  -0.146298  0.309869  0.106344  -0.0687279  0.106344  0.168803
0.313469  -0.146239  -0.0686349  -0.146239  0.309758  0.106244  -0.0686349  0.106244  0.168754
0.313469  -0.146239  -0.0686349  -0.146239  0.309758  0.106244  -0.0686349  0.106244  0.168754
0.313465  -0.146206  -0.0686024  -0.146206  0.309687  0.106194  -0.0686024  0.106194  0.168733
0.313443  -0.146133  -0.0685339  -0.146133  0.309559  0.106102  -0.0685339  0.106102  0.168694
0.313443  -0.146133  -0.0685339  -0.146133  0.309559  0.106102  -0.0685339  0.106102  0.168694
0.313414  -0.146065  -0.068421  -0.146065  0.309435  0.105985  -0.068421  0.105985  0.168636
0.313414  -0.146065  -0.068421  -0.146065  0.309435  0.105985  -0.068421  0.105985  0.168636
0.313396  -0.146025  -0.0683851  -0.146025  0.309377  0.105943  -0.0683851  0.105943  0.168619
0.313368  -0.145943  -0.0682967  -0.145943  0.309235  0.105834  -0.0682967  0.105834  0.168571
0.313368  -0.145943  -0.0682967  -0.145943  0.309235  0.105834  -0.0682967  0.105834  0.168571
0.313325  -0.145869  -0.0681806  -0.145869  0.309123  0.105724  -0.0681806  0.105724  0.168517
0.313318  -0.14586  -0.0681606  -0.14586  0.30911  0.105708  -0.0681606  0.105708  0.168508
0.313296  -0.145787  -0.0680924  -0.145787  0.308982  0.105616  -0.0680924  0.105616  0.16847
0.313296  -0.145787  -0.0680924  -0.145787  0.308982  0.105616  -0.0680924  0.105616  0.16847
0.313278  -0.145747  -0.0680567  -0.145747  0.308924  0.105574  -0.0680567  0.105574  0.168453
0.313256  -0.145689  -0.0679642  -0.145689  0.308814  0.105474  -0.0679642  0.105474  0.168404
0.31325  -0.14568  -0.0679442  -0.14568  0.308801  0.105458  -0.0679442  0.105458  0.168395
0.313208  -0.145577  -0.0678772  -0.145577  0.308654  0.105365  -0.0678772  0.105365  0.168363
0.313216  -0.145576  -0.0678606  -0.145576  0.308629  0.105341  -0.0678606  0.105341  0.16835
0.313174  -0.145487  -0.0677693  -0.145487  0.3085  0.105241  -0.0677693  0.105241  0.168307
0.313167  -0.145479  -0.0677493  -0.145479  0.308486  0.105224  -0.0677493  0.105224  0.168298
0.313149  -0.145453  -0.0676894  -0.145453  0.308447  0.105174  -0.0676894  0.105174  0.168271
0.313122  -0.145358  -0.067626  -0.145358  0.308288  0.105075  -0.067626  0.105075  0.168234
0.313115  -0.145349  -0.067606  -0.145349  0.308275  0.105058  -0.067606  0.105058  0.168225
0.313093  -0.145291  -0.067514  -0.145291  0.308165  0.104959  -0.067514  0.104959  0.168178
0.313087  -0.145282  -0.067494  -0.145282  0.308152  0.104942  -0.067494  0.104942  0.168169
0.313045  -0.145194  -0.0674032  -0.145194  0.308024  0.104842  -0.0674032  0.104842  0.168126
0.313045  -0.145194  -0.0674032  -0.145194  0.308024  0.104842  -0.0674032  0.104842  0.168126
0.313029  -0.145144  -0.0673312  -0.145144  0.307928  0.10476  -0.0673312  0.10476  0.168088
0.313023  -0.145136  -0.0673113  -0.145136  0.307915  0.104743  -0.0673113  0.104743  0.168079
0.313001  -0.145078  -0.0672195  -0.145078  0.307805  0.104644  -0.0672195  0.104644  0.168031
0.313009  -0.145077  -0.0672028  -0.145077  0.30778  0.10462  -0.0672028  0.10462  0.168018
0.312997  -0.145045  -0.0671873  -0.145045  0.307736  0.104595  -0.0671873  0.104595  0.168011
0.312976  -0.144973  -0.0671199  -0.144973  0.307609  0.104505  -0.0671199  0.104505  0.167974
0.312976  -0.144973  -0.0671199  -0.144973  0.307609  0.104505  -0.0671199  0.104505  0.167974
0.31296  -0.144938  -0.0670238  -0.144938  0.307531  0.104415  -0.0670238  0.104415  0.167925
0.31296  -0.144938  -0.0670238  -0.144938  0.307531  0.104415  -0.0670238  0.104415  0.167925
0.312944  -0.144874  -0.0669763  -0.144874  0.307417  0.104341  -0.0669763  0.104341  0.167897
0.312938  -0.144865  -0.0669565  -0.144865  0.307404  0.104325  -0.0669565  0.104325  0.167888
0.312926  -0.144848  -0.0669168  -0.144848  0.307378  0.104292  -0.0669168  0.104292  0.167871
0.31291  -0.144799  -0.0668451  -0.144799  0.307282  0.10421  -0.0668451  0.10421  0.167833
0.312904  -0.14479  -0.0668253  -0.14479  0.307269  0.104193  -0.0668253  0.104193  0.167824
0.31288  -0.144742  -0.0667703  -0.144742  0.307199  0.104135  -0.0667703  0.104135  0.167799
0.31287  -0.144716  -0.0666943  -0.144716  0.307134  0.104062  -0.0666943  0.104062  0.16776
0.312865  -0.144693  -0.0666987  -0.144693  0.307103  0.104054  -0.0666987  0.104054  0.167761
0.312852  -0.144676  -0.0666591  -0.144676  0.307077  0.104021  -0.0666591  0.104021  0.167743
0.312837  -0.144627  -0.0665876  -0.144627  0.306982  0.103939  -0.0665876  0.103939  0.167705
0.312831  -0.144604  -0.066592  -0.144604  0.306951  0.103931  -0.066592  0.103931  0.167707
0.312815  -0.144569  -0.0664963  -0.144569  0.306873  0.103841  -0.0664963  0.103841  0.167659
0.312815  -0.144569  -0.0664963  -0.144569  0.306873  0.103841  -0.0664963  0.103841  0.167659
0.312773  -0.144481  -0.0664064  -0.144481  0.306746  0.103743  -0.0664064  0.103743  0.167618
0.312773  -0.144481  -0.0664064  -0.144481  0.306746  0.103743  -0.0664064  0.103743  0.167618
0.312758  -0.144432  -0.066335  -0.144432  0.306651  0.103661  -0.066335  0.103661  0.167581
0.312752  -0.144424  -0.0663153  -0.144424  0.306638  0.103645  -0.0663153  0.103645  0.167572
0.31276  -0.144422  -0.0662987  -0.144422  0.306613  0.103621  -0.0662987  0.103621  0.167559
0.312718  -0.144335  -0.066209  -0.144335  0.306486  0.103523  -0.066209  0.103523  0.167518
0.312718  -0.144335  -0.066209  -0.144335  0.306486  0.103523  -0.066209  0.103523  0.167518
0.312691  -0.144255  -0.0661225  -0.144255  0.306348  0.103417  -0.0661225  0.103417  0.167474
0.312691  -0.144255  -0.0661225  -0.144255  0.306348  0.103417  -0.0661225  0.103417  0.167474
0.31265  -0.144182  -0.0660088  -0.144182  0.306239  0.103311  -0.0660088  0.103311  0.167423
0.312628  -0.14411  -0.0659421  -0.14411  0.306114  0.103222  -0.0659421  0.103222  0.167388
0.312628  -0.14411  -0.0659421  -0.14411  0.306114  0.103222  -0.0659421  0.103222  0.167388
0.312581  -0.144015  -0.0658331  -0.144015  0.305975  0.103108  -0.0658331  0.103108  0.167339
0.312575  -0.144006  -0.0658134  -0.144006  0.305962  0.103091  -0.0658134  0.103091  0.16733
0.312572  -0.143974  -0.0657817  -0.143974  0.305893  0.103043  -0.0657817  0.103043  0.16731
0.312519  -0.143871  -0.0656532  -0.143871  0.305741  0.102913  -0.0656532  0.102913  0.167253
0.312513  -0.143848  -0.0656577  -0.143848  0.305711  0.102905  -0.0656577  0.102905  0.167255
0.312469  -0.143729  -0.065537  -0.143729  0.305517  0.102759  -0.065537  0.102759  0.167195
0.312469  -0.143729  -0.065537  -0.143729  0.305517  0.102759  -0.065537  0.102759  0.167195
0.312446  -0.143681  -0.0654827  -0.143681  0.305447  0.102702  -0.0654827  0.102702  0.167171
