0.300823  -0.14123  -0.0722753  -0.14123  0.329875  0.121947  -0.0722753  0.121947  0.177411
0.300823  -0.14123  -0.0722753  -0.14123  0.329875  0.121947  -0.0722753  0.121947  0.177411
0.300814  -0.141243  -0.0722664  -0.141243  0.329919  0.121963  -0.0722664  0.121963  0.177413
0.300814  -0.141257  -0.0722423  -0.141257  0.329937  0.121955  -0.0722423  0.121955  0.1774
0.300818  -0.141278  -0.0722379  -0.141278  0.329969  0.121964  -0.0722379  0.121964  0.177398
0.300813  -0.141298  -0.0722485  -0.141298  0.330027  0.121999  -0.0722485  0.121999  0.177412
0.300816  -0.14132  -0.0722441  -0.14132  0.330059  0.122009  -0.0722441  0.122009  0.17741
0.300823  -0.141363  -0.0722352  -0.141363  0.330123  0.122028  -0.0722352  0.122028  0.177407
0.300819  -0.141383  -0.0722458  -0.141383  0.330181  0.122063  -0.0722458  0.122063  0.17742
0.300822  -0.141404  -0.0722414  -0.141404  0.330213  0.122073  -0.0722414  0.122073  0.177418
0.300814  -0.141417  -0.0722325  -0.141417  0.330257  0.122089  -0.0722325  0.122089  0.17742
0.300817  -0.141439  -0.072228  -0.141439  0.330289  0.122099  -0.072228  0.122099  0.177419
0.300813  -0.141473  -0.0722146  -0.141473  0.330365  0.122125  -0.0722146  0.122125  0.177419
0.300804  -0.141486  -0.0722057  -0.141486  0.330409  0.122142  -0.0722057  0.122142  0.177421
0.300804  -0.141486  -0.0722057  -0.141486  0.330409  0.122142  -0.0722057  0.122142  0.177421
0.300803  -0.141527  -0.0722119  -0.141527  0.3305  0.122187  -0.0722119  0.122187  0.177433
0.300803  -0.141527  -0.0722119  -0.141527  0.3305  0.122187  -0.0722119  0.122187  0.177433
0.30081  -0.14157  -0.0722029  -0.14157  0.330564  0.122206  -0.0722029  0.122206  0.17743
0.300806  -0.14159  -0.0722136  -0.14159  0.330622  0.122241  -0.0722136  0.122241  0.177443
0.300806  -0.14159  -0.0722136  -0.14159  0.330622  0.122241  -0.0722136  0.122241  0.177443
0.300801  -0.141625  -0.0722002  -0.141625  0.330698  0.122267  -0.0722002  0.122267  0.177444
0.300801  -0.141625  -0.0722002  -0.141625  0.330698  0.122267  -0.0722002  0.122267  0.177444
0.300811  -0.141675  -0.0722108  -0.141675  0.330777  0.122305  -0.0722108  0.122305  0.177452
0.300818  -0.141718  -0.0722019  -0.141718  0.330842  0.122324  -0.0722019  0.122324  0.177448
0.300818  -0.141718  -0.0722019  -0.141718  0.330842  0.122324  -0.0722019  0.122324  0.177448
0.300817  -0.141759  -0.0722081  -0.141759  0.330933  0.122369  -0.0722081  0.122369  0.17746
0.300817  -0.141759  -0.0722081  -0.141759  0.330933  0.122369  -0.0722081  0.122369  0.17746
0.300827  -0.14181  -0.0722187  -0.14181  0.331012  0.122407  -0.0722187  0.122407  0.177468
0.300838  -0.14186  -0.0722294  -0.14186  0.331091  0.122445  -0.0722294  0.122445  0.177476
0.300838  -0.14186  -0.0722294  -0.14186  0.331091  0.122445  -0.0722294  0.122445  0.177476
0.300837  -0.141901  -0.0722356  -0.141901  0.331182  0.122489  -0.0722356  0.122489  0.177487
0.300837  -0.141901  -0.0722356  -0.141901  0.331182  0.122489  -0.0722356  0.122489  0.177487
0.300851  -0.141973  -0.0722418  -0.141973  0.331294  0.122537  -0.0722418  0.122537  0.177494
0.300846  -0.141993  -0.0722524  -0.141993  0.331352  0.122572  -0.0722524  0.122572  0.177507
0.300846  -0.141993  -0.0722524  -0.141993  0.331352  0.122572  -0.0722524  0.122572  0.177507
0.300857  -0.142044  -0.0722631  -0.142044  0.331431  0.12261  -0.0722631  0.12261  0.177515
0.300857  -0.142044  -0.0722631  -0.142044  0.331431  0.12261  -0.0722631  0.12261  0.177515
0.300852  -0.142078  -0.0722496  -0.142078  0.331508  0.122636  -0.0722496  0.122636  0.177515
0.300852  -0.142078  -0.0722496  -0.142078  0.331508  0.122636  -0.0722496  0.122636  0.177515
0.300851  -0.14212  -0.0722558  -0.14212  0.331599  0.122681  -0.0722558  0.122681  0.177527
0.300843  -0.142133  -0.0722468  -0.142133  0.331643  0.122698  -0.0722468  0.122698  0.177529
0.300843  -0.142133  -0.0722468  -0.142133  0.331643  0.122698  -0.0722468  0.122698  0.177529
0.300834  -0.142146  -0.0722378  -0.142146  0.331687  0.122714  -0.0722378  0.122714  0.177531
0.300834  -0.142146  -0.0722378  -0.142146  0.331687  0.122714  -0.0722378  0.122714  0.177531
0.30083  -0.14218  -0.0722244  -0.14218  0.331764  0.122741  -0.0722244  0.122741  0.177532
0.30083  -0.14218  -0.0722244  -0.14218  0.331764  0.122741  -0.0722244  0.122741  0.177532
0.30083  -0.14218  -0.0722244  -0.14218  0.331764  0.122741  -0.0722244  0.122741  0.177532
0.300821  -0.142193  -0.0722154  -0.142193  0.331808  0.122757  -0.0722154  0.122757  0.177534
0.300821  -0.142193  -0.0722154  -0.142193  0.331808  0.122757  -0.0722154  0.122757  0.177534
0.300813  -0.142206  -0.0722064  -0.142206  0.331852  0.122774  -0.0722064  0.122774  0.177536
0.300805  -0.142219  -0.0721974  -0.142219  0.331896  0.122791  -0.0721974  0.122791  0.177538
0.300805  -0.142219  -0.0721974  -0.142219  0.331896  0.122791  -0.0721974  0.122791  0.177538
0.300793  -0.142225  -0.0721687  -0.142225  0.331926  0.122789  -0.0721687  0.122789  0.177529
0.300796  -0.142246  -0.0721643  -0.142246  0.331958  0.122799  -0.0721643  0.122799  0.177528
0.300796  -0.142246  -0.0721643  -0.142246  0.331958  0.122799  -0.0721643  0.122799  0.177528
0.300776  -0.142251  -0.0721507  -0.142251  0.332014  0.122822  -0.0721507  0.122822  0.177534
0.300776  -0.142251  -0.0721507  -0.142251  0.332014  0.122822  -0.0721507  0.122822  0.177534
0.30078  -0.142272  -0.0721462  -0.142272  0.332047  0.122832  -0.0721462  0.122832  0.177532
0.300768  -0.142263  -0.0721417  -0.142263  0.332058  0.122839  -0.0721417  0.122839  0.177536
0.300772  -0.142285  -0.0721372  -0.142285  0.332091  0.122849  -0.0721372  0.122849  0.177534
0.300763  -0.142298  -0.0721282  -0.142298  0.332135  0.122865  -0.0721282  0.122865  0.177537
0.300763  -0.142298  -0.0721282  -0.142298  0.332135  0.122865  -0.0721282  0.122865  0.177537
0.300759  -0.142332  -0.0721147  -0.142332  0.332212  0.122892  -0.0721147  0.122892  0.177537
0.300759  -0.142332  -0.0721147  -0.142332  0.332212  0.122892  -0.0721147  0.122892  0.177537
0.300754  -0.142367  -0.0721012  -0.142367  0.332289  0.122918  -0.0721012  0.122918  0.177538
0.300754  -0.142367  -0.0721012  -0.142367  0.332289  0.122918  -0.0721012  0.122918  0.177538
0.300746  -0.14238  -0.0720922  -0.14238  0.332333  0.122935  -0.0720922  0.122935  0.17754
0.300749  -0.142401  -0.0720877  -0.142401  0.332366  0.122945  -0.0720877  0.122945  0.177538
0.300737  -0.142393  -0.0720832  -0.142393  0.332377  0.122952  -0.0720832  0.122952  0.177542
0.300748  -0.142443  -0.0720938  -0.142443  0.332457  0.12299  -0.0720938  0.12299  0.17755
0.300736  -0.142434  -0.0720893  -0.142434  0.332469  0.122996  -0.0720893  0.122996  0.177554
0.300731  -0.142469  -0.0720757  -0.142469  0.332546  0.123023  -0.0720757  0.123023  0.177554
0.300723  -0.142482  -0.0720667  -0.142482  0.33259  0.12304  -0.0720667  0.12304  0.177556
0.300723  -0.142482  -0.0720667  -0.142482  0.33259  0.12304  -0.0720667  0.12304  0.177556
0.300715  -0.142495  -0.0720577  -0.142495  0.332634  0.123056  -0.0720577  0.123056  0.177559
0.300715  -0.142495  -0.0720577  -0.142495  0.332634  0.123056  -0.0720577  0.123056  0.177559
0.300695  -0.142499  -0.0720441  -0.142499  0.33269  0.12308  -0.0720441  0.12308  0.177565
0.300687  -0.142512  -0.0720351  -0.142512  0.332734  0.123097  -0.0720351  0.123097  0.177567
0.300687  -0.142512  -0.0720351  -0.142512  0.332734  0.123097  -0.0720351  0.123097  0.177567
0.300675  -0.142518  -0.0720064  -0.142518  0.332764  0.123095  -0.0720064  0.123095  0.177558
0.300675  -0.142518  -0.0720064  -0.142518  0.332764  0.123095  -0.0720064  0.123095  0.177558
0.300655  -0.142522  -0.0719928  -0.142522  0.33282  0.123119  -0.0719928  0.123119  0.177564
0.300646  -0.142535  -0.0719838  -0.142535  0.332864  0.123135  -0.0719838  0.123135  0.177566
0.300646  -0.142535  -0.0719838  -0.142535  0.332864  0.123135  -0.0719838  0.123135  0.177566
0.300638  -0.142548  -0.0719747  -0.142548  0.332909  0.123152  -0.0719747  0.123152  0.177568
0.300638  -0.142548  -0.0719747  -0.142548  0.332909  0.123152  -0.0719747  0.123152  0.177568
0.300618  -0.142552  -0.0719611  -0.142552  0.332965  0.123176  -0.0719611  0.123176  0.177574
0.30061  -0.142565  -0.0719521  -0.142565  0.333009  0.123192  -0.0719521  0.123192  0.177576
0.300613  -0.142586  -0.0719476  -0.142586  0.333042  0.123202  -0.0719476  0.123202  0.177575
0.300605  -0.142599  -0.0719385  -0.142599  0.333086  0.123219  -0.0719385  0.123219  0.177577
0.300605  -0.142599  -0.0719385  -0.142599  0.333086  0.123219  -0.0719385  0.123219  0.177577
0.3006  -0.142634  -0.0719249  -0.142634  0.333163  0.123245  -0.0719249  0.123245  0.177577
0.3006  -0.142634  -0.0719249  -0.142634  0.333163  0.123245  -0.0719249  0.123245  0.177577
0.300595  -0.142668  -0.0719114  -0.142668  0.333241  0.123272  -0.0719114  0.123272  0.177578
0.300587  -0.142681  -0.0719023  -0.142681  0.333285  0.123288  -0.0719023  0.123288  0.17758
0.300587  -0.142681  -0.0719023  -0.142681  0.333285  0.123288  -0.0719023  0.123288  0.17758
0.300582  -0.142715  -0.0718887  -0.142715  0.333363  0.123315  -0.0718887  0.123315  0.177581
0.300582  -0.142715  -0.0718887  -0.142715  0.333363  0.123315  -0.0718887  0.123315  0.177581
0.300577  -0.14275  -0.0718751  -0.14275  0.33344  0.123341  -0.0718751  0.123341  0.177581
0.300577  -0.14275  -0.0718751  -0.14275  0.33344  0.123341  -0.0718751  0.123341  0.177581
0.300581  -0.142771  -0.0718706  -0.142771  0.333473  0.123351  -0.0718706  0.123351  0.17758
0.300573  -0.142784  -0.0718615  -0.142784  0.333517  0.123368  -0.0718615  0.123368  0.177582
0.300576  -0.142806  -0.071857  -0.142806  0.33355  0.123377  -0.071857  0.123377  0.17758
0.300567  -0.142833  -0.0718238  -0.142833  0.333613  0.123385  -0.0718238  0.123385  0.17757
0.300567  -0.142833  -0.0718238  -0.142833  0.333613  0.123385  -0.0718238  0.123385  0.17757
0.300567  -0.142833  -0.0718238  -0.142833  0.333613  0.123385  -0.0718238  0.123385  0.17757
0.300563  -0.142868  -0.0718102  -0.142868  0.333691  0.123412  -0.0718102  0.123412  0.17757
0.300563  -0.142868  -0.0718102  -0.142868  0.333691  0.123412  -0.0718102  0.123412  0.17757
0.300558  -0.142902  -0.0717965  -0.142902  0.333768  0.123438  -0.0717965  0.123438  0.177571
0.300561  -0.142924  -0.071792  -0.142924  0.333801  0.123448  -0.071792  0.123448  0.177569
0.300561  -0.142924  -0.071792  -0.142924  0.333801  0.123448  -0.071792  0.123448  0.177569
0.300553  -0.142936  -0.0717829  -0.142936  0.333846  0.123465  -0.0717829  0.123465  0.177571
0.300553  -0.142936  -0.0717829  -0.142936  0.333846  0.123465  -0.0717829  0.123465  0.177571
0.30056  -0.14298  -0.0717739  -0.14298  0.333912  0.123484  -0.0717739  0.123484  0.177568
0.300551  -0.142992  -0.0717648  -0.142992  0.333956  0.123501  -0.0717648  0.123501  0.17757
0.300551  -0.142992  -0.0717648  -0.142992  0.333956  0.123501  -0.0717648  0.123501  0.17757
0.300558  -0.143036  -0.0717557  -0.143036  0.334022  0.12352  -0.0717557  0.12352  0.177567
0.300558  -0.143036  -0.0717557  -0.143036  0.334022  0.12352  -0.0717557  0.12352  0.177567
0.300553  -0.14307  -0.071742  -0.14307  0.3341  0.123547  -0.071742  0.123547  0.177568
0.300557  -0.143092  -0.0717375  -0.143092  0.334133  0.123557  -0.0717375  0.123557  0.177566
0.300557  -0.143092  -0.0717375  -0.143092  0.334133  0.123557  -0.0717375  0.123557  0.177566
0.300552  -0.143112  -0.071748  -0.143112  0.334192  0.123592  -0.071748  0.123592  0.177579
0.300555  -0.143134  -0.0717435  -0.143134  0.334226  0.123602  -0.0717435  0.123602  0.177578
0.300551  -0.143154  -0.071754  -0.143154  0.334285  0.123637  -0.071754  0.123637  0.177591
0.300554  -0.143175  -0.0717494  -0.143175  0.334318  0.123647  -0.0717494  0.123647  0.177589
0.300554  -0.143175  -0.0717494  -0.143175  0.334318  0.123647  -0.0717494  0.123647  0.177589
0.300553  -0.143217  -0.0717554  -0.143217  0.33441  0.123692  -0.0717554  0.123692  0.177601
0.300553  -0.143217  -0.0717554  -0.143217  0.33441  0.123692  -0.0717554  0.123692  0.177601
0.300556  -0.143239  -0.0717508  -0.143239  0.334444  0.123701  -0.0717508  0.123701  0.177599
0.300552  -0.143259  -0.0717613  -0.143259  0.334503  0.123737  -0.0717613  0.123737  0.177613
0.300552  -0.143259  -0.0717613  -0.143259  0.334503  0.123737  -0.0717613  0.123737  0.177613
0.300555  -0.143281  -0.0717568  -0.143281  0.334536  0.123746  -0.0717568  0.123746  0.177611
0.300543  -0.143272  -0.0717522  -0.143272  0.334548  0.123753  -0.0717522  0.123753  0.177615
0.300547  -0.143294  -0.0717477  -0.143294  0.334581  0.123763  -0.0717477  0.123763  0.177613
0.300535  -0.143285  -0.0717431  -0.143285  0.334592  0.12377  -0.0717431  0.12377  0.177617
0.300535  -0.143285  -0.0717431  -0.143285  0.334592  0.12377  -0.0717431  0.12377  0.177617
0.300527  -0.143298  -0.071734  -0.143298  0.334637  0.123787  -0.071734  0.123787  0.177619
0.300527  -0.143298  -0.071734  -0.143298  0.334637  0.123787  -0.071734  0.123787  0.177619
0.300518  -0.143311  -0.0717249  -0.143311  0.334682  0.123804  -0.0717249  0.123804  0.177622
0.300518  -0.143311  -0.0717249  -0.143311  0.334682  0.123804  -0.0717249  0.123804  0.177622
0.300507  -0.143302  -0.0717203  -0.143302  0.334693  0.12381  -0.0717203  0.12381  0.177625
0.300498  -0.143315  -0.0717111  -0.143315  0.334738  0.123827  -0.0717111  0.123827  0.177628
0.300498  -0.143315  -0.0717111  -0.143315  0.334738  0.123827  -0.0717111  0.123827  0.177628
0.300471  -0.14329  -0.0716824  -0.14329  0.334747  0.123823  -0.0716824  0.123823  0.177624
0.300471  -0.14329  -0.0716824  -0.14329  0.334747  0.123823  -0.0716824  0.123823  0.177624
0.30046  -0.143281  -0.0716778  -0.143281  0.334758  0.12383  -0.0716778  0.12383  0.177628
0.300452  -0.143294  -0.0716687  -0.143294  0.334803  0.123846  -0.0716687  0.123846  0.17763
0.300452  -0.143294  -0.0716687  -0.143294  0.334803  0.123846  -0.0716687  0.123846  0.17763
0.300428  -0.143277  -0.0716595  -0.143277  0.334826  0.12386  -0.0716595  0.12386  0.177638
0.30042  -0.14329  -0.0716504  -0.14329  0.334871  0.123877  -0.0716504  0.123877  0.17764
0.30042  -0.14329  -0.0716504  -0.14329  0.334871  0.123877  -0.0716504  0.123877  0.17764
0.300412  -0.143302  -0.0716412  -0.143302  0.334915  0.123894  -0.0716412  0.123894  0.177642
0.300412  -0.143302  -0.0716412  -0.143302  0.334915  0.123894  -0.0716412  0.123894  0.177642
0.300392  -0.143307  -0.0716275  -0.143307  0.334972  0.123917  -0.0716275  0.123917  0.177648
0.300392  -0.143307  -0.0716275  -0.143307  0.334972  0.123917  -0.0716275  0.123917  0.177648
0.300383  -0.143319  -0.0716184  -0.143319  0.335017  0.123934  -0.0716184  0.123934  0.17765
0.300375  -0.143332  -0.0716092  -0.143332  0.335061  0.123951  -0.0716092  0.123951  0.177653
0.300375  -0.143332  -0.0716092  -0.143332  0.335061  0.123951  -0.0716092  0.123951  0.177653
0.30037  -0.143352  -0.0716197  -0.143352  0.335121  0.123986  -0.0716197  0.123986  0.177666
0.30037  -0.143352  -0.0716197  -0.143352  0.335121  0.123986  -0.0716197  0.123986  0.177666
0.300362  -0.143365  -0.0716105  -0.143365  0.335166  0.124003  -0.0716105  0.124003  0.177668
0.300354  -0.143378  -0.0716014  -0.143378  0.33521  0.12402  -0.0716014  0.12402  0.17767
0.300354  -0.143378  -0.0716014  -0.143378  0.33521  0.12402  -0.0716014  0.12402  0.17767
0.300361  -0.143407  -0.0716164  -0.143407  0.335258  0.124048  -0.0716164  0.124048  0.17768
0.300361  -0.143407  -0.0716164  -0.143407  0.335258  0.124048  -0.0716164  0.124048  0.17768
0.300349  -0.143398  -0.0716118  -0.143398  0.33527  0.124055  -0.0716118  0.124055  0.177684
0.300337  -0.14339  -0.0716072  -0.14339  0.335281  0.124062  -0.0716072  0.124062  0.177688
0.300337  -0.14339  -0.0716072  -0.14339  0.335281  0.124062  -0.0716072  0.124062  0.177688
0.300337  -0.14339  -0.0716072  -0.14339  0.335281  0.124062  -0.0716072  0.124062  0.177688
0.300337  -0.14339  -0.0716072  -0.14339  0.335281  0.124062  -0.0716072  0.124062  0.177688
0.300326  -0.143381  -0.0716027  -0.143381  0.335293  0.124069  -0.0716027  0.124069  0.177691
0.300314  -0.143372  -0.0715981  -0.143372  0.335304  0.124076  -0.0715981  0.124076  0.177695
0.300314  -0.143372  -0.0715981  -0.143372  0.335304  0.124076  -0.0715981  0.124076  0.177695
0.300314  -0.143372  -0.0715981  -0.143372  0.335304  0.124076  -0.0715981  0.124076  0.177695
0.300314  -0.143372  -0.0715981  -0.143372  0.335304  0.124076  -0.0715981  0.124076  0.177695
0.300299  -0.143342  -0.0715981  -0.143342  0.335283  0.124073  -0.0715981  0.124073  0.177701
0.300284  -0.143326  -0.0715739  -0.143326  0.33528  0.124061  -0.0715739  0.124061  0.177693
0.300284  -0.143326  -0.0715739  -0.143326  0.33528  0.124061  -0.0715739  0.124061  0.177693
0.300272  -0.143317  -0.0715693  -0.143317  0.335291  0.124068  -0.0715693  0.124068  0.177697
0.300272  -0.143317  -0.0715693  -0.143317  0.335291  0.124068  -0.0715693  0.124068  0.177697
0.300272  -0.143317  -0.0715693  -0.143317  0.335291  0.124068  -0.0715693  0.124068  0.177697
0.300261  -0.143308  -0.0715647  -0.143308  0.335303  0.124075  -0.0715647  0.124075  0.177701
0.300261  -0.143308  -0.0715647  -0.143308  0.335303  0.124075  -0.0715647  0.124075  0.177701
0.300249  -0.143299  -0.0715601  -0.143299  0.335314  0.124082  -0.0715601  0.124082  0.177705
0.300249  -0.143299  -0.0715601  -0.143299  0.335314  0.124082  -0.0715601  0.124082  0.177705
0.300237  -0.14329  -0.0715555  -0.14329  0.335326  0.124089  -0.0715555  0.124089  0.177709
0.300237  -0.14329  -0.0715555  -0.14329  0.335326  0.124089  -0.0715555  0.124089  0.177709
0.300226  -0.143282  -0.0715509  -0.143282  0.335337  0.124096  -0.0715509  0.124096  0.177713
0.300226  -0.143282  -0.0715509  -0.143282  0.335337  0.124096  -0.0715509  0.124096  0.177713
0.300226  -0.143282  -0.0715509  -0.143282  0.335337  0.124096  -0.0715509  0.124096  0.177713
0.300214  -0.143273  -0.0715464  -0.143273  0.335349  0.124103  -0.0715464  0.124103  0.177716
0.300199  -0.143243  -0.0715463  -0.143243  0.335327  0.1241  -0.0715463  0.1241  0.177722
0.300199  -0.143243  -0.0715463  -0.143243  0.335327  0.1241  -0.0715463  0.1241  0.177722
0.300199  -0.143243  -0.0715463  -0.143243  0.335327  0.1241  -0.0715463  0.1241  0.177722
0.300199  -0.143243  -0.0715463  -0.143243  0.335327  0.1241  -0.0715463  0.1241  0.177722
0.300199  -0.143243  -0.0715463  -0.143243  0.335327  0.1241  -0.0715463  0.1241  0.177722
0.300191  -0.143241  -0.0715613  -0.143241  0.335353  0.124126  -0.0715613  0.124126  0.177737
0.300191  -0.143241  -0.0715613  -0.143241  0.335353  0.124126  -0.0715613  0.124126  0.177737
0.300191  -0.143241  -0.0715613  -0.143241  0.335353  0.124126  -0.0715613  0.124126  0.177737
0.300191  -0.143241  -0.0715613  -0.143241  0.335353  0.124126  -0.0715613  0.124126  0.177737
0.300191  -0.143241  -0.0715613  -0.143241  0.335353  0.124126  -0.0715613  0.124126  0.177737
0.300191  -0.143241  -0.0715613  -0.143241  0.335353  0.124126  -0.0715613  0.124126  0.177737
0.300191  -0.143241  -0.0715613  -0.143241  0.335353  0.124126  -0.0715613  0.124126  0.177737
0.300203  -0.14325  -0.0715659  -0.14325  0.335341  0.124119  -0.0715659  0.124119  0.177733
0.300203  -0.14325  -0.0715659  -0.14325  0.335341  0.124119  -0.0715659  0.124119  0.177733
0.300203  -0.14325  -0.0715659  -0.14325  0.335341  0.124119  -0.0715659  0.124119  0.177733
0.300203  -0.14325  -0.0715659  -0.14325  0.335341  0.124119  -0.0715659  0.124119  0.177733
0.300203  -0.14325  -0.0715659  -0.14325  0.335341  0.124119  -0.0715659  0.124119  0.177733
0.300203  -0.14325  -0.0715659  -0.14325  0.335341  0.124119  -0.0715659  0.124119  0.177733
0.300203  -0.14325  -0.0715659  -0.14325  0.335341  0.124119  -0.0715659  0.124119  0.177733
0.300214  -0.143259  -0.0715705  -0.143259  0.33533  0.124112  -0.0715705  0.124112  0.177729
0.300214  -0.143259  -0.0715705  -0.143259  0.33533  0.124112  -0.0715705  0.124112  0.177729
0.300214  -0.143259  -0.0715705  -0.143259  0.33533  0.124112  -0.0715705  0.124112  0.177729
0.300214  -0.143259  -0.0715705  -0.143259  0.33533  0.124112  -0.0715705  0.124112  0.177729
0.300214  -0.143259  -0.0715705  -0.143259  0.33533  0.124112  -0.0715705  0.124112  0.177729
0.300214  -0.143259  -0.0715705  -0.143259  0.33533  0.124112  -0.0715705  0.124112  0.177729
0.300214  -0.143259  -0.0715705  -0.143259  0.33533  0.124112  -0.0715705  0.124112  0.177729
0.300214  -0.143259  -0.0715705  -0.143259  0.33533  0.124112  -0.0715705  0.124112  0.177729
0.300214  -0.143259  -0.0715705  -0.143259  0.33533  0.124112  -0.0715705  0.124112  0.177729
0.300214  -0.143259  -0.0715705  -0.143259  0.33533  0.124112  -0.0715705  0.124112  0.177729
0.300214  -0.143259  -0.0715705  -0.143259  0.33533  0.124112  -0.0715705  0.124112  0.177729
0.300214  -0.143259  -0.0715705  -0.143259  0.33533  0.124112  -0.0715705  0.124112  0.177729
0.300214  -0.143259  -0.0715705  -0.143259  0.33533  0.124112  -0.0715705  0.124112  0.177729
0.300214  -0.143259  -0.0715705  -0.143259  0.33533  0.124112  -0.0715705  0.124112  0.177729
0.300214  -0.143259  -0.0715705  -0.143259  0.33533  0.124112  -0.0715705  0.124112  0.177729
0.300214  -0.143259  -0.0715705  -0.143259  0.33533  0.124112  -0.0715705  0.124112  0.177729
0.300214  -0.143259  -0.0715705  -0.143259  0.33533  0.124112  -0.0715705  0.124112  0.177729
0.300214  -0.143259  -0.0715705  -0.143259  0.33533  0.124112  -0.0715705  0.124112  0.177729
0.300214  -0.143259  -0.0715705  -0.143259  0.33533  0.124112  -0.0715705  0.124112  0.177729
0.300214  -0.143259  -0.0715705  -0.143259  0.33533  0.124112  -0.0715705  0.124112  0.177729
0.300214  -0.143259  -0.0715705  -0.143259  0.33533  0.124112  -0.0715705  0.124112  0.177729
0.300226  -0.143267  -0.0715751  -0.143267  0.335318  0.124105  -0.0715751  0.124105  0.177725
0.300226  -0.143267  -0.0715751  -0.143267  0.335318  0.124105  -0.0715751  0.124105  0.177725
0.300226  -0.143267  -0.0715751  -0.143267  0.335318  0.124105  -0.0715751  0.124105  0.177725
0.300226  -0.143267  -0.0715751  -0.143267  0.335318  0.124105  -0.0715751  0.124105  0.177725
0.300226  -0.143267  -0.0715751  -0.143267  0.335318  0.124105  -0.0715751  0.124105  0.177725
0.300226  -0.143267  -0.0715751  -0.143267  0.335318  0.124105  -0.0715751  0.124105  0.177725
0.300226  -0.143267  -0.0715751  -0.143267  0.335318  0.124105  -0.0715751  0.124105  0.177725
0.300226  -0.143267  -0.0715751  -0.143267  0.335318  0.124105  -0.0715751  0.124105  0.177725
0.300226  -0.143267  -0.0715751  -0.143267  0.335318  0.124105  -0.0715751  0.124105  0.177725
0.300226  -0.143267  -0.0715751  -0.143267  0.335318  0.124105  -0.0715751  0.124105  0.177725
0.300238  -0.143276  -0.0715797  -0.143276  0.335307  0.124098  -0.0715797  0.124098  0.177721
0.300238  -0.143276  -0.0715797  -0.143276  0.335307  0.124098  -0.0715797  0.124098  0.177721
0.300238  -0.143276  -0.0715797  -0.143276  0.335307  0.124098  -0.0715797  0.124098  0.177721
0.300238  -0.143276  -0.0715797  -0.143276  0.335307  0.124098  -0.0715797  0.124098  0.177721
0.300238  -0.143276  -0.0715797  -0.143276  0.335307  0.124098  -0.0715797  0.124098  0.177721
0.300238  -0.143276  -0.0715797  -0.143276  0.335307  0.124098  -0.0715797  0.124098  0.177721
0.300238  -0.143276  -0.0715797  -0.143276  0.335307  0.124098  -0.0715797  0.124098  0.177721
0.300249  -0.143285  -0.0715843  -0.143285  0.335295  0.124091  -0.0715843  0.124091  0.177718
0.300249  -0.143285  -0.0715843  -0.143285  0.335295  0.124091  -0.0715843  0.124091  0.177718
0.300249  -0.143285  -0.0715843  -0.143285  0.335295  0.124091  -0.0715843  0.124091  0.177718
0.300249  -0.143285  -0.0715843  -0.143285  0.335295  0.124091  -0.0715843  0.124091  0.177718
0.300249  -0.143285  -0.0715843  -0.143285  0.335295  0.124091  -0.0715843  0.124091  0.177718
0.300249  -0.143285  -0.0715843  -0.143285  0.335295  0.124091  -0.0715843  0.124091  0.177718
0.300249  -0.143285  -0.0715843  -0.143285  0.335295  0.124091  -0.0715843  0.124091  0.177718
0.300261  -0.143294  -0.0715889  -0.143294  0.335284  0.124084  -0.0715889  0.124084  0.177714
0.300261  -0.143294  -0.0715889  -0.143294  0.335284  0.124084  -0.0715889  0.124084  0.177714
0.300261  -0.143294  -0.0715889  -0.143294  0.335284  0.124084  -0.0715889  0.124084  0.177714
0.300261  -0.143294  -0.0715889  -0.143294  0.335284  0.124084  -0.0715889  0.124084  0.177714
0.300261  -0.143294  -0.0715889  -0.143294  0.335284  0.124084  -0.0715889  0.124084  0.177714
0.300273  -0.143302  -0.0715935  -0.143302  0.335272  0.124077  -0.0715935  0.124077  0.17771
0.300273  -0.143302  -0.0715935  -0.143302  0.335272  0.124077  -0.0715935  0.124077  0.17771
0.300273  -0.143288  -0.0716176  -0.143288  0.335254  0.124086  -0.0716176  0.124086  0.177723
0.300273  -0.143288  -0.0716176  -0.143288  0.335254  0.124086  -0.0716176  0.124086  0.177723
0.300273  -0.143288  -0.0716176  -0.143288  0.335254  0.124086  -0.0716176  0.124086  0.177723
0.300273  -0.143288  -0.0716176  -0.143288  0.335254  0.124086  -0.0716176  0.124086  0.177723
0.300284  -0.143297  -0.0716222  -0.143297  0.335242  0.124079  -0.0716222  0.124079  0.177719
0.300278  -0.143268  -0.0716072  -0.143268  0.335194  0.124051  -0.0716072  0.124051  0.177709
0.300278  -0.143268  -0.0716072  -0.143268  0.335194  0.124051  -0.0716072  0.124051  0.177709
0.300278  -0.143268  -0.0716072  -0.143268  0.335194  0.124051  -0.0716072  0.124051  0.177709
0.300274  -0.143246  -0.0716117  -0.143246  0.335161  0.124041  -0.0716117  0.124041  0.177711
0.300274  -0.143246  -0.0716117  -0.143246  0.335161  0.124041  -0.0716117  0.124041  0.177711
0.300282  -0.143234  -0.0716209  -0.143234  0.335116  0.124024  -0.0716209  0.124024  0.177709
0.300282  -0.143234  -0.0716209  -0.143234  0.335116  0.124024  -0.0716209  0.124024  0.177709
0.300282  -0.143234  -0.0716209  -0.143234  0.335116  0.124024  -0.0716209  0.124024  0.177709
0.300282  -0.143234  -0.0716209  -0.143234  0.335116  0.124024  -0.0716209  0.124024  0.177709
0.300279  -0.143212  -0.0716255  -0.143212  0.335083  0.124014  -0.0716255  0.124014  0.17771
0.300279  -0.143212  -0.0716255  -0.143212  0.335083  0.124014  -0.0716255  0.124014  0.17771
0.300279  -0.143212  -0.0716255  -0.143212  0.335083  0.124014  -0.0716255  0.124014  0.17771
0.300279  -0.143212  -0.0716255  -0.143212  0.335083  0.124014  -0.0716255  0.124014  0.17771
0.300279  -0.143212  -0.0716255  -0.143212  0.335083  0.124014  -0.0716255  0.124014  0.17771
0.300279  -0.143212  -0.0716255  -0.143212  0.335083  0.124014  -0.0716255  0.124014  0.17771
0.300279  -0.143198  -0.0716496  -0.143198  0.335064  0.124023  -0.0716496  0.124023  0.177723
0.300279  -0.143198  -0.0716496  -0.143198  0.335064  0.124023  -0.0716496  0.124023  0.177723
0.300279  -0.143198  -0.0716496  -0.143198  0.335064  0.124023  -0.0716496  0.124023  0.177723
0.300279  -0.143198  -0.0716496  -0.143198  0.335064  0.124023  -0.0716496  0.124023  0.177723
0.300279  -0.143198  -0.0716496  -0.143198  0.335064  0.124023  -0.0716496  0.124023  0.177723
0.300283  -0.143205  -0.0716692  -0.143205  0.335079  0.124042  -0.0716692  0.124042  0.177734
0.300283  -0.143205  -0.0716692  -0.143205  0.335079  0.124042  -0.0716692  0.124042  0.177734
0.300287  -0.143212  -0.0716888  -0.143212  0.335094  0.12406  -0.0716888  0.12406  0.177746
0.300287  -0.143212  -0.0716888  -0.143212  0.335094  0.12406  -0.0716888  0.12406  0.177746
0.300294  -0.143241  -0.0717039  -0.143241  0.335141  0.124089  -0.0717039  0.124089  0.177755
0.300294  -0.143241  -0.0717039  -0.143241  0.335141  0.124089  -0.0717039  0.124089  0.177755
0.300294  -0.143241  -0.0717039  -0.143241  0.335141  0.124089  -0.0717039  0.124089  0.177755
0.300297  -0.143249  -0.0717235  -0.143249  0.335156  0.124107  -0.0717235  0.124107  0.177766
0.300297  -0.143249  -0.0717235  -0.143249  0.335156  0.124107  -0.0717235  0.124107  0.177766
0.300301  -0.143256  -0.0717431  -0.143256  0.335171  0.124126  -0.0717431  0.124126  0.177777
0.300304  -0.143263  -0.0717627  -0.143263  0.335185  0.124145  -0.0717627  0.124145  0.177789
0.300304  -0.143263  -0.0717627  -0.143263  0.335185  0.124145  -0.0717627  0.124145  0.177789
0.300304  -0.143263  -0.0717627  -0.143263  0.335185  0.124145  -0.0717627  0.124145  0.177789
0.300304  -0.143263  -0.0717627  -0.143263  0.335185  0.124145  -0.0717627  0.124145  0.177789
0.300308  -0.143271  -0.0717823  -0.143271  0.3352  0.124163  -0.0717823  0.124163  0.1778
0.300308  -0.143271  -0.0717823  -0.143271  0.3352  0.124163  -0.0717823  0.124163  0.1778
0.300308  -0.143271  -0.0717823  -0.143271  0.3352  0.124163  -0.0717823  0.124163  0.1778
0.300308  -0.143271  -0.0717823  -0.143271  0.3352  0.124163  -0.0717823  0.124163  0.1778
0.300308  -0.143271  -0.0717823  -0.143271  0.3352  0.124163  -0.0717823  0.124163  0.1778
0.300304  -0.143263  -0.0717627  -0.143263  0.335185  0.124145  -0.0717627  0.124145  0.177789
0.300304  -0.143263  -0.0717627  -0.143263  0.335185  0.124145  -0.0717627  0.124145  0.177789
0.300304  -0.143263  -0.0717627  -0.143263  0.335185  0.124145  -0.0717627  0.124145  0.177789
0.300304  -0.143263  -0.0717627  -0.143263  0.335185  0.124145  -0.0717627  0.124145  0.177789
0.300316  -0.143272  -0.0717673  -0.143272  0.335174  0.124138  -0.0717673  0.124138  0.177785
0.300316  -0.143272  -0.0717673  -0.143272  0.335174  0.124138  -0.0717673  0.124138  0.177785
0.300316  -0.143272  -0.0717673  -0.143272  0.335174  0.124138  -0.0717673  0.124138  0.177785
0.300316  -0.143272  -0.0717673  -0.143272  0.335174  0.124138  -0.0717673  0.124138  0.177785
0.300316  -0.143272  -0.0717673  -0.143272  0.335174  0.124138  -0.0717673  0.124138  0.177785
0.300316  -0.143272  -0.0717673  -0.143272  0.335174  0.124138  -0.0717673  0.124138  0.177785
0.300324  -0.143274  -0.0717522  -0.143274  0.335148  0.124112  -0.0717522  0.124112  0.17777
0.300324  -0.143274  -0.0717522  -0.143274  0.335148  0.124112  -0.0717522  0.124112  0.17777
0.300324  -0.143274  -0.0717522  -0.143274  0.335148  0.124112  -0.0717522  0.124112  0.17777
0.300336  -0.143282  -0.0717568  -0.143282  0.335136  0.124105  -0.0717568  0.124105  0.177766
0.300336  -0.143282  -0.0717568  -0.143282  0.335136  0.124105  -0.0717568  0.124105  0.177766
0.300344  -0.143284  -0.0717418  -0.143284  0.33511  0.124079  -0.0717418  0.124079  0.177751
0.300344  -0.143284  -0.0717418  -0.143284  0.33511  0.124079  -0.0717418  0.124079  0.177751
0.300344  -0.143284  -0.0717418  -0.143284  0.33511  0.124079  -0.0717418  0.124079  0.177751
0.300352  -0.143285  -0.0717268  -0.143285  0.335084  0.124054  -0.0717268  0.124054  0.177736
0.300352  -0.143285  -0.0717268  -0.143285  0.335084  0.124054  -0.0717268  0.124054  0.177736
0.300352  -0.143285  -0.0717268  -0.143285  0.335084  0.124054  -0.0717268  0.124054  0.177736
0.30036  -0.143287  -0.0717118  -0.143287  0.335058  0.124028  -0.0717118  0.124028  0.177721
0.30036  -0.143287  -0.0717118  -0.143287  0.335058  0.124028  -0.0717118  0.124028  0.177721
0.300371  -0.143295  -0.0717164  -0.143295  0.335046  0.124021  -0.0717164  0.124021  0.177717
0.300371  -0.143295  -0.0717164  -0.143295  0.335046  0.124021  -0.0717164  0.124021  0.177717
0.300371  -0.143295  -0.0717164  -0.143295  0.335046  0.124021  -0.0717164  0.124021  0.177717
0.300383  -0.143304  -0.071721  -0.143304  0.335035  0.124014  -0.071721  0.124014  0.177713
0.300383  -0.143304  -0.071721  -0.143304  0.335035  0.124014  -0.071721  0.124014  0.177713
0.300383  -0.143304  -0.071721  -0.143304  0.335035  0.124014  -0.071721  0.124014  0.177713
0.300395  -0.143313  -0.0717255  -0.143313  0.335023  0.124007  -0.0717255  0.124007  0.177709
0.300395  -0.143313  -0.0717255  -0.143313  0.335023  0.124007  -0.0717255  0.124007  0.177709
0.300395  -0.143313  -0.0717255  -0.143313  0.335023  0.124007  -0.0717255  0.124007  0.177709
0.300398  -0.14332  -0.0717452  -0.14332  0.335038  0.124026  -0.0717452  0.124026  0.177721
0.300398  -0.14332  -0.0717452  -0.14332  0.335038  0.124026  -0.0717452  0.124026  0.177721
0.30041  -0.143329  -0.0717497  -0.143329  0.335026  0.124019  -0.0717497  0.124019  0.177717
0.30041  -0.143329  -0.0717497  -0.143329  0.335026  0.124019  -0.0717497  0.124019  0.177717
0.30041  -0.143329  -0.0717497  -0.143329  0.335026  0.124019  -0.0717497  0.124019  0.177717
0.300414  -0.143336  -0.0717694  -0.143336  0.335041  0.124038  -0.0717694  0.124038  0.177728
0.300414  -0.143336  -0.0717694  -0.143336  0.335041  0.124038  -0.0717694  0.124038  0.177728
0.300414  -0.143336  -0.0717694  -0.143336  0.335041  0.124038  -0.0717694  0.124038  0.177728
0.300417  -0.143344  -0.071789  -0.143344  0.335056  0.124056  -0.071789  0.124056  0.177739
0.300417  -0.143344  -0.071789  -0.143344  0.335056  0.124056  -0.071789  0.124056  0.177739
0.300414  -0.143322  -0.0717935  -0.143322  0.335022  0.124046  -0.0717935  0.124046  0.177741
0.300406  -0.143321  -0.0718086  -0.143321  0.335048  0.124072  -0.0718086  0.124072  0.177756
0.300406  -0.143321  -0.0718086  -0.143321  0.335048  0.124072  -0.0718086  0.124072  0.177756
0.30041  -0.143328  -0.0718282  -0.143328  0.335063  0.124091  -0.0718282  0.124091  0.177767
0.30041  -0.143328  -0.0718282  -0.143328  0.335063  0.124091  -0.0718282  0.124091  0.177767
0.30041  -0.143328  -0.0718282  -0.143328  0.335063  0.124091  -0.0718282  0.124091  0.177767
0.30041  -0.143328  -0.0718282  -0.143328  0.335063  0.124091  -0.0718282  0.124091  0.177767
0.30041  -0.143328  -0.0718282  -0.143328  0.335063  0.124091  -0.0718282  0.124091  0.177767
0.300398  -0.143319  -0.0718236  -0.143319  0.335075  0.124098  -0.0718236  0.124098  0.177771
0.300398  -0.143319  -0.0718236  -0.143319  0.335075  0.124098  -0.0718236  0.124098  0.177771
0.300398  -0.143319  -0.0718236  -0.143319  0.335075  0.124098  -0.0718236  0.124098  0.177771
0.300398  -0.143319  -0.0718236  -0.143319  0.335075  0.124098  -0.0718236  0.124098  0.177771
0.300398  -0.143319  -0.0718236  -0.143319  0.335075  0.124098  -0.0718236  0.124098  0.177771
0.300398  -0.143319  -0.0718236  -0.143319  0.335075  0.124098  -0.0718236  0.124098  0.177771
0.300398  -0.143319  -0.0718236  -0.143319  0.335075  0.124098  -0.0718236  0.124098  0.177771
0.300398  -0.143319  -0.0718236  -0.143319  0.335075  0.124098  -0.0718236  0.124098  0.177771
0.300398  -0.143319  -0.0718236  -0.143319  0.335075  0.124098  -0.0718236  0.124098  0.177771
0.300394  -0.143312  -0.071804  -0.143312  0.33506  0.124079  -0.071804  0.124079  0.17776
0.300398  -0.143333  -0.0717994  -0.143333  0.335093  0.124089  -0.0717994  0.124089  0.177758
0.300398  -0.143333  -0.0717994  -0.143333  0.335093  0.124089  -0.0717994  0.124089  0.177758
0.300398  -0.143333  -0.0717994  -0.143333  0.335093  0.124089  -0.0717994  0.124089  0.177758
0.300398  -0.143333  -0.0717994  -0.143333  0.335093  0.124089  -0.0717994  0.124089  0.177758
0.300397  -0.143348  -0.0717753  -0.143348  0.335112  0.12408  -0.0717753  0.12408  0.177745
0.300397  -0.143348  -0.0717753  -0.143348  0.335112  0.12408  -0.0717753  0.12408  0.177745
0.300397  -0.143348  -0.0717753  -0.143348  0.335112  0.12408  -0.0717753  0.12408  0.177745
0.300394  -0.14334  -0.0717556  -0.14334  0.335097  0.124061  -0.0717556  0.124061  0.177734
0.300397  -0.143362  -0.0717511  -0.143362  0.335131  0.124071  -0.0717511  0.124071  0.177732
0.300393  -0.143355  -0.0717315  -0.143355  0.335116  0.124053  -0.0717315  0.124053  0.177721
0.300393  -0.143355  -0.0717315  -0.143355  0.335116  0.124053  -0.0717315  0.124053  0.177721
0.300393  -0.143369  -0.0717073  -0.143369  0.335135  0.124044  -0.0717073  0.124044  0.177708
0.30039  -0.143362  -0.0716877  -0.143362  0.33512  0.124025  -0.0716877  0.124025  0.177697
0.30039  -0.143362  -0.0716877  -0.143362  0.33512  0.124025  -0.0716877  0.124025  0.177697
0.300374  -0.143345  -0.0716635  -0.143345  0.335117  0.124014  -0.0716635  0.124014  0.17769
0.300374  -0.143345  -0.0716635  -0.143345  0.335117  0.124014  -0.0716635  0.124014  0.17769
0.300374  -0.14336  -0.0716393  -0.14336  0.335135  0.124005  -0.0716393  0.124005  0.177677
0.30037  -0.143352  -0.0716197  -0.143352  0.335121  0.123986  -0.0716197  0.123986  0.177666
0.30037  -0.143352  -0.0716197  -0.143352  0.335121  0.123986  -0.0716197  0.123986  0.177666
0.30037  -0.143367  -0.0715955  -0.143367  0.335139  0.123977  -0.0715955  0.123977  0.177653
0.30037  -0.143367  -0.0715955  -0.143367  0.335139  0.123977  -0.0715955  0.123977  0.177653
0.300358  -0.143358  -0.0715909  -0.143358  0.335151  0.123984  -0.0715909  0.123984  0.177657
0.300358  -0.143372  -0.0715668  -0.143372  0.33517  0.123976  -0.0715668  0.123976  0.177644
0.300358  -0.143372  -0.0715668  -0.143372  0.33517  0.123976  -0.0715668  0.123976  0.177644
0.300355  -0.143365  -0.0715472  -0.143365  0.335155  0.123957  -0.0715472  0.123957  0.177633
0.300351  -0.143358  -0.0715276  -0.143358  0.33514  0.123938  -0.0715276  0.123938  0.177622
0.300336  -0.143341  -0.0715034  -0.143341  0.335137  0.123927  -0.0715034  0.123927  0.177615
0.300336  -0.143341  -0.0715034  -0.143341  0.335137  0.123927  -0.0715034  0.123927  0.177615
0.300332  -0.143334  -0.0714838  -0.143334  0.335123  0.123908  -0.0714838  0.123908  0.177604
0.300332  -0.143334  -0.0714838  -0.143334  0.335123  0.123908  -0.0714838  0.123908  0.177604
0.300313  -0.143311  -0.0714401  -0.143311  0.335105  0.123878  -0.0714401  0.123878  0.177585
0.300306  -0.143282  -0.0714251  -0.143282  0.335057  0.12385  -0.0714251  0.12385  0.177576
0.300306  -0.143282  -0.0714251  -0.143282  0.335057  0.12385  -0.0714251  0.12385  0.177576
0.300287  -0.143258  -0.0713814  -0.143258  0.335039  0.12382  -0.0713814  0.12382  0.177558
0.300287  -0.143258  -0.0713814  -0.143258  0.335039  0.12382  -0.0713814  0.12382  0.177558
0.300284  -0.143265  -0.0713377  -0.143265  0.335043  0.123792  -0.0713377  0.123792  0.177534
0.300284  -0.143265  -0.0713377  -0.143265  0.335043  0.123792  -0.0713377  0.123792  0.177534
0.300265  -0.143242  -0.071294  -0.143242  0.335026  0.123762  -0.071294  0.123762  0.177516
0.300261  -0.143235  -0.0712745  -0.143235  0.335011  0.123744  -0.0712745  0.123744  0.177505
0.300254  -0.14322  -0.0712354  -0.14322  0.334982  0.123707  -0.0712354  0.123707  0.177483
0.300247  -0.143205  -0.0711963  -0.143205  0.334953  0.12367  -0.0711963  0.12367  0.177461
0.300247  -0.143205  -0.0711963  -0.143205  0.334953  0.12367  -0.0711963  0.12367  0.177461
0.300236  -0.143183  -0.0711377  -0.143183  0.334909  0.123614  -0.0711377  0.123614  0.177428
0.300233  -0.143176  -0.0711182  -0.143176  0.334895  0.123596  -0.0711182  0.123596  0.177417
0.300222  -0.143154  -0.0710596  -0.143154  0.334851  0.12354  -0.0710596  0.12354  0.177384
0.300222  -0.143154  -0.0710596  -0.143154  0.334851  0.12354  -0.0710596  0.12354  0.177384
0.300207  -0.143125  -0.0709816  -0.143125  0.334793  0.123467  -0.0709816  0.123467  0.17734
0.300207  -0.143125  -0.0709816  -0.143125  0.334793  0.123467  -0.0709816  0.123467  0.17734
0.30019  -0.143074  -0.0709082  -0.143074  0.334701  0.123383  -0.0709082  0.123383  0.177298
0.300186  -0.143067  -0.0708887  -0.143067  0.334687  0.123365  -0.0708887  0.123365  0.177287
0.300172  -0.143038  -0.0708108  -0.143038  0.334629  0.123291  -0.0708108  0.123291  0.177243
0.300172  -0.143038  -0.0708108  -0.143038  0.334629  0.123291  -0.0708108  0.123291  0.177243
0.300166  -0.14301  -0.0707179  -0.14301  0.334545  0.123192  -0.0707179  0.123192  0.177185
0.300155  -0.142988  -0.0706596  -0.142988  0.334501  0.123137  -0.0706596  0.123137  0.177153
0.300155  -0.142988  -0.0706596  -0.142988  0.334501  0.123137  -0.0706596  0.123137  0.177153
0.300137  -0.142952  -0.0705623  -0.142952  0.334429  0.123045  -0.0705623  0.123045  0.177099
0.300134  -0.142945  -0.0705429  -0.142945  0.334414  0.123027  -0.0705429  0.123027  0.177088
0.300124  -0.14291  -0.0704308  -0.14291  0.334316  0.12291  -0.0704308  0.12291  0.177019
