0.294945  -0.125494  -0.0693095  -0.125494  0.315067  0.115792  -0.0693095  0.115792  0.177776
0.294945  -0.125494  -0.0693095  -0.125494  0.315067  0.115792  -0.0693095  0.115792  0.177776
0.294945  -0.125494  -0.0693095  -0.125494  0.315067  0.115792  -0.0693095  0.115792  0.177776
0.294969  -0.12546  -0.0687858  -0.12546  0.314696  0.115283  -0.0687858  0.115283  0.177433
0.294974  -0.125455  -0.0687539  -0.125455  0.314658  0.115244  -0.0687539  0.115244  0.177408
0.294962  -0.125002  -0.0682064  -0.125002  0.313635  0.11443  -0.0682064  0.11443  0.177035
0.294964  -0.124961  -0.0681837  -0.124961  0.313546  0.114373  -0.0681837  0.114373  0.177014
0.294885  -0.124252  -0.0674677  -0.124252  0.312218  0.113345  -0.0674677  0.113345  0.176577
0.294824  -0.12382  -0.0667033  -0.12382  0.311316  0.112483  -0.0667033  0.112483  0.176139
0.294822  -0.123764  -0.0666286  -0.123764  0.311191  0.11238  -0.0666286  0.11238  0.176092
0.294757  -0.12278  -0.0657115  -0.12278  0.30928  0.110959  -0.0657115  0.110959  0.175521
0.294755  -0.122724  -0.0656376  -0.122724  0.309157  0.110858  -0.0656376  0.110858  0.175475
0.294716  -0.121697  -0.0645305  -0.121697  0.307038  0.10922  -0.0645305  0.10922  0.174792
0.294692  -0.120958  -0.0637292  -0.120958  0.305516  0.108044  -0.0637292  0.108044  0.174309
0.294689  -0.120868  -0.0636661  -0.120868  0.305347  0.107929  -0.0636661  0.107929  0.17427
0.29467  -0.119627  -0.0628533  -0.119627  0.302978  0.10635  -0.0628533  0.10635  0.173741
0.294669  -0.119556  -0.0627863  -0.119556  0.302837  0.106246  -0.0627863  0.106246  0.173701
0.294701  -0.118699  -0.0616927  -0.118699  0.300866  0.104676  -0.0616927  0.104676  0.173041
0.294744  -0.118096  -0.0610065  -0.118096  0.299457  0.103604  -0.0610065  0.103604  0.172612
0.294748  -0.118013  -0.0609485  -0.118013  0.299283  0.103487  -0.0609485  0.103487  0.172572
0.294814  -0.117  -0.0602544  -0.117  0.297139  0.102058  -0.0602544  0.102058  0.172091
0.294838  -0.116402  -0.0594952  -0.116402  0.295804  0.100996  -0.0594952  0.100996  0.171666
0.294843  -0.11635  -0.0594127  -0.11635  0.29567  0.100885  -0.0594127  0.100885  0.171619
0.294899  -0.115431  -0.0585424  -0.115431  0.293689  0.0994486  -0.0585424  0.0994486  0.171102
0.294899  -0.115366  -0.0584947  -0.115366  0.293568  0.0993651  -0.0584947  0.0993651  0.171075
0.294956  -0.1145  -0.0576847  -0.1145  0.291714  0.0980266  -0.0576847  0.0980266  0.170604
0.294984  -0.114034  -0.0568734  -0.114034  0.2906  0.0970525  -0.0568734  0.0970525  0.170203
0.29499  -0.113983  -0.0567928  -0.113983  0.290471  0.096946  -0.0567928  0.096946  0.17016
0.295044  -0.113225  -0.055995  -0.113225  0.288834  0.0957266  -0.055995  0.0957266  0.169732
0.295044  -0.113157  -0.055933  -0.113157  0.288707  0.0956339  -0.055933  0.0956339  0.169703
0.295094  -0.112459  -0.0550386  -0.112459  0.287162  0.0944133  -0.0550386  0.0944133  0.16926
0.295096  -0.112425  -0.0549678  -0.112425  0.287079  0.0943366  -0.0549678  0.0943366  0.169229
0.295148  -0.111826  -0.0541176  -0.111826  0.28571  0.0932267  -0.0541176  0.0932267  0.168824
0.295189  -0.111326  -0.0536768  -0.111326  0.284672  0.0924936  -0.0536768  0.0924936  0.168594
0.295191  -0.111276  -0.0536117  -0.111276  0.284571  0.0924116  -0.0536117  0.0924116  0.168566
0.295244  -0.110801  -0.0527677  -0.110801  0.283404  0.0914069  -0.0527677  0.0914069  0.168191
0.295294  -0.11039  -0.0523114  -0.11039  0.282476  0.0907174  -0.0523114  0.0907174  0.167964
0.295297  -0.110349  -0.0522774  -0.110349  0.282395  0.090661  -0.0522774  0.090661  0.167948
0.295364  -0.109767  -0.0517749  -0.109767  0.281145  0.0897917  -0.0517749  0.0897917  0.167683
0.295367  -0.109722  -0.051726  -0.109722  0.281056  0.0897242  -0.051726  0.0897242  0.167663
0.295433  -0.109255  -0.0509496  -0.109255  0.279904  0.0887657  -0.0509496  0.0887657  0.167326
0.295478  -0.108812  -0.0505726  -0.108812  0.278988  0.0881292  -0.0505726  0.0881292  0.167142
0.295486  -0.108759  -0.0505458  -0.108759  0.278877  0.0880609  -0.0505458  0.0880609  0.167124
0.295543  -0.108209  -0.049925  -0.108209  0.277702  0.0871784  -0.049925  0.0871784  0.166855
0.295546  -0.10818  -0.0498724  -0.10818  0.277634  0.0871198  -0.0498724  0.0871198  0.166836
0.295597  -0.107767  -0.049146  -0.107767  0.276655  0.0862828  -0.049146  0.0862828  0.166559
0.295638  -0.107436  -0.048817  -0.107436  0.275947  0.0857734  -0.048817  0.0857734  0.166412
0.295641  -0.107391  -0.0487696  -0.107391  0.275861  0.0857092  -0.0487696  0.0857092  0.166395
0.295696  -0.107064  -0.0481042  -0.107064  0.275017  0.084968  -0.0481042  0.084968  0.166148
0.295699  -0.107051  -0.0480477  -0.107051  0.274971  0.0849175  -0.0480477  0.0849175  0.166129
0.295749  -0.10667  -0.0474468  -0.10667  0.274094  0.0841972  -0.0474468  0.0841972  0.165911
0.295788  -0.106436  -0.0471073  -0.106436  0.273534  0.0837568  -0.0471073  0.0837568  0.165777
0.295792  -0.106412  -0.0470704  -0.106412  0.273478  0.0837114  -0.0470704  0.0837114  0.165764
0.295855  -0.106228  -0.0464831  -0.106228  0.27283  0.083101  -0.0464831  0.083101  0.165549
0.295859  -0.106208  -0.0464607  -0.106208  0.272782  0.0830667  -0.0464607  0.0830667  0.16554
0.295925  -0.105903  -0.0461012  -0.105903  0.272017  0.0825111  -0.0461012  0.0825111  0.165374
0.295974  -0.105747  -0.0457779  -0.105747  0.271534  0.0821122  -0.0457779  0.0821122  0.165242
0.295982  -0.105742  -0.0457381  -0.105742  0.271486  0.0820672  -0.0457381  0.0820672  0.165224
0.296052  -0.105526  -0.0452632  -0.105526  0.270797  0.0814924  -0.0452632  0.0814924  0.165036
0.29606  -0.105509  -0.0452425  -0.105509  0.270739  0.0814518  -0.0452425  0.0814518  0.165022
0.29613  -0.105222  -0.0449439  -0.105222  0.270004  0.0809406  -0.0449439  0.0809406  0.164871
0.296174  -0.105109  -0.0446072  -0.105109  0.269595  0.0805738  -0.0446072  0.0805738  0.16475
0.296178  -0.105085  -0.0445709  -0.105085  0.269541  0.0805301  -0.0445709  0.0805301  0.164738
0.296239  -0.104838  -0.0441953  -0.104838  0.268878  0.0800213  -0.0441953  0.0800213  0.164588
0.296242  -0.104818  -0.0441733  -0.104818  0.268832  0.0799881  -0.0441733  0.0799881  0.164579
0.296303  -0.104571  -0.0437377  -0.104571  0.268159  0.0794483  -0.0437377  0.0794483  0.164421
0.296306  -0.104562  -0.043697  -0.104562  0.268123  0.0794113  -0.043697  0.0794113  0.164409
0.296356  -0.104364  -0.0432866  -0.104364  0.267568  0.0789435  -0.0432866  0.0789435  0.164274
0.296391  -0.104198  -0.0430862  -0.104198  0.267162  0.0786484  -0.0430862  0.0786484  0.164194
0.296395  -0.104193  -0.0430596  -0.104193  0.267135  0.0786217  -0.0430596  0.0786217  0.164185
0.296441  -0.104058  -0.0426446  -0.104058  0.266676  0.0781988  -0.0426446  0.0781988  0.164058
0.296445  -0.104053  -0.0426181  -0.104053  0.266649  0.0781723  -0.0426181  0.0781723  0.164049
0.29649  -0.103857  -0.0423438  -0.103857  0.266145  0.0777948  -0.0423438  0.0777948  0.163947
0.296522  -0.103734  -0.0421291  -0.103734  0.265809  0.0775282  -0.0421291  0.0775282  0.163873
0.296525  -0.103725  -0.0420888  -0.103725  0.265775  0.0774921  -0.0420888  0.0774921  0.163862
0.296568  -0.103591  -0.0417491  -0.103591  0.265353  0.0771245  -0.0417491  0.0771245  0.163758
0.296571  -0.103571  -0.0417274  -0.103571  0.265308  0.0770925  -0.0417274  0.0770925  0.16375
0.296616  -0.10337  -0.0415008  -0.10337  0.264814  0.076743  -0.0415008  0.076743  0.163659
0.296643  -0.103241  -0.0412725  -0.103241  0.264486  0.0764768  -0.0412725  0.0764768  0.163592
0.296643  -0.103237  -0.0412587  -0.103237  0.264478  0.0764672  -0.0412587  0.0764672  0.16359
0.29668  -0.103026  -0.0410169  -0.103026  0.264004  0.0761242  -0.0410169  0.0761242  0.163509
0.296679  -0.103003  -0.0409942  -0.103003  0.263971  0.0760993  -0.0409942  0.0760993  0.163506
0.296708  -0.102779  -0.0407233  -0.102779  0.263507  0.0757524  -0.0407233  0.0757524  0.163432
0.296727  -0.102636  -0.0404668  -0.102636  0.263192  0.0754843  -0.0404668  0.0754843  0.163375
0.296727  -0.102613  -0.0404443  -0.102613  0.263159  0.0754596  -0.0404443  0.0754596  0.163373
0.296749  -0.102373  -0.0401318  -0.102373  0.262701  0.0751012  -0.0401318  0.0751012  0.163308
0.296748  -0.10235  -0.0401094  -0.10235  0.262669  0.0750767  -0.0401094  0.0750767  0.163306
0.29677  -0.102125  -0.0397343  -0.102125  0.262219  0.0746944  -0.0397343  0.0746944  0.163235
0.296783  -0.101966  -0.0394965  -0.101966  0.261921  0.0744477  -0.0394965  0.0744477  0.163195
0.296786  -0.10195  -0.0394888  -0.10195  0.261884  0.0744261  -0.0394888  0.0744261  0.16319
0.296808  -0.101707  -0.0392245  -0.101707  0.261436  0.0740954  -0.0392245  0.0740954  0.163135
0.296822  -0.10156  -0.0389697  -0.10156  0.261151  0.0738475  -0.0389697  0.0738475  0.163094
0.296821  -0.101537  -0.0389476  -0.101537  0.26112  0.0738235  -0.0389476  0.0738235  0.163093
0.29684  -0.101284  -0.0387155  -0.101284  0.260684  0.0735153  -0.0387155  0.0735153  0.163049
0.296844  -0.101264  -0.0386944  -0.101264  0.260641  0.0734848  -0.0386944  0.0734848  0.163042
0.29686  -0.101048  -0.038421  -0.101048  0.260257  0.0731834  -0.038421  0.0731834  0.163
0.296864  -0.101028  -0.0383999  -0.101028  0.260213  0.0731531  -0.0383999  0.0731531  0.162994
0.296881  -0.100789  -0.0381055  -0.100789  0.2598  0.0728298  -0.0381055  0.0728298  0.162952
0.296894  -0.100601  -0.0379392  -0.100601  0.259487  0.0726099  -0.0379392  0.0726099  0.162925
0.296894  -0.100579  -0.0379174  -0.100579  0.259456  0.0725865  -0.0379174  0.0725865  0.162924
0.296912  -0.100368  -0.0376018  -0.100368  0.259073  0.0722683  -0.0376018  0.0722683  0.162883
0.296912  -0.100364  -0.0375886  -0.100364  0.259066  0.0722594  -0.0375886  0.0722594  0.162882
0.29693  -0.100123  -0.0373412  -0.100123  0.258662  0.0719621  -0.0373412  0.0719621  0.162848
0.296942  -0.0999679  -0.0371218  -0.0999679  0.258395  0.0717418  -0.0371218  0.0717418  0.162825
0.296945  -0.0999628  -0.0370963  -0.0999628  0.258369  0.0717175  -0.0370963  0.0717175  0.162819
0.296959  -0.0997331  -0.0367866  -0.0997331  0.257999  0.0714121  -0.0367866  0.0714121  0.162793
0.296962  -0.0997129  -0.0367659  -0.0997129  0.257956  0.0713825  -0.0367659  0.0713825  0.162788
0.296976  -0.0994651  -0.0364491  -0.0994651  0.257564  0.0710649  -0.0364491  0.0710649  0.162765
0.296989  -0.0993077  -0.0362187  -0.0993077  0.257294  0.0708396  -0.0362187  0.0708396  0.162745
0.29699  -0.0992853  -0.0361974  -0.0992853  0.257264  0.070817  -0.0361974  0.070817  0.162745
0.297011  -0.0990356  -0.035915  -0.0990356  0.256848  0.0705013  -0.035915  0.0705013  0.162717
0.297011  -0.0990132  -0.0358938  -0.0990132  0.256819  0.0704789  -0.0358938  0.0704789  0.162717
0.297029  -0.0987842  -0.0356329  -0.0987842  0.256447  0.070194  -0.0356329  0.070194  0.162696
0.297046  -0.0986373  -0.0354313  -0.0986373  0.256182  0.0699826  -0.0354313  0.0699826  0.162676
0.297046  -0.0986151  -0.0354102  -0.0986151  0.256152  0.0699604  -0.0354102  0.0699604  0.162676
0.297064  -0.0983792  -0.0351813  -0.0983792  0.255781  0.0696899  -0.0351813  0.0696899  0.162658
0.297068  -0.0983741  -0.0351562  -0.0983741  0.255756  0.0696664  -0.0351562  0.0696664  0.162653
0.297088  -0.0981392  -0.0348718  -0.0981392  0.255376  0.0693689  -0.0348718  0.0693689  0.162636
0.2971  -0.0979705  -0.0346625  -0.0979705  0.255115  0.0691603  -0.0346625  0.0691603  0.162629
0.297101  -0.0979484  -0.0346416  -0.0979484  0.255086  0.0691385  -0.0346416  0.0691385  0.16263
0.297123  -0.0977072  -0.0343334  -0.0977072  0.254697  0.0688274  -0.0343334  0.0688274  0.162616
0.29714  -0.0975194  -0.0341054  -0.0975194  0.254398  0.0685928  -0.0341054  0.0685928  0.162607
0.29714  -0.0975009  -0.0340974  -0.0975009  0.254376  0.0685794  -0.0340974  0.0685794  0.162608
0.297163  -0.0972497  -0.0338087  -0.0972497  0.253981  0.0682747  -0.0338087  0.0682747  0.162598
0.297164  -0.0972278  -0.033788  -0.0972278  0.253952  0.0682533  -0.033788  0.0682533  0.162599
0.297189  -0.0969665  -0.0334624  -0.0969665  0.25354  0.0679262  -0.0334624  0.0679262  0.162592
0.29719  -0.0969447  -0.0334419  -0.0969447  0.253512  0.0679048  -0.0334419  0.0679048  0.162593
0.297215  -0.0966801  -0.0331603  -0.0966801  0.253106  0.0675991  -0.0331603  0.0675991  0.162588
0.297216  -0.0966583  -0.0331398  -0.0966583  0.253077  0.0675779  -0.0331398  0.0675779  0.162589
0.297239  -0.0964184  -0.0328366  -0.0964184  0.25271  0.0672828  -0.0328366  0.0672828  0.16259
0.297258  -0.0962512  -0.0326205  -0.0962512  0.252442  0.0670681  -0.0326205  0.0670681  0.162587
0.29726  -0.0962295  -0.0326002  -0.0962295  0.252414  0.0670472  -0.0326002  0.0670472  0.162589
0.297286  -0.0959849  -0.0323292  -0.0959849  0.252035  0.0667595  -0.0323292  0.0667595  0.162588
0.297287  -0.0959633  -0.032309  -0.0959633  0.252007  0.0667387  -0.032309  0.0667387  0.16259
0.297312  -0.0957286  -0.0320213  -0.0957286  0.251652  0.0664564  -0.0320213  0.0664564  0.162595
0.297331  -0.0955548  -0.031837  -0.0955548  0.251384  0.066256  -0.031837  0.066256  0.162596
0.297333  -0.0955333  -0.0318169  -0.0955333  0.251357  0.0662354  -0.0318169  0.0662354  0.162598
0.297359  -0.0952852  -0.0315358  -0.0952852  0.25099  0.0659511  -0.0315358  0.0659511  0.162607
0.297361  -0.0952637  -0.0315158  -0.0952637  0.250962  0.0659307  -0.0315158  0.0659307  0.162609
0.297386  -0.0950256  -0.0312182  -0.0950256  0.250619  0.065652  -0.0312182  0.065652  0.162626
0.297408  -0.0948521  -0.0309813  -0.0948521  0.250358  0.0654356  -0.0309813  0.0654356  0.162638
0.29741  -0.0948308  -0.0309614  -0.0948308  0.250331  0.0654154  -0.0309614  0.0654154  0.16264
0.297442  -0.0945709  -0.0306343  -0.0945709  0.249946  0.0651056  -0.0306343  0.0651056  0.162659
0.297443  -0.0945496  -0.0306145  -0.0945496  0.249919  0.0650856  -0.0306145  0.0650856  0.162661
0.297473  -0.0942957  -0.0303129  -0.0942957  0.24956  0.0647997  -0.0303129  0.0647997  0.162685
0.297474  -0.0942779  -0.0303055  -0.0942779  0.249539  0.0647873  -0.0303055  0.0647873  0.162686
0.297505  -0.0940136  -0.030022  -0.0940136  0.249174  0.0645061  -0.030022  0.0645061  0.162712
0.297526  -0.0938329  -0.0298173  -0.0938329  0.248927  0.0643118  -0.0298173  0.0643118  0.162733
0.297528  -0.0938118  -0.0297978  -0.0938118  0.248901  0.0642921  -0.0297978  0.0642921  0.162736
0.297561  -0.0935456  -0.0295042  -0.0935456  0.248533  0.0640066  -0.0295042  0.0640066  0.162766
0.297585  -0.0933543  -0.0292644  -0.0933543  0.248284  0.0637991  -0.0292644  0.0637991  0.162798
0.297587  -0.0933333  -0.029245  -0.0933333  0.248258  0.0637796  -0.029245  0.0637796  0.162801
0.29762  -0.0930847  -0.0289606  -0.0930847  0.247927  0.0635161  -0.0289606  0.0635161  0.162838
0.297622  -0.0930637  -0.0289413  -0.0930637  0.247901  0.0634967  -0.0289413  0.0634967  0.162841
0.297658  -0.0928093  -0.0286341  -0.0928093  0.247561  0.0632205  -0.0286341  0.0632205  0.162883
0.297682  -0.0926407  -0.0284162  -0.0926407  0.247342  0.0630361  -0.0284162  0.0630361  0.162917
0.297685  -0.0926356  -0.0283926  -0.0926356  0.247319  0.0630152  -0.0283926  0.0630152  0.162915
0.297723  -0.0923779  -0.0280755  -0.0923779  0.246988  0.0627416  -0.0280755  0.0627416  0.162967
0.297726  -0.0923571  -0.0280565  -0.0923571  0.246963  0.0627226  -0.0280565  0.0627226  0.162971
0.297768  -0.0921095  -0.0277126  -0.0921095  0.246627  0.062435  -0.0277126  0.062435  0.163023
0.297798  -0.0919218  -0.0274785  -0.0919218  0.246387  0.0622357  -0.0274785  0.0622357  0.163066
0.2978  -0.0919012  -0.0274596  -0.0919012  0.246362  0.062217  -0.0274596  0.062217  0.163069
0.297844  -0.0916331  -0.0271515  -0.0916331  0.246012  0.061938  -0.0271515  0.061938  0.163124
0.297847  -0.0916235  -0.0271162  -0.0916235  0.245995  0.061917  -0.0271162  0.061917  0.163129
0.297891  -0.0913692  -0.0268045  -0.0913692  0.245674  0.0616512  -0.0268045  0.0616512  0.163191
0.297924  -0.0911737  -0.02659  -0.0911737  0.245418  0.0614518  -0.02659  0.0614518  0.163231
0.297926  -0.0911674  -0.0265667  -0.0911674  0.245408  0.061438  -0.0265667  0.061438  0.163235
0.297977  -0.0908923  -0.0262274  -0.0908923  0.245048  0.0611441  -0.0262274  0.0611441  0.163302
0.297981  -0.0908719  -0.0262089  -0.0908719  0.245024  0.061126  -0.0262089  0.061126  0.163306
0.298033  -0.0905825  -0.0258758  -0.0905825  0.244665  0.0608365  -0.0258758  0.0608365  0.163381
0.298069  -0.0904028  -0.0256594  -0.0904028  0.244428  0.0606457  -0.0256594  0.0606457  0.163426
0.298073  -0.0903795  -0.0256295  -0.0903795  0.244399  0.0606211  -0.0256295  0.0606211  0.163432
0.29813  -0.0900779  -0.025304  -0.0900779  0.244031  0.0603311  -0.025304  0.0603311  0.163512
0.298133  -0.0900577  -0.0252857  -0.0900577  0.244007  0.0603134  -0.0252857  0.0603134  0.163517
0.298192  -0.0897822  -0.0249409  -0.0897822  0.243665  0.0600281  -0.0249409  0.0600281  0.163602
0.298237  -0.0895769  -0.0246862  -0.0895769  0.243411  0.0598173  -0.0246862  0.0598173  0.163666
0.29824  -0.0895568  -0.0246681  -0.0895568  0.243387  0.0597997  -0.0246681  0.0597997  0.163671
0.298305  -0.089277  -0.0243035  -0.089277  0.243039  0.0595056  -0.0243035  0.0595056  0.163766
0.298309  -0.089257  -0.0242855  -0.089257  0.243016  0.0594883  -0.0242855  0.0594883  0.163771
0.298372  -0.0889971  -0.0239406  -0.0889971  0.242706  0.0592205  -0.0239406  0.0592205  0.163869
0.298417  -0.0888139  -0.0237073  -0.0888139  0.242481  0.0590318  -0.0237073  0.0590318  0.163934
0.298421  -0.088794  -0.0236895  -0.088794  0.242458  0.0590146  -0.0236895  0.0590146  0.163939
0.298484  -0.0885429  -0.02337  -0.0885429  0.24215  0.058757  -0.02337  0.058757  0.164031
0.29849  -0.0885201  -0.0233411  -0.0885201  0.242122  0.0587337  -0.0233411  0.0587337  0.164039
0.298557  -0.088253  -0.0230167  -0.088253  0.241799  0.0584676  -0.0230167  0.0584676  0.164137
0.298606  -0.0880578  -0.0227912  -0.0880578  0.241566  0.0582789  -0.0227912  0.0582789  0.164207
0.29861  -0.0880381  -0.0227737  -0.0880381  0.241543  0.0582621  -0.0227737  0.0582621  0.164213
0.298676  -0.0877924  -0.0224695  -0.0877924  0.241247  0.0580165  -0.0224695  0.0580165  0.164309
0.298683  -0.0877698  -0.0224409  -0.0877698  0.24122  0.0579937  -0.0224409  0.0579937  0.164318
0.298749  -0.087515  -0.0221539  -0.087515  0.240906  0.0577456  -0.0221539  0.0577456  0.164408
0.298801  -0.0873344  -0.0219265  -0.0873344  0.240702  0.0575715  -0.0219265  0.0575715  0.164488
0.298805  -0.0873148  -0.0219092  -0.0873148  0.24068  0.0575551  -0.0219092  0.0575551  0.164495
0.298881  -0.0870519  -0.0215915  -0.0870519  0.240368  0.0572985  -0.0215915  0.0572985  0.164604
0.298885  -0.0870324  -0.0215743  -0.0870324  0.240346  0.0572823  -0.0215743  0.0572823  0.16461
0.298964  -0.0867675  -0.0212472  -0.0867675  0.240031  0.0570219  -0.0212472  0.0570219  0.164725
0.299021  -0.0865751  -0.0210276  -0.0865751  0.239819  0.0568478  -0.0210276  0.0568478  0.16481
0.299026  -0.0865557  -0.0210105  -0.0865557  0.239798  0.0568318  -0.0210105  0.0568318  0.164817
0.299102  -0.086301  -0.0207187  -0.086301  0.239501  0.0565929  -0.0207187  0.0565929  0.164926
0.299107  -0.0862817  -0.0207017  -0.0862817  0.23948  0.056577  -0.0207017  0.056577  0.164933
0.299185  -0.0860278  -0.0204114  -0.0860278  0.239186  0.05634  -0.0204114  0.05634  0.165044
0.299247  -0.0858351  -0.0201836  -0.0858351  0.238963  0.0561577  -0.0201836  0.0561577  0.165133
0.299253  -0.0858266  -0.0201512  -0.0858266  0.23895  0.0561403  -0.0201512  0.0561403  0.165144
0.299335  -0.0855849  -0.0198478  -0.0855849  0.238668  0.0559051  -0.0198478  0.0559051  0.165263
0.29934  -0.0855658  -0.019831  -0.0855658  0.238647  0.0558895  -0.019831  0.0558895  0.16527
0.299423  -0.0853384  -0.0195242  -0.0853384  0.23838  0.0556603  -0.0195242  0.0556603  0.165391
0.299431  -0.0853165  -0.0194968  -0.0853165  0.238354  0.0556392  -0.0194968  0.0556392  0.165402
0.299509  -0.0850961  -0.0192127  -0.0850961  0.238086  0.0554169  -0.0192127  0.0554169  0.165514
0.29957  -0.0849246  -0.0190055  -0.0849246  0.23789  0.0552554  -0.0190055  0.0552554  0.165601
0.299576  -0.0849056  -0.018989  -0.0849056  0.23787  0.0552402  -0.018989  0.0552402  0.165609
0.29966  -0.0846701  -0.0187011  -0.0846701  0.237589  0.0550113  -0.0187011  0.0550113  0.165728
0.299666  -0.0846512  -0.0186846  -0.0846512  0.237568  0.0549963  -0.0186846  0.0549963  0.165736
0.299757  -0.0843996  -0.0183924  -0.0843996  0.237285  0.0547661  -0.0183924  0.0547661  0.165866
0.299816  -0.0842463  -0.0181934  -0.0842463  0.237097  0.0546113  -0.0181934  0.0546113  0.165949
0.299824  -0.0842247  -0.0181665  -0.0842247  0.237073  0.0545909  -0.0181665  0.0545909  0.165961
0.299913  -0.0839911  -0.0178821  -0.0839911  0.236798  0.0543671  -0.0178821  0.0543671  0.166086
0.299917  -0.0839857  -0.0178612  -0.0839857  0.23679  0.0543562  -0.0178612  0.0543562  0.166094
0.30001  -0.0837372  -0.0175721  -0.0837372  0.236489  0.0541186  -0.0175721  0.0541186  0.16622
0.300018  -0.0837158  -0.0175455  -0.0837158  0.236465  0.0540986  -0.0175455  0.0540986  0.166232
0.300109  -0.0834969  -0.0172591  -0.0834969  0.236206  0.0538823  -0.0172591  0.0538823  0.166361
0.300173  -0.0833297  -0.0170575  -0.0833297  0.235997  0.0537167  -0.0170575  0.0537167  0.166449
0.300178  -0.0833243  -0.0170367  -0.0833243  0.235989  0.0537062  -0.0170367  0.0537062  0.166457
0.300265  -0.0830989  -0.0167775  -0.0830989  0.235719  0.0534932  -0.0167775  0.0534932  0.166576
0.300272  -0.0830803  -0.0167615  -0.0830803  0.235699  0.0534789  -0.0167615  0.0534789  0.166585
0.300361  -0.0828661  -0.0164884  -0.0828661  0.235438  0.0532663  -0.0164884  0.0532663  0.16671
0.300422  -0.0827185  -0.016305  -0.0827185  0.235252  0.0531182  -0.016305  0.0531182  0.166793
0.300425  -0.0827137  -0.0162842  -0.0827137  0.235233  0.0531016  -0.0162842  0.0531016  0.166796
0.300514  -0.0825007  -0.0160127  -0.0825007  0.234963  0.0528854  -0.0160127  0.0528854  0.16692
0.300521  -0.0824822  -0.015997  -0.0824822  0.234944  0.0528714  -0.015997  0.0528714  0.166929
0.300611  -0.0822808  -0.0157115  -0.0822808  0.234673  0.0526493  -0.0157115  0.0526493  0.167053
0.300673  -0.0821451  -0.0155149  -0.0821451  0.234487  0.0524967  -0.0155149  0.0524967  0.167139
0.300677  -0.082127  -0.015499  -0.082127  0.234456  0.0524766  -0.015499  0.0524766  0.167142
0.300759  -0.0819472  -0.0152412  -0.0819472  0.234211  0.0522761  -0.0152412  0.0522761  0.167256
0.300764  -0.0819291  -0.0152254  -0.0819291  0.23418  0.0522561  -0.0152254  0.0522561  0.16726
0.300842  -0.0817526  -0.0149783  -0.0817526  0.233929  0.0520557  -0.0149783  0.0520557  0.167366
0.3009  -0.0816204  -0.0147935  -0.0816204  0.233738  0.0519047  -0.0147935  0.0519047  0.167444
0.300907  -0.081602  -0.014778  -0.081602  0.233719  0.0518911  -0.014778  0.0518911  0.167454
0.30098  -0.0814288  -0.0145422  -0.0814288  0.233462  0.0516917  -0.0145422  0.0516917  0.167552
0.300985  -0.0814108  -0.0145265  -0.0814108  0.233432  0.051672  -0.0145265  0.051672  0.167556
0.301068  -0.08123  -0.0142614  -0.08123  0.233166  0.0514592  -0.0142614  0.0514592  0.16767
0.301123  -0.0810857  -0.0140824  -0.0810857  0.232944  0.0512948  -0.0140824  0.0512948  0.167741
0.301128  -0.0810677  -0.0140669  -0.0810677  0.232914  0.0512753  -0.0140669  0.0512753  0.167745
0.3012  -0.080906  -0.0138179  -0.080906  0.232646  0.0510658  -0.0138179  0.0510658  0.167841
0.301203  -0.0809012  -0.0137977  -0.0809012  0.232628  0.0510501  -0.0137977  0.0510501  0.167846
0.301269  -0.0807447  -0.0135695  -0.0807447  0.232368  0.0508513  -0.0135695  0.0508513  0.167933
0.301276  -0.0807265  -0.0135543  -0.0807265  0.23235  0.0508383  -0.0135543  0.0508383  0.167943
0.301344  -0.0805808  -0.0133121  -0.0805808  0.232098  0.0506395  -0.0133121  0.0506395  0.168037
0.301398  -0.0804631  -0.0131259  -0.0804631  0.231903  0.0504859  -0.0131259  0.0504859  0.168112
0.301405  -0.0804449  -0.0131108  -0.0804449  0.231885  0.050473  -0.0131108  0.050473  0.168123
0.30148  -0.0802658  -0.0128491  -0.0802658  0.231581  0.0502429  -0.0128491  0.0502429  0.168224
0.301486  -0.0802608  -0.0128294  -0.0802608  0.231574  0.0502336  -0.0128294  0.0502336  0.168234
0.301553  -0.0801023  -0.0125936  -0.0801023  0.231304  0.0500285  -0.0125936  0.0500285  0.168327
0.301555  -0.0800868  -0.0125881  -0.0800868  0.231279  0.0500142  -0.0125881  0.0500142  0.168326
0.301623  -0.0799261  -0.0123429  -0.0799261  0.230996  0.0497995  -0.0123429  0.0497995  0.16842
0.301667  -0.0798031  -0.0121923  -0.0798031  0.230792  0.0496533  -0.0121923  0.0496533  0.168478
0.301672  -0.0797852  -0.0121771  -0.0797852  0.230763  0.0496346  -0.0121771  0.0496346  0.168483
0.301737  -0.0796269  -0.0119428  -0.0796269  0.230485  0.0494265  -0.0119428  0.0494265  0.168573
0.301744  -0.0796089  -0.011928  -0.0796089  0.230468  0.049414  -0.011928  0.049414  0.168584
0.301812  -0.0794482  -0.0116846  -0.0794482  0.230188  0.0492026  -0.0116846  0.0492026  0.168681
0.301866  -0.0793179  -0.0115063  -0.0793179  0.229977  0.0490454  -0.0115063  0.0490454  0.168758
0.301869  -0.079313  -0.0114865  -0.079313  0.229959  0.0490303  -0.0114865  0.0490303  0.168764
0.301933  -0.0791419  -0.0112583  -0.0791419  0.229664  0.0488159  -0.0112583  0.0488159  0.168852
0.301941  -0.0791238  -0.0112437  -0.0791238  0.229647  0.0488037  -0.0112437  0.0488037  0.168863
0.302006  -0.0789658  -0.0110119  -0.0789658  0.229374  0.0486001  -0.0110119  0.0486001  0.168959
0.302046  -0.0788561  -0.0108587  -0.0788561  0.229175  0.0484556  -0.0108587  0.0484556  0.169016
0.302047  -0.0788536  -0.0108486  -0.0788536  0.22916  0.0484452  -0.0108486  0.0484452  0.169016
0.302112  -0.0786956  -0.0106179  -0.0786956  0.228889  0.0482434  -0.0106179  0.0482434  0.169114
0.302117  -0.0786801  -0.010613  -0.0786801  0.228876  0.0482358  -0.010613  0.0482358  0.16912
0.302178  -0.0785375  -0.0103878  -0.0785375  0.22862  0.0480428  -0.0103878  0.0480428  0.169213
0.302228  -0.0784204  -0.0102071  -0.0784204  0.228414  0.0478876  -0.0102071  0.0478876  0.16929
0.302234  -0.0784155  -0.010188  -0.0784155  0.228407  0.0478791  -0.010188  0.0478791  0.169302
0.302297  -0.078255  -0.00994863  -0.078255  0.228115  0.047664  -0.00994863  0.047664  0.169398
0.302301  -0.07825  -0.00992914  -0.07825  0.228097  0.0476494  -0.00992914  0.0476494  0.169404
0.30237  -0.0780896  -0.00969146  -0.0780896  0.227828  0.0474478  -0.00969146  0.0474478  0.169513
0.302415  -0.0779905  -0.00952694  -0.0779905  0.227652  0.0473127  -0.00952694  0.0473127  0.169586
0.302423  -0.0779726  -0.00951274  -0.0779726  0.227636  0.0473012  -0.00951274  0.0473012  0.169598
0.302485  -0.0778276  -0.00928046  -0.0778276  0.227371  0.0471028  -0.00928046  0.0471028  0.169698
0.30249  -0.0778096  -0.00926578  -0.0778096  0.227343  0.0470852  -0.00926578  0.0470852  0.169704
0.302556  -0.0776492  -0.00902946  -0.0776492  0.227067  0.0468806  -0.00902946  0.0468806  0.169811
0.302603  -0.0775346  -0.00886099  -0.0775346  0.226868  0.0467343  -0.00886099  0.0467343  0.169887
0.302605  -0.0775191  -0.00885576  -0.0775191  0.226844  0.0467209  -0.00885576  0.0467209  0.169888
0.302667  -0.077374  -0.00862524  -0.077374  0.226583  0.0465255  -0.00862524  0.0465255  0.169991
0.30267  -0.077369  -0.008606  -0.077369  0.226566  0.0465114  -0.008606  0.0465114  0.169998
0.302716  -0.077236  -0.00842268  -0.077236  0.22632  0.0463371  -0.00842268  0.0463371  0.170071
0.302762  -0.077137  -0.0082606  -0.077137  0.226147  0.0462061  -0.0082606  0.0462061  0.170149
0.302765  -0.0771319  -0.00824142  -0.0771319  0.22613  0.046192  -0.00824142  0.046192  0.170156
0.302822  -0.0770048  -0.00802696  -0.0770048  0.225899  0.0460165  -0.00802696  0.0460165  0.170256
0.302827  -0.0769869  -0.00801252  -0.0769869  0.225872  0.0459994  -0.00801252  0.0459994  0.170263
0.302895  -0.0768525  -0.00777091  -0.0768525  0.225632  0.0458131  -0.00777091  0.0458131  0.170383
0.302949  -0.0767358  -0.00759634  -0.0767358  0.225447  0.0456733  -0.00759634  0.0456733  0.170476
0.302952  -0.0767307  -0.00757729  -0.0767307  0.22543  0.0456594  -0.00757729  0.0456594  0.170483
0.303021  -0.0765862  -0.00735146  -0.0765862  0.225197  0.0454819  -0.00735146  0.0454819  0.170604
0.303025  -0.0765811  -0.00733245  -0.0765811  0.225181  0.0454681  -0.00733245  0.0454681  0.170612
0.303081  -0.0764435  -0.00713414  -0.0764435  0.224945  0.045297  -0.00713414  0.045297  0.170709
0.303089  -0.0764259  -0.00712053  -0.0764259  0.22493  0.0452863  -0.00712053  0.0452863  0.170722
0.303155  -0.0762838  -0.00690514  -0.0762838  0.224702  0.0451146  -0.00690514  0.0451146  0.170839
0.303199  -0.0761717  -0.00675007  -0.0761717  0.224514  0.0449791  -0.00675007  0.0449791  0.170917
0.303204  -0.0761564  -0.00674565  -0.0761564  0.224502  0.0449723  -0.00674565  0.0449723  0.170924
0.303229  -0.0760901  -0.00665627  -0.0760901  0.224388  0.0448916  -0.00665627  0.0448916  0.170967
0.303291  -0.0759478  -0.0064415  -0.0759478  0.224151  0.0447159  -0.0064415  0.0447159  0.171081
0.303339  -0.0758387  -0.00629777  -0.0758387  0.22399  0.0445979  -0.00629777  0.0445979  0.171166
0.303343  -0.0758337  -0.00627897  -0.0758337  0.223974  0.0445844  -0.00627897  0.0445844  0.171173
0.303413  -0.0756894  -0.00605691  -0.0756894  0.223747  0.0444127  -0.00605691  0.0444127  0.171302
0.303418  -0.0756715  -0.00604287  -0.0756715  0.223721  0.0443964  -0.00604287  0.0443964  0.171309
0.303478  -0.0755344  -0.0058485  -0.0755344  0.223503  0.0442367  -0.0058485  0.0442367  0.171418
0.303523  -0.0754251  -0.00570522  -0.0754251  0.223333  0.0441144  -0.00570522  0.0441144  0.171499
0.303526  -0.07542  -0.00568655  -0.07542  0.223317  0.0441011  -0.00568655  0.0441011  0.171507
0.303594  -0.07526  -0.00546053  -0.07526  0.223059  0.0439135  -0.00546053  0.0439135  0.171634
0.303596  -0.0752444  -0.00545556  -0.0752444  0.223036  0.043901  -0.00545556  0.043901  0.171635
0.303656  -0.0751019  -0.00524338  -0.0751019  0.222794  0.0437245  -0.00524338  0.0437245  0.17175
0.303704  -0.0749903  -0.00509235  -0.0749903  0.222623  0.0436006  -0.00509235  0.0436006  0.17184
0.303708  -0.0749852  -0.0050738  -0.0749852  0.222607  0.0435875  -0.0050738  0.0435875  0.171848
0.303769  -0.0748299  -0.00486735  -0.0748299  0.222358  0.0434098  -0.00486735  0.0434098  0.171964
0.303776  -0.0748253  -0.0048496  -0.0748253  0.222353  0.0434028  -0.0048496  0.0434028  0.171978
0.303838  -0.07467  -0.00464377  -0.07467  0.222104  0.0432261  -0.00464377  0.0432261  0.172095
0.303876  -0.0745627  -0.00451087  -0.0745627  0.22193  0.043105  -0.00451087  0.043105  0.172168
0.303884  -0.0745452  -0.00449791  -0.0745452  0.221916  0.0430953  -0.00449791  0.0430953  0.172182
0.30395  -0.0743877  -0.00428426  -0.0743877  0.221667  0.0429169  -0.00428426  0.0429169  0.172308
0.303958  -0.0743703  -0.00427136  -0.0743703  0.221653  0.0429073  -0.00427136  0.0429073  0.172322
0.30402  -0.0742151  -0.00406716  -0.0742151  0.221408  0.0427333  -0.00406716  0.0427333  0.172442
0.304069  -0.0741009  -0.00390902  -0.0741009  0.221229  0.0426039  -0.00390902  0.0426039  0.172538
0.304074  -0.074083  -0.00389543  -0.074083  0.221204  0.0425884  -0.00389543  0.0425884  0.172547
0.304143  -0.0739261  -0.00368436  -0.0739261  0.22097  0.0424188  -0.00368436  0.0424188  0.172682
0.304148  -0.0739082  -0.00367081  -0.0739082  0.220945  0.0424034  -0.00367081  0.0424034  0.17269
0.304217  -0.0737641  -0.0034557  -0.0737641  0.220721  0.0422377  -0.0034557  0.0422377  0.172827
0.304251  -0.0736563  -0.00332413  -0.0736563  0.22054  0.0421142  -0.00332413  0.0421142  0.172898
0.304254  -0.0736512  -0.00330594  -0.0736512  0.220524  0.0421017  -0.00330594  0.0421017  0.172907
0.304319  -0.0735065  -0.00309106  -0.0735065  0.22029  0.0419315  -0.00309106  0.0419315  0.17304
0.304324  -0.0734887  -0.00307763  -0.0734887  0.220266  0.0419164  -0.00307763  0.0419164  0.173048
0.304378  -0.0733509  -0.0028893  -0.0733509  0.22004  0.0417569  -0.0028893  0.0417569  0.17316
0.304381  -0.0733458  -0.0028712  -0.0733458  0.220025  0.0417445  -0.0028712  0.0417445  0.17317
0.304446  -0.0732012  -0.00265756  -0.0732012  0.219794  0.0415763  -0.00265756  0.0415763  0.173305
0.304488  -0.0730888  -0.00251018  -0.0730888  0.219611  0.0414489  -0.00251018  0.0414489  0.173393
0.304491  -0.0730836  -0.00249215  -0.0730836  0.219596  0.0414366  -0.00249215  0.0414366  0.173403
0.304553  -0.0729228  -0.00227403  -0.0729228  0.219333  0.0412523  -0.00227403  0.0412523  0.173536
0.304557  -0.0729176  -0.00225604  -0.0729176  0.219318  0.0412401  -0.00225604  0.0412401  0.173545
0.304608  -0.0727636  -0.00206417  -0.0727636  0.219064  0.0410663  -0.00206417  0.0410663  0.173657
0.304645  -0.0726691  -0.00193114  -0.0726691  0.218907  0.0409555  -0.00193114  0.0409555  0.173738
0.304648  -0.0726639  -0.00191322  -0.0726639  0.218892  0.0409434  -0.00191322  0.0409434  0.173748
0.304707  -0.0725053  -0.00170524  -0.0725053  0.218635  0.040765  -0.00170524  0.040765  0.173876
0.30471  -0.0725001  -0.00168737  -0.0725001  0.21862  0.0407529  -0.00168737  0.0407529  0.173886
0.304764  -0.0723594  -0.0014931  -0.0723594  0.218387  0.0405901  -0.0014931  0.0405901  0.174006
0.304765  -0.0723438  -0.00148847  -0.0723438  0.218366  0.0405786  -0.00148847  0.0405786  0.174008
0.304818  -0.072203  -0.00129472  -0.072203  0.218135  0.0404166  -0.00129472  0.0404166  0.174129
0.304863  -0.0721039  -0.00114621  -0.0721039  0.217976  0.0403022  -0.00114621  0.0403022  0.174229
0.304863  -0.072101  -0.00113686  -0.072101  0.217963  0.0402932  -0.00113686  0.0402932  0.174231
0.304921  -0.071961  -0.000944969  -0.071961  0.217745  0.0401387  -0.000944969  0.0401387  0.174359
0.304924  -0.0719557  -0.000927249  -0.0719557  0.21773  0.0401269  -0.000927249  0.0401269  0.174369
0.304967  -0.0718247  -0.000769372  -0.0718247  0.21752  0.0399848  -0.000769372  0.0399848  0.174468
0.305002  -0.0717397  -0.000624558  -0.0717397  0.217363  0.0398715  -0.000624558  0.0398715  0.174556
0.305007  -0.0717219  -0.00061165  -0.0717219  0.21734  0.0398572  -0.00061165  0.0398572  0.174566
0.30506  -0.0715967  -0.000424721  -0.0715967  0.217134  0.0397102  -0.000424721  0.0397102  0.17469
0.305064  -0.0715915  -0.000407103  -0.0715915  0.217119  0.0396986  -0.000407103  0.0396986  0.1747
0.305125  -0.0714432  -0.000190286  -0.0714432  0.216876  0.0395266  -0.000190286  0.0395266  0.174844
0.305133  -0.0714357  -0.000164423  -0.0714357  0.21686  0.0395122  -0.000164423  0.0395122  0.174862
0.305191  -0.0712927  3.41587e-05  -0.0712927  0.216633  0.0393529  3.41587e-05  0.0393529  0.174998
0.305231  -0.0711898  0.000190241  -0.0711898  0.216456  0.0392278  0.000190241  0.0392278  0.175099
0.305235  -0.0711846  0.000207738  -0.0711846  0.216441  0.0392163  0.000207738  0.0392163  0.175109
0.305276  -0.0710443  0.000390901  -0.0710443  0.216198  0.0390522  0.000390901  0.0390522  0.175219
0.305281  -0.0710265  0.000403592  -0.0710265  0.216175  0.0390384  0.000403592  0.0390384  0.175229
0.305327  -0.070887  0.000585269  -0.070887  0.215944  0.038881  0.000585269  0.038881  0.175346
0.305361  -0.0707789  0.000709896  -0.0707789  0.215777  0.0387695  0.000709896  0.0387695  0.17543
0.305361  -0.0707759  0.000719111  -0.0707759  0.215764  0.0387608  0.000719111  0.0387608  0.175432
0.305402  -0.0706355  0.000901066  -0.0706355  0.215524  0.0385989  0.000901066  0.0385989  0.175544
0.305407  -0.0706177  0.000913648  -0.0706177  0.215501  0.0385853  0.000913648  0.0385853  0.175555
0.305461  -0.0704768  0.00110115  -0.0704768  0.215282  0.0384333  0.00110115  0.0384333  0.175687
0.305503  -0.0703643  0.00124109  -0.0703643  0.215113  0.0383181  0.00124109  0.0383181  0.175789
0.305507  -0.070359  0.00125837  -0.070359  0.215099  0.0383069  0.00125837  0.0383069  0.1758
0.305573  -0.0702146  0.00146003  -0.0702146  0.214889  0.0381571  0.00146003  0.0381571  0.175957
0.305578  -0.0701968  0.00147249  -0.0701968  0.214867  0.0381436  0.00147249  0.0381436  0.175967
0.305632  -0.0700559  0.00165844  -0.0700559  0.21465  0.0379941  0.00165844  0.0379941  0.176103
0.305674  -0.069956  0.00180198  -0.069956  0.214492  0.0378829  0.00180198  0.0378829  0.176207
0.305679  -0.0699382  0.00181435  -0.0699382  0.21447  0.0378696  0.00181435  0.0378696  0.176218
0.305733  -0.0698005  0.00199025  -0.0698005  0.214267  0.0377299  0.00199025  0.0377299  0.176353
0.305737  -0.0697952  0.00200738  -0.0697952  0.214253  0.0377189  0.00200738  0.0377189  0.176364
0.305793  -0.0696418  0.00218706  -0.0696418  0.214032  0.0375693  0.00218706  0.0375693  0.176501
0.305844  -0.0695251  0.0023406  -0.0695251  0.213864  0.0374526  0.0023406  0.0374526  0.176624
0.305843  -0.069522  0.00234968  -0.069522  0.213852  0.0374442  0.00234968  0.0374442  0.176627
0.305873  -0.0694536  0.0024364  -0.0694536  0.213757  0.0373783  0.0024364  0.0373783  0.176698
0.305927  -0.0693066  0.00263777  -0.0693066  0.213521  0.0372162  0.00263777  0.0372162  0.176844
0.305957  -0.0691976  0.00275974  -0.0691976  0.21335  0.0371049  0.00275974  0.0371049  0.176929
0.305961  -0.0691798  0.0027719  -0.0691798  0.213329  0.0370919  0.0027719  0.0370919  0.176939
0.306022  -0.0690244  0.00295729  -0.0690244  0.21311  0.0369433  0.00295729  0.0369433  0.177089
0.306025  -0.069019  0.00297421  -0.069019  0.213096  0.0369326  0.00297421  0.0369326  0.177101
0.306077  -0.0688492  0.0031565  -0.0688492  0.21285  0.036771  0.0031565  0.036771  0.17724
0.306081  -0.0688439  0.00317337  -0.0688439  0.212836  0.0367604  0.00317337  0.0367604  0.177251
0.306141  -0.0686885  0.00335755  -0.0686885  0.212619  0.0366136  0.00335755  0.0366136  0.177403
0.306185  -0.0685638  0.00348779  -0.0685638  0.212453  0.0365036  0.00348779  0.0365036  0.177513
0.306189  -0.0685585  0.00350458  -0.0685585  0.212439  0.0364931  0.00350458  0.0364931  0.177524
0.306257  -0.0683958  0.00371225  -0.0683958  0.212209  0.036335  0.00371225  0.036335  0.177698
0.306266  -0.0683916  0.00372781  -0.0683916  0.212207  0.0363304  0.00372781  0.0363304  0.177716
0.306327  -0.0682364  0.00391025  -0.0682364  0.211993  0.0361861  0.00391025  0.0361861  0.177871
0.30637  -0.0681274  0.0040351  -0.0681274  0.211848  0.0360882  0.0040351  0.0360882  0.17798
0.30638  -0.0681075  0.00405468  -0.0681075  0.211826  0.0360735  0.00405468  0.0360735  0.178
0.306431  -0.0679535  0.00422958  -0.0679535  0.211605  0.0359271  0.00422958  0.0359271  0.178142
0.306436  -0.0679358  0.00424137  -0.0679358  0.211585  0.0359147  0.00424137  0.0359147  0.178153
0.306502  -0.0677819  0.00442095  -0.0677819  0.211385  0.0357786  0.00442095  0.0357786  0.178316
0.306546  -0.0676698  0.00455354  -0.0676698  0.21123  0.0356743  0.00455354  0.0356743  0.178431
0.306549  -0.0676645  0.00457009  -0.0676645  0.211217  0.0356642  0.00457009  0.0356642  0.178443
0.306615  -0.0675075  0.00475746  -0.0675075  0.211007  0.0355216  0.00475746  0.0355216  0.178611
0.30662  -0.0674897  0.00476912  -0.0674897  0.210986  0.0355094  0.00476912  0.0355094  0.178622
0.306681  -0.0673317  0.00495707  -0.0673317  0.210767  0.035362  0.00495707  0.035362  0.178785
0.306716  -0.0672239  0.00507324  -0.0672239  0.210617  0.0352636  0.00507324  0.0352636  0.178884
0.30672  -0.0672186  0.00508967  -0.0672186  0.210603  0.0352536  0.00508967  0.0352536  0.178896
0.306771  -0.0670615  0.00527029  -0.0670615  0.210376  0.0351039  0.00527029  0.0351039  0.179046
0.306775  -0.0670562  0.00528667  -0.0670562  0.210363  0.035094  0.00528667  0.035094  0.179058
0.306827  -0.0669024  0.00545789  -0.0669024  0.210149  0.034953  0.00545789  0.034953  0.179206
0.30687  -0.0668029  0.00559294  -0.0668029  0.210005  0.0348541  0.00559294  0.0348541  0.179325
0.306875  -0.0667852  0.0056044  -0.0667852  0.209985  0.0348423  0.0056044  0.0348423  0.179337
