0.308788  -0.152535  -0.0794371  -0.152535  0.337043  0.126924  -0.0794371  0.126924  0.179028
0.308788  -0.152535  -0.0794371  -0.152535  0.337043  0.126924  -0.0794371  0.126924  0.179028
0.308798  -0.152711  -0.0789275  -0.152711  0.33714  0.126599  -0.0789275  0.126599  0.178702
0.308786  -0.152738  -0.078808  -0.152738  0.337166  0.126529  -0.078808  0.126529  0.178632
0.308774  -0.152842  -0.0779937  -0.152842  0.337017  0.125887  -0.0779937  0.125887  0.178103
0.308767  -0.152771  -0.0779896  -0.152771  0.336883  0.125829  -0.0779896  0.125829  0.178092
0.30871  -0.152545  -0.0779204  -0.152545  0.33651  0.12564  -0.0779204  0.12564  0.178038
0.308584  -0.1522  -0.0773893  -0.1522  0.335828  0.125015  -0.0773893  0.125015  0.177694
0.308575  -0.152218  -0.077233  -0.152218  0.335812  0.1249  -0.077233  0.1249  0.177598
0.308531  -0.152248  -0.0767011  -0.152248  0.335718  0.124497  -0.0767011  0.124497  0.177276
0.308558  -0.152014  -0.0759505  -0.152014  0.334816  0.123566  -0.0759505  0.123566  0.176725
0.308571  -0.151976  -0.0759473  -0.151976  0.334707  0.123512  -0.0759473  0.123512  0.176709
0.308668  -0.151465  -0.0756477  -0.151465  0.333289  0.122655  -0.0756477  0.122655  0.176367
0.308671  -0.151457  -0.0756103  -0.151457  0.333246  0.122609  -0.0756103  0.122609  0.176339
0.308792  -0.151163  -0.0752595  -0.151163  0.332205  0.121871  -0.0752595  0.121871  0.175991
0.308815  -0.151157  -0.0752729  -0.151157  0.332147  0.121846  -0.0752729  0.121846  0.175985
0.309051  -0.150776  -0.075418  -0.150776  0.330908  0.12133  -0.075418  0.12133  0.175875
0.309069  -0.150762  -0.0754104  -0.150762  0.330835  0.121287  -0.0754104  0.121287  0.175858
0.309373  -0.150718  -0.0753036  -0.150718  0.330023  0.120752  -0.0753036  0.120752  0.175608
0.309377  -0.150695  -0.0752914  -0.150695  0.329962  0.120716  -0.0752914  0.120716  0.175594
0.309611  -0.150487  -0.0753619  -0.150487  0.329058  0.120292  -0.0753619  0.120292  0.175469
0.309629  -0.150457  -0.0753792  -0.150457  0.328966  0.120258  -0.0753792  0.120258  0.175465
0.309714  -0.150337  -0.0751027  -0.150337  0.328409  0.119795  -0.0751027  0.119795  0.17522
0.309708  -0.150329  -0.0750817  -0.150329  0.328394  0.119776  -0.0750817  0.119776  0.175208
0.309698  -0.150206  -0.0746577  -0.150206  0.327969  0.119303  -0.0746577  0.119303  0.174924
0.309686  -0.150174  -0.074641  -0.150174  0.32792  0.119275  -0.074641  0.119275  0.174914
0.309574  -0.149915  -0.0742293  -0.149915  0.327448  0.118827  -0.0742293  0.118827  0.174673
0.309542  -0.149895  -0.0741376  -0.149895  0.327434  0.118769  -0.0741376  0.118769  0.174631
0.309481  -0.149861  -0.0738922  -0.149861  0.327383  0.118599  -0.0738922  0.118599  0.174506
0.309329  -0.1497  -0.0734359  -0.1497  0.327175  0.118248  -0.0734359  0.118248  0.17428
0.309318  -0.149668  -0.0734195  -0.149668  0.327126  0.11822  -0.0734195  0.11822  0.17427
0.309213  -0.149456  -0.0732464  -0.149456  0.326848  0.118019  -0.0732464  0.118019  0.174186
0.309207  -0.149447  -0.0732258  -0.149447  0.326833  0.118001  -0.0732258  0.118001  0.174175
0.309167  -0.149417  -0.0730317  -0.149417  0.326768  0.117853  -0.0730317  0.117853  0.174073
0.309162  -0.149393  -0.073036  -0.149393  0.326734  0.117843  -0.073036  0.117843  0.174074
0.309171  -0.149259  -0.0731611  -0.149259  0.3265  0.117827  -0.0731611  0.117827  0.174122
0.309172  -0.149244  -0.073186  -0.149244  0.326481  0.117836  -0.073186  0.117836  0.174135
0.309157  -0.149145  -0.0732485  -0.149145  0.326343  0.117826  -0.0732485  0.117826  0.174165
0.309157  -0.149145  -0.0732485  -0.149145  0.326343  0.117826  -0.0732485  0.117826  0.174165
0.3091  -0.148994  -0.0732037  -0.148994  0.326143  0.11773  -0.0732037  0.11773  0.174143
0.309075  -0.148939  -0.073208  -0.148939  0.326088  0.117718  -0.073208  0.117718  0.17415
0.308922  -0.148645  -0.0731383  -0.148645  0.325799  0.117603  -0.0731383  0.117603  0.174143
0.308902  -0.148628  -0.0731135  -0.148628  0.325796  0.117591  -0.0731135  0.117591  0.174136
0.308674  -0.148393  -0.0727675  -0.148393  0.325662  0.117378  -0.0727675  0.117378  0.174012
0.308654  -0.148376  -0.0727428  -0.148376  0.325659  0.117367  -0.0727428  0.117367  0.174005
0.308433  -0.148046  -0.0725098  -0.148046  0.325372  0.117164  -0.0725098  0.117164  0.17393
0.308414  -0.148029  -0.0724852  -0.148029  0.325369  0.117153  -0.0724852  0.117153  0.173924
0.308201  -0.147783  -0.0722318  -0.147783  0.325228  0.116995  -0.0722318  0.116995  0.173848
0.308182  -0.147767  -0.0722072  -0.147767  0.325225  0.116984  -0.0722072  0.116984  0.173841
0.308033  -0.14758  -0.0720485  -0.14758  0.325107  0.116879  -0.0720485  0.116879  0.173798
0.308019  -0.147572  -0.0720443  -0.147572  0.325119  0.116886  -0.0720443  0.116886  0.173802
0.307945  -0.147403  -0.0721186  -0.147403  0.324978  0.116904  -0.0721186  0.116904  0.17386
0.307946  -0.147389  -0.0721433  -0.147389  0.32496  0.116913  -0.0721433  0.116913  0.173872
0.307932  -0.147366  -0.0721637  -0.147366  0.324953  0.116929  -0.0721637  0.116929  0.173888
0.307938  -0.147345  -0.0722332  -0.147345  0.32493  0.116965  -0.0722332  0.116965  0.173924
0.307939  -0.147331  -0.0722578  -0.147331  0.324912  0.116974  -0.0722578  0.116974  0.173936
0.307946  -0.147252  -0.0724259  -0.147252  0.324815  0.117045  -0.0724259  0.117045  0.174021
0.307941  -0.147229  -0.0724302  -0.147229  0.324782  0.117036  -0.0724302  0.117036  0.174022
0.307917  -0.147189  -0.0724099  -0.147189  0.324747  0.117016  -0.0724099  0.117016  0.174017
0.307917  -0.147189  -0.0724099  -0.147189  0.324747  0.117016  -0.0724099  0.117016  0.174017
0.307893  -0.147164  -0.0723651  -0.147164  0.324729  0.116986  -0.0723651  0.116986  0.173999
0.307825  -0.147023  -0.0722926  -0.147023  0.324564  0.11689  -0.0722926  0.11689  0.17397
0.307825  -0.147023  -0.0722926  -0.147023  0.324564  0.11689  -0.0722926  0.11689  0.17397
0.307732  -0.146901  -0.0721019  -0.146901  0.324436  0.116739  -0.0721019  0.116739  0.173886
0.307732  -0.146901  -0.0721019  -0.146901  0.324436  0.116739  -0.0721019  0.116739  0.173886
0.307683  -0.146806  -0.0720051  -0.146806  0.32431  0.116637  -0.0720051  0.116637  0.173839
0.307677  -0.146797  -0.0719849  -0.146797  0.324296  0.116618  -0.0719849  0.116618  0.173829
0.307668  -0.146752  -0.0719935  -0.146752  0.32423  0.1166  -0.0719935  0.1166  0.173832
0.307671  -0.146729  -0.0719818  -0.146729  0.324171  0.116565  -0.0719818  0.116565  0.173819
0.307685  -0.146737  -0.071986  -0.146737  0.324159  0.116558  -0.071986  0.116558  0.173815
0.307727  -0.146719  -0.0720721  -0.146719  0.324069  0.116563  -0.0720721  0.116563  0.17384
0.307727  -0.146719  -0.0720721  -0.146719  0.324069  0.116563  -0.0720721  0.116563  0.17384
0.307788  -0.146717  -0.0721827  -0.146717  0.323981  0.116578  -0.0721827  0.116578  0.173872
0.307788  -0.146702  -0.0722073  -0.146702  0.323962  0.116587  -0.0722073  0.116587  0.173884
0.307838  -0.146713  -0.0722283  -0.146713  0.323882  0.116549  -0.0722283  0.116549  0.17387
0.307838  -0.146713  -0.0722283  -0.146713  0.323882  0.116549  -0.0722283  0.116549  0.17387
0.307845  -0.146653  -0.0722293  -0.146653  0.323746  0.116488  -0.0722293  0.116488  0.173856
0.307849  -0.14663  -0.0722175  -0.14663  0.323687  0.116454  -0.0722175  0.116454  0.173843
0.307803  -0.146527  -0.0720844  -0.146527  0.323521  0.116308  -0.0720844  0.116308  0.173771
0.307797  -0.146518  -0.0720641  -0.146518  0.323506  0.11629  -0.0720641  0.11629  0.17376
0.307731  -0.146353  -0.0718994  -0.146353  0.323247  0.11609  -0.0718994  0.11609  0.17367
0.307726  -0.146345  -0.0718792  -0.146345  0.323232  0.116072  -0.0718792  0.116072  0.17366
0.307659  -0.146135  -0.0717074  -0.146135  0.322882  0.115829  -0.0717074  0.115829  0.173559
0.307659  -0.146135  -0.0717074  -0.146135  0.322882  0.115829  -0.0717074  0.115829  0.173559
0.307591  -0.14594  -0.0715116  -0.14594  0.322551  0.115577  -0.0715116  0.115577  0.173446
0.307586  -0.145917  -0.0715159  -0.145917  0.322519  0.115568  -0.0715159  0.115568  0.173448
0.307539  -0.145696  -0.0714179  -0.145696  0.322136  0.115354  -0.0714179  0.115354  0.173378
0.307547  -0.145696  -0.0714019  -0.145696  0.32211  0.115329  -0.0714019  0.115329  0.173364
0.307509  -0.145474  -0.0712881  -0.145474  0.321702  0.115091  -0.0712881  0.115091  0.17328
0.307504  -0.145466  -0.071268  -0.145466  0.321688  0.115073  -0.071268  0.115073  0.17327
0.307455  -0.1452  -0.0711631  -0.1452  0.321217  0.114817  -0.0711631  0.114817  0.17319
0.307441  -0.145147  -0.0711517  -0.145147  0.321139  0.114781  -0.0711517  0.114781  0.173182
0.30742  -0.145041  -0.071113  -0.145041  0.320957  0.114683  -0.071113  0.114683  0.173153
0.307348  -0.144766  -0.0709401  -0.144766  0.32049  0.114391  -0.0709401  0.114391  0.173045
0.307334  -0.144728  -0.0709045  -0.144728  0.32043  0.114347  -0.0709045  0.114347  0.173026
0.307202  -0.144339  -0.0706575  -0.144339  0.319837  0.113972  -0.0706575  0.113972  0.172889
0.307192  -0.144309  -0.070642  -0.144309  0.319791  0.113945  -0.070642  0.113945  0.172881
0.307039  -0.143898  -0.0703524  -0.143898  0.319186  0.113545  -0.0703524  0.113545  0.172729
0.307029  -0.143867  -0.0703369  -0.143867  0.31914  0.113518  -0.0703369  0.113518  0.172721
0.306857  -0.143441  -0.0699456  -0.143441  0.318501  0.113042  -0.0699456  0.113042  0.172519
0.30683  -0.143395  -0.0699066  -0.143395  0.318453  0.113005  -0.0699066  0.113005  0.172504
0.306652  -0.142884  -0.0695983  -0.142884  0.317702  0.112539  -0.0695983  0.112539  0.172343
0.306638  -0.142846  -0.0695634  -0.142846  0.317643  0.112495  -0.0695634  0.112495  0.172324
0.306472  -0.142368  -0.0692721  -0.142368  0.316942  0.112058  -0.0692721  0.112058  0.172173
0.306448  -0.142301  -0.0692221  -0.142301  0.316839  0.111989  -0.0692221  0.111989  0.172146
0.30638  -0.142115  -0.0691273  -0.142115  0.316583  0.111839  -0.0691273  0.111839  0.1721
0.306239  -0.141649  -0.0689048  -0.141649  0.315885  0.111441  -0.0689048  0.111441  0.171977
0.306235  -0.141627  -0.0689092  -0.141627  0.315854  0.111432  -0.0689092  0.111432  0.171979
0.306091  -0.1412  -0.0686751  -0.1412  0.315234  0.11106  -0.0686751  0.11106  0.171858
0.306082  -0.14117  -0.0686601  -0.14117  0.31519  0.111034  -0.0686601  0.111034  0.17185
0.305924  -0.140745  -0.0684584  -0.140745  0.314624  0.110712  -0.0684584  0.110712  0.171758
0.305915  -0.140715  -0.0684435  -0.140715  0.31458  0.110686  -0.0684435  0.110686  0.17175
0.305751  -0.14032  -0.0682109  -0.14032  0.314076  0.110374  -0.0682109  0.110374  0.17165
0.305737  -0.140283  -0.0681767  -0.140283  0.314019  0.110332  -0.0681767  0.110332  0.171632
0.305536  -0.139839  -0.067904  -0.139839  0.313486  0.109993  -0.067904  0.109993  0.171524
0.305507  -0.139774  -0.0678708  -0.139774  0.313411  0.109949  -0.0678708  0.109949  0.171512
0.305439  -0.139614  -0.0677896  -0.139614  0.313218  0.109836  -0.0677896  0.109836  0.171481
0.305246  -0.139195  -0.0675145  -0.139195  0.312719  0.109509  -0.0675145  0.109509  0.171373
0.305241  -0.139187  -0.0674953  -0.139187  0.312706  0.109492  -0.0674953  0.109492  0.171364
0.305059  -0.138784  -0.0672597  -0.138784  0.312236  0.1092  -0.0672597  0.1092  0.171276
0.305051  -0.138756  -0.0672451  -0.138756  0.312193  0.109175  -0.0672451  0.109175  0.171268
0.304989  -0.138606  -0.067184  -0.138606  0.312016  0.10908  -0.067184  0.10908  0.171246
0.304858  -0.138305  -0.0670006  -0.138305  0.311653  0.10885  -0.0670006  0.10885  0.171175
0.304769  -0.138092  -0.0669072  -0.138092  0.311404  0.108712  -0.0669072  0.108712  0.171142
0.304765  -0.138071  -0.0669117  -0.138071  0.311374  0.108704  -0.0669117  0.108704  0.171144
0.304724  -0.137957  -0.0668691  -0.137957  0.311229  0.108627  -0.0668691  0.108627  0.171126
0.304624  -0.137695  -0.066766  -0.137695  0.310909  0.108457  -0.066766  0.108457  0.171087
0.30462  -0.137674  -0.0667705  -0.137674  0.31088  0.108449  -0.0667705  0.108449  0.171089
0.304516  -0.137405  -0.0666488  -0.137405  0.310548  0.108262  -0.0666488  0.108262  0.171042
0.304496  -0.13737  -0.0666309  -0.13737  0.310518  0.108245  -0.0666309  0.108245  0.171038
0.304457  -0.137257  -0.0665886  -0.137257  0.310374  0.108169  -0.0665886  0.108169  0.171021
0.304353  -0.137017  -0.0664209  -0.137017  0.310077  0.107968  -0.0664209  0.107968  0.170953
0.304329  -0.136975  -0.0663843  -0.136975  0.310034  0.107934  -0.0663843  0.107934  0.170941
0.304227  -0.136736  -0.0662171  -0.136736  0.309738  0.107734  -0.0662171  0.107734  0.170874
0.304223  -0.136715  -0.0662216  -0.136715  0.309709  0.107726  -0.0662216  0.107726  0.170875
0.304121  -0.136491  -0.0660318  -0.136491  0.30943  0.107518  -0.0660318  0.107518  0.170798
0.304102  -0.136456  -0.0660141  -0.136456  0.309401  0.107501  -0.0660141  0.107501  0.170795
0.304078  -0.136386  -0.0659481  -0.136386  0.309292  0.10742  -0.0659481  0.10742  0.170763
0.303993  -0.136149  -0.0658275  -0.136149  0.308983  0.107238  -0.0658275  0.107238  0.170712
0.303982  -0.1361  -0.0658177  -0.1361  0.308912  0.107205  -0.0658177  0.107205  0.170706
0.303966  -0.136044  -0.0657893  -0.136044  0.308829  0.107156  -0.0657893  0.107156  0.170691
0.303916  -0.13587  -0.0656856  -0.13587  0.308567  0.106993  -0.0656856  0.106993  0.170638
0.303886  -0.135745  -0.0656521  -0.135745  0.308386  0.106903  -0.0656521  0.106903  0.170619
0.303882  -0.135725  -0.0656565  -0.135725  0.308357  0.106894  -0.0656565  0.106894  0.170621
0.303851  -0.135572  -0.0655937  -0.135572  0.308109  0.106756  -0.0655937  0.106756  0.170581
0.303848  -0.135551  -0.0655981  -0.135551  0.308081  0.106748  -0.0655981  0.106748  0.170583
0.303832  -0.13551  -0.0655468  -0.13551  0.308014  0.106692  -0.0655468  0.106692  0.170558
0.303783  -0.135337  -0.0654435  -0.135337  0.307755  0.10653  -0.0654435  0.10653  0.170506
0.303783  -0.135337  -0.0654435  -0.135337  0.307755  0.10653  -0.0654435  0.10653  0.170506
0.303737  -0.135185  -0.0653359  -0.135185  0.307524  0.106377  -0.0653359  0.106377  0.170452
0.303729  -0.135157  -0.0653218  -0.135157  0.307483  0.106352  -0.0653218  0.106352  0.170445
0.303684  -0.135032  -0.0651684  -0.135032  0.307285  0.106184  -0.0651684  0.106184  0.170372
0.303676  -0.135005  -0.0651544  -0.135005  0.307244  0.10616  -0.0651544  0.10616  0.170365
0.303638  -0.134853  -0.065032  -0.134853  0.30699  0.105985  -0.065032  0.105985  0.1703
0.303646  -0.134853  -0.0650168  -0.134853  0.306965  0.105962  -0.0650168  0.105962  0.170287
0.30363  -0.134812  -0.0649659  -0.134812  0.306899  0.105906  -0.0649659  0.105906  0.170263
0.303626  -0.134708  -0.0648829  -0.134708  0.306675  0.105756  -0.0648829  0.105756  0.170205
0.303623  -0.134701  -0.0648644  -0.134701  0.306663  0.105741  -0.0648644  0.105741  0.170197
0.303626  -0.134611  -0.0648184  -0.134611  0.306463  0.105623  -0.0648184  0.105623  0.170156
0.303634  -0.134597  -0.0648262  -0.134597  0.306423  0.105607  -0.0648262  0.105607  0.170153
0.303634  -0.13457  -0.064797  -0.13457  0.306358  0.10556  -0.064797  0.10556  0.170134
0.303652  -0.134507  -0.0647498  -0.134507  0.306175  0.105444  -0.0647498  0.105444  0.170088
0.303648  -0.1345  -0.0647314  -0.1345  0.306163  0.105428  -0.0647314  0.105428  0.170079
0.303671  -0.134444  -0.0647026  -0.134444  0.305993  0.105327  -0.0647026  0.105327  0.170042
0.303667  -0.134437  -0.0646842  -0.134437  0.30598  0.105312  -0.0646842  0.105312  0.170033
0.303674  -0.134382  -0.0646108  -0.134382  0.305826  0.105195  -0.0646108  0.105195  0.169982
0.303667  -0.134354  -0.0645968  -0.134354  0.305785  0.105171  -0.0645968  0.105171  0.169975
0.303659  -0.134285  -0.0645018  -0.134285  0.305631  0.105046  -0.0645018  0.105046  0.169919
0.303651  -0.134258  -0.0644879  -0.134258  0.30559  0.105022  -0.0644879  0.105022  0.169912
0.303636  -0.134217  -0.0644372  -0.134217  0.305525  0.104967  -0.0644372  0.104967  0.169888
0.303617  -0.134114  -0.0643101  -0.134114  0.305318  0.104803  -0.0643101  0.104803  0.169818
0.303613  -0.134107  -0.0642917  -0.134107  0.305306  0.104788  -0.0642917  0.104788  0.169809
0.303595  -0.134045  -0.0642456  -0.134045  0.305213  0.104724  -0.0642456  0.104724  0.169787
0.30358  -0.133935  -0.06416  -0.133935  0.305003  0.104584  -0.06416  0.104584  0.169735
0.303576  -0.133929  -0.0641416  -0.133929  0.30499  0.104568  -0.0641416  0.104568  0.169727
0.303554  -0.133819  -0.0640712  -0.133819  0.304805  0.10445  -0.0640712  0.10445  0.169687
0.303546  -0.133792  -0.0640574  -0.133792  0.304765  0.104427  -0.0640574  0.104427  0.16968
0.303536  -0.133676  -0.0640131  -0.133676  0.304552  0.104309  -0.0640131  0.104309  0.169646
0.303536  -0.133676  -0.0640131  -0.133676  0.304552  0.104309  -0.0640131  0.104309  0.169646
0.303517  -0.133573  -0.0639611  -0.133573  0.304379  0.104207  -0.0639611  0.104207  0.169614
0.303514  -0.133567  -0.0639428  -0.133567  0.304367  0.104192  -0.0639428  0.104192  0.169606
0.303477  -0.133431  -0.0638739  -0.133431  0.304167  0.104074  -0.0638739  0.104074  0.169572
0.303474  -0.13341  -0.0638784  -0.13341  0.304139  0.104066  -0.0638784  0.104066  0.169573
0.303463  -0.133376  -0.0638464  -0.133376  0.304087  0.104026  -0.0638464  0.104026  0.169558
0.303408  -0.133234  -0.0637152  -0.133234  0.30389  0.103878  -0.0637152  0.103878  0.169503
0.3034  -0.133221  -0.0636787  -0.133221  0.303866  0.103847  -0.0636787  0.103847  0.169487
0.303335  -0.133059  -0.0635674  -0.133059  0.303666  0.103713  -0.0635674  0.103713  0.169445
0.303331  -0.133039  -0.063572  -0.133039  0.303638  0.103704  -0.063572  0.103704  0.169447
0.303259  -0.132864  -0.0634245  -0.132864  0.303415  0.10354  -0.0634245  0.10354  0.169389
0.303259  -0.132864  -0.0634245  -0.132864  0.303415  0.10354  -0.0634245  0.10354  0.169389
0.30323  -0.132797  -0.0633759  -0.132797  0.303336  0.103485  -0.0633759  0.103485  0.169372
0.303173  -0.132622  -0.0632729  -0.132622  0.303098  0.103336  -0.0632729  0.103336  0.169328
0.30317  -0.132602  -0.0632774  -0.132602  0.30307  0.103328  -0.0632774  0.103328  0.169329
0.303109  -0.132421  -0.0631564  -0.132421  0.302821  0.103165  -0.0631564  0.103165  0.169278
0.303102  -0.132394  -0.0631428  -0.132394  0.302781  0.103141  -0.0631428  0.103141  0.169271
0.303035  -0.132214  -0.0630371  -0.132214  0.302556  0.103001  -0.0630371  0.103001  0.169232
0.303032  -0.132193  -0.0630417  -0.132193  0.302529  0.102992  -0.0630417  0.102992  0.169234
0.303011  -0.132113  -0.063001  -0.132113  0.302411  0.102923  -0.063001  0.102923  0.169214
0.302951  -0.131946  -0.0628581  -0.131946  0.302178  0.102753  -0.0628581  0.102753  0.169154
0.302933  -0.131913  -0.0628415  -0.131913  0.302151  0.102737  -0.0628415  0.102737  0.169151
0.302916  -0.131853  -0.0627964  -0.131853  0.302061  0.102675  -0.0627964  0.102675  0.169131
0.30284  -0.131628  -0.0626825  -0.131628  0.301771  0.102504  -0.0626825  0.102504  0.169087
0.302819  -0.131588  -0.062648  -0.131588  0.301732  0.102473  -0.062648  0.102473  0.169077
0.302742  -0.131403  -0.0624669  -0.131403  0.30149  0.102282  -0.0624669  0.102282  0.169006
0.302739  -0.131397  -0.0624489  -0.131397  0.301478  0.102267  -0.0624489  0.102267  0.168999
0.302643  -0.131133  -0.0623014  -0.131133  0.301152  0.102066  -0.0623014  0.102066  0.168946
0.302636  -0.131106  -0.0622881  -0.131106  0.301113  0.102043  -0.0622881  0.102043  0.16894
0.302602  -0.131014  -0.0622271  -0.131014  0.300997  0.101966  -0.0622271  0.101966  0.168917
0.30251  -0.130798  -0.0620308  -0.130798  0.300729  0.10176  -0.0620308  0.10176  0.168846
0.302507  -0.130778  -0.0620354  -0.130778  0.300702  0.101752  -0.0620354  0.101752  0.168847
0.302417  -0.130509  -0.0619293  -0.130509  0.300376  0.101575  -0.0619293  0.101575  0.168812
0.302413  -0.130503  -0.0619114  -0.130503  0.300364  0.10156  -0.0619114  0.10156  0.168804
0.302313  -0.130255  -0.061758  -0.130255  0.300081  0.101377  -0.061758  0.101377  0.168756
0.302313  -0.130255  -0.061758  -0.130255  0.300081  0.101377  -0.061758  0.101377  0.168756
0.302227  -0.130021  -0.0616257  -0.130021  0.299798  0.101201  -0.0616257  0.101201  0.168711
0.302214  -0.129995  -0.0616273  -0.129995  0.299783  0.101201  -0.0616273  0.101201  0.168717
0.302122  -0.129762  -0.0615102  -0.129762  0.299525  0.101048  -0.0615102  0.101048  0.168684
0.302118  -0.129756  -0.0614925  -0.129756  0.299514  0.101033  -0.0614925  0.101033  0.168677
0.30201  -0.129518  -0.0613152  -0.129518  0.29926  0.100852  -0.0613152  0.100852  0.168625
0.301997  -0.129505  -0.0612946  -0.129505  0.299261  0.100844  -0.0612946  0.100844  0.168622
0.301893  -0.129261  -0.0611577  -0.129261  0.299005  0.100685  -0.0611577  0.100685  0.168587
0.301887  -0.129235  -0.0611447  -0.129235  0.298967  0.100662  -0.0611447  0.100662  0.168581
0.30178  -0.129039  -0.060974  -0.129039  0.298792  0.100519  -0.060974  0.100519  0.168539
0.30178  -0.129039  -0.060974  -0.129039  0.298792  0.100519  -0.060974  0.100519  0.168539
0.301684  -0.128822  -0.060851  -0.128822  0.298576  0.100383  -0.060851  0.100383  0.168511
0.301681  -0.128802  -0.0608556  -0.128802  0.29855  0.100375  -0.0608556  0.100375  0.168512
0.301588  -0.128619  -0.0607063  -0.128619  0.298376  0.100241  -0.0607063  0.100241  0.168475
0.301573  -0.128587  -0.0606905  -0.128587  0.29835  0.100226  -0.0606905  0.100226  0.168473
0.301497  -0.128409  -0.0606015  -0.128409  0.298172  0.10012  -0.0606015  0.10012  0.168454
0.301494  -0.128403  -0.060584  -0.128403  0.298161  0.100106  -0.060584  0.100106  0.168447
0.301422  -0.128232  -0.0605127  -0.128232  0.297995  0.100015  -0.0605127  0.100015  0.168436
0.301409  -0.12822  -0.0604924  -0.12822  0.297996  0.100007  -0.0604924  0.100007  0.168433
0.301338  -0.128076  -0.0603772  -0.128076  0.29786  0.0999035  -0.0603772  0.0999035  0.168405
0.301334  -0.128069  -0.0603597  -0.128069  0.297849  0.099889  -0.0603597  0.099889  0.168398
0.3013  -0.127987  -0.060333  -0.127987  0.297772  0.0998511  -0.060333  0.0998511  0.168396
0.301229  -0.127843  -0.0602181  -0.127843  0.297636  0.0997474  -0.0602181  0.0997474  0.168368
0.30122  -0.127812  -0.0601878  -0.127812  0.297588  0.0997108  -0.0601878  0.0997108  0.168355
0.301147  -0.127662  -0.0600558  -0.127662  0.297441  0.0995931  -0.0600558  0.0995931  0.16832
0.301131  -0.127631  -0.0600403  -0.127631  0.297416  0.0995781  -0.0600403  0.0995781  0.168319
0.301062  -0.127449  -0.0599206  -0.127449  0.297207  0.0994382  -0.0599206  0.0994382  0.168283
0.301059  -0.127442  -0.0599033  -0.127442  0.297195  0.0994238  -0.0599033  0.0994238  0.168276
0.301023  -0.127368  -0.0598375  -0.127368  0.297123  0.0993653  -0.0598375  0.0993653  0.168259
0.300955  -0.127187  -0.0597183  -0.127187  0.296914  0.0992258  -0.0597183  0.0992258  0.168224
0.300949  -0.127161  -0.0597056  -0.127161  0.296877  0.0992038  -0.0597056  0.0992038  0.168218
0.300878  -0.126974  -0.0595695  -0.126974  0.296657  0.0990505  -0.0595695  0.0990505  0.168176
0.300875  -0.126968  -0.0595522  -0.126968  0.296646  0.0990363  -0.0595522  0.0990363  0.168169
0.300818  -0.126793  -0.0594363  -0.126793  0.296426  0.0988905  -0.0594363  0.0988905  0.16813
0.300805  -0.126782  -0.0594163  -0.126782  0.296427  0.0988834  -0.0594163  0.0988834  0.168127
0.300748  -0.126594  -0.0593226  -0.126594  0.296193  0.0987445  -0.0593226  0.0987445  0.168097
0.300733  -0.126563  -0.0593073  -0.126563  0.296169  0.0987298  -0.0593073  0.0987298  0.168095
0.300661  -0.126372  -0.0591549  -0.126372  0.29594  0.0985636  -0.0591549  0.0985636  0.168047
0.300659  -0.126353  -0.0591596  -0.126353  0.295915  0.0985559  -0.0591596  0.0985559  0.168049
0.300561  -0.126093  -0.0590161  -0.126093  0.295634  0.0983815  -0.0590161  0.0983815  0.168014
0.300561  -0.126093  -0.0590161  -0.126093  0.295634  0.0983815  -0.0590161  0.0983815  0.168014
0.300521  -0.125995  -0.0589389  -0.125995  0.295527  0.0983024  -0.0589389  0.0983024  0.167992
0.300424  -0.125763  -0.0587526  -0.125763  0.295277  0.0981159  -0.0587526  0.0981159  0.167942
0.300413  -0.125752  -0.0587328  -0.125752  0.295278  0.098109  -0.0587328  0.098109  0.167939
0.300317  -0.125494  -0.0585905  -0.125494  0.295  0.0979361  -0.0585905  0.0979361  0.167905
0.300303  -0.125464  -0.0585754  -0.125464  0.294976  0.0979216  -0.0585754  0.0979216  0.167904
0.300206  -0.125214  -0.058395  -0.125214  0.294703  0.0977289  -0.058395  0.0977289  0.167856
0.300195  -0.12519  -0.058397  -0.12519  0.29469  0.0977285  -0.058397  0.0977285  0.167862
0.300088  -0.124904  -0.0582408  -0.124904  0.294391  0.0975424  -0.0582408  0.0975424  0.167828
0.300074  -0.124874  -0.0582259  -0.124874  0.294367  0.0975281  -0.0582259  0.0975281  0.167827
0.299971  -0.124608  -0.0580656  -0.124608  0.294094  0.0973502  -0.0580656  0.0973502  0.167792
0.299966  -0.124584  -0.0580534  -0.124584  0.294058  0.0973289  -0.0580534  0.0973289  0.167787
0.299861  -0.1243  -0.0578984  -0.1243  0.293762  0.0971442  -0.0578984  0.0971442  0.167754
0.29985  -0.124289  -0.0578789  -0.124289  0.293763  0.0971375  -0.0578789  0.0971375  0.167752
0.299744  -0.124001  -0.0577077  -0.124001  0.293458  0.0969398  -0.0577077  0.0969398  0.167713
0.29974  -0.123977  -0.0576955  -0.123977  0.293422  0.0969186  -0.0576955  0.0969186  0.167708
0.299622  -0.123686  -0.0574673  -0.123686  0.293122  0.0966952  -0.0574673  0.0966952  0.167654
0.299604  -0.123632  -0.0574405  -0.123632  0.293064  0.09666  -0.0574405  0.09666  0.167648
0.29949  -0.123335  -0.0572516  -0.123335  0.292763  0.0964576  -0.0572516  0.0964576  0.167609
0.299479  -0.123324  -0.0572323  -0.123324  0.292764  0.096451  -0.0572323  0.096451  0.167607
0.299439  -0.123206  -0.0571456  -0.123206  0.292626  0.0963538  -0.0571456  0.0963538  0.167583
0.299317  -0.1229  -0.0569385  -0.1229  0.292328  0.0961461  -0.0569385  0.0961461  0.167543
0.299317  -0.1229  -0.0569385  -0.1229  0.292328  0.0961461  -0.0569385  0.0961461  0.167543
0.299214  -0.122593  -0.0567586  -0.122593  0.291994  0.0959313  -0.0567586  0.0959313  0.167503
0.299203  -0.122569  -0.0567608  -0.122569  0.291982  0.095931  -0.0567608  0.095931  0.167508
0.299105  -0.1223  -0.0565722  -0.1223  0.291698  0.0957318  -0.0565722  0.0957318  0.167466
0.299038  -0.122101  -0.056446  -0.122101  0.291482  0.0955877  -0.056446  0.0955877  0.167437
0.299026  -0.122072  -0.0564317  -0.122072  0.291459  0.0955739  -0.0564317  0.0955739  0.167437
0.298982  -0.121956  -0.0563604  -0.121956  0.291346  0.0954987  -0.0563604  0.0954987  0.167425
0.298881  -0.12169  -0.0561873  -0.12169  0.291088  0.0953216  -0.0561873  0.0953216  0.167394
0.298867  -0.121655  -0.0561566  -0.121655  0.291055  0.0952947  -0.0561566  0.0952947  0.167388
0.298832  -0.121545  -0.0560881  -0.121545  0.290931  0.0952129  -0.0560881  0.0952129  0.167372
0.298721  -0.121251  -0.0559018  -0.121251  0.290652  0.0950233  -0.0559018  0.0950233  0.167342
0.298707  -0.121217  -0.0558712  -0.121217  0.290619  0.0949965  -0.0558712  0.0949965  0.167335
0.298608  -0.120948  -0.0556835  -0.120948  0.290354  0.0948082  -0.0556835  0.0948082  0.167301
0.298594  -0.120914  -0.0556531  -0.120914  0.290321  0.0947815  -0.0556531  0.0947815  0.167295
0.298486  -0.120623  -0.0554684  -0.120623  0.290045  0.0945937  -0.0554684  0.0945937  0.167266
0.298484  -0.120605  -0.0554731  -0.120605  0.290022  0.0945865  -0.0554731  0.0945865  0.167268
0.298386  -0.120333  -0.0552706  -0.120333  0.289749  0.0943866  -0.0552706  0.0943866  0.167229
0.298373  -0.1203  -0.0552404  -0.1203  0.289717  0.0943602  -0.0552404  0.0943602  0.167223
0.298335  -0.120204  -0.0551661  -0.120204  0.289631  0.0942942  -0.0551661  0.0942942  0.167211
0.29825  -0.119937  -0.0550205  -0.119937  0.289355  0.0941204  -0.0550205  0.0941204  0.167187
0.298247  -0.119913  -0.055009  -0.119913  0.289321  0.0941001  -0.055009  0.0941001  0.167183
0.298167  -0.119695  -0.0548335  -0.119695  0.289106  0.0939357  -0.0548335  0.0939357  0.16715
0.298155  -0.119667  -0.0548197  -0.119667  0.289085  0.0939225  -0.0548197  0.0939225  0.16715
0.298084  -0.119442  -0.0546681  -0.119442  0.288846  0.0937574  -0.0546681  0.0937574  0.167121
0.298082  -0.119424  -0.0546728  -0.119424  0.288823  0.0937502  -0.0546728  0.0937502  0.167122
0.298006  -0.119213  -0.0545146  -0.119213  0.28862  0.0935999  -0.0545146  0.0935999  0.167096
0.298003  -0.11919  -0.0545032  -0.11919  0.288587  0.0935798  -0.0545032  0.0935798  0.167091
0.297978  -0.119123  -0.0544436  -0.119123  0.288524  0.093528  -0.0544436  0.093528  0.167081
0.297909  -0.1189  -0.0542931  -0.1189  0.288287  0.0933642  -0.0542931  0.0933642  0.167052
0.297905  -0.118877  -0.0542818  -0.118877  0.288254  0.0933442  -0.0542818  0.0933442  0.167048
0.297837  -0.11868  -0.0540902  -0.11868  0.288044  0.0931697  -0.0540902  0.0931697  0.167007
0.297834  -0.118657  -0.0540789  -0.118657  0.288011  0.0931498  -0.0540789  0.0931498  0.167003
0.297771  -0.118475  -0.0539359  -0.118475  0.287833  0.0930143  -0.0539359  0.0930143  0.166978
0.297768  -0.118452  -0.0539247  -0.118452  0.2878  0.0929944  -0.0539247  0.0929944  0.166974
0.297701  -0.118244  -0.053755  -0.118244  0.287579  0.0928268  -0.053755  0.0928268  0.166941
0.297691  -0.118216  -0.0537415  -0.118216  0.287558  0.092814  -0.0537415  0.092814  0.166941
0.297671  -0.118133  -0.0536738  -0.118133  0.287451  0.0927362  -0.0536738  0.0927362  0.166923
0.297602  -0.11786  -0.0535397  -0.11786  0.28715  0.0925537  -0.0535397  0.0925537  0.1669
0.297599  -0.117837  -0.0535285  -0.117837  0.287117  0.0925339  -0.0535285  0.0925339  0.166896
0.29754  -0.11763  -0.0533464  -0.11763  0.286877  0.0923483  -0.0533464  0.0923483  0.166854
0.29753  -0.117603  -0.0533331  -0.117603  0.286856  0.0923356  -0.0533331  0.0923356  0.166855
0.297472  -0.117371  -0.0531927  -0.117371  0.286591  0.0921616  -0.0531927  0.0921616  0.166826
0.297471  -0.117366  -0.0531769  -0.117366  0.286581  0.0921491  -0.0531769  0.0921491  0.166821
0.297404  -0.117121  -0.0530032  -0.117121  0.286309  0.0919577  -0.0530032  0.0919577  0.166788
0.297403  -0.117116  -0.0529874  -0.117116  0.286299  0.0919452  -0.0529874  0.0919452  0.166783
0.297331  -0.116827  -0.0527924  -0.116827  0.285964  0.0917155  -0.0527924  0.0917155  0.166742
0.297325  -0.116822  -0.0527902  -0.116822  0.285976  0.0917225  -0.0527902  0.0917225  0.166746
0.297304  -0.116706  -0.0527331  -0.116706  0.285827  0.0916322  -0.0527331  0.0916322  0.166732
0.297234  -0.116475  -0.052554  -0.116475  0.285593  0.0914566  -0.052554  0.0914566  0.166703
0.297229  -0.116431  -0.0525322  -0.116431  0.285528  0.0914179  -0.0525322  0.0914179  0.166695
0.297165  -0.116146  -0.0524062  -0.116146  0.285213  0.0912329  -0.0524062  0.0912329  0.166677
0.297164  -0.116142  -0.0523905  -0.116142  0.285204  0.0912205  -0.0523905  0.0912205  0.166672
0.297096  -0.115896  -0.0522174  -0.115896  0.28495  0.0910395  -0.0522174  0.0910395  0.166646
0.297093  -0.115873  -0.0522065  -0.115873  0.284918  0.0910202  -0.0522065  0.0910202  0.166642
0.297031  -0.115616  -0.0520409  -0.115616  0.284631  0.090826  -0.0520409  0.090826  0.166614
0.297029  -0.115594  -0.0520301  -0.115594  0.284599  0.0908069  -0.0520301  0.0908069  0.16661
0.296971  -0.115347  -0.0518961  -0.115347  0.284333  0.0906378  -0.0518961  0.0906378  0.166591
0.296969  -0.115342  -0.0518805  -0.115342  0.284323  0.0906256  -0.0518805  0.0906256  0.166586
0.296919  -0.115112  -0.0517288  -0.115112  0.284059  0.090445  -0.0517288  0.090445  0.166558
0.29691  -0.115086  -0.051716  -0.115086  0.284039  0.0904329  -0.051716  0.0904329  0.166559
0.296858  -0.114848  -0.0515339  -0.114848  0.283757  0.0902287  -0.0515339  0.0902287  0.166522
0.296856  -0.114843  -0.0515184  -0.114843  0.283747  0.0902166  -0.0515184  0.0902166  0.166517
0.296799  -0.114601  -0.0513349  -0.114601  0.283478  0.0900203  -0.0513349  0.0900203  0.166485
0.296798  -0.114596  -0.0513194  -0.114596  0.283468  0.0900082  -0.0513194  0.0900082  0.16648
0.296782  -0.1145  -0.0512594  -0.1145  0.283346  0.0899274  -0.0512594  0.0899274  0.166466
0.296732  -0.114264  -0.0510787  -0.114264  0.283066  0.0897252  -0.0510787  0.0897252  0.166431
0.296727  -0.114233  -0.0510374  -0.114233  0.283016  0.0896824  -0.0510374  0.0896824  0.166419
0.296684  -0.113997  -0.0508441  -0.113997  0.282716  0.0894622  -0.0508441  0.0894622  0.166375
0.296674  -0.113954  -0.0508364  -0.113954  0.282676  0.0894435  -0.0508364  0.0894435  0.166377
0.296658  -0.113854  -0.0507616  -0.113854  0.282545  0.0893516  -0.0507616  0.0893516  0.16636
0.296616  -0.113619  -0.0505692  -0.113619  0.282248  0.0891328  -0.0505692  0.0891328  0.166317
0.296613  -0.113593  -0.0505434  -0.113593  0.282207  0.0891022  -0.0505434  0.0891022  0.16631
0.296565  -0.113343  -0.0503698  -0.113343  0.281911  0.0888963  -0.0503698  0.0888963  0.166278
0.296564  -0.113338  -0.0503546  -0.113338  0.281902  0.0888845  -0.0503546  0.0888845  0.166274
0.29655  -0.113244  -0.0502956  -0.113244  0.281782  0.0888053  -0.0502956  0.0888053  0.166261
0.296505  -0.113036  -0.0500781  -0.113036  0.281533  0.0885973  -0.0500781  0.0885973  0.166219
0.296504  -0.113031  -0.0500629  -0.113031  0.281524  0.0885855  -0.0500629  0.0885855  0.166215
0.296452  -0.112774  -0.0498737  -0.112774  0.281233  0.0883768  -0.0498737  0.0883768  0.166185
0.296449  -0.112748  -0.0498482  -0.112748  0.281193  0.0883467  -0.0498482  0.0883467  0.166178
0.2964  -0.112521  -0.049635  -0.112521  0.280937  0.0881407  -0.049635  0.0881407  0.166143
0.296397  -0.112495  -0.0496096  -0.112495  0.280898  0.0881107  -0.0496096  0.0881107  0.166136
0.296343  -0.112236  -0.04942  -0.112236  0.280622  0.0879109  -0.04942  0.0879109  0.166113
0.296341  -0.112215  -0.0494097  -0.112215  0.280592  0.0878926  -0.0494097  0.0878926  0.16611
0.296291  -0.111947  -0.0491777  -0.111947  0.280279  0.0876521  -0.0491777  0.0876521  0.166071
0.296283  -0.111918  -0.0491506  -0.111918  0.280252  0.0876293  -0.0491506  0.0876293  0.166069
0.296265  -0.111816  -0.0490761  -0.111816  0.280138  0.0875473  -0.0490761  0.0875473  0.166059
0.296216  -0.11151  -0.0488896  -0.11151  0.279782  0.0873115  -0.0488896  0.0873115  0.166033
0.296209  -0.111485  -0.0488776  -0.111485  0.279764  0.0873003  -0.0488776  0.0873003  0.166034
0.296162  -0.11122  -0.0486478  -0.11122  0.279455  0.0870627  -0.0486478  0.0870627  0.165998
0.296154  -0.111186  -0.048606  -0.111186  0.27942  0.0870287  -0.048606  0.0870287  0.165992
0.296098  -0.110874  -0.0484177  -0.110874  0.279092  0.0868091  -0.0484177  0.0868091  0.165977
0.296097  -0.110853  -0.0484076  -0.110853  0.279063  0.0867911  -0.0484076  0.0867911  0.165975
0.296075  -0.110733  -0.0483371  -0.110733  0.278942  0.0867108  -0.0483371  0.0867108  0.165971
0.296023  -0.110489  -0.0481306  -0.110489  0.2787  0.0865189  -0.0481306  0.0865189  0.165953
0.296022  -0.11048  -0.048101  -0.11048  0.278682  0.0864964  -0.048101  0.0864964  0.165946
0.295971  -0.110192  -0.0479246  -0.110192  0.278388  0.0862969  -0.0479246  0.0862969  0.165936
0.29597  -0.110171  -0.0479146  -0.110171  0.278359  0.0862792  -0.0479146  0.0862792  0.165933
0.295916  -0.109916  -0.0476786  -0.109916  0.278113  0.0860737  -0.0476786  0.0860737  0.165915
0.295911  -0.109908  -0.0476621  -0.109908  0.278117  0.0860694  -0.0476621  0.0860694  0.165916
0.295856  -0.109545  -0.0474754  -0.109545  0.27774  0.0858305  -0.0474754  0.0858305  0.165909
0.29585  -0.109516  -0.0474491  -0.109516  0.277714  0.0858086  -0.0474491  0.0858086  0.165908
0.295799  -0.109243  -0.0472053  -0.109243  0.277443  0.0855879  -0.0472053  0.0855879  0.165889
0.295798  -0.109223  -0.0471955  -0.109223  0.277414  0.0855704  -0.0471955  0.0855704  0.165887
0.29578  -0.109117  -0.0471074  -0.109117  0.277309  0.0854877  -0.0471074  0.0854877  0.165881
0.295727  -0.108783  -0.0469601  -0.108783  0.276996  0.0852979  -0.0469601  0.0852979  0.16589
0.295726  -0.108763  -0.0469503  -0.108763  0.276967  0.0852805  -0.0469503  0.0852805  0.165888
0.295675  -0.108501  -0.0466878  -0.108501  0.276724  0.0850649  -0.0466878  0.0850649  0.165873
0.29567  -0.108473  -0.0466619  -0.108473  0.276699  0.0850435  -0.0466619  0.0850435  0.165872
0.29562  -0.108082  -0.0465499  -0.108082  0.276319  0.0848407  -0.0465499  0.0848407  0.16589
0.29562  -0.108062  -0.0465403  -0.108062  0.276291  0.0848234  -0.0465403  0.0848234  0.165888
0.295565  -0.107769  -0.0463006  -0.107769  0.276044  0.0846219  -0.0463006  0.0846219  0.165889
0.29556  -0.107741  -0.0462749  -0.107741  0.27602  0.0846007  -0.0462749  0.0846007  0.165889
0.29554  -0.107602  -0.0461964  -0.107602  0.27589  0.0845139  -0.0461964  0.0845139  0.165891
0.295492  -0.107224  -0.0460652  -0.107224  0.27554  0.084316  -0.0460652  0.084316  0.165912
0.295461  -0.107051  -0.0458963  -0.107051  0.275398  0.084186  -0.0458963  0.084186  0.165911
0.295456  -0.107024  -0.0458709  -0.107024  0.275373  0.0841651  -0.0458709  0.0841651  0.16591
0.295439  -0.106914  -0.0457692  -0.106914  0.275277  0.0840813  -0.0457692  0.0840813  0.165909
0.295396  -0.106571  -0.0456301  -0.106571  0.274969  0.0838982  -0.0456301  0.0838982  0.165929
0.295392  -0.106548  -0.045619  -0.106548  0.274954  0.083888  -0.045619  0.083888  0.165932
0.295349  -0.106284  -0.0453459  -0.106284  0.274738  0.0836831  -0.0453459  0.0836831  0.165931
0.295349  -0.106261  -0.0453223  -0.106261  0.274702  0.0836557  -0.0453223  0.0836557  0.165926
0.295311  -0.105901  -0.0451755  -0.105901  0.274372  0.0834576  -0.0451755  0.0834576  0.165947
0.295311  -0.105866  -0.045171  -0.105866  0.274325  0.0834344  -0.045171  0.0834344  0.165946
0.295277  -0.105574  -0.0448973  -0.105574  0.274055  0.0832022  -0.0448973  0.0832022  0.165942
0.295277  -0.105554  -0.044888  -0.105554  0.274028  0.0831855  -0.044888  0.0831855  0.16594
0.295253  -0.105209  -0.044699  -0.105209  0.273673  0.0829512  -0.044699  0.0829512  0.165944
0.295253  -0.105189  -0.0446898  -0.105189  0.273646  0.0829345  -0.0446898  0.0829345  0.165943
0.29523  -0.104845  -0.0445017  -0.104845  0.273294  0.0827016  -0.0445017  0.0827016  0.165948
0.295227  -0.104838  -0.0444861  -0.104838  0.273298  0.082698  -0.0444861  0.082698  0.16595
0.295208  -0.10448  -0.0442431  -0.10448  0.272916  0.0824252  -0.0442431  0.0824252  0.165946
0.295209  -0.104446  -0.0442387  -0.104446  0.272871  0.0824024  -0.0442387  0.0824024  0.165945
0.295189  -0.104052  -0.0440516  -0.104052  0.272473  0.0821499  -0.0440516  0.0821499  0.165957
0.295186  -0.104026  -0.044027  -0.104026  0.27245  0.08213  -0.044027  0.08213  0.165958
0.29517  -0.103692  -0.0437476  -0.103692  0.272108  0.0818595  -0.0437476  0.0818595  0.165955
0.295164  -0.103398  -0.0436322  -0.103398  0.271789  0.0816684  -0.0436322  0.0816684  0.165962
0.295162  -0.103376  -0.0436217  -0.103376  0.271775  0.0816589  -0.0436217  0.0816589  0.165965
0.295159  -0.103227  -0.0435266  -0.103227  0.271611  0.0815449  -0.0435266  0.0815449  0.165965
0.295148  -0.102875  -0.0431797  -0.102875  0.271248  0.0812348  -0.0431797  0.0812348  0.165959
0.295148  -0.102831  -0.0431466  -0.102831  0.2712  0.0811992  -0.0431466  0.0811992  0.165959
0.295143  -0.102656  -0.0430879  -0.102656  0.27103  0.0811007  -0.0430879  0.0811007  0.165971
0.295136  -0.102231  -0.0428866  -0.102231  0.270607  0.08083  -0.0428866  0.08083  0.165992
0.295134  -0.10221  -0.0428763  -0.10221  0.270593  0.0808207  -0.0428763  0.0808207  0.165995
0.295131  -0.101877  -0.0426352  -0.101877  0.270262  0.0805719  -0.0426352  0.0805719  0.166006
0.29513  -0.10184  -0.0426297  -0.10184  0.270231  0.0805565  -0.0426297  0.0805565  0.16601
0.295125  -0.10146  -0.0424619  -0.10146  0.269874  0.0803306  -0.0424619  0.0803306  0.166038
0.295126  -0.101417  -0.0424294  -0.101417  0.269827  0.0802958  -0.0424294  0.0802958  0.166039
