0.313462  -0.143874  -0.0668851  -0.143874  0.304518  0.102906  -0.0668851  0.102906  0.167438
0.313462  -0.143874  -0.0668851  -0.143874  0.304518  0.102906  -0.0668851  0.102906  0.167438
0.313503  -0.143652  -0.0668819  -0.143652  0.304024  0.102684  -0.0668819  0.102684  0.167381
0.313512  -0.143636  -0.0668894  -0.143636  0.303981  0.102668  -0.0668894  0.102668  0.167378
0.313435  -0.14309  -0.0667559  -0.14309  0.303043  0.10221  -0.0667559  0.10221  0.167256
0.313411  -0.143028  -0.0667251  -0.143028  0.302957  0.102161  -0.0667251  0.102161  0.167242
0.313231  -0.142259  -0.0662614  -0.142259  0.301652  0.101368  -0.0662614  0.101368  0.166963
0.313096  -0.141593  -0.0660052  -0.141593  0.300552  0.10078  -0.0660052  0.10078  0.166788
0.313082  -0.141516  -0.0659821  -0.141516  0.300426  0.100716  -0.0659821  0.100716  0.166771
0.312932  -0.140567  -0.0656439  -0.140567  0.298801  0.0998581  -0.0656439  0.0998581  0.166518
0.312917  -0.140505  -0.0655972  -0.140505  0.298694  0.0997875  -0.0655972  0.0997875  0.166491
0.312854  -0.139692  -0.0651551  -0.139692  0.297123  0.0988619  -0.0651551  0.0988619  0.166168
0.312819  -0.139067  -0.0649461  -0.139067  0.295954  0.098244  -0.0649461  0.098244  0.165981
0.31281  -0.139013  -0.064919  -0.139013  0.295861  0.0981899  -0.064919  0.0981899  0.165963
0.312809  -0.138262  -0.0646596  -0.138262  0.294385  0.0974005  -0.0646596  0.0974005  0.165716
0.312819  -0.138222  -0.0646545  -0.138222  0.294293  0.0973548  -0.0646545  0.0973548  0.165702
0.312884  -0.137693  -0.0644136  -0.137693  0.293116  0.096686  -0.0644136  0.096686  0.165469
0.312954  -0.137403  -0.0642637  -0.137403  0.292404  0.0962702  -0.0642637  0.0962702  0.165317
0.312964  -0.137363  -0.0642586  -0.137363  0.292312  0.0962249  -0.0642586  0.0962249  0.165303
0.313143  -0.137054  -0.0640504  -0.137054  0.291352  0.0956385  -0.0640504  0.0956385  0.16507
0.313145  -0.137031  -0.0640382  -0.137031  0.291301  0.0956084  -0.0640382  0.0956084  0.16506
0.313411  -0.136832  -0.0638838  -0.136832  0.290413  0.0950624  -0.0638838  0.0950624  0.164831
0.313427  -0.136814  -0.0638742  -0.136814  0.290349  0.095025  -0.0638742  0.095025  0.164816
0.313695  -0.136701  -0.0636561  -0.136701  0.289588  0.0944959  -0.0636561  0.0944959  0.16457
0.313892  -0.136675  -0.0634693  -0.136675  0.289121  0.0941317  -0.0634693  0.0941317  0.164387
0.313927  -0.136685  -0.0634577  -0.136685  0.289072  0.0940946  -0.0634577  0.0940946  0.164367
0.314216  -0.136693  -0.0632093  -0.136693  0.288488  0.0936198  -0.0632093  0.0936198  0.16412
0.314237  -0.136697  -0.0631951  -0.136697  0.288451  0.0935902  -0.0631951  0.0935902  0.164104
0.314531  -0.13674  -0.0629177  -0.13674  0.28791  0.0931163  -0.0629177  0.0931163  0.163848
0.314746  -0.136776  -0.0627157  -0.136776  0.287525  0.0927762  -0.0627157  0.0927762  0.163664
0.314767  -0.136793  -0.0626779  -0.136793  0.287504  0.0927392  -0.0626779  0.0927392  0.16364
0.315086  -0.136812  -0.0623719  -0.136812  0.286876  0.0922076  -0.0623719  0.0922076  0.163361
0.315107  -0.136815  -0.0623575  -0.136815  0.28684  0.0921781  -0.0623575  0.0921781  0.163346
0.315379  -0.136811  -0.0619651  -0.136811  0.286218  0.0916112  -0.0619651  0.0916112  0.163047
0.315556  -0.136793  -0.0617059  -0.136793  0.285786  0.0912293  -0.0617059  0.0912293  0.16285
0.315572  -0.136788  -0.0616724  -0.136788  0.285738  0.0911853  -0.0616724  0.0911853  0.162828
0.315803  -0.136723  -0.0613421  -0.136723  0.285108  0.0906652  -0.0613421  0.0906652  0.16257
0.315818  -0.136718  -0.0613085  -0.136718  0.285061  0.0906214  -0.0613085  0.0906214  0.162548
0.316023  -0.136633  -0.0608782  -0.136633  0.284402  0.0900379  -0.0608782  0.0900379  0.162257
0.316167  -0.136555  -0.0606054  -0.136555  0.283919  0.0896378  -0.0606054  0.0896378  0.162064
0.316188  -0.136558  -0.0605907  -0.136558  0.283883  0.0896086  -0.0605907  0.0896086  0.162049
0.316381  -0.136413  -0.0601919  -0.136413  0.283158  0.0890216  -0.0601919  0.0890216  0.161773
0.316402  -0.136415  -0.0601771  -0.136415  0.283122  0.0889924  -0.0601771  0.0889924  0.161758
0.316557  -0.136303  -0.0597207  -0.136303  0.282494  0.0884226  -0.0597207  0.0884226  0.16148
0.316639  -0.136168  -0.0594081  -0.136168  0.282002  0.0880137  -0.0594081  0.0880137  0.161293
0.316654  -0.136163  -0.0593744  -0.136163  0.281955  0.0879706  -0.0593744  0.0879706  0.161272
0.316761  -0.135984  -0.0589635  -0.135984  0.28131  0.0874346  -0.0589635  0.0874346  0.161028
0.316776  -0.135978  -0.0589297  -0.135978  0.281262  0.0873916  -0.0589297  0.0873916  0.161007
0.316867  -0.135807  -0.0584939  -0.135807  0.280647  0.0868582  -0.0584939  0.0868582  0.160763
0.31692  -0.135647  -0.0582014  -0.135647  0.280169  0.0864761  -0.0582014  0.0864761  0.160597
0.316942  -0.135649  -0.0581863  -0.135649  0.280133  0.0864473  -0.0581863  0.0864473  0.160583
0.317005  -0.135439  -0.0577939  -0.135439  0.279514  0.085947  -0.0577939  0.085947  0.160366
0.317006  -0.135428  -0.0577584  -0.135428  0.27948  0.0859119  -0.0577584  0.0859119  0.16035
0.317083  -0.135222  -0.0573682  -0.135222  0.278851  0.0854063  -0.0573682  0.0854063  0.160132
0.317176  -0.135086  -0.0571169  -0.135086  0.278374  0.085041  -0.0571169  0.085041  0.159974
0.317177  -0.135061  -0.0571047  -0.135061  0.278325  0.0850133  -0.0571047  0.0850133  0.159965
0.317246  -0.134858  -0.0567317  -0.134858  0.277722  0.0845323  -0.0567317  0.0845323  0.15976
0.317247  -0.134847  -0.0566964  -0.134847  0.277688  0.0844977  -0.0566964  0.0844977  0.159745
0.317356  -0.134668  -0.0563639  -0.134668  0.277084  0.0840308  -0.0563639  0.0840308  0.159546
0.317398  -0.134531  -0.0561601  -0.134531  0.276705  0.0837471  -0.0561601  0.0837471  0.15943
0.317405  -0.134528  -0.0561432  -0.134528  0.276681  0.0837262  -0.0561432  0.0837262  0.15942
0.317458  -0.134329  -0.0558047  -0.134329  0.276129  0.083292  -0.0558047  0.083292  0.15924
0.317459  -0.134318  -0.0557694  -0.134318  0.276096  0.0832577  -0.0557694  0.0832577  0.159225
0.317503  -0.134133  -0.0554833  -0.134133  0.275602  0.0828803  -0.0554833  0.0828803  0.159072
0.317537  -0.134013  -0.0552737  -0.134013  0.275263  0.0826131  -0.0552737  0.0826131  0.158962
0.317544  -0.134009  -0.0552569  -0.134009  0.27524  0.0825924  -0.0552569  0.0825924  0.158953
0.31758  -0.133841  -0.054965  -0.133841  0.274787  0.0822309  -0.054965  0.0822309  0.158805
0.317588  -0.133838  -0.0549481  -0.133838  0.274764  0.0822102  -0.0549481  0.0822102  0.158795
0.317589  -0.133664  -0.0546706  -0.133664  0.274359  0.0818855  -0.0546706  0.0818855  0.158667
0.317601  -0.133542  -0.0544771  -0.133542  0.274058  0.0816488  -0.0544771  0.0816488  0.158573
0.317609  -0.133539  -0.0544602  -0.133539  0.274035  0.0816282  -0.0544602  0.0816282  0.158564
0.317629  -0.133391  -0.0541799  -0.133391  0.273645  0.0813041  -0.0541799  0.0813041  0.158432
0.31763  -0.133366  -0.0541678  -0.133366  0.273597  0.0812773  -0.0541678  0.0812773  0.158424
0.317657  -0.133237  -0.053941  -0.133237  0.273251  0.0810009  -0.053941  0.0810009  0.158313
0.317669  -0.133126  -0.0537829  -0.133126  0.272984  0.0807996  -0.0537829  0.0807996  0.158236
0.317676  -0.133122  -0.0537661  -0.133122  0.272962  0.0807791  -0.0537661  0.0807791  0.158226
0.317695  -0.132996  -0.0535564  -0.132996  0.27264  0.0805244  -0.0535564  0.0805244  0.158126
0.317702  -0.132993  -0.0535395  -0.132993  0.272617  0.080504  -0.0535395  0.080504  0.158117
0.317701  -0.132841  -0.0533335  -0.132841  0.272283  0.0802512  -0.0533335  0.0802512  0.158022
0.317705  -0.132747  -0.0531698  -0.132747  0.272056  0.080065  -0.0531698  0.080065  0.15795
0.317698  -0.132739  -0.0531518  -0.132739  0.272045  0.0800521  -0.0531518  0.0800521  0.157945
0.317704  -0.132595  -0.0529642  -0.132595  0.271723  0.0798133  -0.0529642  0.0798133  0.157856
0.317698  -0.132588  -0.0529462  -0.132588  0.271713  0.0798005  -0.0529462  0.0798005  0.157851
0.317696  -0.132447  -0.0527756  -0.132447  0.271413  0.0795826  -0.0527756  0.0795826  0.157772
0.317692  -0.13237  -0.0526064  -0.13237  0.271224  0.0794111  -0.0526064  0.0794111  0.157704
0.317686  -0.132362  -0.0525884  -0.132362  0.271214  0.0793983  -0.0525884  0.0793983  0.157699
0.317697  -0.132251  -0.0524313  -0.132251  0.270951  0.0792002  -0.0524313  0.0792002  0.157625
0.317698  -0.132226  -0.0524193  -0.132226  0.270903  0.0791739  -0.0524193  0.0791739  0.157617
0.317728  -0.132165  -0.0522706  -0.132165  0.2707  0.0790009  -0.0522706  0.0790009  0.157546
0.317743  -0.132111  -0.0521555  -0.132111  0.270542  0.0788685  -0.0521555  0.0788685  0.157493
0.317737  -0.132103  -0.0521376  -0.132103  0.270532  0.0788558  -0.0521376  0.0788558  0.157489
0.317766  -0.132042  -0.051989  -0.132042  0.27033  0.0786833  -0.051989  0.0786833  0.157418
0.317767  -0.132017  -0.0519771  -0.132017  0.270282  0.0786572  -0.0519771  0.0786572  0.15741
0.317796  -0.131981  -0.0518405  -0.131981  0.270127  0.078511  -0.0518405  0.078511  0.157349
0.317824  -0.131955  -0.0517386  -0.131955  0.270004  0.0783977  -0.0517386  0.0783977  0.1573
0.317824  -0.131955  -0.0517386  -0.131955  0.270004  0.0783977  -0.0517386  0.0783977  0.1573
0.317866  -0.131923  -0.0516031  -0.131923  0.269837  0.0782444  -0.0516031  0.0782444  0.157235
0.317866  -0.131923  -0.0516031  -0.131923  0.269837  0.0782444  -0.0516031  0.0782444  0.157235
0.317913  -0.131911  -0.0514628  -0.131911  0.269694  0.0780971  -0.0514628  0.0780971  0.157169
0.317935  -0.13189  -0.0513777  -0.13189  0.269595  0.0780042  -0.0513777  0.0780042  0.15713
0.317941  -0.131886  -0.0513609  -0.131886  0.269572  0.0779842  -0.0513609  0.0779842  0.157121
0.317963  -0.131839  -0.0512639  -0.131839  0.269425  0.0778654  -0.0512639  0.0778654  0.157074
0.31797  -0.131835  -0.0512471  -0.131835  0.269403  0.0778454  -0.0512471  0.0778454  0.157066
0.317991  -0.131816  -0.0511047  -0.131816  0.269285  0.0777134  -0.0511047  0.0777134  0.157009
0.317998  -0.13179  -0.0510187  -0.13179  0.269198  0.0776283  -0.0510187  0.0776283  0.156974
0.317986  -0.131761  -0.0510057  -0.131761  0.269164  0.0776099  -0.0510057  0.0776099  0.15697
0.318007  -0.131728  -0.0508861  -0.131728  0.269032  0.0774849  -0.0508861  0.0774849  0.156919
0.318  -0.13172  -0.0508683  -0.13172  0.269022  0.0774724  -0.0508683  0.0774724  0.156915
0.318001  -0.131675  -0.05073  -0.131675  0.268892  0.0773425  -0.05073  0.0773425  0.156863
0.317988  -0.131637  -0.0506253  -0.131637  0.268808  0.0772526  -0.0506253  0.0772526  0.156829
0.318002  -0.131641  -0.0506263  -0.131641  0.268796  0.0772451  -0.0506263  0.0772451  0.156825
0.317976  -0.131588  -0.0504862  -0.131588  0.268691  0.0771305  -0.0504862  0.0771305  0.156782
0.317983  -0.131585  -0.0504694  -0.131585  0.268669  0.0771105  -0.0504694  0.0771105  0.156774
0.317957  -0.131532  -0.0503295  -0.131532  0.268565  0.076996  -0.0503295  0.076996  0.156731
0.31793  -0.13149  -0.0502241  -0.13149  0.268493  0.076914  -0.0502241  0.076914  0.156702
0.31793  -0.13149  -0.0502241  -0.13149  0.268493  0.076914  -0.0502241  0.076914  0.156702
0.317871  -0.131422  -0.0500648  -0.131422  0.268405  0.0768023  -0.0500648  0.0768023  0.156664
0.317864  -0.131414  -0.0500472  -0.131414  0.268395  0.0767899  -0.0500472  0.0767899  0.15666
0.317812  -0.131329  -0.049894  -0.131329  0.268269  0.0766652  -0.049894  0.0766652  0.156619
0.317753  -0.131272  -0.0497695  -0.131272  0.268213  0.0765862  -0.0497695  0.0765862  0.156595
0.317753  -0.131272  -0.0497695  -0.131272  0.268213  0.0765862  -0.0497695  0.0765862  0.156595
0.317661  -0.131163  -0.0495797  -0.131163  0.268093  0.0764522  -0.0495797  0.0764522  0.156555
0.317654  -0.131156  -0.0495621  -0.131156  0.268083  0.0764399  -0.0495621  0.0764399  0.156551
0.317564  -0.131034  -0.0493952  -0.131034  0.267949  0.0763128  -0.0493952  0.0763128  0.156516
0.317492  -0.130949  -0.0492587  -0.130949  0.267859  0.0762163  -0.0492587  0.0762163  0.156489
0.317473  -0.130937  -0.0492403  -0.130937  0.267861  0.0762115  -0.0492403  0.0762115  0.156489
0.317364  -0.13078  -0.0490439  -0.13078  0.267683  0.0760549  -0.0490439  0.0760549  0.156448
0.317344  -0.130769  -0.0490256  -0.130769  0.267686  0.0760501  -0.0490256  0.0760501  0.156448
0.317223  -0.130608  -0.0488288  -0.130608  0.267521  0.0759014  -0.0488288  0.0759014  0.156411
0.317141  -0.130481  -0.0487032  -0.130481  0.267383  0.0757944  -0.0487032  0.0757944  0.156386
0.317128  -0.130452  -0.0486907  -0.130452  0.267349  0.0757766  -0.0486907  0.0757766  0.156383
0.316971  -0.130232  -0.0484691  -0.130232  0.26713  0.0756007  -0.0484691  0.0756007  0.156345
0.316971  -0.130232  -0.0484691  -0.130232  0.26713  0.0756007  -0.0484691  0.0756007  0.156345
0.31684  -0.130016  -0.0483061  -0.130016  0.266903  0.0754487  -0.0483061  0.0754487  0.156316
0.316747  -0.129862  -0.048169  -0.129862  0.266732  0.075325  -0.048169  0.075325  0.156289
0.316735  -0.129834  -0.0481567  -0.129834  0.266698  0.0753074  -0.0481567  0.0753074  0.156286
0.316574  -0.129583  -0.047908  -0.129583  0.266425  0.0750962  -0.047908  0.0750962  0.156239
0.316568  -0.129576  -0.0478907  -0.129576  0.266416  0.0750841  -0.0478907  0.0750841  0.156235
0.316415  -0.12932  -0.0476824  -0.12932  0.266139  0.0748922  -0.0476824  0.0748922  0.156197
0.316306  -0.129131  -0.0475171  -0.129131  0.265927  0.0747405  -0.0475171  0.0747405  0.156165
0.3163  -0.129124  -0.0474999  -0.129124  0.265917  0.0747286  -0.0474999  0.0747286  0.156161
0.316143  -0.128838  -0.0472642  -0.128838  0.265587  0.0745013  -0.0472642  0.0745013  0.156113
0.316137  -0.12883  -0.0472471  -0.12883  0.265577  0.0744894  -0.0472471  0.0744894  0.15611
0.315976  -0.128514  -0.0469838  -0.128514  0.265193  0.0742267  -0.0469838  0.0742267  0.156052
0.31587  -0.128303  -0.0468088  -0.128303  0.264938  0.0740522  -0.0468088  0.0740522  0.156015
0.315858  -0.128275  -0.0467967  -0.128275  0.264905  0.0740349  -0.0467967  0.0740349  0.156012
0.315705  -0.127981  -0.0465301  -0.127981  0.264547  0.0737797  -0.0465301  0.0737797  0.155956
0.315688  -0.127946  -0.0465011  -0.127946  0.264505  0.0737508  -0.0465011  0.0737508  0.15595
0.315554  -0.127663  -0.0462531  -0.127663  0.264146  0.0735012  -0.0462531  0.0735012  0.155894
0.315456  -0.127451  -0.0460636  -0.127451  0.263873  0.0733099  -0.0460636  0.0733099  0.155851
0.315445  -0.127423  -0.0460517  -0.127423  0.26384  0.0732929  -0.0460517  0.0732929  0.155848
0.315302  -0.127102  -0.0458153  -0.127102  0.263437  0.0730345  -0.0458153  0.0730345  0.155795
0.315296  -0.127095  -0.0457985  -0.127095  0.263428  0.0730229  -0.0457985  0.0730229  0.155792
0.31516  -0.126784  -0.0455249  -0.126784  0.263019  0.0727407  -0.0455249  0.0727407  0.155729
0.315071  -0.126556  -0.0453428  -0.126556  0.262713  0.0725392  -0.0453428  0.0725392  0.155684
0.315054  -0.126522  -0.0453143  -0.126522  0.262671  0.0725109  -0.0453143  0.0725109  0.155679
0.314931  -0.126216  -0.045043  -0.126216  0.262254  0.0722237  -0.045043  0.0722237  0.155613
0.31492  -0.126202  -0.0450095  -0.126202  0.262235  0.0722009  -0.0450095  0.0722009  0.155607
0.314804  -0.125894  -0.0447231  -0.125894  0.261798  0.0718964  -0.0447231  0.0718964  0.155536
0.314721  -0.125702  -0.0445161  -0.125702  0.261533  0.0716968  -0.0445161  0.0716968  0.15549
0.314717  -0.125671  -0.0444884  -0.125671  0.261479  0.0716616  -0.0444884  0.0716616  0.155481
0.314602  -0.125378  -0.044182  -0.125378  0.261059  0.0713537  -0.044182  0.0713537  0.155409
0.314591  -0.125351  -0.0441705  -0.125351  0.261027  0.0713372  -0.0441705  0.0713372  0.155406
0.3145  -0.125088  -0.0438771  -0.125088  0.260628  0.0710399  -0.0438771  0.0710399  0.155334
0.314431  -0.124878  -0.0436616  -0.124878  0.26031  0.070812  -0.0436616  0.070812  0.155279
0.314432  -0.124854  -0.0436506  -0.124854  0.260266  0.0707884  -0.0436506  0.0707884  0.155273
0.314359  -0.124616  -0.0433541  -0.124616  0.25988  0.0704912  -0.0433541  0.0704912  0.155198
0.31436  -0.124592  -0.0433431  -0.124592  0.259836  0.0704677  -0.0433431  0.0704677  0.155192
0.314298  -0.124358  -0.0430478  -0.124358  0.259439  0.0701645  -0.0430478  0.0701645  0.155114
0.314299  -0.124334  -0.0430369  -0.124334  0.259395  0.0701411  -0.0430369  0.0701411  0.155107
0.314255  -0.124123  -0.0427376  -0.124123  0.25901  0.069837  -0.0427376  0.069837  0.155026
0.314226  -0.123967  -0.0425312  -0.123967  0.258725  0.0696194  -0.0425312  0.0696194  0.154968
0.314222  -0.123937  -0.0425039  -0.123937  0.258673  0.0695852  -0.0425039  0.0695852  0.15496
0.314172  -0.123719  -0.0421895  -0.123719  0.258281  0.0692725  -0.0421895  0.0692725  0.154879
0.314178  -0.123716  -0.0421736  -0.123716  0.25826  0.0692543  -0.0421736  0.0692543  0.154872
0.314146  -0.123498  -0.0418442  -0.123498  0.257836  0.0689174  -0.0418442  0.0689174  0.154782
0.314128  -0.123358  -0.041618  -0.123358  0.257555  0.0686892  -0.041618  0.0686892  0.15472
0.314128  -0.123348  -0.0415858  -0.123348  0.257525  0.0686603  -0.0415858  0.0686603  0.154711
0.314125  -0.123154  -0.0413065  -0.123154  0.257117  0.0683509  -0.0413065  0.0683509  0.154626
0.314113  -0.12314  -0.0412742  -0.12314  0.2571  0.0683294  -0.0412742  0.0683294  0.154621
0.314126  -0.122958  -0.0409582  -0.122958  0.256673  0.06799  -0.0409582  0.06799  0.154524
0.314127  -0.122948  -0.0409262  -0.122948  0.256644  0.0679613  -0.0409262  0.0679613  0.154516
0.314122  -0.122767  -0.0406265  -0.122767  0.256251  0.0676485  -0.0406265  0.0676485  0.154431
0.314121  -0.122637  -0.0404181  -0.122637  0.255969  0.0674271  -0.0404181  0.0674271  0.15437
0.314127  -0.122633  -0.0404022  -0.122633  0.255949  0.0674092  -0.0404022  0.0674092  0.154364
0.314161  -0.12248  -0.0400984  -0.12248  0.255543  0.0670813  -0.0400984  0.0670813  0.154268
0.314162  -0.12247  -0.0400665  -0.12247  0.255514  0.0670529  -0.0400665  0.0670529  0.15426
0.314174  -0.122287  -0.0397522  -0.122287  0.255091  0.0667182  -0.0397522  0.0667182  0.154168
0.314167  -0.122151  -0.0395287  -0.122151  0.254803  0.0664886  -0.0395287  0.0664886  0.154109
0.314167  -0.12214  -0.0394968  -0.12214  0.254774  0.0664604  -0.0394968  0.0664604  0.154102
0.314207  -0.12197  -0.0391993  -0.12197  0.254337  0.0661238  -0.0391993  0.0661238  0.154005
0.314207  -0.121959  -0.0391674  -0.121959  0.254309  0.0660957  -0.0391674  0.0660957  0.153998
0.314259  -0.121778  -0.0388913  -0.121778  0.253847  0.0657588  -0.0388913  0.0657588  0.153901
0.314304  -0.121635  -0.0386737  -0.121635  0.253478  0.0654907  -0.0386737  0.0654907  0.153824
0.31431  -0.121607  -0.0386471  -0.121607  0.253415  0.0654509  -0.0386471  0.0654509  0.153812
0.314339  -0.121399  -0.0383079  -0.121399  0.252923  0.0650751  -0.0383079  0.0650751  0.153712
0.314356  -0.121398  -0.0382919  -0.121398  0.252891  0.0650503  -0.0382919  0.0650503  0.153702
0.314406  -0.121218  -0.0379635  -0.121218  0.252418  0.0646836  -0.0379635  0.0646836  0.1536
0.314401  -0.121188  -0.037937  -0.121188  0.252368  0.0646514  -0.037937  0.0646514  0.153593
0.314417  -0.12099  -0.0375777  -0.12099  0.251905  0.0642803  -0.0375777  0.0642803  0.153498
0.314417  -0.120979  -0.0375461  -0.120979  0.251876  0.0642528  -0.0375461  0.0642528  0.153491
0.314438  -0.120788  -0.037203  -0.120788  0.251423  0.0638935  -0.037203  0.0638935  0.1534
0.314442  -0.120619  -0.0369397  -0.120619  0.251059  0.0636148  -0.0369397  0.0636148  0.153333
0.314448  -0.120615  -0.0369238  -0.120615  0.251039  0.0635975  -0.0369238  0.0635975  0.153327
0.314468  -0.120423  -0.0365816  -0.120423  0.250588  0.0632408  -0.0365816  0.0632408  0.153239
0.314474  -0.120419  -0.0365657  -0.120419  0.250567  0.0632236  -0.0365657  0.0632236  0.153234
0.314477  -0.120228  -0.0362402  -0.120228  0.25015  0.0628928  -0.0362402  0.0628928  0.153156
0.31449  -0.120109  -0.0359987  -0.120109  0.249859  0.062653  -0.0359987  0.062653  0.153099
0.314485  -0.120079  -0.0359726  -0.120079  0.24981  0.0626217  -0.0359726  0.0626217  0.153093
0.314499  -0.11988  -0.0356162  -0.11988  0.249355  0.0622591  -0.0356162  0.0622591  0.153008
0.314499  -0.119869  -0.0355848  -0.119869  0.249327  0.0622321  -0.0355848  0.0622321  0.153002
0.314501  -0.119668  -0.0352294  -0.119668  0.248885  0.0618784  -0.0352294  0.0618784  0.152924
0.314501  -0.119658  -0.0351981  -0.119658  0.248857  0.0618516  -0.0351981  0.0618516  0.152918
0.314497  -0.11945  -0.0348279  -0.11945  0.248409  0.0614897  -0.0348279  0.0614897  0.15284
0.314488  -0.119302  -0.0345783  -0.119302  0.248106  0.0612471  -0.0345783  0.0612471  0.152791
0.314488  -0.119291  -0.0345471  -0.119291  0.248079  0.0612205  -0.0345471  0.0612205  0.152785
0.314484  -0.119071  -0.0341988  -0.119071  0.24762  0.0608669  -0.0341988  0.0608669  0.152712
0.314469  -0.118927  -0.0339659  -0.118927  0.247338  0.060643  -0.0339659  0.060643  0.15267
0.314474  -0.118923  -0.0339501  -0.118923  0.247318  0.0606262  -0.0339501  0.0606262  0.152665
0.314444  -0.118669  -0.0335784  -0.118669  0.246839  0.0602593  -0.0335784  0.0602593  0.152598
0.314443  -0.118658  -0.0335473  -0.118658  0.246811  0.060233  -0.0335473  0.060233  0.152592
0.314402  -0.118401  -0.0331771  -0.118401  0.246346  0.0598753  -0.0331771  0.0598753  0.152531
0.314353  -0.118207  -0.0328752  -0.118207  0.246009  0.0596032  -0.0328752  0.0596032  0.152491
0.314353  -0.118197  -0.0328442  -0.118197  0.245982  0.0595771  -0.0328442  0.0595771  0.152486
0.314295  -0.117922  -0.0324305  -0.117922  0.245498  0.0591946  -0.0324305  0.0591946  0.152428
0.314295  -0.117911  -0.0323996  -0.117911  0.245471  0.0591686  -0.0323996  0.0591686  0.152423
0.314243  -0.11763  -0.0320228  -0.11763  0.244983  0.0588031  -0.0320228  0.0588031  0.152368
0.314201  -0.117418  -0.0317795  -0.117418  0.244632  0.0585553  -0.0317795  0.0585553  0.152332
0.314196  -0.117388  -0.0317543  -0.117388  0.244585  0.0585257  -0.0317543  0.0585257  0.152328
0.314119  -0.117062  -0.0313761  -0.117062  0.244065  0.058154  -0.0313761  0.058154  0.15228
0.314124  -0.117057  -0.0313604  -0.117057  0.244046  0.0581376  -0.0313604  0.0581376  0.152276
0.314067  -0.116759  -0.0309921  -0.116759  0.243544  0.0577739  -0.0309921  0.0577739  0.152226
0.314015  -0.116535  -0.0307211  -0.116535  0.243183  0.0575118  -0.0307211  0.0575118  0.152195
0.314015  -0.116525  -0.0306906  -0.116525  0.243156  0.0574865  -0.0306906  0.0574865  0.152191
0.313948  -0.116181  -0.030254  -0.116181  0.242578  0.0570632  -0.030254  0.0570632  0.152137
0.313943  -0.116151  -0.0302291  -0.116151  0.242532  0.0570343  -0.0302291  0.0570343  0.152133
0.31387  -0.115836  -0.0298199  -0.115836  0.242015  0.0566498  -0.0298199  0.0566498  0.152091
0.313871  -0.115812  -0.0298098  -0.115812  0.241976  0.0566301  -0.0298098  0.0566301  0.152087
0.313819  -0.115511  -0.0294304  -0.115511  0.241464  0.0562587  -0.0294304  0.0562587  0.152042
0.313768  -0.115289  -0.0291629  -0.115289  0.24111  0.0560028  -0.0291629  0.0560028  0.152016
0.313763  -0.11526  -0.0291382  -0.11526  0.241064  0.0559744  -0.0291382  0.0559744  0.152012
0.313712  -0.11496  -0.0287609  -0.11496  0.240556  0.0556067  -0.0287609  0.0556067  0.151971
0.313707  -0.11493  -0.0287363  -0.11493  0.240511  0.0555785  -0.0287363  0.0555785  0.151968
0.313636  -0.114581  -0.0283421  -0.114581  0.239952  0.0551886  -0.0283421  0.0551886  0.151929
0.313635  -0.114571  -0.0283121  -0.114571  0.239927  0.0551641  -0.0283121  0.0551641  0.151926
0.313579  -0.114266  -0.0279226  -0.114266  0.239417  0.0547924  -0.0279226  0.0547924  0.15189
0.313542  -0.114065  -0.0276518  -0.114065  0.239076  0.0545389  -0.0276518  0.0545389  0.151867
0.313538  -0.114036  -0.0276274  -0.114036  0.239031  0.0545112  -0.0276274  0.0545112  0.151864
0.313492  -0.113744  -0.0272689  -0.113744  0.238539  0.0541604  -0.0272689  0.0541604  0.15183
0.313491  -0.113733  -0.027239  -0.113733  0.238513  0.0541362  -0.027239  0.0541362  0.151827
0.313445  -0.113441  -0.0268815  -0.113441  0.238023  0.0537875  -0.0268815  0.0537875  0.151795
0.313409  -0.113242  -0.0266128  -0.113242  0.237686  0.0535379  -0.0266128  0.0535379  0.151776
0.313408  -0.113231  -0.026583  -0.113231  0.237661  0.053514  -0.026583  0.053514  0.151773
0.313372  -0.112954  -0.0262061  -0.112954  0.237174  0.0531565  -0.0262061  0.0531565  0.151742
0.313371  -0.112943  -0.0261764  -0.112943  0.237149  0.0531327  -0.0261764  0.0531327  0.15174
0.313328  -0.112673  -0.0257665  -0.112673  0.23667  0.052764  -0.0257665  0.052764  0.151713
0.313316  -0.112495  -0.0254919  -0.112495  0.236332  0.0525076  -0.0254919  0.0525076  0.15169
0.313316  -0.112484  -0.0254623  -0.112484  0.236307  0.052484  -0.0254623  0.052484  0.151688
0.313288  -0.112232  -0.0250967  -0.112232  0.235851  0.0521436  -0.0250967  0.0521436  0.151662
0.313288  -0.112221  -0.0250672  -0.112221  0.235826  0.0521201  -0.0250672  0.0521201  0.151661
0.313275  -0.111976  -0.0247153  -0.111976  0.235367  0.0517827  -0.0247153  0.0517827  0.151631
0.313258  -0.111803  -0.0244577  -0.111803  0.23505  0.0515451  -0.0244577  0.0515451  0.151615
0.313257  -0.111792  -0.0244282  -0.111792  0.235026  0.0515218  -0.0244282  0.0515218  0.151613
0.313243  -0.11156  -0.0240579  -0.11156  0.234581  0.0511824  -0.0240579  0.0511824  0.151589
0.313243  -0.111549  -0.0240286  -0.111549  0.234556  0.0511592  -0.0240286  0.0511592  0.151588
0.313229  -0.111316  -0.0236591  -0.111316  0.234113  0.0508216  -0.0236591  0.0508216  0.151565
0.313225  -0.111117  -0.0233768  -0.111117  0.233733  0.0505474  -0.0233768  0.0505474  0.151543
0.313225  -0.111106  -0.0233475  -0.111106  0.233709  0.0505245  -0.0233475  0.0505245  0.151542
0.313226  -0.110868  -0.0230115  -0.110868  0.233251  0.0501958  -0.0230115  0.0501958  0.151515
0.313225  -0.110857  -0.0229823  -0.110857  0.233227  0.050173  -0.0229823  0.050173  0.151515
0.31322  -0.110613  -0.022633  -0.110613  0.232764  0.0498381  -0.022633  0.0498381  0.151491
0.313226  -0.110448  -0.0223893  -0.110448  0.232437  0.0496012  -0.0223893  0.0496012  0.151472
0.313235  -0.110438  -0.0223587  -0.110438  0.232401  0.0495716  -0.0223587  0.0495716  0.151468
0.313244  -0.110213  -0.0220032  -0.110213  0.231947  0.0492356  -0.0220032  0.0492356  0.151444
0.313253  -0.110203  -0.0219726  -0.110203  0.231911  0.0492061  -0.0219726  0.0492061  0.15144
0.313266  -0.109973  -0.0216024  -0.109973  0.231441  0.0488571  -0.0216024  0.0488571  0.151416
0.31326  -0.109944  -0.0215791  -0.109944  0.231399  0.0488318  -0.0215791  0.0488318  0.151415
0.313273  -0.109737  -0.021219  -0.109737  0.230967  0.048502  -0.021219  0.048502  0.151396
0.313283  -0.109576  -0.0209905  -0.109576  0.23065  0.0482772  -0.0209905  0.0482772  0.15138
0.313297  -0.109572  -0.0209736  -0.109572  0.23062  0.0482557  -0.0209736  0.0482557  0.151374
0.313323  -0.109325  -0.0206073  -0.109325  0.230113  0.0478947  -0.0206073  0.0478947  0.151346
0.313327  -0.10932  -0.0205921  -0.10932  0.230095  0.0478802  -0.0205921  0.0478802  0.151345
0.313363  -0.109106  -0.0202629  -0.109106  0.229637  0.0475533  -0.0202629  0.0475533  0.151317
0.313391  -0.108947  -0.0200317  -0.108947  0.229299  0.0473176  -0.0200317  0.0473176  0.151296
0.313395  -0.108942  -0.0200164  -0.108942  0.229281  0.0473032  -0.0200164  0.0473032  0.151295
0.313434  -0.108723  -0.0196724  -0.108723  0.228807  0.0469644  -0.0196724  0.0469644  0.151268
0.313443  -0.108713  -0.0196419  -0.108713  0.228772  0.0469356  -0.0196419  0.0469356  0.151265
0.313472  -0.108493  -0.0193  -0.108493  0.228312  0.0466053  -0.0193  0.0466053  0.151244
0.313508  -0.108346  -0.0190481  -0.108346  0.227976  0.0463609  -0.0190481  0.0463609  0.151225
0.313502  -0.108317  -0.0190253  -0.108317  0.227936  0.0463366  -0.0190253  0.0463366  0.151226
0.313536  -0.108102  -0.0186974  -0.108102  0.227484  0.0460163  -0.0186974  0.0460163  0.151206
0.31354  -0.108097  -0.0186821  -0.108097  0.227466  0.0460021  -0.0186821  0.0460021  0.151204
0.313553  -0.10787  -0.0183296  -0.10787  0.227017  0.0456754  -0.0183296  0.0456754  0.151195
0.31356  -0.107709  -0.0181033  -0.107709  0.226708  0.0454592  -0.0181033  0.0454592  0.151188
0.313559  -0.107698  -0.0180747  -0.107698  0.226685  0.0454378  -0.0180747  0.0454378  0.151189
0.313567  -0.107476  -0.0177383  -0.107476  0.226256  0.0451279  -0.0177383  0.0451279  0.151184
0.313562  -0.107448  -0.0177156  -0.107448  0.226216  0.0451041  -0.0177156  0.0451041  0.151184
0.313522  -0.107213  -0.017361  -0.107213  0.225824  0.0448086  -0.017361  0.0448086  0.151202
0.313504  -0.107035  -0.0170979  -0.107035  0.225514  0.0445806  -0.0170979  0.0445806  0.15121
0.313503  -0.107024  -0.0170695  -0.107024  0.225491  0.0445595  -0.0170695  0.0445595  0.151212
0.313482  -0.106801  -0.0167408  -0.106801  0.225101  0.0442741  -0.0167408  0.0442741  0.151223
0.313477  -0.106773  -0.0167183  -0.106773  0.225061  0.0442508  -0.0167183  0.0442508  0.151224
0.313418  -0.106538  -0.0163701  -0.106538  0.224698  0.0439731  -0.0163701  0.0439731  0.151254
0.313396  -0.106388  -0.0161331  -0.106388  0.224442  0.0437783  -0.0161331  0.0437783  0.151269
0.31339  -0.10636  -0.0161108  -0.10636  0.224402  0.0437551  -0.0161108  0.0437551  0.151271
0.313346  -0.106131  -0.0157752  -0.106131  0.224035  0.0434803  -0.0157752  0.0434803  0.151297
0.31334  -0.106103  -0.015753  -0.106103  0.223995  0.0434572  -0.015753  0.0434572  0.151298
0.313281  -0.105846  -0.0153982  -0.105846  0.223602  0.0431677  -0.0153982  0.0431677  0.151332
0.313235  -0.105668  -0.015145  -0.105668  0.223333  0.0429664  -0.015145  0.0429664  0.151359
0.31323  -0.10564  -0.0151228  -0.10564  0.223294  0.0429436  -0.0151228  0.0429436  0.15136
0.313161  -0.105373  -0.014744  -0.105373  0.222893  0.0426433  -0.014744  0.0426433  0.151403
0.313147  -0.105345  -0.0147241  -0.105345  0.222866  0.0426274  -0.0147241  0.0426274  0.151409
0.313079  -0.105089  -0.0143746  -0.105089  0.222489  0.0423494  -0.0143746  0.0423494  0.151451
0.313073  -0.105061  -0.0143526  -0.105061  0.22245  0.0423269  -0.0143526  0.0423269  0.151453
0.313015  -0.104806  -0.014002  -0.104806  0.222063  0.0420438  -0.014002  0.0420438  0.151494
0.313  -0.104778  -0.0139824  -0.104778  0.222037  0.0420281  -0.0139824  0.0420281  0.151499
0.312943  -0.104534  -0.0136607  -0.104534  0.221674  0.0417668  -0.0136607  0.0417668  0.151539
0.312893  -0.104339  -0.0134172  -0.104339  0.221395  0.0415691  -0.0134172  0.0415691  0.151571
0.312888  -0.104311  -0.0133955  -0.104311  0.221356  0.0415469  -0.0133955  0.0415469  0.151574
0.312812  -0.104023  -0.0130621  -0.104023  0.220953  0.0412708  -0.0130621  0.0412708  0.151621
0.312811  -0.104012  -0.0130344  -0.104012  0.220931  0.0412509  -0.0130344  0.0412509  0.151624
0.31274  -0.103729  -0.0127149  -0.103729  0.220536  0.0409831  -0.0127149  0.0409831  0.151669
0.312709  -0.103546  -0.0124965  -0.103546  0.220258  0.040795  -0.0124965  0.040795  0.151694
0.312695  -0.103518  -0.0124773  -0.103518  0.220232  0.04078  -0.0124773  0.04078  0.151701
0.312655  -0.103264  -0.0121739  -0.103264  0.219842  0.0405165  -0.0121739  0.0405165  0.151735
0.31265  -0.103236  -0.0121524  -0.103236  0.219804  0.0404949  -0.0121524  0.0404949  0.151737
0.312602  -0.102982  -0.0118522  -0.102982  0.219428  0.0402396  -0.0118522  0.0402396  0.151777
0.312576  -0.102793  -0.0116666  -0.102793  0.219148  0.0400652  -0.0116666  0.0400652  0.151796
0.312575  -0.102782  -0.0116391  -0.102782  0.219126  0.0400458  -0.0116391  0.0400458  0.1518
0.312527  -0.102506  -0.0113313  -0.102506  0.21872  0.0397779  -0.0113313  0.0397779  0.15184
0.312525  -0.102495  -0.0113039  -0.102495  0.218698  0.0397585  -0.0113039  0.0397585  0.151844
0.312492  -0.102208  -0.0109648  -0.102208  0.218249  0.0394598  -0.0109648  0.0394598  0.151883
0.312487  -0.102181  -0.0109436  -0.102181  0.218212  0.0394386  -0.0109436  0.0394386  0.151886
0.312433  -0.1019  -0.0106252  -0.1019  0.217804  0.0391678  -0.0106252  0.0391678  0.151933
0.312406  -0.101701  -0.0104142  -0.101701  0.217508  0.0389781  -0.0104142  0.0389781  0.15196
0.312405  -0.101691  -0.0103869  -0.101691  0.217486  0.038959  -0.0103869  0.038959  0.151964
0.312373  -0.101437  -0.0100861  -0.101437  0.217095  0.0386985  -0.0100861  0.0386985  0.152004
0.312377  -0.101432  -0.0100712  -0.101432  0.217079  0.0386857  -0.0100712  0.0386857  0.152004
0.312345  -0.101202  -0.00977968  -0.101202  0.216721  0.0384411  -0.00977968  0.0384411  0.152046
0.312326  -0.101038  -0.00955772  -0.101038  0.216458  0.0382577  -0.00955772  0.0382577  0.152078
0.312325  -0.101027  -0.00953063  -0.101027  0.216437  0.0382389  -0.00953063  0.0382389  0.152083
0.312283  -0.100787  -0.00921575  -0.100787  0.216073  0.0379843  -0.00921575  0.0379843  0.152135
0.312287  -0.100781  -0.00920095  -0.100781  0.216056  0.0379716  -0.00920095  0.0379716  0.152136
0.312246  -0.100564  -0.00889546  -0.100564  0.215724  0.0377327  -0.00889546  0.0377327  0.152191
0.31223  -0.100395  -0.0086601  -0.100395  0.215448  0.0375393  -0.0086601  0.0375393  0.152226
0.312229  -0.100384  -0.00863316  -0.100384  0.215427  0.0375207  -0.00863316  0.0375207  0.152231
0.312188  -0.100167  -0.00832895  -0.100167  0.215098  0.037284  -0.00832895  0.037284  0.152288
0.312187  -0.100156  -0.00830206  -0.100156  0.215077  0.0372655  -0.00830206  0.0372655  0.152293
0.312142  -0.099957  -0.00799507  -0.099957  0.214775  0.0370381  -0.00799507  0.0370381  0.152357
0.312126  -0.0997984  -0.00778795  -0.0997984  0.214522  0.0368657  -0.00778795  0.0368657  0.15239
0.312125  -0.0997879  -0.00776115  -0.0997879  0.214502  0.0368474  -0.00776115  0.0368474  0.152395
0.3121  -0.0995821  -0.0074353  -0.0995821  0.214162  0.0365966  -0.0074353  0.0365966  0.152455
0.312098  -0.0995715  -0.00740856  -0.0995715  0.214142  0.0365784  -0.00740856  0.0365784  0.15246
0.312085  -0.0993701  -0.00709268  -0.0993701  0.213797  0.0363283  -0.00709268  0.0363283  0.152513
0.312073  -0.0992285  -0.0068805  -0.0992285  0.213561  0.0361598  -0.0068805  0.0361598  0.15255
0.312073  -0.099206  -0.00687203  -0.099206  0.21353  0.036146  -0.00687203  0.036146  0.15255
0.312051  -0.0990053  -0.00655988  -0.0990053  0.213199  0.0359044  -0.00655988  0.0359044  0.152609
0.312046  -0.0989779  -0.00653951  -0.0989779  0.213164  0.0358849  -0.00653951  0.0358849  0.152613
0.312029  -0.0987702  -0.00625804  -0.0987702  0.212828  0.0356546  -0.00625804  0.0356546  0.152663
0.312008  -0.098607  -0.00604133  -0.098607  0.212575  0.0354811  -0.00604133  0.0354811  0.152706
0.312012  -0.0986013  -0.00602666  -0.0986013  0.212559  0.0354689  -0.00602666  0.0354689  0.152707
0.311985  -0.098384  -0.00572244  -0.098384  0.212217  0.0352292  -0.00572244  0.0352292  0.152768
0.31198  -0.0983566  -0.00570223  -0.0983566  0.212182  0.0352099  -0.00570223  0.0352099  0.152773
0.31194  -0.0981128  -0.0053814  -0.0981128  0.211817  0.0349588  -0.0053814  0.0349588  0.152844
0.311927  -0.097949  -0.00516315  -0.097949  0.211556  0.0347814  -0.00516315  0.0347814  0.152886
0.311925  -0.0979384  -0.00513677  -0.0979384  0.211536  0.0347637  -0.00513677  0.0347637  0.152892
0.31189  -0.0976879  -0.00484699  -0.0976879  0.211168  0.0345247  -0.00484699  0.0345247  0.152955
0.311889  -0.0976655  -0.00483866  -0.0976655  0.211138  0.0345114  -0.00483866  0.0345114  0.152955
0.311856  -0.0973989  -0.00450868  -0.0973989  0.210736  0.0342444  -0.00450868  0.0342444  0.153026
0.311855  -0.0973883  -0.0044824  -0.0973883  0.210716  0.0342269  -0.0044824  0.0342269  0.153033
0.311843  -0.0971579  -0.00419349  -0.0971579  0.210347  0.0339848  -0.00419349  0.0339848  0.153087
0.311841  -0.0969982  -0.00398557  -0.0969982  0.210082  0.0338101  -0.00398557  0.0338101  0.153124
0.311847  -0.0969867  -0.0039564  -0.0969867  0.210051  0.0337864  -0.0039564  0.0337864  0.153127
0.311835  -0.0967681  -0.00365039  -0.0967681  0.209694  0.0335422  -0.00365039  0.0335422  0.153191
0.311829  -0.0967409  -0.00363057  -0.0967409  0.20966  0.0335238  -0.00363057  0.0335238  0.153196
0.311824  -0.0965213  -0.00332211  -0.0965213  0.209293  0.0332745  -0.00332211  0.0332745  0.153257
0.311822  -0.0963615  -0.00311511  -0.0963615  0.209031  0.0331022  -0.00311511  0.0331022  0.153297
0.31182  -0.0963509  -0.00308903  -0.0963509  0.209011  0.0330852  -0.00308903  0.0330852  0.153304
0.311819  -0.0961242  -0.00281074  -0.0961242  0.208641  0.0328475  -0.00281074  0.0328475  0.153356
0.311818  -0.0961136  -0.00278471  -0.0961136  0.208621  0.0328306  -0.00278471  0.0328306  0.153363
0.3118  -0.0958783  -0.00248702  -0.0958783  0.208255  0.0325899  -0.00248702  0.0325899  0.15343
0.311789  -0.0957195  -0.00228402  -0.0957195  0.208007  0.0324262  -0.00228402  0.0324262  0.153476
0.311795  -0.0957079  -0.00225496  -0.0957079  0.207976  0.0324031  -0.00225496  0.0324031  0.15348
0.311781  -0.0954774  -0.0019696  -0.0954774  0.207616  0.0321698  -0.0019696  0.0321698  0.153543
0.31178  -0.0954668  -0.00194369  -0.0954668  0.207597  0.032153  -0.00194369  0.032153  0.153551
0.311765  -0.095248  -0.0016411  -0.095248  0.207249  0.0319168  -0.0016411  0.0319168  0.153623
0.311752  -0.0950669  -0.00143101  -0.0950669  0.206974  0.031743  -0.00143101  0.031743  0.153672
0.31175  -0.0950563  -0.00140518  -0.0950563  0.206955  0.0317264  -0.00140518  0.0317264  0.15368
0.311755  -0.0948399  -0.00110843  -0.0948399  0.20659  0.031485  -0.00110843  0.031485  0.153742
0.311749  -0.0948129  -0.00108907  -0.0948129  0.206557  0.0314674  -0.00108907  0.0314674  0.153748
0.311757  -0.0946011  -0.000803995  -0.0946011  0.206197  0.0312323  -0.000803995  0.0312323  0.153806
0.311761  -0.0944621  -0.000604481  -0.0944621  0.20596  0.0310731  -0.000604481  0.0310731  0.153849
0.311767  -0.0944502  -0.000575516  -0.0944502  0.205929  0.0310505  -0.000575516  0.0310505  0.153854
0.311767  -0.0942394  -0.000294254  -0.0942394  0.205583  0.0308235  -0.000294254  0.0308235  0.153917
0.311765  -0.0942288  -0.000268576  -0.0942288  0.205564  0.0308072  -0.000268576  0.0308072  0.153925
0.311769  -0.0940342  1.87504e-05  -0.0940342  0.205232  0.0305823  1.87504e-05  0.0305823  0.153992
0.31177  -0.0938843  0.000243215  -0.0938843  0.204978  0.030409  0.000243215  0.030409  0.154046
0.311772  -0.093856  0.000265673  -0.093856  0.204934  0.0303857  0.000265673  0.0303857  0.154049
0.311771  -0.09364  0.000603505  -0.09364  0.204567  0.0301305  0.000603505  0.0301305  0.154134
0.311769  -0.0936294  0.000629067  -0.0936294  0.204548  0.0301144  0.000629067  0.0301144  0.154142
0.311777  -0.093439  0.00090424  -0.093439  0.204223  0.0298975  0.00090424  0.0298975  0.154207
0.311775  -0.0934284  0.000929763  -0.0934284  0.204204  0.0298815  0.000929763  0.0298815  0.154215
0.311788  -0.0932481  0.00122557  -0.0932481  0.203878  0.0296553  0.00122557  0.0296553  0.154285
0.311786  -0.0932375  0.00125105  -0.0932375  0.20386  0.0296394  0.00125105  0.0296394  0.154293
0.311817  -0.0930532  0.00151041  -0.0930532  0.203521  0.0294219  0.00151041  0.0294219  0.154342
0.311841  -0.0929313  0.00171055  -0.0929313  0.203283  0.0292616  0.00171055  0.0292616  0.154381
0.311839  -0.0929207  0.00173599  -0.0929207  0.203265  0.0292458  0.00173599  0.0292458  0.15439
0.311866  -0.0927536  0.00199826  -0.0927536  0.202952  0.0290367  0.00199826  0.0290367  0.154445
0.311871  -0.0927414  0.00202713  -0.0927414  0.202923  0.0290149  0.00202713  0.0290149  0.15445
0.311881  -0.0925664  0.00230769  -0.0925664  0.202615  0.0288032  0.00230769  0.0288032  0.154522
0.3119  -0.0924394  0.0025185  -0.0924394  0.202376  0.0286399  0.0025185  0.0286399  0.15457
0.311898  -0.0924287  0.00254385  -0.0924287  0.202357  0.0286243  0.00254385  0.0286243  0.154579
0.311911  -0.0922695  0.00283054  -0.0922695  0.202064  0.0284149  0.00283054  0.0284149  0.154654
