0.313268  -0.147859  -0.0711944  -0.147859  0.314401  0.109956  -0.0711944  0.109956  0.170551
0.313268  -0.147859  -0.0711944  -0.147859  0.314401  0.109956  -0.0711944  0.109956  0.170551
0.313274  -0.147883  -0.0711902  -0.147883  0.314433  0.109965  -0.0711902  0.109965  0.170549
0.313274  -0.147883  -0.0711902  -0.147883  0.314433  0.109965  -0.0711902  0.109965  0.170549
0.313274  -0.147883  -0.0711902  -0.147883  0.314433  0.109965  -0.0711902  0.109965  0.170549
0.313288  -0.14789  -0.0711939  -0.14789  0.314421  0.109958  -0.0711939  0.109958  0.170545
0.313295  -0.147899  -0.0712144  -0.147899  0.314435  0.109975  -0.0712144  0.109975  0.170555
0.313295  -0.147899  -0.0712144  -0.147899  0.314435  0.109975  -0.0712144  0.109975  0.170555
0.313295  -0.147899  -0.0712144  -0.147899  0.314435  0.109975  -0.0712144  0.109975  0.170555
0.313303  -0.147898  -0.0711976  -0.147898  0.314409  0.10995  -0.0711976  0.10995  0.170541
0.313303  -0.147898  -0.0711976  -0.147898  0.314409  0.10995  -0.0711976  0.10995  0.170541
0.313303  -0.147898  -0.0711976  -0.147898  0.314409  0.10995  -0.0711976  0.10995  0.170541
0.313318  -0.147906  -0.0712013  -0.147906  0.314397  0.109943  -0.0712013  0.109943  0.170537
0.313318  -0.147906  -0.0712013  -0.147906  0.314397  0.109943  -0.0712013  0.109943  0.170537
0.313318  -0.147906  -0.0712013  -0.147906  0.314397  0.109943  -0.0712013  0.109943  0.170537
0.313318  -0.147906  -0.0712013  -0.147906  0.314397  0.109943  -0.0712013  0.109943  0.170537
0.313339  -0.147937  -0.0712008  -0.147937  0.314417  0.109944  -0.0712008  0.109944  0.170532
0.313339  -0.147937  -0.0712008  -0.147937  0.314417  0.109944  -0.0712008  0.109944  0.170532
0.313339  -0.147937  -0.0712008  -0.147937  0.314417  0.109944  -0.0712008  0.109944  0.170532
0.313345  -0.147946  -0.0712214  -0.147946  0.314431  0.109962  -0.0712214  0.109962  0.170542
0.313345  -0.147946  -0.0712214  -0.147946  0.314431  0.109962  -0.0712214  0.109962  0.170542
0.313345  -0.14796  -0.0711966  -0.14796  0.314449  0.109953  -0.0711966  0.109953  0.170531
0.313345  -0.14796  -0.0711966  -0.14796  0.314449  0.109953  -0.0711966  0.109953  0.170531
0.313345  -0.14796  -0.0711966  -0.14796  0.314449  0.109953  -0.0711966  0.109953  0.170531
0.31333  -0.147953  -0.0711929  -0.147953  0.314461  0.109961  -0.0711929  0.109961  0.170535
0.31333  -0.147953  -0.0711929  -0.147953  0.314461  0.109961  -0.0711929  0.109961  0.170535
0.31333  -0.147953  -0.0711929  -0.147953  0.314461  0.109961  -0.0711929  0.109961  0.170535
0.31333  -0.147953  -0.0711929  -0.147953  0.314461  0.109961  -0.0711929  0.109961  0.170535
0.31333  -0.147953  -0.0711929  -0.147953  0.314461  0.109961  -0.0711929  0.109961  0.170535
0.31333  -0.147953  -0.0711929  -0.147953  0.314461  0.109961  -0.0711929  0.109961  0.170535
0.313336  -0.147961  -0.0712134  -0.147961  0.314475  0.109978  -0.0712134  0.109978  0.170545
0.313336  -0.147961  -0.0712134  -0.147961  0.314475  0.109978  -0.0712134  0.109978  0.170545
0.313336  -0.147961  -0.0712134  -0.147961  0.314475  0.109978  -0.0712134  0.109978  0.170545
0.313342  -0.147985  -0.0712092  -0.147985  0.314507  0.109987  -0.0712092  0.109987  0.170543
0.313342  -0.147985  -0.0712092  -0.147985  0.314507  0.109987  -0.0712092  0.109987  0.170543
0.313327  -0.147977  -0.0712055  -0.147977  0.314519  0.109994  -0.0712055  0.109994  0.170547
0.313327  -0.147977  -0.0712055  -0.147977  0.314519  0.109994  -0.0712055  0.109994  0.170547
0.313334  -0.147986  -0.071226  -0.147986  0.314533  0.110012  -0.071226  0.110012  0.170557
0.313334  -0.147986  -0.071226  -0.147986  0.314533  0.110012  -0.071226  0.110012  0.170557
0.313334  -0.147986  -0.071226  -0.147986  0.314533  0.110012  -0.071226  0.110012  0.170557
0.313334  -0.147986  -0.071226  -0.147986  0.314533  0.110012  -0.071226  0.110012  0.170557
0.313334  -0.147986  -0.071226  -0.147986  0.314533  0.110012  -0.071226  0.110012  0.170557
0.313319  -0.147978  -0.0712223  -0.147978  0.314545  0.110019  -0.0712223  0.110019  0.170561
0.313319  -0.147978  -0.0712223  -0.147978  0.314545  0.110019  -0.0712223  0.110019  0.170561
0.313325  -0.148001  -0.0712181  -0.148001  0.314577  0.110028  -0.0712181  0.110028  0.17056
0.313325  -0.148001  -0.0712181  -0.148001  0.314577  0.110028  -0.0712181  0.110028  0.17056
0.313325  -0.148001  -0.0712181  -0.148001  0.314577  0.110028  -0.0712181  0.110028  0.17056
0.313318  -0.147993  -0.0711975  -0.147993  0.314563  0.110011  -0.0711975  0.110011  0.17055
0.313318  -0.147993  -0.0711975  -0.147993  0.314563  0.110011  -0.0711975  0.110011  0.17055
0.313325  -0.148001  -0.0712181  -0.148001  0.314577  0.110028  -0.0712181  0.110028  0.17056
0.313325  -0.148001  -0.0712181  -0.148001  0.314577  0.110028  -0.0712181  0.110028  0.17056
0.313325  -0.148001  -0.0712181  -0.148001  0.314577  0.110028  -0.0712181  0.110028  0.17056
0.313325  -0.148001  -0.0712181  -0.148001  0.314577  0.110028  -0.0712181  0.110028  0.17056
0.313325  -0.148001  -0.0712181  -0.148001  0.314577  0.110028  -0.0712181  0.110028  0.17056
0.313325  -0.148001  -0.0712181  -0.148001  0.314577  0.110028  -0.0712181  0.110028  0.17056
0.313325  -0.148001  -0.0712181  -0.148001  0.314577  0.110028  -0.0712181  0.110028  0.17056
0.313318  -0.147993  -0.0711975  -0.147993  0.314563  0.110011  -0.0711975  0.110011  0.17055
0.313318  -0.147993  -0.0711975  -0.147993  0.314563  0.110011  -0.0711975  0.110011  0.17055
0.313318  -0.147993  -0.0711975  -0.147993  0.314563  0.110011  -0.0711975  0.110011  0.17055
0.313318  -0.147993  -0.0711975  -0.147993  0.314563  0.110011  -0.0711975  0.110011  0.17055
0.313303  -0.147985  -0.0711938  -0.147985  0.314575  0.110018  -0.0711938  0.110018  0.170554
0.313303  -0.147985  -0.0711938  -0.147985  0.314575  0.110018  -0.0711938  0.110018  0.170554
0.313309  -0.148008  -0.0711896  -0.148008  0.314607  0.110027  -0.0711896  0.110027  0.170552
0.313309  -0.148008  -0.0711896  -0.148008  0.314607  0.110027  -0.0711896  0.110027  0.170552
0.313309  -0.148008  -0.0711896  -0.148008  0.314607  0.110027  -0.0711896  0.110027  0.170552
0.313309  -0.148008  -0.0711896  -0.148008  0.314607  0.110027  -0.0711896  0.110027  0.170552
0.313315  -0.148032  -0.0711854  -0.148032  0.314639  0.110036  -0.0711854  0.110036  0.170551
0.313315  -0.148032  -0.0711854  -0.148032  0.314639  0.110036  -0.0711854  0.110036  0.170551
0.313315  -0.148032  -0.0711854  -0.148032  0.314639  0.110036  -0.0711854  0.110036  0.170551
0.313315  -0.148032  -0.0711854  -0.148032  0.314639  0.110036  -0.0711854  0.110036  0.170551
0.313315  -0.148032  -0.0711854  -0.148032  0.314639  0.110036  -0.0711854  0.110036  0.170551
0.313336  -0.148063  -0.0711849  -0.148063  0.314659  0.110037  -0.0711849  0.110037  0.170546
0.313336  -0.148063  -0.0711849  -0.148063  0.314659  0.110037  -0.0711849  0.110037  0.170546
0.313336  -0.148063  -0.0711849  -0.148063  0.314659  0.110037  -0.0711849  0.110037  0.170546
0.313336  -0.148063  -0.0711849  -0.148063  0.314659  0.110037  -0.0711849  0.110037  0.170546
0.31333  -0.148054  -0.0711644  -0.148054  0.314645  0.11002  -0.0711644  0.11002  0.170536
0.31333  -0.148054  -0.0711644  -0.148054  0.314645  0.11002  -0.0711644  0.11002  0.170536
0.31333  -0.148054  -0.0711644  -0.148054  0.314645  0.11002  -0.0711644  0.11002  0.170536
0.31333  -0.148054  -0.0711644  -0.148054  0.314645  0.11002  -0.0711644  0.11002  0.170536
0.313336  -0.148077  -0.0711601  -0.148077  0.314677  0.110029  -0.0711601  0.110029  0.170534
0.313336  -0.148077  -0.0711601  -0.148077  0.314677  0.110029  -0.0711601  0.110029  0.170534
0.313336  -0.148077  -0.0711601  -0.148077  0.314677  0.110029  -0.0711601  0.110029  0.170534
0.313336  -0.148077  -0.0711601  -0.148077  0.314677  0.110029  -0.0711601  0.110029  0.170534
0.313327  -0.148078  -0.0711769  -0.148078  0.314703  0.110054  -0.0711769  0.110054  0.170548
0.313333  -0.148102  -0.0711727  -0.148102  0.314736  0.110062  -0.0711727  0.110062  0.170547
0.313333  -0.148102  -0.0711727  -0.148102  0.314736  0.110062  -0.0711727  0.110062  0.170547
0.313339  -0.148125  -0.0711685  -0.148125  0.314768  0.110071  -0.0711685  0.110071  0.170545
0.313339  -0.148125  -0.0711685  -0.148125  0.314768  0.110071  -0.0711685  0.110071  0.170545
0.313345  -0.148134  -0.071189  -0.148134  0.314782  0.110089  -0.071189  0.110089  0.170555
0.313345  -0.148134  -0.071189  -0.148134  0.314782  0.110089  -0.071189  0.110089  0.170555
0.313339  -0.148125  -0.0711685  -0.148125  0.314768  0.110071  -0.0711685  0.110071  0.170545
0.313339  -0.148125  -0.0711685  -0.148125  0.314768  0.110071  -0.0711685  0.110071  0.170545
0.313339  -0.148125  -0.0711685  -0.148125  0.314768  0.110071  -0.0711685  0.110071  0.170545
0.313345  -0.148149  -0.0711643  -0.148149  0.3148  0.11008  -0.0711643  0.11008  0.170544
0.313345  -0.148149  -0.0711643  -0.148149  0.3148  0.11008  -0.0711643  0.11008  0.170544
0.313345  -0.148149  -0.0711643  -0.148149  0.3148  0.11008  -0.0711643  0.11008  0.170544
0.313345  -0.148149  -0.0711643  -0.148149  0.3148  0.11008  -0.0711643  0.11008  0.170544
0.31336  -0.148156  -0.071168  -0.148156  0.314788  0.110073  -0.071168  0.110073  0.17054
0.313365  -0.14818  -0.0711638  -0.14818  0.31482  0.110082  -0.0711638  0.110082  0.170539
0.313365  -0.14818  -0.0711638  -0.14818  0.31482  0.110082  -0.0711638  0.110082  0.170539
0.313365  -0.14818  -0.0711638  -0.14818  0.31482  0.110082  -0.0711638  0.110082  0.170539
0.313365  -0.14818  -0.0711638  -0.14818  0.31482  0.110082  -0.0711638  0.110082  0.170539
0.313365  -0.14818  -0.0711638  -0.14818  0.31482  0.110082  -0.0711638  0.110082  0.170539
0.313371  -0.148203  -0.0711596  -0.148203  0.314852  0.110091  -0.0711596  0.110091  0.170537
0.313371  -0.148203  -0.0711596  -0.148203  0.314852  0.110091  -0.0711596  0.110091  0.170537
0.313365  -0.148195  -0.071139  -0.148195  0.314838  0.110073  -0.071139  0.110073  0.170527
0.313365  -0.148195  -0.071139  -0.148195  0.314838  0.110073  -0.071139  0.110073  0.170527
0.313365  -0.148195  -0.071139  -0.148195  0.314838  0.110073  -0.071139  0.110073  0.170527
0.313365  -0.148195  -0.071139  -0.148195  0.314838  0.110073  -0.071139  0.110073  0.170527
0.31338  -0.148202  -0.0711428  -0.148202  0.314826  0.110066  -0.0711428  0.110066  0.170523
0.31338  -0.148202  -0.0711428  -0.148202  0.314826  0.110066  -0.0711428  0.110066  0.170523
0.313374  -0.148193  -0.0711222  -0.148193  0.314812  0.110048  -0.0711222  0.110048  0.170513
0.313374  -0.148193  -0.0711222  -0.148193  0.314812  0.110048  -0.0711222  0.110048  0.170513
0.313374  -0.148193  -0.0711222  -0.148193  0.314812  0.110048  -0.0711222  0.110048  0.170513
0.313374  -0.148193  -0.0711222  -0.148193  0.314812  0.110048  -0.0711222  0.110048  0.170513
0.313374  -0.148193  -0.0711222  -0.148193  0.314812  0.110048  -0.0711222  0.110048  0.170513
0.313374  -0.148193  -0.0711222  -0.148193  0.314812  0.110048  -0.0711222  0.110048  0.170513
0.313374  -0.148193  -0.0711222  -0.148193  0.314812  0.110048  -0.0711222  0.110048  0.170513
0.313379  -0.148217  -0.071118  -0.148217  0.314844  0.110057  -0.071118  0.110057  0.170512
0.313379  -0.148217  -0.071118  -0.148217  0.314844  0.110057  -0.071118  0.110057  0.170512
0.313379  -0.148217  -0.071118  -0.148217  0.314844  0.110057  -0.071118  0.110057  0.170512
0.313379  -0.148217  -0.071118  -0.148217  0.314844  0.110057  -0.071118  0.110057  0.170512
0.313385  -0.14824  -0.0711138  -0.14824  0.314876  0.110066  -0.0711138  0.110066  0.17051
0.313385  -0.14824  -0.0711138  -0.14824  0.314876  0.110066  -0.0711138  0.110066  0.17051
0.3134  -0.148248  -0.0711175  -0.148248  0.314864  0.110059  -0.0711175  0.110059  0.170506
0.3134  -0.148248  -0.0711175  -0.148248  0.314864  0.110059  -0.0711175  0.110059  0.170506
0.313406  -0.148272  -0.0711133  -0.148272  0.314896  0.110067  -0.0711133  0.110067  0.170505
0.313406  -0.148272  -0.0711133  -0.148272  0.314896  0.110067  -0.0711133  0.110067  0.170505
0.313406  -0.148272  -0.0711133  -0.148272  0.314896  0.110067  -0.0711133  0.110067  0.170505
0.313418  -0.148304  -0.0711296  -0.148304  0.314942  0.110094  -0.0711296  0.110094  0.170514
0.313418  -0.148304  -0.0711296  -0.148304  0.314942  0.110094  -0.0711296  0.110094  0.170514
0.313418  -0.148304  -0.0711296  -0.148304  0.314942  0.110094  -0.0711296  0.110094  0.170514
0.313418  -0.148304  -0.0711296  -0.148304  0.314942  0.110094  -0.0711296  0.110094  0.170514
0.313424  -0.148327  -0.0711254  -0.148327  0.314975  0.110103  -0.0711254  0.110103  0.170512
0.313424  -0.148327  -0.0711254  -0.148327  0.314975  0.110103  -0.0711254  0.110103  0.170512
0.313424  -0.148327  -0.0711254  -0.148327  0.314975  0.110103  -0.0711254  0.110103  0.170512
0.313424  -0.148327  -0.0711254  -0.148327  0.314975  0.110103  -0.0711254  0.110103  0.170512
0.313424  -0.148327  -0.0711254  -0.148327  0.314975  0.110103  -0.0711254  0.110103  0.170512
0.313424  -0.148327  -0.0711254  -0.148327  0.314975  0.110103  -0.0711254  0.110103  0.170512
0.31343  -0.148351  -0.0711211  -0.148351  0.315007  0.110112  -0.0711211  0.110112  0.170511
0.31343  -0.148351  -0.0711211  -0.148351  0.315007  0.110112  -0.0711211  0.110112  0.170511
0.31343  -0.148351  -0.0711211  -0.148351  0.315007  0.110112  -0.0711211  0.110112  0.170511
0.31343  -0.148351  -0.0711211  -0.148351  0.315007  0.110112  -0.0711211  0.110112  0.170511
0.31343  -0.148351  -0.0711211  -0.148351  0.315007  0.110112  -0.0711211  0.110112  0.170511
0.31343  -0.148351  -0.0711211  -0.148351  0.315007  0.110112  -0.0711211  0.110112  0.170511
0.31343  -0.148351  -0.0711211  -0.148351  0.315007  0.110112  -0.0711211  0.110112  0.170511
0.313436  -0.148374  -0.0711169  -0.148374  0.315039  0.110121  -0.0711169  0.110121  0.170509
0.313436  -0.148374  -0.0711169  -0.148374  0.315039  0.110121  -0.0711169  0.110121  0.170509
0.313436  -0.148374  -0.0711169  -0.148374  0.315039  0.110121  -0.0711169  0.110121  0.170509
0.313436  -0.148374  -0.0711169  -0.148374  0.315039  0.110121  -0.0711169  0.110121  0.170509
0.31343  -0.148365  -0.0710964  -0.148365  0.315025  0.110103  -0.0710964  0.110103  0.170499
0.31343  -0.148365  -0.0710964  -0.148365  0.315025  0.110103  -0.0710964  0.110103  0.170499
0.31343  -0.148365  -0.0710964  -0.148365  0.315025  0.110103  -0.0710964  0.110103  0.170499
0.31343  -0.148365  -0.0710964  -0.148365  0.315025  0.110103  -0.0710964  0.110103  0.170499
0.313436  -0.148389  -0.0710921  -0.148389  0.315057  0.110112  -0.0710921  0.110112  0.170498
0.313436  -0.148389  -0.0710921  -0.148389  0.315057  0.110112  -0.0710921  0.110112  0.170498
0.313436  -0.148389  -0.0710921  -0.148389  0.315057  0.110112  -0.0710921  0.110112  0.170498
0.313451  -0.148397  -0.0710959  -0.148397  0.315045  0.110104  -0.0710959  0.110104  0.170494
0.313451  -0.148397  -0.0710959  -0.148397  0.315045  0.110104  -0.0710959  0.110104  0.170494
0.313451  -0.148397  -0.0710959  -0.148397  0.315045  0.110104  -0.0710959  0.110104  0.170494
0.313456  -0.14842  -0.0710916  -0.14842  0.315077  0.110113  -0.0710916  0.110113  0.170492
0.313456  -0.14842  -0.0710916  -0.14842  0.315077  0.110113  -0.0710916  0.110113  0.170492
0.313456  -0.14842  -0.0710916  -0.14842  0.315077  0.110113  -0.0710916  0.110113  0.170492
0.313456  -0.14842  -0.0710916  -0.14842  0.315077  0.110113  -0.0710916  0.110113  0.170492
0.313462  -0.148443  -0.0710874  -0.148443  0.31511  0.110122  -0.0710874  0.110122  0.170491
0.313462  -0.148443  -0.0710874  -0.148443  0.31511  0.110122  -0.0710874  0.110122  0.170491
0.313462  -0.148443  -0.0710874  -0.148443  0.31511  0.110122  -0.0710874  0.110122  0.170491
0.313462  -0.148443  -0.0710874  -0.148443  0.31511  0.110122  -0.0710874  0.110122  0.170491
0.313468  -0.148467  -0.0710832  -0.148467  0.315142  0.110131  -0.0710832  0.110131  0.17049
0.313468  -0.148467  -0.0710832  -0.148467  0.315142  0.110131  -0.0710832  0.110131  0.17049
0.313468  -0.148467  -0.0710832  -0.148467  0.315142  0.110131  -0.0710832  0.110131  0.17049
0.313474  -0.14849  -0.0710789  -0.14849  0.315174  0.11014  -0.0710789  0.11014  0.170488
0.313474  -0.14849  -0.0710789  -0.14849  0.315174  0.11014  -0.0710789  0.11014  0.170488
0.313474  -0.14849  -0.0710789  -0.14849  0.315174  0.11014  -0.0710789  0.11014  0.170488
0.31348  -0.148514  -0.0710747  -0.148514  0.315206  0.110149  -0.0710747  0.110149  0.170487
0.31348  -0.148514  -0.0710747  -0.148514  0.315206  0.110149  -0.0710747  0.110149  0.170487
0.31348  -0.148514  -0.0710747  -0.148514  0.315206  0.110149  -0.0710747  0.110149  0.170487
0.31348  -0.148514  -0.0710747  -0.148514  0.315206  0.110149  -0.0710747  0.110149  0.170487
0.313486  -0.148537  -0.0710705  -0.148537  0.315239  0.110158  -0.0710705  0.110158  0.170485
0.313486  -0.148537  -0.0710705  -0.148537  0.315239  0.110158  -0.0710705  0.110158  0.170485
0.313492  -0.148561  -0.0710662  -0.148561  0.315271  0.110167  -0.0710662  0.110167  0.170484
0.313498  -0.14857  -0.0710868  -0.14857  0.315285  0.110184  -0.0710868  0.110184  0.170494
0.313498  -0.14857  -0.0710868  -0.14857  0.315285  0.110184  -0.0710868  0.110184  0.170494
0.313498  -0.14857  -0.0710868  -0.14857  0.315285  0.110184  -0.0710868  0.110184  0.170494
0.313504  -0.148593  -0.0710826  -0.148593  0.315317  0.110193  -0.0710826  0.110193  0.170493
0.313504  -0.148593  -0.0710826  -0.148593  0.315317  0.110193  -0.0710826  0.110193  0.170493
0.313504  -0.148593  -0.0710826  -0.148593  0.315317  0.110193  -0.0710826  0.110193  0.170493
0.31351  -0.148617  -0.0710783  -0.148617  0.31535  0.110202  -0.0710783  0.110202  0.170491
0.31351  -0.148617  -0.0710783  -0.148617  0.31535  0.110202  -0.0710783  0.110202  0.170491
0.31351  -0.148617  -0.0710783  -0.148617  0.31535  0.110202  -0.0710783  0.110202  0.170491
0.313501  -0.148632  -0.0710704  -0.148632  0.315394  0.110218  -0.0710704  0.110218  0.170494
0.313501  -0.148632  -0.0710704  -0.148632  0.315394  0.110218  -0.0710704  0.110218  0.170494
0.313501  -0.148632  -0.0710704  -0.148632  0.315394  0.110218  -0.0710704  0.110218  0.170494
0.313507  -0.148656  -0.0710661  -0.148656  0.315426  0.110227  -0.0710661  0.110227  0.170493
0.313507  -0.148656  -0.0710661  -0.148656  0.315426  0.110227  -0.0710661  0.110227  0.170493
0.313507  -0.148656  -0.0710661  -0.148656  0.315426  0.110227  -0.0710661  0.110227  0.170493
0.313513  -0.148679  -0.0710619  -0.148679  0.315459  0.110236  -0.0710619  0.110236  0.170491
0.313513  -0.148679  -0.0710619  -0.148679  0.315459  0.110236  -0.0710619  0.110236  0.170491
0.313519  -0.148703  -0.0710576  -0.148703  0.315491  0.110245  -0.0710576  0.110245  0.17049
0.313519  -0.148703  -0.0710576  -0.148703  0.315491  0.110245  -0.0710576  0.110245  0.17049
0.313525  -0.148712  -0.0710782  -0.148712  0.315505  0.110263  -0.0710782  0.110263  0.1705
0.313525  -0.148712  -0.0710782  -0.148712  0.315505  0.110263  -0.0710782  0.110263  0.1705
0.313531  -0.148735  -0.071074  -0.148735  0.315537  0.110272  -0.071074  0.110272  0.170498
0.313531  -0.148735  -0.071074  -0.148735  0.315537  0.110272  -0.071074  0.110272  0.170498
0.313537  -0.148759  -0.0710697  -0.148759  0.31557  0.11028  -0.0710697  0.11028  0.170497
0.313537  -0.148759  -0.0710697  -0.148759  0.31557  0.11028  -0.0710697  0.11028  0.170497
0.313537  -0.148759  -0.0710697  -0.148759  0.31557  0.11028  -0.0710697  0.11028  0.170497
0.313552  -0.148767  -0.0710735  -0.148767  0.315558  0.110273  -0.0710735  0.110273  0.170493
0.313552  -0.148767  -0.0710735  -0.148767  0.315558  0.110273  -0.0710735  0.110273  0.170493
0.313558  -0.14879  -0.0710692  -0.14879  0.31559  0.110282  -0.0710692  0.110282  0.170492
0.313552  -0.148781  -0.0710487  -0.148781  0.315576  0.110264  -0.0710487  0.110264  0.170482
0.313552  -0.148781  -0.0710487  -0.148781  0.315576  0.110264  -0.0710487  0.110264  0.170482
0.313552  -0.148781  -0.0710487  -0.148781  0.315576  0.110264  -0.0710487  0.110264  0.170482
0.313558  -0.148805  -0.0710444  -0.148805  0.315608  0.110273  -0.0710444  0.110273  0.17048
0.313558  -0.148805  -0.0710444  -0.148805  0.315608  0.110273  -0.0710444  0.110273  0.17048
0.313558  -0.148805  -0.0710444  -0.148805  0.315608  0.110273  -0.0710444  0.110273  0.17048
0.313558  -0.148805  -0.0710444  -0.148805  0.315608  0.110273  -0.0710444  0.110273  0.17048
0.313558  -0.148805  -0.0710444  -0.148805  0.315608  0.110273  -0.0710444  0.110273  0.17048
0.313564  -0.148814  -0.071065  -0.148814  0.315622  0.110291  -0.071065  0.110291  0.17049
0.313564  -0.148814  -0.071065  -0.148814  0.315622  0.110291  -0.071065  0.110291  0.17049
0.31357  -0.148837  -0.0710608  -0.148837  0.315655  0.1103  -0.0710608  0.1103  0.170489
0.31357  -0.148837  -0.0710608  -0.148837  0.315655  0.1103  -0.0710608  0.1103  0.170489
0.31357  -0.148837  -0.0710608  -0.148837  0.315655  0.1103  -0.0710608  0.1103  0.170489
0.313563  -0.148828  -0.0710402  -0.148828  0.315641  0.110282  -0.0710402  0.110282  0.170479
0.313563  -0.148828  -0.0710402  -0.148828  0.315641  0.110282  -0.0710402  0.110282  0.170479
0.313563  -0.148828  -0.0710402  -0.148828  0.315641  0.110282  -0.0710402  0.110282  0.170479
0.313563  -0.148828  -0.0710402  -0.148828  0.315641  0.110282  -0.0710402  0.110282  0.170479
0.313563  -0.148828  -0.0710402  -0.148828  0.315641  0.110282  -0.0710402  0.110282  0.170479
0.313563  -0.148828  -0.0710402  -0.148828  0.315641  0.110282  -0.0710402  0.110282  0.170479
0.313578  -0.148836  -0.0710439  -0.148836  0.315629  0.110275  -0.0710439  0.110275  0.170475
0.313585  -0.148845  -0.0710645  -0.148845  0.315643  0.110292  -0.0710645  0.110292  0.170485
0.313585  -0.148845  -0.0710645  -0.148845  0.315643  0.110292  -0.0710645  0.110292  0.170485
0.313585  -0.148845  -0.0710645  -0.148845  0.315643  0.110292  -0.0710645  0.110292  0.170485
0.313585  -0.148845  -0.0710645  -0.148845  0.315643  0.110292  -0.0710645  0.110292  0.170485
0.313585  -0.148845  -0.0710645  -0.148845  0.315643  0.110292  -0.0710645  0.110292  0.170485
0.313578  -0.148836  -0.0710439  -0.148836  0.315629  0.110275  -0.0710439  0.110275  0.170475
0.313578  -0.148836  -0.0710439  -0.148836  0.315629  0.110275  -0.0710439  0.110275  0.170475
0.313578  -0.148836  -0.0710439  -0.148836  0.315629  0.110275  -0.0710439  0.110275  0.170475
0.313578  -0.148836  -0.0710439  -0.148836  0.315629  0.110275  -0.0710439  0.110275  0.170475
0.313578  -0.148836  -0.0710439  -0.148836  0.315629  0.110275  -0.0710439  0.110275  0.170475
0.313578  -0.148836  -0.0710439  -0.148836  0.315629  0.110275  -0.0710439  0.110275  0.170475
0.313578  -0.148836  -0.0710439  -0.148836  0.315629  0.110275  -0.0710439  0.110275  0.170475
0.31357  -0.148837  -0.0710608  -0.148837  0.315655  0.1103  -0.0710608  0.1103  0.170489
0.31357  -0.148837  -0.0710608  -0.148837  0.315655  0.1103  -0.0710608  0.1103  0.170489
0.31357  -0.148837  -0.0710608  -0.148837  0.315655  0.1103  -0.0710608  0.1103  0.170489
0.31357  -0.148837  -0.0710608  -0.148837  0.315655  0.1103  -0.0710608  0.1103  0.170489
0.31357  -0.148837  -0.0710608  -0.148837  0.315655  0.1103  -0.0710608  0.1103  0.170489
0.31357  -0.148837  -0.0710608  -0.148837  0.315655  0.1103  -0.0710608  0.1103  0.170489
0.313563  -0.148828  -0.0710402  -0.148828  0.315641  0.110282  -0.0710402  0.110282  0.170479
0.313563  -0.148828  -0.0710402  -0.148828  0.315641  0.110282  -0.0710402  0.110282  0.170479
0.313563  -0.148828  -0.0710402  -0.148828  0.315641  0.110282  -0.0710402  0.110282  0.170479
0.313563  -0.148828  -0.0710402  -0.148828  0.315641  0.110282  -0.0710402  0.110282  0.170479
0.313563  -0.148828  -0.0710402  -0.148828  0.315641  0.110282  -0.0710402  0.110282  0.170479
0.313569  -0.148852  -0.0710359  -0.148852  0.315673  0.110291  -0.0710359  0.110291  0.170477
0.313569  -0.148852  -0.0710359  -0.148852  0.315673  0.110291  -0.0710359  0.110291  0.170477
0.313569  -0.148852  -0.0710359  -0.148852  0.315673  0.110291  -0.0710359  0.110291  0.170477
0.313569  -0.148852  -0.0710359  -0.148852  0.315673  0.110291  -0.0710359  0.110291  0.170477
0.313569  -0.148852  -0.0710359  -0.148852  0.315673  0.110291  -0.0710359  0.110291  0.170477
0.313569  -0.148852  -0.0710359  -0.148852  0.315673  0.110291  -0.0710359  0.110291  0.170477
0.313584  -0.14886  -0.0710397  -0.14886  0.315661  0.110284  -0.0710397  0.110284  0.170473
0.313584  -0.14886  -0.0710397  -0.14886  0.315661  0.110284  -0.0710397  0.110284  0.170473
0.313584  -0.14886  -0.0710397  -0.14886  0.315661  0.110284  -0.0710397  0.110284  0.170473
0.31359  -0.148883  -0.0710354  -0.148883  0.315693  0.110293  -0.0710354  0.110293  0.170472
0.31359  -0.148883  -0.0710354  -0.148883  0.315693  0.110293  -0.0710354  0.110293  0.170472
0.31359  -0.148883  -0.0710354  -0.148883  0.315693  0.110293  -0.0710354  0.110293  0.170472
0.31359  -0.148883  -0.0710354  -0.148883  0.315693  0.110293  -0.0710354  0.110293  0.170472
0.31359  -0.148883  -0.0710354  -0.148883  0.315693  0.110293  -0.0710354  0.110293  0.170472
0.31359  -0.148883  -0.0710354  -0.148883  0.315693  0.110293  -0.0710354  0.110293  0.170472
0.31359  -0.148883  -0.0710354  -0.148883  0.315693  0.110293  -0.0710354  0.110293  0.170472
0.31359  -0.148883  -0.0710354  -0.148883  0.315693  0.110293  -0.0710354  0.110293  0.170472
0.313611  -0.148915  -0.0710349  -0.148915  0.315714  0.110294  -0.0710349  0.110294  0.170467
0.313611  -0.148915  -0.0710349  -0.148915  0.315714  0.110294  -0.0710349  0.110294  0.170467
0.313611  -0.148915  -0.0710349  -0.148915  0.315714  0.110294  -0.0710349  0.110294  0.170467
0.313611  -0.148915  -0.0710349  -0.148915  0.315714  0.110294  -0.0710349  0.110294  0.170467
0.313611  -0.148915  -0.0710349  -0.148915  0.315714  0.110294  -0.0710349  0.110294  0.170467
0.313611  -0.148915  -0.0710349  -0.148915  0.315714  0.110294  -0.0710349  0.110294  0.170467
0.313626  -0.148922  -0.0710387  -0.148922  0.315702  0.110287  -0.0710387  0.110287  0.170463
0.313626  -0.148922  -0.0710387  -0.148922  0.315702  0.110287  -0.0710387  0.110287  0.170463
0.313626  -0.148922  -0.0710387  -0.148922  0.315702  0.110287  -0.0710387  0.110287  0.170463
0.313626  -0.148922  -0.0710387  -0.148922  0.315702  0.110287  -0.0710387  0.110287  0.170463
0.313626  -0.148922  -0.0710387  -0.148922  0.315702  0.110287  -0.0710387  0.110287  0.170463
0.313626  -0.148922  -0.0710387  -0.148922  0.315702  0.110287  -0.0710387  0.110287  0.170463
0.313626  -0.148922  -0.0710387  -0.148922  0.315702  0.110287  -0.0710387  0.110287  0.170463
0.313626  -0.148922  -0.0710387  -0.148922  0.315702  0.110287  -0.0710387  0.110287  0.170463
0.313626  -0.148922  -0.0710387  -0.148922  0.315702  0.110287  -0.0710387  0.110287  0.170463
0.313626  -0.148922  -0.0710387  -0.148922  0.315702  0.110287  -0.0710387  0.110287  0.170463
0.313626  -0.148922  -0.0710387  -0.148922  0.315702  0.110287  -0.0710387  0.110287  0.170463
0.313626  -0.148922  -0.0710387  -0.148922  0.315702  0.110287  -0.0710387  0.110287  0.170463
0.313626  -0.148922  -0.0710387  -0.148922  0.315702  0.110287  -0.0710387  0.110287  0.170463
0.313626  -0.148922  -0.0710387  -0.148922  0.315702  0.110287  -0.0710387  0.110287  0.170463
0.313626  -0.148922  -0.0710387  -0.148922  0.315702  0.110287  -0.0710387  0.110287  0.170463
0.313626  -0.148922  -0.0710387  -0.148922  0.315702  0.110287  -0.0710387  0.110287  0.170463
0.313632  -0.148946  -0.0710344  -0.148946  0.315734  0.110296  -0.0710344  0.110296  0.170461
0.313632  -0.148946  -0.0710344  -0.148946  0.315734  0.110296  -0.0710344  0.110296  0.170461
0.313632  -0.148946  -0.0710344  -0.148946  0.315734  0.110296  -0.0710344  0.110296  0.170461
0.313632  -0.148946  -0.0710344  -0.148946  0.315734  0.110296  -0.0710344  0.110296  0.170461
0.313626  -0.148937  -0.0710139  -0.148937  0.31572  0.110278  -0.0710139  0.110278  0.170451
0.313626  -0.148937  -0.0710139  -0.148937  0.31572  0.110278  -0.0710139  0.110278  0.170451
0.313626  -0.148937  -0.0710139  -0.148937  0.31572  0.110278  -0.0710139  0.110278  0.170451
0.313626  -0.148937  -0.0710139  -0.148937  0.31572  0.110278  -0.0710139  0.110278  0.170451
0.313626  -0.148937  -0.0710139  -0.148937  0.31572  0.110278  -0.0710139  0.110278  0.170451
0.313626  -0.148937  -0.0710139  -0.148937  0.31572  0.110278  -0.0710139  0.110278  0.170451
0.313626  -0.148937  -0.0710139  -0.148937  0.31572  0.110278  -0.0710139  0.110278  0.170451
0.313632  -0.148961  -0.0710096  -0.148961  0.315752  0.110287  -0.0710096  0.110287  0.17045
0.313632  -0.148961  -0.0710096  -0.148961  0.315752  0.110287  -0.0710096  0.110287  0.17045
0.313632  -0.148961  -0.0710096  -0.148961  0.315752  0.110287  -0.0710096  0.110287  0.17045
0.313631  -0.148975  -0.0709848  -0.148975  0.315771  0.110278  -0.0709848  0.110278  0.170438
0.313631  -0.148975  -0.0709848  -0.148975  0.315771  0.110278  -0.0709848  0.110278  0.170438
0.313631  -0.148975  -0.0709848  -0.148975  0.315771  0.110278  -0.0709848  0.110278  0.170438
0.313631  -0.148975  -0.0709848  -0.148975  0.315771  0.110278  -0.0709848  0.110278  0.170438
0.313622  -0.148991  -0.0709768  -0.148991  0.315815  0.110294  -0.0709768  0.110294  0.170441
0.313622  -0.148991  -0.0709768  -0.148991  0.315815  0.110294  -0.0709768  0.110294  0.170441
0.313622  -0.148991  -0.0709768  -0.148991  0.315815  0.110294  -0.0709768  0.110294  0.170441
0.313628  -0.149015  -0.0709726  -0.149015  0.315848  0.110303  -0.0709726  0.110303  0.17044
0.313628  -0.149015  -0.0709726  -0.149015  0.315848  0.110303  -0.0709726  0.110303  0.17044
0.313634  -0.149038  -0.0709683  -0.149038  0.31588  0.110312  -0.0709683  0.110312  0.170438
0.313634  -0.149038  -0.0709683  -0.149038  0.31588  0.110312  -0.0709683  0.110312  0.170438
0.313634  -0.149053  -0.0709435  -0.149053  0.315899  0.110303  -0.0709435  0.110303  0.170427
0.313634  -0.149053  -0.0709435  -0.149053  0.315899  0.110303  -0.0709435  0.110303  0.170427
0.313634  -0.149053  -0.0709435  -0.149053  0.315899  0.110303  -0.0709435  0.110303  0.170427
0.313625  -0.149069  -0.0709355  -0.149069  0.315943  0.11032  -0.0709355  0.11032  0.170429
0.313625  -0.149069  -0.0709355  -0.149069  0.315943  0.11032  -0.0709355  0.11032  0.170429
0.313624  -0.149083  -0.0709107  -0.149083  0.315962  0.110311  -0.0709107  0.110311  0.170418
0.313624  -0.149083  -0.0709107  -0.149083  0.315962  0.110311  -0.0709107  0.110311  0.170418
0.31363  -0.149107  -0.0709064  -0.149107  0.315994  0.11032  -0.0709064  0.11032  0.170417
0.31363  -0.149107  -0.0709064  -0.149107  0.315994  0.11032  -0.0709064  0.11032  0.170417
0.313636  -0.149145  -0.0708773  -0.149145  0.316045  0.11032  -0.0708773  0.11032  0.170404
0.313636  -0.149145  -0.0708773  -0.149145  0.316045  0.11032  -0.0708773  0.11032  0.170404
0.313635  -0.14916  -0.0708525  -0.14916  0.316064  0.110311  -0.0708525  0.110311  0.170392
0.313635  -0.14916  -0.0708525  -0.14916  0.316064  0.110311  -0.0708525  0.110311  0.170392
0.313635  -0.14916  -0.0708525  -0.14916  0.316064  0.110311  -0.0708525  0.110311  0.170392
0.313635  -0.149174  -0.0708277  -0.149174  0.316082  0.110302  -0.0708277  0.110302  0.170381
0.313635  -0.149174  -0.0708277  -0.149174  0.316082  0.110302  -0.0708277  0.110302  0.170381
0.313634  -0.149189  -0.0708029  -0.149189  0.3161  0.110294  -0.0708029  0.110294  0.17037
0.313634  -0.149189  -0.0708029  -0.149189  0.3161  0.110294  -0.0708029  0.110294  0.17037
0.31364  -0.149227  -0.0707738  -0.149227  0.316151  0.110294  -0.0707738  0.110294  0.170357
0.31364  -0.149227  -0.0707738  -0.149227  0.316151  0.110294  -0.0707738  0.110294  0.170357
0.313639  -0.149242  -0.0707489  -0.149242  0.31617  0.110285  -0.0707489  0.110285  0.170345
0.313624  -0.149249  -0.0707204  -0.149249  0.3162  0.110284  -0.0707204  0.110284  0.170338
0.313624  -0.149249  -0.0707204  -0.149249  0.3162  0.110284  -0.0707204  0.110284  0.170338
0.313629  -0.149287  -0.0706913  -0.149287  0.316252  0.110284  -0.0706913  0.110284  0.170325
0.313629  -0.149287  -0.0706913  -0.149287  0.316252  0.110284  -0.0706913  0.110284  0.170325
0.313629  -0.149287  -0.0706913  -0.149287  0.316252  0.110284  -0.0706913  0.110284  0.170325
0.313635  -0.149325  -0.0706622  -0.149325  0.316303  0.110284  -0.0706622  0.110284  0.170313
0.313635  -0.149325  -0.0706622  -0.149325  0.316303  0.110284  -0.0706622  0.110284  0.170313
0.313628  -0.149331  -0.0706168  -0.149331  0.316307  0.110257  -0.0706168  0.110257  0.170291
0.313628  -0.149331  -0.0706168  -0.149331  0.316307  0.110257  -0.0706168  0.110257  0.170291
0.313633  -0.14937  -0.0705877  -0.14937  0.316358  0.110258  -0.0705877  0.110258  0.170278
0.313633  -0.14937  -0.0705877  -0.14937  0.316358  0.110258  -0.0705877  0.110258  0.170278
0.313633  -0.149384  -0.0705629  -0.149384  0.316377  0.110249  -0.0705629  0.110249  0.170267
0.313632  -0.149399  -0.070538  -0.149399  0.316395  0.11024  -0.070538  0.11024  0.170256
0.313632  -0.149399  -0.070538  -0.149399  0.316395  0.11024  -0.070538  0.11024  0.170256
0.313646  -0.149436  -0.0704921  -0.149436  0.31642  0.110215  -0.0704921  0.110215  0.170229
0.313646  -0.149436  -0.0704921  -0.149436  0.31642  0.110215  -0.0704921  0.110215  0.170229
0.313646  -0.149451  -0.0704673  -0.149451  0.316439  0.110206  -0.0704673  0.110206  0.170218
0.313645  -0.149466  -0.0704424  -0.149466  0.316458  0.110198  -0.0704424  0.110198  0.170207
0.313639  -0.149457  -0.0704219  -0.149457  0.316444  0.11018  -0.0704219  0.11018  0.170197
0.313629  -0.149487  -0.0703891  -0.149487  0.316507  0.110187  -0.0703891  0.110187  0.170188
0.313623  -0.149478  -0.0703685  -0.149478  0.316493  0.11017  -0.0703685  0.11017  0.170178
0.313622  -0.149493  -0.0703437  -0.149493  0.316511  0.110161  -0.0703437  0.110161  0.170167
0.313615  -0.149499  -0.0702984  -0.149499  0.316516  0.110135  -0.0702984  0.110135  0.170146
0.313621  -0.149522  -0.0702941  -0.149522  0.316549  0.110143  -0.0702941  0.110143  0.170144
0.313614  -0.149528  -0.0702487  -0.149528  0.316553  0.110117  -0.0702487  0.110117  0.170123
0.313614  -0.149528  -0.0702487  -0.149528  0.316553  0.110117  -0.0702487  0.110117  0.170123
0.313613  -0.149558  -0.0701991  -0.149558  0.31659  0.110099  -0.0701991  0.110099  0.170101
0.313613  -0.149558  -0.0701991  -0.149558  0.31659  0.110099  -0.0701991  0.110099  0.170101
0.313606  -0.149578  -0.0701289  -0.149578  0.316614  0.110064  -0.0701289  0.110064  0.170069
0.313606  -0.149578  -0.0701289  -0.149578  0.316614  0.110064  -0.0701289  0.110064  0.170069
0.313599  -0.149584  -0.0700836  -0.149584  0.316618  0.110038  -0.0700836  0.110038  0.170048
0.313599  -0.149584  -0.0700836  -0.149584  0.316618  0.110038  -0.0700836  0.110038  0.170048
0.313577  -0.149597  -0.0700098  -0.149597  0.316654  0.11001  -0.0700098  0.11001  0.170019
0.313577  -0.149597  -0.0700098  -0.149597  0.316654  0.11001  -0.0700098  0.11001  0.170019
0.31357  -0.149602  -0.0699645  -0.149602  0.316658  0.109984  -0.0699645  0.109984  0.169999
0.31357  -0.149602  -0.0699645  -0.149602  0.316658  0.109984  -0.0699645  0.109984  0.169999
0.313556  -0.149599  -0.0698987  -0.149599  0.316649  0.10994  -0.0698987  0.10994  0.169968
0.313556  -0.149599  -0.0698987  -0.149599  0.316649  0.10994  -0.0698987  0.10994  0.169968
0.313556  -0.149614  -0.0698739  -0.149614  0.316668  0.109931  -0.0698739  0.109931  0.169957
0.313542  -0.149611  -0.0698082  -0.149611  0.316658  0.109887  -0.0698082  0.109887  0.169926
0.313527  -0.149603  -0.0698045  -0.149603  0.31667  0.109895  -0.0698045  0.109895  0.16993
0.31352  -0.149623  -0.0697344  -0.149623  0.316694  0.10986  -0.0697344  0.10986  0.169898
0.313514  -0.149615  -0.069714  -0.149615  0.31668  0.109842  -0.069714  0.109842  0.169888
0.313507  -0.14962  -0.0696687  -0.14962  0.316684  0.109816  -0.0696687  0.109816  0.169868
0.3135  -0.149611  -0.0696483  -0.149611  0.31667  0.109798  -0.0696483  0.109798  0.169858
0.313493  -0.149632  -0.0695783  -0.149632  0.316694  0.109763  -0.0695783  0.109763  0.169826
0.313493  -0.149632  -0.0695783  -0.149632  0.316694  0.109763  -0.0695783  0.109763  0.169826
0.313486  -0.149623  -0.0695578  -0.149623  0.31668  0.109746  -0.0695578  0.109746  0.169816
0.313473  -0.149635  -0.0694674  -0.149635  0.316689  0.109693  -0.0694674  0.109693  0.169775
0.313473  -0.149635  -0.0694674  -0.149635  0.316689  0.109693  -0.0694674  0.109693  0.169775
0.313459  -0.149646  -0.069377  -0.149646  0.316699  0.10964  -0.069377  0.10964  0.169734
0.313459  -0.149646  -0.069377  -0.149646  0.316699  0.10964  -0.069377  0.10964  0.169734
0.313451  -0.149667  -0.0693071  -0.149667  0.316722  0.109605  -0.0693071  0.109605  0.169702
0.313445  -0.149658  -0.0692867  -0.149658  0.316708  0.109588  -0.0692867  0.109588  0.169693
0.313452  -0.149686  -0.0692204  -0.149686  0.31672  0.109546  -0.0692204  0.109546  0.169657
0.313452  -0.149686  -0.0692204  -0.149686  0.31672  0.109546  -0.0692204  0.109546  0.169657
0.313452  -0.149701  -0.0691956  -0.149701  0.316739  0.109537  -0.0691956  0.109537  0.169646
0.313432  -0.149689  -0.0691097  -0.149689  0.316716  0.109476  -0.0691097  0.109476  0.169607
0.313438  -0.149713  -0.0691053  -0.149713  0.316748  0.109484  -0.0691053  0.109484  0.169605
0.313425  -0.14971  -0.0690398  -0.14971  0.316739  0.109441  -0.0690398  0.109441  0.169575
0.31343  -0.149733  -0.0690354  -0.149733  0.316772  0.109449  -0.0690354  0.109449  0.169574
0.313417  -0.149745  -0.0689451  -0.149745  0.316782  0.109397  -0.0689451  0.109397  0.169533
0.313417  -0.149745  -0.0689451  -0.149745  0.316782  0.109397  -0.0689451  0.109397  0.169533
0.313397  -0.149733  -0.0688593  -0.149733  0.316759  0.109336  -0.0688593  0.109336  0.169494
0.313396  -0.149747  -0.0688346  -0.149747  0.316778  0.109327  -0.0688346  0.109327  0.169483
0.31339  -0.149739  -0.0688142  -0.149739  0.316764  0.10931  -0.0688142  0.10931  0.169474
0.31337  -0.149741  -0.0687037  -0.149741  0.31676  0.10924  -0.0687037  0.10924  0.169424
0.313363  -0.149732  -0.0686834  -0.149732  0.316746  0.109222  -0.0686834  0.109222  0.169414
0.313356  -0.149738  -0.0686383  -0.149738  0.316751  0.109196  -0.0686383  0.109196  0.169394
0.313324  -0.149694  -0.0685367  -0.149694  0.316681  0.109109  -0.0685367  0.109109  0.169347
0.313324  -0.149694  -0.0685367  -0.149694  0.316681  0.109109  -0.0685367  0.109109  0.169347
0.313286  -0.149655  -0.0683902  -0.149655  0.316616  0.108996  -0.0683902  0.108996  0.16928
0.313286  -0.149655  -0.0683902  -0.149655  0.316616  0.108996  -0.0683902  0.108996  0.16928
0.31326  -0.149635  -0.0682844  -0.149635  0.316579  0.108918  -0.0682844  0.108918  0.169232
0.313253  -0.149626  -0.0682641  -0.149626  0.316565  0.1089  -0.0682641  0.1089  0.169223
0.313222  -0.149581  -0.0681628  -0.149581  0.316496  0.108814  -0.0681628  0.108814  0.169176
0.313221  -0.149596  -0.0681381  -0.149596  0.316515  0.108805  -0.0681381  0.108805  0.169165
0.313168  -0.149535  -0.0680132  -0.149535  0.316443  0.108708  -0.0680132  0.108708  0.169114
0.313162  -0.149526  -0.0679929  -0.149526  0.31643  0.108691  -0.0679929  0.108691  0.169104
0.313118  -0.149465  -0.0678514  -0.149465  0.316332  0.10857  -0.0678514  0.10857  0.16904
0.313111  -0.149456  -0.0678312  -0.149456  0.316318  0.108553  -0.0678312  0.108553  0.16903
0.313061  -0.149385  -0.0676697  -0.149385  0.316208  0.108414  -0.0676697  0.108414  0.168957
0.313054  -0.149376  -0.0676496  -0.149376  0.316194  0.108397  -0.0676496  0.108397  0.168947
0.312989  -0.149298  -0.0674848  -0.149298  0.316095  0.108267  -0.0674848  0.108267  0.168878
0.312983  -0.149289  -0.0674647  -0.149289  0.316081  0.108249  -0.0674647  0.108249  0.168869
0.312933  -0.149219  -0.0673036  -0.149219  0.315971  0.108112  -0.0673036  0.108112  0.168796
0.31292  -0.149201  -0.0672634  -0.149201  0.315943  0.108077  -0.0672634  0.108077  0.168778
