0.30622  -0.139634  -0.0723547  -0.139634  0.313631  0.112717  -0.0723547  0.112717  0.173702
0.306224  -0.139656  -0.0723506  -0.139656  0.313661  0.112726  -0.0723506  0.112726  0.1737
0.306257  -0.139559  -0.0721573  -0.139559  0.313312  0.112434  -0.0721573  0.112434  0.173547
0.306252  -0.139552  -0.0721375  -0.139552  0.313299  0.112417  -0.0721375  0.112417  0.173536
0.306222  -0.139213  -0.0716898  -0.139213  0.312505  0.111783  -0.0716898  0.111783  0.173226
0.306129  -0.138697  -0.0713837  -0.138697  0.311577  0.111203  -0.0713837  0.111203  0.173011
0.306119  -0.138639  -0.0713371  -0.138639  0.311466  0.111127  -0.0713371  0.111127  0.17298
0.305896  -0.137698  -0.0705876  -0.137698  0.309815  0.109985  -0.0705876  0.109985  0.172511
0.305887  -0.137655  -0.0705177  -0.137655  0.309721  0.109902  -0.0705177  0.109902  0.172468
0.305672  -0.136592  -0.0695832  -0.136592  0.307748  0.108499  -0.0695832  0.108499  0.171876
0.305549  -0.135767  -0.0689773  -0.135767  0.306184  0.107459  -0.0689773  0.107459  0.171467
0.305543  -0.135689  -0.0689206  -0.135689  0.306024  0.107353  -0.0689206  0.107353  0.171426
0.305293  -0.134405  -0.0677857  -0.134405  0.303653  0.105666  -0.0677857  0.105666  0.170728
0.305139  -0.133503  -0.0669934  -0.133503  0.301956  0.104467  -0.0669934  0.104467  0.17024
0.305118  -0.133413  -0.0669159  -0.133413  0.3018  0.104356  -0.0669159  0.104356  0.170196
0.304898  -0.132031  -0.065981  -0.132031  0.299316  0.102741  -0.065981  0.102741  0.169605
0.304877  -0.131942  -0.0659045  -0.131942  0.299163  0.102633  -0.0659045  0.102633  0.169562
0.304716  -0.130926  -0.0648072  -0.130926  0.297167  0.101125  -0.0648072  0.101125  0.168923
0.304626  -0.130168  -0.0641017  -0.130168  0.295672  0.100059  -0.0641017  0.100059  0.168496
0.304621  -0.130093  -0.0640479  -0.130093  0.295522  0.0999612  -0.0640479  0.0999612  0.16846
0.304494  -0.129057  -0.0631574  -0.129057  0.293539  0.098581  -0.0631574  0.098581  0.167929
0.304419  -0.128423  -0.0624343  -0.128423  0.292246  0.0975972  -0.0624343  0.0975972  0.16752
0.304414  -0.128349  -0.0623814  -0.128349  0.292099  0.0975018  -0.0623814  0.0975018  0.167486
0.304348  -0.12744  -0.0614765  -0.12744  0.290227  0.0961525  -0.0614765  0.0961525  0.166953
0.304333  -0.12736  -0.0614214  -0.12736  0.290095  0.0960657  -0.0614214  0.0960657  0.166923
0.304258  -0.126466  -0.0605721  -0.126466  0.288305  0.0947928  -0.0605721  0.0947928  0.166436
0.304208  -0.125907  -0.0599272  -0.125907  0.28715  0.0939182  -0.0599272  0.0939182  0.166086
0.304201  -0.125867  -0.0598641  -0.125867  0.28707  0.0938484  -0.0598641  0.0938484  0.166056
0.304129  -0.125034  -0.0590827  -0.125034  0.285433  0.0926887  -0.0590827  0.0926887  0.165625
0.304109  -0.124504  -0.0585566  -0.124504  0.284328  0.0919004  -0.0585566  0.0919004  0.165328
0.304098  -0.124446  -0.0584988  -0.124446  0.284225  0.091825  -0.0584988  0.091825  0.1653
0.304071  -0.123803  -0.0577062  -0.123803  0.282831  0.0907607  -0.0577062  0.0907607  0.164881
0.304071  -0.12375  -0.0576511  -0.12375  0.282718  0.0906791  -0.0576511  0.0906791  0.16485
0.304076  -0.123099  -0.0570541  -0.123099  0.281334  0.0897235  -0.0570541  0.0897235  0.164502
0.304095  -0.122697  -0.0565841  -0.122697  0.280404  0.0890393  -0.0565841  0.0890393  0.164238
0.304101  -0.12267  -0.056542  -0.12267  0.280325  0.0889791  -0.056542  0.0889791  0.164213
0.304144  -0.122248  -0.0558955  -0.122248  0.27924  0.0881227  -0.0558955  0.0881227  0.163865
0.304147  -0.122201  -0.055858  -0.122201  0.279139  0.0880561  -0.055858  0.0880561  0.163841
0.304206  -0.121744  -0.055335  -0.121744  0.278017  0.0872494  -0.055335  0.0872494  0.163533
0.304212  -0.121717  -0.0552931  -0.121717  0.27794  0.0871902  -0.0552931  0.0871902  0.163509
0.304263  -0.121338  -0.0546588  -0.121338  0.276925  0.0863749  -0.0546588  0.0863749  0.163178
0.304296  -0.121057  -0.0541998  -0.121057  0.276187  0.0857855  -0.0541998  0.0857855  0.162943
0.304302  -0.121029  -0.0541581  -0.121029  0.276111  0.0857271  -0.0541581  0.0857271  0.16292
0.304378  -0.120671  -0.0536335  -0.120671  0.27513  0.0849839  -0.0536335  0.0849839  0.162628
0.304459  -0.120475  -0.0532179  -0.120475  0.274459  0.0844377  -0.0532179  0.0844377  0.162399
0.304468  -0.120453  -0.0531929  -0.120453  0.274393  0.0843923  -0.0531929  0.0843923  0.162382
0.304558  -0.120135  -0.0526627  -0.120135  0.273454  0.0836641  -0.0526627  0.0836641  0.162093
0.304567  -0.120113  -0.0526377  -0.120113  0.273389  0.0836191  -0.0526377  0.0836191  0.162075
0.304658  -0.119786  -0.0520774  -0.119786  0.272424  0.0828649  -0.0520774  0.0828649  0.161778
0.304721  -0.119586  -0.051677  -0.119586  0.271796  0.0823552  -0.051677  0.0823552  0.161574
0.304729  -0.119576  -0.0516311  -0.119576  0.271743  0.082305  -0.0516311  0.082305  0.161552
0.304839  -0.119283  -0.0511705  -0.119283  0.270843  0.0816311  -0.0511705  0.0816311  0.16129
0.304839  -0.119257  -0.0511441  -0.119257  0.27079  0.0815939  -0.0511441  0.0815939  0.161278
0.304963  -0.119041  -0.0506135  -0.119041  0.269963  0.080913  -0.0506135  0.080913  0.160998
0.304974  -0.119037  -0.050584  -0.119037  0.26992  0.0808753  -0.050584  0.0808753  0.160981
0.305124  -0.118852  -0.0501361  -0.118852  0.26913  0.0802496  -0.0501361  0.0802496  0.160723
0.305238  -0.11874  -0.0498604  -0.11874  0.268604  0.0798425  -0.0498604  0.0798425  0.160553
0.30525  -0.118736  -0.0498308  -0.118736  0.268562  0.0798051  -0.0498308  0.0798051  0.160537
0.305391  -0.11865  -0.0494185  -0.11865  0.267969  0.0792895  -0.0494185  0.0792895  0.160313
0.305406  -0.118651  -0.049405  -0.118651  0.267935  0.0792637  -0.049405  0.0792637  0.1603
0.305546  -0.11856  -0.0490442  -0.11856  0.267361  0.0787856  -0.0490442  0.0787856  0.160096
0.305651  -0.118507  -0.0487983  -0.118507  0.266968  0.0784564  -0.0487983  0.0784564  0.159953
0.305653  -0.118499  -0.0487674  -0.118499  0.266937  0.0784264  -0.0487674  0.0784264  0.159941
0.305775  -0.118441  -0.0483575  -0.118441  0.266437  0.0779604  -0.0483575  0.0779604  0.15974
0.30579  -0.118443  -0.0483439  -0.118443  0.266404  0.0779348  -0.0483439  0.0779348  0.159728
0.305929  -0.118347  -0.0479825  -0.118347  0.265833  0.077461  -0.0479825  0.077461  0.15953
0.30594  -0.118343  -0.0479528  -0.118343  0.265791  0.0774242  -0.0479528  0.0774242  0.159514
0.306065  -0.118289  -0.0475587  -0.118289  0.265302  0.0769727  -0.0475587  0.0769727  0.159321
0.306158  -0.118238  -0.0473418  -0.118238  0.264954  0.0766842  -0.0473418  0.0766842  0.1592
0.306169  -0.118233  -0.0473121  -0.118233  0.264912  0.0766475  -0.0473121  0.0766475  0.159185
0.306295  -0.118163  -0.0470574  -0.118163  0.264455  0.0762846  -0.0470574  0.0762846  0.159034
0.306303  -0.118139  -0.0470324  -0.118139  0.264391  0.0762422  -0.0470324  0.0762422  0.159019
0.306408  -0.118086  -0.0467339  -0.118086  0.263985  0.0758839  -0.0467339  0.0758839  0.15887
0.306514  -0.11803  -0.0465541  -0.11803  0.263622  0.0756068  -0.0465541  0.0756068  0.158755
0.306516  -0.118022  -0.0465233  -0.118022  0.263592  0.0755775  -0.0465233  0.0755775  0.158744
0.306615  -0.117945  -0.0462808  -0.117945  0.263183  0.0752496  -0.0462808  0.0752496  0.158613
0.306621  -0.117942  -0.0462659  -0.117942  0.263162  0.0752314  -0.0462659  0.0752314  0.158605
0.306711  -0.117874  -0.0460016  -0.117874  0.262778  0.0749061  -0.0460016  0.0749061  0.158476
0.306722  -0.117869  -0.0459718  -0.117869  0.262736  0.0748699  -0.0459718  0.0748699  0.158461
0.306805  -0.117763  -0.0457171  -0.117763  0.26231  0.0745342  -0.0457171  0.0745342  0.158334
0.306862  -0.117701  -0.0455114  -0.117701  0.262023  0.07429  -0.0455114  0.07429  0.15824
0.306864  -0.117693  -0.0454807  -0.117693  0.261994  0.074261  -0.0454807  0.074261  0.15823
0.306909  -0.117565  -0.0451919  -0.117565  0.261589  0.0739267  -0.0451919  0.0739267  0.158112
0.306915  -0.117562  -0.045177  -0.117562  0.261568  0.0739087  -0.045177  0.0739087  0.158105
0.306974  -0.117443  -0.044905  -0.117443  0.261161  0.0735792  -0.044905  0.0735792  0.157987
0.307006  -0.117364  -0.0447333  -0.117364  0.260907  0.0733743  -0.0447333  0.0733743  0.157915
0.307008  -0.117355  -0.0447027  -0.117355  0.260878  0.0733456  -0.0447027  0.0733456  0.157905
0.307055  -0.117228  -0.0444813  -0.117228  0.260501  0.0730588  -0.0444813  0.0730588  0.157807
0.307057  -0.11722  -0.0444507  -0.11722  0.260472  0.0730302  -0.0444507  0.0730302  0.157797
0.307091  -0.117071  -0.0442335  -0.117071  0.260087  0.0727459  -0.0442335  0.0727459  0.157705
0.307109  -0.11697  -0.0440663  -0.11697  0.259827  0.0725445  -0.0440663  0.0725445  0.15764
0.307115  -0.116967  -0.0440514  -0.116967  0.259806  0.0725267  -0.0440514  0.0725267  0.157633
0.307135  -0.116797  -0.0438387  -0.116797  0.259414  0.0722456  -0.0438387  0.0722456  0.157547
0.307141  -0.116794  -0.0438238  -0.116794  0.259393  0.0722278  -0.0438238  0.0722278  0.15754
0.307165  -0.116642  -0.0436063  -0.116642  0.259023  0.071953  -0.0436063  0.071953  0.157455
0.307166  -0.116514  -0.0434282  -0.116514  0.258747  0.0717445  -0.0434282  0.0717445  0.157394
0.307159  -0.11649  -0.0434176  -0.11649  0.258718  0.0717286  -0.0434176  0.0717286  0.157392
0.307158  -0.116286  -0.0431786  -0.116286  0.258304  0.0714308  -0.0431786  0.0714308  0.157309
0.307155  -0.11628  -0.0431631  -0.11628  0.258296  0.0714203  -0.0431631  0.0714203  0.157306
0.307141  -0.116068  -0.0429085  -0.116068  0.257887  0.0711203  -0.0429085  0.0711203  0.157226
0.307116  -0.115911  -0.0427194  -0.115911  0.25761  0.0709124  -0.0427194  0.0709124  0.157175
0.307118  -0.115889  -0.0427095  -0.115889  0.257569  0.0708896  -0.0427095  0.0708896  0.157168
0.307102  -0.115686  -0.042486  -0.115686  0.25719  0.0706195  -0.042486  0.0706195  0.157099
0.307098  -0.115681  -0.0424706  -0.115681  0.257182  0.0706091  -0.0424706  0.0706091  0.157097
0.307079  -0.115485  -0.0422119  -0.115485  0.256809  0.0703246  -0.0422119  0.0703246  0.157023
0.307058  -0.115321  -0.0420596  -0.115321  0.25653  0.0701343  -0.0420596  0.0701343  0.156979
0.307064  -0.115318  -0.0420448  -0.115318  0.25651  0.0701169  -0.0420448  0.0701169  0.156972
0.307035  -0.115107  -0.0418067  -0.115107  0.256139  0.0698464  -0.0418067  0.0698464  0.156907
0.307031  -0.115101  -0.0417914  -0.115101  0.256131  0.0698362  -0.0417914  0.0698362  0.156905
0.306994  -0.114875  -0.0415736  -0.114875  0.255761  0.0695789  -0.0415736  0.0695789  0.156848
0.306974  -0.114724  -0.041402  -0.114724  0.255497  0.0693856  -0.041402  0.0693856  0.156803
0.306966  -0.114701  -0.0413917  -0.114701  0.255469  0.0693703  -0.0413917  0.0693703  0.156802
0.306929  -0.114488  -0.0411546  -0.114488  0.255114  0.0691098  -0.0411546  0.0691098  0.156744
0.306925  -0.114482  -0.0411394  -0.114482  0.255106  0.0690997  -0.0411394  0.0690997  0.156742
0.306889  -0.114258  -0.040923  -0.114258  0.254739  0.0688451  -0.040923  0.0688451  0.156688
0.306863  -0.11411  -0.0407672  -0.11411  0.254497  0.068671  -0.0407672  0.068671  0.15665
0.306856  -0.114087  -0.040757  -0.114087  0.25447  0.0686559  -0.040757  0.0686559  0.156649
0.306821  -0.113902  -0.0405463  -0.113902  0.254165  0.0684302  -0.0405463  0.0684302  0.156601
0.306823  -0.11388  -0.0405365  -0.11388  0.254125  0.0684081  -0.0405365  0.0684081  0.156596
0.306787  -0.113692  -0.0403761  -0.113692  0.253837  0.0682151  -0.0403761  0.0682151  0.156559
0.306756  -0.113561  -0.0402159  -0.113561  0.253629  0.0680547  -0.0402159  0.0680547  0.156527
0.306748  -0.113549  -0.0401858  -0.113549  0.253614  0.0680348  -0.0401858  0.0680348  0.156524
0.306716  -0.113392  -0.0400011  -0.113392  0.253359  0.0678431  -0.0400011  0.0678431  0.156485
0.306717  -0.113371  -0.0399914  -0.113371  0.253319  0.0678211  -0.0399914  0.0678211  0.156479
0.306685  -0.113213  -0.039807  -0.113213  0.253065  0.06763  -0.039807  0.06763  0.156441
0.306681  -0.113208  -0.039792  -0.113208  0.253057  0.0676202  -0.039792  0.0676202  0.15644
0.306652  -0.113068  -0.0396031  -0.113068  0.252823  0.0674346  -0.0396031  0.0674346  0.156402
0.306632  -0.112967  -0.0394691  -0.112967  0.252652  0.0673006  -0.0394691  0.0673006  0.156375
0.306625  -0.112943  -0.0394591  -0.112943  0.252625  0.0672859  -0.0394591  0.0672859  0.156374
0.306593  -0.112799  -0.0392559  -0.112799  0.252384  0.0670915  -0.0392559  0.0670915  0.156335
0.306589  -0.112793  -0.0392409  -0.112793  0.252377  0.0670818  -0.0392409  0.0670818  0.156334
0.306555  -0.112658  -0.0390676  -0.112658  0.252164  0.0669145  -0.0390676  0.0669145  0.156303
0.306532  -0.112539  -0.0389393  -0.112539  0.251974  0.0667768  -0.0389393  0.0667768  0.156278
0.306529  -0.112533  -0.0389244  -0.112533  0.251967  0.0667671  -0.0389244  0.0667671  0.156276
0.306497  -0.112389  -0.0387222  -0.112389  0.251728  0.0665743  -0.0387222  0.0665743  0.15624
0.30649  -0.112366  -0.0387123  -0.112366  0.251701  0.0665598  -0.0387123  0.0665598  0.156239
0.306453  -0.112213  -0.0385449  -0.112213  0.251471  0.0663891  -0.0385449  0.0663891  0.156211
0.306432  -0.112133  -0.0384219  -0.112133  0.25134  0.0662788  -0.0384219  0.0662788  0.156191
0.306425  -0.11211  -0.0384121  -0.11211  0.251314  0.0662644  -0.0384121  0.0662644  0.15619
0.306399  -0.111998  -0.0382501  -0.111998  0.25113  0.0661138  -0.0382501  0.0661138  0.156163
0.306395  -0.111992  -0.0382353  -0.111992  0.251123  0.0661042  -0.0382353  0.0661042  0.156162
0.306359  -0.111852  -0.038049  -0.111852  0.250905  0.0659301  -0.038049  0.0659301  0.156133
0.306334  -0.111767  -0.0379118  -0.111767  0.250769  0.0658111  -0.0379118  0.0658111  0.156113
0.306334  -0.111767  -0.0379118  -0.111767  0.250769  0.0658111  -0.0379118  0.0658111  0.156113
0.306322  -0.111724  -0.0378433  -0.111724  0.2507  0.0657517  -0.0378433  0.0657517  0.156103
0.306292  -0.111596  -0.0376872  -0.111596  0.250499  0.0655976  -0.0376872  0.0655976  0.156078
0.306272  -0.111516  -0.0375652  -0.111516  0.25037  0.0654888  -0.0375652  0.0654888  0.15606
0.306268  -0.111511  -0.0375505  -0.111511  0.250363  0.0654793  -0.0375505  0.0654793  0.156059
0.306239  -0.111394  -0.0373752  -0.111394  0.250174  0.0653212  -0.0373752  0.0653212  0.156033
0.306232  -0.111371  -0.0373655  -0.111371  0.250147  0.065307  -0.0373655  0.065307  0.156032
0.306195  -0.11124  -0.03721  -0.11124  0.249959  0.0651611  -0.03721  0.0651611  0.156012
0.306168  -0.111138  -0.037079  -0.111138  0.249805  0.065039  -0.037079  0.065039  0.155995
0.306164  -0.111133  -0.0370643  -0.111133  0.249798  0.0650296  -0.0370643  0.0650296  0.155994
0.306125  -0.110976  -0.0368853  -0.110976  0.249565  0.064854  -0.0368853  0.064854  0.155969
0.30609  -0.110872  -0.0367546  -0.110872  0.249423  0.0647395  -0.0367546  0.0647395  0.155956
0.306095  -0.110869  -0.0367401  -0.110869  0.249404  0.0647232  -0.0367401  0.0647232  0.155951
0.306052  -0.110728  -0.0365566  -0.110728  0.249203  0.0645602  -0.0365566  0.0645602  0.155931
0.306048  -0.110723  -0.0365421  -0.110723  0.249196  0.0645509  -0.0365421  0.0645509  0.15593
0.306001  -0.110577  -0.0363444  -0.110577  0.248988  0.0643791  -0.0363444  0.0643791  0.15591
0.305995  -0.110554  -0.0363349  -0.110554  0.248962  0.0643652  -0.0363349  0.0643652  0.15591
0.305965  -0.110448  -0.0361906  -0.110448  0.248802  0.0642356  -0.0361906  0.0642356  0.155893
0.305959  -0.110425  -0.0361812  -0.110425  0.248776  0.0642217  -0.0361812  0.0642217  0.155893
0.305912  -0.110279  -0.0359843  -0.110279  0.24857  0.064051  -0.0359843  0.064051  0.155874
0.305878  -0.110176  -0.0358549  -0.110176  0.24843  0.0639383  -0.0358549  0.0639383  0.155863
0.305872  -0.110153  -0.0358455  -0.110153  0.248404  0.0639245  -0.0358455  0.0639245  0.155863
0.305829  -0.110014  -0.0356638  -0.110014  0.248206  0.0637639  -0.0356638  0.0637639  0.155846
0.305823  -0.109991  -0.0356545  -0.109991  0.24818  0.0637502  -0.0356545  0.0637502  0.155846
0.30577  -0.109832  -0.0354782  -0.109832  0.247976  0.0635926  -0.0354782  0.0635926  0.155834
0.30573  -0.109707  -0.0353403  -0.109707  0.247812  0.0634672  -0.0353403  0.0634672  0.155824
0.305726  -0.109702  -0.0353259  -0.109702  0.247805  0.0634582  -0.0353259  0.0634582  0.155823
0.305654  -0.1095  -0.0350838  -0.1095  0.247548  0.0632517  -0.0350838  0.0632517  0.15581
0.305648  -0.109478  -0.0350745  -0.109478  0.247522  0.0632381  -0.0350745  0.0632381  0.15581
0.305587  -0.10928  -0.0348953  -0.10928  0.247276  0.0630641  -0.0348953  0.0630641  0.1558
0.30553  -0.109126  -0.034735  -0.109126  0.247093  0.0629246  -0.034735  0.0629246  0.155796
0.305521  -0.109098  -0.0347116  -0.109098  0.247061  0.0629021  -0.0347116  0.0629021  0.155795
0.305451  -0.108874  -0.0345099  -0.108874  0.246784  0.062707  -0.0345099  0.062707  0.155786
0.305445  -0.108851  -0.0345008  -0.108851  0.246759  0.0626935  -0.0345008  0.0626935  0.155786
0.305377  -0.108653  -0.0343231  -0.108653  0.246527  0.0625284  -0.0343231  0.0625284  0.155782
0.305328  -0.10851  -0.0341925  -0.10851  0.24636  0.0624084  -0.0341925  0.0624084  0.15578
0.305322  -0.108488  -0.0341833  -0.108488  0.246335  0.062395  -0.0341833  0.062395  0.15578
0.305249  -0.108268  -0.0339975  -0.108268  0.24608  0.0622178  -0.0339975  0.0622178  0.155777
0.305201  -0.108126  -0.0338675  -0.108126  0.245914  0.0620985  -0.0338675  0.0620985  0.155776
0.305195  -0.108104  -0.0338584  -0.108104  0.245889  0.0620853  -0.0338584  0.0620853  0.155776
0.30513  -0.107908  -0.0336825  -0.107908  0.24566  0.0619224  -0.0336825  0.0619224  0.155774
0.305124  -0.107885  -0.0336735  -0.107885  0.245636  0.0619092  -0.0336735  0.0619092  0.155774
0.305058  -0.107702  -0.033479  -0.107702  0.245419  0.0617427  -0.033479  0.0617427  0.155773
0.305052  -0.107679  -0.03347  -0.107679  0.245394  0.0617296  -0.03347  0.0617296  0.155773
0.304991  -0.107501  -0.0332901  -0.107501  0.245185  0.0615724  -0.0332901  0.0615724  0.155773
0.304951  -0.107374  -0.0331423  -0.107374  0.245021  0.0614437  -0.0331423  0.0614437  0.155768
0.304948  -0.107369  -0.0331283  -0.107369  0.245014  0.0614351  -0.0331283  0.0614351  0.155768
0.304884  -0.107186  -0.0329353  -0.107186  0.2448  0.0612703  -0.0329353  0.0612703  0.155769
0.304878  -0.107164  -0.0329264  -0.107164  0.244775  0.0612573  -0.0329264  0.0612573  0.155769
0.304819  -0.106979  -0.0327199  -0.106979  0.244543  0.0610778  -0.0327199  0.0610778  0.155766
0.304774  -0.106839  -0.0325923  -0.106839  0.244381  0.0609616  -0.0325923  0.0609616  0.155767
0.304768  -0.106829  -0.0325645  -0.106829  0.244368  0.0609444  -0.0325645  0.0609444  0.155767
0.304719  -0.106659  -0.0324006  -0.106659  0.244157  0.0607918  -0.0324006  0.0607918  0.155765
0.304713  -0.106638  -0.0323918  -0.106638  0.244133  0.0607789  -0.0323918  0.0607789  0.155766
0.304671  -0.10647  -0.032228  -0.10647  0.24391  0.0606199  -0.032228  0.0606199  0.15576
0.304626  -0.106331  -0.0321014  -0.106331  0.24375  0.0605049  -0.0321014  0.0605049  0.155762
0.304628  -0.106311  -0.0320925  -0.106311  0.243714  0.0604853  -0.0320925  0.0604853  0.155758
0.30458  -0.106142  -0.0319296  -0.106142  0.243505  0.0603341  -0.0319296  0.0603341  0.155758
0.304577  -0.106125  -0.0319347  -0.106125  0.243487  0.0603299  -0.0319347  0.0603299  0.155758
0.304532  -0.105974  -0.0317671  -0.105974  0.243297  0.0601835  -0.0317671  0.0601835  0.155757
0.30449  -0.105852  -0.0316362  -0.105852  0.243155  0.0600739  -0.0316362  0.0600739  0.155761
0.304495  -0.105849  -0.0316223  -0.105849  0.243137  0.0600586  -0.0316223  0.0600586  0.155757
0.304443  -0.105697  -0.0314556  -0.105697  0.242959  0.0599199  -0.0314556  0.0599199  0.155762
0.30444  -0.105692  -0.0314419  -0.105692  0.242952  0.0599116  -0.0314419  0.0599116  0.155762
0.304395  -0.105541  -0.0312755  -0.105541  0.242763  0.0597665  -0.0312755  0.0597665  0.155763
0.304362  -0.105422  -0.0311452  -0.105422  0.242611  0.0596512  -0.0311452  0.0596512  0.155763
0.304359  -0.105417  -0.0311316  -0.105417  0.242605  0.0596428  -0.0311316  0.0596428  0.155764
0.304315  -0.105267  -0.0309658  -0.105267  0.242416  0.0594987  -0.0309658  0.0594987  0.155766
0.304313  -0.105262  -0.0309521  -0.105262  0.24241  0.0594904  -0.0309521  0.0594904  0.155766
0.304276  -0.105114  -0.0307865  -0.105114  0.24221  0.0593399  -0.0307865  0.0593399  0.155764
0.304248  -0.105005  -0.0306842  -0.105005  0.242072  0.0592421  -0.0306842  0.0592421  0.155765
0.304246  -0.105  -0.0306706  -0.105  0.242066  0.0592338  -0.0306706  0.0592338  0.155765
0.304212  -0.104857  -0.0305191  -0.104857  0.241873  0.0590924  -0.0305191  0.0590924  0.155763
0.304207  -0.104836  -0.0305107  -0.104836  0.24185  0.05908  -0.0305107  0.05908  0.155764
0.304169  -0.104696  -0.0303733  -0.104696  0.241676  0.058954  -0.0303733  0.058954  0.155767
0.304142  -0.104588  -0.0302716  -0.104588  0.241539  0.058857  -0.0302716  0.058857  0.155768
0.304147  -0.104584  -0.0302578  -0.104584  0.241521  0.058842  -0.0302578  0.058842  0.155764
0.304107  -0.104441  -0.0301074  -0.104441  0.241342  0.0587085  -0.0301074  0.0587085  0.155768
0.304104  -0.104436  -0.0300939  -0.104436  0.241336  0.0587004  -0.0300939  0.0587004  0.155769
0.304065  -0.10428  -0.0299624  -0.10428  0.241146  0.0585713  -0.0299624  0.0585713  0.155773
0.304041  -0.104189  -0.0298562  -0.104189  0.241027  0.0584792  -0.0298562  0.0584792  0.155775
0.304038  -0.104184  -0.0298428  -0.104184  0.241021  0.0584711  -0.0298428  0.0584711  0.155775
0.304002  -0.104058  -0.0296881  -0.104058  0.24086  0.0583429  -0.0296881  0.0583429  0.15578
0.303997  -0.104036  -0.0296798  -0.104036  0.240837  0.0583307  -0.0296798  0.0583307  0.155781
0.30396  -0.10391  -0.0295255  -0.10391  0.240677  0.0582028  -0.0295255  0.0582028  0.155786
0.303937  -0.103819  -0.0294199  -0.103819  0.240558  0.0581115  -0.0294199  0.0581115  0.155789
0.303934  -0.103814  -0.0294065  -0.103814  0.240552  0.0581035  -0.0294065  0.0581035  0.15579
0.303893  -0.103667  -0.0292445  -0.103667  0.24037  0.0579642  -0.0292445  0.0579642  0.155797
0.303888  -0.103646  -0.0292362  -0.103646  0.240347  0.0579522  -0.0292362  0.0579522  0.155798
0.303857  -0.103516  -0.0290691  -0.103516  0.24017  0.0578107  -0.0290691  0.0578107  0.155801
0.303852  -0.103495  -0.0290609  -0.103495  0.240147  0.0577987  -0.0290609  0.0577987  0.155802
0.303821  -0.103355  -0.0289125  -0.103355  0.23996  0.0576615  -0.0289125  0.0576615  0.155805
0.303795  -0.103248  -0.0288129  -0.103248  0.239826  0.0575673  -0.0288129  0.0575673  0.155808
0.303793  -0.103243  -0.0287996  -0.103243  0.23982  0.0575594  -0.0287996  0.0575594  0.155809
0.30376  -0.103087  -0.0286568  -0.103087  0.239617  0.057419  -0.0286568  0.057419  0.155813
0.303757  -0.103082  -0.0286436  -0.103082  0.239611  0.0574111  -0.0286436  0.0574111  0.155814
0.303718  -0.102936  -0.0284832  -0.102936  0.239431  0.057274  -0.0284832  0.057274  0.155823
0.303697  -0.102826  -0.0283705  -0.102826  0.23928  0.057166  -0.0283705  0.057166  0.155824
0.303694  -0.102822  -0.0283573  -0.102822  0.239274  0.0571581  -0.0283573  0.0571581  0.155825
0.303653  -0.10266  -0.0282026  -0.10266  0.239079  0.0570179  -0.0282026  0.0570179  0.155836
0.303651  -0.102655  -0.0281894  -0.102655  0.239073  0.0570101  -0.0281894  0.0570101  0.155837
0.303618  -0.102511  -0.0280296  -0.102511  0.238882  0.0568675  -0.0280296  0.0568675  0.155843
0.303592  -0.102401  -0.027918  -0.102401  0.238745  0.0567672  -0.027918  0.0567672  0.15585
0.303589  -0.102396  -0.0279049  -0.102396  0.238739  0.0567594  -0.0279049  0.0567594  0.155851
0.303549  -0.102246  -0.027733  -0.102246  0.238555  0.0566167  -0.027733  0.0566167  0.155863
0.303546  -0.102242  -0.0277198  -0.102242  0.238549  0.0566089  -0.0277198  0.0566089  0.155864
0.30351  -0.102078  -0.027553  -0.102078  0.238338  0.0564561  -0.027553  0.0564561  0.155873
0.303484  -0.10198  -0.027424  -0.10198  0.238212  0.0563529  -0.027424  0.0563529  0.155882
0.303477  -0.101954  -0.0274029  -0.101954  0.238184  0.0563336  -0.0274029  0.0563336  0.155885
0.303444  -0.101807  -0.0272317  -0.101807  0.23799  0.0561856  -0.0272317  0.0561856  0.155894
0.303439  -0.101786  -0.0272238  -0.101786  0.237968  0.0561741  -0.0272238  0.0561741  0.155896
0.303404  -0.101622  -0.027058  -0.101622  0.237759  0.0560227  -0.027058  0.0560227  0.155906
0.303384  -0.101514  -0.0269474  -0.101514  0.237612  0.0559176  -0.0269474  0.0559176  0.15591
0.30338  -0.101494  -0.0269395  -0.101494  0.23759  0.0559061  -0.0269395  0.0559061  0.155911
0.303352  -0.101356  -0.0267953  -0.101356  0.237409  0.0557747  -0.0267953  0.0557747  0.15592
0.303349  -0.101352  -0.0267823  -0.101352  0.237404  0.0557671  -0.0267823  0.0557671  0.155921
0.303319  -0.10121  -0.0266254  -0.10121  0.237218  0.0556285  -0.0266254  0.0556285  0.155932
0.303302  -0.101118  -0.0265103  -0.101118  0.237088  0.0555281  -0.0265103  0.0555281  0.155937
0.3033  -0.101114  -0.0264973  -0.101114  0.237082  0.0555206  -0.0264973  0.0555206  0.155938
0.303272  -0.100977  -0.0263539  -0.100977  0.236903  0.0553903  -0.0263539  0.0553903  0.155948
0.303276  -0.100973  -0.0263404  -0.100973  0.236886  0.0553761  -0.0263404  0.0553761  0.155945
0.303249  -0.100848  -0.0261793  -0.100848  0.236718  0.0552425  -0.0261793  0.0552425  0.155956
0.303236  -0.100753  -0.0260513  -0.100753  0.236571  0.0551288  -0.0260513  0.0551288  0.155959
0.303234  -0.100749  -0.0260384  -0.100749  0.236565  0.0551213  -0.0260384  0.0551213  0.15596
0.303216  -0.10061  -0.0258818  -0.10061  0.236358  0.0549713  -0.0258818  0.0549713  0.155964
0.303214  -0.100606  -0.025869  -0.100606  0.236353  0.0549638  -0.025869  0.0549638  0.155965
0.303195  -0.100463  -0.0256998  -0.100463  0.236141  0.0548069  -0.0256998  0.0548069  0.155971
0.303178  -0.100348  -0.0255648  -0.100348  0.235974  0.054683  -0.0255648  0.054683  0.155976
0.303176  -0.100343  -0.025552  -0.100343  0.235968  0.0546757  -0.025552  0.0546757  0.155978
0.303154  -0.100196  -0.0253707  -0.100196  0.235751  0.0545123  -0.0253707  0.0545123  0.155986
0.303158  -0.100193  -0.0253573  -0.100193  0.235734  0.0544982  -0.0253573  0.0544982  0.155983
0.303139  -0.10005  -0.0251891  -0.10005  0.235523  0.0543427  -0.0251891  0.0543427  0.15599
0.303137  -0.100046  -0.0251764  -0.100046  0.235518  0.0543354  -0.0251764  0.0543354  0.155992
0.303123  -0.0999043  -0.0250079  -0.0999043  0.235296  0.0541738  -0.0250079  0.0541738  0.155995
0.303119  -0.0998838  -0.0250003  -0.0998838  0.235275  0.0541628  -0.0250003  0.0541628  0.155996
0.303106  -0.0997426  -0.0248321  -0.0997426  0.235054  0.0540017  -0.0248321  0.0540017  0.156
0.303097  -0.0996341  -0.0247105  -0.0996341  0.234883  0.0538804  -0.0247105  0.0538804  0.156001
0.303095  -0.0996297  -0.0246978  -0.0996297  0.234877  0.0538732  -0.0246978  0.0538732  0.156003
0.303082  -0.0994886  -0.0245302  -0.0994886  0.234657  0.053713  -0.0245302  0.053713  0.156007
0.30308  -0.0994842  -0.0245175  -0.0994842  0.234652  0.0537058  -0.0245175  0.0537058  0.156009
0.303069  -0.0993593  -0.024345  -0.0993593  0.234448  0.0535498  -0.024345  0.0535498  0.156014
0.303063  -0.099267  -0.0242189  -0.099267  0.234294  0.0534332  -0.0242189  0.0534332  0.156017
0.303066  -0.0992635  -0.0242055  -0.0992635  0.234276  0.0534193  -0.0242055  0.0534193  0.156014
0.303055  -0.0991388  -0.0240336  -0.0991388  0.234073  0.0532641  -0.0240336  0.0532641  0.15602
0.303053  -0.0991344  -0.024021  -0.0991344  0.234068  0.053257  -0.024021  0.053257  0.156022
0.303046  -0.0990062  -0.023836  -0.0990062  0.233848  0.0530885  -0.023836  0.0530885  0.156026
0.303046  -0.098915  -0.0237097  -0.098915  0.233683  0.0529663  -0.0237097  0.0529663  0.156025
0.303049  -0.0989116  -0.0236964  -0.0989116  0.233666  0.0529525  -0.0236964  0.0529525  0.156022
0.303047  -0.0987844  -0.0235112  -0.0987844  0.233436  0.0527783  -0.0235112  0.0527783  0.156023
0.303049  -0.0987766  -0.0234854  -0.0987766  0.233413  0.0527575  -0.0234854  0.0527575  0.156022
0.303044  -0.098653  -0.0233138  -0.098653  0.2332  0.0525976  -0.0233138  0.0525976  0.156026
0.303045  -0.0985662  -0.0232005  -0.0985662  0.233042  0.0524834  -0.0232005  0.0524834  0.156024
0.303041  -0.0985461  -0.0231932  -0.0985461  0.233021  0.0524728  -0.0231932  0.0524728  0.156026
0.303039  -0.0984191  -0.0230088  -0.0984191  0.232792  0.0523001  -0.0230088  0.0523001  0.156028
0.303042  -0.0984156  -0.0229955  -0.0984156  0.232775  0.0522865  -0.0229955  0.0522865  0.156026
0.303046  -0.0982895  -0.0228106  -0.0982895  0.232535  0.0521077  -0.0228106  0.0521077  0.156024
0.303056  -0.0982001  -0.0226837  -0.0982001  0.232349  0.0519742  -0.0226837  0.0519742  0.156016
0.303054  -0.0981957  -0.0226712  -0.0981957  0.232344  0.0519673  -0.0226712  0.0519673  0.156018
0.303063  -0.0980819  -0.0224683  -0.0980819  0.232103  0.0517793  -0.0224683  0.0517793  0.156015
0.303063  -0.0980582  -0.0224479  -0.0980582  0.232065  0.0517554  -0.0224479  0.0517554  0.156015
0.303077  -0.0979451  -0.0222444  -0.0979451  0.231813  0.0515614  -0.0222444  0.0515614  0.156008
0.303083  -0.097847  -0.0220932  -0.097847  0.231618  0.0514153  -0.0220932  0.0514153  0.156006
0.303079  -0.0978384  -0.0220684  -0.0978384  0.231607  0.0514016  -0.0220684  0.0514016  0.156011
0.303092  -0.0977015  -0.0218451  -0.0977015  0.231319  0.051185  -0.0218451  0.051185  0.156006
0.303088  -0.0976815  -0.0218379  -0.0976815  0.231299  0.0511748  -0.0218379  0.0511748  0.156008
0.303102  -0.0975561  -0.0215973  -0.0975561  0.231021  0.0509556  -0.0215973  0.0509556  0.156006
0.303107  -0.0974579  -0.0214468  -0.0974579  0.230827  0.0508109  -0.0214468  0.0508109  0.156005
0.303109  -0.0974386  -0.0214388  -0.0974386  0.230795  0.0507942  -0.0214388  0.0507942  0.156003
0.303127  -0.0973023  -0.0212153  -0.0973023  0.230498  0.050573  -0.0212153  0.050573  0.155996
0.303128  -0.0972944  -0.0211899  -0.0972944  0.230476  0.050553  -0.0211899  0.050553  0.155996
0.303147  -0.097158  -0.0209667  -0.097158  0.230179  0.0503326  -0.0209667  0.0503326  0.155989
0.303141  -0.0971337  -0.0209475  -0.0971337  0.230154  0.0503159  -0.0209475  0.0503159  0.155994
0.303161  -0.0970015  -0.0207368  -0.0970015  0.229862  0.0501031  -0.0207368  0.0501031  0.155986
0.303167  -0.0968839  -0.0205791  -0.0968839  0.229639  0.0499439  -0.0205791  0.0499439  0.155986
0.30317  -0.0968802  -0.0205659  -0.0968802  0.229622  0.0499306  -0.0205659  0.0499306  0.155984
0.303193  -0.0967441  -0.0203425  -0.0967441  0.229315  0.0497058  -0.0203425  0.0497058  0.155975
0.303193  -0.0967205  -0.0203224  -0.0967205  0.229279  0.0496828  -0.0203224  0.0496828  0.155976
0.303213  -0.0965801  -0.0200871  -0.0965801  0.228968  0.0494522  -0.0200871  0.0494522  0.15597
0.303218  -0.0964695  -0.0199005  -0.0964695  0.228751  0.0492847  -0.0199005  0.0492847  0.155978
0.303221  -0.0964658  -0.0198873  -0.0964658  0.228734  0.0492716  -0.0198873  0.0492716  0.155976
0.303239  -0.0963209  -0.0196405  -0.0963209  0.22842  0.0490359  -0.0196405  0.0490359  0.155975
0.303241  -0.0963129  -0.0196152  -0.0963129  0.228399  0.0490163  -0.0196152  0.0490163  0.155976
0.303266  -0.0961726  -0.0193797  -0.0961726  0.228079  0.0487815  -0.0193797  0.0487815  0.155969
0.30329  -0.0960831  -0.0191974  -0.0960831  0.227848  0.0486058  -0.0191974  0.0486058  0.155963
0.303291  -0.0960751  -0.0191722  -0.0960751  0.227826  0.0485863  -0.0191722  0.0485863  0.155964
0.303323  -0.0959391  -0.018948  -0.0959391  0.227501  0.0483529  -0.018948  0.0483529  0.155951
0.303329  -0.0959316  -0.0189217  -0.0959316  0.227468  0.0483269  -0.0189217  0.0483269  0.155948
0.303354  -0.0957907  -0.0186868  -0.0957907  0.22715  0.0480944  -0.0186868  0.0480944  0.155944
0.303382  -0.0957011  -0.0185037  -0.0957011  0.226909  0.0479138  -0.0185037  0.0479138  0.155935
0.303385  -0.0956973  -0.0184906  -0.0956973  0.226893  0.0479009  -0.0184906  0.0479009  0.155933
0.303407  -0.0955519  -0.0182441  -0.0955519  0.226572  0.0476634  -0.0182441  0.0476634  0.155933
0.303407  -0.0955283  -0.0182243  -0.0955283  0.226536  0.0476412  -0.0182243  0.0476412  0.155935
0.303432  -0.0953788  -0.017965  -0.0953788  0.226199  0.0473919  -0.017965  0.0473919  0.155935
0.303445  -0.0952683  -0.0177781  -0.0952683  0.225964  0.0472168  -0.0177781  0.0472168  0.15594
0.303448  -0.0952645  -0.017765  -0.0952645  0.225948  0.047204  -0.017765  0.047204  0.155938
0.303475  -0.0951189  -0.0175181  -0.0951189  0.225618  0.0469625  -0.0175181  0.0469625  0.155937
0.303476  -0.0951108  -0.0174931  -0.0951108  0.225597  0.0469435  -0.0174931  0.0469435  0.155939
0.303495  -0.0949606  -0.0172358  -0.0949606  0.225274  0.0467033  -0.0172358  0.0467033  0.155947
0.3035  -0.0948422  -0.0170812  -0.0948422  0.225059  0.0465526  -0.0170812  0.0465526  0.155956
0.303501  -0.0948341  -0.0170563  -0.0948341  0.225038  0.0465337  -0.0170563  0.0465337  0.155958
0.303532  -0.0946883  -0.0168089  -0.0946883  0.224699  0.0462882  -0.0168089  0.0462882  0.155955
0.303533  -0.0946802  -0.0167839  -0.0946802  0.224678  0.0462694  -0.0167839  0.0462694  0.155957
0.303565  -0.094527  -0.0165656  -0.094527  0.224335  0.0460342  -0.0165656  0.0460342  0.155948
0.303591  -0.0944123  -0.0163643  -0.0944123  0.224064  0.0458373  -0.0163643  0.0458373  0.155948
0.303592  -0.0943928  -0.0163565  -0.0943928  0.224034  0.0458218  -0.0163565  0.0458218  0.155946
0.303622  -0.0942259  -0.0160483  -0.0942259  0.223651  0.0455356  -0.0160483  0.0455356  0.155955
0.303621  -0.0942023  -0.0160288  -0.0942023  0.223616  0.0455142  -0.0160288  0.0455142  0.155957
0.303657  -0.0940475  -0.0157561  -0.0940475  0.223249  0.0452474  -0.0157561  0.0452474  0.155957
0.30366  -0.0940435  -0.015743  -0.0940435  0.223232  0.0452349  -0.015743  0.0452349  0.155956
0.303688  -0.0938841  -0.0154602  -0.0938841  0.222873  0.0449696  -0.0154602  0.0449696  0.155965
0.303708  -0.0937685  -0.015261  -0.0937685  0.222617  0.0447821  -0.015261  0.0447821  0.155972
0.303708  -0.093749  -0.0152533  -0.093749  0.222587  0.044767  -0.0152533  0.044767  0.155971
0.303736  -0.0936087  -0.0149787  -0.0936087  0.222259  0.0445187  -0.0149787  0.0445187  0.155983
0.303736  -0.0935892  -0.014971  -0.0935892  0.222229  0.0445036  -0.014971  0.0445036  0.155982
0.303768  -0.0934374  -0.0147123  -0.0934374  0.221881  0.0442531  -0.0147123  0.0442531  0.155987
0.303784  -0.0933255  -0.0145268  -0.0933255  0.221643  0.04408  -0.0145268  0.04408  0.155997
0.303785  -0.0933173  -0.0145021  -0.0933173  0.221622  0.0440618  -0.0145021  0.0440618  0.156
0.303814  -0.0931609  -0.0142322  -0.0931609  0.221272  0.0438071  -0.0142322  0.0438071  0.156011
0.303817  -0.0931568  -0.0142192  -0.0931568  0.221256  0.0437948  -0.0142192  0.0437948  0.15601
0.30385  -0.0930001  -0.013948  -0.0930001  0.220894  0.0435347  -0.013948  0.0435347  0.156018
0.303872  -0.0928918  -0.013773  -0.0928918  0.220651  0.0433629  -0.013773  0.0433629  0.156022
0.303873  -0.0928722  -0.0137654  -0.0928722  0.220622  0.0433481  -0.0137654  0.0433481  0.156021
0.303903  -0.0927305  -0.0134907  -0.0927305  0.220287  0.0430988  -0.0134907  0.0430988  0.156035
0.303904  -0.092711  -0.0134831  -0.092711  0.220258  0.043084  -0.0134831  0.043084  0.156034
0.303938  -0.0925772  -0.0132316  -0.0925772  0.219933  0.0428471  -0.0132316  0.0428471  0.156042
0.30396  -0.0924795  -0.0130401  -0.0924795  0.2197  0.0426739  -0.0130401  0.0426739  0.156053
0.303963  -0.0924753  -0.013027  -0.0924753  0.219685  0.0426618  -0.013027  0.0426618  0.156053
0.303989  -0.0923258  -0.0127829  -0.0923258  0.219359  0.0424302  -0.0127829  0.0424302  0.156066
0.30399  -0.0923175  -0.0127584  -0.0923175  0.219339  0.0424125  -0.0127584  0.0424125  0.15607
0.304023  -0.0921942  -0.0124906  -0.0921942  0.219026  0.0421747  -0.0124906  0.0421747  0.156085
0.304045  -0.092096  -0.0122995  -0.092096  0.218795  0.0420033  -0.0122995  0.0420033  0.156098
0.304045  -0.0920877  -0.0122751  -0.0920877  0.218775  0.0419857  -0.0122751  0.0419857  0.156102
0.304078  -0.0919414  -0.0120412  -0.0919414  0.218444  0.0417557  -0.0120412  0.0417557  0.15611
0.304079  -0.091933  -0.0120168  -0.091933  0.218425  0.0417381  -0.0120168  0.0417381  0.156114
0.304115  -0.0918058  -0.0117889  -0.0918058  0.218112  0.0415169  -0.0117889  0.0415169  0.156119
0.304146  -0.0917065  -0.0115946  -0.0917065  0.21786  0.0413344  -0.0115946  0.0413344  0.156126
0.304148  -0.0917022  -0.0115816  -0.0917022  0.217845  0.0413226  -0.0115816  0.0413226  0.156126
0.304187  -0.09157  -0.0113407  -0.09157  0.217518  0.0410908  -0.0113407  0.0410908  0.156132
0.304212  -0.0914594  -0.0111652  -0.0914594  0.21727  0.0409189  -0.0111652  0.0409189  0.156139
0.304215  -0.091455  -0.0111521  -0.091455  0.217254  0.040907  -0.0111521  0.040907  0.15614
0.304254  -0.0913139  -0.0108871  -0.0913139  0.21691  0.0406594  -0.0108871  0.0406594  0.156152
0.304252  -0.0912902  -0.0108683  -0.0912902  0.216877  0.0406398  -0.0108683  0.0406398  0.156156
0.304283  -0.0911646  -0.0106016  -0.0911646  0.216569  0.0404081  -0.0106016  0.0404081  0.15618
0.304287  -0.0911406  -0.0105811  -0.0911406  0.216525  0.0403823  -0.0105811  0.0403823  0.156179
0.304311  -0.0909914  -0.0102977  -0.0909914  0.216197  0.0401385  -0.0102977  0.0401385  0.156212
0.304314  -0.090987  -0.0102847  -0.090987  0.216182  0.0401268  -0.0102847  0.0401268  0.156212
0.30435  -0.0908407  -0.010009  -0.0908407  0.215836  0.0398767  -0.010009  0.0398767  0.156233
0.30435  -0.090821  -0.0100015  -0.090821  0.215808  0.0398628  -0.0100015  0.0398628  0.156233
0.304373  -0.0906798  -0.00974291  -0.0906798  0.215501  0.0396379  -0.00974291  0.0396379  0.156263
0.304392  -0.0905684  -0.00956991  -0.0905684  0.215267  0.0394761  -0.00956991  0.0394761  0.156279
0.304394  -0.0905639  -0.00955688  -0.0905639  0.215252  0.0394645  -0.00955688  0.0394645  0.15628
0.304427  -0.0904101  -0.00931139  -0.0904101  0.214915  0.0392315  -0.00931139  0.0392315  0.156298
0.304429  -0.0904056  -0.00929836  -0.0904056  0.2149  0.03922  -0.00929836  0.03922  0.156299
0.304454  -0.0902369  -0.00906054  -0.0902369  0.214562  0.0389921  -0.00906054  0.0389921  0.156321
0.304472  -0.0901362  -0.00887127  -0.0901362  0.214339  0.0388289  -0.00887127  0.0388289  0.156345
0.304472  -0.0901164  -0.00886382  -0.0901164  0.214312  0.0388152  -0.00886382  0.0388152  0.156345
0.304495  -0.0899657  -0.00858216  -0.0899657  0.21399  0.0385776  -0.00858216  0.0385776  0.156385
0.304495  -0.0899459  -0.00857474  -0.0899459  0.213962  0.038564  -0.00857474  0.038564  0.156385
0.304514  -0.0897995  -0.00830641  -0.0897995  0.213656  0.0383388  -0.00830641  0.0383388  0.156426
0.304525  -0.0896837  -0.00812531  -0.0896837  0.213433  0.0381815  -0.00812531  0.0381815  0.156455
0.304528  -0.0896792  -0.0081123  -0.0896792  0.213418  0.0381701  -0.0081123  0.0381701  0.156456
0.30454  -0.0895179  -0.00785219  -0.0895179  0.213113  0.0379506  -0.00785219  0.0379506  0.156502
0.304538  -0.0894942  -0.00783388  -0.0894942  0.213081  0.0379322  -0.00783388  0.0379322  0.156507
0.304558  -0.0893401  -0.00759387  -0.0893401  0.212773  0.0377176  -0.00759387  0.0377176  0.156541
0.304561  -0.0892208  -0.00740462  -0.0892208  0.21256  0.0375633  -0.00740462  0.0375633  0.156581
0.304564  -0.0892161  -0.00739163  -0.0892161  0.212545  0.037552  -0.00739163  0.037552  0.156582
0.304566  -0.089025  -0.00714589  -0.089025  0.212228  0.0373374  -0.00714589  0.0373374  0.156634
0.304568  -0.0890204  -0.00713292  -0.0890204  0.212213  0.0373261  -0.00713292  0.0373261  0.156635
0.304575  -0.0888397  -0.00686901  -0.0888397  0.211895  0.0371032  -0.00686901  0.0371032  0.15669
0.304575  -0.0887052  -0.00668628  -0.0887052  0.211672  0.0369489  -0.00668628  0.0369489  0.156731
