0.307487  -0.139285  -0.0830373  -0.139285  0.315363  0.11995  -0.0830373  0.11995  0.18008
0.307487  -0.139285  -0.0830373  -0.139285  0.315363  0.11995  -0.0830373  0.11995  0.18008
0.307481  -0.139557  -0.0823581  -0.139557  0.315557  0.119612  -0.0823581  0.119612  0.179633
0.307476  -0.139591  -0.0822633  -0.139591  0.315586  0.119567  -0.0822633  0.119567  0.179573
0.30747  -0.14015  -0.0808668  -0.14015  0.315977  0.118861  -0.0808668  0.118861  0.178668
0.30746  -0.140149  -0.0808005  -0.140149  0.315963  0.118815  -0.0808005  0.118815  0.178627
0.307284  -0.139855  -0.0801578  -0.139855  0.315467  0.118229  -0.0801578  0.118229  0.178232
0.307265  -0.139823  -0.0800748  -0.139823  0.315409  0.118155  -0.0800748  0.118155  0.17818
0.307098  -0.140111  -0.0785017  -0.140111  0.315556  0.117267  -0.0785017  0.117267  0.177241
0.307083  -0.14013  -0.0783669  -0.14013  0.315559  0.117187  -0.0783669  0.117187  0.177161
0.307021  -0.140315  -0.0765205  -0.140315  0.315159  0.115832  -0.0765205  0.115832  0.17599
0.307017  -0.140312  -0.0763584  -0.140312  0.315082  0.115693  -0.0763584  0.115693  0.175884
0.306996  -0.140186  -0.0758401  -0.140186  0.314637  0.115162  -0.0758401  0.115162  0.175536
0.306934  -0.139775  -0.0748642  -0.139775  0.313517  0.114045  -0.0748642  0.114045  0.174873
0.306941  -0.139717  -0.0748642  -0.139717  0.313391  0.113985  -0.0748642  0.113985  0.174859
0.30692  -0.139045  -0.074527  -0.139045  0.311991  0.113141  -0.074527  0.113141  0.174545
0.306927  -0.139015  -0.0744789  -0.139015  0.311897  0.113065  -0.0744789  0.113065  0.174505
0.307212  -0.139322  -0.0734102  -0.139322  0.311359  0.112043  -0.0734102  0.112043  0.173715
0.307241  -0.139329  -0.0733821  -0.139329  0.311295  0.111987  -0.0733821  0.111987  0.173682
0.307624  -0.138655  -0.0738507  -0.138655  0.30942  0.111313  -0.0738507  0.111313  0.173639
0.307678  -0.138535  -0.0739898  -0.138535  0.309141  0.111257  -0.0739898  0.111257  0.173675
0.30798  -0.138573  -0.073598  -0.138573  0.308392  0.110574  -0.073598  0.110574  0.173263
0.307996  -0.1386  -0.0735178  -0.1386  0.308372  0.110509  -0.0735178  0.110509  0.173208
0.30831  -0.138561  -0.0730524  -0.138561  0.307424  0.109687  -0.0730524  0.109687  0.172736
0.308335  -0.138503  -0.0730997  -0.138503  0.307286  0.109646  -0.0730997  0.109646  0.172741
0.308557  -0.137687  -0.0736461  -0.137687  0.305558  0.109137  -0.0736461  0.109137  0.172819
0.308573  -0.137658  -0.0736615  -0.137658  0.305477  0.109104  -0.0736615  0.109104  0.172814
0.308677  -0.138056  -0.0723032  -0.138056  0.305371  0.108176  -0.0723032  0.108176  0.171992
0.308688  -0.138075  -0.0722034  -0.138075  0.305339  0.108096  -0.0722034  0.108096  0.171929
0.308802  -0.13788  -0.0716737  -0.13788  0.304497  0.107351  -0.0716737  0.107351  0.171518
0.308813  -0.137829  -0.0716931  -0.137829  0.304388  0.10731  -0.0716931  0.10731  0.171515
0.30887  -0.137466  -0.0716221  -0.137466  0.303565  0.106879  -0.0716221  0.106879  0.171383
0.3089  -0.137571  -0.0715063  -0.137571  0.303646  0.106834  -0.0715063  0.106834  0.171315
0.308946  -0.137875  -0.0709657  -0.137875  0.303869  0.106583  -0.0709657  0.106583  0.171021
0.309096  -0.138354  -0.0700648  -0.138354  0.304044  0.106051  -0.0700648  0.106051  0.170495
0.309109  -0.13836  -0.0700683  -0.13836  0.304031  0.106044  -0.0700683  0.106044  0.170491
0.309297  -0.138079  -0.0705403  -0.138079  0.303347  0.105977  -0.0705403  0.105977  0.170616
0.309328  -0.138114  -0.0705431  -0.138114  0.303351  0.105971  -0.0705431  0.105971  0.170607
0.309565  -0.138887  -0.0699673  -0.138887  0.304053  0.105849  -0.0699673  0.105849  0.170274
0.309569  -0.138937  -0.0699155  -0.138937  0.304113  0.105842  -0.0699155  0.105842  0.17025
0.309862  -0.139084  -0.0701304  -0.139084  0.303903  0.105795  -0.0701304  0.105795  0.170241
0.309881  -0.139071  -0.0702012  -0.139071  0.303873  0.10582  -0.0702012  0.10582  0.170269
0.310071  -0.139038  -0.0706038  -0.139038  0.303618  0.105902  -0.0706038  0.105902  0.170393
0.310076  -0.139059  -0.0705997  -0.139059  0.303647  0.10591  -0.0705997  0.10591  0.170392
0.31014  -0.139548  -0.0700122  -0.139548  0.304164  0.10575  -0.0700122  0.10575  0.170101
0.31014  -0.139562  -0.0699883  -0.139562  0.30418  0.105742  -0.0699883  0.105742  0.17009
0.310124  -0.139199  -0.0702033  -0.139199  0.303632  0.10564  -0.0702033  0.10564  0.170162
0.310119  -0.139163  -0.0702312  -0.139163  0.303587  0.10564  -0.0702312  0.10564  0.170175
0.309994  -0.139144  -0.0699099  -0.139144  0.303651  0.105504  -0.0699099  0.105504  0.170054
0.30998  -0.139165  -0.0698588  -0.139165  0.303695  0.105496  -0.0698588  0.105496  0.170036
0.3098  -0.139259  -0.0692865  -0.139259  0.303968  0.105311  -0.0692865  0.105311  0.169824
0.3098  -0.139259  -0.0692865  -0.139259  0.303968  0.105311  -0.0692865  0.105311  0.169824
0.309746  -0.139131  -0.0693603  -0.139131  0.30387  0.105331  -0.0693603  0.105331  0.169873
0.309577  -0.138991  -0.0693517  -0.138991  0.303942  0.10541  -0.0693517  0.10541  0.169935
0.309556  -0.139014  -0.069317  -0.139014  0.304011  0.105425  -0.069317  0.105425  0.169931
0.309508  -0.139165  -0.0691168  -0.139165  0.304299  0.10544  -0.0691168  0.10544  0.169868
0.309424  -0.139256  -0.0690568  -0.139256  0.304611  0.105565  -0.0690568  0.105565  0.169894
0.309416  -0.139243  -0.0690967  -0.139243  0.30462  0.105597  -0.0690967  0.105597  0.169919
0.309374  -0.139225  -0.0693995  -0.139225  0.304808  0.105884  -0.0693995  0.105884  0.170108
0.309371  -0.139248  -0.0694115  -0.139248  0.304863  0.105916  -0.0694115  0.105916  0.17012
0.30934  -0.139366  -0.069365  -0.139366  0.305126  0.106012  -0.069365  0.106012  0.17013
0.309253  -0.139494  -0.0692927  -0.139494  0.305509  0.106162  -0.0692927  0.106162  0.170157
0.309245  -0.139481  -0.0693327  -0.139481  0.305518  0.106194  -0.0693327  0.106194  0.170182
0.309079  -0.139256  -0.0694663  -0.139256  0.305493  0.106319  -0.0694663  0.106319  0.17031
0.309066  -0.139249  -0.0694628  -0.139249  0.305505  0.106326  -0.0694628  0.106326  0.170314
0.308849  -0.139243  -0.0691977  -0.139243  0.305815  0.106363  -0.0691977  0.106363  0.170281
0.308836  -0.13925  -0.0691705  -0.13925  0.305843  0.106362  -0.0691705  0.106362  0.170274
0.308596  -0.139007  -0.0690619  -0.139007  0.305827  0.106363  -0.0690619  0.106363  0.170303
0.30856  -0.13895  -0.0690634  -0.13895  0.305794  0.10636  -0.0690634  0.10636  0.170314
0.30845  -0.138829  -0.0690325  -0.138829  0.305778  0.106369  -0.0690325  0.106369  0.170337
0.308188  -0.138701  -0.0687827  -0.138701  0.305967  0.106378  -0.0687827  0.106378  0.17032
0.30817  -0.138686  -0.0687599  -0.138686  0.305966  0.106368  -0.0687599  0.106368  0.170315
0.307946  -0.138475  -0.0687454  -0.138475  0.306027  0.106458  -0.0687454  0.106458  0.170396
0.307934  -0.138469  -0.068742  -0.138469  0.30604  0.106465  -0.068742  0.106465  0.1704
0.307738  -0.138244  -0.0687816  -0.138244  0.306045  0.106556  -0.0687816  0.106556  0.170495
0.307712  -0.13823  -0.0687747  -0.13823  0.306069  0.106571  -0.0687747  0.106571  0.170503
0.30754  -0.138141  -0.0687457  -0.138141  0.306251  0.106688  -0.0687457  0.106688  0.170569
0.307527  -0.138121  -0.0687658  -0.138121  0.306248  0.106704  -0.0687658  0.106704  0.170584
0.307365  -0.13792  -0.0689095  -0.13792  0.306277  0.10686  -0.0689095  0.10686  0.170724
0.307348  -0.137891  -0.0689103  -0.137891  0.30626  0.106859  -0.0689103  0.106859  0.170729
0.307183  -0.137786  -0.0688106  -0.137786  0.306366  0.106896  -0.0688106  0.106896  0.170749
0.307166  -0.137772  -0.0687878  -0.137772  0.306366  0.106887  -0.0687878  0.106887  0.170744
0.306997  -0.13756  -0.0687559  -0.13756  0.306313  0.106899  -0.0687559  0.106899  0.170788
0.30698  -0.137532  -0.0687567  -0.137532  0.306296  0.106898  -0.0687567  0.106898  0.170793
0.306784  -0.13729  -0.0685858  -0.13729  0.306182  0.106803  -0.0685858  0.106803  0.170769
0.306767  -0.137276  -0.0685631  -0.137276  0.306181  0.106794  -0.0685631  0.106794  0.170764
0.306558  -0.137027  -0.0683117  -0.137027  0.306046  0.106644  -0.0683117  0.106644  0.170702
0.306537  -0.136992  -0.0682934  -0.136992  0.306016  0.106626  -0.0682934  0.106626  0.170698
0.306461  -0.136865  -0.0682584  -0.136865  0.305924  0.106589  -0.0682584  0.106589  0.170702
0.306317  -0.136596  -0.068119  -0.136596  0.305666  0.106434  -0.068119  0.106434  0.170664
0.306305  -0.136589  -0.0681156  -0.136589  0.305678  0.106441  -0.0681156  0.106441  0.170668
0.306199  -0.136384  -0.067994  -0.136384  0.305466  0.106306  -0.067994  0.106306  0.170628
0.306191  -0.136356  -0.0679792  -0.136356  0.305425  0.106281  -0.0679792  0.106281  0.17062
0.306136  -0.136138  -0.0680187  -0.136138  0.305153  0.106203  -0.0680187  0.106203  0.170639
0.306132  -0.136117  -0.068023  -0.136117  0.305125  0.106195  -0.068023  0.106195  0.170641
0.306097  -0.136004  -0.0679639  -0.136004  0.304961  0.106096  -0.0679639  0.106096  0.17061
0.306093  -0.135983  -0.0679682  -0.135983  0.304933  0.106088  -0.0679682  0.106088  0.170611
0.306088  -0.135919  -0.0679654  -0.135919  0.304823  0.106039  -0.0679654  0.106039  0.170602
0.306078  -0.135792  -0.0679598  -0.135792  0.304604  0.105941  -0.0679598  0.105941  0.170585
0.306074  -0.135771  -0.0679641  -0.135771  0.304576  0.105933  -0.0679641  0.105933  0.170586
0.30605  -0.135664  -0.0678315  -0.135664  0.304366  0.105764  -0.0678315  0.105764  0.170509
0.306046  -0.135656  -0.0678125  -0.135656  0.304353  0.105748  -0.0678125  0.105748  0.1705
0.306013  -0.135507  -0.0676887  -0.135507  0.304088  0.105563  -0.0676887  0.105563  0.170426
0.306017  -0.135499  -0.0676541  -0.135499  0.30405  0.105524  -0.0676541  0.105524  0.170404
0.305992  -0.135363  -0.0674916  -0.135363  0.303776  0.105309  -0.0674916  0.105309  0.170306
0.305987  -0.135356  -0.0674727  -0.135356  0.303763  0.105293  -0.0674727  0.105293  0.170297
0.305975  -0.135213  -0.0673371  -0.135213  0.303462  0.105078  -0.0673371  0.105078  0.170207
0.305987  -0.13522  -0.0673404  -0.13522  0.30345  0.105071  -0.0673404  0.105071  0.170203
0.305989  -0.135156  -0.0673221  -0.135156  0.303316  0.105  -0.0673221  0.105  0.170181
0.306018  -0.135069  -0.0672456  -0.135069  0.303057  0.104828  -0.0672456  0.104828  0.170109
0.306018  -0.135069  -0.0672456  -0.135069  0.303057  0.104828  -0.0672456  0.104828  0.170109
0.306089  -0.13501  -0.0672746  -0.13501  0.302808  0.104712  -0.0672746  0.104712  0.170074
0.306089  -0.13501  -0.0672746  -0.13501  0.302808  0.104712  -0.0672746  0.104712  0.170074
0.306156  -0.134972  -0.0673149  -0.134972  0.302612  0.104628  -0.0673149  0.104628  0.170052
0.306156  -0.134972  -0.0673149  -0.134972  0.302612  0.104628  -0.0673149  0.104628  0.170052
0.306223  -0.135004  -0.0673157  -0.135004  0.302527  0.104569  -0.0673157  0.104569  0.170019
0.306223  -0.135004  -0.0673157  -0.135004  0.302527  0.104569  -0.0673157  0.104569  0.170019
0.306291  -0.135009  -0.067363  -0.135009  0.302411  0.104525  -0.067363  0.104525  0.170006
0.306291  -0.135009  -0.067363  -0.135009  0.302411  0.104525  -0.067363  0.104525  0.170006
0.306339  -0.135076  -0.0673064  -0.135076  0.302409  0.104474  -0.0673064  0.104474  0.169958
0.306355  -0.135104  -0.0673054  -0.135104  0.302424  0.104475  -0.0673054  0.104475  0.169953
0.306403  -0.135144  -0.0672953  -0.135144  0.302391  0.104438  -0.0672953  0.104438  0.169926
0.306403  -0.135144  -0.0672953  -0.135144  0.302391  0.104438  -0.0672953  0.104438  0.169926
0.306451  -0.135197  -0.067262  -0.135197  0.302374  0.104394  -0.067262  0.104394  0.169889
0.306467  -0.135225  -0.067261  -0.135225  0.302389  0.104396  -0.067261  0.104396  0.169883
0.306536  -0.135299  -0.0672688  -0.135299  0.302385  0.104376  -0.0672688  0.104376  0.16986
0.306536  -0.135299  -0.0672688  -0.135299  0.302385  0.104376  -0.0672688  0.104376  0.16986
0.30656  -0.135299  -0.0672986  -0.135299  0.302345  0.104369  -0.0672986  0.104369  0.169863
0.306622  -0.13536  -0.0673453  -0.13536  0.302349  0.104381  -0.0673453  0.104381  0.169863
0.306638  -0.135388  -0.0673443  -0.135388  0.302365  0.104382  -0.0673443  0.104382  0.169857
0.306713  -0.135442  -0.0674177  -0.135442  0.302342  0.104393  -0.0674177  0.104393  0.169864
0.306708  -0.135421  -0.067422  -0.135421  0.302314  0.104385  -0.067422  0.104385  0.169865
0.306766  -0.135462  -0.0674731  -0.135462  0.302291  0.104388  -0.0674731  0.104388  0.169867
0.306766  -0.135462  -0.0674731  -0.135462  0.302291  0.104388  -0.0674731  0.104388  0.169867
0.306804  -0.135524  -0.0674902  -0.135524  0.302335  0.104406  -0.0674902  0.104406  0.169865
0.306804  -0.135524  -0.0674902  -0.135524  0.302335  0.104406  -0.0674902  0.104406  0.169865
0.306812  -0.13551  -0.0674977  -0.13551  0.302295  0.10439  -0.0674977  0.10439  0.169862
0.306823  -0.135544  -0.0674544  -0.135544  0.302314  0.104368  -0.0674544  0.104368  0.169837
0.306823  -0.135544  -0.0674544  -0.135544  0.302314  0.104368  -0.0674544  0.104368  0.169837
0.306818  -0.13555  -0.0674121  -0.13555  0.302317  0.104345  -0.0674121  0.104345  0.169818
0.306818  -0.13555  -0.0674121  -0.13555  0.302317  0.104345  -0.0674121  0.104345  0.169818
0.306806  -0.135558  -0.0673856  -0.135558  0.302344  0.104344  -0.0673856  0.104344  0.169812
0.306806  -0.135558  -0.0673856  -0.135558  0.302344  0.104344  -0.0673856  0.104344  0.169812
0.306806  -0.135571  -0.0673623  -0.135571  0.30236  0.104337  -0.0673623  0.104337  0.169801
0.30681  -0.135579  -0.0673813  -0.135579  0.302372  0.104353  -0.0673813  0.104353  0.16981
0.306815  -0.135586  -0.0674003  -0.135586  0.302385  0.104369  -0.0674003  0.104369  0.169819
0.306824  -0.135614  -0.067415  -0.135614  0.302425  0.104393  -0.067415  0.104393  0.169827
0.306816  -0.135629  -0.0674074  -0.135629  0.302465  0.104408  -0.0674074  0.104408  0.169829
0.306816  -0.135629  -0.0674074  -0.135629  0.302465  0.104408  -0.0674074  0.104408  0.169829
0.306821  -0.135636  -0.0674265  -0.135636  0.302478  0.104424  -0.0674265  0.104424  0.169838
0.306813  -0.135623  -0.0674655  -0.135623  0.302487  0.104455  -0.0674655  0.104455  0.169862
0.306801  -0.135616  -0.0674622  -0.135616  0.302499  0.104462  -0.0674622  0.104462  0.169866
0.306776  -0.135617  -0.0674323  -0.135617  0.302539  0.104469  -0.0674323  0.104469  0.169864
0.306776  -0.135617  -0.0674323  -0.135617  0.302539  0.104469  -0.0674323  0.104469  0.169864
0.306743  -0.135576  -0.067411  -0.135576  0.302522  0.104459  -0.067411  0.104459  0.169864
0.306739  -0.135568  -0.067392  -0.135568  0.30251  0.104443  -0.067392  0.104443  0.169855
0.306726  -0.135576  -0.0673654  -0.135576  0.302537  0.104443  -0.0673654  0.104443  0.169849
0.306685  -0.135562  -0.0673133  -0.135562  0.302577  0.104441  -0.0673133  0.104441  0.169842
0.306685  -0.135562  -0.0673133  -0.135562  0.302577  0.104441  -0.0673133  0.104441  0.169842
0.306668  -0.135549  -0.067291  -0.135549  0.302576  0.104433  -0.067291  0.104433  0.169837
0.306668  -0.135549  -0.067291  -0.135549  0.302576  0.104433  -0.067291  0.104433  0.169837
0.306651  -0.135535  -0.0672688  -0.135535  0.302576  0.104424  -0.0672688  0.104424  0.169832
0.306656  -0.135556  -0.0672645  -0.135556  0.302604  0.104432  -0.0672645  0.104432  0.16983
0.306656  -0.135556  -0.0672645  -0.135556  0.302604  0.104432  -0.0672645  0.104432  0.16983
0.30666  -0.135563  -0.0672835  -0.135563  0.302616  0.104448  -0.0672835  0.104448  0.169839
0.30666  -0.135563  -0.0672835  -0.135563  0.302616  0.104448  -0.0672835  0.104448  0.169839
0.306665  -0.135584  -0.0672792  -0.135584  0.302644  0.104457  -0.0672792  0.104457  0.169838
0.306669  -0.135605  -0.0672749  -0.135605  0.302672  0.104465  -0.0672749  0.104465  0.169836
0.306673  -0.135612  -0.0672939  -0.135612  0.302685  0.104481  -0.0672939  0.104481  0.169845
0.306673  -0.135612  -0.0672939  -0.135612  0.302685  0.104481  -0.0672939  0.104481  0.169845
0.306669  -0.135605  -0.0672749  -0.135605  0.302672  0.104465  -0.0672749  0.104465  0.169836
0.306664  -0.135611  -0.0672326  -0.135611  0.302675  0.104441  -0.0672326  0.104441  0.169817
0.306659  -0.135604  -0.0672136  -0.135604  0.302663  0.104426  -0.0672136  0.104426  0.169808
0.306659  -0.135604  -0.0672136  -0.135604  0.302663  0.104426  -0.0672136  0.104426  0.169808
0.306643  -0.135604  -0.0671681  -0.135604  0.302678  0.104409  -0.0671681  0.104409  0.169793
0.306643  -0.135604  -0.0671681  -0.135604  0.302678  0.104409  -0.0671681  0.104409  0.169793
0.306638  -0.135611  -0.0671259  -0.135611  0.302681  0.104386  -0.0671259  0.104386  0.169773
0.306638  -0.135611  -0.0671259  -0.135611  0.302681  0.104386  -0.0671259  0.104386  0.169773
0.306638  -0.135611  -0.0671259  -0.135611  0.302681  0.104386  -0.0671259  0.104386  0.169773
0.306633  -0.135603  -0.0671069  -0.135603  0.302669  0.10437  -0.0671069  0.10437  0.169764
0.306629  -0.135596  -0.0670879  -0.135596  0.302656  0.104354  -0.0670879  0.104354  0.169756
0.306645  -0.135624  -0.0670869  -0.135624  0.302672  0.104355  -0.0670869  0.104355  0.16975
0.306645  -0.135624  -0.0670869  -0.135624  0.302672  0.104355  -0.0670869  0.104355  0.16975
0.306645  -0.135624  -0.0670869  -0.135624  0.302672  0.104355  -0.0670869  0.104355  0.16975
0.306645  -0.135624  -0.0670869  -0.135624  0.302672  0.104355  -0.0670869  0.104355  0.16975
0.306645  -0.135624  -0.0670869  -0.135624  0.302672  0.104355  -0.0670869  0.104355  0.16975
0.306645  -0.135637  -0.0670636  -0.135637  0.302687  0.104348  -0.0670636  0.104348  0.16974
0.306645  -0.135637  -0.0670636  -0.135637  0.302687  0.104348  -0.0670636  0.104348  0.16974
0.30664  -0.13563  -0.0670447  -0.13563  0.302675  0.104332  -0.0670447  0.104332  0.169731
0.30664  -0.13563  -0.0670447  -0.13563  0.302675  0.104332  -0.0670447  0.104332  0.169731
0.306636  -0.135623  -0.0670257  -0.135623  0.302662  0.104316  -0.0670257  0.104316  0.169722
0.306619  -0.135623  -0.0669802  -0.135623  0.302678  0.1043  -0.0669802  0.1043  0.169707
0.306619  -0.135623  -0.0669802  -0.135623  0.302678  0.1043  -0.0669802  0.1043  0.169707
0.306619  -0.135623  -0.0669802  -0.135623  0.302678  0.1043  -0.0669802  0.1043  0.169707
0.30661  -0.135608  -0.0669423  -0.135608  0.302653  0.104268  -0.0669423  0.104268  0.169689
0.30661  -0.135608  -0.0669423  -0.135608  0.302653  0.104268  -0.0669423  0.104268  0.169689
0.306601  -0.135594  -0.0669044  -0.135594  0.302628  0.104236  -0.0669044  0.104236  0.169671
0.306601  -0.135594  -0.0669044  -0.135594  0.302628  0.104236  -0.0669044  0.104236  0.169671
0.306613  -0.1356  -0.0669077  -0.1356  0.302616  0.104229  -0.0669077  0.104229  0.169667
0.306608  -0.135593  -0.0668888  -0.135593  0.302603  0.104213  -0.0668888  0.104213  0.169658
0.306608  -0.135593  -0.0668888  -0.135593  0.302603  0.104213  -0.0668888  0.104213  0.169658
0.306604  -0.135586  -0.0668698  -0.135586  0.302591  0.104197  -0.0668698  0.104197  0.169649
0.306616  -0.135592  -0.0668731  -0.135592  0.302578  0.10419  -0.0668731  0.10419  0.169645
0.306616  -0.135592  -0.0668731  -0.135592  0.302578  0.10419  -0.0668731  0.10419  0.169645
0.306607  -0.135578  -0.0668352  -0.135578  0.302553  0.104159  -0.0668352  0.104159  0.169628
0.306607  -0.135578  -0.0668352  -0.135578  0.302553  0.104159  -0.0668352  0.104159  0.169628
0.306602  -0.135571  -0.0668163  -0.135571  0.302541  0.104143  -0.0668163  0.104143  0.169619
0.306602  -0.135571  -0.0668163  -0.135571  0.302541  0.104143  -0.0668163  0.104143  0.169619
0.306598  -0.135563  -0.0667973  -0.135563  0.302529  0.104127  -0.0667973  0.104127  0.16961
0.306589  -0.135549  -0.0667595  -0.135549  0.302504  0.104095  -0.0667595  0.104095  0.169592
0.306589  -0.135549  -0.0667595  -0.135549  0.302504  0.104095  -0.0667595  0.104095  0.169592
0.306575  -0.135527  -0.0667027  -0.135527  0.302466  0.104048  -0.0667027  0.104048  0.169566
0.306575  -0.135527  -0.0667027  -0.135527  0.302466  0.104048  -0.0667027  0.104048  0.169566
0.306571  -0.13552  -0.0666838  -0.13552  0.302454  0.104032  -0.0666838  0.104032  0.169557
0.306562  -0.135505  -0.066646  -0.135505  0.302429  0.104  -0.066646  0.104  0.169539
0.306562  -0.135505  -0.066646  -0.135505  0.302429  0.104  -0.066646  0.104  0.169539
0.306552  -0.135491  -0.0666082  -0.135491  0.302404  0.103969  -0.0666082  0.103969  0.169522
0.306552  -0.135491  -0.0666082  -0.135491  0.302404  0.103969  -0.0666082  0.103969  0.169522
0.306536  -0.135477  -0.0665861  -0.135477  0.302404  0.10396  -0.0665861  0.10396  0.169517
0.306536  -0.135477  -0.0665861  -0.135477  0.302404  0.10396  -0.0665861  0.10396  0.169517
0.306527  -0.135463  -0.0665483  -0.135463  0.302379  0.103929  -0.0665483  0.103929  0.169499
0.306527  -0.135463  -0.0665483  -0.135463  0.302379  0.103929  -0.0665483  0.103929  0.169499
0.306522  -0.135455  -0.0665294  -0.135455  0.302366  0.103913  -0.0665294  0.103913  0.169491
0.306522  -0.135455  -0.0665294  -0.135455  0.302366  0.103913  -0.0665294  0.103913  0.169491
0.306513  -0.135441  -0.0664917  -0.135441  0.302341  0.103881  -0.0664917  0.103881  0.169473
0.306513  -0.135441  -0.0664917  -0.135441  0.302341  0.103881  -0.0664917  0.103881  0.169473
0.306497  -0.135441  -0.0664463  -0.135441  0.302357  0.103865  -0.0664463  0.103865  0.169458
0.306497  -0.135441  -0.0664463  -0.135441  0.302357  0.103865  -0.0664463  0.103865  0.169458
0.306488  -0.135426  -0.0664086  -0.135426  0.302332  0.103834  -0.0664086  0.103834  0.169441
0.306483  -0.135419  -0.0663897  -0.135419  0.302319  0.103818  -0.0663897  0.103818  0.169432
0.306462  -0.135398  -0.0663488  -0.135398  0.302307  0.103793  -0.0663488  0.103793  0.169419
0.306462  -0.135398  -0.0663488  -0.135398  0.302307  0.103793  -0.0663488  0.103793  0.169419
0.306457  -0.135405  -0.0663067  -0.135405  0.30231  0.10377  -0.0663067  0.10377  0.1694
0.306457  -0.135405  -0.0663067  -0.135405  0.30231  0.10377  -0.0663067  0.10377  0.1694
0.306453  -0.135397  -0.0662879  -0.135397  0.302297  0.103754  -0.0662879  0.103754  0.169391
0.306448  -0.13539  -0.066269  -0.13539  0.302285  0.103739  -0.066269  0.103739  0.169382
0.306448  -0.13539  -0.066269  -0.13539  0.302285  0.103739  -0.066269  0.103739  0.169382
0.306443  -0.135397  -0.066227  -0.135397  0.302288  0.103716  -0.066227  0.103716  0.169364
0.306443  -0.135397  -0.066227  -0.135397  0.302288  0.103716  -0.066227  0.103716  0.169364
0.306443  -0.135397  -0.066227  -0.135397  0.302288  0.103716  -0.066227  0.103716  0.169364
0.306439  -0.135403  -0.066185  -0.135403  0.302291  0.103692  -0.066185  0.103692  0.169345
0.306439  -0.135403  -0.066185  -0.135403  0.302291  0.103692  -0.066185  0.103692  0.169345
0.306434  -0.135396  -0.0661661  -0.135396  0.302279  0.103677  -0.0661661  0.103677  0.169336
0.30643  -0.135389  -0.0661473  -0.135389  0.302267  0.103661  -0.0661473  0.103661  0.169328
0.306425  -0.135395  -0.0661053  -0.135395  0.30227  0.103638  -0.0661053  0.103638  0.169309
0.306425  -0.135395  -0.0661053  -0.135395  0.30227  0.103638  -0.0661053  0.103638  0.169309
0.306425  -0.135395  -0.0661053  -0.135395  0.30227  0.103638  -0.0661053  0.103638  0.169309
0.306404  -0.135374  -0.0660644  -0.135374  0.302257  0.103613  -0.0660644  0.103613  0.169296
0.306404  -0.135374  -0.0660644  -0.135374  0.302257  0.103613  -0.0660644  0.103613  0.169296
0.306395  -0.135374  -0.0660036  -0.135374  0.302248  0.103574  -0.0660036  0.103574  0.169268
0.306395  -0.135374  -0.0660036  -0.135374  0.302248  0.103574  -0.0660036  0.103574  0.169268
0.306395  -0.135374  -0.0660036  -0.135374  0.302248  0.103574  -0.0660036  0.103574  0.169268
0.30639  -0.13538  -0.0659616  -0.13538  0.302251  0.103551  -0.0659616  0.103551  0.16925
0.30639  -0.13538  -0.0659616  -0.13538  0.302251  0.103551  -0.0659616  0.103551  0.16925
0.306386  -0.135373  -0.0659428  -0.135373  0.302239  0.103536  -0.0659428  0.103536  0.169241
0.306386  -0.135373  -0.0659428  -0.135373  0.302239  0.103536  -0.0659428  0.103536  0.169241
0.306398  -0.135379  -0.065946  -0.135379  0.302227  0.103528  -0.065946  0.103528  0.169237
0.306393  -0.135386  -0.065904  -0.135386  0.30223  0.103505  -0.065904  0.103505  0.169218
0.306393  -0.135386  -0.065904  -0.135386  0.30223  0.103505  -0.065904  0.103505  0.169218
0.306393  -0.1354  -0.0658809  -0.1354  0.302245  0.103498  -0.0658809  0.103498  0.169208
0.306393  -0.1354  -0.0658809  -0.1354  0.302245  0.103498  -0.0658809  0.103498  0.169208
0.306393  -0.1354  -0.0658809  -0.1354  0.302245  0.103498  -0.0658809  0.103498  0.169208
0.306392  -0.135413  -0.0658577  -0.135413  0.302261  0.10349  -0.0658577  0.10349  0.169198
0.306392  -0.135427  -0.0658345  -0.135427  0.302277  0.103483  -0.0658345  0.103483  0.169188
0.306392  -0.135427  -0.0658345  -0.135427  0.302277  0.103483  -0.0658345  0.103483  0.169188
0.306392  -0.135427  -0.0658345  -0.135427  0.302277  0.103483  -0.0658345  0.103483  0.169188
0.306388  -0.13542  -0.0658157  -0.13542  0.302264  0.103467  -0.0658157  0.103467  0.16918
0.306388  -0.13542  -0.0658157  -0.13542  0.302264  0.103467  -0.0658157  0.103467  0.16918
0.306387  -0.135434  -0.0657926  -0.135434  0.30228  0.10346  -0.0657926  0.10346  0.16917
0.306399  -0.13544  -0.0657957  -0.13544  0.302268  0.103452  -0.0657957  0.103452  0.169166
0.306399  -0.13544  -0.0657957  -0.13544  0.302268  0.103452  -0.0657957  0.103452  0.169166
0.306399  -0.13544  -0.0657957  -0.13544  0.302268  0.103452  -0.0657957  0.103452  0.169166
0.306395  -0.135433  -0.065777  -0.135433  0.302256  0.103437  -0.065777  0.103437  0.169157
0.306394  -0.135447  -0.0657538  -0.135447  0.302271  0.103429  -0.0657538  0.103429  0.169147
0.306394  -0.135447  -0.0657538  -0.135447  0.302271  0.103429  -0.0657538  0.103429  0.169147
0.30639  -0.135439  -0.065735  -0.135439  0.302259  0.103414  -0.065735  0.103414  0.169139
0.30639  -0.135439  -0.065735  -0.135439  0.302259  0.103414  -0.065735  0.103414  0.169139
0.306398  -0.135439  -0.0657194  -0.135439  0.302234  0.103391  -0.0657194  0.103391  0.169126
0.306398  -0.135439  -0.0657194  -0.135439  0.302234  0.103391  -0.0657194  0.103391  0.169126
0.306389  -0.135424  -0.0656818  -0.135424  0.30221  0.103359  -0.0656818  0.103359  0.169109
0.306389  -0.135424  -0.0656818  -0.135424  0.30221  0.103359  -0.0656818  0.103359  0.169109
0.306396  -0.135423  -0.0656662  -0.135423  0.302185  0.103336  -0.0656662  0.103336  0.169096
0.306396  -0.135423  -0.0656662  -0.135423  0.302185  0.103336  -0.0656662  0.103336  0.169096
0.306399  -0.135415  -0.0656318  -0.135415  0.302148  0.103298  -0.0656318  0.103298  0.169075
0.306399  -0.135415  -0.0656318  -0.135415  0.302148  0.103298  -0.0656318  0.103298  0.169075
0.306407  -0.135415  -0.0656162  -0.135415  0.302124  0.103275  -0.0656162  0.103275  0.169063
0.306407  -0.135415  -0.0656162  -0.135415  0.302124  0.103275  -0.0656162  0.103275  0.169063
0.306402  -0.135408  -0.0655975  -0.135408  0.302111  0.103259  -0.0655975  0.103259  0.169054
0.306405  -0.135386  -0.0655862  -0.135386  0.302059  0.103228  -0.0655862  0.103228  0.169043
0.306405  -0.135386  -0.0655862  -0.135386  0.302059  0.103228  -0.0655862  0.103228  0.169043
0.306416  -0.135377  -0.0655363  -0.135377  0.301998  0.103167  -0.0655363  0.103167  0.169009
0.306416  -0.135377  -0.0655363  -0.135377  0.301998  0.103167  -0.0655363  0.103167  0.169009
0.306423  -0.135376  -0.0655207  -0.135376  0.301973  0.103144  -0.0655207  0.103144  0.168996
0.306422  -0.135348  -0.0654907  -0.135348  0.301908  0.103097  -0.0654907  0.103097  0.168977
0.306434  -0.135354  -0.0654938  -0.135354  0.301896  0.10309  -0.0654938  0.10309  0.168973
0.306421  -0.135319  -0.0654607  -0.135319  0.301844  0.10305  -0.0654607  0.10305  0.168957
0.306432  -0.13531  -0.0654108  -0.13531  0.301783  0.102989  -0.0654108  0.102989  0.168924
0.306432  -0.13531  -0.0654108  -0.13531  0.301783  0.102989  -0.0654108  0.102989  0.168924
0.306434  -0.135259  -0.0653696  -0.135259  0.301665  0.102911  -0.0653696  0.102911  0.168893
0.306429  -0.135252  -0.0653509  -0.135252  0.301653  0.102896  -0.0653509  0.102896  0.168884
0.306437  -0.135251  -0.0653353  -0.135251  0.301629  0.102873  -0.0653353  0.102873  0.168872
0.306434  -0.135194  -0.0652754  -0.135194  0.301499  0.10278  -0.0652754  0.10278  0.168833
0.306434  -0.135194  -0.0652754  -0.135194  0.301499  0.10278  -0.0652754  0.10278  0.168833
0.306432  -0.135136  -0.0652155  -0.135136  0.30137  0.102687  -0.0652155  0.102687  0.168793
0.306432  -0.135136  -0.0652155  -0.135136  0.30137  0.102687  -0.0652155  0.102687  0.168793
0.306431  -0.135107  -0.0651856  -0.135107  0.301306  0.10264  -0.0651856  0.10264  0.168774
0.306429  -0.135049  -0.0651258  -0.135049  0.301177  0.102547  -0.0651258  0.102547  0.168735
0.306436  -0.135049  -0.0651102  -0.135049  0.301152  0.102524  -0.0651102  0.102524  0.168722
0.306434  -0.134991  -0.0650505  -0.134991  0.301023  0.102432  -0.0650505  0.102432  0.168684
0.306434  -0.134991  -0.0650505  -0.134991  0.301023  0.102432  -0.0650505  0.102432  0.168684
0.306421  -0.134956  -0.0650175  -0.134956  0.300971  0.102392  -0.0650175  0.102392  0.168668
0.306418  -0.134898  -0.0649578  -0.134898  0.300842  0.1023  -0.0649578  0.1023  0.168629
0.306414  -0.134891  -0.0649391  -0.134891  0.30083  0.102284  -0.0649391  0.102284  0.168621
0.306412  -0.134833  -0.0648794  -0.134833  0.300701  0.102191  -0.0648794  0.102191  0.168582
0.306412  -0.134833  -0.0648794  -0.134833  0.300701  0.102191  -0.0648794  0.102191  0.168582
0.306393  -0.134762  -0.0647981  -0.134762  0.300573  0.102091  -0.0647981  0.102091  0.16854
0.306393  -0.134762  -0.0647981  -0.134762  0.300573  0.102091  -0.0647981  0.102091  0.16854
0.306391  -0.134705  -0.0647385  -0.134705  0.300444  0.101998  -0.0647385  0.101998  0.168501
0.306386  -0.134697  -0.0647198  -0.134697  0.300432  0.101983  -0.0647198  0.101983  0.168493
0.306372  -0.134633  -0.0646572  -0.134633  0.300316  0.101898  -0.0646572  0.101898  0.168458
0.306368  -0.134626  -0.0646386  -0.134626  0.300303  0.101882  -0.0646386  0.101882  0.16845
0.306346  -0.134563  -0.0645916  -0.134563  0.300212  0.10182  -0.0645916  0.10182  0.168428
0.306342  -0.134556  -0.064573  -0.134556  0.300199  0.101804  -0.064573  0.101804  0.16842
0.306345  -0.134535  -0.0645618  -0.134535  0.300148  0.101774  -0.0645618  0.101774  0.168409
0.306327  -0.134492  -0.0645105  -0.134492  0.300083  0.10172  -0.0645105  0.10172  0.168386
0.306319  -0.134464  -0.0644963  -0.134464  0.300044  0.101696  -0.0644963  0.101696  0.168379
0.306306  -0.134429  -0.0644635  -0.134429  0.299992  0.101657  -0.0644635  0.101657  0.168364
0.306302  -0.134422  -0.0644449  -0.134422  0.29998  0.101642  -0.0644449  0.101642  0.168356
0.306284  -0.13438  -0.0643936  -0.13438  0.299916  0.101588  -0.0643936  0.101588  0.168333
0.306284  -0.13438  -0.0643936  -0.13438  0.299916  0.101588  -0.0643936  0.101588  0.168333
0.30628  -0.134373  -0.0643751  -0.134373  0.299904  0.101572  -0.0643751  0.101572  0.168324
0.306267  -0.134352  -0.0643194  -0.134352  0.299867  0.101526  -0.0643194  0.101526  0.1683
0.306262  -0.134345  -0.0643008  -0.134345  0.299855  0.101511  -0.0643008  0.101511  0.168292
0.306245  -0.134303  -0.0642496  -0.134303  0.299791  0.101457  -0.0642496  0.101457  0.168269
0.306245  -0.134303  -0.0642496  -0.134303  0.299791  0.101457  -0.0642496  0.101457  0.168269
0.306232  -0.134281  -0.064194  -0.134281  0.299755  0.101411  -0.064194  0.101411  0.168245
0.306227  -0.134274  -0.0641754  -0.134274  0.299743  0.101396  -0.0641754  0.101396  0.168236
0.306231  -0.134253  -0.0641643  -0.134253  0.299691  0.101365  -0.0641643  0.101365  0.168226
0.306213  -0.134224  -0.0640902  -0.134224  0.299643  0.101304  -0.0640902  0.101304  0.168193
0.306212  -0.134195  -0.0640606  -0.134195  0.299579  0.101258  -0.0640606  0.101258  0.168174
0.306208  -0.134188  -0.0640421  -0.134188  0.299567  0.101243  -0.0640421  0.101243  0.168166
0.306199  -0.134161  -0.064028  -0.134161  0.299527  0.101219  -0.064028  0.101219  0.16816
0.306185  -0.134111  -0.0639429  -0.134111  0.299427  0.101128  -0.0639429  0.101128  0.168117
0.306197  -0.134117  -0.0639459  -0.134117  0.299415  0.101121  -0.0639459  0.101121  0.168112
0.306174  -0.134039  -0.0638468  -0.134039  0.299276  0.101006  -0.0638468  0.101006  0.168063
0.306174  -0.134039  -0.0638468  -0.134039  0.299276  0.101006  -0.0638468  0.101006  0.168063
0.306152  -0.133962  -0.0637478  -0.133962  0.299137  0.100891  -0.0637478  0.100891  0.168013
0.306163  -0.133968  -0.0637508  -0.133968  0.299125  0.100884  -0.0637508  0.100884  0.168009
0.30615  -0.133933  -0.0637183  -0.133933  0.299073  0.100845  -0.0637183  0.100845  0.167995
0.306124  -0.133849  -0.063601  -0.133849  0.298922  0.100716  -0.063601  0.100716  0.167938
0.306135  -0.133855  -0.0636039  -0.133855  0.29891  0.100709  -0.0636039  0.100709  0.167933
0.306108  -0.13377  -0.0634867  -0.13377  0.298759  0.100579  -0.0634867  0.100579  0.167877
0.306104  -0.133763  -0.0634683  -0.133763  0.298747  0.100564  -0.0634683  0.100564  0.167869
0.306073  -0.133658  -0.0633557  -0.133658  0.298569  0.100427  -0.0633557  0.100427  0.167813
0.306073  -0.133658  -0.0633557  -0.133658  0.298569  0.100427  -0.0633557  0.100427  0.167813
0.306043  -0.133553  -0.0632433  -0.133553  0.298392  0.10029  -0.0632433  0.10029  0.167758
0.306038  -0.133546  -0.0632249  -0.133546  0.29838  0.100275  -0.0632249  0.100275  0.16775
0.306008  -0.133441  -0.0631127  -0.133441  0.298202  0.100138  -0.0631127  0.100138  0.167695
0.306008  -0.133441  -0.0631127  -0.133441  0.298202  0.100138  -0.0631127  0.100138  0.167695
0.305966  -0.133331  -0.0629976  -0.133331  0.298037  0.100009  -0.0629976  0.100009  0.167645
0.305961  -0.133324  -0.0629793  -0.133324  0.298025  0.0999943  -0.0629793  0.0999943  0.167637
0.305949  -0.133289  -0.0629471  -0.133289  0.297974  0.0999563  -0.0629471  0.0999563  0.167623
0.305891  -0.133165  -0.0628111  -0.133165  0.29781  0.0998197  -0.0628111  0.0998197  0.167569
0.305887  -0.133145  -0.0628156  -0.133145  0.297783  0.0998119  -0.0628156  0.0998119  0.16757
0.305871  -0.133104  -0.0627652  -0.133104  0.29772  0.099759  -0.0627652  0.099759  0.167549
0.305821  -0.133008  -0.0626433  -0.133008  0.297595  0.0996456  -0.0626433  0.0996456  0.167502
0.305821  -0.133008  -0.0626433  -0.133008  0.297595  0.0996456  -0.0626433  0.0996456  0.167502
0.305769  -0.132891  -0.0625261  -0.132891  0.297444  0.0995247  -0.0625261  0.0995247  0.167456
0.305769  -0.132891  -0.0625261  -0.132891  0.297444  0.0995247  -0.0625261  0.0995247  0.167456
0.305724  -0.132803  -0.0624228  -0.132803  0.297331  0.0994266  -0.0624228  0.0994266  0.167417
0.305708  -0.13279  -0.0624017  -0.13279  0.297331  0.099419  -0.0624017  0.099419  0.167414
0.305664  -0.132701  -0.0622985  -0.132701  0.297219  0.0993211  -0.0622985  0.0993211  0.167375
0.305656  -0.132674  -0.0622848  -0.132674  0.29718  0.0992984  -0.0622848  0.0992984  0.167369
0.305616  -0.132593  -0.0622  -0.132593  0.297079  0.0992156  -0.0622  0.0992156  0.167338
0.305612  -0.132586  -0.0621818  -0.132586  0.297068  0.0992007  -0.0621818  0.0992007  0.16733
0.305564  -0.132477  -0.0620835  -0.132477  0.296928  0.0990954  -0.0620835  0.0990954  0.167293
0.305559  -0.13247  -0.0620653  -0.13247  0.296917  0.0990806  -0.0620653  0.0990806  0.167286
0.305547  -0.132436  -0.0620335  -0.132436  0.296866  0.0990431  -0.0620335  0.0990431  0.167272
0.305495  -0.132321  -0.0619172  -0.132321  0.296716  0.0989233  -0.0619172  0.0989233  0.167227
0.305471  -0.132252  -0.0618537  -0.132252  0.296615  0.0988485  -0.0618537  0.0988485  0.1672
0.305467  -0.132246  -0.0618356  -0.132246  0.296603  0.0988337  -0.0618356  0.0988337  0.167193
0.305455  -0.132211  -0.0618039  -0.132211  0.296553  0.0987964  -0.0618039  0.0987964  0.167179
0.305407  -0.132103  -0.061706  -0.132103  0.296415  0.0986917  -0.061706  0.0986917  0.167143
0.305407  -0.132103  -0.061706  -0.132103  0.296415  0.0986917  -0.061706  0.0986917  0.167143
0.305375  -0.132022  -0.0616066  -0.132022  0.296291  0.0985877  -0.0616066  0.0985877  0.167101
0.305371  -0.132015  -0.0615885  -0.132015  0.29628  0.098573  -0.0615885  0.098573  0.167093
0.305335  -0.131913  -0.0614937  -0.131913  0.29613  0.0984615  -0.0614937  0.0984615  0.167053
0.305331  -0.131893  -0.0614982  -0.131893  0.296103  0.0984537  -0.0614982  0.0984537  0.167054
0.305295  -0.131804  -0.061381  -0.131804  0.295968  0.0983354  -0.061381  0.0983354  0.167006
0.305295  -0.131804  -0.061381  -0.131804  0.295968  0.0983354  -0.061381  0.0983354  0.167006
0.305255  -0.131696  -0.0612684  -0.131696  0.295807  0.0982096  -0.0612684  0.0982096  0.166958
0.305248  -0.131669  -0.0612549  -0.131669  0.295768  0.0981872  -0.0612549  0.0981872  0.166952
0.305216  -0.131588  -0.061156  -0.131588  0.295646  0.0980839  -0.061156  0.0980839  0.166911
0.305208  -0.131561  -0.0611425  -0.131561  0.295607  0.0980616  -0.0611425  0.0980616  0.166905
0.305196  -0.131527  -0.0611111  -0.131527  0.295558  0.0980247  -0.0611111  0.0980247  0.166892
0.305168  -0.131424  -0.0610016  -0.131424  0.295385  0.0978922  -0.0610016  0.0978922  0.166841
0.305168  -0.131424  -0.0610016  -0.131424  0.295385  0.0978922  -0.0610016  0.0978922  0.166841
0.305128  -0.131316  -0.0608896  -0.131316  0.295225  0.0977671  -0.0608896  0.0977671  0.166794
0.305121  -0.13129  -0.0608762  -0.13129  0.295186  0.0977449  -0.0608762  0.0977449  0.166788
0.305109  -0.131256  -0.0608449  -0.131256  0.295137  0.0977081  -0.0608449  0.0977081  0.166775
0.30507  -0.131148  -0.060733  -0.131148  0.294977  0.0975833  -0.060733  0.0975833  0.166729
0.305066  -0.131128  -0.0607376  -0.131128  0.29495  0.0975757  -0.0607376  0.0975757  0.16673
0.305038  -0.131026  -0.0606286  -0.131026  0.294778  0.0974439  -0.0606286  0.0974439  0.16668
0.305034  -0.131019  -0.0606107  -0.131019  0.294767  0.0974294  -0.0606107  0.0974294  0.166673
0.304991  -0.130892  -0.0605038  -0.130892  0.294581  0.0972975  -0.0605038  0.0972975  0.166628
0.304987  -0.130885  -0.0604859  -0.130885  0.29457  0.0972831  -0.0604859  0.0972831  0.166621
0.304968  -0.130825  -0.0604414  -0.130825  0.294483  0.0972244  -0.0604414  0.0972244  0.166602
0.304929  -0.130718  -0.0603302  -0.130718  0.294324  0.0971005  -0.0603302  0.0971005  0.166557
0.304922  -0.130691  -0.0603169  -0.130691  0.294286  0.0970785  -0.0603169  0.0970785  0.166551
0.304876  -0.130557  -0.0601926  -0.130557  0.294089  0.0969328  -0.0601926  0.0969328  0.1665
0.304876  -0.130557  -0.0601926  -0.130557  0.294089  0.0969328  -0.0601926  0.0969328  0.1665
0.304826  -0.130404  -0.060073  -0.130404  0.293867  0.0967799  -0.060073  0.0967799  0.16645
0.304822  -0.130397  -0.0600553  -0.130397  0.293856  0.0967656  -0.0600553  0.0967656  0.166444
0.304788  -0.130256  -0.0599563  -0.130256  0.293633  0.0966201  -0.0599563  0.0966201  0.166397
0.304784  -0.130249  -0.0599386  -0.130249  0.293622  0.0966058  -0.0599386  0.0966058  0.16639
0.304742  -0.130123  -0.0598326  -0.130123  0.293438  0.0964754  -0.0598326  0.0964754  0.166347
0.304735  -0.130096  -0.0598194  -0.130096  0.2934  0.0964535  -0.0598194  0.0964535  0.166341
0.304689  -0.129963  -0.059696  -0.129963  0.293206  0.0963092  -0.059696  0.0963092  0.166291
0.304686  -0.129943  -0.0597005  -0.129943  0.293179  0.0963016  -0.0597005  0.0963016  0.166292
0.304633  -0.129784  -0.0595641  -0.129784  0.292948  0.0961358  -0.0595641  0.0961358  0.166237
0.30463  -0.129778  -0.0595465  -0.129778  0.292937  0.0961216  -0.0595465  0.0961216  0.16623
0.304588  -0.129624  -0.0594129  -0.129624  0.292693  0.0959489  -0.0594129  0.0959489  0.166171
0.304577  -0.129591  -0.0593822  -0.129591  0.292645  0.0959131  -0.0593822  0.0959131  0.166159
0.304558  -0.129532  -0.0593384  -0.129532  0.292559  0.0958556  -0.0593384  0.0958556  0.166141
