0.312099  -0.144224  -0.0661521  -0.144224  0.307433  0.104075  -0.0661521  0.104075  0.167772
0.312099  -0.144224  -0.0661521  -0.144224  0.307433  0.104075  -0.0661521  0.104075  0.167772
0.312099  -0.144224  -0.0661521  -0.144224  0.307433  0.104075  -0.0661521  0.104075  0.167772
0.31208  -0.144208  -0.0661292  -0.144208  0.307432  0.104066  -0.0661292  0.104066  0.167767
0.31208  -0.144208  -0.0661292  -0.144208  0.307432  0.104066  -0.0661292  0.104066  0.167767
0.31208  -0.144208  -0.0661292  -0.144208  0.307432  0.104066  -0.0661292  0.104066  0.167767
0.312085  -0.144231  -0.0661248  -0.144231  0.307463  0.104074  -0.0661248  0.104074  0.167766
0.312085  -0.144231  -0.0661248  -0.144231  0.307463  0.104074  -0.0661248  0.104074  0.167766
0.312093  -0.14423  -0.0661083  -0.14423  0.307437  0.10405  -0.0661083  0.10405  0.167753
0.312093  -0.14423  -0.0661083  -0.14423  0.307437  0.10405  -0.0661083  0.10405  0.167753
0.312093  -0.14423  -0.0661083  -0.14423  0.307437  0.10405  -0.0661083  0.10405  0.167753
0.312093  -0.14423  -0.0661083  -0.14423  0.307437  0.10405  -0.0661083  0.10405  0.167753
0.312093  -0.14423  -0.0661083  -0.14423  0.307437  0.10405  -0.0661083  0.10405  0.167753
0.312093  -0.144244  -0.0660842  -0.144244  0.307455  0.104042  -0.0660842  0.104042  0.167743
0.312087  -0.144236  -0.0660646  -0.144236  0.307442  0.104025  -0.0660646  0.104025  0.167734
0.312087  -0.144236  -0.0660646  -0.144236  0.307442  0.104025  -0.0660646  0.104025  0.167734
0.312081  -0.144227  -0.0660449  -0.144227  0.307429  0.104009  -0.0660449  0.104009  0.167726
0.312081  -0.144227  -0.0660449  -0.144227  0.307429  0.104009  -0.0660449  0.104009  0.167726
0.31208  -0.144242  -0.0660208  -0.144242  0.307446  0.104001  -0.0660208  0.104001  0.167716
0.31208  -0.144242  -0.0660208  -0.144242  0.307446  0.104001  -0.0660208  0.104001  0.167716
0.312074  -0.144233  -0.0660012  -0.144233  0.307433  0.103985  -0.0660012  0.103985  0.167707
0.312074  -0.144233  -0.0660012  -0.144233  0.307433  0.103985  -0.0660012  0.103985  0.167707
0.31208  -0.144256  -0.0659967  -0.144256  0.307464  0.103993  -0.0659967  0.103993  0.167706
0.312074  -0.144248  -0.0659771  -0.144248  0.307451  0.103976  -0.0659771  0.103976  0.167698
0.312074  -0.144248  -0.0659771  -0.144248  0.307451  0.103976  -0.0659771  0.103976  0.167698
0.312079  -0.14427  -0.0659726  -0.14427  0.307482  0.103985  -0.0659726  0.103985  0.167696
0.312079  -0.14427  -0.0659726  -0.14427  0.307482  0.103985  -0.0659726  0.103985  0.167696
0.312085  -0.144293  -0.0659682  -0.144293  0.307512  0.103993  -0.0659682  0.103993  0.167695
0.312085  -0.144293  -0.0659682  -0.144293  0.307512  0.103993  -0.0659682  0.103993  0.167695
0.312079  -0.144285  -0.0659485  -0.144285  0.307499  0.103976  -0.0659485  0.103976  0.167686
0.312084  -0.144307  -0.0659441  -0.144307  0.30753  0.103985  -0.0659441  0.103985  0.167685
0.312084  -0.144307  -0.0659441  -0.144307  0.30753  0.103985  -0.0659441  0.103985  0.167685
0.312098  -0.144329  -0.0659232  -0.144329  0.307535  0.103969  -0.0659232  0.103969  0.167671
0.312098  -0.144329  -0.0659232  -0.144329  0.307535  0.103969  -0.0659232  0.103969  0.167671
0.312097  -0.144343  -0.0658991  -0.144343  0.307553  0.103961  -0.0658991  0.103961  0.167662
0.312097  -0.144343  -0.0658991  -0.144343  0.307553  0.103961  -0.0658991  0.103961  0.167662
0.312103  -0.144366  -0.0658946  -0.144366  0.307584  0.103969  -0.0658946  0.103969  0.16766
0.312103  -0.144366  -0.0658946  -0.144366  0.307584  0.103969  -0.0658946  0.103969  0.16766
0.312097  -0.144358  -0.065875  -0.144358  0.307571  0.103953  -0.065875  0.103953  0.167652
0.312102  -0.14438  -0.0658705  -0.14438  0.307602  0.103961  -0.0658705  0.103961  0.16765
0.312102  -0.14438  -0.0658705  -0.14438  0.307602  0.103961  -0.0658705  0.103961  0.16765
0.312122  -0.14441  -0.0658693  -0.14441  0.30762  0.103962  -0.0658693  0.103962  0.167645
0.312127  -0.144433  -0.0658648  -0.144433  0.307651  0.10397  -0.0658648  0.10397  0.167644
0.312127  -0.144433  -0.0658648  -0.144433  0.307651  0.10397  -0.0658648  0.10397  0.167644
0.312147  -0.144462  -0.0658635  -0.144462  0.30767  0.103971  -0.0658635  0.103971  0.167639
0.312147  -0.144462  -0.0658635  -0.144462  0.30767  0.103971  -0.0658635  0.103971  0.167639
0.312152  -0.144485  -0.0658591  -0.144485  0.3077  0.103979  -0.0658591  0.103979  0.167637
0.312152  -0.144485  -0.0658591  -0.144485  0.3077  0.103979  -0.0658591  0.103979  0.167637
0.312171  -0.144515  -0.0658578  -0.144515  0.307719  0.10398  -0.0658578  0.10398  0.167632
0.312171  -0.144515  -0.0658578  -0.144515  0.307719  0.10398  -0.0658578  0.10398  0.167632
0.312177  -0.144537  -0.0658533  -0.144537  0.30775  0.103988  -0.0658533  0.103988  0.167631
0.312177  -0.144537  -0.0658533  -0.144537  0.30775  0.103988  -0.0658533  0.103988  0.167631
0.31219  -0.144559  -0.0658324  -0.144559  0.307755  0.103973  -0.0658324  0.103973  0.167617
0.31219  -0.144559  -0.0658324  -0.144559  0.307755  0.103973  -0.0658324  0.103973  0.167617
0.31219  -0.144559  -0.0658324  -0.144559  0.307755  0.103973  -0.0658324  0.103973  0.167617
0.31221  -0.144589  -0.0658311  -0.144589  0.307774  0.103973  -0.0658311  0.103973  0.167612
0.31221  -0.144589  -0.0658311  -0.144589  0.307774  0.103973  -0.0658311  0.103973  0.167612
0.312209  -0.144603  -0.065807  -0.144603  0.307792  0.103965  -0.065807  0.103965  0.167602
0.312209  -0.144603  -0.065807  -0.144603  0.307792  0.103965  -0.065807  0.103965  0.167602
0.312209  -0.144603  -0.065807  -0.144603  0.307792  0.103965  -0.065807  0.103965  0.167602
0.312209  -0.144603  -0.065807  -0.144603  0.307792  0.103965  -0.065807  0.103965  0.167602
0.312209  -0.144603  -0.065807  -0.144603  0.307792  0.103965  -0.065807  0.103965  0.167602
0.312209  -0.144603  -0.065807  -0.144603  0.307792  0.103965  -0.065807  0.103965  0.167602
0.312204  -0.144595  -0.0657874  -0.144595  0.307779  0.103949  -0.0657874  0.103949  0.167593
0.312204  -0.144595  -0.0657874  -0.144595  0.307779  0.103949  -0.0657874  0.103949  0.167593
0.312204  -0.144595  -0.0657874  -0.144595  0.307779  0.103949  -0.0657874  0.103949  0.167593
0.312204  -0.144595  -0.0657874  -0.144595  0.307779  0.103949  -0.0657874  0.103949  0.167593
0.312198  -0.144586  -0.0657677  -0.144586  0.307766  0.103932  -0.0657677  0.103932  0.167585
0.312198  -0.144586  -0.0657677  -0.144586  0.307766  0.103932  -0.0657677  0.103932  0.167585
0.312198  -0.144586  -0.0657677  -0.144586  0.307766  0.103932  -0.0657677  0.103932  0.167585
0.312178  -0.144571  -0.0657449  -0.144571  0.307765  0.103924  -0.0657449  0.103924  0.16758
0.312178  -0.144571  -0.0657449  -0.144571  0.307765  0.103924  -0.0657449  0.103924  0.16758
0.312192  -0.144578  -0.0657481  -0.144578  0.307752  0.103916  -0.0657481  0.103916  0.167576
0.312192  -0.144578  -0.0657481  -0.144578  0.307752  0.103916  -0.0657481  0.103916  0.167576
0.312192  -0.144578  -0.0657481  -0.144578  0.307752  0.103916  -0.0657481  0.103916  0.167576
0.312186  -0.14457  -0.0657285  -0.14457  0.307739  0.1039  -0.0657285  0.1039  0.167568
0.312186  -0.14457  -0.0657285  -0.14457  0.307739  0.1039  -0.0657285  0.1039  0.167568
0.312186  -0.14457  -0.0657285  -0.14457  0.307739  0.1039  -0.0657285  0.1039  0.167568
0.312186  -0.14457  -0.0657285  -0.14457  0.307739  0.1039  -0.0657285  0.1039  0.167568
0.312186  -0.14457  -0.0657285  -0.14457  0.307739  0.1039  -0.0657285  0.1039  0.167568
0.312186  -0.14457  -0.0657285  -0.14457  0.307739  0.1039  -0.0657285  0.1039  0.167568
0.31218  -0.144561  -0.0657088  -0.144561  0.307726  0.103883  -0.0657088  0.103883  0.167559
0.31218  -0.144561  -0.0657088  -0.144561  0.307726  0.103883  -0.0657088  0.103883  0.167559
0.31218  -0.144561  -0.0657088  -0.144561  0.307726  0.103883  -0.0657088  0.103883  0.167559
0.31218  -0.144561  -0.0657088  -0.144561  0.307726  0.103883  -0.0657088  0.103883  0.167559
0.31218  -0.144561  -0.0657088  -0.144561  0.307726  0.103883  -0.0657088  0.103883  0.167559
0.31218  -0.144561  -0.0657088  -0.144561  0.307726  0.103883  -0.0657088  0.103883  0.167559
0.31218  -0.144561  -0.0657088  -0.144561  0.307726  0.103883  -0.0657088  0.103883  0.167559
0.31218  -0.144561  -0.0657088  -0.144561  0.307726  0.103883  -0.0657088  0.103883  0.167559
0.312174  -0.144553  -0.0656892  -0.144553  0.307713  0.103867  -0.0656892  0.103867  0.167551
0.312174  -0.144553  -0.0656892  -0.144553  0.307713  0.103867  -0.0656892  0.103867  0.167551
0.31216  -0.144546  -0.065686  -0.144546  0.307725  0.103874  -0.065686  0.103874  0.167555
0.31216  -0.144546  -0.065686  -0.144546  0.307725  0.103874  -0.065686  0.103874  0.167555
0.312154  -0.144538  -0.0656664  -0.144538  0.307712  0.103858  -0.0656664  0.103858  0.167546
0.312154  -0.144538  -0.0656664  -0.144538  0.307712  0.103858  -0.0656664  0.103858  0.167546
0.312154  -0.144538  -0.0656664  -0.144538  0.307712  0.103858  -0.0656664  0.103858  0.167546
0.312154  -0.144538  -0.0656664  -0.144538  0.307712  0.103858  -0.0656664  0.103858  0.167546
0.312154  -0.144538  -0.0656664  -0.144538  0.307712  0.103858  -0.0656664  0.103858  0.167546
0.312154  -0.144538  -0.0656664  -0.144538  0.307712  0.103858  -0.0656664  0.103858  0.167546
0.312148  -0.144529  -0.0656468  -0.144529  0.307699  0.103842  -0.0656468  0.103842  0.167538
0.312134  -0.144522  -0.0656436  -0.144522  0.307711  0.103849  -0.0656436  0.103849  0.167542
0.312134  -0.144522  -0.0656436  -0.144522  0.307711  0.103849  -0.0656436  0.103849  0.167542
0.312134  -0.144522  -0.0656436  -0.144522  0.307711  0.103849  -0.0656436  0.103849  0.167542
0.312134  -0.144522  -0.0656436  -0.144522  0.307711  0.103849  -0.0656436  0.103849  0.167542
0.312133  -0.144536  -0.0656195  -0.144536  0.307729  0.103841  -0.0656195  0.103841  0.167532
0.312133  -0.144536  -0.0656195  -0.144536  0.307729  0.103841  -0.0656195  0.103841  0.167532
0.312133  -0.144536  -0.0656195  -0.144536  0.307729  0.103841  -0.0656195  0.103841  0.167532
0.312133  -0.144536  -0.0656195  -0.144536  0.307729  0.103841  -0.0656195  0.103841  0.167532
0.312127  -0.144528  -0.0655999  -0.144528  0.307716  0.103825  -0.0655999  0.103825  0.167524
0.312127  -0.144528  -0.0655999  -0.144528  0.307716  0.103825  -0.0655999  0.103825  0.167524
0.312113  -0.144521  -0.0655967  -0.144521  0.307728  0.103832  -0.0655967  0.103832  0.167528
0.312107  -0.144513  -0.0655771  -0.144513  0.307715  0.103816  -0.0655771  0.103816  0.167519
0.312113  -0.144535  -0.0655726  -0.144535  0.307746  0.103824  -0.0655726  0.103824  0.167518
0.312113  -0.144535  -0.0655726  -0.144535  0.307746  0.103824  -0.0655726  0.103824  0.167518
0.312107  -0.144527  -0.065553  -0.144527  0.307733  0.103807  -0.065553  0.103807  0.167509
0.312107  -0.144527  -0.065553  -0.144527  0.307733  0.103807  -0.065553  0.103807  0.167509
0.312101  -0.144519  -0.0655334  -0.144519  0.30772  0.103791  -0.0655334  0.103791  0.167501
0.312101  -0.144519  -0.0655334  -0.144519  0.30772  0.103791  -0.0655334  0.103791  0.167501
0.312095  -0.14451  -0.0655138  -0.14451  0.307707  0.103775  -0.0655138  0.103775  0.167492
0.312095  -0.14451  -0.0655138  -0.14451  0.307707  0.103775  -0.0655138  0.103775  0.167492
0.312089  -0.144502  -0.0654942  -0.144502  0.307694  0.103758  -0.0654942  0.103758  0.167484
0.312089  -0.144502  -0.0654942  -0.144502  0.307694  0.103758  -0.0654942  0.103758  0.167484
0.312077  -0.144485  -0.065455  -0.144485  0.307668  0.103726  -0.065455  0.103726  0.167467
0.312077  -0.144485  -0.065455  -0.144485  0.307668  0.103726  -0.065455  0.103726  0.167467
0.312085  -0.144484  -0.0654386  -0.144484  0.307643  0.103702  -0.0654386  0.103702  0.167454
0.312085  -0.144484  -0.0654386  -0.144484  0.307643  0.103702  -0.0654386  0.103702  0.167454
0.312079  -0.144476  -0.065419  -0.144476  0.307629  0.103686  -0.065419  0.103686  0.167446
0.312079  -0.144476  -0.065419  -0.144476  0.307629  0.103686  -0.065419  0.103686  0.167446
0.312073  -0.144468  -0.0653994  -0.144468  0.307616  0.103669  -0.0653994  0.103669  0.167438
0.312068  -0.144459  -0.0653798  -0.144459  0.307603  0.103653  -0.0653798  0.103653  0.167429
0.312068  -0.144459  -0.0653798  -0.144459  0.307603  0.103653  -0.0653798  0.103653  0.167429
0.312056  -0.144443  -0.0653407  -0.144443  0.307577  0.10362  -0.0653407  0.10362  0.167412
0.312056  -0.144443  -0.0653407  -0.144443  0.307577  0.10362  -0.0653407  0.10362  0.167412
0.312044  -0.144412  -0.0653256  -0.144412  0.307533  0.103596  -0.0653256  0.103596  0.167405
0.312038  -0.144403  -0.065306  -0.144403  0.30752  0.103579  -0.065306  0.103579  0.167397
0.312038  -0.144403  -0.065306  -0.144403  0.30752  0.103579  -0.065306  0.103579  0.167397
0.312013  -0.14438  -0.0652637  -0.14438  0.307507  0.103554  -0.0652637  0.103554  0.167384
0.312007  -0.144371  -0.0652442  -0.144371  0.307494  0.103538  -0.0652442  0.103538  0.167375
0.312007  -0.144371  -0.0652442  -0.144371  0.307494  0.103538  -0.0652442  0.103538  0.167375
0.311995  -0.144355  -0.065205  -0.144355  0.307468  0.103505  -0.065205  0.103505  0.167359
0.311995  -0.144355  -0.065205  -0.144355  0.307468  0.103505  -0.065205  0.103505  0.167359
0.311983  -0.144338  -0.0651659  -0.144338  0.307442  0.103473  -0.0651659  0.103473  0.167342
0.311983  -0.144338  -0.0651659  -0.144338  0.307442  0.103473  -0.0651659  0.103473  0.167342
0.311985  -0.144328  -0.06513  -0.144328  0.307403  0.103433  -0.06513  0.103433  0.167321
0.311985  -0.144328  -0.06513  -0.144328  0.307403  0.103433  -0.06513  0.103433  0.167321
0.311974  -0.144312  -0.0650909  -0.144312  0.307377  0.1034  -0.0650909  0.1034  0.167304
0.311974  -0.144312  -0.0650909  -0.144312  0.307377  0.1034  -0.0650909  0.1034  0.167304
0.311968  -0.144304  -0.0650714  -0.144304  0.307364  0.103384  -0.0650714  0.103384  0.167296
0.311962  -0.144295  -0.0650518  -0.144295  0.307351  0.103368  -0.0650518  0.103368  0.167287
0.311956  -0.144287  -0.0650323  -0.144287  0.307338  0.103351  -0.0650323  0.103351  0.167279
0.311956  -0.144287  -0.0650323  -0.144287  0.307338  0.103351  -0.0650323  0.103351  0.167279
0.311944  -0.14427  -0.0649933  -0.14427  0.307312  0.103319  -0.0649933  0.103319  0.167262
0.311944  -0.14427  -0.0649933  -0.14427  0.307312  0.103319  -0.0649933  0.103319  0.167262
0.311932  -0.144254  -0.0649542  -0.144254  0.307286  0.103286  -0.0649542  0.103286  0.167246
0.311932  -0.144254  -0.0649542  -0.144254  0.307286  0.103286  -0.0649542  0.103286  0.167246
0.311926  -0.144246  -0.0649347  -0.144246  0.307273  0.10327  -0.0649347  0.10327  0.167237
0.311929  -0.144236  -0.0648988  -0.144236  0.307235  0.10323  -0.0648988  0.10323  0.167217
0.311929  -0.144236  -0.0648988  -0.144236  0.307235  0.10323  -0.0648988  0.10323  0.167217
0.311923  -0.144228  -0.0648793  -0.144228  0.307222  0.103214  -0.0648793  0.103214  0.167208
0.311917  -0.144219  -0.0648598  -0.144219  0.307209  0.103198  -0.0648598  0.103198  0.1672
0.311911  -0.144211  -0.0648403  -0.144211  0.307196  0.103181  -0.0648403  0.103181  0.167192
0.311905  -0.144203  -0.0648208  -0.144203  0.307183  0.103165  -0.0648208  0.103165  0.167183
0.311893  -0.144186  -0.0647818  -0.144186  0.307157  0.103133  -0.0647818  0.103133  0.167167
0.311893  -0.144186  -0.0647818  -0.144186  0.307157  0.103133  -0.0647818  0.103133  0.167167
0.311895  -0.144177  -0.064746  -0.144177  0.307119  0.103093  -0.064746  0.103093  0.167146
0.31189  -0.144168  -0.0647265  -0.144168  0.307106  0.103077  -0.0647265  0.103077  0.167138
0.311884  -0.14416  -0.064707  -0.14416  0.307093  0.10306  -0.064707  0.10306  0.16713
0.311867  -0.144121  -0.0646726  -0.144121  0.307037  0.10302  -0.0646726  0.10302  0.167114
0.311875  -0.14412  -0.0646562  -0.14412  0.307012  0.102996  -0.0646562  0.102996  0.167102
0.311857  -0.144095  -0.0645978  -0.144095  0.306973  0.102948  -0.0645978  0.102948  0.167077
0.311857  -0.144095  -0.0645978  -0.144095  0.306973  0.102948  -0.0645978  0.102948  0.167077
0.311839  -0.14407  -0.0645394  -0.14407  0.306934  0.102899  -0.0645394  0.102899  0.167053
0.311839  -0.14407  -0.0645394  -0.14407  0.306934  0.102899  -0.0645394  0.102899  0.167053
0.311825  -0.144021  -0.0644692  -0.144021  0.306839  0.102819  -0.0644692  0.102819  0.167017
0.311825  -0.144021  -0.0644692  -0.144021  0.306839  0.102819  -0.0644692  0.102819  0.167017
0.311813  -0.144005  -0.0644304  -0.144005  0.306814  0.102786  -0.0644304  0.102786  0.167001
0.311795  -0.14398  -0.0643721  -0.14398  0.306775  0.102738  -0.0643721  0.102738  0.166976
0.311789  -0.143972  -0.0643527  -0.143972  0.306762  0.102722  -0.0643527  0.102722  0.166968
0.31178  -0.143932  -0.064302  -0.143932  0.30668  0.102658  -0.064302  0.102658  0.16694
0.311775  -0.143923  -0.0642826  -0.143923  0.306668  0.102642  -0.0642826  0.102642  0.166932
0.311751  -0.14389  -0.064205  -0.14389  0.306616  0.102577  -0.064205  0.102577  0.1669
0.311751  -0.14389  -0.064205  -0.14389  0.306616  0.102577  -0.064205  0.102577  0.1669
0.311731  -0.143834  -0.0641156  -0.143834  0.306509  0.102481  -0.0641156  0.102481  0.166856
0.311725  -0.143825  -0.0640962  -0.143825  0.306496  0.102465  -0.0640962  0.102465  0.166848
0.311698  -0.14376  -0.0639876  -0.14376  0.306376  0.102353  -0.0639876  0.102353  0.166797
0.311698  -0.14376  -0.0639876  -0.14376  0.306376  0.102353  -0.0639876  0.102353  0.166797
0.311687  -0.143744  -0.0639489  -0.143744  0.30635  0.102321  -0.0639489  0.102321  0.166781
0.31166  -0.143679  -0.0638403  -0.143679  0.306231  0.102209  -0.0638403  0.102209  0.166729
0.31166  -0.143679  -0.0638403  -0.143679  0.306231  0.102209  -0.0638403  0.102209  0.166729
0.311634  -0.143614  -0.0637319  -0.143614  0.306111  0.102098  -0.0637319  0.102098  0.166678
0.311628  -0.143606  -0.0637126  -0.143606  0.306098  0.102082  -0.0637126  0.102082  0.16667
0.31161  -0.143526  -0.0636119  -0.143526  0.305936  0.101955  -0.0636119  0.101955  0.166617
0.311605  -0.143517  -0.0635926  -0.143517  0.305923  0.101939  -0.0635926  0.101939  0.166609
0.311573  -0.143445  -0.0634651  -0.143445  0.305791  0.101811  -0.0634651  0.101811  0.16655
0.311567  -0.143436  -0.0634458  -0.143436  0.305778  0.101795  -0.0634458  0.101795  0.166542
0.311563  -0.143419  -0.063391  -0.143419  0.305728  0.10174  -0.063391  0.10174  0.166514
0.311534  -0.143322  -0.063252  -0.143322  0.30554  0.101582  -0.063252  0.101582  0.166445
0.311528  -0.143314  -0.0632328  -0.143314  0.305528  0.101566  -0.0632328  0.101566  0.166437
0.311525  -0.143296  -0.063178  -0.143296  0.305477  0.101511  -0.063178  0.101511  0.16641
0.31152  -0.143237  -0.0630569  -0.143237  0.305321  0.101369  -0.0630569  0.101369  0.166344
0.311514  -0.143229  -0.0630376  -0.143229  0.305308  0.101353  -0.0630376  0.101353  0.166336
0.311479  -0.143124  -0.0628799  -0.143124  0.305109  0.10118  -0.0628799  0.10118  0.16626
0.311479  -0.143124  -0.0628799  -0.143124  0.305109  0.10118  -0.0628799  0.10118  0.16626
0.311458  -0.143041  -0.0627015  -0.143041  0.304915  0.100991  -0.0627015  0.100991  0.166171
0.311452  -0.143033  -0.0626823  -0.143033  0.304903  0.100975  -0.0626823  0.100975  0.166164
0.31143  -0.14295  -0.0625041  -0.14295  0.304709  0.100787  -0.0625041  0.100787  0.166075
0.311438  -0.142948  -0.0624879  -0.142948  0.304684  0.100764  -0.0624879  0.100764  0.166064
0.311424  -0.1429  -0.0624189  -0.1429  0.304591  0.100685  -0.0624189  0.100685  0.16603
0.311404  -0.142807  -0.0622057  -0.142807  0.304361  0.100459  -0.0622057  0.100459  0.165923
0.311393  -0.142791  -0.0621675  -0.142791  0.304336  0.100428  -0.0621675  0.100428  0.165908
0.311379  -0.142707  -0.0619737  -0.142707  0.304119  0.100217  -0.0619737  0.100217  0.16581
0.311379  -0.142707  -0.0619737  -0.142707  0.304119  0.100217  -0.0619737  0.100217  0.16581
0.311372  -0.142657  -0.0618888  -0.142657  0.304001  0.100116  -0.0618888  0.100116  0.165765
0.311358  -0.142573  -0.0616953  -0.142573  0.303784  0.0999065  -0.0616953  0.0999065  0.165668
0.311353  -0.142565  -0.0616763  -0.142565  0.303772  0.0998909  -0.0616763  0.0998909  0.16566
0.311328  -0.14245  -0.0614688  -0.14245  0.303513  0.0996584  -0.0614688  0.0996584  0.165557
0.311336  -0.142448  -0.0614526  -0.142448  0.303488  0.0996354  -0.0614526  0.0996354  0.165545
0.311316  -0.142393  -0.0613651  -0.142393  0.303384  0.0995423  -0.0613651  0.0995423  0.165505
0.311298  -0.142291  -0.0611183  -0.142291  0.303118  0.0992799  -0.0611183  0.0992799  0.165383
0.311293  -0.142283  -0.0610994  -0.142283  0.303106  0.0992643  -0.0610994  0.0992643  0.165376
0.311263  -0.14216  -0.0608738  -0.14216  0.302835  0.0990178  -0.0608738  0.0990178  0.165267
0.311263  -0.14216  -0.0608738  -0.14216  0.302835  0.0990178  -0.0608738  0.0990178  0.165267
0.31124  -0.142036  -0.0606324  -0.142036  0.302541  0.098749  -0.0606324  0.098749  0.165148
0.311201  -0.141925  -0.0604587  -0.141925  0.302333  0.0985649  -0.0604587  0.0985649  0.165071
0.311208  -0.141923  -0.0604425  -0.141923  0.302309  0.098542  -0.0604425  0.098542  0.165059
0.311183  -0.14186  -0.060337  -0.14186  0.302193  0.0984347  -0.060337  0.0984347  0.165014
0.311149  -0.14172  -0.0600589  -0.14172  0.301875  0.0981369  -0.0600589  0.0981369  0.164882
0.311146  -0.141689  -0.0600288  -0.141689  0.301809  0.0980913  -0.0600288  0.0980913  0.164865
0.311121  -0.141625  -0.0599235  -0.141625  0.301693  0.0979846  -0.0599235  0.0979846  0.16482
0.311064  -0.14145  -0.0596298  -0.14145  0.301347  0.0976729  -0.0596298  0.0976729  0.164689
0.311066  -0.14144  -0.059595  -0.14144  0.30131  0.097635  -0.059595  0.097635  0.164671
0.310996  -0.141259  -0.0592994  -0.141259  0.300977  0.097332  -0.0592994  0.097332  0.164545
0.310985  -0.141229  -0.0592855  -0.141229  0.300936  0.0973094  -0.0592855  0.0973094  0.164539
0.310934  -0.141062  -0.0590118  -0.141062  0.300604  0.0970152  -0.0590118  0.0970152  0.164418
0.310913  -0.141016  -0.0589608  -0.141016  0.300538  0.0969624  -0.0589608  0.0969624  0.164399
0.310888  -0.140953  -0.0588565  -0.140953  0.300423  0.0968571  -0.0588565  0.0968571  0.164355
0.310814  -0.140751  -0.0585676  -0.140751  0.300063  0.0965495  -0.0585676  0.0965495  0.164234
0.310741  -0.140575  -0.058367  -0.140575  0.299789  0.0963327  -0.058367  0.0963327  0.164154
0.310743  -0.140566  -0.0583325  -0.140566  0.299753  0.0962953  -0.0583325  0.0962953  0.164137
0.310695  -0.140467  -0.0582126  -0.140467  0.29961  0.096176  -0.0582126  0.096176  0.164093
0.310604  -0.140238  -0.0579278  -0.140238  0.299236  0.0958711  -0.0579278  0.0958711  0.16398
0.310594  -0.140208  -0.0579142  -0.140208  0.299194  0.0958489  -0.0579142  0.0958489  0.163974
0.310492  -0.139964  -0.0575936  -0.139964  0.298797  0.0955157  -0.0575936  0.0955157  0.163849
0.310477  -0.139927  -0.0575617  -0.139927  0.298744  0.0954788  -0.0575617  0.0954788  0.163837
0.310364  -0.139677  -0.0572398  -0.139677  0.298361  0.0951546  -0.0572398  0.0951546  0.163718
0.310343  -0.139633  -0.0571897  -0.139633  0.298297  0.0951032  -0.0571897  0.0951032  0.1637
0.31029  -0.139528  -0.057053  -0.139528  0.298144  0.0949712  -0.057053  0.0949712  0.163652
0.310158  -0.139235  -0.0566831  -0.139235  0.297699  0.0945983  -0.0566831  0.0945983  0.163518
0.310137  -0.13919  -0.0566333  -0.13919  0.297635  0.0945473  -0.0566333  0.0945473  0.163501
0.309989  -0.138857  -0.0562906  -0.138857  0.297159  0.0941842  -0.0562906  0.0941842  0.163381
0.309974  -0.13882  -0.0562592  -0.13882  0.297106  0.094148  -0.0562592  0.094148  0.16337
0.309814  -0.138483  -0.0559158  -0.138483  0.296644  0.0937945  -0.0559158  0.0937945  0.163256
0.309799  -0.138446  -0.0558845  -0.138446  0.296592  0.0937586  -0.0558845  0.0937586  0.163245
0.309644  -0.138087  -0.0555319  -0.138087  0.29608  0.0933782  -0.0555319  0.0933782  0.163124
0.309634  -0.138072  -0.0554959  -0.138072  0.296057  0.0933495  -0.0554959  0.0933495  0.163113
0.309463  -0.137702  -0.0551248  -0.137702  0.295549  0.0929647  -0.0551248  0.0929647  0.162992
0.309453  -0.137673  -0.0551118  -0.137673  0.295509  0.0929434  -0.0551118  0.0929434  0.162987
0.30927  -0.137268  -0.0547118  -0.137268  0.294952  0.0925256  -0.0547118  0.0925256  0.162859
0.309255  -0.137232  -0.054681  -0.137232  0.294901  0.0924903  -0.054681  0.0924903  0.162849
0.309179  -0.137089  -0.0545155  -0.137089  0.294715  0.0923355  -0.0545155  0.0923355  0.1628
0.308994  -0.136679  -0.0541008  -0.136679  0.294151  0.0919075  -0.0541008  0.0919075  0.16267
0.308975  -0.136636  -0.0540525  -0.136636  0.294089  0.0918585  -0.0540525  0.0918585  0.162654
0.308792  -0.136216  -0.0536628  -0.136216  0.293512  0.0914407  -0.0536628  0.0914407  0.162533
0.308787  -0.136208  -0.0536452  -0.136208  0.293501  0.0914268  -0.0536452  0.0914268  0.162528
0.308594  -0.135798  -0.053233  -0.135798  0.292957  0.0910122  -0.053233  0.0910122  0.162407
0.308566  -0.135727  -0.0531728  -0.135727  0.292857  0.0909432  -0.0531728  0.0909432  0.162388
0.308485  -0.135545  -0.0530202  -0.135545  0.292619  0.0907785  -0.0530202  0.0907785  0.162345
0.308294  -0.135095  -0.052606  -0.135095  0.292001  0.0903336  -0.052606  0.0903336  0.162221
0.308271  -0.135045  -0.0525413  -0.135045  0.29193  0.0902721  -0.0525413  0.0902721  0.162201
0.30807  -0.134606  -0.0521054  -0.134606  0.291345  0.0898312  -0.0521054  0.0898312  0.162079
0.308057  -0.134571  -0.0520757  -0.134571  0.291296  0.0897973  -0.0520757  0.0897973  0.16207
0.307845  -0.134113  -0.0515907  -0.134113  0.290683  0.0893193  -0.0515907  0.0893193  0.161936
0.307832  -0.134079  -0.0515612  -0.134079  0.290634  0.0892857  -0.0515612  0.0892857  0.161928
0.307624  -0.13361  -0.0511016  -0.13361  0.290009  0.0888185  -0.0511016  0.0888185  0.161803
0.307616  -0.133583  -0.0510895  -0.133583  0.289971  0.0887985  -0.0510895  0.0887985  0.161799
0.307411  -0.133118  -0.0506328  -0.133118  0.28935  0.0883349  -0.0506328  0.0883349  0.161679
0.307385  -0.133049  -0.0505746  -0.133049  0.289254  0.0882688  -0.0505746  0.0882688  0.161662
0.30731  -0.132873  -0.0504276  -0.132873  0.289025  0.0881112  -0.0504276  0.0881112  0.161625
0.30711  -0.132398  -0.049997  -0.132398  0.288394  0.0876594  -0.049997  0.0876594  0.161514
0.307098  -0.132364  -0.0499682  -0.132364  0.288347  0.0876267  -0.0499682  0.0876267  0.161506
0.306896  -0.131886  -0.0495235  -0.131886  0.28771  0.0871656  -0.0495235  0.0871656  0.161394
0.306867  -0.131811  -0.0494493  -0.131811  0.287605  0.0870877  -0.0494493  0.0870877  0.161374
0.306657  -0.131316  -0.0489576  -0.131316  0.286943  0.086592  -0.0489576  0.086592  0.161254
0.306645  -0.131283  -0.0489291  -0.131283  0.286895  0.0865598  -0.0489291  0.0865598  0.161246
0.306441  -0.130811  -0.0484357  -0.130811  0.286265  0.0860748  -0.0484357  0.0860748  0.161129
0.306429  -0.130778  -0.0484075  -0.130778  0.286218  0.0860429  -0.0484075  0.0860429  0.161122
0.306226  -0.130289  -0.0479225  -0.130289  0.285566  0.0855558  -0.0479225  0.0855558  0.16101
0.30621  -0.130249  -0.0478779  -0.130249  0.285509  0.0855115  -0.0478779  0.0855115  0.160999
0.30601  -0.129778  -0.0473747  -0.129778  0.284878  0.0850225  -0.0473747  0.0850225  0.160886
0.305998  -0.129745  -0.0473469  -0.129745  0.284832  0.0849912  -0.0473469  0.0849912  0.16088
0.305794  -0.129236  -0.0468575  -0.129236  0.284155  0.0844941  -0.0468575  0.0844941  0.160773
0.305768  -0.129165  -0.0467859  -0.129165  0.284053  0.0844196  -0.0467859  0.0844196  0.160756
0.30569  -0.128977  -0.0465977  -0.128977  0.283808  0.0842348  -0.0465977  0.0842348  0.160717
0.305513  -0.128526  -0.0461893  -0.128526  0.283213  0.0838118  -0.0461893  0.0838118  0.160633
0.305491  -0.128474  -0.0461133  -0.128474  0.283138  0.0837442  -0.0461133  0.0837442  0.160617
0.305305  -0.127992  -0.0456122  -0.127992  0.282477  0.0832442  -0.0456122  0.0832442  0.160512
0.305274  -0.127923  -0.0455566  -0.127923  0.282399  0.0831908  -0.0455566  0.0831908  0.160504
0.305205  -0.127737  -0.0453568  -0.127737  0.282137  0.0829905  -0.0453568  0.0829905  0.160462
0.305014  -0.127269  -0.0448381  -0.127269  0.281511  0.0824983  -0.0448381  0.0824983  0.160364
0.304989  -0.127198  -0.0447685  -0.127198  0.281412  0.0824263  -0.0447685  0.0824263  0.160349
0.304909  -0.127004  -0.0445534  -0.127004  0.281155  0.0822239  -0.0445534  0.0822239  0.160311
0.304725  -0.126513  -0.0440822  -0.126513  0.280506  0.0817504  -0.0440822  0.0817504  0.160226
0.304714  -0.126482  -0.0440557  -0.126482  0.280462  0.0817207  -0.0440557  0.0817207  0.160221
0.304533  -0.126008  -0.0435668  -0.126008  0.279833  0.0812455  -0.0435668  0.0812455  0.160138
0.304523  -0.125977  -0.0435405  -0.125977  0.279789  0.0812161  -0.0435405  0.0812161  0.160133
0.304341  -0.125487  -0.0430603  -0.125487  0.279141  0.0807394  -0.0430603  0.0807394  0.160054
0.304227  -0.125185  -0.0427249  -0.125185  0.278734  0.0804214  -0.0427249  0.0804214  0.159999
0.304214  -0.125148  -0.0426833  -0.125148  0.278681  0.0803809  -0.0426833  0.0803809  0.159992
0.30414  -0.124959  -0.0424741  -0.124959  0.278433  0.080186  -0.0424741  0.080186  0.159961
0.303972  -0.124514  -0.0419903  -0.124514  0.277844  0.0797296  -0.0419903  0.0797296  0.15989
0.303963  -0.124483  -0.0419646  -0.124483  0.277801  0.079701  -0.0419646  0.079701  0.159886
0.303798  -0.124041  -0.0414841  -0.124041  0.277216  0.0792487  -0.0414841  0.0792487  0.159819
0.303789  -0.12401  -0.0414585  -0.12401  0.277174  0.0792204  -0.0414585  0.0792204  0.159815
0.303624  -0.123552  -0.0409866  -0.123552  0.27657  0.0787665  -0.0409866  0.0787665  0.159753
0.303597  -0.123501  -0.0409141  -0.123501  0.276514  0.078712  -0.0409141  0.078712  0.159747
0.303442  -0.123044  -0.0404315  -0.123044  0.275893  0.0782441  -0.0404315  0.0782441  0.159683
0.303413  -0.122974  -0.0403648  -0.122974  0.275814  0.0781847  -0.0403648  0.0781847  0.159678
0.303357  -0.122813  -0.0401578  -0.122813  0.275585  0.0779959  -0.0401578  0.0779959  0.15965
0.303204  -0.122381  -0.0396888  -0.122381  0.275017  0.077558  -0.0396888  0.077558  0.159598
0.303187  -0.122334  -0.0396185  -0.122334  0.27495  0.0774976  -0.0396185  0.0774976  0.159589
0.303034  -0.121873  -0.0391141  -0.121873  0.274324  0.0770185  -0.0391141  0.0770185  0.159532
0.30302  -0.121832  -0.0390593  -0.121832  0.274266  0.0769696  -0.0390593  0.0769696  0.159526
0.302956  -0.121652  -0.03886  -0.121652  0.274031  0.0767869  -0.03886  0.0767869  0.159508
0.302798  -0.121173  -0.0383011  -0.121173  0.273379  0.0762713  -0.0383011  0.0762713  0.159451
0.30279  -0.121144  -0.0382766  -0.121144  0.273338  0.0762445  -0.0382766  0.0762445  0.159449
0.302646  -0.120691  -0.0377811  -0.120691  0.272726  0.0757767  -0.0377811  0.0757767  0.159403
0.30264  -0.12068  -0.0377515  -0.12068  0.272709  0.0757555  -0.0377515  0.0757555  0.159401
0.302511  -0.120239  -0.0373382  -0.120239  0.27212  0.0753394  -0.0373382  0.0753394  0.159366
0.302503  -0.120223  -0.0372941  -0.120223  0.272094  0.0753078  -0.0372941  0.0753078  0.159362
0.302366  -0.119763  -0.036825  -0.119763  0.271477  0.0748537  -0.036825  0.0748537  0.159327
0.302356  -0.119729  -0.0367864  -0.119729  0.271429  0.0748171  -0.0367864  0.0748171  0.159323
0.302306  -0.119557  -0.0365939  -0.119557  0.27119  0.0746349  -0.0365939  0.0746349  0.159308
0.302173  -0.119126  -0.0360896  -0.119126  0.270609  0.0741764  -0.0360896  0.0741764  0.159276
0.302154  -0.119058  -0.0360133  -0.119058  0.270514  0.0741043  -0.0360133  0.0741043  0.159271
0.302015  -0.11861  -0.0355174  -0.11861  0.269927  0.0736528  -0.0355174  0.0736528  0.159249
0.302001  -0.118565  -0.0354507  -0.118565  0.269864  0.0735968  -0.0354507  0.0735968  0.159246
0.301952  -0.118391  -0.0352472  -0.118391  0.269623  0.0734087  -0.0352472  0.0734087  0.159234
0.301823  -0.117932  -0.0347625  -0.117932  0.269009  0.0729513  -0.0347625  0.0729513  0.159214
0.301808  -0.11787  -0.0347018  -0.11787  0.268924  0.072891  -0.0347018  0.072891  0.159211
0.301756  -0.1177  -0.0345139  -0.1177  0.268705  0.0727228  -0.0345139  0.0727228  0.159208
0.301636  -0.117268  -0.0340429  -0.117268  0.268129  0.0722867  -0.0340429  0.0722867  0.159195
0.301628  -0.117235  -0.0340058  -0.117235  0.268083  0.072252  -0.0340058  0.072252  0.159194
0.301527  -0.116843  -0.0335755  -0.116843  0.267544  0.0718472  -0.0335755  0.0718472  0.159181
0.301515  -0.116787  -0.0335299  -0.116787  0.267469  0.0717981  -0.0335299  0.0717981  0.15918
0.301466  -0.116619  -0.0333451  -0.116619  0.267255  0.0716337  -0.0333451  0.0716337  0.159181
0.301357  -0.116187  -0.0328541  -0.116187  0.266662  0.0711808  -0.0328541  0.0711808  0.159173
0.301343  -0.116126  -0.032795  -0.116126  0.26658  0.0711226  -0.032795  0.0711226  0.159172
0.301232  -0.11567  -0.0322853  -0.11567  0.265955  0.0706504  -0.0322853  0.0706504  0.159169
0.301228  -0.11566  -0.0322575  -0.11566  0.26594  0.0706313  -0.0322575  0.0706313  0.159169
0.301125  -0.115229  -0.0317598  -0.115229  0.26535  0.0701781  -0.0317598  0.0701781  0.15917
0.301112  -0.115169  -0.0317016  -0.115169  0.265269  0.0701211  -0.0317016  0.0701211  0.159171
0.301068  -0.115005  -0.0315214  -0.115005  0.265062  0.0699626  -0.0315214  0.0699626  0.159178
0.300981  -0.114596  -0.0310701  -0.114596  0.264489  0.0695367  -0.0310701  0.0695367  0.159181
0.30097  -0.114554  -0.0310071  -0.114554  0.26443  0.0694853  -0.0310071  0.0694853  0.159182
0.300881  -0.114161  -0.0305531  -0.114161  0.263895  0.0690754  -0.0305531  0.0690754  0.159194
0.300874  -0.114129  -0.0305177  -0.114129  0.263852  0.069043  -0.0305177  0.069043  0.159195
0.300793  -0.113749  -0.0300346  -0.113749  0.263316  0.0686162  -0.0300346  0.0686162  0.159208
0.300786  -0.113718  -0.0299994  -0.113718  0.263273  0.068584  -0.0299994  0.068584  0.159209
0.300712  -0.113354  -0.0295598  -0.113354  0.262763  0.0681885  -0.0295598  0.0681885  0.159225
0.300701  -0.113308  -0.0294844  -0.113308  0.262698  0.0681295  -0.0294844  0.0681295  0.159228
0.300672  -0.113186  -0.0292991  -0.113186  0.262528  0.06798  -0.0292991  0.06798  0.159238
0.300602  -0.112825  -0.0288634  -0.112825  0.262023  0.0675896  -0.0288634  0.0675896  0.159259
0.300592  -0.112785  -0.0288021  -0.112785  0.261967  0.0675403  -0.0288021  0.0675403  0.159263
0.300517  -0.112378  -0.0283403  -0.112378  0.261403  0.0671179  -0.0283403  0.0671179  0.15929
0.300512  -0.112336  -0.0282662  -0.112336  0.261329  0.0670531  -0.0282662  0.0670531  0.15929
0.300481  -0.112176  -0.0280813  -0.112176  0.261114  0.0668892  -0.0280813  0.0668892  0.159305
0.300418  -0.111833  -0.0276339  -0.111833  0.260632  0.0665037  -0.0276339  0.0665037  0.159337
0.300408  -0.111776  -0.027579  -0.111776  0.260557  0.0664511  -0.027579  0.0664511  0.159342
0.300345  -0.111418  -0.0271399  -0.111418  0.260058  0.0660649  -0.0271399  0.0660649  0.159378
0.300334  -0.111357  -0.0270723  -0.111357  0.259977  0.0660041  -0.0270723  0.0660041  0.159384
0.300314  -0.111224  -0.026898  -0.111224  0.259781  0.06585  -0.026898  0.06585  0.159397
0.300249  -0.110834  -0.0264164  -0.110834  0.259241  0.0654304  -0.0264164  0.0654304  0.159444
0.300245  -0.11078  -0.0263624  -0.11078  0.259155  0.065372  -0.0263624  0.065372  0.159445
0.300181  -0.110363  -0.025908  -0.110363  0.258587  0.0649566  -0.025908  0.0649566  0.159494
0.300173  -0.110308  -0.0258544  -0.110308  0.258514  0.0649059  -0.0258544  0.0649059  0.159501
0.300146  -0.110148  -0.0256625  -0.110148  0.258301  0.0647414  -0.0256625  0.0647414  0.159525
0.300094  -0.109759  -0.0252199  -0.109759  0.257754  0.0643376  -0.0252199  0.0643376  0.159575
0.300086  -0.109703  -0.0251668  -0.109703  0.257681  0.0642875  -0.0251668  0.0642875  0.159582
0.300033  -0.109286  -0.0246945  -0.109286  0.2571  0.0638589  -0.0246945  0.0638589  0.159641
0.300028  -0.109257  -0.0246618  -0.109257  0.257061  0.0638301  -0.0246618  0.0638301  0.159646
0.30001  -0.109102  -0.024473  -0.109102  0.25684  0.0636627  -0.024473  0.0636627  0.159669
0.299959  -0.108684  -0.0239925  -0.108684  0.25626  0.0632321  -0.0239925  0.0632321  0.159736
0.299956  -0.108659  -0.0239727  -0.108659  0.256227  0.0632117  -0.0239727  0.0632117  0.15974
0.299915  -0.108293  -0.0235348  -0.108293  0.255716  0.0628259  -0.0235348  0.0628259  0.159804
0.299907  -0.108235  -0.0234704  -0.108235  0.255639  0.0627696  -0.0234704  0.0627696  0.159815
0.299872  -0.107865  -0.0230104  -0.107865  0.255107  0.0623649  -0.0230104  0.0623649  0.159884
0.299868  -0.107836  -0.0229784  -0.107836  0.255069  0.0623371  -0.0229784  0.0623371  0.15989
0.299833  -0.107435  -0.0225323  -0.107435  0.254504  0.0619283  -0.0225323  0.0619283  0.159961
0.29983  -0.107411  -0.022513  -0.107411  0.254472  0.0619086  -0.022513  0.0619086  0.159965
0.299804  -0.107047  -0.0220586  -0.107047  0.253937  0.0615049  -0.0220586  0.0615049  0.160037
0.299799  -0.107009  -0.0220024  -0.107009  0.253888  0.0614621  -0.0220024  0.0614621  0.160048
0.299787  -0.106859  -0.0218202  -0.106859  0.253677  0.0613037  -0.0218202  0.0613037  0.160082
0.299763  -0.106482  -0.0213754  -0.106482  0.25313  0.0609016  -0.0213754  0.0609016  0.160159
0.29976  -0.106453  -0.0213442  -0.106453  0.253093  0.0608748  -0.0213442  0.0608748  0.160166
0.299738  -0.10609  -0.0208845  -0.10609  0.252562  0.060473  -0.0208845  0.060473  0.160251
0.299736  -0.106061  -0.0208535  -0.106061  0.252526  0.0604465  -0.0208535  0.0604465  0.160259
0.299715  -0.105663  -0.0203957  -0.105663  0.251957  0.0600336  -0.0203957  0.0600336  0.160349
0.299713  -0.105639  -0.020377  -0.105639  0.251926  0.0600148  -0.020377  0.0600148  0.160354
0.299695  -0.105248  -0.0199341  -0.105248  0.251368  0.0596135  -0.0199341  0.0596135  0.160447
0.299692  -0.105219  -0.0199035  -0.105219  0.251332  0.0595876  -0.0199035  0.0595876  0.160455
0.299676  -0.104822  -0.0194397  -0.104822  0.250767  0.0591758  -0.0194397  0.0591758  0.160557
0.299674  -0.104794  -0.0194093  -0.104794  0.250732  0.0591501  -0.0194093  0.0591501  0.160565
0.299662  -0.104422  -0.0189669  -0.104422  0.250201  0.058761  -0.0189669  0.058761  0.160667
0.29966  -0.104394  -0.0189367  -0.104394  0.250166  0.0587356  -0.0189367  0.0587356  0.160676
0.29965  -0.104025  -0.0184971  -0.104025  0.24964  0.0583504  -0.0184971  0.0583504  0.160782
0.299647  -0.103973  -0.018449  -0.103973  0.249576  0.0583073  -0.018449  0.0583073  0.160796
0.299646  -0.10383  -0.0182751  -0.10383  0.249367  0.0581538  -0.0182751  0.0581538  0.160838
0.299641  -0.103483  -0.0177933  -0.103483  0.248866  0.0577605  -0.0177933  0.0577605  0.160961
0.299639  -0.103456  -0.0177636  -0.103456  0.248832  0.0577357  -0.0177636  0.0577357  0.16097
0.299635  -0.103075  -0.0173365  -0.103075  0.248299  0.0573566  -0.0173365  0.0573566  0.161086
0.299632  -0.103016  -0.0172659  -0.103016  0.248225  0.0573007  -0.0172659  0.0573007  0.161108
0.299635  -0.102654  -0.0168358  -0.102654  0.247703  0.0569225  -0.0168358  0.0569225  0.161224
0.299634  -0.102627  -0.0168066  -0.102627  0.247669  0.0568983  -0.0168066  0.0568983  0.161234
0.299635  -0.102258  -0.0163566  -0.102258  0.247152  0.0565172  -0.0163566  0.0565172  0.161367
0.299638  -0.102248  -0.0163215  -0.102248  0.247124  0.0564899  -0.0163215  0.0564899  0.161373
0.299644  -0.101867  -0.0158795  -0.101867  0.246583  0.0561025  -0.0158795  0.0561025  0.161504
0.299644  -0.10184  -0.0158507  -0.10184  0.24655  0.0560789  -0.0158507  0.0560789  0.161514
0.299655  -0.101484  -0.0154283  -0.101484  0.246029  0.0557054  -0.0154283  0.0557054  0.161638
0.299655  -0.101457  -0.0153996  -0.101457  0.245996  0.055682  -0.0153996  0.055682  0.161648
0.299667  -0.101057  -0.0149963  -0.101057  0.245428  0.055302  -0.0149963  0.055302  0.161773
0.29967  -0.101017  -0.0149221  -0.101017  0.245363  0.0552458  -0.0149221  0.0552458  0.161795
