0.322205  -0.168972  -0.0862544  -0.168972  0.346523  0.131069  -0.0862544  0.131069  0.179501
0.322205  -0.168972  -0.0862544  -0.168972  0.346523  0.131069  -0.0862544  0.131069  0.179501
0.322205  -0.168972  -0.0862544  -0.168972  0.346523  0.131069  -0.0862544  0.131069  0.179501
0.322204  -0.169004  -0.0861992  -0.169004  0.346567  0.131047  -0.0861992  0.131047  0.179468
0.322204  -0.169004  -0.0861992  -0.169004  0.346567  0.131047  -0.0861992  0.131047  0.179468
0.322204  -0.169004  -0.0861992  -0.169004  0.346567  0.131047  -0.0861992  0.131047  0.179468
0.322223  -0.169015  -0.0862048  -0.169015  0.346556  0.13104  -0.0862048  0.13104  0.179464
0.322223  -0.169015  -0.0862048  -0.169015  0.346556  0.13104  -0.0862048  0.13104  0.179464
0.322222  -0.169047  -0.0861495  -0.169047  0.3466  0.131017  -0.0861495  0.131017  0.179431
0.322222  -0.169047  -0.0861495  -0.169047  0.3466  0.131017  -0.0861495  0.131017  0.179431
0.322241  -0.169074  -0.0861275  -0.169074  0.34661  0.130999  -0.0861275  0.130999  0.179412
0.322241  -0.169074  -0.0861275  -0.169074  0.34661  0.130999  -0.0861275  0.130999  0.179412
0.322251  -0.16909  -0.0860814  -0.16909  0.346603  0.130958  -0.0860814  0.130958  0.179377
0.322251  -0.16909  -0.0860814  -0.16909  0.346603  0.130958  -0.0860814  0.130958  0.179377
0.322268  -0.169129  -0.0861019  -0.169129  0.346661  0.130992  -0.0861019  0.130992  0.17939
0.322268  -0.169129  -0.0861019  -0.169129  0.346661  0.130992  -0.0861019  0.130992  0.17939
0.322313  -0.169207  -0.0861246  -0.169207  0.346747  0.131029  -0.0861246  0.131029  0.179398
0.322313  -0.169207  -0.0861246  -0.169207  0.346747  0.131029  -0.0861246  0.131029  0.179398
0.322364  -0.16934  -0.0861587  -0.16934  0.346943  0.131118  -0.0861587  0.131118  0.179421
0.322364  -0.16934  -0.0861587  -0.16934  0.346943  0.131118  -0.0861587  0.131118  0.179421
0.322373  -0.169352  -0.0861828  -0.169352  0.346961  0.13114  -0.0861828  0.13114  0.179435
0.322416  -0.169458  -0.0862205  -0.169458  0.347117  0.131218  -0.0862205  0.131218  0.17946
0.322416  -0.169458  -0.0862205  -0.169458  0.347117  0.131218  -0.0862205  0.131218  0.17946
0.32243  -0.169558  -0.0862007  -0.169558  0.347289  0.13127  -0.0862007  0.13127  0.179457
0.32243  -0.169558  -0.0862007  -0.169558  0.347289  0.13127  -0.0862007  0.13127  0.179457
0.322437  -0.169614  -0.0862122  -0.169614  0.347399  0.131322  -0.0862122  0.131322  0.179472
0.322437  -0.169614  -0.0862122  -0.169614  0.347399  0.131322  -0.0862122  0.131322  0.179472
0.322425  -0.169647  -0.0861754  -0.169647  0.347473  0.131329  -0.0861754  0.131329  0.179457
0.322425  -0.169647  -0.0861754  -0.169647  0.347473  0.131329  -0.0861754  0.131329  0.179457
0.322414  -0.16968  -0.0861385  -0.16968  0.347547  0.131336  -0.0861385  0.131336  0.179442
0.322414  -0.16968  -0.0861385  -0.16968  0.347547  0.131336  -0.0861385  0.131336  0.179442
0.322431  -0.169719  -0.0861591  -0.169719  0.347605  0.13137  -0.0861591  0.13137  0.179455
0.322448  -0.169775  -0.0861521  -0.169775  0.347686  0.131392  -0.0861521  0.131392  0.179452
0.322448  -0.169775  -0.0861521  -0.169775  0.347686  0.131392  -0.0861521  0.131392  0.179452
0.322455  -0.169831  -0.0861635  -0.169831  0.347796  0.131444  -0.0861635  0.131444  0.179467
0.322455  -0.169831  -0.0861635  -0.169831  0.347796  0.131444  -0.0861635  0.131444  0.179467
0.322489  -0.16991  -0.0862047  -0.16991  0.347912  0.131511  -0.0862047  0.131511  0.179493
0.322489  -0.16991  -0.0862047  -0.16991  0.347912  0.131511  -0.0862047  0.131511  0.179493
0.322515  -0.169977  -0.0862218  -0.169977  0.348011  0.131556  -0.0862218  0.131556  0.179505
0.322515  -0.169977  -0.0862218  -0.169977  0.348011  0.131556  -0.0862218  0.131556  0.179505
0.322504  -0.169994  -0.0862127  -0.169994  0.348063  0.131574  -0.0862127  0.131574  0.179507
0.322504  -0.169994  -0.0862127  -0.169994  0.348063  0.131574  -0.0862127  0.131574  0.179507
0.322522  -0.170033  -0.0862333  -0.170033  0.348121  0.131608  -0.0862333  0.131608  0.17952
0.322502  -0.170039  -0.0862  -0.170039  0.348155  0.131604  -0.0862  0.131604  0.179507
0.322502  -0.170039  -0.0862  -0.170039  0.348155  0.131604  -0.0862  0.131604  0.179507
0.322491  -0.170055  -0.0861908  -0.170055  0.348207  0.131622  -0.0861908  0.131622  0.179509
0.322491  -0.170055  -0.0861908  -0.170055  0.348207  0.131622  -0.0861908  0.131622  0.179509
0.322472  -0.170044  -0.0861851  -0.170044  0.348218  0.13163  -0.0861851  0.13163  0.179512
0.32248  -0.170072  -0.0861816  -0.170072  0.348259  0.131641  -0.0861816  0.131641  0.17951
0.322471  -0.170061  -0.0861574  -0.170061  0.348241  0.131618  -0.0861574  0.131618  0.179496
0.322471  -0.170061  -0.0861574  -0.170061  0.348241  0.131618  -0.0861574  0.131618  0.179496
0.322469  -0.170089  -0.0861724  -0.170089  0.348311  0.131659  -0.0861724  0.131659  0.179512
0.322469  -0.170089  -0.0861724  -0.170089  0.348311  0.131659  -0.0861724  0.131659  0.179512
0.322458  -0.170106  -0.0861632  -0.170106  0.348363  0.131678  -0.0861632  0.131678  0.179514
0.322458  -0.170106  -0.0861632  -0.170106  0.348363  0.131678  -0.0861632  0.131678  0.179514
0.322476  -0.170145  -0.0861839  -0.170145  0.348421  0.131711  -0.0861839  0.131711  0.179527
0.322476  -0.170145  -0.0861839  -0.170145  0.348421  0.131711  -0.0861839  0.131711  0.179527
0.322476  -0.170145  -0.0861839  -0.170145  0.348421  0.131711  -0.0861839  0.131711  0.179527
0.322476  -0.170145  -0.0861839  -0.170145  0.348421  0.131711  -0.0861839  0.131711  0.179527
0.322465  -0.170162  -0.0861747  -0.170162  0.348473  0.13173  -0.0861747  0.13173  0.179529
0.322465  -0.170162  -0.0861747  -0.170162  0.348473  0.13173  -0.0861747  0.13173  0.179529
0.322473  -0.17019  -0.0861711  -0.17019  0.348514  0.131741  -0.0861711  0.131741  0.179527
0.322473  -0.17019  -0.0861711  -0.17019  0.348514  0.131741  -0.0861711  0.131741  0.179527
0.322473  -0.17019  -0.0861711  -0.17019  0.348514  0.131741  -0.0861711  0.131741  0.179527
0.322473  -0.170206  -0.0861434  -0.170206  0.348536  0.131729  -0.0861434  0.131729  0.179511
0.322473  -0.170206  -0.0861434  -0.170206  0.348536  0.131729  -0.0861434  0.131729  0.179511
0.322481  -0.170234  -0.0861398  -0.170234  0.348576  0.131741  -0.0861398  0.131741  0.179509
0.322481  -0.170234  -0.0861398  -0.170234  0.348576  0.131741  -0.0861398  0.131741  0.179509
0.32247  -0.170251  -0.0861307  -0.170251  0.348628  0.131759  -0.0861307  0.131759  0.179511
0.32247  -0.170251  -0.0861307  -0.170251  0.348628  0.131759  -0.0861307  0.131759  0.179511
0.322479  -0.170262  -0.0861548  -0.170262  0.348646  0.131782  -0.0861548  0.131782  0.179526
0.322488  -0.17029  -0.0861513  -0.17029  0.348687  0.131793  -0.0861513  0.131793  0.179524
0.322488  -0.17029  -0.0861513  -0.17029  0.348687  0.131793  -0.0861513  0.131793  0.179524
0.322496  -0.170318  -0.0861477  -0.170318  0.348728  0.131804  -0.0861477  0.131804  0.179523
0.322496  -0.170318  -0.0861477  -0.170318  0.348728  0.131804  -0.0861477  0.131804  0.179523
0.322496  -0.170318  -0.0861477  -0.170318  0.348728  0.131804  -0.0861477  0.131804  0.179523
0.322505  -0.170346  -0.0861442  -0.170346  0.348768  0.131815  -0.0861442  0.131815  0.179521
0.322505  -0.170346  -0.0861442  -0.170346  0.348768  0.131815  -0.0861442  0.131815  0.179521
0.322513  -0.170374  -0.0861406  -0.170374  0.348809  0.131826  -0.0861406  0.131826  0.179519
0.322513  -0.170374  -0.0861406  -0.170374  0.348809  0.131826  -0.0861406  0.131826  0.179519
0.322513  -0.170374  -0.0861406  -0.170374  0.348809  0.131826  -0.0861406  0.131826  0.179519
0.322521  -0.170402  -0.0861371  -0.170402  0.348849  0.131837  -0.0861371  0.131837  0.179518
0.322521  -0.170402  -0.0861371  -0.170402  0.348849  0.131837  -0.0861371  0.131837  0.179518
0.322521  -0.170402  -0.0861371  -0.170402  0.348849  0.131837  -0.0861371  0.131837  0.179518
0.32253  -0.170429  -0.0861335  -0.170429  0.34889  0.131849  -0.0861335  0.131849  0.179516
0.322547  -0.170469  -0.0861542  -0.170469  0.348948  0.131882  -0.0861542  0.131882  0.179529
0.322547  -0.170469  -0.0861542  -0.170469  0.348948  0.131882  -0.0861542  0.131882  0.179529
0.322547  -0.170469  -0.0861542  -0.170469  0.348948  0.131882  -0.0861542  0.131882  0.179529
0.322547  -0.170469  -0.0861542  -0.170469  0.348948  0.131882  -0.0861542  0.131882  0.179529
0.322547  -0.170469  -0.0861542  -0.170469  0.348948  0.131882  -0.0861542  0.131882  0.179529
0.322547  -0.170485  -0.0861264  -0.170485  0.348971  0.131871  -0.0861264  0.131871  0.179513
0.322547  -0.170485  -0.0861264  -0.170485  0.348971  0.131871  -0.0861264  0.131871  0.179513
0.322547  -0.170485  -0.0861264  -0.170485  0.348971  0.131871  -0.0861264  0.131871  0.179513
0.322547  -0.170485  -0.0861264  -0.170485  0.348971  0.131871  -0.0861264  0.131871  0.179513
0.322547  -0.170485  -0.0861264  -0.170485  0.348971  0.131871  -0.0861264  0.131871  0.179513
0.322547  -0.170485  -0.0861264  -0.170485  0.348971  0.131871  -0.0861264  0.131871  0.179513
0.322547  -0.170485  -0.0861264  -0.170485  0.348971  0.131871  -0.0861264  0.131871  0.179513
0.322555  -0.170513  -0.0861229  -0.170513  0.349011  0.131882  -0.0861229  0.131882  0.179511
0.322555  -0.170513  -0.0861229  -0.170513  0.349011  0.131882  -0.0861229  0.131882  0.179511
0.322564  -0.170525  -0.0861471  -0.170525  0.34903  0.131905  -0.0861471  0.131905  0.179526
0.322564  -0.170525  -0.0861471  -0.170525  0.34903  0.131905  -0.0861471  0.131905  0.179526
0.322564  -0.170541  -0.0861193  -0.170541  0.349052  0.131893  -0.0861193  0.131893  0.179509
0.322564  -0.170541  -0.0861193  -0.170541  0.349052  0.131893  -0.0861193  0.131893  0.179509
0.322564  -0.170541  -0.0861193  -0.170541  0.349052  0.131893  -0.0861193  0.131893  0.179509
0.322573  -0.170553  -0.0861435  -0.170553  0.34907  0.131916  -0.0861435  0.131916  0.179524
0.322573  -0.170553  -0.0861435  -0.170553  0.34907  0.131916  -0.0861435  0.131916  0.179524
0.322564  -0.170541  -0.0861193  -0.170541  0.349052  0.131893  -0.0861193  0.131893  0.179509
0.322564  -0.170541  -0.0861193  -0.170541  0.349052  0.131893  -0.0861193  0.131893  0.179509
0.322564  -0.170541  -0.0861193  -0.170541  0.349052  0.131893  -0.0861193  0.131893  0.179509
0.322564  -0.170541  -0.0861193  -0.170541  0.349052  0.131893  -0.0861193  0.131893  0.179509
0.322564  -0.170541  -0.0861193  -0.170541  0.349052  0.131893  -0.0861193  0.131893  0.179509
0.322564  -0.170541  -0.0861193  -0.170541  0.349052  0.131893  -0.0861193  0.131893  0.179509
0.322564  -0.170541  -0.0861193  -0.170541  0.349052  0.131893  -0.0861193  0.131893  0.179509
0.322564  -0.170541  -0.0861193  -0.170541  0.349052  0.131893  -0.0861193  0.131893  0.179509
0.322564  -0.170541  -0.0861193  -0.170541  0.349052  0.131893  -0.0861193  0.131893  0.179509
0.322574  -0.17054  -0.0861008  -0.17054  0.349022  0.131864  -0.0861008  0.131864  0.179491
0.322574  -0.17054  -0.0861008  -0.17054  0.349022  0.131864  -0.0861008  0.131864  0.179491
0.322555  -0.170529  -0.0860951  -0.170529  0.349034  0.131871  -0.0860951  0.131871  0.179495
0.322555  -0.170529  -0.0860951  -0.170529  0.349034  0.131871  -0.0860951  0.131871  0.179495
0.322564  -0.170541  -0.0861193  -0.170541  0.349052  0.131893  -0.0861193  0.131893  0.179509
0.322555  -0.170529  -0.0860951  -0.170529  0.349034  0.131871  -0.0860951  0.131871  0.179495
0.322563  -0.170557  -0.0860916  -0.170557  0.349075  0.131882  -0.0860916  0.131882  0.179493
0.322564  -0.170541  -0.0861193  -0.170541  0.349052  0.131893  -0.0861193  0.131893  0.179509
0.322564  -0.170541  -0.0861193  -0.170541  0.349052  0.131893  -0.0861193  0.131893  0.179509
0.322564  -0.170541  -0.0861193  -0.170541  0.349052  0.131893  -0.0861193  0.131893  0.179509
0.322563  -0.170557  -0.0860916  -0.170557  0.349075  0.131882  -0.0860916  0.131882  0.179493
0.322563  -0.170557  -0.0860916  -0.170557  0.349075  0.131882  -0.0860916  0.131882  0.179493
0.322555  -0.170529  -0.0860951  -0.170529  0.349034  0.131871  -0.0860951  0.131871  0.179495
0.322555  -0.170529  -0.0860951  -0.170529  0.349034  0.131871  -0.0860951  0.131871  0.179495
0.322555  -0.170529  -0.0860951  -0.170529  0.349034  0.131871  -0.0860951  0.131871  0.179495
0.322555  -0.170529  -0.0860951  -0.170529  0.349034  0.131871  -0.0860951  0.131871  0.179495
0.322555  -0.170529  -0.0860951  -0.170529  0.349034  0.131871  -0.0860951  0.131871  0.179495
0.322555  -0.170529  -0.0860951  -0.170529  0.349034  0.131871  -0.0860951  0.131871  0.179495
0.322555  -0.170529  -0.0860951  -0.170529  0.349034  0.131871  -0.0860951  0.131871  0.179495
0.322564  -0.170541  -0.0861193  -0.170541  0.349052  0.131893  -0.0861193  0.131893  0.179509
0.322544  -0.17053  -0.0861137  -0.17053  0.349064  0.131901  -0.0861137  0.131901  0.179513
0.322544  -0.17053  -0.0861137  -0.17053  0.349064  0.131901  -0.0861137  0.131901  0.179513
0.322544  -0.17053  -0.0861137  -0.17053  0.349064  0.131901  -0.0861137  0.131901  0.179513
0.322553  -0.170542  -0.0861378  -0.170542  0.349082  0.131923  -0.0861378  0.131923  0.179528
0.322553  -0.170542  -0.0861378  -0.170542  0.349082  0.131923  -0.0861378  0.131923  0.179528
0.322544  -0.17053  -0.0861137  -0.17053  0.349064  0.131901  -0.0861137  0.131901  0.179513
0.322544  -0.17053  -0.0861137  -0.17053  0.349064  0.131901  -0.0861137  0.131901  0.179513
0.322544  -0.17053  -0.0861137  -0.17053  0.349064  0.131901  -0.0861137  0.131901  0.179513
0.322564  -0.170541  -0.0861193  -0.170541  0.349052  0.131893  -0.0861193  0.131893  0.179509
0.322555  -0.170529  -0.0860951  -0.170529  0.349034  0.131871  -0.0860951  0.131871  0.179495
0.322555  -0.170529  -0.0860951  -0.170529  0.349034  0.131871  -0.0860951  0.131871  0.179495
0.322555  -0.170529  -0.0860951  -0.170529  0.349034  0.131871  -0.0860951  0.131871  0.179495
0.322555  -0.170513  -0.0861229  -0.170513  0.349011  0.131882  -0.0861229  0.131882  0.179511
0.322555  -0.170513  -0.0861229  -0.170513  0.349011  0.131882  -0.0861229  0.131882  0.179511
0.322583  -0.170552  -0.086125  -0.170552  0.349041  0.131886  -0.086125  0.131886  0.179506
0.322583  -0.170552  -0.086125  -0.170552  0.349041  0.131886  -0.086125  0.131886  0.179506
0.322583  -0.170552  -0.086125  -0.170552  0.349041  0.131886  -0.086125  0.131886  0.179506
0.322573  -0.170553  -0.0861435  -0.170553  0.34907  0.131916  -0.0861435  0.131916  0.179524
0.322573  -0.170553  -0.0861435  -0.170553  0.34907  0.131916  -0.0861435  0.131916  0.179524
0.322573  -0.170553  -0.0861435  -0.170553  0.34907  0.131916  -0.0861435  0.131916  0.179524
0.322573  -0.170553  -0.0861435  -0.170553  0.34907  0.131916  -0.0861435  0.131916  0.179524
0.322564  -0.170541  -0.0861193  -0.170541  0.349052  0.131893  -0.0861193  0.131893  0.179509
0.322564  -0.170541  -0.0861193  -0.170541  0.349052  0.131893  -0.0861193  0.131893  0.179509
0.322564  -0.170541  -0.0861193  -0.170541  0.349052  0.131893  -0.0861193  0.131893  0.179509
0.322564  -0.170541  -0.0861193  -0.170541  0.349052  0.131893  -0.0861193  0.131893  0.179509
0.322564  -0.170541  -0.0861193  -0.170541  0.349052  0.131893  -0.0861193  0.131893  0.179509
0.322583  -0.170552  -0.086125  -0.170552  0.349041  0.131886  -0.086125  0.131886  0.179506
0.322583  -0.170552  -0.086125  -0.170552  0.349041  0.131886  -0.086125  0.131886  0.179506
0.322583  -0.170552  -0.086125  -0.170552  0.349041  0.131886  -0.086125  0.131886  0.179506
0.322583  -0.170552  -0.086125  -0.170552  0.349041  0.131886  -0.086125  0.131886  0.179506
0.322583  -0.170552  -0.086125  -0.170552  0.349041  0.131886  -0.086125  0.131886  0.179506
0.322592  -0.170564  -0.0861492  -0.170564  0.349059  0.131909  -0.0861492  0.131909  0.179521
0.322592  -0.170564  -0.0861492  -0.170564  0.349059  0.131909  -0.0861492  0.131909  0.179521
0.322592  -0.170564  -0.0861492  -0.170564  0.349059  0.131909  -0.0861492  0.131909  0.179521
0.322592  -0.170564  -0.0861492  -0.170564  0.349059  0.131909  -0.0861492  0.131909  0.179521
0.322573  -0.170553  -0.0861435  -0.170553  0.34907  0.131916  -0.0861435  0.131916  0.179524
0.322573  -0.170553  -0.0861435  -0.170553  0.34907  0.131916  -0.0861435  0.131916  0.179524
0.322573  -0.170553  -0.0861435  -0.170553  0.34907  0.131916  -0.0861435  0.131916  0.179524
0.322573  -0.170553  -0.0861435  -0.170553  0.34907  0.131916  -0.0861435  0.131916  0.179524
0.322573  -0.170553  -0.0861435  -0.170553  0.34907  0.131916  -0.0861435  0.131916  0.179524
0.322573  -0.170553  -0.0861435  -0.170553  0.34907  0.131916  -0.0861435  0.131916  0.179524
0.322573  -0.170553  -0.0861435  -0.170553  0.34907  0.131916  -0.0861435  0.131916  0.179524
0.322573  -0.170553  -0.0861435  -0.170553  0.34907  0.131916  -0.0861435  0.131916  0.179524
0.322573  -0.170553  -0.0861435  -0.170553  0.34907  0.131916  -0.0861435  0.131916  0.179524
0.322592  -0.170564  -0.0861492  -0.170564  0.349059  0.131909  -0.0861492  0.131909  0.179521
0.322592  -0.170564  -0.0861492  -0.170564  0.349059  0.131909  -0.0861492  0.131909  0.179521
0.322592  -0.170564  -0.0861492  -0.170564  0.349059  0.131909  -0.0861492  0.131909  0.179521
0.322592  -0.170564  -0.0861492  -0.170564  0.349059  0.131909  -0.0861492  0.131909  0.179521
0.322592  -0.170564  -0.0861492  -0.170564  0.349059  0.131909  -0.0861492  0.131909  0.179521
0.322592  -0.170564  -0.0861492  -0.170564  0.349059  0.131909  -0.0861492  0.131909  0.179521
0.322592  -0.170564  -0.0861492  -0.170564  0.349059  0.131909  -0.0861492  0.131909  0.179521
0.322592  -0.170564  -0.0861492  -0.170564  0.349059  0.131909  -0.0861492  0.131909  0.179521
0.322573  -0.170553  -0.0861435  -0.170553  0.34907  0.131916  -0.0861435  0.131916  0.179524
0.322573  -0.170553  -0.0861435  -0.170553  0.34907  0.131916  -0.0861435  0.131916  0.179524
0.322573  -0.170553  -0.0861435  -0.170553  0.34907  0.131916  -0.0861435  0.131916  0.179524
0.322573  -0.170553  -0.0861435  -0.170553  0.34907  0.131916  -0.0861435  0.131916  0.179524
0.322573  -0.170553  -0.0861435  -0.170553  0.34907  0.131916  -0.0861435  0.131916  0.179524
0.322564  -0.170541  -0.0861193  -0.170541  0.349052  0.131893  -0.0861193  0.131893  0.179509
0.322564  -0.170541  -0.0861193  -0.170541  0.349052  0.131893  -0.0861193  0.131893  0.179509
0.322564  -0.170541  -0.0861193  -0.170541  0.349052  0.131893  -0.0861193  0.131893  0.179509
0.322564  -0.170541  -0.0861193  -0.170541  0.349052  0.131893  -0.0861193  0.131893  0.179509
0.322564  -0.170541  -0.0861193  -0.170541  0.349052  0.131893  -0.0861193  0.131893  0.179509
0.322564  -0.170541  -0.0861193  -0.170541  0.349052  0.131893  -0.0861193  0.131893  0.179509
0.322564  -0.170541  -0.0861193  -0.170541  0.349052  0.131893  -0.0861193  0.131893  0.179509
0.322564  -0.170541  -0.0861193  -0.170541  0.349052  0.131893  -0.0861193  0.131893  0.179509
0.322573  -0.170553  -0.0861435  -0.170553  0.34907  0.131916  -0.0861435  0.131916  0.179524
0.322573  -0.170553  -0.0861435  -0.170553  0.34907  0.131916  -0.0861435  0.131916  0.179524
0.322553  -0.170542  -0.0861378  -0.170542  0.349082  0.131923  -0.0861378  0.131923  0.179528
0.322553  -0.170542  -0.0861378  -0.170542  0.349082  0.131923  -0.0861378  0.131923  0.179528
0.322553  -0.170542  -0.0861378  -0.170542  0.349082  0.131923  -0.0861378  0.131923  0.179528
0.322553  -0.170542  -0.0861378  -0.170542  0.349082  0.131923  -0.0861378  0.131923  0.179528
0.322544  -0.17053  -0.0861137  -0.17053  0.349064  0.131901  -0.0861137  0.131901  0.179513
0.322544  -0.17053  -0.0861137  -0.17053  0.349064  0.131901  -0.0861137  0.131901  0.179513
0.322525  -0.170519  -0.086108  -0.170519  0.349075  0.131908  -0.086108  0.131908  0.179516
0.322525  -0.170519  -0.086108  -0.170519  0.349075  0.131908  -0.086108  0.131908  0.179516
0.322516  -0.170507  -0.0860838  -0.170507  0.349057  0.131885  -0.0860838  0.131885  0.179502
0.322516  -0.170507  -0.0860838  -0.170507  0.349057  0.131885  -0.0860838  0.131885  0.179502
0.322516  -0.170507  -0.0860838  -0.170507  0.349057  0.131885  -0.0860838  0.131885  0.179502
0.322516  -0.170507  -0.0860838  -0.170507  0.349057  0.131885  -0.0860838  0.131885  0.179502
0.322516  -0.170507  -0.0860838  -0.170507  0.349057  0.131885  -0.0860838  0.131885  0.179502
0.322516  -0.170507  -0.0860838  -0.170507  0.349057  0.131885  -0.0860838  0.131885  0.179502
0.322516  -0.170507  -0.0860838  -0.170507  0.349057  0.131885  -0.0860838  0.131885  0.179502
0.322516  -0.170507  -0.0860838  -0.170507  0.349057  0.131885  -0.0860838  0.131885  0.179502
0.322497  -0.170496  -0.0860782  -0.170496  0.349068  0.131893  -0.0860782  0.131893  0.179505
0.322497  -0.170496  -0.0860782  -0.170496  0.349068  0.131893  -0.0860782  0.131893  0.179505
0.322497  -0.170496  -0.0860782  -0.170496  0.349068  0.131893  -0.0860782  0.131893  0.179505
0.322497  -0.170496  -0.0860782  -0.170496  0.349068  0.131893  -0.0860782  0.131893  0.179505
0.322469  -0.170473  -0.0860483  -0.170473  0.349062  0.131877  -0.0860483  0.131877  0.179494
0.322469  -0.170473  -0.0860483  -0.170473  0.349062  0.131877  -0.0860483  0.131877  0.179494
0.322468  -0.17049  -0.0860206  -0.17049  0.349084  0.131866  -0.0860206  0.131866  0.179477
0.322459  -0.170478  -0.0859964  -0.170478  0.349066  0.131844  -0.0859964  0.131844  0.179463
0.322459  -0.170478  -0.0859964  -0.170478  0.349066  0.131844  -0.0859964  0.131844  0.179463
0.32245  -0.170466  -0.0859723  -0.170466  0.349048  0.131821  -0.0859723  0.131821  0.179448
0.32245  -0.170466  -0.0859723  -0.170466  0.349048  0.131821  -0.0859723  0.131821  0.179448
0.322461  -0.170466  -0.0859537  -0.170466  0.349018  0.131792  -0.0859537  0.131792  0.17943
0.322452  -0.170454  -0.0859296  -0.170454  0.349  0.131769  -0.0859296  0.131769  0.179415
0.322452  -0.170454  -0.0859296  -0.170454  0.349  0.131769  -0.0859296  0.131769  0.179415
0.322451  -0.17047  -0.0859018  -0.17047  0.349023  0.131758  -0.0859018  0.131758  0.179399
0.322451  -0.17047  -0.0859018  -0.17047  0.349023  0.131758  -0.0859018  0.131758  0.179399
0.322442  -0.170475  -0.08585  -0.170475  0.349027  0.131724  -0.08585  0.131724  0.179368
0.322442  -0.170475  -0.08585  -0.170475  0.349027  0.131724  -0.08585  0.131724  0.179368
0.32246  -0.170502  -0.0858279  -0.170502  0.349038  0.131706  -0.0858279  0.131706  0.179348
0.32246  -0.170502  -0.0858279  -0.170502  0.349038  0.131706  -0.0858279  0.131706  0.179348
0.32246  -0.170519  -0.0858001  -0.170519  0.349061  0.131695  -0.0858001  0.131695  0.179331
0.32246  -0.170519  -0.0858001  -0.170519  0.349061  0.131695  -0.0858001  0.131695  0.179331
0.322459  -0.170551  -0.0857447  -0.170551  0.349106  0.131672  -0.0857447  0.131672  0.179299
0.322459  -0.170551  -0.0857447  -0.170551  0.349106  0.131672  -0.0857447  0.131672  0.179299
0.32243  -0.170545  -0.0856872  -0.170545  0.349122  0.131646  -0.0856872  0.131646  0.179271
0.32243  -0.170561  -0.0856595  -0.170561  0.349144  0.131634  -0.0856595  0.131634  0.179255
0.32242  -0.170565  -0.0856076  -0.170565  0.349149  0.131601  -0.0856076  0.131601  0.179224
0.32242  -0.170565  -0.0856076  -0.170565  0.349149  0.131601  -0.0856076  0.131601  0.179224
0.32241  -0.170586  -0.0855281  -0.170586  0.349176  0.131556  -0.0855281  0.131556  0.179177
0.32241  -0.170586  -0.0855281  -0.170586  0.349176  0.131556  -0.0855281  0.131556  0.179177
0.322381  -0.170596  -0.0854429  -0.170596  0.349215  0.131518  -0.0854429  0.131518  0.179134
0.322381  -0.170596  -0.0854429  -0.170596  0.349215  0.131518  -0.0854429  0.131518  0.179134
0.322332  -0.170595  -0.0853522  -0.170595  0.349265  0.131488  -0.0853522  0.131488  0.179094
0.322324  -0.170583  -0.0853281  -0.170583  0.349247  0.131466  -0.0853281  0.131466  0.179079
0.322285  -0.170581  -0.085219  -0.170581  0.349268  0.131406  -0.085219  0.131406  0.179021
0.322285  -0.170581  -0.085219  -0.170581  0.349268  0.131406  -0.085219  0.131406  0.179021
0.322228  -0.170568  -0.0851043  -0.170568  0.3493  0.131353  -0.0851043  0.131353  0.178967
0.322209  -0.170557  -0.0850987  -0.170557  0.349311  0.13136  -0.0850987  0.13136  0.178971
0.322143  -0.170533  -0.0849601  -0.170533  0.349326  0.131286  -0.0849601  0.131286  0.178902
0.322134  -0.170521  -0.0849361  -0.170521  0.349308  0.131263  -0.0849361  0.131263  0.178888
0.322105  -0.170515  -0.0848789  -0.170515  0.349324  0.131237  -0.0848789  0.131237  0.178861
0.321992  -0.170457  -0.0847053  -0.170457  0.349343  0.131155  -0.0847053  0.131155  0.178786
0.321984  -0.170445  -0.0846813  -0.170445  0.349325  0.131132  -0.0846813  0.131132  0.178771
0.321862  -0.170376  -0.0844841  -0.170376  0.349327  0.131028  -0.0844841  0.131028  0.178682
0.321862  -0.170376  -0.0844841  -0.170376  0.349327  0.131028  -0.0844841  0.131028  0.178682
0.321722  -0.170279  -0.0843092  -0.170279  0.349317  0.130942  -0.0843092  0.130942  0.178612
0.321713  -0.170267  -0.0842853  -0.170267  0.349299  0.13092  -0.0842853  0.13092  0.178598
0.321546  -0.170148  -0.0840813  -0.170148  0.349283  0.130819  -0.0840813  0.130819  0.178518
0.321537  -0.170137  -0.0840575  -0.170137  0.349265  0.130797  -0.0840575  0.130797  0.178504
0.321462  -0.170097  -0.0839657  -0.170097  0.349287  0.130763  -0.0839657  0.130763  0.17847
0.321287  -0.169967  -0.0837385  -0.169967  0.349253  0.130641  -0.0837385  0.130641  0.178377
0.321279  -0.169955  -0.0837147  -0.169955  0.349235  0.130619  -0.0837147  0.130619  0.178363
0.321068  -0.169775  -0.0834625  -0.169775  0.349155  0.130471  -0.0834625  0.130471  0.178262
0.32106  -0.169764  -0.0834388  -0.169764  0.349137  0.130449  -0.0834388  0.130449  0.178247
0.320859  -0.169612  -0.0831835  -0.169612  0.349098  0.130313  -0.0831835  0.130313  0.178145
0.320823  -0.169578  -0.0831307  -0.169578  0.349074  0.130276  -0.0831307  0.130276  0.178121
0.320732  -0.1695  -0.0830198  -0.1695  0.349037  0.13021  -0.0830198  0.13021  0.178076
0.320516  -0.16931  -0.0827457  -0.16931  0.34894  0.130042  -0.0827457  0.130042  0.177962
0.320499  -0.169287  -0.0826985  -0.169287  0.348905  0.129998  -0.0826985  0.129998  0.177934
0.320275  -0.169087  -0.0824017  -0.169087  0.34879  0.129808  -0.0824017  0.129808  0.177808
0.32024  -0.169037  -0.0823767  -0.169037  0.348744  0.129783  -0.0823767  0.129783  0.177799
0.320142  -0.168948  -0.0822431  -0.168948  0.34869  0.129696  -0.0822431  0.129696  0.177742
0.319893  -0.168726  -0.0819188  -0.168726  0.34857  0.129492  -0.0819188  0.129492  0.177607
0.319866  -0.168704  -0.0818901  -0.168704  0.348564  0.129478  -0.0818901  0.129478  0.177597
0.3196  -0.168472  -0.0815616  -0.168472  0.348457  0.129283  -0.0815616  0.129283  0.177467
0.319574  -0.16845  -0.0815329  -0.16845  0.348451  0.129269  -0.0815329  0.129269  0.177457
0.319477  -0.168362  -0.0814004  -0.168362  0.348398  0.129182  -0.0814004  0.129182  0.1774
0.319222  -0.168143  -0.0810967  -0.168143  0.348309  0.12901  -0.0810967  0.12901  0.177285
0.319187  -0.16811  -0.081045  -0.16811  0.348285  0.128974  -0.081045  0.128974  0.177262
0.318933  -0.167891  -0.0807423  -0.167891  0.348197  0.128802  -0.0807423  0.128802  0.177148
0.318898  -0.167858  -0.0806908  -0.167858  0.348174  0.128767  -0.0806908  0.128767  0.177125
0.318803  -0.167771  -0.0805593  -0.167771  0.348121  0.128681  -0.0805593  0.128681  0.177069
0.318509  -0.167509  -0.0801837  -0.167509  0.347993  0.128453  -0.0801837  0.128453  0.176921
0.318483  -0.167488  -0.0801554  -0.167488  0.347987  0.128439  -0.0801554  0.128439  0.176912
0.318198  -0.167238  -0.0798043  -0.167238  0.347877  0.128234  -0.0798043  0.128234  0.176778
0.31819  -0.167228  -0.0797813  -0.167228  0.34786  0.128213  -0.0797813  0.128213  0.176765
0.317882  -0.166958  -0.0794034  -0.166958  0.347745  0.127995  -0.0794034  0.127995  0.176624
0.317856  -0.166936  -0.0793754  -0.166936  0.347739  0.127981  -0.0793754  0.127981  0.176614
0.317756  -0.166823  -0.0792496  -0.166823  0.347648  0.127886  -0.0792496  0.127886  0.176562
0.317483  -0.166603  -0.0788975  -0.166603  0.34758  0.127693  -0.0788975  0.127693  0.176431
0.317458  -0.166582  -0.0788696  -0.166582  0.347574  0.127679  -0.0788696  0.127679  0.176421
0.31719  -0.166336  -0.0785053  -0.166336  0.347438  0.127449  -0.0785053  0.127449  0.176276
0.317139  -0.166293  -0.0784497  -0.166293  0.347427  0.127422  -0.0784497  0.127422  0.176258
0.316855  -0.166037  -0.0780818  -0.166037  0.347303  0.1272  -0.0780818  0.1272  0.176118
0.31683  -0.166016  -0.0780541  -0.166016  0.347298  0.127186  -0.0780541  0.127186  0.176109
0.316558  -0.165762  -0.0776701  -0.165762  0.347146  0.126937  -0.0776701  0.126937  0.175955
0.316508  -0.165719  -0.077615  -0.165719  0.347136  0.12691  -0.077615  0.12691  0.175938
0.316418  -0.165635  -0.0774874  -0.165635  0.347085  0.126827  -0.0774874  0.126827  0.175886
0.316138  -0.165382  -0.0771229  -0.165382  0.346964  0.126608  -0.0771229  0.126608  0.17575
0.316131  -0.165371  -0.0771005  -0.165371  0.346947  0.126587  -0.0771005  0.126587  0.175738
0.315885  -0.165166  -0.0767604  -0.165166  0.346871  0.126392  -0.0767604  0.126392  0.175611
0.315853  -0.165135  -0.0767108  -0.165135  0.346849  0.126358  -0.0767108  0.126358  0.17559
0.315619  -0.164915  -0.0763812  -0.164915  0.346723  0.126147  -0.0763812  0.126147  0.175462
0.315612  -0.164905  -0.0763589  -0.164905  0.346706  0.126126  -0.0763589  0.126126  0.17545
0.315364  -0.164665  -0.0759861  -0.164665  0.346547  0.125875  -0.0759861  0.125875  0.175299
0.31534  -0.164644  -0.075959  -0.164644  0.346542  0.125861  -0.075959  0.125861  0.175291
0.315235  -0.164566  -0.075802  -0.164566  0.346528  0.125777  -0.075802  0.125777  0.175232
0.314987  -0.164338  -0.0754704  -0.164338  0.346415  0.125576  -0.0754704  0.125576  0.175111
0.31498  -0.164328  -0.0754483  -0.164328  0.346398  0.125555  -0.0754483  0.125555  0.175099
0.314736  -0.164091  -0.0750786  -0.164091  0.346241  0.125306  -0.0750786  0.125306  0.174952
0.314712  -0.16407  -0.0750518  -0.16407  0.346236  0.125293  -0.0750518  0.125293  0.174944
0.314508  -0.16389  -0.0747279  -0.16389  0.346141  0.125089  -0.0747279  0.125089  0.174817
0.314484  -0.16387  -0.0747011  -0.16387  0.346136  0.125076  -0.0747011  0.125076  0.174809
0.314391  -0.163777  -0.0745551  -0.163777  0.346072  0.124975  -0.0745551  0.124975  0.174751
0.314165  -0.163578  -0.074206  -0.163578  0.345973  0.124759  -0.074206  0.124759  0.174617
0.314148  -0.163584  -0.0741749  -0.163584  0.346007  0.124756  -0.0741749  0.124756  0.174608
0.314056  -0.163492  -0.0740296  -0.163492  0.345943  0.124657  -0.0740296  0.124657  0.174551
0.313855  -0.163314  -0.0737087  -0.163314  0.34585  0.124455  -0.0737087  0.124455  0.174427
0.313732  -0.163208  -0.0734896  -0.163208  0.345788  0.124312  -0.0734896  0.124312  0.174339
0.313725  -0.163197  -0.0734679  -0.163197  0.345772  0.124292  -0.0734679  0.124292  0.174328
0.313663  -0.163152  -0.0733455  -0.163152  0.345753  0.124216  -0.0733455  0.124216  0.174277
0.313488  -0.162996  -0.0730528  -0.162996  0.345665  0.124029  -0.0730528  0.124029  0.174164
0.313494  -0.163021  -0.0730483  -0.163021  0.345705  0.124039  -0.0730483  0.124039  0.174163
0.313325  -0.162891  -0.0727518  -0.162891  0.345657  0.123861  -0.0727518  0.123861  0.174049
0.313318  -0.162881  -0.0727302  -0.162881  0.345641  0.123841  -0.0727302  0.123841  0.174038
0.313167  -0.162761  -0.0724392  -0.162761  0.345583  0.123658  -0.0724392  0.123658  0.173921
0.313166  -0.162776  -0.0724131  -0.162776  0.345606  0.123648  -0.0724131  0.123648  0.173909
0.313105  -0.162732  -0.0722916  -0.162732  0.345587  0.123572  -0.0722916  0.123572  0.17386
0.313  -0.162668  -0.0720277  -0.162668  0.345562  0.123404  -0.0720277  0.123404  0.173747
0.31297  -0.162638  -0.0719802  -0.162638  0.345541  0.123372  -0.0719802  0.123372  0.173729
0.312888  -0.162594  -0.0717428  -0.162594  0.34552  0.123217  -0.0717428  0.123217  0.173624
0.312871  -0.1626  -0.0717122  -0.1626  0.345555  0.123214  -0.0717122  0.123214  0.173616
0.312827  -0.162565  -0.071596  -0.162565  0.345525  0.123132  -0.071596  0.123132  0.173565
0.312767  -0.162557  -0.0713591  -0.162557  0.345533  0.12298  -0.0713591  0.12298  0.173456
0.31275  -0.162563  -0.0713286  -0.162563  0.345568  0.122977  -0.0713286  0.122977  0.173448
0.312677  -0.16252  -0.0710754  -0.16252  0.34552  0.122796  -0.0710754  0.122796  0.17333
0.312669  -0.162525  -0.0710281  -0.162525  0.345527  0.122766  -0.0710281  0.122766  0.173307
0.312648  -0.162511  -0.0709382  -0.162511  0.345502  0.122697  -0.0709382  0.122697  0.173264
0.312589  -0.162503  -0.0707022  -0.162503  0.34551  0.122546  -0.0707022  0.122546  0.173157
0.312581  -0.162508  -0.070655  -0.162508  0.345518  0.122516  -0.070655  0.122516  0.173135
0.312525  -0.162475  -0.0704073  -0.162475  0.345459  0.122328  -0.0704073  0.122328  0.173015
0.312524  -0.162491  -0.0703814  -0.162491  0.345483  0.122318  -0.0703814  0.122318  0.173004
0.312496  -0.162467  -0.0702706  -0.162467  0.345442  0.122229  -0.0702706  0.122229  0.17295
0.312446  -0.162459  -0.0700187  -0.162459  0.345423  0.122052  -0.0700187  0.122052  0.172831
0.312445  -0.162475  -0.0699928  -0.162475  0.345447  0.122042  -0.0699928  0.122042  0.17282
0.312417  -0.16245  -0.0698823  -0.16245  0.345406  0.121954  -0.0698823  0.121954  0.172767
0.312389  -0.162463  -0.0696564  -0.162463  0.345393  0.121789  -0.0696564  0.121789  0.172655
0.312383  -0.162453  -0.0696353  -0.162453  0.345377  0.121769  -0.0696353  0.121769  0.172645
0.312362  -0.162439  -0.0695461  -0.162439  0.345352  0.1217  -0.0695461  0.1217  0.172603
0.312311  -0.162431  -0.069295  -0.162431  0.345335  0.121524  -0.069295  0.121524  0.172486
0.312305  -0.162421  -0.0692739  -0.162421  0.345319  0.121504  -0.0692739  0.121504  0.172476
0.312277  -0.162434  -0.0690487  -0.162434  0.345306  0.12134  -0.0690487  0.12134  0.172366
0.31227  -0.162424  -0.0690276  -0.162424  0.34529  0.121321  -0.0690276  0.121321  0.172356
0.312215  -0.162376  -0.0688078  -0.162376  0.34521  0.121145  -0.0688078  0.121145  0.172253
0.312214  -0.162391  -0.068782  -0.162391  0.345233  0.121135  -0.068782  0.121135  0.172242
0.312162  -0.162333  -0.0685249  -0.162333  0.34511  0.120914  -0.0685249  0.120914  0.172116
0.312161  -0.162349  -0.0684992  -0.162349  0.345134  0.120904  -0.0684992  0.120904  0.172105
0.312108  -0.162291  -0.0682425  -0.162291  0.345011  0.120683  -0.0682425  0.120683  0.17198
0.312108  -0.162291  -0.0682425  -0.162291  0.345011  0.120683  -0.0682425  0.120683  0.17198
0.31204  -0.162223  -0.0679819  -0.162223  0.3449  0.12047  -0.0679819  0.12047  0.17186
0.31204  -0.162223  -0.0679819  -0.162223  0.3449  0.12047  -0.0679819  0.12047  0.17186
0.311981  -0.162156  -0.0677052  -0.162156  0.344762  0.120231  -0.0677052  0.120231  0.171727
0.311974  -0.162146  -0.0676843  -0.162146  0.344746  0.120212  -0.0676843  0.120212  0.171718
0.311917  -0.162064  -0.0674338  -0.162064  0.344585  0.119983  -0.0674338  0.119983  0.171597
0.311903  -0.162044  -0.0673922  -0.162044  0.344553  0.119944  -0.0673922  0.119944  0.171577
0.311886  -0.162005  -0.0672925  -0.162005  0.344463  0.119841  -0.0672925  0.119841  0.171526
0.311815  -0.161903  -0.0670012  -0.161903  0.344271  0.119575  -0.0670012  0.119575  0.171387
0.311802  -0.161883  -0.0669597  -0.161883  0.34424  0.119537  -0.0669597  0.119537  0.171368
0.311725  -0.161772  -0.0666484  -0.161772  0.344033  0.119252  -0.0666484  0.119252  0.171221
0.311718  -0.161762  -0.0666277  -0.161762  0.344017  0.119233  -0.0666277  0.119233  0.171212
0.311636  -0.161626  -0.066322  -0.161626  0.343771  0.118941  -0.066322  0.118941  0.171067
0.311629  -0.161616  -0.0663014  -0.161616  0.343756  0.118922  -0.0663014  0.118922  0.171058
0.311554  -0.16149  -0.066017  -0.16149  0.343526  0.118649  -0.066017  0.118649  0.170924
0.311547  -0.16148  -0.0659965  -0.16148  0.343511  0.11863  -0.0659965  0.11863  0.170915
0.311465  -0.161345  -0.0656923  -0.161345  0.343266  0.118339  -0.0656923  0.118339  0.170773
0.311452  -0.161325  -0.0656512  -0.161325  0.343235  0.118301  -0.0656512  0.118301  0.170755
0.311414  -0.161267  -0.0655281  -0.161267  0.343143  0.118188  -0.0655281  0.118188  0.1707
0.311332  -0.161132  -0.065225  -0.161132  0.342899  0.117899  -0.065225  0.117899  0.170561
0.311314  -0.161088  -0.0651891  -0.161088  0.342829  0.117852  -0.0651891  0.117852  0.170543
0.311224  -0.160953  -0.0649031  -0.160953  0.342614  0.11759  -0.0649031  0.11759  0.170418
0.311211  -0.160934  -0.0648623  -0.160934  0.342583  0.117553  -0.0648623  0.117553  0.1704
0.311173  -0.160877  -0.06474  -0.160877  0.342491  0.117441  -0.06474  0.117441  0.170347
0.311093  -0.160743  -0.0644388  -0.160743  0.34225  0.117154  -0.0644388  0.117154  0.17021
0.311074  -0.160699  -0.0644032  -0.160699  0.34218  0.117107  -0.0644032  0.117107  0.170194
0.310979  -0.160555  -0.0640988  -0.160555  0.341951  0.116829  -0.0640988  0.116829  0.170063
0.310967  -0.160536  -0.0640583  -0.160536  0.341921  0.116792  -0.0640583  0.116792  0.170045
0.310923  -0.160454  -0.0639418  -0.160454  0.34179  0.116672  -0.0639418  0.116672  0.169994
0.31081  -0.160283  -0.063578  -0.160283  0.341517  0.116339  -0.063578  0.116339  0.169839
0.310792  -0.16024  -0.0635427  -0.16024  0.341448  0.116294  -0.0635427  0.116294  0.169823
0.310674  -0.160045  -0.0631852  -0.160045  0.341137  0.115954  -0.0631852  0.115954  0.169671
0.310668  -0.160035  -0.0631651  -0.160035  0.341121  0.115935  -0.0631651  0.115935  0.169663
0.310551  -0.159841  -0.0628088  -0.159841  0.340811  0.115597  -0.0628088  0.115597  0.169513
0.310544  -0.159832  -0.0627887  -0.159832  0.340796  0.115579  -0.0627887  0.115579  0.169504
0.310443  -0.159647  -0.0624374  -0.159647  0.340476  0.115234  -0.0624374  0.115234  0.169352
0.310436  -0.159638  -0.0624174  -0.159638  0.340461  0.115216  -0.0624174  0.115216  0.169344
0.310332  -0.159479  -0.0620781  -0.159479  0.340206  0.114907  -0.0620781  0.114907  0.169205
0.310319  -0.15946  -0.0620382  -0.15946  0.340177  0.114871  -0.0620382  0.114871  0.169189
0.310231  -0.159295  -0.0617288  -0.159295  0.339888  0.114565  -0.0617288  0.114565  0.169056
0.310219  -0.159277  -0.061689  -0.159277  0.339858  0.114529  -0.061689  0.114529  0.16904
0.310116  -0.159103  -0.0613767  -0.159103  0.339582  0.114232  -0.0613767  0.114232  0.168913
0.31011  -0.159094  -0.0613569  -0.159094  0.339567  0.114215  -0.0613569  0.114215  0.168905
0.310001  -0.158927  -0.0610008  -0.158927  0.339301  0.113892  -0.0610008  0.113892  0.168763
0.309989  -0.158909  -0.0609613  -0.158909  0.339271  0.113856  -0.0609613  0.113856  0.168748
0.309947  -0.158844  -0.0608231  -0.158844  0.339168  0.113731  -0.0608231  0.113731  0.168693
0.309813  -0.158635  -0.0604505  -0.158635  0.338862  0.113391  -0.0604505  0.113391  0.168551
0.309807  -0.158626  -0.0604309  -0.158626  0.338847  0.113373  -0.0604309  0.113373  0.168543
0.309682  -0.158433  -0.0600187  -0.158433  0.33854  0.113  -0.0600187  0.113  0.168383
0.309676  -0.158424  -0.0599991  -0.158424  0.338525  0.112982  -0.0599991  0.112982  0.168375
0.309538  -0.158208  -0.0596096  -0.158208  0.338207  0.112628  -0.0596096  0.112628  0.16823
0.309526  -0.15819  -0.0595706  -0.15819  0.338178  0.112593  -0.0595706  0.112593  0.168215
0.309409  -0.157992  -0.0592056  -0.157992  0.337864  0.11225  -0.0592056  0.11225  0.168075
0.309403  -0.157983  -0.0591861  -0.157983  0.337849  0.112232  -0.0591861  0.112232  0.168068
0.309266  -0.157784  -0.0587747  -0.157784  0.337558  0.111872  -0.0587747  0.111872  0.167919
0.30926  -0.157775  -0.0587553  -0.157775  0.337543  0.111855  -0.0587553  0.111855  0.167912
0.309136  -0.157594  -0.0583841  -0.157594  0.337282  0.111531  -0.0583841  0.111531  0.167779
0.309124  -0.157576  -0.0583454  -0.157576  0.337253  0.111496  -0.0583454  0.111496  0.167765
