0.319  -0.152842  -0.0661825  -0.152842  0.31132  0.103577  -0.0661825  0.103577  0.166072
0.319  -0.152842  -0.0661825  -0.152842  0.31132  0.103577  -0.0661825  0.103577  0.166072
0.319014  -0.152891  -0.0661735  -0.152891  0.311386  0.103593  -0.0661735  0.103593  0.16607
0.319014  -0.152891  -0.0661735  -0.152891  0.311386  0.103593  -0.0661735  0.103593  0.16607
0.319028  -0.15294  -0.0661644  -0.15294  0.311452  0.10361  -0.0661644  0.10361  0.166068
0.319049  -0.152998  -0.0661759  -0.152998  0.311532  0.103643  -0.0661759  0.103643  0.166074
0.319049  -0.152998  -0.0661759  -0.152998  0.311532  0.103643  -0.0661759  0.103643  0.166074
0.319084  -0.153091  -0.0662035  -0.153091  0.31166  0.103702  -0.0662035  0.103702  0.166088
0.319101  -0.153098  -0.0662066  -0.153098  0.311647  0.103694  -0.0662066  0.103694  0.166084
0.319129  -0.153181  -0.0662136  -0.153181  0.311761  0.103736  -0.0662136  0.103736  0.166089
0.319129  -0.153181  -0.0662136  -0.153181  0.311761  0.103736  -0.0662136  0.103736  0.166089
0.31918  -0.153281  -0.0662443  -0.153281  0.311876  0.103787  -0.0662443  0.103787  0.166099
0.319202  -0.15334  -0.0662558  -0.15334  0.311957  0.10382  -0.0662558  0.10382  0.166106
0.319202  -0.15334  -0.0662558  -0.15334  0.311957  0.10382  -0.0662558  0.10382  0.166106
0.319246  -0.153431  -0.066266  -0.153431  0.312058  0.103854  -0.066266  0.103854  0.166107
0.319246  -0.153431  -0.066266  -0.153431  0.312058  0.103854  -0.066266  0.103854  0.166107
0.319274  -0.153514  -0.066273  -0.153514  0.312172  0.103896  -0.066273  0.103896  0.166112
0.319319  -0.153605  -0.0662831  -0.153605  0.312274  0.10393  -0.0662831  0.10393  0.166114
0.319319  -0.153605  -0.0662831  -0.153605  0.312274  0.10393  -0.0662831  0.10393  0.166114
0.319347  -0.153688  -0.0662902  -0.153688  0.312388  0.103972  -0.0662902  0.103972  0.166119
0.319355  -0.153698  -0.0663108  -0.153698  0.312402  0.103989  -0.0663108  0.103989  0.166128
0.319399  -0.153789  -0.066321  -0.153789  0.312504  0.104023  -0.066321  0.104023  0.166129
0.31942  -0.153862  -0.0663074  -0.153862  0.312604  0.104048  -0.0663074  0.104048  0.166126
0.31942  -0.153862  -0.0663074  -0.153862  0.312604  0.104048  -0.0663074  0.104048  0.166126
0.319465  -0.153954  -0.0663176  -0.153954  0.312707  0.104082  -0.0663176  0.104082  0.166127
0.319465  -0.153954  -0.0663176  -0.153954  0.312707  0.104082  -0.0663176  0.104082  0.166127
0.319493  -0.154037  -0.0663246  -0.154037  0.312821  0.104124  -0.0663246  0.104124  0.166132
0.319523  -0.154094  -0.0663187  -0.154094  0.312876  0.104132  -0.0663187  0.104132  0.166126
0.319523  -0.154094  -0.0663187  -0.154094  0.312876  0.104132  -0.0663187  0.104132  0.166126
0.319544  -0.154168  -0.0663051  -0.154168  0.312977  0.104157  -0.0663051  0.104157  0.166123
0.319544  -0.154168  -0.0663051  -0.154168  0.312977  0.104157  -0.0663051  0.104157  0.166123
0.319574  -0.154225  -0.0662992  -0.154225  0.313032  0.104166  -0.0662992  0.104166  0.166117
0.319588  -0.154274  -0.0662901  -0.154274  0.313099  0.104182  -0.0662901  0.104182  0.166115
0.319588  -0.154274  -0.0662901  -0.154274  0.313099  0.104182  -0.0662901  0.104182  0.166115
0.319601  -0.154339  -0.0662558  -0.154339  0.313186  0.10419  -0.0662558  0.10419  0.166103
0.319617  -0.154347  -0.0662589  -0.154347  0.313174  0.104182  -0.0662589  0.104182  0.166099
0.319623  -0.154386  -0.0662292  -0.154386  0.313227  0.104181  -0.0662292  0.104181  0.166088
0.319637  -0.154436  -0.0662201  -0.154436  0.313295  0.104198  -0.0662201  0.104198  0.166086
0.319644  -0.15446  -0.0662156  -0.15446  0.313329  0.104206  -0.0662156  0.104206  0.166085
0.319674  -0.154533  -0.0661844  -0.154533  0.313404  0.104206  -0.0661844  0.104206  0.166069
0.319674  -0.154533  -0.0661844  -0.154533  0.313404  0.104206  -0.0661844  0.104206  0.166069
0.319703  -0.154605  -0.0661532  -0.154605  0.313479  0.104206  -0.0661532  0.104206  0.166053
0.319724  -0.154679  -0.0661395  -0.154679  0.31358  0.10423  -0.0661395  0.10423  0.16605
0.319724  -0.154679  -0.0661395  -0.154679  0.31358  0.10423  -0.0661395  0.10423  0.16605
0.319754  -0.154751  -0.0661083  -0.154751  0.313655  0.10423  -0.0661083  0.10423  0.166034
0.319761  -0.154776  -0.0661038  -0.154776  0.313689  0.104238  -0.0661038  0.104238  0.166033
0.319774  -0.154841  -0.0660694  -0.154841  0.313777  0.104246  -0.0660694  0.104246  0.166021
0.319811  -0.154923  -0.0660589  -0.154923  0.313866  0.104263  -0.0660589  0.104263  0.166014
0.319811  -0.154923  -0.0660589  -0.154923  0.313866  0.104263  -0.0660589  0.104263  0.166014
0.319841  -0.154995  -0.0660276  -0.154995  0.313942  0.104263  -0.0660276  0.104263  0.165998
0.319848  -0.15502  -0.0660231  -0.15502  0.313976  0.104271  -0.0660231  0.104271  0.165997
0.319877  -0.155092  -0.0659918  -0.155092  0.314052  0.104271  -0.0659918  0.104271  0.165982
0.319898  -0.155167  -0.0659781  -0.155167  0.314154  0.104295  -0.0659781  0.104295  0.165978
0.319898  -0.155167  -0.0659781  -0.155167  0.314154  0.104295  -0.0659781  0.104295  0.165978
0.319935  -0.155264  -0.0659422  -0.155264  0.314263  0.104303  -0.0659422  0.104303  0.165962
0.319935  -0.155264  -0.0659422  -0.155264  0.314263  0.104303  -0.0659422  0.104303  0.165962
0.319979  -0.155371  -0.065927  -0.155371  0.314387  0.104328  -0.065927  0.104328  0.165953
0.319992  -0.155436  -0.0658926  -0.155436  0.314476  0.104336  -0.0658926  0.104336  0.165942
0.319999  -0.155461  -0.065888  -0.155461  0.31451  0.104344  -0.065888  0.104344  0.165941
0.320044  -0.155568  -0.0658728  -0.155568  0.314634  0.104369  -0.0658728  0.104369  0.165933
0.320065  -0.155643  -0.065859  -0.155643  0.314737  0.104394  -0.065859  0.104394  0.165929
0.320065  -0.155643  -0.065859  -0.155643  0.314737  0.104394  -0.065859  0.104394  0.165929
0.320117  -0.155776  -0.0658391  -0.155776  0.314896  0.104427  -0.0658391  0.104427  0.16592
0.320117  -0.155776  -0.0658391  -0.155776  0.314896  0.104427  -0.0658391  0.104427  0.16592
0.32016  -0.155898  -0.0657986  -0.155898  0.315041  0.104443  -0.0657986  0.104443  0.165903
0.320198  -0.155981  -0.0657879  -0.155981  0.315131  0.10446  -0.0657879  0.10446  0.165895
0.320205  -0.156006  -0.0657833  -0.156006  0.315166  0.104468  -0.0657833  0.104468  0.165894
0.320257  -0.156139  -0.0657634  -0.156139  0.315325  0.104502  -0.0657634  0.104502  0.165885
0.320302  -0.156247  -0.0657481  -0.156247  0.315451  0.104527  -0.0657481  0.104527  0.165877
0.320302  -0.156247  -0.0657481  -0.156247  0.315451  0.104527  -0.0657481  0.104527  0.165877
0.320344  -0.156397  -0.0657204  -0.156397  0.315657  0.104576  -0.0657204  0.104576  0.165871
0.320351  -0.156422  -0.0657158  -0.156422  0.315692  0.104584  -0.0657158  0.104584  0.16587
0.320403  -0.156555  -0.0656959  -0.156555  0.315852  0.104618  -0.0656959  0.104618  0.165861
0.320448  -0.156663  -0.0656805  -0.156663  0.315978  0.104643  -0.0656805  0.104643  0.165853
0.320455  -0.156688  -0.0656759  -0.156688  0.316013  0.104651  -0.0656759  0.104651  0.165852
0.320507  -0.156822  -0.0656559  -0.156822  0.316174  0.104684  -0.0656559  0.104684  0.165843
0.320515  -0.156847  -0.0656513  -0.156847  0.316208  0.104693  -0.0656513  0.104693  0.165842
0.320567  -0.15698  -0.0656313  -0.15698  0.31637  0.104726  -0.0656313  0.104726  0.165833
0.320595  -0.157081  -0.0656127  -0.157081  0.316508  0.104759  -0.0656127  0.104759  0.165829
0.320602  -0.157106  -0.0656081  -0.157106  0.316543  0.104767  -0.0656081  0.104767  0.165828
0.320655  -0.15724  -0.065588  -0.15724  0.316705  0.1048  -0.065588  0.1048  0.165819
0.320662  -0.157265  -0.0655834  -0.157265  0.31674  0.104809  -0.0655834  0.104809  0.165818
0.320714  -0.157399  -0.0655633  -0.157399  0.316902  0.104842  -0.0655633  0.104842  0.165809
0.32076  -0.157508  -0.0655479  -0.157508  0.317029  0.104867  -0.0655479  0.104867  0.165801
0.32076  -0.157508  -0.0655479  -0.157508  0.317029  0.104867  -0.0655479  0.104867  0.165801
0.320804  -0.157632  -0.065507  -0.157632  0.317177  0.104883  -0.065507  0.104883  0.165783
0.320811  -0.157657  -0.0655023  -0.157657  0.317212  0.104891  -0.0655023  0.104891  0.165782
0.320864  -0.157791  -0.0654822  -0.157791  0.317375  0.104925  -0.0654822  0.104925  0.165773
0.320909  -0.1579  -0.0654667  -0.1579  0.317503  0.10495  -0.0654667  0.10495  0.165765
0.320917  -0.157926  -0.065462  -0.157926  0.317538  0.104958  -0.065462  0.104958  0.165764
0.320969  -0.15806  -0.0654419  -0.15806  0.317701  0.104991  -0.0654419  0.104991  0.165756
0.320977  -0.158086  -0.0654372  -0.158086  0.317736  0.104999  -0.0654372  0.104999  0.165755
0.321029  -0.15822  -0.065417  -0.15822  0.3179  0.105033  -0.065417  0.105033  0.165746
0.321075  -0.15833  -0.0654015  -0.15833  0.318029  0.105058  -0.0654015  0.105058  0.165738
0.321075  -0.15833  -0.0654015  -0.15833  0.318029  0.105058  -0.0654015  0.105058  0.165738
0.321128  -0.158465  -0.0653812  -0.158465  0.318193  0.105091  -0.0653812  0.105091  0.165729
0.321135  -0.15849  -0.0653766  -0.15849  0.318228  0.1051  -0.0653766  0.1051  0.165728
0.321188  -0.158625  -0.0653563  -0.158625  0.318392  0.105133  -0.0653563  0.105133  0.165719
0.321234  -0.158735  -0.0653407  -0.158735  0.318522  0.105158  -0.0653407  0.105158  0.165711
0.321242  -0.15876  -0.065336  -0.15876  0.318557  0.105166  -0.065336  0.105166  0.16571
0.321302  -0.158921  -0.0653111  -0.158921  0.318757  0.105208  -0.0653111  0.105208  0.1657
0.321302  -0.158921  -0.0653111  -0.158921  0.318757  0.105208  -0.0653111  0.105208  0.1657
0.321363  -0.159082  -0.065286  -0.159082  0.318958  0.105249  -0.065286  0.105249  0.165691
0.321363  -0.159082  -0.065286  -0.159082  0.318958  0.105249  -0.065286  0.105249  0.165691
0.321423  -0.159243  -0.065261  -0.159243  0.319159  0.105291  -0.065261  0.105291  0.165681
0.321469  -0.159354  -0.0652454  -0.159354  0.319289  0.105316  -0.0652454  0.105316  0.165673
0.321469  -0.159354  -0.0652454  -0.159354  0.319289  0.105316  -0.0652454  0.105316  0.165673
0.321514  -0.159492  -0.0652428  -0.159492  0.319482  0.105375  -0.0652428  0.105375  0.165677
0.321538  -0.159525  -0.0652412  -0.159525  0.319505  0.105375  -0.0652412  0.105375  0.165672
0.321575  -0.159653  -0.0652177  -0.159653  0.319684  0.105416  -0.0652177  0.105416  0.165667
0.321575  -0.159653  -0.0652177  -0.159653  0.319684  0.105416  -0.0652177  0.105416  0.165667
0.321629  -0.159789  -0.0651973  -0.159789  0.319851  0.10545  -0.0651973  0.10545  0.165659
0.321658  -0.159892  -0.0651784  -0.159892  0.319994  0.105483  -0.0651784  0.105483  0.165655
0.321658  -0.159892  -0.0651784  -0.159892  0.319994  0.105483  -0.0651784  0.105483  0.165655
0.321703  -0.160018  -0.065137  -0.160018  0.320147  0.105498  -0.065137  0.105498  0.165638
0.321711  -0.160044  -0.0651323  -0.160044  0.320183  0.105507  -0.0651323  0.105507  0.165637
0.32174  -0.160146  -0.0651134  -0.160146  0.320326  0.105539  -0.0651134  0.105539  0.165633
0.321747  -0.160172  -0.0651086  -0.160172  0.320362  0.105548  -0.0651086  0.105548  0.165632
0.321785  -0.160273  -0.0650719  -0.160273  0.320479  0.105555  -0.0650719  0.105555  0.165616
0.321815  -0.160376  -0.065053  -0.160376  0.320624  0.105588  -0.065053  0.105588  0.165612
0.321815  -0.160376  -0.065053  -0.160376  0.320624  0.105588  -0.065053  0.105588  0.165612
0.321852  -0.160504  -0.0650293  -0.160504  0.320804  0.105629  -0.0650293  0.105629  0.165608
0.321865  -0.160571  -0.0649941  -0.160571  0.320898  0.105636  -0.0649941  0.105636  0.165597
0.321873  -0.160597  -0.0649893  -0.160597  0.320934  0.105644  -0.0649893  0.105644  0.165596
0.321902  -0.1607  -0.0649703  -0.1607  0.321078  0.105677  -0.0649703  0.105677  0.165592
0.321909  -0.160726  -0.0649656  -0.160726  0.321115  0.105685  -0.0649656  0.105685  0.165591
0.321939  -0.160829  -0.0649465  -0.160829  0.32126  0.105718  -0.0649465  0.105718  0.165587
0.321953  -0.160896  -0.0649113  -0.160896  0.321354  0.105725  -0.0649113  0.105725  0.165576
0.321953  -0.160896  -0.0649113  -0.160896  0.321354  0.105725  -0.0649113  0.105725  0.165576
0.321999  -0.161007  -0.0648954  -0.161007  0.321487  0.10575  -0.0648954  0.10575  0.165569
0.322013  -0.161074  -0.0648601  -0.161074  0.321581  0.105757  -0.0648601  0.105757  0.165558
0.322013  -0.161074  -0.0648601  -0.161074  0.321581  0.105757  -0.0648601  0.105757  0.165558
0.322018  -0.161143  -0.0648427  -0.161143  0.321702  0.10579  -0.0648427  0.10579  0.165559
0.322018  -0.161143  -0.0648427  -0.161143  0.321702  0.10579  -0.0648427  0.10579  0.165559
0.322032  -0.161211  -0.0648074  -0.161211  0.321797  0.105797  -0.0648074  0.105797  0.165548
0.322047  -0.161262  -0.0647978  -0.161262  0.32187  0.105813  -0.0647978  0.105813  0.165546
0.322047  -0.161262  -0.0647978  -0.161262  0.32187  0.105813  -0.0647978  0.105813  0.165546
0.322036  -0.161295  -0.0647641  -0.161295  0.32194  0.10582  -0.0647641  0.10582  0.16554
0.322042  -0.161337  -0.0647336  -0.161337  0.321998  0.105818  -0.0647336  0.105818  0.16553
0.322042  -0.161337  -0.0647336  -0.161337  0.321998  0.105818  -0.0647336  0.105818  0.16553
0.322032  -0.161354  -0.0647256  -0.161354  0.322047  0.105834  -0.0647256  0.105834  0.165533
0.322014  -0.161361  -0.0646967  -0.161361  0.322081  0.105833  -0.0646967  0.105833  0.165528
0.322021  -0.161387  -0.0646919  -0.161387  0.322118  0.105841  -0.0646919  0.105841  0.165527
0.322003  -0.161394  -0.0646629  -0.161394  0.322152  0.105839  -0.0646629  0.105839  0.165522
0.322003  -0.161394  -0.0646629  -0.161394  0.322152  0.105839  -0.0646629  0.105839  0.165522
0.321993  -0.161412  -0.064655  -0.161412  0.322201  0.105855  -0.064655  0.105855  0.165525
0.321985  -0.161401  -0.064634  -0.161401  0.322186  0.105837  -0.064634  0.105837  0.165517
0.321967  -0.161393  -0.0646308  -0.161393  0.322198  0.105845  -0.0646308  0.105845  0.165521
0.321941  -0.16139  -0.0645809  -0.16139  0.322218  0.105826  -0.0645809  0.105826  0.165507
0.321941  -0.16139  -0.0645809  -0.16139  0.322218  0.105826  -0.0645809  0.105826  0.165507
0.321915  -0.161371  -0.0645568  -0.161371  0.322216  0.105816  -0.0645568  0.105816  0.165503
0.321915  -0.161371  -0.0645568  -0.161371  0.322216  0.105816  -0.0645568  0.105816  0.165503
0.321881  -0.161342  -0.0645117  -0.161342  0.322199  0.105788  -0.0645117  0.105788  0.16549
0.321855  -0.161323  -0.0644876  -0.161323  0.322196  0.105778  -0.0644876  0.105778  0.165486
0.321855  -0.161323  -0.0644876  -0.161323  0.322196  0.105778  -0.0644876  0.105778  0.165486
0.321821  -0.161294  -0.0644425  -0.161294  0.322179  0.105751  -0.0644425  0.105751  0.165474
0.321804  -0.161286  -0.0644394  -0.161286  0.322192  0.105758  -0.0644394  0.105758  0.165478
0.32177  -0.161257  -0.0643943  -0.161257  0.322175  0.105731  -0.0643943  0.105731  0.165465
0.321744  -0.161238  -0.0643702  -0.161238  0.322172  0.105721  -0.0643702  0.105721  0.165461
0.321744  -0.161238  -0.0643702  -0.161238  0.322172  0.105721  -0.0643702  0.105721  0.165461
0.32171  -0.161209  -0.0643253  -0.161209  0.322155  0.105693  -0.0643253  0.105693  0.165448
0.321677  -0.16118  -0.0642803  -0.16118  0.322139  0.105666  -0.0642803  0.105666  0.165436
0.321677  -0.16118  -0.0642803  -0.16118  0.322139  0.105666  -0.0642803  0.105666  0.165436
0.321651  -0.161161  -0.0642562  -0.161161  0.322136  0.105656  -0.0642562  0.105656  0.165432
0.321643  -0.161151  -0.0642353  -0.161151  0.322122  0.105638  -0.0642353  0.105638  0.165424
0.321609  -0.161122  -0.0641904  -0.161122  0.322105  0.105611  -0.0641904  0.105611  0.165411
0.321609  -0.161122  -0.0641904  -0.161122  0.322105  0.105611  -0.0641904  0.105611  0.165411
0.321592  -0.161101  -0.0641486  -0.161101  0.322076  0.105575  -0.0641486  0.105575  0.165395
0.321567  -0.161082  -0.0641246  -0.161082  0.322073  0.105565  -0.0641246  0.105565  0.165391
0.321567  -0.161082  -0.0641246  -0.161082  0.322073  0.105565  -0.0641246  0.105565  0.165391
0.32155  -0.161062  -0.0640828  -0.161062  0.322044  0.10553  -0.0640828  0.10553  0.165374
0.321534  -0.161041  -0.0640411  -0.161041  0.322015  0.105495  -0.0640411  0.105495  0.165358
0.321534  -0.161041  -0.0640411  -0.161041  0.322015  0.105495  -0.0640411  0.105495  0.165358
0.3215  -0.161012  -0.0639963  -0.161012  0.321998  0.105467  -0.0639963  0.105467  0.165346
0.321483  -0.160991  -0.0639546  -0.160991  0.321969  0.105432  -0.0639546  0.105432  0.165329
0.321483  -0.160991  -0.0639546  -0.160991  0.321969  0.105432  -0.0639546  0.105432  0.165329
0.321466  -0.160986  -0.0638872  -0.160986  0.321962  0.105387  -0.0638872  0.105387  0.165304
0.321466  -0.160986  -0.0638872  -0.160986  0.321962  0.105387  -0.0638872  0.105387  0.165304
0.321449  -0.160965  -0.0638455  -0.160965  0.321933  0.105352  -0.0638455  0.105352  0.165288
0.321466  -0.160974  -0.0638486  -0.160974  0.321921  0.105344  -0.0638486  0.105344  0.165284
0.321441  -0.160943  -0.0637861  -0.160943  0.321877  0.105292  -0.0637861  0.105292  0.16526
0.321441  -0.160943  -0.0637861  -0.160943  0.321877  0.105292  -0.0637861  0.105292  0.16526
0.321416  -0.160912  -0.0637237  -0.160912  0.321833  0.105239  -0.0637237  0.105239  0.165236
0.3214  -0.160891  -0.0636821  -0.160891  0.321804  0.105204  -0.0636821  0.105204  0.165219
0.3214  -0.160891  -0.0636821  -0.160891  0.321804  0.105204  -0.0636821  0.105204  0.165219
0.321375  -0.16086  -0.0636197  -0.16086  0.321761  0.105151  -0.0636197  0.105151  0.165195
0.321384  -0.160858  -0.063602  -0.160858  0.321734  0.105126  -0.063602  0.105126  0.165183
0.321376  -0.160848  -0.0635812  -0.160848  0.321719  0.105108  -0.0635812  0.105108  0.165175
0.321352  -0.160802  -0.0635445  -0.160802  0.321654  0.105065  -0.0635445  0.105065  0.16516
0.321352  -0.160802  -0.0635445  -0.160802  0.321654  0.105065  -0.0635445  0.105065  0.16516
0.321327  -0.160771  -0.0634821  -0.160771  0.321611  0.105012  -0.0634821  0.105012  0.165136
0.321327  -0.160771  -0.0634821  -0.160771  0.321611  0.105012  -0.0634821  0.105012  0.165136
0.321302  -0.16074  -0.0634198  -0.16074  0.321567  0.10496  -0.0634198  0.10496  0.165112
0.321277  -0.160709  -0.0633576  -0.160709  0.321524  0.104907  -0.0633576  0.104907  0.165088
0.321277  -0.160709  -0.0633576  -0.160709  0.321524  0.104907  -0.0633576  0.104907  0.165088
0.321253  -0.160678  -0.0632953  -0.160678  0.32148  0.104855  -0.0632953  0.104855  0.165064
0.321245  -0.160668  -0.0632746  -0.160668  0.321466  0.104837  -0.0632746  0.104837  0.165056
0.321221  -0.160609  -0.0631996  -0.160609  0.321359  0.104752  -0.0631996  0.104752  0.165021
0.321205  -0.160589  -0.0631581  -0.160589  0.321331  0.104717  -0.0631581  0.104717  0.165005
0.321197  -0.160578  -0.0631374  -0.160578  0.321316  0.104699  -0.0631374  0.104699  0.164997
0.321157  -0.160512  -0.0630595  -0.160512  0.321222  0.104621  -0.0630595  0.104621  0.164966
0.321157  -0.160512  -0.0630595  -0.160512  0.321222  0.104621  -0.0630595  0.104621  0.164966
0.321124  -0.160471  -0.0629767  -0.160471  0.321164  0.104552  -0.0629767  0.104552  0.164935
0.321099  -0.16044  -0.0629147  -0.16044  0.321121  0.104499  -0.0629147  0.104499  0.164911
0.321091  -0.16043  -0.062894  -0.16043  0.321107  0.104482  -0.062894  0.104482  0.164903
0.321051  -0.160363  -0.0628162  -0.160363  0.321013  0.104404  -0.0628162  0.104404  0.164873
0.321043  -0.160353  -0.0627956  -0.160353  0.320999  0.104387  -0.0627956  0.104387  0.164865
0.32101  -0.160312  -0.062713  -0.160312  0.320941  0.104317  -0.062713  0.104317  0.164834
0.321002  -0.160302  -0.0626923  -0.160302  0.320927  0.1043  -0.0626923  0.1043  0.164826
0.320961  -0.160251  -0.0625892  -0.160251  0.320855  0.104213  -0.0625892  0.104213  0.164787
0.320921  -0.160184  -0.0625117  -0.160184  0.320761  0.104136  -0.0625117  0.104136  0.164757
0.320921  -0.160184  -0.0625117  -0.160184  0.320761  0.104136  -0.0625117  0.104136  0.164757
0.320873  -0.160123  -0.0623881  -0.160123  0.320675  0.104032  -0.0623881  0.104032  0.16471
0.320864  -0.160113  -0.0623675  -0.160113  0.320661  0.104014  -0.0623675  0.104014  0.164703
0.320817  -0.160036  -0.0622696  -0.160036  0.320553  0.10392  -0.0622696  0.10392  0.164665
0.320784  -0.159996  -0.0621874  -0.159996  0.320496  0.103851  -0.0621874  0.103851  0.164634
0.320776  -0.159986  -0.0621668  -0.159986  0.320482  0.103833  -0.0621668  0.103833  0.164627
0.320744  -0.159933  -0.0620466  -0.159933  0.320384  0.103722  -0.0620466  0.103722  0.164577
0.320744  -0.159933  -0.0620466  -0.159933  0.320384  0.103722  -0.0620466  0.103722  0.164577
0.320688  -0.159846  -0.0619284  -0.159846  0.320262  0.103611  -0.0619284  0.103611  0.164532
0.320648  -0.159796  -0.0618259  -0.159796  0.320191  0.103524  -0.0618259  0.103524  0.164494
0.32064  -0.159785  -0.0618054  -0.159785  0.320176  0.103507  -0.0618054  0.103507  0.164486
0.320584  -0.159699  -0.0616875  -0.159699  0.320055  0.103396  -0.0616875  0.103396  0.164442
0.320569  -0.159667  -0.0616086  -0.159667  0.319986  0.10332  -0.0616086  0.10332  0.164407
0.320561  -0.159657  -0.0615882  -0.159657  0.319971  0.103303  -0.0615882  0.103303  0.1644
0.320512  -0.159596  -0.0614655  -0.159596  0.319886  0.1032  -0.0614655  0.1032  0.164355
0.320512  -0.159596  -0.0614655  -0.159596  0.319886  0.1032  -0.0614655  0.1032  0.164355
0.320481  -0.159543  -0.0613459  -0.159543  0.319789  0.103089  -0.0613459  0.103089  0.164306
0.320465  -0.159511  -0.0612672  -0.159511  0.31972  0.103013  -0.0612672  0.103013  0.164272
0.320457  -0.159501  -0.0612468  -0.159501  0.319706  0.102996  -0.0612468  0.102996  0.164265
0.320419  -0.159423  -0.0611324  -0.159423  0.319572  0.102877  -0.0611324  0.102877  0.164217
0.320411  -0.159413  -0.061112  -0.159413  0.319558  0.10286  -0.061112  0.10286  0.16421
0.320355  -0.159342  -0.0609695  -0.159342  0.319459  0.102741  -0.0609695  0.102741  0.164158
0.320355  -0.159342  -0.0609695  -0.159342  0.319459  0.102741  -0.0609695  0.102741  0.164158
0.320307  -0.15927  -0.0608096  -0.15927  0.319334  0.102597  -0.0608096  0.102597  0.164095
0.320277  -0.159202  -0.0607159  -0.159202  0.319215  0.102496  -0.0607159  0.102496  0.164055
0.320277  -0.159202  -0.0607159  -0.159202  0.319215  0.102496  -0.0607159  0.102496  0.164055
0.320213  -0.159122  -0.0605536  -0.159122  0.319103  0.10236  -0.0605536  0.10236  0.163997
0.320205  -0.159112  -0.0605333  -0.159112  0.319089  0.102343  -0.0605333  0.102343  0.16399
0.320151  -0.159014  -0.060379  -0.159014  0.318928  0.102192  -0.060379  0.102192  0.163929
0.320151  -0.159014  -0.060379  -0.159014  0.318928  0.102192  -0.060379  0.102192  0.163929
0.32008  -0.158909  -0.0602221  -0.158909  0.31878  0.102049  -0.0602221  0.102049  0.163872
0.320049  -0.158857  -0.0601036  -0.158857  0.318683  0.101939  -0.0601036  0.101939  0.163825
0.320049  -0.158857  -0.0601036  -0.158857  0.318683  0.101939  -0.0601036  0.101939  0.163825
0.319979  -0.158752  -0.0599471  -0.158752  0.318536  0.101797  -0.0599471  0.101797  0.163769
0.319981  -0.158725  -0.0599348  -0.158725  0.318474  0.101764  -0.0599348  0.101764  0.163758
0.319911  -0.15862  -0.0597785  -0.15862  0.318326  0.101622  -0.0597785  0.101622  0.163702
0.319911  -0.15862  -0.0597785  -0.15862  0.318326  0.101622  -0.0597785  0.101622  0.163702
0.319849  -0.158513  -0.0596052  -0.158513  0.318153  0.101455  -0.0596052  0.101455  0.163636
0.319795  -0.158428  -0.0594896  -0.158428  0.318034  0.101347  -0.0594896  0.101347  0.163595
0.319787  -0.158418  -0.0594695  -0.158418  0.31802  0.10133  -0.0594695  0.10133  0.163588
0.319702  -0.158294  -0.0592738  -0.158294  0.317845  0.101155  -0.0592738  0.101155  0.163519
0.319695  -0.158269  -0.0592789  -0.158269  0.31781  0.101147  -0.0592789  0.101147  0.16352
0.319618  -0.158155  -0.0591036  -0.158155  0.31765  0.100989  -0.0591036  0.100989  0.163458
0.31961  -0.158145  -0.0590835  -0.158145  0.317636  0.100973  -0.0590835  0.100973  0.163451
0.319535  -0.158004  -0.0588963  -0.158004  0.317414  0.100783  -0.0588963  0.100783  0.16338
0.319474  -0.15791  -0.0587616  -0.15791  0.317282  0.100659  -0.0587616  0.100659  0.163333
0.319474  -0.15791  -0.0587616  -0.15791  0.317282  0.100659  -0.0587616  0.100659  0.163333
0.319398  -0.157784  -0.0585499  -0.157784  0.317083  0.100461  -0.0585499  0.100461  0.163255
0.319383  -0.157749  -0.0585351  -0.157749  0.317033  0.100437  -0.0585351  0.100437  0.163249
0.319299  -0.157626  -0.0583411  -0.157626  0.316861  0.100264  -0.0583411  0.100264  0.163183
0.319292  -0.157617  -0.0583212  -0.157617  0.316847  0.100247  -0.0583212  0.100247  0.163176
0.319202  -0.157457  -0.0580956  -0.157457  0.316599  0.100026  -0.0580956  0.100026  0.163093
0.319142  -0.157352  -0.0579248  -0.157352  0.316429  0.0998628  -0.0579248  0.0998628  0.163031
0.319128  -0.157317  -0.0579101  -0.157317  0.31638  0.0998388  -0.0579101  0.0998388  0.163025
0.319045  -0.157183  -0.0576802  -0.157183  0.316168  0.0996264  -0.0576802  0.0996264  0.162943
0.319031  -0.157148  -0.0576656  -0.157148  0.31612  0.0996026  -0.0576656  0.0996026  0.162937
0.318941  -0.157005  -0.0574165  -0.157005  0.315895  0.0993744  -0.0574165  0.0993744  0.162849
0.318933  -0.156995  -0.0573967  -0.156995  0.315882  0.099358  -0.0573967  0.099358  0.162843
0.318845  -0.156825  -0.0571362  -0.156825  0.315597  0.099099  -0.0571362  0.099099  0.162746
0.318837  -0.156815  -0.0571165  -0.156815  0.315583  0.0990827  -0.0571165  0.0990827  0.162739
0.318757  -0.156655  -0.0568762  -0.156655  0.315313  0.0988407  -0.0568762  0.0988407  0.16265
0.318698  -0.156551  -0.0567072  -0.156551  0.315144  0.0986794  -0.0567072  0.0986794  0.16259
0.318691  -0.156541  -0.0566876  -0.156541  0.31513  0.0986632  -0.0566876  0.0986632  0.162584
0.318611  -0.156381  -0.0564482  -0.156381  0.314861  0.0984224  -0.0564482  0.0984224  0.162495
0.318604  -0.156372  -0.0564286  -0.156372  0.314847  0.0984062  -0.0564286  0.0984062  0.162489
0.318516  -0.156218  -0.0561455  -0.156218  0.314586  0.0981412  -0.0561455  0.0981412  0.162389
0.318508  -0.156208  -0.056126  -0.156208  0.314573  0.0981251  -0.056126  0.0981251  0.162383
0.318414  -0.15603  -0.0558487  -0.15603  0.314278  0.0978537  -0.0558487  0.0978537  0.162285
0.318364  -0.155925  -0.0556641  -0.155925  0.314085  0.0976704  -0.0556641  0.0976704  0.162217
0.318357  -0.155915  -0.0556447  -0.155915  0.314071  0.0976544  -0.0556447  0.0976544  0.162211
0.318256  -0.155728  -0.0553492  -0.155728  0.313764  0.0973685  -0.0553492  0.0973685  0.162108
0.318249  -0.155719  -0.0553298  -0.155719  0.313751  0.0973525  -0.0553298  0.0973525  0.162102
0.318164  -0.155539  -0.0550375  -0.155539  0.313432  0.0970598  -0.0550375  0.0970598  0.161997
0.3181  -0.155416  -0.0548154  -0.155416  0.313214  0.0968464  -0.0548154  0.0968464  0.161919
0.318085  -0.155397  -0.0547768  -0.155397  0.313188  0.0968147  -0.0547768  0.0968147  0.161908
0.317986  -0.155199  -0.0544473  -0.155199  0.312844  0.0964922  -0.0544473  0.0964922  0.161793
0.317978  -0.15519  -0.054428  -0.15519  0.312831  0.0964764  -0.054428  0.0964764  0.161787
0.317872  -0.154984  -0.0540802  -0.154984  0.312476  0.0961394  -0.0540802  0.0961394  0.161668
0.317802  -0.154851  -0.0538407  -0.154851  0.312246  0.0959126  -0.0538407  0.0959126  0.161588
0.317794  -0.154842  -0.0538216  -0.154842  0.312233  0.0958969  -0.0538216  0.0958969  0.161582
0.317697  -0.154634  -0.0534586  -0.154634  0.311854  0.0955387  -0.0534586  0.0955387  0.161457
0.31769  -0.154625  -0.0534395  -0.154625  0.311841  0.0955231  -0.0534395  0.0955231  0.161451
0.317593  -0.154418  -0.0530776  -0.154418  0.311463  0.0951664  -0.0530776  0.0951664  0.161328
0.317586  -0.154409  -0.0530585  -0.154409  0.31145  0.0951509  -0.0530585  0.0951509  0.161322
0.317483  -0.154193  -0.0526788  -0.154193  0.311061  0.0947802  -0.0526788  0.0947802  0.161195
0.317421  -0.15406  -0.0524251  -0.15406  0.310809  0.0945336  -0.0524251  0.0945336  0.16111
0.317422  -0.154048  -0.0523893  -0.154048  0.310771  0.0944949  -0.0523893  0.0944949  0.161095
0.317312  -0.153824  -0.0519926  -0.153824  0.31037  0.0941116  -0.0519926  0.0941116  0.160966
0.317297  -0.153806  -0.0519549  -0.153806  0.310345  0.0940809  -0.0519549  0.0940809  0.160956
0.317196  -0.15358  -0.0515427  -0.15358  0.309921  0.0936763  -0.0515427  0.0936763  0.16082
0.317121  -0.153429  -0.0512537  -0.153429  0.309646  0.0934023  -0.0512537  0.0934023  0.160729
0.317101  -0.153387  -0.0512217  -0.153387  0.309587  0.0933652  -0.0512217  0.0933652  0.16072
0.317022  -0.153178  -0.0508325  -0.153178  0.309165  0.092971  -0.0508325  0.092971  0.160589
0.317015  -0.153169  -0.0508139  -0.153169  0.309153  0.0929559  -0.0508139  0.0929559  0.160584
0.316901  -0.152927  -0.0503681  -0.152927  0.308708  0.0925262  -0.0503681  0.0925262  0.160445
0.316851  -0.152767  -0.0500909  -0.152767  0.308377  0.0922334  -0.0500909  0.0922334  0.16035
0.316836  -0.152749  -0.0500538  -0.152749  0.308352  0.0922034  -0.0500538  0.0922034  0.160341
0.316738  -0.152515  -0.0496124  -0.152515  0.307897  0.0917694  -0.0496124  0.0917694  0.160202
0.316733  -0.15248  -0.0495828  -0.15248  0.307826  0.0917252  -0.0495828  0.0917252  0.160189
0.316642  -0.152244  -0.0491263  -0.152244  0.307348  0.0912708  -0.0491263  0.0912708  0.160045
0.316558  -0.15204  -0.0487598  -0.15204  0.306959  0.090908  -0.0487598  0.090908  0.159933
0.316538  -0.151998  -0.0487286  -0.151998  0.306901  0.0908721  -0.0487286  0.0908721  0.159925
0.316451  -0.151738  -0.048264  -0.151738  0.306368  0.090393  -0.048264  0.090393  0.159778
0.316437  -0.15172  -0.0482274  -0.15172  0.306343  0.0903637  -0.0482274  0.0903637  0.159769
0.316343  -0.151451  -0.0477463  -0.151451  0.305801  0.0898726  -0.0477463  0.0898726  0.159621
0.316274  -0.151267  -0.0474199  -0.151267  0.30544  0.0895444  -0.0474199  0.0895444  0.159524
0.316281  -0.151264  -0.0474033  -0.151264  0.305415  0.089522  -0.0474033  0.089522  0.159516
0.316168  -0.150967  -0.0469292  -0.150967  0.304856  0.0890371  -0.0469292  0.0890371  0.159377
0.316169  -0.150955  -0.0468945  -0.150955  0.304819  0.0890003  -0.0468945  0.0890003  0.159365
0.316063  -0.150667  -0.0464403  -0.150667  0.304274  0.0885325  -0.0464403  0.0885325  0.159234
0.315983  -0.150441  -0.0460704  -0.150441  0.303836  0.0881525  -0.0460704  0.0881525  0.159128
0.315964  -0.1504  -0.0460401  -0.1504  0.303779  0.0881179  -0.0460401  0.0881179  0.15912
0.315853  -0.150094  -0.0455368  -0.150094  0.30319  0.0876044  -0.0455368  0.0876044  0.158979
0.315848  -0.150059  -0.0455082  -0.150059  0.303121  0.0875622  -0.0455082  0.0875622  0.158968
0.315705  -0.149707  -0.0449757  -0.149707  0.302491  0.0870258  -0.0449757  0.0870258  0.158828
0.315706  -0.149696  -0.0449415  -0.149696  0.302455  0.0869898  -0.0449415  0.0869898  0.158817
0.315585  -0.14936  -0.0444305  -0.14936  0.301827  0.0864631  -0.0444305  0.0864631  0.158681
0.315486  -0.149123  -0.0440476  -0.149123  0.301398  0.086086  -0.0440476  0.086086  0.158586
0.315487  -0.149112  -0.0440135  -0.149112  0.301363  0.0860504  -0.0440135  0.0860504  0.158575
0.31534  -0.148755  -0.0434701  -0.148755  0.30073  0.0855099  -0.0434701  0.0855099  0.158443
0.31532  -0.148729  -0.0434174  -0.148729  0.300695  0.0854686  -0.0434174  0.0854686  0.158434
0.315183  -0.148368  -0.0429175  -0.148368  0.300056  0.0849536  -0.0429175  0.0849536  0.158312
0.315106  -0.148158  -0.0425917  -0.148158  0.299668  0.0846241  -0.0425917  0.0846241  0.158234
0.315101  -0.148124  -0.0425638  -0.148124  0.2996  0.0845833  -0.0425638  0.0845833  0.158224
0.314952  -0.147748  -0.0420329  -0.147748  0.298944  0.0840468  -0.0420329  0.0840468  0.158102
0.314953  -0.147737  -0.0419994  -0.147737  0.298909  0.0840119  -0.0419994  0.0840119  0.158093
0.314801  -0.147329  -0.0414436  -0.147329  0.298189  0.083439  -0.0414436  0.083439  0.157966
0.314683  -0.147035  -0.0410476  -0.147035  0.297687  0.083038  -0.0410476  0.083038  0.157881
0.31467  -0.147018  -0.0410132  -0.147018  0.297664  0.0830114  -0.0410132  0.0830114  0.157876
0.314501  -0.146599  -0.0404443  -0.146599  0.296953  0.0824405  -0.0404443  0.0824405  0.157759
0.314482  -0.146574  -0.040393  -0.146574  0.29692  0.0824009  -0.040393  0.0824009  0.157752
0.314328  -0.14616  -0.0398844  -0.14616  0.296215  0.0818684  -0.0398844  0.0818684  0.157646
0.314215  -0.145855  -0.039517  -0.145855  0.2957  0.0814833  -0.039517  0.0814833  0.157572
0.314196  -0.14583  -0.0394662  -0.14583  0.295667  0.0814443  -0.0394662  0.0814443  0.157566
0.314028  -0.14537  -0.0389015  -0.14537  0.294882  0.0808537  -0.0389015  0.0808537  0.157454
0.314005  -0.145323  -0.0388569  -0.145323  0.294818  0.0808097  -0.0388569  0.0808097  0.157448
0.313822  -0.144826  -0.038268  -0.144826  0.293986  0.0801933  -0.038268  0.0801933  0.157337
0.313809  -0.14481  -0.0382346  -0.14481  0.293965  0.0801678  -0.0382346  0.0801678  0.157334
0.313639  -0.144342  -0.0377153  -0.144342  0.293193  0.0796154  -0.0377153  0.0796154  0.157239
0.313635  -0.144309  -0.0376887  -0.144309  0.293128  0.0795769  -0.0376887  0.0795769  0.157231
0.313466  -0.143859  -0.0371498  -0.143859  0.292382  0.0790216  -0.0371498  0.0790216  0.157139
0.313348  -0.143531  -0.0367819  -0.143531  0.291841  0.0786335  -0.0367819  0.0786335  0.157077
0.313343  -0.143512  -0.036733  -0.143512  0.291797  0.0785882  -0.036733  0.0785882  0.157069
0.313176  -0.143066  -0.0361993  -0.143066  0.291059  0.0780405  -0.0361993  0.0780405  0.156985
0.313167  -0.143025  -0.0361568  -0.143025  0.290984  0.0779904  -0.0361568  0.0779904  0.156976
0.312992  -0.142551  -0.0356159  -0.142551  0.29021  0.0774301  -0.0356159  0.0774301  0.156894
0.312883  -0.142236  -0.0352701  -0.142236  0.28969  0.0770628  -0.0352701  0.0770628  0.156842
0.312871  -0.14222  -0.0352376  -0.14222  0.289669  0.0770385  -0.0352376  0.0770385  0.156839
0.312712  -0.141755  -0.0347024  -0.141755  0.288891  0.0764778  -0.0347024  0.0764778  0.156761
0.31269  -0.14171  -0.03466  -0.14171  0.28883  0.0764368  -0.03466  0.0764368  0.156757
0.312501  -0.141173  -0.034076  -0.141173  0.287958  0.0758235  -0.034076  0.0758235  0.156679
0.312502  -0.141163  -0.0340443  -0.141163  0.287925  0.0757917  -0.0340443  0.0757917  0.156673
0.312324  -0.140668  -0.0335055  -0.140668  0.28713  0.0752324  -0.0335055  0.0752324  0.156607
0.31222  -0.140359  -0.0331674  -0.140359  0.286623  0.0748767  -0.0331674  0.0748767  0.156565
0.31222  -0.140349  -0.0331359  -0.140349  0.28659  0.0748452  -0.0331359  0.0748452  0.156559
0.312079  -0.139907  -0.0326441  -0.139907  0.28585  0.0743254  -0.0326441  0.0743254  0.156498
0.312058  -0.139864  -0.0326027  -0.139864  0.285792  0.0742858  -0.0326027  0.0742858  0.156496
0.311908  -0.139395  -0.032104  -0.139395  0.285018  0.073754  -0.032104  0.073754  0.156437
0.311798  -0.139051  -0.0317303  -0.139051  0.284448  0.073359  -0.0317303  0.073359  0.156396
0.311782  -0.139029  -0.0316832  -0.139029  0.284419  0.0733246  -0.0316832  0.0733246  0.156395
0.311619  -0.138543  -0.0311427  -0.138543  0.283626  0.0727663  -0.0311427  0.0727663  0.156343
0.31161  -0.138504  -0.0311023  -0.138504  0.283555  0.0727198  -0.0311023  0.0727198  0.156337
0.311461  -0.138021  -0.0306178  -0.138021  0.282767  0.0721959  -0.0306178  0.0721959  0.156289
0.311355  -0.137668  -0.0302716  -0.137668  0.282189  0.0718168  -0.0302716  0.0718168  0.156256
0.311346  -0.137629  -0.0302315  -0.137629  0.282119  0.071771  -0.0302315  0.071771  0.156251
0.311207  -0.137134  -0.0297579  -0.137134  0.281299  0.0712424  -0.0297579  0.0712424  0.156204
0.311187  -0.137091  -0.029718  -0.137091  0.281243  0.0712048  -0.029718  0.0712048  0.156204
0.31104  -0.136584  -0.0292167  -0.136584  0.28041  0.0706587  -0.0292167  0.0706587  0.156161
0.310937  -0.136235  -0.028876  -0.136235  0.279843  0.0702885  -0.028876  0.0702885  0.156135
0.310934  -0.136204  -0.0288518  -0.136204  0.279784  0.0702546  -0.0288518  0.0702546  0.15613
0.310799  -0.135715  -0.0283856  -0.135715  0.278979  0.0697381  -0.0283856  0.0697381  0.156094
0.310791  -0.135677  -0.0283463  -0.135677  0.278911  0.0696936  -0.0283463  0.0696936  0.15609
0.310659  -0.135181  -0.0278526  -0.135181  0.278082  0.0691523  -0.0278526  0.0691523  0.156053
0.310557  -0.134796  -0.0274631  -0.134796  0.277436  0.0687284  -0.0274631  0.0687284  0.156027
0.310539  -0.134754  -0.0274244  -0.134754  0.277382  0.0686924  -0.0274244  0.0686924  0.156028
0.310412  -0.134228  -0.0268968  -0.134228  0.276483  0.0681081  -0.0268968  0.0681081  0.155991
0.310404  -0.134191  -0.0268582  -0.134191  0.276417  0.0680647  -0.0268582  0.0680647  0.155988
0.310286  -0.133704  -0.0263722  -0.133704  0.275591  0.067529  -0.0263722  0.067529  0.155959
0.310195  -0.133308  -0.0259949  -0.133308  0.274918  0.0671038  -0.0259949  0.0671038  0.155936
0.310182  -0.133274  -0.0259717  -0.133274  0.274874  0.0670791  -0.0259717  0.0670791  0.155937
0.310074  -0.132764  -0.0254667  -0.132764  0.273989  0.0665115  -0.0254667  0.0665115  0.155907
0.310077  -0.132731  -0.0254282  -0.132731  0.273911  0.0664614  -0.0254282  0.0664614  0.1559
0.309941  -0.13219  -0.0249185  -0.13219  0.273023  0.0659005  -0.0249185  0.0659005  0.155883
0.309938  -0.132159  -0.0248952  -0.132159  0.272966  0.0658687  -0.0248952  0.0658687  0.15588
0.309812  -0.131594  -0.024365  -0.131594  0.272016  0.0652738  -0.024365  0.0652738  0.15586
0.309805  -0.131544  -0.0243481  -0.131544  0.271934  0.0652385  -0.0243481  0.0652385  0.155856
0.309688  -0.131005  -0.0238792  -0.131005  0.271038  0.0646969  -0.0238792  0.0646969  0.15584
0.309611  -0.13063  -0.0235409  -0.13063  0.270406  0.0643098  -0.0235409  0.0643098  0.155829
0.309594  -0.13059  -0.0235041  -0.13059  0.270356  0.0642766  -0.0235041  0.0642766  0.155832
0.309489  -0.130062  -0.0229897  -0.130062  0.269447  0.0637023  -0.0229897  0.0637023  0.155819
0.309478  -0.130006  -0.0229588  -0.130006  0.269358  0.0636581  -0.0229588  0.0636581  0.155817
0.309357  -0.129447  -0.0224895  -0.129447  0.268447  0.0631169  -0.0224895  0.0631169  0.155812
0.309277  -0.12908  -0.0221713  -0.12908  0.267849  0.0627568  -0.0221713  0.0627568  0.155811
0.30927  -0.129044  -0.0221345  -0.129044  0.267787  0.0627169  -0.0221345  0.0627169  0.155811
0.309174  -0.128515  -0.0216622  -0.128515  0.266887  0.0621722  -0.0216622  0.0621722  0.155804
0.309167  -0.12848  -0.0216256  -0.12848  0.266825  0.0621326  -0.0216256  0.0621326  0.155805
0.309073  -0.127956  -0.021107  -0.127956  0.265921  0.0615606  -0.021107  0.0615606  0.155805
0.309015  -0.12759  -0.0207637  -0.12759  0.265282  0.061168  -0.0207637  0.061168  0.155802
0.309008  -0.127554  -0.0207274  -0.127554  0.265221  0.0611291  -0.0207274  0.0611291  0.155803
0.308923  -0.126985  -0.0201823  -0.126985  0.264218  0.060509  -0.0201823  0.060509  0.155801
0.308916  -0.12695  -0.0201463  -0.12695  0.264158  0.0604704  -0.0201463  0.0604704  0.155802
0.308882  -0.126721  -0.0199361  -0.126721  0.26376  0.0602287  -0.0199361  0.0602287  0.155803
0.308788  -0.126162  -0.0194245  -0.126162  0.262809  0.0596507  -0.0194245  0.0596507  0.155812
0.308734  -0.125777  -0.0190788  -0.125777  0.262141  0.0592501  -0.0190788  0.0592501  0.155815
0.308727  -0.125742  -0.0190433  -0.125742  0.262082  0.0592123  -0.0190433  0.0592123  0.155817
0.308651  -0.125211  -0.0185908  -0.125211  0.261173  0.0586793  -0.0185908  0.0586793  0.155824
0.308654  -0.125178  -0.0185545  -0.125178  0.261101  0.0586343  -0.0185545  0.0586343  0.155821
0.308587  -0.124665  -0.0180836  -0.124665  0.260204  0.058093  -0.0180836  0.058093  0.155831
0.308538  -0.124279  -0.0177282  -0.124279  0.259529  0.057686  -0.0177282  0.057686  0.155841
0.308528  -0.124239  -0.0176797  -0.124239  0.259464  0.0576405  -0.0176797  0.0576405  0.155846
0.308454  -0.123652  -0.0171762  -0.123652  0.258454  0.0570492  -0.0171762  0.0570492  0.155861
