0.30339  -0.126814  -0.0607091  -0.126814  0.290905  0.0963081  -0.0607091  0.0963081  0.167075
0.30339  -0.126814  -0.0607091  -0.126814  0.290905  0.0963081  -0.0607091  0.0963081  0.167075
0.303389  -0.12669  -0.0609621  -0.12669  0.2908  0.0964089  -0.0609621  0.0964089  0.167178
0.303379  -0.126658  -0.0610036  -0.126658  0.290784  0.0964292  -0.0610036  0.0964292  0.167199
0.30338  -0.126606  -0.061164  -0.126606  0.29076  0.0965115  -0.061164  0.0965115  0.167267
0.303391  -0.126664  -0.0612229  -0.126664  0.290867  0.0965905  -0.0612229  0.0965905  0.167297
0.303397  -0.12669  -0.0612361  -0.12669  0.290903  0.0966123  -0.0612361  0.0966123  0.167303
0.303408  -0.12667  -0.0613551  -0.12667  0.290895  0.0966745  -0.0613551  0.0966745  0.16735
0.303405  -0.126501  -0.0618019  -0.126501  0.290802  0.0968938  -0.0618019  0.0968938  0.167544
0.303395  -0.126482  -0.0618213  -0.126482  0.290801  0.0969075  -0.0618213  0.0969075  0.167556
0.303323  -0.126523  -0.0618147  -0.126523  0.291032  0.0970309  -0.0618147  0.0970309  0.167604
0.303323  -0.126523  -0.0618147  -0.126523  0.291032  0.0970309  -0.0618147  0.0970309  0.167604
0.303207  -0.126293  -0.0620147  -0.126293  0.290978  0.0971596  -0.0620147  0.0971596  0.16774
0.303183  -0.126237  -0.0620578  -0.126237  0.290951  0.0971793  -0.0620578  0.0971793  0.167767
0.303037  -0.126219  -0.0618196  -0.126219  0.291146  0.0971757  -0.0618196  0.0971757  0.16774
0.303027  -0.126226  -0.0617948  -0.126226  0.291172  0.0971763  -0.0617948  0.0971763  0.167735
0.302861  -0.125943  -0.0618083  -0.125943  0.291056  0.0971844  -0.0618083  0.0971844  0.167805
0.302858  -0.12591  -0.0618347  -0.12591  0.291018  0.0971832  -0.0618347  0.0971832  0.167815
0.302703  -0.125672  -0.0618568  -0.125672  0.290964  0.0972207  -0.0618568  0.0972207  0.16789
0.302703  -0.125685  -0.0618348  -0.125685  0.290978  0.0972142  -0.0618348  0.0972142  0.167881
0.302624  -0.125602  -0.0617351  -0.125602  0.29097  0.0971783  -0.0617351  0.0971783  0.167871
0.302624  -0.125589  -0.0617571  -0.125589  0.290957  0.0971848  -0.0617571  0.0971848  0.16788
0.302611  -0.125324  -0.062137  -0.125324  0.29069  0.0972869  -0.062137  0.0972869  0.168036
0.302614  -0.12533  -0.0621546  -0.12533  0.290701  0.0973011  -0.0621546  0.0973011  0.168043
0.302639  -0.12547  -0.0620693  -0.12547  0.290852  0.097313  -0.0620693  0.097313  0.168006
0.302649  -0.125476  -0.062072  -0.125476  0.29084  0.0973059  -0.062072  0.0973059  0.168002
0.302687  -0.125361  -0.0624296  -0.125361  0.29071  0.0974409  -0.0624296  0.0974409  0.168137
0.30269  -0.125368  -0.0624472  -0.125368  0.290721  0.0974551  -0.0624472  0.0974551  0.168144
0.302722  -0.125494  -0.0623691  -0.125494  0.290835  0.0974523  -0.0623691  0.0974523  0.168104
0.302725  -0.125514  -0.0623648  -0.125514  0.29086  0.09746  -0.0623648  0.09746  0.168102
0.302736  -0.125493  -0.0624115  -0.125493  0.290821  0.097466  -0.0624115  0.097466  0.168116
0.302736  -0.125467  -0.0624556  -0.125467  0.290794  0.097479  -0.0624556  0.097479  0.168134
0.302733  -0.125422  -0.062504  -0.125422  0.290743  0.0974843  -0.062504  0.0974843  0.168153
0.302735  -0.125558  -0.0622293  -0.125558  0.290856  0.097377  -0.0622293  0.097377  0.168036
0.302731  -0.125565  -0.0621896  -0.125565  0.290859  0.0973563  -0.0621896  0.0973563  0.16802
0.302735  -0.125532  -0.0622011  -0.125532  0.290797  0.0973338  -0.0622011  0.0973338  0.168018
0.302757  -0.12536  -0.0624426  -0.12536  0.290552  0.0973544  -0.0624426  0.0973544  0.168099
0.302757  -0.12536  -0.0624426  -0.12536  0.290552  0.0973544  -0.0624426  0.0973544  0.168099
0.302815  -0.125563  -0.0621728  -0.125563  0.290654  0.0972271  -0.0621728  0.0972271  0.167958
0.302812  -0.125556  -0.0621551  -0.125556  0.290643  0.0972129  -0.0621551  0.0972129  0.16795
0.302887  -0.125444  -0.0624561  -0.125444  0.290408  0.0972554  -0.0624561  0.0972554  0.168035
0.302887  -0.125431  -0.0624781  -0.125431  0.290394  0.0972619  -0.0624781  0.0972619  0.168044
0.302959  -0.125619  -0.0623447  -0.125619  0.290501  0.0972111  -0.0623447  0.0972111  0.16796
0.302972  -0.12567  -0.062299  -0.12567  0.29054  0.0971986  -0.062299  0.0971986  0.167936
0.303026  -0.125677  -0.0623744  -0.125677  0.290464  0.0971903  -0.0623744  0.0971903  0.167941
0.303037  -0.125644  -0.0624432  -0.125644  0.290411  0.0972028  -0.0624432  0.0972028  0.167963
0.303051  -0.125616  -0.0625298  -0.125616  0.29037  0.0972295  -0.0625298  0.0972295  0.167993
0.303085  -0.125867  -0.0621984  -0.125867  0.290585  0.0971256  -0.0621984  0.0971256  0.167845
0.303095  -0.125885  -0.0621791  -0.125885  0.290586  0.097112  -0.0621791  0.097112  0.167831
0.303106  -0.12576  -0.06233  -0.12576  0.290407  0.0971138  -0.06233  0.0971138  0.16788
0.3031  -0.125695  -0.0623828  -0.125695  0.290331  0.0971114  -0.0623828  0.0971114  0.167901
0.30311  -0.125714  -0.0623635  -0.125714  0.290332  0.0970978  -0.0623635  0.0970978  0.167888
0.303111  -0.125903  -0.0620002  -0.125903  0.290501  0.0969644  -0.0620002  0.0969644  0.167736
0.303108  -0.125883  -0.0620046  -0.125883  0.290476  0.0969567  -0.0620046  0.0969567  0.167738
0.303102  -0.125793  -0.0621015  -0.125793  0.290372  0.0969674  -0.0621015  0.0969674  0.167776
0.30311  -0.125687  -0.0622629  -0.125687  0.290241  0.0969982  -0.0622629  0.0969982  0.167835
0.30311  -0.125713  -0.0622188  -0.125713  0.290268  0.0969852  -0.0622188  0.0969852  0.167817
0.303108  -0.125857  -0.0619764  -0.125857  0.290417  0.0969135  -0.0619764  0.0969135  0.16772
0.303108  -0.125844  -0.0619984  -0.125844  0.290403  0.09692  -0.0619984  0.09692  0.167729
0.303093  -0.125656  -0.0622469  -0.125656  0.290217  0.0969834  -0.0622469  0.0969834  0.167833
0.303093  -0.125656  -0.0622469  -0.125656  0.290217  0.0969834  -0.0622469  0.0969834  0.167833
0.303078  -0.125828  -0.0619904  -0.125828  0.29044  0.0969414  -0.0619904  0.0969414  0.167741
0.303077  -0.125841  -0.0619683  -0.125841  0.290453  0.0969349  -0.0619683  0.0969349  0.167733
0.303056  -0.125706  -0.0621436  -0.125706  0.290344  0.0969935  -0.0621436  0.0969935  0.167813
0.303056  -0.125693  -0.0621656  -0.125693  0.290331  0.0970001  -0.0621656  0.0970001  0.167822
0.303024  -0.125755  -0.0620253  -0.125755  0.290449  0.0969823  -0.0620253  0.0969823  0.167781
0.303024  -0.125768  -0.0620033  -0.125768  0.290462  0.0969758  -0.0620033  0.0969758  0.167773
0.30301  -0.125796  -0.0619169  -0.125796  0.290504  0.0969492  -0.0619169  0.0969492  0.167743
0.302989  -0.125596  -0.06213  -0.125596  0.290296  0.0969842  -0.06213  0.0969842  0.167832
0.302979  -0.12559  -0.0621273  -0.12559  0.290308  0.0969913  -0.0621273  0.0969913  0.167836
0.302968  -0.125689  -0.0619484  -0.125689  0.290428  0.0969464  -0.0619484  0.0969464  0.16777
0.302954  -0.12569  -0.0619061  -0.12569  0.290443  0.0969328  -0.0619061  0.0969328  0.167758
0.302935  -0.125562  -0.0620267  -0.125562  0.290313  0.0969494  -0.0620267  0.0969494  0.16781
0.302935  -0.125549  -0.0620487  -0.125549  0.2903  0.0969559  -0.0620487  0.0969559  0.167819
0.302928  -0.125602  -0.0619756  -0.125602  0.290377  0.0969512  -0.0619756  0.0969512  0.167796
0.302914  -0.125616  -0.0619112  -0.125616  0.290405  0.0969311  -0.0619112  0.0969311  0.167775
0.302914  -0.125669  -0.0618232  -0.125669  0.290459  0.0969051  -0.0618232  0.0969051  0.16774
0.302903  -0.125487  -0.062089  -0.125487  0.290284  0.0969825  -0.062089  0.0969825  0.167851
0.302899  -0.125468  -0.0620934  -0.125468  0.29026  0.0969749  -0.0620934  0.0969749  0.167852
0.302898  -0.125625  -0.0619015  -0.125625  0.290454  0.096953  -0.0619015  0.096953  0.167782
0.302897  -0.125638  -0.0618795  -0.125638  0.290468  0.0969465  -0.0618795  0.0969465  0.167773
0.302905  -0.125572  -0.0619746  -0.125572  0.290377  0.0969577  -0.0619746  0.0969577  0.167805
0.302905  -0.125559  -0.0619966  -0.125559  0.290363  0.0969642  -0.0619966  0.0969642  0.167814
0.302898  -0.125573  -0.0619895  -0.125573  0.2904  0.096979  -0.0619895  0.096979  0.167817
0.302898  -0.125599  -0.0619455  -0.125599  0.290427  0.096966  -0.0619455  0.096966  0.1678
0.3029  -0.125696  -0.061809  -0.125696  0.290533  0.0969347  -0.061809  0.0969347  0.167746
0.302892  -0.125534  -0.0619983  -0.125534  0.290351  0.0969637  -0.0619983  0.0969637  0.16782
0.302889  -0.125502  -0.0620247  -0.125502  0.290313  0.0969625  -0.0620247  0.0969625  0.16783
0.302891  -0.125638  -0.0618223  -0.125638  0.290459  0.0969117  -0.0618223  0.0969117  0.16775
0.302887  -0.125645  -0.0617827  -0.125645  0.290461  0.096891  -0.0617827  0.096891  0.167734
0.302886  -0.125697  -0.0616947  -0.125697  0.290516  0.096865  -0.0616947  0.096865  0.167699
0.302889  -0.125476  -0.0619965  -0.125476  0.290254  0.0969193  -0.0619965  0.0969193  0.167812
0.302889  -0.125463  -0.0620185  -0.125463  0.29024  0.0969258  -0.0620185  0.0969258  0.167821
0.302887  -0.125658  -0.0616886  -0.125658  0.290443  0.0968284  -0.0616886  0.0968284  0.16769
0.302886  -0.125684  -0.0616446  -0.125684  0.29047  0.0968154  -0.0616446  0.0968154  0.167673
0.30289  -0.125677  -0.0616122  -0.125677  0.290436  0.09678  -0.0616122  0.09678  0.167654
0.302886  -0.12543  -0.0619728  -0.12543  0.29017  0.0968685  -0.0619728  0.0968685  0.167796
0.302886  -0.12543  -0.0619728  -0.12543  0.29017  0.0968685  -0.0619728  0.0968685  0.167796
0.302876  -0.125666  -0.0615919  -0.125666  0.290437  0.096773  -0.0615919  0.096773  0.167651
0.302886  -0.125684  -0.0615726  -0.125684  0.290438  0.0967594  -0.0615726  0.0967594  0.167638
0.302895  -0.125501  -0.0618656  -0.125501  0.290225  0.096829  -0.0618656  0.096829  0.167748
0.302892  -0.125468  -0.0618919  -0.125468  0.290187  0.0968278  -0.0618919  0.0968278  0.167758
0.302884  -0.125587  -0.0617089  -0.125587  0.290332  0.0967907  -0.0617089  0.0967907  0.167691
0.302887  -0.125619  -0.0616825  -0.125619  0.290371  0.0967918  -0.0616825  0.0967918  0.167681
0.302887  -0.12558  -0.0616765  -0.12558  0.290298  0.0967553  -0.0616765  0.0967553  0.167673
0.302884  -0.125547  -0.0617029  -0.125547  0.29026  0.0967541  -0.0617029  0.0967541  0.167683
0.302882  -0.125502  -0.0617512  -0.125502  0.290208  0.0967594  -0.0617512  0.0967594  0.167701
0.302874  -0.125555  -0.0616782  -0.125555  0.290285  0.0967547  -0.0616782  0.0967547  0.167678
0.30287  -0.12564  -0.0615068  -0.12564  0.290369  0.0966952  -0.0615068  0.0966952  0.16761
0.302872  -0.12547  -0.0617205  -0.12547  0.290161  0.0967235  -0.0617205  0.0967235  0.167688
0.302869  -0.125438  -0.0617469  -0.125438  0.290123  0.0967223  -0.0617469  0.0967223  0.167698
0.302864  -0.12551  -0.0615975  -0.12551  0.290193  0.0966693  -0.0615975  0.0966693  0.167639
0.302867  -0.125542  -0.0615711  -0.125542  0.290232  0.0966704  -0.0615711  0.0966704  0.167629
0.302861  -0.125517  -0.0615579  -0.125517  0.290196  0.0966487  -0.0615579  0.0966487  0.167623
0.302861  -0.125504  -0.0615799  -0.125504  0.290182  0.0966552  -0.0615799  0.0966552  0.167632
0.302862  -0.125426  -0.0617117  -0.125426  0.290101  0.096694  -0.0617117  0.096694  0.167684
0.302862  -0.125439  -0.0616898  -0.125439  0.290115  0.0966875  -0.0616898  0.0966875  0.167675
0.302867  -0.125568  -0.0614551  -0.125568  0.290227  0.0966015  -0.0614551  0.0966015  0.167577
0.302864  -0.125536  -0.0614815  -0.125536  0.290189  0.0966004  -0.0614815  0.0966004  0.167587
0.302862  -0.125439  -0.0616178  -0.125439  0.290083  0.0966316  -0.0616178  0.0966316  0.16764
0.302861  -0.125465  -0.0615738  -0.125465  0.29011  0.0966186  -0.0615738  0.0966186  0.167623
0.302858  -0.125485  -0.0615123  -0.125485  0.290126  0.0965916  -0.0615123  0.0965916  0.167598
0.302851  -0.125472  -0.0614773  -0.125472  0.290104  0.0965634  -0.0614773  0.0965634  0.167584
0.302851  -0.125459  -0.0614992  -0.125459  0.29009  0.0965698  -0.0614992  0.0965698  0.167592
0.302845  -0.125382  -0.0615739  -0.125382  0.29  0.096574  -0.0615739  0.096574  0.167621
0.302845  -0.125395  -0.061552  -0.125395  0.290014  0.0965675  -0.061552  0.0965675  0.167612
0.302834  -0.125454  -0.0613676  -0.125454  0.290062  0.0964864  -0.0613676  0.0964864  0.167539
0.302834  -0.125441  -0.0613896  -0.125441  0.290048  0.0964929  -0.0613896  0.0964929  0.167548
0.302839  -0.125317  -0.0615547  -0.125317  0.289892  0.0965157  -0.0615547  0.0965157  0.167606
0.302839  -0.125317  -0.0615547  -0.125317  0.289892  0.0965157  -0.0615547  0.0965157  0.167606
0.302835  -0.125415  -0.0613616  -0.125415  0.28999  0.09645  -0.0613616  0.09645  0.16753
0.302834  -0.125428  -0.0613396  -0.125428  0.290003  0.0964435  -0.0613396  0.0964435  0.167522
0.302831  -0.125396  -0.061366  -0.125396  0.289965  0.0964423  -0.061366  0.0964423  0.167532
0.302826  -0.125279  -0.0615065  -0.125279  0.289835  0.0964658  -0.0615065  0.0964658  0.167586
0.302829  -0.125299  -0.0615021  -0.125299  0.289859  0.0964734  -0.0615021  0.0964734  0.167585
0.302835  -0.125402  -0.0613117  -0.125402  0.289944  0.0964006  -0.0613117  0.0964006  0.167504
0.302835  -0.125402  -0.0613117  -0.125402  0.289944  0.0964006  -0.0613117  0.0964006  0.167504
0.302829  -0.125285  -0.0614522  -0.125285  0.289814  0.0964241  -0.0614522  0.0964241  0.167559
0.302833  -0.125292  -0.0614697  -0.125292  0.289825  0.0964382  -0.0614697  0.0964382  0.167566
0.302828  -0.125377  -0.0612986  -0.125377  0.289909  0.0963789  -0.0612986  0.0963789  0.167499
0.302828  -0.125377  -0.0612986  -0.125377  0.289909  0.0963789  -0.0612986  0.0963789  0.167499
0.302835  -0.125324  -0.0613715  -0.125324  0.289831  0.0963835  -0.0613715  0.0963835  0.167521
0.302832  -0.125304  -0.0613759  -0.125304  0.289807  0.0963759  -0.0613759  0.0963759  0.167523
0.302839  -0.125317  -0.0613391  -0.125317  0.289797  0.0963483  -0.0613391  0.0963483  0.167503
0.302839  -0.12533  -0.0613171  -0.12533  0.289811  0.0963418  -0.0613171  0.0963418  0.167494
0.302845  -0.125342  -0.0612803  -0.125342  0.289801  0.0963142  -0.0612803  0.0963142  0.167474
0.302845  -0.125342  -0.0612803  -0.125342  0.289801  0.0963142  -0.0612803  0.0963142  0.167474
0.302842  -0.125284  -0.0613506  -0.125284  0.289736  0.0963259  -0.0613506  0.0963259  0.167501
0.302842  -0.125336  -0.0612628  -0.125336  0.28979  0.0963001  -0.0612628  0.0963001  0.167467
0.302838  -0.125356  -0.0612014  -0.125356  0.289806  0.0962732  -0.0612014  0.0962732  0.167443
0.302848  -0.125348  -0.061226  -0.125348  0.289781  0.0962725  -0.061226  0.0962725  0.167447
0.302849  -0.125309  -0.0612918  -0.125309  0.28974  0.0962919  -0.0612918  0.0962919  0.167473
0.302849  -0.125322  -0.0612699  -0.125322  0.289753  0.0962854  -0.0612699  0.0962854  0.167464
0.302845  -0.125316  -0.0612523  -0.125316  0.289742  0.0962713  -0.0612523  0.0962713  0.167457
0.302842  -0.125336  -0.061191  -0.125336  0.289758  0.0962444  -0.061191  0.0962444  0.167433
0.302842  -0.125323  -0.0612129  -0.125323  0.289745  0.0962508  -0.0612129  0.0962508  0.167441
0.302836  -0.125258  -0.0612656  -0.125258  0.289669  0.0962485  -0.0612656  0.0962485  0.167461
0.302839  -0.125277  -0.0612612  -0.125277  0.289693  0.0962561  -0.0612612  0.0962561  0.16746
0.302832  -0.125291  -0.0611823  -0.125291  0.289698  0.0962152  -0.0611823  0.0962152  0.167428
0.302826  -0.125253  -0.0611912  -0.125253  0.289649  0.0962  -0.0611912  0.0962  0.167431
0.302826  -0.12524  -0.0612131  -0.12524  0.289636  0.0962064  -0.0612131  0.0962064  0.167439
0.302819  -0.125227  -0.0611781  -0.125227  0.289614  0.0961783  -0.0611781  0.0961783  0.167425
0.302819  -0.12524  -0.0611562  -0.12524  0.289627  0.0961719  -0.0611562  0.0961719  0.167417
0.302809  -0.125222  -0.0611037  -0.125222  0.289594  0.0961298  -0.0611037  0.0961298  0.167395
0.302813  -0.125228  -0.0611212  -0.125228  0.289605  0.0961438  -0.0611212  0.0961438  0.167402
0.302797  -0.125171  -0.0611493  -0.125171  0.289555  0.0961422  -0.0611493  0.0961422  0.167418
0.302793  -0.125165  -0.0611319  -0.125165  0.289544  0.0961281  -0.0611319  0.0961281  0.167411
0.302789  -0.125198  -0.0610486  -0.125198  0.289573  0.0960948  -0.0610486  0.0960948  0.167378
0.302789  -0.125198  -0.0610486  -0.125198  0.289573  0.0960948  -0.0610486  0.0960948  0.167378
0.30278  -0.125114  -0.0611057  -0.125114  0.289473  0.0960849  -0.0611057  0.0960849  0.167399
0.30278  -0.125114  -0.0611057  -0.125114  0.289473  0.0960849  -0.0611057  0.0960849  0.167399
0.30278  -0.125127  -0.0610838  -0.125127  0.289486  0.0960785  -0.0610838  0.0960785  0.167391
0.302777  -0.125147  -0.0610226  -0.125147  0.289502  0.0960516  -0.0610226  0.0960516  0.167366
0.302777  -0.125147  -0.0610226  -0.125147  0.289502  0.0960516  -0.0610226  0.0960516  0.167366
0.302771  -0.125096  -0.0610533  -0.125096  0.28944  0.0960429  -0.0610533  0.0960429  0.167378
0.302771  -0.125096  -0.0610533  -0.125096  0.28944  0.0960429  -0.0610533  0.0960429  0.167378
0.30277  -0.125122  -0.0610095  -0.125122  0.289467  0.0960301  -0.0610095  0.0960301  0.167361
0.302754  -0.125104  -0.060972  -0.125104  0.289457  0.0960092  -0.060972  0.0960092  0.167351
0.302754  -0.125104  -0.060972  -0.125104  0.289457  0.0960092  -0.060972  0.0960092  0.167351
0.302751  -0.125085  -0.0609764  -0.125085  0.289433  0.0960016  -0.0609764  0.0960016  0.167352
0.302751  -0.125085  -0.0609764  -0.125085  0.289433  0.0960016  -0.0609764  0.0960016  0.167352
0.30275  -0.125111  -0.0609326  -0.125111  0.28946  0.0959888  -0.0609326  0.0959888  0.167335
0.30275  -0.125111  -0.0609326  -0.125111  0.28946  0.0959888  -0.0609326  0.0959888  0.167335
0.302747  -0.125092  -0.060937  -0.125092  0.289435  0.0959812  -0.060937  0.0959812  0.167336
0.302747  -0.125092  -0.060937  -0.125092  0.289435  0.0959812  -0.060937  0.0959812  0.167336
0.302747  -0.125118  -0.0608933  -0.125118  0.289462  0.0959684  -0.0608933  0.0959684  0.16732
0.302747  -0.125118  -0.0608933  -0.125118  0.289462  0.0959684  -0.0608933  0.0959684  0.16732
0.302744  -0.125086  -0.0609196  -0.125086  0.289424  0.0959672  -0.0609196  0.0959672  0.167329
0.302744  -0.125086  -0.0609196  -0.125086  0.289424  0.0959672  -0.0609196  0.0959672  0.167329
0.302747  -0.125105  -0.0609152  -0.125105  0.289449  0.0959748  -0.0609152  0.0959748  0.167328
0.302743  -0.125125  -0.0608539  -0.125125  0.289465  0.0959479  -0.0608539  0.0959479  0.167304
0.302743  -0.125125  -0.0608539  -0.125125  0.289465  0.0959479  -0.0608539  0.0959479  0.167304
0.30274  -0.125106  -0.0608584  -0.125106  0.28944  0.0959404  -0.0608584  0.0959404  0.167305
0.302727  -0.125094  -0.0608383  -0.125094  0.289442  0.0959335  -0.0608383  0.0959335  0.167303
0.302727  -0.125094  -0.0608383  -0.125094  0.289442  0.0959335  -0.0608383  0.0959335  0.167303
0.302724  -0.125101  -0.060799  -0.125101  0.289444  0.0959131  -0.060799  0.0959131  0.167287
0.302724  -0.125101  -0.060799  -0.125101  0.289444  0.0959131  -0.060799  0.0959131  0.167287
0.302711  -0.125077  -0.0608008  -0.125077  0.289432  0.0959127  -0.0608008  0.0959127  0.167293
0.302711  -0.125077  -0.0608008  -0.125077  0.289432  0.0959127  -0.0608008  0.0959127  0.167293
0.302711  -0.12509  -0.0607789  -0.12509  0.289445  0.0959063  -0.0607789  0.0959063  0.167284
0.302694  -0.125059  -0.0607633  -0.125059  0.289422  0.0958918  -0.0607633  0.0958918  0.167283
0.302694  -0.125059  -0.0607633  -0.125059  0.289422  0.0958918  -0.0607633  0.0958918  0.167283
0.302694  -0.125072  -0.0607415  -0.125072  0.289436  0.0958854  -0.0607415  0.0958854  0.167274
0.302694  -0.125072  -0.0607415  -0.125072  0.289436  0.0958854  -0.0607415  0.0958854  0.167274
0.302681  -0.125061  -0.0607214  -0.125061  0.289437  0.0958786  -0.0607214  0.0958786  0.167271
0.302678  -0.125041  -0.0607259  -0.125041  0.289412  0.095871  -0.0607259  0.095871  0.167273
0.302678  -0.125041  -0.0607259  -0.125041  0.289412  0.095871  -0.0607259  0.095871  0.167273
0.302668  -0.125062  -0.0606795  -0.125062  0.289452  0.0958653  -0.0606795  0.0958653  0.16726
0.302668  -0.125062  -0.0606795  -0.125062  0.289452  0.0958653  -0.0606795  0.0958653  0.16726
0.302652  -0.125031  -0.0606639  -0.125031  0.289428  0.0958509  -0.0606639  0.0958509  0.167259
0.302652  -0.125031  -0.0606639  -0.125031  0.289428  0.0958509  -0.0606639  0.0958509  0.167259
0.302648  -0.125038  -0.0606247  -0.125038  0.289431  0.0958306  -0.0606247  0.0958306  0.167243
0.302648  -0.125038  -0.0606247  -0.125038  0.289431  0.0958306  -0.0606247  0.0958306  0.167243
0.302645  -0.125032  -0.0606073  -0.125032  0.28942  0.0958166  -0.0606073  0.0958166  0.167236
0.302632  -0.125008  -0.0606091  -0.125008  0.289408  0.0958162  -0.0606091  0.0958162  0.167242
0.302632  -0.125008  -0.0606091  -0.125008  0.289408  0.0958162  -0.0606091  0.0958162  0.167242
0.302629  -0.125002  -0.0605917  -0.125002  0.289397  0.0958023  -0.0605917  0.0958023  0.167235
0.302622  -0.125002  -0.060535  -0.125002  0.289388  0.095768  -0.060535  0.095768  0.167213
0.302622  -0.125002  -0.060535  -0.125002  0.289388  0.095768  -0.060535  0.095768  0.167213
0.302616  -0.124964  -0.0605439  -0.124964  0.289339  0.0957529  -0.0605439  0.0957529  0.167215
0.302613  -0.124958  -0.0605266  -0.124958  0.289329  0.095739  -0.0605266  0.095739  0.167208
0.302609  -0.124978  -0.0604655  -0.124978  0.289345  0.0957122  -0.0604655  0.0957122  0.167185
0.302619  -0.124983  -0.060468  -0.124983  0.289333  0.0957051  -0.060468  0.0957051  0.16718
0.302607  -0.124933  -0.0604422  -0.124933  0.289262  0.0956622  -0.0604422  0.0956622  0.167169
0.302607  -0.124933  -0.0604422  -0.124933  0.289262  0.0956622  -0.0604422  0.0956622  0.167169
0.302603  -0.124927  -0.0604248  -0.124927  0.289251  0.0956483  -0.0604248  0.0956483  0.167162
0.302593  -0.124921  -0.0603508  -0.124921  0.289232  0.0956002  -0.0603508  0.0956002  0.167133
0.302593  -0.124921  -0.0603508  -0.124921  0.289232  0.0956002  -0.0603508  0.0956002  0.167133
0.302584  -0.124877  -0.0603424  -0.124877  0.289172  0.0955712  -0.0603424  0.0955712  0.167129
0.302584  -0.124877  -0.0603424  -0.124877  0.289172  0.0955712  -0.0603424  0.0955712  0.167129
0.302568  -0.124846  -0.0602556  -0.124846  0.289117  0.0955017  -0.0602556  0.0955017  0.167094
0.302568  -0.124846  -0.0602556  -0.124846  0.289117  0.0955017  -0.0602556  0.0955017  0.167094
0.302555  -0.124796  -0.0602298  -0.124796  0.289047  0.095459  -0.0602298  0.095459  0.167083
0.302555  -0.124796  -0.0602298  -0.124796  0.289047  0.095459  -0.0602298  0.095459  0.167083
0.302543  -0.124772  -0.0601604  -0.124772  0.289003  0.0954035  -0.0601604  0.0954035  0.167055
0.302543  -0.124772  -0.0601604  -0.124772  0.289003  0.0954035  -0.0601604  0.0954035  0.167055
0.30253  -0.124734  -0.0601129  -0.124734  0.288946  0.0953544  -0.0601129  0.0953544  0.167036
0.30253  -0.124734  -0.0601129  -0.124734  0.288946  0.0953544  -0.0601129  0.0953544  0.167036
0.302514  -0.124704  -0.0600974  -0.124704  0.288923  0.0953401  -0.0600974  0.0953401  0.167035
0.302501  -0.124679  -0.0600281  -0.124679  0.28888  0.0952847  -0.0600281  0.0952847  0.167007
0.302501  -0.124679  -0.0600281  -0.124679  0.28888  0.0952847  -0.0600281  0.0952847  0.167007
0.302492  -0.124648  -0.059998  -0.124648  0.288834  0.0952496  -0.059998  0.0952496  0.166995
0.302489  -0.124629  -0.0600025  -0.124629  0.288809  0.0952421  -0.0600025  0.0952421  0.166996
0.302476  -0.124605  -0.0599332  -0.124605  0.288766  0.0951868  -0.0599332  0.0951868  0.166969
0.302476  -0.124605  -0.0599332  -0.124605  0.288766  0.0951868  -0.0599332  0.0951868  0.166969
0.302464  -0.124568  -0.0598858  -0.124568  0.288709  0.0951379  -0.0598858  0.0951379  0.16695
0.302461  -0.124548  -0.0598903  -0.124548  0.288685  0.0951304  -0.0598903  0.0951304  0.166951
0.302438  -0.124506  -0.0598404  -0.124506  0.28864  0.0950886  -0.0598404  0.0950886  0.166936
0.302438  -0.124506  -0.0598404  -0.124506  0.28864  0.0950886  -0.0598404  0.0950886  0.166936
0.302429  -0.124488  -0.0597885  -0.124488  0.288608  0.0950472  -0.0597885  0.0950472  0.166916
0.302429  -0.124488  -0.0597885  -0.124488  0.288608  0.0950472  -0.0597885  0.0950472  0.166916
0.302413  -0.124432  -0.0597457  -0.124432  0.288527  0.0949909  -0.0597457  0.0949909  0.166898
0.302413  -0.124432  -0.0597457  -0.124432  0.288527  0.0949909  -0.0597457  0.0949909  0.166898
0.302407  -0.124419  -0.0597111  -0.124419  0.288505  0.0949634  -0.0597111  0.0949634  0.166884
0.302401  -0.124407  -0.0596766  -0.124407  0.288483  0.0949358  -0.0596766  0.0949358  0.166871
0.302395  -0.124382  -0.0596638  -0.124382  0.288448  0.0949146  -0.0596638  0.0949146  0.166865
0.302385  -0.124351  -0.0596338  -0.124351  0.288402  0.0948796  -0.0596338  0.0948796  0.166853
0.302382  -0.124345  -0.0596165  -0.124345  0.288392  0.0948659  -0.0596165  0.0948659  0.166846
0.302373  -0.124327  -0.0595648  -0.124327  0.288359  0.0948246  -0.0595648  0.0948246  0.166826
0.30237  -0.124321  -0.0595476  -0.124321  0.288349  0.0948109  -0.0595476  0.0948109  0.166819
0.302354  -0.124265  -0.0595048  -0.124265  0.288268  0.0947548  -0.0595048  0.0947548  0.166802
0.302354  -0.124265  -0.0595048  -0.124265  0.288268  0.0947548  -0.0595048  0.0947548  0.166802
0.302348  -0.124227  -0.0594429  -0.124227  0.288188  0.0946853  -0.0594429  0.0946853  0.166772
0.302345  -0.124221  -0.0594257  -0.124221  0.288177  0.0946716  -0.0594257  0.0946716  0.166765
0.30233  -0.124165  -0.0593831  -0.124165  0.288097  0.0946156  -0.0593831  0.0946156  0.166748
0.30233  -0.124165  -0.0593831  -0.124165  0.288097  0.0946156  -0.0593831  0.0946156  0.166748
0.302321  -0.124134  -0.0593531  -0.124134  0.288051  0.0945808  -0.0593531  0.0945808  0.166736
0.302305  -0.124091  -0.0592888  -0.124091  0.287984  0.0945186  -0.0592888  0.0945186  0.16671
0.30229  -0.124035  -0.0592463  -0.124035  0.287903  0.0944627  -0.0592463  0.0944627  0.166693
0.30229  -0.124035  -0.0592463  -0.124035  0.287903  0.0944627  -0.0592463  0.0944627  0.166693
0.302278  -0.123985  -0.0592209  -0.123985  0.287834  0.0944205  -0.0592209  0.0944205  0.166682
0.302253  -0.123911  -0.0591269  -0.123911  0.287721  0.0943238  -0.0591269  0.0943238  0.166645
0.302253  -0.123911  -0.0591269  -0.123911  0.287721  0.0943238  -0.0591269  0.0943238  0.166645
0.302223  -0.123799  -0.0590419  -0.123799  0.28756  0.0942124  -0.0590419  0.0942124  0.166611
0.30222  -0.12378  -0.0590464  -0.12378  0.287536  0.094205  -0.0590464  0.094205  0.166612
0.302175  -0.123652  -0.0589249  -0.123652  0.287367  0.0940737  -0.0589249  0.0940737  0.166569
0.302175  -0.123652  -0.0589249  -0.123652  0.287367  0.0940737  -0.0589249  0.0940737  0.166569
0.302136  -0.12351  -0.0588106  -0.12351  0.287161  0.0939282  -0.0588106  0.0939282  0.166523
0.302133  -0.123491  -0.0588151  -0.123491  0.287137  0.0939209  -0.0588151  0.0939209  0.166524
0.302091  -0.123343  -0.0586838  -0.123343  0.286922  0.0937622  -0.0586838  0.0937622  0.166472
0.302088  -0.123324  -0.0586883  -0.123324  0.286898  0.0937548  -0.0586883  0.0937548  0.166474
0.302044  -0.123171  -0.0585403  -0.123171  0.286672  0.093583  -0.0585403  0.093583  0.166415
0.302038  -0.123146  -0.0585278  -0.123146  0.286638  0.0935622  -0.0585278  0.0935622  0.16641
0.301979  -0.122937  -0.0584082  -0.122937  0.286364  0.0933894  -0.0584082  0.0933894  0.166367
0.301973  -0.122913  -0.0583957  -0.122913  0.28633  0.0933687  -0.0583957  0.0933687  0.166362
0.301953  -0.122833  -0.0583412  -0.122833  0.286216  0.093293  -0.0583412  0.093293  0.16634
0.301888  -0.122613  -0.0581881  -0.122613  0.285923  0.0930941  -0.0581881  0.0930941  0.166285
0.301883  -0.122589  -0.0581757  -0.122589  0.285889  0.0930735  -0.0581757  0.0930735  0.166279
0.301819  -0.122357  -0.0580445  -0.122357  0.285583  0.0928813  -0.0580445  0.0928813  0.166232
0.301813  -0.122332  -0.0580321  -0.122332  0.285549  0.0928607  -0.0580321  0.0928607  0.166227
0.30173  -0.122073  -0.0578313  -0.122073  0.285215  0.0926231  -0.0578313  0.0926231  0.166159
0.301724  -0.122048  -0.0578189  -0.122048  0.285181  0.0926026  -0.0578189  0.0926026  0.166154
0.301641  -0.121777  -0.0576402  -0.121777  0.284836  0.092372  -0.0576402  0.092372  0.166095
0.301636  -0.121753  -0.0576279  -0.121753  0.284802  0.0923515  -0.0576279  0.0923515  0.16609
0.301545  -0.12149  -0.0574261  -0.12149  0.284483  0.0921229  -0.0574261  0.0921229  0.166028
0.301539  -0.121466  -0.0574139  -0.121466  0.28445  0.0921025  -0.0574139  0.0921025  0.166023
0.301439  -0.121131  -0.057231  -0.121131  0.284039  0.0918461  -0.057231  0.0918461  0.165967
0.301434  -0.121106  -0.0572188  -0.121106  0.284006  0.0918258  -0.0572188  0.0918258  0.165962
0.301323  -0.120762  -0.0570176  -0.120762  0.2836  0.0915645  -0.0570176  0.0915645  0.165905
0.301312  -0.120714  -0.0569933  -0.120714  0.283533  0.0915241  -0.0569933  0.0915241  0.165896
0.301268  -0.120597  -0.0569068  -0.120597  0.283404  0.0914314  -0.0569068  0.0914314  0.165874
0.30116  -0.120254  -0.0567069  -0.120254  0.283001  0.0911719  -0.0567069  0.0911719  0.165818
0.301154  -0.12023  -0.0566948  -0.12023  0.282968  0.0911518  -0.0566948  0.0911518  0.165813
0.301036  -0.119879  -0.056477  -0.119879  0.282569  0.0908876  -0.056477  0.0908876  0.165757
0.301031  -0.119855  -0.0564649  -0.119855  0.282536  0.0908676  -0.0564649  0.0908676  0.165752
0.30091  -0.119469  -0.0562572  -0.119469  0.282094  0.0905906  -0.0562572  0.0905906  0.1657
0.300904  -0.119445  -0.0562452  -0.119445  0.282062  0.0905707  -0.0562452  0.0905707  0.165695
0.300774  -0.119039  -0.0560408  -0.119039  0.281612  0.0902951  -0.0560408  0.0902951  0.165649
0.300769  -0.119015  -0.0560289  -0.119015  0.28158  0.0902753  -0.0560289  0.0902753  0.165644
0.300644  -0.118616  -0.055842  -0.118616  0.281144  0.0900138  -0.055842  0.0900138  0.165605
0.300628  -0.118582  -0.0558115  -0.118582  0.281113  0.0899884  -0.0558115  0.0899884  0.165599
0.3005  -0.118174  -0.0555929  -0.118174  0.28066  0.089703  -0.0555929  0.089703  0.165549
0.30048  -0.118117  -0.0555508  -0.118117  0.280598  0.0896582  -0.0555508  0.0896582  0.165539
0.300348  -0.117725  -0.0553267  -0.117725  0.280183  0.0893885  -0.0553267  0.0893885  0.165494
0.300343  -0.117701  -0.055315  -0.117701  0.280151  0.0893689  -0.055315  0.0893689  0.16549
0.300217  -0.117305  -0.0550616  -0.117305  0.279707  0.0890687  -0.0550616  0.0890687  0.16543
0.3002  -0.117254  -0.0550362  -0.117254  0.279656  0.0890368  -0.0550362  0.0890368  0.165426
0.300147  -0.117096  -0.0549437  -0.117096  0.279492  0.088929  -0.0549437  0.088929  0.165409
0.300021  -0.116667  -0.0547014  -0.116667  0.279009  0.0886173  -0.0547014  0.0886173  0.165354
0.300016  -0.116644  -0.0546898  -0.116644  0.278977  0.088598  -0.0546898  0.088598  0.16535
0.29989  -0.116224  -0.054412  -0.116224  0.2785  0.0882705  -0.054412  0.0882705  0.165284
0.299876  -0.116192  -0.0543824  -0.116192  0.278471  0.088246  -0.0543824  0.088246  0.165279
0.299764  -0.115789  -0.0541403  -0.115789  0.278004  0.0879381  -0.0541403  0.0879381  0.165222
0.29976  -0.115767  -0.0541289  -0.115767  0.277973  0.087919  -0.0541289  0.087919  0.165218
0.299652  -0.115371  -0.0539039  -0.115371  0.277519  0.087625  -0.0539039  0.087625  0.165166
0.299648  -0.115349  -0.0538925  -0.115349  0.277488  0.087606  -0.0538925  0.087606  0.165162
0.299539  -0.114933  -0.0536574  -0.114933  0.277007  0.0872947  -0.0536574  0.0872947  0.165109
0.299525  -0.114901  -0.0536282  -0.114901  0.276979  0.0872707  -0.0536282  0.0872707  0.165104
0.299418  -0.114475  -0.0534148  -0.114475  0.276489  0.0869665  -0.0534148  0.0869665  0.165058
0.299407  -0.114448  -0.0534015  -0.114448  0.27647  0.0869546  -0.0534015  0.0869546  0.165058
0.299297  -0.114062  -0.053142  -0.114062  0.276041  0.0866554  -0.053142  0.0866554  0.165004
0.299278  -0.113991  -0.0531065  -0.113991  0.275962  0.0866063  -0.0531065  0.0866063  0.164998
0.299238  -0.113839  -0.0530039  -0.113839  0.275786  0.0864844  -0.0530039  0.0864844  0.164975
0.299122  -0.113434  -0.052749  -0.113434  0.275352  0.086188  -0.052749  0.086188  0.164929
0.299112  -0.113408  -0.052736  -0.113408  0.275334  0.0861764  -0.052736  0.0861764  0.164929
0.299001  -0.112995  -0.0524375  -0.112995  0.274864  0.0858396  -0.0524375  0.0858396  0.164866
0.298981  -0.11292  -0.0523868  -0.11292  0.274777  0.0857795  -0.0523868  0.0857795  0.164855
0.298875  -0.112503  -0.0521259  -0.112503  0.274308  0.0854619  -0.0521259  0.0854619  0.164805
0.298863  -0.11246  -0.0521177  -0.11246  0.274271  0.0854438  -0.0521177  0.0854438  0.164807
0.298761  -0.112062  -0.0518536  -0.112062  0.273826  0.0851348  -0.0518536  0.0851348  0.164757
0.298756  -0.112035  -0.0518272  -0.112035  0.273787  0.085105  -0.0518272  0.085105  0.164749
0.298657  -0.111627  -0.0515846  -0.111627  0.273335  0.0848029  -0.0515846  0.0848029  0.164706
0.298654  -0.111605  -0.0515738  -0.111605  0.273306  0.0847848  -0.0515738  0.0847848  0.164703
0.298546  -0.111145  -0.0513445  -0.111145  0.272808  0.0844717  -0.0513445  0.0844717  0.164669
0.298536  -0.111119  -0.0513319  -0.111119  0.272792  0.0844606  -0.0513319  0.0844606  0.16467
0.298436  -0.110724  -0.0510703  -0.110724  0.272369  0.0841641  -0.0510703  0.0841641  0.164629
0.298421  -0.110656  -0.0510363  -0.110656  0.272295  0.0841173  -0.0510363  0.0841173  0.164624
0.298385  -0.110477  -0.0509469  -0.110477  0.272089  0.0839879  -0.0509469  0.0839879  0.164608
0.298279  -0.110071  -0.0506552  -0.110071  0.271666  0.0836785  -0.0506552  0.0836785  0.164566
0.298264  -0.110016  -0.0506017  -0.110016  0.271604  0.0836273  -0.0506017  0.0836273  0.164556
0.298163  -0.109618  -0.050327  -0.109618  0.271193  0.0833315  -0.050327  0.0833315  0.164519
0.298154  -0.109593  -0.0503147  -0.109593  0.271177  0.0833207  -0.0503147  0.0833207  0.164521
0.298063  -0.109217  -0.0500386  -0.109217  0.270777  0.0830263  -0.0500386  0.0830263  0.16448
0.298061  -0.109196  -0.0500281  -0.109196  0.270749  0.0830088  -0.0500281  0.0830088  0.164478
0.297979  -0.108834  -0.0498484  -0.108834  0.270385  0.0827762  -0.0498484  0.0827762  0.164464
0.297967  -0.108784  -0.0498108  -0.108784  0.270332  0.082737  -0.0498108  0.082737  0.164459
0.297939  -0.108646  -0.0497296  -0.108646  0.27018  0.0826349  -0.0497296  0.0826349  0.164447
0.297865  -0.10832  -0.0494791  -0.10832  0.269831  0.0823725  -0.0494791  0.0823725  0.164411
0.297864  -0.108316  -0.0494641  -0.108316  0.269822  0.0823615  -0.0494641  0.0823615  0.164407
0.297798  -0.107976  -0.0492704  -0.107976  0.269451  0.0821138  -0.0492704  0.0821138  0.164382
0.297797  -0.107972  -0.0492554  -0.107972  0.269442  0.0821029  -0.0492554  0.0821029  0.164378
0.297733  -0.107669  -0.0490041  -0.107669  0.269104  0.0818429  -0.0490041  0.0818429  0.164339
0.297727  -0.107661  -0.0489876  -0.107661  0.269108  0.0818389  -0.0489876  0.0818389  0.16434
0.297668  -0.10733  -0.0487482  -0.10733  0.268722  0.0815609  -0.0487482  0.0815609  0.164301
0.297666  -0.10731  -0.0487379  -0.10731  0.268695  0.0815437  -0.0487379  0.0815437  0.164298
0.297612  -0.107025  -0.0484709  -0.107025  0.268359  0.0812754  -0.0484709  0.0812754  0.164253
0.297603  -0.106996  -0.0484444  -0.106996  0.268336  0.0812545  -0.0484444  0.0812545  0.164251
0.297555  -0.106693  -0.0482189  -0.106693  0.26797  0.0809897  -0.0482189  0.0809897  0.164212
0.297553  -0.106668  -0.048194  -0.106668  0.267934  0.0809621  -0.048194  0.0809621  0.164206
0.297509  -0.10639  -0.0479942  -0.10639  0.267606  0.0807262  -0.0479942  0.0807262  0.164174
0.297508  -0.106386  -0.0479795  -0.106386  0.267598  0.0807156  -0.0479795  0.0807156  0.164171
0.297473  -0.106144  -0.0477728  -0.106144  0.267296  0.0804866  -0.0477728  0.0804866  0.164133
0.297451  -0.105965  -0.0476468  -0.105965  0.267069  0.0803274  -0.0476468  0.0803274  0.16411
0.29745  -0.105961  -0.0476322  -0.105961  0.267061  0.0803168  -0.0476322  0.0803168  0.164106
0.297441  -0.105871  -0.0475628  -0.105871  0.266938  0.0802288  -0.0475628  0.0802288  0.164091
0.297417  -0.105686  -0.0473597  -0.105686  0.26669  0.0800241  -0.0473597  0.0800241  0.16405
0.297415  -0.105666  -0.0473497  -0.105666  0.266664  0.0800074  -0.0473497  0.0800074  0.164048
0.297385  -0.105451  -0.0471695  -0.105451  0.266401  0.0798084  -0.0471695  0.0798084  0.164019
0.297384  -0.105447  -0.0471549  -0.105447  0.266392  0.079798  -0.0471549  0.079798  0.164015
0.29736  -0.105264  -0.046953  -0.105264  0.266147  0.0795949  -0.046953  0.0795949  0.163977
0.297343  -0.105123  -0.0468341  -0.105123  0.265968  0.0794609  -0.0468341  0.0794609  0.163956
0.297341  -0.105102  -0.0468242  -0.105102  0.265942  0.0794444  -0.0468242  0.0794444  0.163954
0.297334  -0.105029  -0.046751  -0.105029  0.265839  0.0793638  -0.046751  0.0793638  0.163939
0.297307  -0.104844  -0.0465488  -0.104844  0.265607  0.0791692  -0.0465488  0.0791692  0.163907
0.297305  -0.104819  -0.0465245  -0.104819  0.265573  0.0791425  -0.0465245  0.0791425  0.163902
0.297285  -0.10465  -0.0463676  -0.10465  0.265355  0.0789727  -0.0463676  0.0789727  0.163874
0.297284  -0.10463  -0.0463578  -0.10463  0.265329  0.0789563  -0.0463578  0.0789563  0.163873
0.297279  -0.104578  -0.0462949  -0.104578  0.265252  0.0788928  -0.0462949  0.0788928  0.16386
0.297262  -0.104441  -0.0461294  -0.104441  0.265071  0.078736  -0.0461294  0.078736  0.163831
0.29726  -0.104421  -0.0461196  -0.104421  0.265045  0.0787197  -0.0461196  0.0787197  0.163829
0.297239  -0.104262  -0.0460054  -0.104262  0.264864  0.0785886  -0.0460054  0.0785886  0.163817
0.297238  -0.104242  -0.0459956  -0.104242  0.264838  0.0785723  -0.0459956  0.0785723  0.163815
0.297228  -0.104186  -0.0459317  -0.104186  0.264774  0.0785161  -0.0459317  0.0785161  0.163807
0.297211  -0.104035  -0.0457716  -0.104035  0.264576  0.0783544  -0.0457716  0.0783544  0.163781
0.297205  -0.104012  -0.0457605  -0.104012  0.264562  0.0783449  -0.0457605  0.0783449  0.163784
0.297186  -0.10387  -0.0456424  -0.10387  0.2644  0.0782209  -0.0456424  0.0782209  0.163771
0.297185  -0.103865  -0.0456281  -0.103865  0.264392  0.0782107  -0.0456281  0.0782107  0.163769
0.297167  -0.103751  -0.0454868  -0.103751  0.264259  0.078089  -0.0454868  0.078089  0.163752
0.297166  -0.103735  -0.0454914  -0.103735  0.264241  0.078083  -0.0454914  0.078083  0.163753
0.297158  -0.103673  -0.0454611  -0.103673  0.264176  0.0780414  -0.0454611  0.0780414  0.163752
0.297134  -0.103524  -0.045328  -0.103524  0.264019  0.0779148  -0.045328  0.0779148  0.163742
0.297128  -0.103513  -0.0452982  -0.103513  0.264016  0.0779015  -0.0452982  0.0779015  0.163741
0.29712  -0.103462  -0.0452492  -0.103462  0.263961  0.077856  -0.0452492  0.077856  0.163737
0.297101  -0.103294  -0.0451555  -0.103294  0.263773  0.0777312  -0.0451555  0.0777312  0.163731
0.297097  -0.103291  -0.0451542  -0.103291  0.263785  0.077738  -0.0451542  0.077738  0.163735
0.29708  -0.103173  -0.0449997  -0.103173  0.263646  0.0776076  -0.0449997  0.0776076  0.163717
0.297079  -0.103169  -0.0449855  -0.103169  0.263638  0.0775976  -0.0449855  0.0775976  0.163714
0.297062  -0.103022  -0.0449018  -0.103022  0.263477  0.0774894  -0.0449018  0.0774894  0.16371
0.297057  -0.103003  -0.0449052  -0.103003  0.263471  0.0774902  -0.0449052  0.0774902  0.163715
0.297041  -0.102902  -0.0447466  -0.102902  0.263349  0.0773664  -0.0447466  0.0773664  0.163697
0.297041  -0.102886  -0.0447513  -0.102886  0.263332  0.0773605  -0.0447513  0.0773605  0.163698
0.297025  -0.10275  -0.0446492  -0.10275  0.263181  0.0772489  -0.0446492  0.0772489  0.16369
0.297024  -0.102731  -0.0446397  -0.102731  0.263156  0.077233  -0.0446397  0.077233  0.163689
0.297012  -0.102617  -0.0444876  -0.102617  0.263006  0.0770974  -0.0444876  0.0770974  0.163668
0.297007  -0.10261  -0.0444723  -0.10261  0.26301  0.0770942  -0.0444723  0.0770942  0.16367
0.297005  -0.102563  -0.0444252  -0.102563  0.262945  0.0770429  -0.0444252  0.0770429  0.163662
