0.312346  -0.145894  -0.0716411  -0.145894  0.312604  0.109778  -0.0716411  0.109778  0.170944
0.312346  -0.145894  -0.0716411  -0.145894  0.312604  0.109778  -0.0716411  0.109778  0.170944
0.312346  -0.145894  -0.0716411  -0.145894  0.312604  0.109778  -0.0716411  0.109778  0.170944
0.31236  -0.145902  -0.0716449  -0.145902  0.312592  0.109771  -0.0716449  0.109771  0.17094
0.312366  -0.145925  -0.0716407  -0.145925  0.312623  0.10978  -0.0716407  0.10978  0.170938
0.312366  -0.145925  -0.0716407  -0.145925  0.312623  0.10978  -0.0716407  0.10978  0.170938
0.312372  -0.145934  -0.0716611  -0.145934  0.312637  0.109797  -0.0716611  0.109797  0.170948
0.312372  -0.145934  -0.0716611  -0.145934  0.312637  0.109797  -0.0716611  0.109797  0.170948
0.312384  -0.145965  -0.0716774  -0.145965  0.312682  0.109824  -0.0716774  0.109824  0.170957
0.312398  -0.145973  -0.0716811  -0.145973  0.31267  0.109816  -0.0716811  0.109816  0.170953
0.312398  -0.145973  -0.0716811  -0.145973  0.31267  0.109816  -0.0716811  0.109816  0.170953
0.31241  -0.146004  -0.0716974  -0.146004  0.312715  0.109843  -0.0716974  0.109843  0.170962
0.31241  -0.146004  -0.0716974  -0.146004  0.312715  0.109843  -0.0716974  0.109843  0.170962
0.31241  -0.146004  -0.0716974  -0.146004  0.312715  0.109843  -0.0716974  0.109843  0.170962
0.312416  -0.146027  -0.0716932  -0.146027  0.312746  0.109852  -0.0716932  0.109852  0.170961
0.312416  -0.146027  -0.0716932  -0.146027  0.312746  0.109852  -0.0716932  0.109852  0.170961
0.31243  -0.146035  -0.0716969  -0.146035  0.312734  0.109844  -0.0716969  0.109844  0.170957
0.31243  -0.146035  -0.0716969  -0.146035  0.312734  0.109844  -0.0716969  0.109844  0.170957
0.31243  -0.146035  -0.0716969  -0.146035  0.312734  0.109844  -0.0716969  0.109844  0.170957
0.312436  -0.146058  -0.0716928  -0.146058  0.312766  0.109853  -0.0716928  0.109853  0.170955
0.312436  -0.146058  -0.0716928  -0.146058  0.312766  0.109853  -0.0716928  0.109853  0.170955
0.312451  -0.146066  -0.0716965  -0.146066  0.312754  0.109846  -0.0716965  0.109846  0.170951
0.312451  -0.146066  -0.0716965  -0.146066  0.312754  0.109846  -0.0716965  0.109846  0.170951
0.312465  -0.146073  -0.0717003  -0.146073  0.312742  0.109839  -0.0717003  0.109839  0.170947
0.312465  -0.146073  -0.0717003  -0.146073  0.312742  0.109839  -0.0717003  0.109839  0.170947
0.312465  -0.146073  -0.0717003  -0.146073  0.312742  0.109839  -0.0717003  0.109839  0.170947
0.312485  -0.146104  -0.0716998  -0.146104  0.312761  0.10984  -0.0716998  0.10984  0.170942
0.312485  -0.146104  -0.0716998  -0.146104  0.312761  0.10984  -0.0716998  0.10984  0.170942
0.312506  -0.146135  -0.0716994  -0.146135  0.31278  0.109842  -0.0716994  0.109842  0.170936
0.31252  -0.146142  -0.0717031  -0.146142  0.312768  0.109834  -0.0717031  0.109834  0.170932
0.31252  -0.146142  -0.0717031  -0.146142  0.312768  0.109834  -0.0717031  0.109834  0.170932
0.31252  -0.146157  -0.0716786  -0.146157  0.312785  0.109826  -0.0716786  0.109826  0.170921
0.312534  -0.146164  -0.0716823  -0.146164  0.312773  0.109818  -0.0716823  0.109818  0.170917
0.312549  -0.146172  -0.071686  -0.146172  0.312761  0.109811  -0.071686  0.109811  0.170913
0.312555  -0.146195  -0.0716819  -0.146195  0.312793  0.10982  -0.0716819  0.10982  0.170911
0.312555  -0.146195  -0.0716819  -0.146195  0.312793  0.10982  -0.0716819  0.10982  0.170911
0.312575  -0.146226  -0.0716814  -0.146226  0.312812  0.109822  -0.0716814  0.109822  0.170906
0.31259  -0.146233  -0.0716852  -0.146233  0.3128  0.109814  -0.0716852  0.109814  0.170902
0.31261  -0.146264  -0.0716847  -0.146264  0.312819  0.109816  -0.0716847  0.109816  0.170897
0.31261  -0.146264  -0.0716847  -0.146264  0.312819  0.109816  -0.0716847  0.109816  0.170897
0.31263  -0.146295  -0.0716843  -0.146295  0.312839  0.109817  -0.0716843  0.109817  0.170891
0.312651  -0.146325  -0.0716839  -0.146325  0.312858  0.109819  -0.0716839  0.109819  0.170886
0.312651  -0.146325  -0.0716839  -0.146325  0.312858  0.109819  -0.0716839  0.109819  0.170886
0.312671  -0.146356  -0.0716835  -0.146356  0.312877  0.10982  -0.0716835  0.10982  0.17088
0.312677  -0.146379  -0.0716793  -0.146379  0.312909  0.109829  -0.0716793  0.109829  0.170879
0.312697  -0.14641  -0.0716789  -0.14641  0.312928  0.109831  -0.0716789  0.109831  0.170874
0.312717  -0.146441  -0.0716784  -0.146441  0.312947  0.109832  -0.0716784  0.109832  0.170868
0.312717  -0.146441  -0.0716784  -0.146441  0.312947  0.109832  -0.0716784  0.109832  0.170868
0.312737  -0.146486  -0.0716534  -0.146486  0.312984  0.109825  -0.0716534  0.109825  0.170851
0.312737  -0.146486  -0.0716534  -0.146486  0.312984  0.109825  -0.0716534  0.109825  0.170851
0.312758  -0.146517  -0.0716529  -0.146517  0.313004  0.109827  -0.0716529  0.109827  0.170846
0.312778  -0.146548  -0.0716525  -0.146548  0.313023  0.109828  -0.0716525  0.109828  0.17084
0.312778  -0.146548  -0.0716525  -0.146548  0.313023  0.109828  -0.0716525  0.109828  0.17084
0.312805  -0.146602  -0.0716479  -0.146602  0.313074  0.109839  -0.0716479  0.109839  0.170833
0.312805  -0.146602  -0.0716479  -0.146602  0.313074  0.109839  -0.0716479  0.109839  0.170833
0.31281  -0.146625  -0.0716437  -0.146625  0.313106  0.109848  -0.0716437  0.109848  0.170832
0.312831  -0.146656  -0.0716433  -0.146656  0.313125  0.109849  -0.0716433  0.109849  0.170827
0.312831  -0.146656  -0.0716433  -0.146656  0.313125  0.109849  -0.0716433  0.109849  0.170827
0.312851  -0.146686  -0.0716429  -0.146686  0.313145  0.109851  -0.0716429  0.109851  0.170821
0.312851  -0.146686  -0.0716429  -0.146686  0.313145  0.109851  -0.0716429  0.109851  0.170821
0.312851  -0.146701  -0.0716182  -0.146701  0.313162  0.109842  -0.0716182  0.109842  0.17081
0.312851  -0.146701  -0.0716182  -0.146701  0.313162  0.109842  -0.0716182  0.109842  0.17081
0.312871  -0.146732  -0.0716178  -0.146732  0.313182  0.109844  -0.0716178  0.109844  0.170804
0.312877  -0.146755  -0.0716136  -0.146755  0.313213  0.109853  -0.0716136  0.109853  0.170803
0.312877  -0.146755  -0.0716136  -0.146755  0.313213  0.109853  -0.0716136  0.109853  0.170803
0.312883  -0.146778  -0.0716094  -0.146778  0.313245  0.109862  -0.0716094  0.109862  0.170801
0.312883  -0.146778  -0.0716094  -0.146778  0.313245  0.109862  -0.0716094  0.109862  0.170801
0.312897  -0.1468  -0.0715885  -0.1468  0.31325  0.109846  -0.0715885  0.109846  0.170786
0.312897  -0.1468  -0.0715885  -0.1468  0.31325  0.109846  -0.0715885  0.109846  0.170786
0.312897  -0.1468  -0.0715885  -0.1468  0.31325  0.109846  -0.0715885  0.109846  0.170786
0.312903  -0.146824  -0.0715844  -0.146824  0.313282  0.109855  -0.0715844  0.109855  0.170784
0.312909  -0.146847  -0.0715802  -0.146847  0.313314  0.109864  -0.0715802  0.109864  0.170783
0.312909  -0.146847  -0.0715802  -0.146847  0.313314  0.109864  -0.0715802  0.109864  0.170783
0.312915  -0.14687  -0.071576  -0.14687  0.313345  0.109872  -0.071576  0.109872  0.170781
0.312915  -0.14687  -0.071576  -0.14687  0.313345  0.109872  -0.071576  0.109872  0.170781
0.31292  -0.146893  -0.0715718  -0.146893  0.313377  0.109881  -0.0715718  0.109881  0.17078
0.31292  -0.146893  -0.0715718  -0.146893  0.313377  0.109881  -0.0715718  0.109881  0.17078
0.312926  -0.146916  -0.0715677  -0.146916  0.313409  0.10989  -0.0715677  0.10989  0.170778
0.312926  -0.146916  -0.0715677  -0.146916  0.313409  0.10989  -0.0715677  0.10989  0.170778
0.312932  -0.14694  -0.0715635  -0.14694  0.31344  0.109899  -0.0715635  0.109899  0.170777
0.312932  -0.14694  -0.0715635  -0.14694  0.31344  0.109899  -0.0715635  0.109899  0.170777
0.312938  -0.146963  -0.0715593  -0.146963  0.313472  0.109908  -0.0715593  0.109908  0.170776
0.312938  -0.146963  -0.0715593  -0.146963  0.313472  0.109908  -0.0715593  0.109908  0.170776
0.31295  -0.146995  -0.0715756  -0.146995  0.313517  0.109934  -0.0715756  0.109934  0.170784
0.312941  -0.14701  -0.0715677  -0.14701  0.313561  0.109951  -0.0715677  0.109951  0.170787
0.312941  -0.14701  -0.0715677  -0.14701  0.313561  0.109951  -0.0715677  0.109951  0.170787
0.312947  -0.147034  -0.0715635  -0.147034  0.313593  0.10996  -0.0715635  0.10996  0.170785
0.312947  -0.147034  -0.0715635  -0.147034  0.313593  0.10996  -0.0715635  0.10996  0.170785
0.312947  -0.147034  -0.0715635  -0.147034  0.313593  0.10996  -0.0715635  0.10996  0.170785
0.312944  -0.147058  -0.0715761  -0.147058  0.313651  0.109993  -0.0715761  0.109993  0.170798
0.312944  -0.147058  -0.0715761  -0.147058  0.313651  0.109993  -0.0715761  0.109993  0.170798
0.31295  -0.147081  -0.0715719  -0.147081  0.313682  0.110002  -0.0715719  0.110002  0.170797
0.31295  -0.147081  -0.0715719  -0.147081  0.313682  0.110002  -0.0715719  0.110002  0.170797
0.31295  -0.147081  -0.0715719  -0.147081  0.313682  0.110002  -0.0715719  0.110002  0.170797
0.312962  -0.147113  -0.0715882  -0.147113  0.313728  0.110029  -0.0715882  0.110029  0.170805
0.312962  -0.147113  -0.0715882  -0.147113  0.313728  0.110029  -0.0715882  0.110029  0.170805
0.312953  -0.147129  -0.0715803  -0.147129  0.313772  0.110045  -0.0715803  0.110045  0.170808
0.312965  -0.14716  -0.0715966  -0.14716  0.313818  0.110071  -0.0715966  0.110071  0.170817
0.312965  -0.14716  -0.0715966  -0.14716  0.313818  0.110071  -0.0715966  0.110071  0.170817
0.312956  -0.147176  -0.0715887  -0.147176  0.313861  0.110088  -0.0715887  0.110088  0.170819
0.312956  -0.147176  -0.0715887  -0.147176  0.313861  0.110088  -0.0715887  0.110088  0.170819
0.312962  -0.147199  -0.0715845  -0.147199  0.313893  0.110097  -0.0715845  0.110097  0.170818
0.312962  -0.147199  -0.0715845  -0.147199  0.313893  0.110097  -0.0715845  0.110097  0.170818
0.312953  -0.147215  -0.0715766  -0.147215  0.313937  0.110113  -0.0715766  0.110113  0.17082
0.312953  -0.147215  -0.0715766  -0.147215  0.313937  0.110113  -0.0715766  0.110113  0.17082
0.312959  -0.147238  -0.0715724  -0.147238  0.313969  0.110122  -0.0715724  0.110122  0.170819
0.31295  -0.147254  -0.0715645  -0.147254  0.314013  0.110138  -0.0715645  0.110138  0.170821
0.31295  -0.147254  -0.0715645  -0.147254  0.314013  0.110138  -0.0715645  0.110138  0.170821
0.312956  -0.147277  -0.0715603  -0.147277  0.314044  0.110147  -0.0715603  0.110147  0.17082
0.312956  -0.147277  -0.0715603  -0.147277  0.314044  0.110147  -0.0715603  0.110147  0.17082
0.312961  -0.1473  -0.0715561  -0.1473  0.314076  0.110156  -0.0715561  0.110156  0.170818
0.312953  -0.147316  -0.0715482  -0.147316  0.31412  0.110172  -0.0715482  0.110172  0.170821
0.312958  -0.147339  -0.071544  -0.147339  0.314152  0.110181  -0.071544  0.110181  0.170819
0.312958  -0.147339  -0.071544  -0.147339  0.314152  0.110181  -0.071544  0.110181  0.170819
0.312958  -0.147339  -0.071544  -0.147339  0.314152  0.110181  -0.071544  0.110181  0.170819
0.31297  -0.147386  -0.0715356  -0.147386  0.314216  0.110199  -0.0715356  0.110199  0.170817
0.312976  -0.147409  -0.0715314  -0.147409  0.314247  0.110208  -0.0715314  0.110208  0.170815
0.312976  -0.147409  -0.0715314  -0.147409  0.314247  0.110208  -0.0715314  0.110208  0.170815
0.312987  -0.147456  -0.071523  -0.147456  0.314311  0.110226  -0.071523  0.110226  0.170812
0.312993  -0.147479  -0.0715188  -0.147479  0.314343  0.110235  -0.0715188  0.110235  0.170811
0.312993  -0.147479  -0.0715188  -0.147479  0.314343  0.110235  -0.0715188  0.110235  0.170811
0.313005  -0.147525  -0.0715104  -0.147525  0.314407  0.110252  -0.0715104  0.110252  0.170808
0.313005  -0.147525  -0.0715104  -0.147525  0.314407  0.110252  -0.0715104  0.110252  0.170808
0.313017  -0.147572  -0.071502  -0.147572  0.314471  0.11027  -0.071502  0.11027  0.170805
0.313022  -0.147595  -0.0714978  -0.147595  0.314503  0.110279  -0.0714978  0.110279  0.170804
0.313028  -0.147619  -0.0714936  -0.147619  0.314535  0.110288  -0.0714936  0.110288  0.170802
0.31304  -0.147665  -0.0714853  -0.147665  0.314599  0.110306  -0.0714853  0.110306  0.170799
0.31304  -0.147665  -0.0714853  -0.147665  0.314599  0.110306  -0.0714853  0.110306  0.170799
0.313052  -0.147712  -0.0714769  -0.147712  0.314662  0.110324  -0.0714769  0.110324  0.170797
0.313079  -0.147752  -0.0714969  -0.147752  0.314696  0.110343  -0.0714969  0.110343  0.170801
0.313079  -0.147752  -0.0714969  -0.147752  0.314696  0.110343  -0.0714969  0.110343  0.170801
0.31309  -0.147799  -0.0714885  -0.147799  0.31476  0.110361  -0.0714885  0.110361  0.170799
0.313084  -0.14779  -0.071468  -0.14779  0.314746  0.110343  -0.071468  0.110343  0.170788
0.313096  -0.147837  -0.0714596  -0.147837  0.31481  0.110361  -0.0714596  0.110361  0.170785
0.313101  -0.14786  -0.0714554  -0.14786  0.314842  0.11037  -0.0714554  0.11037  0.170784
0.313101  -0.14786  -0.0714554  -0.14786  0.314842  0.11037  -0.0714554  0.11037  0.170784
0.313113  -0.147907  -0.071447  -0.147907  0.314907  0.110388  -0.071447  0.110388  0.170781
0.313113  -0.147907  -0.071447  -0.147907  0.314907  0.110388  -0.071447  0.110388  0.170781
0.313125  -0.147953  -0.0714386  -0.147953  0.314971  0.110406  -0.0714386  0.110406  0.170778
0.313125  -0.147953  -0.0714386  -0.147953  0.314971  0.110406  -0.0714386  0.110406  0.170778
0.313151  -0.148008  -0.0714339  -0.148008  0.315023  0.110416  -0.0714339  0.110416  0.170772
0.313157  -0.148031  -0.0714297  -0.148031  0.315055  0.110425  -0.0714297  0.110425  0.17077
0.313157  -0.148031  -0.0714297  -0.148031  0.315055  0.110425  -0.0714297  0.110425  0.17077
0.313163  -0.148055  -0.0714255  -0.148055  0.315087  0.110434  -0.0714255  0.110434  0.170769
0.313169  -0.148078  -0.0714213  -0.148078  0.315119  0.110443  -0.0714213  0.110443  0.170767
0.31319  -0.148109  -0.0714209  -0.148109  0.315139  0.110445  -0.0714209  0.110445  0.170762
0.313196  -0.148133  -0.0714166  -0.148133  0.315171  0.110453  -0.0714166  0.110453  0.17076
0.313196  -0.148133  -0.0714166  -0.148133  0.315171  0.110453  -0.0714166  0.110453  0.17076
0.313207  -0.148179  -0.0714082  -0.148179  0.315236  0.110471  -0.0714082  0.110471  0.170758
0.313207  -0.148179  -0.0714082  -0.148179  0.315236  0.110471  -0.0714082  0.110471  0.170758
0.313219  -0.148226  -0.0713998  -0.148226  0.3153  0.110489  -0.0713998  0.110489  0.170755
0.313225  -0.14825  -0.0713956  -0.14825  0.315332  0.110498  -0.0713956  0.110498  0.170753
0.313225  -0.14825  -0.0713956  -0.14825  0.315332  0.110498  -0.0713956  0.110498  0.170753
0.313237  -0.148297  -0.0713872  -0.148297  0.315397  0.110516  -0.0713872  0.110516  0.170751
0.313237  -0.148297  -0.0713872  -0.148297  0.315397  0.110516  -0.0713872  0.110516  0.170751
0.313249  -0.148329  -0.0714035  -0.148329  0.315443  0.110543  -0.0714035  0.110543  0.170759
0.313261  -0.148376  -0.0713951  -0.148376  0.315507  0.11056  -0.0713951  0.11056  0.170756
0.313261  -0.148376  -0.0713951  -0.148376  0.315507  0.11056  -0.0713951  0.11056  0.170756
0.313267  -0.148399  -0.0713909  -0.148399  0.31554  0.110569  -0.0713909  0.110569  0.170755
0.313267  -0.148399  -0.0713909  -0.148399  0.31554  0.110569  -0.0713909  0.110569  0.170755
0.313263  -0.148438  -0.0713786  -0.148438  0.315616  0.110595  -0.0713786  0.110595  0.170756
0.313269  -0.148462  -0.0713744  -0.148462  0.315648  0.110604  -0.0713744  0.110604  0.170755
0.313269  -0.148462  -0.0713744  -0.148462  0.315648  0.110604  -0.0713744  0.110604  0.170755
0.313296  -0.148502  -0.0713946  -0.148502  0.315683  0.110623  -0.0713946  0.110623  0.17076
0.313296  -0.148502  -0.0713946  -0.148502  0.315683  0.110623  -0.0713946  0.110623  0.17076
0.313302  -0.148525  -0.0713903  -0.148525  0.315715  0.110632  -0.0713903  0.110632  0.170758
0.313308  -0.148549  -0.0713861  -0.148549  0.315747  0.110641  -0.0713861  0.110641  0.170757
0.313308  -0.148549  -0.0713861  -0.148549  0.315747  0.110641  -0.0713861  0.110641  0.170757
0.313314  -0.148572  -0.0713819  -0.148572  0.31578  0.11065  -0.0713819  0.11065  0.170755
0.313314  -0.148572  -0.0713819  -0.148572  0.31578  0.11065  -0.0713819  0.11065  0.170755
0.313314  -0.148572  -0.0713819  -0.148572  0.31578  0.11065  -0.0713819  0.11065  0.170755
0.31332  -0.148596  -0.0713777  -0.148596  0.315812  0.110658  -0.0713777  0.110658  0.170754
0.313314  -0.148587  -0.0713571  -0.148587  0.315798  0.110641  -0.0713571  0.110641  0.170744
0.313299  -0.148579  -0.0713533  -0.148579  0.31581  0.110648  -0.0713533  0.110648  0.170748
0.313299  -0.148579  -0.0713533  -0.148579  0.31581  0.110648  -0.0713533  0.110648  0.170748
0.313299  -0.148579  -0.0713533  -0.148579  0.31581  0.110648  -0.0713533  0.110648  0.170748
0.313299  -0.148579  -0.0713533  -0.148579  0.31581  0.110648  -0.0713533  0.110648  0.170748
0.313299  -0.148579  -0.0713533  -0.148579  0.31581  0.110648  -0.0713533  0.110648  0.170748
0.313299  -0.148579  -0.0713533  -0.148579  0.31581  0.110648  -0.0713533  0.110648  0.170748
0.313307  -0.148578  -0.0713365  -0.148578  0.315784  0.110623  -0.0713365  0.110623  0.170734
0.313307  -0.148578  -0.0713365  -0.148578  0.315784  0.110623  -0.0713365  0.110623  0.170734
0.313307  -0.148578  -0.0713365  -0.148578  0.315784  0.110623  -0.0713365  0.110623  0.170734
0.313307  -0.148578  -0.0713365  -0.148578  0.315784  0.110623  -0.0713365  0.110623  0.170734
0.313307  -0.148578  -0.0713365  -0.148578  0.315784  0.110623  -0.0713365  0.110623  0.170734
0.313307  -0.148578  -0.0713365  -0.148578  0.315784  0.110623  -0.0713365  0.110623  0.170734
0.313307  -0.148578  -0.0713365  -0.148578  0.315784  0.110623  -0.0713365  0.110623  0.170734
0.313307  -0.148578  -0.0713365  -0.148578  0.315784  0.110623  -0.0713365  0.110623  0.170734
0.313307  -0.148578  -0.0713365  -0.148578  0.315784  0.110623  -0.0713365  0.110623  0.170734
0.313307  -0.148578  -0.0713365  -0.148578  0.315784  0.110623  -0.0713365  0.110623  0.170734
0.313307  -0.148578  -0.0713365  -0.148578  0.315784  0.110623  -0.0713365  0.110623  0.170734
0.313307  -0.148578  -0.0713365  -0.148578  0.315784  0.110623  -0.0713365  0.110623  0.170734
0.313307  -0.148578  -0.0713365  -0.148578  0.315784  0.110623  -0.0713365  0.110623  0.170734
0.313307  -0.148578  -0.0713365  -0.148578  0.315784  0.110623  -0.0713365  0.110623  0.170734
0.313307  -0.148578  -0.0713365  -0.148578  0.315784  0.110623  -0.0713365  0.110623  0.170734
0.313307  -0.148578  -0.0713365  -0.148578  0.315784  0.110623  -0.0713365  0.110623  0.170734
0.313307  -0.148578  -0.0713365  -0.148578  0.315784  0.110623  -0.0713365  0.110623  0.170734
0.313307  -0.148578  -0.0713365  -0.148578  0.315784  0.110623  -0.0713365  0.110623  0.170734
0.313307  -0.148578  -0.0713365  -0.148578  0.315784  0.110623  -0.0713365  0.110623  0.170734
0.313307  -0.148578  -0.0713365  -0.148578  0.315784  0.110623  -0.0713365  0.110623  0.170734
0.313329  -0.148595  -0.0713609  -0.148595  0.315786  0.110633  -0.0713609  0.110633  0.17074
0.313329  -0.148595  -0.0713609  -0.148595  0.315786  0.110633  -0.0713609  0.110633  0.17074
0.313329  -0.148595  -0.0713609  -0.148595  0.315786  0.110633  -0.0713609  0.110633  0.17074
0.313329  -0.148595  -0.0713609  -0.148595  0.315786  0.110633  -0.0713609  0.110633  0.17074
0.313329  -0.148595  -0.0713609  -0.148595  0.315786  0.110633  -0.0713609  0.110633  0.17074
0.313329  -0.148595  -0.0713609  -0.148595  0.315786  0.110633  -0.0713609  0.110633  0.17074
0.313329  -0.148595  -0.0713609  -0.148595  0.315786  0.110633  -0.0713609  0.110633  0.17074
0.313329  -0.148595  -0.0713609  -0.148595  0.315786  0.110633  -0.0713609  0.110633  0.17074
0.313329  -0.148595  -0.0713609  -0.148595  0.315786  0.110633  -0.0713609  0.110633  0.17074
0.313329  -0.148595  -0.0713609  -0.148595  0.315786  0.110633  -0.0713609  0.110633  0.17074
0.313322  -0.148586  -0.0713403  -0.148586  0.315772  0.110616  -0.0713403  0.110616  0.17073
0.313322  -0.148586  -0.0713403  -0.148586  0.315772  0.110616  -0.0713403  0.110616  0.17073
0.313307  -0.148578  -0.0713365  -0.148578  0.315784  0.110623  -0.0713365  0.110623  0.170734
0.313307  -0.148578  -0.0713365  -0.148578  0.315784  0.110623  -0.0713365  0.110623  0.170734
0.313313  -0.148602  -0.0713323  -0.148602  0.315816  0.110632  -0.0713323  0.110632  0.170732
0.313313  -0.148602  -0.0713323  -0.148602  0.315816  0.110632  -0.0713323  0.110632  0.170732
0.313313  -0.148602  -0.0713323  -0.148602  0.315816  0.110632  -0.0713323  0.110632  0.170732
0.313313  -0.148602  -0.0713323  -0.148602  0.315816  0.110632  -0.0713323  0.110632  0.170732
0.313313  -0.148602  -0.0713323  -0.148602  0.315816  0.110632  -0.0713323  0.110632  0.170732
0.313313  -0.148602  -0.0713323  -0.148602  0.315816  0.110632  -0.0713323  0.110632  0.170732
0.313319  -0.148625  -0.0713281  -0.148625  0.315849  0.110641  -0.0713281  0.110641  0.170731
0.313319  -0.148625  -0.0713281  -0.148625  0.315849  0.110641  -0.0713281  0.110641  0.170731
0.313319  -0.148625  -0.0713281  -0.148625  0.315849  0.110641  -0.0713281  0.110641  0.170731
0.313325  -0.148649  -0.0713238  -0.148649  0.315881  0.11065  -0.0713238  0.11065  0.170729
0.313319  -0.14864  -0.0713033  -0.14864  0.315867  0.110632  -0.0713033  0.110632  0.170719
0.313325  -0.148663  -0.071299  -0.148663  0.315899  0.110641  -0.071299  0.110641  0.170718
0.313325  -0.148663  -0.071299  -0.148663  0.315899  0.110641  -0.071299  0.110641  0.170718
0.313325  -0.148663  -0.071299  -0.148663  0.315899  0.110641  -0.071299  0.110641  0.170718
0.31333  -0.148687  -0.0712948  -0.148687  0.315932  0.11065  -0.0712948  0.11065  0.170716
0.31333  -0.148687  -0.0712948  -0.148687  0.315932  0.11065  -0.0712948  0.11065  0.170716
0.313336  -0.14871  -0.0712906  -0.14871  0.315964  0.110659  -0.0712906  0.110659  0.170715
0.313342  -0.148734  -0.0712864  -0.148734  0.315996  0.110668  -0.0712864  0.110668  0.170714
0.313342  -0.148734  -0.0712864  -0.148734  0.315996  0.110668  -0.0712864  0.110668  0.170714
0.313348  -0.148757  -0.0712821  -0.148757  0.316029  0.110677  -0.0712821  0.110677  0.170712
0.313348  -0.148757  -0.0712821  -0.148757  0.316029  0.110677  -0.0712821  0.110677  0.170712
0.313369  -0.148789  -0.0712817  -0.148789  0.316049  0.110678  -0.0712817  0.110678  0.170707
0.313375  -0.148812  -0.0712774  -0.148812  0.316081  0.110687  -0.0712774  0.110687  0.170705
0.313375  -0.148812  -0.0712774  -0.148812  0.316081  0.110687  -0.0712774  0.110687  0.170705
0.313381  -0.148836  -0.0712732  -0.148836  0.316114  0.110696  -0.0712732  0.110696  0.170704
0.313381  -0.148836  -0.0712732  -0.148836  0.316114  0.110696  -0.0712732  0.110696  0.170704
0.313387  -0.148859  -0.071269  -0.148859  0.316146  0.110705  -0.071269  0.110705  0.170703
0.313387  -0.148859  -0.071269  -0.148859  0.316146  0.110705  -0.071269  0.110705  0.170703
0.313399  -0.148906  -0.0712605  -0.148906  0.316211  0.110723  -0.0712605  0.110723  0.1707
0.313399  -0.148906  -0.0712605  -0.148906  0.316211  0.110723  -0.0712605  0.110723  0.1707
0.313399  -0.148906  -0.0712605  -0.148906  0.316211  0.110723  -0.0712605  0.110723  0.1707
0.313417  -0.148962  -0.0712726  -0.148962  0.31629  0.110759  -0.0712726  0.110759  0.170707
0.313417  -0.148962  -0.0712726  -0.148962  0.31629  0.110759  -0.0712726  0.110759  0.170707
0.313423  -0.148986  -0.0712684  -0.148986  0.316323  0.110768  -0.0712684  0.110768  0.170706
0.313423  -0.148986  -0.0712684  -0.148986  0.316323  0.110768  -0.0712684  0.110768  0.170706
0.313423  -0.148986  -0.0712684  -0.148986  0.316323  0.110768  -0.0712684  0.110768  0.170706
0.313429  -0.149009  -0.0712641  -0.149009  0.316355  0.110777  -0.0712641  0.110777  0.170704
0.313429  -0.149009  -0.0712641  -0.149009  0.316355  0.110777  -0.0712641  0.110777  0.170704
0.31344  -0.149056  -0.0712557  -0.149056  0.31642  0.110795  -0.0712557  0.110795  0.170702
0.31344  -0.149056  -0.0712557  -0.149056  0.31642  0.110795  -0.0712557  0.110795  0.170702
0.31344  -0.149056  -0.0712557  -0.149056  0.31642  0.110795  -0.0712557  0.110795  0.170702
0.313453  -0.149089  -0.071272  -0.149089  0.316467  0.110821  -0.071272  0.110821  0.17071
0.313459  -0.149112  -0.0712678  -0.149112  0.316499  0.11083  -0.0712678  0.11083  0.170709
0.313465  -0.149136  -0.0712636  -0.149136  0.316532  0.110839  -0.0712636  0.110839  0.170707
0.31345  -0.149128  -0.0712598  -0.149128  0.316544  0.110846  -0.0712598  0.110846  0.170711
0.313456  -0.149152  -0.0712555  -0.149152  0.316577  0.110855  -0.0712555  0.110855  0.17071
0.313461  -0.149175  -0.0712513  -0.149175  0.316609  0.110864  -0.0712513  0.110864  0.170709
0.313461  -0.149175  -0.0712513  -0.149175  0.316609  0.110864  -0.0712513  0.110864  0.170709
0.313467  -0.149199  -0.0712471  -0.149199  0.316642  0.110873  -0.0712471  0.110873  0.170707
0.313467  -0.149199  -0.0712471  -0.149199  0.316642  0.110873  -0.0712471  0.110873  0.170707
0.313479  -0.149246  -0.0712386  -0.149246  0.316707  0.110891  -0.0712386  0.110891  0.170704
0.313485  -0.149269  -0.0712343  -0.149269  0.31674  0.1109  -0.0712343  0.1109  0.170703
0.313485  -0.149269  -0.0712343  -0.149269  0.31674  0.1109  -0.0712343  0.1109  0.170703
0.313476  -0.149285  -0.0712263  -0.149285  0.316784  0.110916  -0.0712263  0.110916  0.170706
0.313476  -0.149285  -0.0712263  -0.149285  0.316784  0.110916  -0.0712263  0.110916  0.170706
0.313482  -0.149323  -0.0711972  -0.149323  0.316835  0.110917  -0.0711972  0.110917  0.170693
0.313482  -0.149323  -0.0711972  -0.149323  0.316835  0.110917  -0.0711972  0.110917  0.170693
0.313493  -0.149371  -0.0711887  -0.149371  0.316901  0.110934  -0.0711887  0.110934  0.17069
0.313499  -0.149394  -0.0711844  -0.149394  0.316933  0.110943  -0.0711844  0.110943  0.170688
0.313499  -0.149394  -0.0711844  -0.149394  0.316933  0.110943  -0.0711844  0.110943  0.170688
0.313505  -0.149433  -0.0711553  -0.149433  0.316985  0.110944  -0.0711553  0.110944  0.170676
0.313511  -0.149456  -0.0711511  -0.149456  0.317017  0.110953  -0.0711511  0.110953  0.170674
0.313523  -0.149503  -0.0711426  -0.149503  0.317083  0.11097  -0.0711426  0.11097  0.170671
0.313523  -0.149503  -0.0711426  -0.149503  0.317083  0.11097  -0.0711426  0.11097  0.170671
0.313534  -0.149565  -0.0711092  -0.149565  0.317167  0.110979  -0.0711092  0.110979  0.170657
0.313534  -0.149565  -0.0711092  -0.149565  0.317167  0.110979  -0.0711092  0.110979  0.170657
0.313546  -0.149627  -0.0710758  -0.149627  0.317251  0.110989  -0.0710758  0.110989  0.170643
0.313551  -0.149651  -0.0710715  -0.149651  0.317283  0.110997  -0.0710715  0.110997  0.170641
0.313578  -0.149721  -0.0710419  -0.149721  0.317356  0.110999  -0.0710419  0.110999  0.170623
0.313583  -0.149759  -0.0710128  -0.149759  0.317407  0.110999  -0.0710128  0.110999  0.17061
0.313589  -0.149783  -0.0710085  -0.149783  0.31744  0.111008  -0.0710085  0.111008  0.170609
0.313615  -0.149868  -0.070954  -0.149868  0.317531  0.111001  -0.070954  0.111001  0.170579
0.313615  -0.149868  -0.070954  -0.149868  0.317531  0.111001  -0.070954  0.111001  0.170579
0.313654  -0.149985  -0.0709158  -0.149985  0.317669  0.111021  -0.0709158  0.111021  0.170558
0.313674  -0.150046  -0.0708655  -0.150046  0.317727  0.111004  -0.0708655  0.111004  0.17053
0.313674  -0.150046  -0.0708655  -0.150046  0.317727  0.111004  -0.0708655  0.111004  0.17053
0.313706  -0.150155  -0.0708066  -0.150155  0.317852  0.111006  -0.0708066  0.111006  0.170499
0.313721  -0.150163  -0.0708104  -0.150163  0.317839  0.110999  -0.0708104  0.110999  0.170495
0.313753  -0.150272  -0.0707514  -0.150272  0.317964  0.111  -0.0707514  0.111  0.170465
0.313801  -0.150374  -0.0707212  -0.150374  0.318058  0.111003  -0.0707212  0.111003  0.170441
0.313801  -0.150374  -0.0707212  -0.150374  0.318058  0.111003  -0.0707212  0.111003  0.170441
0.313847  -0.150505  -0.0706411  -0.150505  0.31819  0.110989  -0.0706411  0.110989  0.170395
0.313847  -0.150505  -0.0706411  -0.150505  0.31819  0.110989  -0.0706411  0.110989  0.170395
0.313901  -0.150646  -0.0705815  -0.150646  0.318336  0.110992  -0.0705815  0.110992  0.170359
0.313942  -0.150739  -0.0705305  -0.150739  0.318416  0.110977  -0.0705305  0.110977  0.170326
0.313936  -0.15073  -0.0705099  -0.15073  0.318402  0.110959  -0.0705099  0.110959  0.170316
0.313998  -0.15087  -0.0704334  -0.15087  0.318522  0.110937  -0.0704334  0.110937  0.170266
0.314004  -0.150894  -0.0704291  -0.150894  0.318555  0.110946  -0.0704291  0.110946  0.170265
0.314074  -0.151033  -0.0703356  -0.151033  0.31865  0.110899  -0.0703356  0.110899  0.170201
0.314115  -0.151141  -0.0702595  -0.151141  0.31875  0.110875  -0.0702595  0.110875  0.170157
0.314115  -0.151141  -0.0702595  -0.151141  0.31875  0.110875  -0.0702595  0.110875  0.170157
0.314192  -0.151304  -0.0701616  -0.151304  0.318878  0.110836  -0.0701616  0.110836  0.170092
0.314192  -0.151319  -0.0701366  -0.151319  0.318897  0.110827  -0.0701366  0.110827  0.170081
0.314284  -0.151491  -0.0700424  -0.151491  0.319014  0.110781  -0.0700424  0.110781  0.170013
0.314334  -0.151598  -0.0699492  -0.151598  0.319088  0.110732  -0.0699492  0.110732  0.169955
0.314355  -0.15163  -0.0699486  -0.15163  0.31911  0.110733  -0.0699486  0.110733  0.16995
0.314441  -0.151808  -0.0698085  -0.151808  0.319232  0.11066  -0.0698085  0.11066  0.169861
0.314456  -0.151816  -0.0698122  -0.151816  0.31922  0.110653  -0.0698122  0.110653  0.169857
0.314542  -0.151993  -0.0696719  -0.151993  0.319343  0.110579  -0.0696719  0.110579  0.169768
0.314606  -0.152124  -0.0695573  -0.152124  0.319425  0.110514  -0.0695573  0.110514  0.169696
0.314621  -0.152147  -0.0695359  -0.152147  0.319433  0.110497  -0.0695359  0.110497  0.169681
0.314715  -0.152324  -0.0693785  -0.152324  0.31953  0.110399  -0.0693785  0.110399  0.169579
0.314724  -0.152323  -0.0693616  -0.152323  0.319504  0.110373  -0.0693616  0.110373  0.169566
0.314827  -0.152498  -0.069187  -0.152498  0.319575  0.110249  -0.069187  0.110249  0.169451
0.314842  -0.152521  -0.0691656  -0.152521  0.319583  0.110233  -0.0691656  0.110233  0.169436
0.314945  -0.152697  -0.0689909  -0.152697  0.319655  0.110109  -0.0689909  0.110109  0.169322
0.315035  -0.152835  -0.0688625  -0.152835  0.3197  0.11001  -0.0688625  0.11001  0.169233
0.315043  -0.152834  -0.0688455  -0.152834  0.319674  0.109985  -0.0688455  0.109985  0.16922
0.315171  -0.153017  -0.0686572  -0.153017  0.319708  0.109828  -0.0686572  0.109828  0.169089
0.315262  -0.153145  -0.0684909  -0.153145  0.319714  0.109686  -0.0684909  0.109686  0.168978
0.315277  -0.153168  -0.0684694  -0.153168  0.319721  0.109669  -0.0684694  0.109669  0.168964
0.315415  -0.153354  -0.068201  -0.153354  0.319709  0.109435  -0.068201  0.109435  0.168787
0.31543  -0.153362  -0.0682045  -0.153362  0.319697  0.109428  -0.0682045  0.109428  0.168783
0.315573  -0.153583  -0.0679689  -0.153583  0.319761  0.109245  -0.0679689  0.109245  0.168629
0.315581  -0.153582  -0.0679519  -0.153582  0.319735  0.10922  -0.0679519  0.10922  0.168616
0.315712  -0.153758  -0.0676623  -0.153758  0.31971  0.108967  -0.0676623  0.108967  0.168433
0.315805  -0.153875  -0.0674577  -0.153875  0.319676  0.108783  -0.0674577  0.108783  0.168302
0.315807  -0.153865  -0.0674202  -0.153865  0.319635  0.10874  -0.0674202  0.10874  0.16828
0.315924  -0.154022  -0.0670891  -0.154022  0.319583  0.108453  -0.0670891  0.108453  0.168081
0.315932  -0.154021  -0.0670721  -0.154021  0.319556  0.108428  -0.0670721  0.108428  0.168068
0.316058  -0.154177  -0.0667238  -0.154177  0.319478  0.108116  -0.0667238  0.108116  0.167857
0.316139  -0.154249  -0.0664655  -0.154249  0.319357  0.107863  -0.0664655  0.107863  0.1677
0.316147  -0.154263  -0.0664234  -0.154263  0.31935  0.107828  -0.0664234  0.107828  0.167677
0.316258  -0.1544  -0.066034  -0.1544  0.319245  0.107482  -0.066034  0.107482  0.167453
0.316259  -0.154389  -0.0659965  -0.154389  0.319205  0.10744  -0.0659965  0.10744  0.167431
0.316394  -0.154532  -0.0655934  -0.154532  0.319062  0.107061  -0.0655934  0.107061  0.167192
0.31649  -0.154626  -0.0653132  -0.154626  0.31895  0.106792  -0.0653132  0.106792  0.167026
0.316498  -0.15464  -0.0652711  -0.15464  0.318944  0.106758  -0.0652711  0.106758  0.167004
0.316611  -0.154739  -0.0648317  -0.154739  0.31874  0.106338  -0.0648317  0.106338  0.166753
0.31662  -0.154737  -0.0648147  -0.154737  0.318713  0.106313  -0.0648147  0.106313  0.16674
0.316758  -0.154842  -0.0643615  -0.154842  0.318471  0.10586  -0.0643615  0.10586  0.166476
0.316766  -0.154855  -0.0643194  -0.154855  0.318466  0.105827  -0.0643194  0.105827  0.166455
0.316891  -0.154914  -0.0638134  -0.154914  0.318136  0.105308  -0.0638134  0.105308  0.166166
0.316997  -0.154968  -0.0634663  -0.154968  0.317899  0.104941  -0.0634663  0.104941  0.165964
0.317005  -0.154982  -0.0634242  -0.154982  0.317893  0.104908  -0.0634242  0.104908  0.165943
0.317123  -0.155015  -0.0629233  -0.155015  0.317531  0.104383  -0.0629233  0.104383  0.165662
0.317131  -0.155028  -0.0628812  -0.155028  0.317525  0.10435  -0.0628812  0.10435  0.165641
0.317249  -0.15505  -0.0623433  -0.15505  0.317124  0.103785  -0.0623433  0.103785  0.165344
0.317334  -0.155062  -0.0618991  -0.155062  0.316807  0.103329  -0.0618991  0.103329  0.165107
0.317335  -0.155051  -0.0618619  -0.155051  0.316767  0.103288  -0.0618619  0.103288  0.165087
0.317422  -0.155044  -0.0612818  -0.155044  0.316352  0.1027  -0.0612818  0.1027  0.164787
0.317439  -0.15504  -0.0612477  -0.15504  0.3163  0.102652  -0.0612477  0.102652  0.164764
0.317519  -0.155012  -0.0606113  -0.155012  0.315834  0.102009  -0.0606113  0.102009  0.164444
0.317588  -0.155  -0.0601904  -0.155  0.315512  0.101574  -0.0601904  0.101574  0.164229
0.317581  -0.154979  -0.0601336  -0.154979  0.315458  0.101517  -0.0601336  0.101517  0.164203
0.317683  -0.154966  -0.0595215  -0.154966  0.314996  0.100887  -0.0595215  0.100887  0.163895
0.317677  -0.154945  -0.0594648  -0.154945  0.314943  0.10083  -0.0594648  0.10083  0.16387
0.317795  -0.154912  -0.0588441  -0.154912  0.31441  0.100164  -0.0588441  0.100164  0.163554
0.317849  -0.154853  -0.0583733  -0.154853  0.314004  0.0996694  -0.0583733  0.0996694  0.163326
0.317865  -0.154864  -0.0583144  -0.154864  0.313973  0.0996125  -0.0583144  0.0996125  0.163297
0.317937  -0.154784  -0.0576141  -0.154784  0.313402  0.0988939  -0.0576141  0.0988939  0.162968
0.31793  -0.154763  -0.0575579  -0.154763  0.313349  0.0988377  -0.0575579  0.0988377  0.162944
0.318008  -0.154691  -0.0568785  -0.154691  0.312794  0.0981388  -0.0568785  0.0981388  0.162629
0.318017  -0.154678  -0.0568249  -0.154678  0.312729  0.0980751  -0.0568249  0.0980751  0.162602
0.318079  -0.15459  -0.0560469  -0.15459  0.312131  0.0972995  -0.0560469  0.0972995  0.162259
0.318088  -0.154576  -0.0559934  -0.154576  0.312067  0.0972361  -0.0559934  0.0972361  0.162232
0.318143  -0.154459  -0.0552834  -0.154459  0.311456  0.0965058  -0.0552834  0.0965058  0.16192
0.318158  -0.15435  -0.0547208  -0.15435  0.310992  0.0959448  -0.0547208  0.0959448  0.161686
0.318166  -0.154336  -0.0546675  -0.154336  0.310927  0.095882  -0.0546675  0.095882  0.161661
0.318198  -0.15419  -0.0539031  -0.15419  0.310282  0.0951119  -0.0539031  0.0951119  0.161345
0.318206  -0.154176  -0.0538499  -0.154176  0.310218  0.0950494  -0.0538499  0.0950494  0.16132
0.318269  -0.154016  -0.0530801  -0.154016  0.309491  0.094238  -0.0530801  0.094238  0.160995
0.318305  -0.15391  -0.0525069  -0.15391  0.308995  0.0936552  -0.0525069  0.0936552  0.160764
0.318298  -0.153889  -0.0524519  -0.153889  0.308944  0.0936012  -0.0524519  0.0936012  0.160745
0.318337  -0.1537  -0.0516289  -0.1537  0.308184  0.0927525  -0.0516289  0.0927525  0.160419
0.31833  -0.153679  -0.0515742  -0.153679  0.308133  0.092699  -0.0515742  0.092699  0.1604
0.318368  -0.153501  -0.0507894  -0.153501  0.307415  0.0918941  -0.0507894  0.0918941  0.160098
0.318388  -0.15336  -0.0502074  -0.15336  0.306879  0.0912996  -0.0502074  0.0912996  0.15988
0.318381  -0.153339  -0.0501531  -0.153339  0.306829  0.0912467  -0.0501531  0.0912467  0.159862
0.318409  -0.153139  -0.0493181  -0.153139  0.306066  0.090398  -0.0493181  0.090398  0.159558
0.31841  -0.153115  -0.0492471  -0.153115  0.305991  0.0903228  -0.0492471  0.0903228  0.159532
0.318387  -0.152859  -0.0483803  -0.152859  0.305199  0.0894603  -0.0483803  0.0894603  0.159237
0.318406  -0.152705  -0.0477684  -0.152705  0.304633  0.0888398  -0.0477684  0.0888398  0.159026
0.318399  -0.152684  -0.0477147  -0.152684  0.304584  0.0887881  -0.0477147  0.0887881  0.15901
0.318456  -0.152479  -0.0469144  -0.152479  0.303785  0.0879478  -0.0469144  0.0879478  0.158727
0.318456  -0.152468  -0.0468792  -0.152468  0.303748  0.0879109  -0.0468792  0.0879109  0.158715
0.318468  -0.15222  -0.0460069  -0.15222  0.302918  0.0870269  -0.0460069  0.0870269  0.158432
0.318456  -0.152025  -0.0453866  -0.152025  0.302327  0.0864058  -0.0453866  0.0864058  0.15824
0.318457  -0.152001  -0.0453167  -0.152001  0.302254  0.086333  -0.0453167  0.086333  0.158218
0.318445  -0.151737  -0.0444306  -0.151737  0.301432  0.0854541  -0.0444306  0.0854541  0.157953
0.318445  -0.151713  -0.044361  -0.151713  0.301359  0.0853818  -0.044361  0.0853818  0.157932
0.318425  -0.15144  -0.0434606  -0.15144  0.300529  0.0844959  -0.0434606  0.0844959  0.157675
0.318398  -0.151213  -0.0428352  -0.151213  0.299903  0.0838685  -0.0428352  0.0838685  0.157501
0.318406  -0.151198  -0.0427839  -0.151198  0.299843  0.0838111  -0.0427839  0.0838111  0.157484
0.318413  -0.15096  -0.0419606  -0.15096  0.299068  0.0829916  -0.0419606  0.0829916  0.157257
0.318421  -0.150945  -0.0419094  -0.150945  0.299007  0.0829346  -0.0419094  0.0829346  0.15724
0.318429  -0.150656  -0.0410095  -0.150656  0.298108  0.0820237  -0.0410095  0.0820237  0.156997
0.318393  -0.150407  -0.0403392  -0.150407  0.297444  0.0813613  -0.0403392  0.0813613  0.156832
0.318393  -0.150383  -0.0402707  -0.150383  0.297373  0.0812915  -0.0402707  0.0812915  0.156814
0.318414  -0.15011  -0.0394118  -0.15011  0.296505  0.0804198  -0.0394118  0.0804198  0.156594
0.318414  -0.150086  -0.0393436  -0.150086  0.296434  0.0803506  -0.0393436  0.0803506  0.156577
0.318383  -0.149788  -0.0384686  -0.149788  0.295598  0.0794968  -0.0384686  0.0794968  0.156378
0.318339  -0.149542  -0.0378228  -0.149542  0.294968  0.0788702  -0.0378228  0.0788702  0.156241
0.318339  -0.149518  -0.0377551  -0.149518  0.294898  0.0788019  -0.0377551  0.0788019  0.156226
0.318272  -0.149201  -0.0368685  -0.149201  0.294085  0.0779632  -0.0368685  0.0779632  0.156052
0.318235  -0.148964  -0.0362449  -0.148964  0.293473  0.0773585  -0.0362449  0.0773585  0.15593
0.318235  -0.14894  -0.0361777  -0.14894  0.293403  0.0772911  -0.0361777  0.0772911  0.155916
0.318182  -0.148578  -0.0352212  -0.148578  0.292461  0.0763639  -0.0352212  0.0763639  0.155736
0.318182  -0.148553  -0.0351543  -0.148553  0.292392  0.0762972  -0.0351543  0.0762972  0.155723
0.31815  -0.148229  -0.0342862  -0.148229  0.291522  0.0754492  -0.0342862  0.0754492  0.155565
0.318156  -0.148213  -0.0342363  -0.148213  0.291464  0.0753955  -0.0342363  0.0753955  0.155554
0.31809  -0.147844  -0.0333447  -0.147844  0.29056  0.0745334  -0.0333447  0.0745334  0.155409
0.31809  -0.14782  -0.0332784  -0.14782  0.290491  0.0744677  -0.0332784  0.0744677  0.155397
0.318021  -0.147441  -0.0323023  -0.147441  0.289546  0.0735405  -0.0323023  0.0735405  0.155253
0.31802  -0.147417  -0.0322363  -0.147417  0.289478  0.0734755  -0.0322363  0.0734755  0.155242
0.318002  -0.147095  -0.0314359  -0.147095  0.288624  0.0726817  -0.0314359  0.0726817  0.155117
0.317969  -0.146868  -0.0308451  -0.146868  0.288044  0.0721186  -0.0308451  0.0721186  0.155038
0.317976  -0.146852  -0.0307959  -0.146852  0.287987  0.0720664  -0.0307959  0.0720664  0.155029
0.317933  -0.146507  -0.0298967  -0.146507  0.287098  0.071208  -0.0298967  0.071208  0.154916
0.317932  -0.146483  -0.0298314  -0.146483  0.287031  0.0711443  -0.0298314  0.0711443  0.154907
