0.303527  -0.131912  -0.0492577  -0.131912  0.294954  0.0910808  -0.0492577  0.0910808  0.163165
0.303527  -0.131912  -0.0492577  -0.131912  0.294954  0.0910808  -0.0492577  0.0910808  0.163165
0.303558  -0.131287  -0.0496579  -0.131287  0.293897  0.0908897  -0.0496579  0.0908897  0.163188
0.303563  -0.131186  -0.0497093  -0.131186  0.29372  0.0908478  -0.0497093  0.0908478  0.163188
0.303482  -0.129746  -0.0501856  -0.129746  0.291474  0.0902528  -0.0501856  0.0902528  0.163188
0.303479  -0.129659  -0.0501601  -0.129659  0.291312  0.090172  -0.0501601  0.090172  0.163169
0.303312  -0.128212  -0.0498123  -0.128212  0.288945  0.0890485  -0.0498123  0.0890485  0.162948
0.303167  -0.126444  -0.0499548  -0.126444  0.286187  0.0880391  -0.0499548  0.0880391  0.162836
0.303159  -0.126281  -0.0500031  -0.126281  0.285936  0.0879653  -0.0500031  0.0879653  0.162834
0.302897  -0.123784  -0.0499581  -0.123784  0.282149  0.0864331  -0.0499581  0.0864331  0.162638
0.30288  -0.123632  -0.0499147  -0.123632  0.281907  0.0863112  -0.0499147  0.0863112  0.162614
0.302539  -0.121275  -0.0492825  -0.121275  0.278397  0.0845683  -0.0492825  0.0845683  0.16231
0.302291  -0.119565  -0.0488617  -0.119565  0.275918  0.0833476  -0.0488617  0.0833476  0.162114
0.302267  -0.119426  -0.0487971  -0.119426  0.275715  0.0832318  -0.0487971  0.0832318  0.162091
0.301893  -0.117445  -0.047851  -0.117445  0.272924  0.0816259  -0.047851  0.0816259  0.161799
0.301873  -0.117327  -0.0477828  -0.117327  0.272749  0.0815192  -0.0477828  0.0815192  0.161777
0.301423  -0.11536  -0.0468617  -0.11536  0.270252  0.08008  -0.0468617  0.08008  0.161578
0.30115  -0.114275  -0.0461426  -0.114275  0.268891  0.0791925  -0.0461426  0.0791925  0.161443
0.301125  -0.114169  -0.0460552  -0.114169  0.268748  0.0790918  -0.0460552  0.0790918  0.161424
0.300747  -0.112717  -0.0447909  -0.112717  0.266898  0.0777463  -0.0447909  0.0777463  0.161206
0.300726  -0.112618  -0.0447202  -0.112618  0.266767  0.0776589  -0.0447202  0.0776589  0.161192
0.300418  -0.111208  -0.0438509  -0.111208  0.265021  0.0765465  -0.0438509  0.0765465  0.161063
0.300214  -0.110406  -0.043038  -0.110406  0.264013  0.0757591  -0.043038  0.0757591  0.160953
0.30019  -0.110319  -0.0429489  -0.110319  0.26391  0.0756772  -0.0429489  0.0756772  0.160944
0.299961  -0.109216  -0.0420796  -0.109216  0.262519  0.0747059  -0.0420796  0.0747059  0.160834
0.299942  -0.109127  -0.04204  -0.109127  0.262423  0.0746503  -0.04204  0.0746503  0.160833
0.29975  -0.108064  -0.0414271  -0.108064  0.261126  0.073839  -0.0414271  0.073839  0.160771
0.299739  -0.107996  -0.0413842  -0.107996  0.261039  0.0737829  -0.0413842  0.0737829  0.160766
0.299594  -0.107256  -0.0407969  -0.107256  0.260137  0.0731459  -0.0407969  0.0731459  0.160714
0.299518  -0.106696  -0.0405577  -0.106696  0.25944  0.0727464  -0.0405577  0.0727464  0.160689
0.299513  -0.106655  -0.040539  -0.106655  0.259388  0.0727162  -0.040539  0.0727162  0.160687
0.299425  -0.105998  -0.0401473  -0.105998  0.258543  0.0721819  -0.0401473  0.0721819  0.160643
0.299418  -0.105952  -0.0401146  -0.105952  0.258485  0.0721425  -0.0401146  0.0721425  0.16064
0.299351  -0.105408  -0.039726  -0.105408  0.257761  0.0716581  -0.039726  0.0716581  0.160594
0.29931  -0.105029  -0.0395801  -0.105029  0.257283  0.0713894  -0.0395801  0.0713894  0.160579
0.299312  -0.105007  -0.0395577  -0.105007  0.257239  0.0713584  -0.0395577  0.0713584  0.160572
0.299277  -0.104682  -0.0392321  -0.104682  0.256768  0.071007  -0.0392321  0.071007  0.16053
0.29928  -0.104676  -0.0392051  -0.104676  0.256741  0.0709816  -0.0392051  0.0709816  0.160522
0.299271  -0.104364  -0.0389441  -0.104364  0.256236  0.0706369  -0.0389441  0.0706369  0.160469
0.299279  -0.10421  -0.0388019  -0.10421  0.255947  0.0704391  -0.0388019  0.0704391  0.16043
0.299281  -0.104188  -0.0387798  -0.104188  0.255903  0.0704086  -0.0387798  0.0704086  0.160424
0.299316  -0.104051  -0.0384764  -0.104051  0.255506  0.0700787  -0.0384764  0.0700787  0.160339
0.29932  -0.104049  -0.0384633  -0.104049  0.255487  0.0700628  -0.0384633  0.0700628  0.160333
0.29938  -0.103916  -0.0382554  -0.103916  0.255051  0.0697513  -0.0382554  0.0697513  0.160239
0.299432  -0.103886  -0.0380712  -0.103886  0.254796  0.0695355  -0.0380712  0.0695355  0.160164
0.299436  -0.103884  -0.0380581  -0.103884  0.254777  0.0695196  -0.0380581  0.0695196  0.160158
0.29952  -0.103869  -0.0378185  -0.103869  0.254428  0.0692255  -0.0378185  0.0692255  0.160047
0.29953  -0.103869  -0.037806  -0.103869  0.254397  0.0692029  -0.037806  0.0692029  0.160037
0.299626  -0.103862  -0.0375811  -0.103862  0.254032  0.0689048  -0.0375811  0.0689048  0.159918
0.2997  -0.103895  -0.0374114  -0.103895  0.253809  0.0687032  -0.0374114  0.0687032  0.159832
0.299709  -0.103895  -0.0373989  -0.103895  0.253778  0.0686806  -0.0373989  0.0686806  0.159821
0.299821  -0.103917  -0.0371971  -0.103917  0.253422  0.0683927  -0.0371971  0.0683927  0.159696
0.299824  -0.10391  -0.0371702  -0.10391  0.253396  0.068368  -0.0371702  0.068368  0.15969
0.299935  -0.103962  -0.0368987  -0.103962  0.253064  0.0680598  -0.0368987  0.0680598  0.159561
0.300018  -0.103989  -0.0367018  -0.103989  0.252804  0.0678274  -0.0367018  0.0678274  0.159465
0.300028  -0.104005  -0.0366843  -0.104005  0.25279  0.0678099  -0.0366843  0.0678099  0.159455
0.300151  -0.104048  -0.0364314  -0.104048  0.252425  0.0674926  -0.0364314  0.0674926  0.15932
0.300161  -0.104059  -0.0364002  -0.104059  0.252404  0.0674662  -0.0364002  0.0674662  0.159309
0.300277  -0.104118  -0.0360955  -0.104118  0.252065  0.0671395  -0.0360955  0.0671395  0.159177
0.300288  -0.104134  -0.0360779  -0.104134  0.252052  0.067122  -0.0360779  0.067122  0.159167
0.300413  -0.104203  -0.0358596  -0.104203  0.251737  0.0668436  -0.0358596  0.0668436  0.15904
0.300493  -0.104258  -0.0357102  -0.104258  0.251547  0.066666  -0.0357102  0.066666  0.158959
0.300497  -0.104256  -0.0356969  -0.104256  0.251529  0.0666503  -0.0356969  0.0666503  0.158954
0.300621  -0.104369  -0.0355217  -0.104369  0.251301  0.0664308  -0.0355217  0.0664308  0.158838
0.300633  -0.104385  -0.0355039  -0.104385  0.251287  0.0664133  -0.0355039  0.0664133  0.158828
0.300747  -0.10451  -0.0353816  -0.10451  0.251123  0.0662493  -0.0353816  0.0662493  0.158729
0.300832  -0.104585  -0.0352992  -0.104585  0.250979  0.0661223  -0.0352992  0.0661223  0.158656
0.300843  -0.104601  -0.0352813  -0.104601  0.250966  0.0661047  -0.0352813  0.0661047  0.158646
0.300959  -0.104714  -0.0351769  -0.104714  0.250791  0.0659444  -0.0351769  0.0659444  0.158548
0.300969  -0.104713  -0.0351639  -0.104713  0.25076  0.0659219  -0.0351639  0.0659219  0.158539
0.301065  -0.104799  -0.0350492  -0.104799  0.250597  0.0657684  -0.0350492  0.0657684  0.158455
0.301123  -0.104839  -0.0349422  -0.104839  0.25047  0.0656462  -0.0349422  0.0656462  0.158401
0.301129  -0.104841  -0.0349425  -0.104841  0.250458  0.0656393  -0.0349425  0.0656393  0.158396
0.301188  -0.104847  -0.0347726  -0.104847  0.250256  0.0654549  -0.0347726  0.0654549  0.158331
0.301193  -0.104844  -0.0347592  -0.104844  0.250237  0.0654393  -0.0347592  0.0654393  0.158327
0.301227  -0.104813  -0.0345523  -0.104813  0.250034  0.0652447  -0.0345523  0.0652447  0.158276
0.301243  -0.104775  -0.0344039  -0.104775  0.249888  0.0651079  -0.0344039  0.0651079  0.158245
0.30124  -0.104766  -0.0343766  -0.104766  0.249874  0.0650905  -0.0343766  0.0650905  0.158245
0.301242  -0.104668  -0.0341566  -0.104668  0.249653  0.0648925  -0.0341566  0.0648925  0.158214
0.301246  -0.104666  -0.0341432  -0.104666  0.249634  0.064877  -0.0341432  0.064877  0.158209
0.301231  -0.104527  -0.0339194  -0.104527  0.249396  0.0646752  -0.0339194  0.0646752  0.15819
0.30122  -0.104425  -0.0337586  -0.104425  0.249221  0.0645286  -0.0337586  0.0645286  0.158176
0.301219  -0.104421  -0.033745  -0.104421  0.249214  0.06452  -0.033745  0.06452  0.158176
0.301193  -0.104243  -0.0335182  -0.104243  0.248948  0.0643084  -0.0335182  0.0643084  0.158163
0.30119  -0.104223  -0.0335097  -0.104223  0.248924  0.0642952  -0.0335097  0.0642952  0.158163
0.301158  -0.104032  -0.0333017  -0.104032  0.248659  0.0640953  -0.0333017  0.0640953  0.158156
0.301134  -0.103871  -0.0331884  -0.103871  0.248454  0.0639624  -0.0331884  0.0639624  0.158154
0.301129  -0.103846  -0.0331664  -0.103846  0.248423  0.0639408  -0.0331664  0.0639408  0.158155
0.301094  -0.103647  -0.0329911  -0.103647  0.248169  0.0637614  -0.0329911  0.0637614  0.158154
0.301091  -0.103626  -0.0329826  -0.103626  0.248145  0.0637483  -0.0329826  0.0637483  0.158154
0.301052  -0.103391  -0.0328043  -0.103391  0.24785  0.063552  -0.0328043  0.063552  0.158155
0.30102  -0.10322  -0.0326649  -0.10322  0.247646  0.0634107  -0.0326649  0.0634107  0.158159
0.301016  -0.1032  -0.0326565  -0.1032  0.247623  0.0633977  -0.0326565  0.0633977  0.15816
0.300968  -0.102962  -0.0324788  -0.102962  0.247354  0.0632165  -0.0324788  0.0632165  0.158171
0.300963  -0.102937  -0.0324571  -0.102937  0.247324  0.0631952  -0.0324571  0.0631952  0.158172
0.300912  -0.10268  -0.0322717  -0.10268  0.247034  0.063002  -0.0322717  0.063002  0.158185
0.300878  -0.10249  -0.0321253  -0.10249  0.246809  0.0628496  -0.0321253  0.0628496  0.158191
0.300875  -0.10247  -0.032117  -0.10247  0.246786  0.0628368  -0.032117  0.0628368  0.158192
0.300827  -0.102241  -0.0319096  -0.102241  0.246526  0.062646  -0.0319096  0.062646  0.158206
0.300823  -0.102216  -0.0318881  -0.102216  0.246496  0.0626251  -0.0318881  0.0626251  0.158207
0.300783  -0.101995  -0.0316947  -0.101995  0.246231  0.0624367  -0.0316947  0.0624367  0.158216
0.300749  -0.101829  -0.031571  -0.101829  0.246051  0.0623139  -0.031571  0.0623139  0.158228
0.300748  -0.101825  -0.0315579  -0.101825  0.246045  0.0623057  -0.0315579  0.0623057  0.158229
0.300713  -0.101617  -0.031405  -0.101617  0.245801  0.0621432  -0.031405  0.0621432  0.158238
0.30071  -0.101597  -0.0313968  -0.101597  0.245778  0.0621306  -0.0313968  0.0621306  0.158239
0.300686  -0.101416  -0.0312657  -0.101416  0.245552  0.0619826  -0.0312657  0.0619826  0.158243
0.300664  -0.101282  -0.0311773  -0.101282  0.245397  0.061883  -0.0311773  0.061883  0.15825
0.300663  -0.101278  -0.0311642  -0.101278  0.245391  0.061875  -0.0311642  0.061875  0.158251
0.30064  -0.101102  -0.0310467  -0.101102  0.245172  0.0617358  -0.0310467  0.0617358  0.158255
0.300639  -0.101097  -0.0310336  -0.101097  0.245166  0.0617278  -0.0310336  0.0617278  0.158255
0.300614  -0.10094  -0.0309244  -0.10094  0.244983  0.0616083  -0.0309244  0.0616083  0.158264
0.300603  -0.100844  -0.0308398  -0.100844  0.244856  0.0615197  -0.0308398  0.0615197  0.158265
0.300601  -0.10084  -0.0308268  -0.10084  0.24485  0.0615117  -0.0308268  0.0615117  0.158266
0.300583  -0.100712  -0.0306951  -0.100712  0.244683  0.061387  -0.0306951  0.061387  0.15827
0.300581  -0.100692  -0.030687  -0.100692  0.24466  0.0613746  -0.030687  0.0613746  0.158271
0.300571  -0.100585  -0.0305637  -0.100585  0.244504  0.0612559  -0.0305637  0.0612559  0.158271
0.300562  -0.10051  -0.0304875  -0.10051  0.2444  0.0611803  -0.0304875  0.0611803  0.158272
0.300561  -0.100506  -0.0304746  -0.100506  0.244394  0.0611723  -0.0304746  0.0611723  0.158272
0.300558  -0.100406  -0.0303645  -0.100406  0.244232  0.0610553  -0.0303645  0.0610553  0.158266
0.300558  -0.100406  -0.0303645  -0.100406  0.244232  0.0610553  -0.0303645  0.0610553  0.158266
0.300555  -0.100321  -0.0302497  -0.100321  0.244087  0.0609429  -0.0302497  0.0609429  0.158261
0.300555  -0.100267  -0.0301818  -0.100267  0.243995  0.0608733  -0.0301818  0.0608733  0.158256
0.300555  -0.100267  -0.0301818  -0.100267  0.243995  0.0608733  -0.0301818  0.0608733  0.158256
0.300558  -0.100223  -0.0300832  -0.100223  0.243894  0.0607858  -0.0300832  0.0607858  0.158249
0.300563  -0.100224  -0.0300831  -0.100224  0.243882  0.060779  -0.0300831  0.060779  0.158244
0.300567  -0.100184  -0.0299975  -0.100184  0.243788  0.0606995  -0.0299975  0.0606995  0.158236
0.300575  -0.100156  -0.0299506  -0.100156  0.243712  0.0606435  -0.0299506  0.0606435  0.158226
0.300574  -0.100152  -0.0299377  -0.100152  0.243706  0.0606357  -0.0299377  0.0606357  0.158226
0.300587  -0.100137  -0.029873  -0.100137  0.243629  0.0605696  -0.029873  0.0605696  0.158212
0.300586  -0.100133  -0.0298601  -0.100133  0.243623  0.0605617  -0.0298601  0.0605617  0.158213
0.300599  -0.100118  -0.0297953  -0.100118  0.243545  0.0604957  -0.0297953  0.0604957  0.158198
0.30061  -0.10011  -0.0297565  -0.10011  0.243491  0.060452  -0.0297565  0.060452  0.158187
0.300609  -0.100106  -0.0297436  -0.100106  0.243485  0.0604442  -0.0297436  0.0604442  0.158188
0.300628  -0.100108  -0.0296739  -0.100108  0.243412  0.0603759  -0.0296739  0.0603759  0.158168
0.300628  -0.100108  -0.0296739  -0.100108  0.243412  0.0603759  -0.0296739  0.0603759  0.158168
0.300643  -0.100109  -0.0296042  -0.100109  0.243351  0.0603142  -0.0296042  0.0603142  0.158154
0.300653  -0.100101  -0.0295653  -0.100101  0.243297  0.0602707  -0.0295653  0.0602707  0.158142
0.300652  -0.100097  -0.0295524  -0.100097  0.243291  0.0602629  -0.0295524  0.0602629  0.158143
0.300668  -0.100102  -0.0294956  -0.100102  0.243236  0.0602091  -0.0294956  0.0602091  0.158128
0.300673  -0.100103  -0.0294956  -0.100103  0.243224  0.0602024  -0.0294956  0.0602024  0.158123
0.300682  -0.100102  -0.029426  -0.100102  0.243175  0.0601476  -0.029426  0.0601476  0.158114
0.300695  -0.10011  -0.0293821  -0.10011  0.243137  0.0601083  -0.0293821  0.0601083  0.158102
0.300695  -0.10011  -0.0293821  -0.10011  0.243137  0.0601083  -0.0293821  0.0601083  0.158102
0.300704  -0.100098  -0.0293304  -0.100098  0.243078  0.060057  -0.0293304  0.060057  0.158092
0.300704  -0.100098  -0.0293304  -0.100098  0.243078  0.060057  -0.0293304  0.060057  0.158092
0.300715  -0.100101  -0.0292736  -0.100101  0.243034  0.0600101  -0.0292736  0.0600101  0.158082
0.300721  -0.100091  -0.0292349  -0.100091  0.242993  0.0599733  -0.0292349  0.0599733  0.158075
0.30072  -0.100087  -0.029222  -0.100087  0.242987  0.0599655  -0.029222  0.0599655  0.158076
0.300729  -0.100075  -0.0291703  -0.100075  0.242927  0.0599143  -0.0291703  0.0599143  0.158066
0.300729  -0.100075  -0.0291703  -0.100075  0.242927  0.0599143  -0.0291703  0.0599143  0.158066
0.300732  -0.100057  -0.0291058  -0.100057  0.242874  0.0598621  -0.0291058  0.0598621  0.158062
0.300732  -0.10003  -0.0290721  -0.10003  0.242828  0.0598278  -0.0290721  0.0598278  0.15806
0.300737  -0.100031  -0.029072  -0.100031  0.242816  0.0598211  -0.029072  0.0598211  0.158055
0.300737  -0.100016  -0.0290205  -0.100016  0.24278  0.0597834  -0.0290205  0.0597834  0.158055
0.300735  -0.100012  -0.0290076  -0.100012  0.242774  0.0597757  -0.0290076  0.0597757  0.158056
0.300738  -0.0999822  -0.028961  -0.0999822  0.242711  0.059727  -0.028961  0.059727  0.158051
0.300738  -0.0999554  -0.0289274  -0.0999554  0.242665  0.0596928  -0.0289274  0.0596928  0.158049
0.300738  -0.0999554  -0.0289274  -0.0999554  0.242665  0.0596928  -0.0289274  0.0596928  0.158049
0.300735  -0.0999201  -0.0288681  -0.0999201  0.242607  0.0596432  -0.0288681  0.0596432  0.15805
0.300734  -0.0999159  -0.0288553  -0.0999159  0.242601  0.0596355  -0.0288553  0.0596355  0.158051
0.300732  -0.0998849  -0.0288089  -0.0998849  0.24255  0.0595937  -0.0288089  0.0595937  0.158051
0.300732  -0.0998696  -0.0287575  -0.0998696  0.242514  0.0595561  -0.0287575  0.0595561  0.15805
0.300732  -0.0998696  -0.0287575  -0.0998696  0.242514  0.0595561  -0.0287575  0.0595561  0.15805
0.300735  -0.09984  -0.028711  -0.09984  0.242451  0.0595077  -0.028711  0.0595077  0.158046
0.300734  -0.0998358  -0.0286982  -0.0998358  0.242445  0.0595  -0.0286982  0.0595  0.158047
0.300737  -0.0998063  -0.0286517  -0.0998063  0.242381  0.0594515  -0.0286517  0.0594515  0.158042
0.300736  -0.0997795  -0.0286181  -0.0997795  0.242336  0.0594175  -0.0286181  0.0594175  0.158041
0.300736  -0.0997795  -0.0286181  -0.0997795  0.242336  0.0594175  -0.0286181  0.0594175  0.158041
0.30074  -0.0997499  -0.0285717  -0.0997499  0.242272  0.0593692  -0.0285717  0.0593692  0.158036
0.30074  -0.0997499  -0.0285717  -0.0997499  0.242272  0.0593692  -0.0285717  0.0593692  0.158036
0.300743  -0.0997204  -0.0285252  -0.0997204  0.242209  0.0593208  -0.0285252  0.0593208  0.158031
0.300748  -0.0996992  -0.0285044  -0.0996992  0.242158  0.0592879  -0.0285044  0.0592879  0.158024
0.300747  -0.099695  -0.0284916  -0.099695  0.242152  0.0592802  -0.0284916  0.0592802  0.158025
0.30075  -0.0996655  -0.0284452  -0.0996655  0.242089  0.0592319  -0.0284452  0.0592319  0.158021
0.30075  -0.0996655  -0.0284452  -0.0996655  0.242089  0.0592319  -0.0284452  0.0592319  0.158021
0.300758  -0.0996374  -0.0283986  -0.0996374  0.242014  0.059177  -0.0283986  0.059177  0.158012
0.300759  -0.0996148  -0.0283779  -0.0996148  0.241974  0.0591508  -0.0283779  0.0591508  0.158009
0.300758  -0.0996106  -0.0283651  -0.0996106  0.241968  0.0591432  -0.0283651  0.0591432  0.15801
0.300766  -0.0995825  -0.0283186  -0.0995825  0.241893  0.0590883  -0.0283186  0.0590883  0.158001
0.300766  -0.0995825  -0.0283186  -0.0995825  0.241893  0.0590883  -0.0283186  0.0590883  0.158001
0.300773  -0.0995543  -0.028272  -0.0995543  0.241818  0.0590335  -0.028272  0.0590335  0.157992
0.300778  -0.0995404  -0.0282207  -0.0995404  0.241771  0.0589895  -0.0282207  0.0589895  0.157987
0.300778  -0.0995404  -0.0282207  -0.0995404  0.241771  0.0589895  -0.0282207  0.0589895  0.157987
0.300785  -0.0995081  -0.0281614  -0.0995081  0.24169  0.0589272  -0.0281614  0.0589272  0.15798
0.300783  -0.0994925  -0.0281664  -0.0994925  0.241674  0.058923  -0.0281664  0.058923  0.15798
0.300791  -0.0994758  -0.0281022  -0.0994758  0.24161  0.0588648  -0.0281022  0.0588648  0.157972
0.300791  -0.0994758  -0.0281022  -0.0994758  0.24161  0.0588648  -0.0281022  0.0588648  0.157972
0.300802  -0.0994333  -0.0280605  -0.0994333  0.241507  0.0587993  -0.0280605  0.0587993  0.157958
0.300807  -0.0994194  -0.0280092  -0.0994194  0.24146  0.0587555  -0.0280092  0.0587555  0.157954
0.300807  -0.0994194  -0.0280092  -0.0994194  0.24146  0.0587555  -0.0280092  0.0587555  0.157954
0.300813  -0.099387  -0.02795  -0.099387  0.24138  0.0586933  -0.02795  0.0586933  0.157946
0.300818  -0.0993884  -0.0279498  -0.0993884  0.241368  0.0586866  -0.0279498  0.0586866  0.157941
0.300826  -0.0993602  -0.0279034  -0.0993602  0.241293  0.0586321  -0.0279034  0.0586321  0.157933
0.300835  -0.0993476  -0.0278519  -0.0993476  0.241234  0.0585817  -0.0278519  0.0585817  0.157924
0.300835  -0.0993476  -0.0278519  -0.0993476  0.241234  0.0585817  -0.0278519  0.0585817  0.157924
0.300848  -0.0993208  -0.0278052  -0.0993208  0.241148  0.0585205  -0.0278052  0.0585205  0.15791
0.300846  -0.0993166  -0.0277925  -0.0993166  0.241142  0.0585129  -0.0277925  0.0585129  0.157911
0.300859  -0.0993012  -0.0277282  -0.0993012  0.241066  0.0584484  -0.0277282  0.0584484  0.157899
0.300863  -0.0992757  -0.0276946  -0.0992757  0.241009  0.0584082  -0.0276946  0.0584082  0.157894
0.300867  -0.0992729  -0.0276817  -0.0992729  0.240991  0.058394  -0.0276817  0.058394  0.15789
0.300875  -0.0992561  -0.0276176  -0.0992561  0.240927  0.0583362  -0.0276176  0.0583362  0.157883
0.300875  -0.0992561  -0.0276176  -0.0992561  0.240927  0.0583362  -0.0276176  0.0583362  0.157883
0.300883  -0.0992393  -0.0275535  -0.0992393  0.240863  0.0582784  -0.0275535  0.0582784  0.157875
0.300887  -0.0992138  -0.02752  -0.0992138  0.240806  0.0582383  -0.02752  0.0582383  0.15787
0.300886  -0.0992096  -0.0275073  -0.0992096  0.2408  0.0582308  -0.0275073  0.0582308  0.157872
0.300889  -0.0991915  -0.0274434  -0.0991915  0.240747  0.0581798  -0.0274434  0.0581798  0.157869
0.300892  -0.0991886  -0.0274305  -0.0991886  0.24073  0.0581656  -0.0274305  0.0581656  0.157866
0.300894  -0.0991548  -0.0273717  -0.0991548  0.240662  0.0581106  -0.0273717  0.0581106  0.157863
0.300892  -0.0991353  -0.0273082  -0.0991353  0.240621  0.0580664  -0.0273082  0.0580664  0.157865
0.300892  -0.0991353  -0.0273082  -0.0991353  0.240621  0.0580664  -0.0273082  0.0580664  0.157865
0.300892  -0.0990931  -0.0272241  -0.0990931  0.240541  0.0579965  -0.0272241  0.0579965  0.157866
0.300892  -0.0990931  -0.0272241  -0.0990931  0.240541  0.0579965  -0.0272241  0.0579965  0.157866
0.300891  -0.0990396  -0.0271578  -0.0990396  0.240452  0.05793  -0.0271578  0.05793  0.157865
0.30089  -0.0990242  -0.027107  -0.0990242  0.240417  0.0578935  -0.027107  0.0578935  0.157866
0.300888  -0.0990045  -0.0270993  -0.0990045  0.240395  0.0578819  -0.0270993  0.0578819  0.157868
0.300888  -0.0989665  -0.0270281  -0.0989665  0.240322  0.0578197  -0.0270281  0.0578197  0.157867
0.30088  -0.0989302  -0.02697  -0.0989302  0.240277  0.0577784  -0.02697  0.0577784  0.157874
0.300884  -0.0989273  -0.0269571  -0.0989273  0.24026  0.0577642  -0.0269571  0.0577642  0.157871
0.300871  -0.0988629  -0.0268663  -0.0988629  0.240183  0.0576966  -0.0268663  0.0576966  0.157883
0.300876  -0.0988642  -0.026866  -0.0988642  0.240171  0.0576899  -0.026866  0.0576899  0.157878
0.300862  -0.0987843  -0.0267803  -0.0987843  0.240078  0.0576183  -0.0267803  0.0576183  0.157891
0.300858  -0.0987452  -0.0267095  -0.0987452  0.240016  0.0575631  -0.0267095  0.0575631  0.157895
0.300856  -0.098741  -0.026697  -0.098741  0.240011  0.0575557  -0.026697  0.0575557  0.157897
0.300843  -0.0986613  -0.0266114  -0.0986613  0.239918  0.0574844  -0.0266114  0.0574844  0.157909
0.300841  -0.0986571  -0.0265989  -0.0986571  0.239913  0.057477  -0.0265989  0.057477  0.157911
0.30083  -0.0985705  -0.0264881  -0.0985705  0.239797  0.0573844  -0.0264881  0.0573844  0.157922
0.30083  -0.0985705  -0.0264881  -0.0985705  0.239797  0.0573844  -0.0264881  0.0573844  0.157922
0.300816  -0.0985023  -0.0263853  -0.0985023  0.239715  0.05731  -0.0263853  0.05731  0.157936
0.300805  -0.0984424  -0.0263076  -0.0984424  0.239644  0.0572505  -0.0263076  0.0572505  0.157948
0.300804  -0.0984383  -0.0262951  -0.0984383  0.239639  0.0572432  -0.0262951  0.0572432  0.157949
0.30079  -0.0983547  -0.0261976  -0.0983547  0.239541  0.0571651  -0.0261976  0.0571651  0.157964
0.300787  -0.0983351  -0.0261901  -0.0983351  0.23952  0.0571538  -0.0261901  0.0571538  0.157966
0.300776  -0.0982488  -0.0260799  -0.0982488  0.239406  0.0570619  -0.0260799  0.0570619  0.157978
0.300765  -0.0981892  -0.0260026  -0.0981892  0.239335  0.0570028  -0.0260026  0.0570028  0.157989
0.300764  -0.0981851  -0.0259901  -0.0981851  0.23933  0.0569955  -0.0259901  0.0569955  0.157991
0.300749  -0.0980863  -0.025898  -0.0980863  0.239217  0.056914  -0.025898  0.056914  0.158007
0.300748  -0.0980823  -0.0258856  -0.0980823  0.239212  0.0569067  -0.0258856  0.0569067  0.158008
0.300731  -0.0979796  -0.0257812  -0.0979796  0.239094  0.0568181  -0.0257812  0.0568181  0.158026
0.300719  -0.0979047  -0.0257092  -0.0979047  0.239009  0.0567554  -0.0257092  0.0567554  0.158038
0.300718  -0.0979006  -0.0256968  -0.0979006  0.239003  0.0567482  -0.0256968  0.0567482  0.15804
0.300701  -0.0977941  -0.0255803  -0.0977941  0.238881  0.0566528  -0.0255803  0.0566528  0.158059
0.3007  -0.0977787  -0.0255853  -0.0977787  0.238865  0.0566488  -0.0255853  0.0566488  0.158059
0.300679  -0.0976825  -0.0254519  -0.0976825  0.238765  0.056557  -0.0254519  0.056557  0.158086
0.300667  -0.0976039  -0.0253679  -0.0976039  0.238674  0.0564876  -0.0253679  0.0564876  0.1581
0.300665  -0.0975998  -0.0253556  -0.0975998  0.238669  0.0564804  -0.0253556  0.0564804  0.158102
0.300649  -0.0974938  -0.0252397  -0.0974938  0.238547  0.0563857  -0.0252397  0.0563857  0.158122
0.300649  -0.0974938  -0.0252397  -0.0974938  0.238547  0.0563857  -0.0252397  0.0563857  0.158122
0.300633  -0.0973992  -0.0251066  -0.0973992  0.238435  0.056288  -0.0251066  0.056288  0.158145
0.300621  -0.0973209  -0.025023  -0.0973209  0.238346  0.0562191  -0.025023  0.0562191  0.15816
0.300619  -0.0973015  -0.0250157  -0.0973015  0.238325  0.056208  -0.0250157  0.056208  0.158162
0.300602  -0.0971918  -0.0248881  -0.0971918  0.238198  0.0561069  -0.0248881  0.0561069  0.158185
0.300601  -0.0971878  -0.0248758  -0.0971878  0.238193  0.0560998  -0.0248758  0.0560998  0.158187
0.300584  -0.0970783  -0.0247484  -0.0970783  0.238067  0.055999  -0.0247484  0.055999  0.158211
0.30057  -0.096981  -0.024658  -0.096981  0.237957  0.0559197  -0.024658  0.0559197  0.158229
0.30057  -0.096977  -0.0246458  -0.096977  0.237952  0.0559126  -0.0246458  0.0559126  0.158231
0.300551  -0.0968486  -0.0245116  -0.0968486  0.237806  0.0558014  -0.0245116  0.0558014  0.158257
0.30055  -0.0968446  -0.0244994  -0.0968446  0.2378  0.0557944  -0.0244994  0.0557944  0.158259
0.300531  -0.0967124  -0.0243533  -0.0967124  0.237649  0.0556765  -0.0243533  0.0556765  0.158287
0.300519  -0.0966308  -0.0242584  -0.0966308  0.237556  0.0556018  -0.0242584  0.0556018  0.158306
0.300519  -0.0966268  -0.0242462  -0.0966268  0.237551  0.0555948  -0.0242462  0.0555948  0.158308
0.300497  -0.0964979  -0.0241133  -0.0964979  0.237417  0.0554912  -0.0241133  0.0554912  0.15834
0.300495  -0.0964787  -0.0241061  -0.0964787  0.237397  0.0554803  -0.0241061  0.0554803  0.158342
0.300476  -0.0963692  -0.0239806  -0.0963692  0.237285  0.0553879  -0.0239806  0.0553879  0.158372
0.300463  -0.0962689  -0.0238792  -0.0962689  0.237172  0.0553031  -0.0238792  0.0553031  0.158394
0.300462  -0.0962649  -0.0238671  -0.0962649  0.237166  0.0552961  -0.0238671  0.0552961  0.158396
0.30044  -0.0961215  -0.0237399  -0.0961215  0.237019  0.0551897  -0.0237399  0.0551897  0.158429
0.300439  -0.0961175  -0.0237278  -0.0961175  0.237014  0.0551827  -0.0237278  0.0551827  0.158431
0.300419  -0.0959856  -0.0235839  -0.0959856  0.236877  0.0550736  -0.0235839  0.0550736  0.158467
0.300418  -0.0959817  -0.0235718  -0.0959817  0.236872  0.0550667  -0.0235718  0.0550667  0.158469
0.300401  -0.0958511  -0.0234277  -0.0958511  0.236724  0.0549513  -0.0234277  0.0549513  0.1585
0.300387  -0.0957695  -0.0233347  -0.0957695  0.236644  0.0548848  -0.0233347  0.0548848  0.158526
0.300385  -0.0957504  -0.0233276  -0.0957504  0.236624  0.0548742  -0.0233276  0.0548742  0.158528
0.300365  -0.0956153  -0.0231726  -0.0956153  0.236483  0.0547592  -0.0231726  0.0547592  0.158567
0.300364  -0.0956114  -0.0231605  -0.0956114  0.236478  0.0547524  -0.0231605  0.0547524  0.158569
0.300344  -0.0954766  -0.0230058  -0.0954766  0.236338  0.0546379  -0.0230058  0.0546379  0.158609
0.300332  -0.0953736  -0.022894  -0.0953736  0.236222  0.0545482  -0.022894  0.0545482  0.158635
0.300327  -0.0953688  -0.0228824  -0.0953688  0.236228  0.054548  -0.0228824  0.054548  0.158642
0.300311  -0.0952316  -0.022716  -0.0952316  0.236072  0.054421  -0.022716  0.054421  0.158681
0.300309  -0.0952126  -0.0227091  -0.0952126  0.236053  0.0544105  -0.0227091  0.0544105  0.158683
0.300291  -0.0950786  -0.0225554  -0.0950786  0.235914  0.0542972  -0.0225554  0.0542972  0.158724
0.300276  -0.0949791  -0.0224567  -0.0949791  0.235816  0.0542217  -0.0224567  0.0542217  0.158754
0.300276  -0.0949752  -0.0224448  -0.0949752  0.235811  0.054215  -0.0224448  0.054215  0.158756
0.300258  -0.0948417  -0.0222918  -0.0948417  0.235673  0.0541025  -0.0222918  0.0541025  0.158798
0.300257  -0.0948379  -0.0222799  -0.0948379  0.235668  0.0540958  -0.0222799  0.0540958  0.158801
0.30024  -0.0947046  -0.0221274  -0.0947046  0.23553  0.0539838  -0.0221274  0.0539838  0.158844
0.300229  -0.0946027  -0.022017  -0.0946027  0.235416  0.0538959  -0.022017  0.0538959  0.158872
0.300228  -0.0945839  -0.0220102  -0.0945839  0.235397  0.0538855  -0.0220102  0.0538855  0.158874
0.300208  -0.0944503  -0.0218587  -0.0944503  0.235272  0.0537808  -0.0218587  0.0537808  0.158923
0.300207  -0.0944465  -0.0218469  -0.0944465  0.235267  0.0537742  -0.0218469  0.0537742  0.158925
0.30019  -0.0942953  -0.0216886  -0.0942953  0.235112  0.0536531  -0.0216886  0.0536531  0.158972
0.30018  -0.0941939  -0.021579  -0.0941939  0.234999  0.0535661  -0.021579  0.0535661  0.159001
0.300179  -0.0941752  -0.0215722  -0.0941752  0.234979  0.0535558  -0.0215722  0.0535558  0.159004
0.300159  -0.0940349  -0.0213983  -0.0940349  0.234846  0.0534393  -0.0213983  0.0534393  0.159059
0.300157  -0.0940125  -0.0213799  -0.0940125  0.234822  0.0534225  -0.0213799  0.0534225  0.159064
0.30014  -0.0938547  -0.0211993  -0.0938547  0.234658  0.0532898  -0.0211993  0.0532898  0.159118
0.300127  -0.0937308  -0.0210727  -0.0937308  0.234534  0.0531938  -0.0210727  0.0531938  0.159159
0.300126  -0.0937234  -0.0210493  -0.0937234  0.234524  0.0531808  -0.0210493  0.0531808  0.159164
0.300106  -0.0935506  -0.0208752  -0.0935506  0.234359  0.0530521  -0.0208752  0.0530521  0.159224
0.300106  -0.0935469  -0.0208635  -0.0935469  0.234355  0.0530457  -0.0208635  0.0530457  0.159227
0.300087  -0.0933746  -0.02069  -0.0933746  0.23419  0.0529176  -0.02069  0.0529176  0.159288
0.300075  -0.0932628  -0.0205478  -0.0932628  0.234077  0.05282  -0.0205478  0.05282  0.159333
0.300074  -0.0932406  -0.0205296  -0.0932406  0.234053  0.0528036  -0.0205296  0.0528036  0.159339
0.300057  -0.0930839  -0.020352  -0.0930839  0.233905  0.0526803  -0.020352  0.0526803  0.159401
0.300056  -0.0930654  -0.0203454  -0.0930654  0.233886  0.0526703  -0.0203454  0.0526703  0.159404
0.300039  -0.0928907  -0.0201619  -0.0928907  0.233719  0.0525377  -0.0201619  0.0525377  0.159469
0.300028  -0.0927685  -0.0200374  -0.0927685  0.233598  0.0524441  -0.0200374  0.0524441  0.159513
0.300027  -0.0927465  -0.0200194  -0.0927465  0.233574  0.0524279  -0.0200194  0.0524279  0.159519
0.30001  -0.0925506  -0.0198188  -0.0925506  0.233386  0.0522804  -0.0198188  0.0522804  0.159592
0.300009  -0.0925286  -0.0198009  -0.0925286  0.233362  0.0522643  -0.0198009  0.0522643  0.159598
0.29999  -0.0923253  -0.0195787  -0.0923253  0.233177  0.0521116  -0.0195787  0.0521116  0.159683
0.29999  -0.0923217  -0.0195673  -0.0923217  0.233172  0.0521054  -0.0195673  0.0521054  0.159687
0.299973  -0.0920941  -0.0193669  -0.0920941  0.232953  0.0519463  -0.0193669  0.0519463  0.159765
0.299973  -0.0920905  -0.0193554  -0.0920905  0.232948  0.0519401  -0.0193554  0.0519401  0.159768
0.299957  -0.0918958  -0.0191578  -0.0918958  0.232774  0.0518017  -0.0191578  0.0518017  0.159849
0.299956  -0.0918776  -0.0191514  -0.0918776  0.232756  0.0517921  -0.0191514  0.0517921  0.159852
0.299943  -0.0916695  -0.0189589  -0.0916695  0.232558  0.0516445  -0.0189589  0.0516445  0.159929
0.299933  -0.0915307  -0.0188313  -0.0915307  0.232434  0.0515509  -0.0188313  0.0515509  0.159984
0.299933  -0.0915236  -0.0188086  -0.0915236  0.232425  0.0515387  -0.0188086  0.0515387  0.159991
0.299919  -0.0913159  -0.0186179  -0.0913159  0.23224  0.051399  -0.0186179  0.051399  0.160075
0.299919  -0.0913124  -0.0186066  -0.0913124  0.232236  0.0513929  -0.0186066  0.0513929  0.160078
0.299906  -0.0911054  -0.0184166  -0.0911054  0.232052  0.0512541  -0.0184166  0.0512541  0.160163
0.299899  -0.0909718  -0.0182515  -0.0909718  0.23193  0.0511474  -0.0182515  0.0511474  0.16023
0.299898  -0.0909537  -0.0182453  -0.0909537  0.231912  0.0511379  -0.0182453  0.0511379  0.160233
0.299889  -0.0907519  -0.0180179  -0.0907519  0.231731  0.0509861  -0.0180179  0.0509861  0.16033
0.299886  -0.0907478  -0.0180073  -0.0907478  0.231738  0.0509866  -0.0180073  0.0509866  0.160339
0.299878  -0.0905501  -0.017792  -0.0905501  0.231562  0.0508417  -0.017792  0.0508417  0.160434
0.299873  -0.0904067  -0.0176448  -0.0904067  0.231433  0.0507393  -0.0176448  0.0507393  0.1605
0.299873  -0.0903998  -0.0176225  -0.0903998  0.231424  0.0507275  -0.0176225  0.0507275  0.160507
0.299864  -0.0902061  -0.0174203  -0.0902061  0.231266  0.0505965  -0.0174203  0.0505965  0.160605
0.299865  -0.0901992  -0.0173981  -0.0901992  0.231257  0.0505848  -0.0173981  0.0505848  0.160612
0.299859  -0.0899957  -0.0172122  -0.0899957  0.23108  0.0504506  -0.0172122  0.0504506  0.160703
0.299853  -0.0898208  -0.0170662  -0.0898208  0.230934  0.0503439  -0.0170662  0.0503439  0.160779
0.299853  -0.089803  -0.0170601  -0.089803  0.230916  0.0503347  -0.0170601  0.0503347  0.160782
0.299848  -0.0896078  -0.0168491  -0.0896078  0.230757  0.0502002  -0.0168491  0.0502002  0.160887
0.299848  -0.0895866  -0.016832  -0.0895866  0.230735  0.0501853  -0.016832  0.0501853  0.160894
0.299847  -0.0893924  -0.0166211  -0.0893924  0.230565  0.0500454  -0.0166211  0.0500454  0.160995
0.299847  -0.0893713  -0.0166042  -0.0893713  0.230543  0.0500306  -0.0166042  0.0500306  0.161003
0.299845  -0.0891665  -0.0164108  -0.0891665  0.230377  0.0499004  -0.0164108  0.0499004  0.161106
0.299844  -0.0890047  -0.0162511  -0.0890047  0.230244  0.049794  -0.0162511  0.049794  0.16119
0.299845  -0.088998  -0.0162292  -0.088998  0.230235  0.0497826  -0.0162292  0.0497826  0.161198
0.299845  -0.0887767  -0.0160313  -0.0887767  0.230054  0.049645  -0.0160313  0.049645  0.161306
0.299846  -0.08877  -0.0160096  -0.08877  0.230046  0.0496338  -0.0160096  0.0496338  0.161314
0.299847  -0.0885637  -0.0158075  -0.0885637  0.229879  0.0495005  -0.0158075  0.0495005  0.161424
0.299848  -0.0885429  -0.0157908  -0.0885429  0.229858  0.049486  -0.0157908  0.049486  0.161432
0.299852  -0.0883198  -0.0155837  -0.0883198  0.229675  0.0493448  -0.0155837  0.0493448  0.161547
0.299855  -0.0881775  -0.0154323  -0.0881775  0.229562  0.04925  -0.0154323  0.04925  0.16163
0.299856  -0.0881568  -0.0154157  -0.0881568  0.229541  0.0492356  -0.0154157  0.0492356  0.161638
0.299863  -0.0879317  -0.0151994  -0.0879317  0.229357  0.0490906  -0.0151994  0.0490906  0.16176
0.299864  -0.0879252  -0.0151779  -0.0879252  0.229349  0.0490797  -0.0151779  0.0490797  0.161768
0.299871  -0.0877074  -0.0149839  -0.0877074  0.229174  0.0489467  -0.0149839  0.0489467  0.161882
0.299879  -0.0875527  -0.0148384  -0.0875527  0.229039  0.0488441  -0.0148384  0.0488441  0.161963
0.299879  -0.0875318  -0.0148228  -0.0875318  0.22903  0.0488364  -0.0148228  0.0488364  0.161976
0.299891  -0.0873092  -0.0146081  -0.0873092  0.228838  0.0486879  -0.0146081  0.0486879  0.162096
0.299892  -0.0873025  -0.0145876  -0.0873025  0.228841  0.0486835  -0.0145876  0.0486835  0.16211
0.299905  -0.0871119  -0.0143745  -0.0871119  0.22868  0.0485479  -0.0143745  0.0485479  0.162227
0.299906  -0.0870946  -0.0143689  -0.0870946  0.228663  0.0485393  -0.0143689  0.0485393  0.162231
0.299921  -0.0869047  -0.0141566  -0.0869047  0.228502  0.0484046  -0.0141566  0.0484046  0.16235
0.299922  -0.0868843  -0.0141405  -0.0868843  0.228482  0.0483908  -0.0141405  0.0483908  0.162359
0.299939  -0.0866918  -0.0139185  -0.0866918  0.228319  0.0482518  -0.0139185  0.0482518  0.162483
0.299952  -0.0865534  -0.0137709  -0.0865534  0.228201  0.0481559  -0.0137709  0.0481559  0.162568
0.299953  -0.0865331  -0.0137548  -0.0865331  0.228181  0.0481422  -0.0137548  0.0481422  0.162577
0.299971  -0.086334  -0.0135604  -0.086334  0.228015  0.0480122  -0.0135604  0.0480122  0.162694
0.299972  -0.0863275  -0.0135402  -0.0863275  0.228019  0.0480081  -0.0135402  0.0480081  0.162708
0.299993  -0.0861121  -0.0133403  -0.0861121  0.227826  0.0478643  -0.0133403  0.0478643  0.162826
0.300006  -0.0859779  -0.0132054  -0.0859779  0.227726  0.0477816  -0.0132054  0.0477816  0.162913
0.300008  -0.0859717  -0.0131845  -0.0859717  0.227718  0.0477713  -0.0131845  0.0477713  0.162923
0.300029  -0.0857882  -0.0129872  -0.0857882  0.227568  0.0476469  -0.0129872  0.0476469  0.163043
0.300031  -0.0857681  -0.0129714  -0.0857681  0.227548  0.0476336  -0.0129714  0.0476336  0.163052
0.300053  -0.0855883  -0.0127852  -0.0855883  0.227402  0.0475151  -0.0127852  0.0475151  0.163169
0.300072  -0.0854491  -0.0126302  -0.0854491  0.227285  0.0474176  -0.0126302  0.0474176  0.163263
0.300073  -0.0854429  -0.0126104  -0.0854429  0.227289  0.0474138  -0.0126104  0.0474138  0.163278
0.300101  -0.0852548  -0.0123945  -0.0852548  0.227134  0.0472817  -0.0123945  0.0472817  0.163411
0.30012  -0.0851056  -0.0122559  -0.0851056  0.22701  0.0471873  -0.0122559  0.0471873  0.163502
0.300122  -0.0850994  -0.0122361  -0.0850994  0.227014  0.0471837  -0.0122361  0.0471837  0.163517
0.300154  -0.0848924  -0.012007  -0.0848924  0.226853  0.0470465  -0.012007  0.0470465  0.163667
0.300156  -0.0848725  -0.0119915  -0.0848725  0.226834  0.0470335  -0.0119915  0.0470335  0.163677
0.300185  -0.0846783  -0.0118042  -0.0846783  0.226689  0.0469172  -0.0118042  0.0469172  0.163808
0.300187  -0.0846585  -0.0117896  -0.0846585  0.226681  0.0469106  -0.0117896  0.0469106  0.163823
0.30022  -0.0844589  -0.0115827  -0.0844589  0.22653  0.0467854  -0.0115827  0.0467854  0.163966
0.300243  -0.0843253  -0.0114422  -0.0843253  0.226432  0.0467029  -0.0114422  0.0467029  0.164065
0.300246  -0.0843193  -0.0114219  -0.0843193  0.226425  0.0466932  -0.0114219  0.0466932  0.164075
0.300283  -0.0841179  -0.0112064  -0.0841179  0.226273  0.0465648  -0.0112064  0.0465648  0.164226
0.300286  -0.0840982  -0.0111911  -0.0840982  0.226254  0.0465521  -0.0111911  0.0465521  0.164236
0.300323  -0.0839004  -0.0109866  -0.0839004  0.226106  0.0464296  -0.0109866  0.0464296  0.164382
0.300347  -0.0837709  -0.0108569  -0.0837709  0.226003  0.0463474  -0.0108569  0.0463474  0.164473
0.300351  -0.0837513  -0.0108426  -0.0837513  0.225996  0.0463411  -0.0108426  0.0463411  0.164489
0.30039  -0.083582  -0.0106287  -0.083582  0.225862  0.04622  -0.0106287  0.04622  0.164633
0.300392  -0.0835654  -0.0106236  -0.0835654  0.225847  0.0462122  -0.0106236  0.0462122  0.164638
0.300431  -0.0833859  -0.0104264  -0.0833859  0.225717  0.0461  -0.0104264  0.0461  0.164783
0.300461  -0.0832653  -0.0102731  -0.0832653  0.225621  0.0460131  -0.0102731  0.0460131  0.164887
0.300465  -0.0832459  -0.010259  -0.0832459  0.225614  0.046007  -0.010259  0.046007  0.164903
0.300508  -0.083078  -0.0100474  -0.083078  0.225482  0.0458884  -0.0100474  0.0458884  0.16505
0.300512  -0.0830586  -0.0100324  -0.0830586  0.225464  0.0458761  -0.0100324  0.0458761  0.165061
0.300562  -0.0828692  -0.00979776  -0.0828692  0.225324  0.0457479  -0.00979776  0.0457479  0.165231
0.300595  -0.082736  -0.00965117  -0.082736  0.225218  0.0456599  -0.00965117  0.0456599  0.165338
0.300598  -0.0827303  -0.00963141  -0.0827303  0.225212  0.0456508  -0.00963141  0.0456508  0.165349
0.300647  -0.0825233  -0.00943787  -0.0825233  0.225061  0.0455321  -0.00943787  0.0455321  0.165504
0.300649  -0.0825205  -0.00942802  -0.0825205  0.225058  0.0455276  -0.00942802  0.0455276  0.16551
0.300698  -0.0823276  -0.00922946  -0.0823276  0.224908  0.0454066  -0.00922946  0.0454066  0.165661
0.300732  -0.082212  -0.0090893  -0.082212  0.224819  0.0453279  -0.0090893  0.0453279  0.165766
0.300736  -0.0821928  -0.00907466  -0.0821928  0.224801  0.045316  -0.00907466  0.045316  0.165776
0.300783  -0.08202  -0.00889203  -0.08202  0.224672  0.0452085  -0.00889203  0.0452085  0.165919
0.300788  -0.0820146  -0.00887339  -0.0820146  0.224676  0.0452058  -0.00887339  0.0452058  0.165936
0.300844  -0.081831  -0.00865166  -0.081831  0.224523  0.0450752  -0.00865166  0.0450752  0.166097
0.300886  -0.0816944  -0.00848881  -0.0816944  0.224416  0.0449821  -0.00848881  0.0449821  0.166221
0.300892  -0.0816755  -0.00847525  -0.0816755  0.22441  0.0449766  -0.00847525  0.0449766  0.166237
0.300953  -0.0814769  -0.0082513  -0.0814769  0.224256  0.0448468  -0.0082513  0.0448468  0.166412
0.300958  -0.0814579  -0.00823691  -0.0814579  0.224238  0.0448352  -0.00823691  0.0448352  0.166423
0.301019  -0.0812626  -0.00802361  -0.0812626  0.224089  0.0447109  -0.00802361  0.0447109  0.166594
0.301023  -0.0812571  -0.00800435  -0.0812571  0.224083  0.0447023  -0.00800435  0.0447023  0.166606
