0.308873  -0.135535  -0.0663065  -0.135535  0.29758  0.100936  -0.0663065  0.100936  0.168095
0.308873  -0.135535  -0.0663065  -0.135535  0.29758  0.100936  -0.0663065  0.100936  0.168095
0.308873  -0.135535  -0.0663065  -0.135535  0.29758  0.100936  -0.0663065  0.100936  0.168095
0.308896  -0.135457  -0.0659918  -0.135457  0.297251  0.100591  -0.0659918  0.100591  0.167905
0.308876  -0.135269  -0.065712  -0.135269  0.296821  0.100237  -0.065712  0.100237  0.167739
0.308866  -0.13524  -0.0656973  -0.13524  0.296781  0.100214  -0.0656973  0.100214  0.167732
0.308732  -0.134669  -0.065313  -0.134669  0.295835  0.099604  -0.065313  0.099604  0.167514
0.308721  -0.134611  -0.065268  -0.134611  0.295733  0.0995349  -0.065268  0.0995349  0.167488
0.308555  -0.134052  -0.0646046  -0.134052  0.29475  0.09875  -0.0646046  0.09875  0.167149
0.308419  -0.133483  -0.0640732  -0.133483  0.293752  0.0980314  -0.0640732  0.0980314  0.166864
0.308408  -0.133426  -0.0640288  -0.133426  0.293651  0.0979636  -0.0640288  0.0979636  0.166839
0.308236  -0.132574  -0.0633246  -0.132574  0.292146  0.0969303  -0.0633246  0.0969303  0.166448
0.30822  -0.132509  -0.0632621  -0.132509  0.292034  0.0968485  -0.0632621  0.0968485  0.166416
0.308029  -0.131684  -0.0624564  -0.131684  0.290579  0.0957853  -0.0624564  0.0957853  0.165998
0.307892  -0.131022  -0.061928  -0.131022  0.289436  0.0950096  -0.061928  0.0950096  0.165716
0.307893  -0.130971  -0.0618872  -0.130971  0.289326  0.0949368  -0.0618872  0.0949368  0.165688
0.307781  -0.130154  -0.0611194  -0.130154  0.287763  0.0938311  -0.0611194  0.0938311  0.165263
0.307777  -0.130097  -0.0610608  -0.130097  0.287643  0.0937449  -0.0610608  0.0937449  0.165229
0.307681  -0.12936  -0.0603372  -0.12936  0.286219  0.0927246  -0.0603372  0.0927246  0.164835
0.307625  -0.128818  -0.059888  -0.128818  0.285181  0.0920235  -0.059888  0.0920235  0.16458
0.307615  -0.128762  -0.0598456  -0.128762  0.285086  0.0919601  -0.0598456  0.0919601  0.164558
0.307525  -0.128052  -0.0591256  -0.128052  0.283712  0.0909665  -0.0591256  0.0909665  0.164179
0.307526  -0.128002  -0.0590858  -0.128002  0.283605  0.0908966  -0.0590858  0.0908966  0.164154
0.307438  -0.127337  -0.0583772  -0.127337  0.282317  0.0899495  -0.0583772  0.0899495  0.163793
0.307374  -0.126838  -0.0579405  -0.126838  0.28139  0.0893112  -0.0579405  0.0893112  0.163565
0.307364  -0.126797  -0.057877  -0.126797  0.281311  0.0892433  -0.057877  0.0892433  0.163538
0.307264  -0.12618  -0.0571411  -0.12618  0.28013  0.0883356  -0.0571411  0.0883356  0.163191
0.307254  -0.126139  -0.0570779  -0.126139  0.280052  0.0882686  -0.0570779  0.0882686  0.163164
0.307142  -0.125529  -0.056378  -0.125529  0.278927  0.0874118  -0.056378  0.0874118  0.162847
0.307068  -0.12512  -0.0559211  -0.12512  0.278178  0.0868475  -0.0559211  0.0868475  0.162642
0.307058  -0.125066  -0.0558805  -0.125066  0.278088  0.0867879  -0.0558805  0.0867879  0.162623
0.306975  -0.124505  -0.055237  -0.124505  0.277021  0.0859842  -0.055237  0.0859842  0.162331
0.30697  -0.124471  -0.055192  -0.124471  0.276955  0.0859319  -0.055192  0.0859319  0.162312
0.306873  -0.123901  -0.0545337  -0.123901  0.2759  0.0851309  -0.0545337  0.0851309  0.162026
0.306806  -0.123504  -0.0541017  -0.123504  0.275178  0.0845946  -0.0541017  0.0845946  0.161841
0.306797  -0.123451  -0.0540618  -0.123451  0.27509  0.0845366  -0.0540618  0.0845366  0.161824
0.306715  -0.122958  -0.0534454  -0.122958  0.274161  0.0838131  -0.0534454  0.0838131  0.161567
0.3067  -0.122907  -0.0534209  -0.122907  0.274095  0.0837753  -0.0534209  0.0837753  0.161559
0.306636  -0.122428  -0.0528965  -0.122428  0.273199  0.0831137  -0.0528965  0.0831137  0.161334
0.306579  -0.1221  -0.052489  -0.1221  0.272592  0.0826415  -0.052489  0.0826415  0.161171
0.30657  -0.122048  -0.0524497  -0.122048  0.272505  0.0825849  -0.0524497  0.0825849  0.161155
0.306453  -0.12151  -0.0518471  -0.12151  0.271586  0.0818877  -0.0518471  0.0818877  0.16093
0.306448  -0.121477  -0.0518035  -0.121477  0.271523  0.081838  -0.0518035  0.081838  0.160913
0.306338  -0.120988  -0.0512269  -0.120988  0.270688  0.0811913  -0.0512269  0.0811913  0.160705
0.306257  -0.120631  -0.0508112  -0.120631  0.270086  0.080727  -0.0508112  0.080727  0.160559
0.306245  -0.1206  -0.050783  -0.1206  0.270045  0.0806971  -0.050783  0.0806971  0.160552
0.306142  -0.120134  -0.0502077  -0.120134  0.269243  0.0800665  -0.0502077  0.0800665  0.160353
0.306137  -0.120101  -0.0501648  -0.120101  0.269181  0.080018  -0.0501648  0.080018  0.160337
0.306025  -0.119595  -0.0496544  -0.119595  0.268359  0.0794171  -0.0496544  0.0794171  0.160164
0.30596  -0.119315  -0.0493466  -0.119315  0.267901  0.0790715  -0.0493466  0.0790715  0.160063
0.305959  -0.119288  -0.0493202  -0.119288  0.267849  0.0790351  -0.0493202  0.0790351  0.160052
0.305869  -0.11888  -0.0488588  -0.11888  0.267171  0.0785195  -0.0488588  0.0785195  0.159901
0.305858  -0.11885  -0.0488313  -0.11885  0.267131  0.0784906  -0.0488313  0.0784906  0.159895
0.305777  -0.118455  -0.0484044  -0.118455  0.266476  0.0780017  -0.0484044  0.0780017  0.159755
0.305717  -0.118196  -0.0480959  -0.118196  0.266048  0.0776689  -0.0480959  0.0776689  0.15966
0.30571  -0.118185  -0.048064  -0.118185  0.26603  0.0776462  -0.048064  0.0776462  0.159653
0.305647  -0.117859  -0.047658  -0.117859  0.265463  0.0772033  -0.047658  0.0772033  0.159524
0.30564  -0.117848  -0.0476262  -0.117848  0.265445  0.0771808  -0.0476262  0.0771808  0.159517
0.305582  -0.117556  -0.0472637  -0.117556  0.264941  0.0767872  -0.0472637  0.0767872  0.159405
0.305539  -0.117361  -0.0470272  -0.117361  0.264616  0.0765344  -0.0470272  0.0765344  0.159335
0.305538  -0.117335  -0.0470014  -0.117335  0.264566  0.0764992  -0.0470014  0.0764992  0.159325
0.305472  -0.117041  -0.0466401  -0.117041  0.264077  0.0761165  -0.0466401  0.0761165  0.15922
0.305462  -0.117011  -0.0466133  -0.117011  0.264039  0.0760886  -0.0466133  0.0760886  0.159215
0.305395  -0.116713  -0.0463042  -0.116713  0.26357  0.0757425  -0.0463042  0.0757425  0.159127
0.305388  -0.116702  -0.0462728  -0.116702  0.263553  0.0757206  -0.0462728  0.0757206  0.159121
0.305312  -0.116402  -0.0459639  -0.116402  0.263098  0.0753834  -0.0459639  0.0753834  0.15904
0.305249  -0.116185  -0.0457336  -0.116185  0.262784  0.0751444  -0.0457336  0.0751444  0.158985
0.305243  -0.116161  -0.0457227  -0.116161  0.262754  0.0751279  -0.0457227  0.0751279  0.158982
0.30516  -0.115872  -0.0453946  -0.115872  0.262328  0.0747958  -0.0453946  0.0747958  0.158905
0.305102  -0.115649  -0.0452016  -0.115649  0.262012  0.074575  -0.0452016  0.074575  0.158859
0.305098  -0.115644  -0.0451861  -0.115644  0.262004  0.0745643  -0.0451861  0.0745643  0.158856
0.305009  -0.115342  -0.0449452  -0.115342  0.261606  0.0742917  -0.0449452  0.0742917  0.158806
0.305003  -0.115319  -0.0449345  -0.115319  0.261577  0.0742754  -0.0449345  0.0742754  0.158804
0.30492  -0.115028  -0.0446597  -0.115028  0.261173  0.0739815  -0.0446597  0.0739815  0.158744
0.304917  -0.115022  -0.0446443  -0.115022  0.261165  0.0739709  -0.0446443  0.0739709  0.158741
0.30483  -0.114723  -0.0444052  -0.114723  0.260771  0.0737011  -0.0444052  0.0737011  0.158693
0.30476  -0.114502  -0.0442285  -0.114502  0.260493  0.073509  -0.0442285  0.073509  0.158662
0.304751  -0.114473  -0.0442026  -0.114473  0.260457  0.0734824  -0.0442026  0.0734824  0.158657
0.30466  -0.11419  -0.0439595  -0.11419  0.260099  0.0732275  -0.0439595  0.0732275  0.158615
0.304653  -0.114167  -0.043949  -0.114167  0.26007  0.0732116  -0.043949  0.0732116  0.158613
0.30456  -0.113879  -0.0436915  -0.113879  0.259706  0.0729476  -0.0436915  0.0729476  0.15857
0.304554  -0.113856  -0.0436811  -0.113856  0.259678  0.0729317  -0.0436811  0.0729317  0.158568
0.304468  -0.113605  -0.043415  -0.113605  0.259355  0.07268  -0.043415  0.07268  0.158525
0.30441  -0.113428  -0.0432464  -0.113428  0.25913  0.0725127  -0.0432464  0.0725127  0.158498
0.304404  -0.113405  -0.0432361  -0.113405  0.259102  0.0724969  -0.0432361  0.0724969  0.158496
0.30434  -0.11318  -0.0430329  -0.11318  0.258802  0.0722814  -0.0430329  0.0722814  0.158459
0.304289  -0.113015  -0.0428954  -0.113015  0.258595  0.0721359  -0.0428954  0.0721359  0.158438
0.304286  -0.113009  -0.0428803  -0.113009  0.258587  0.0721256  -0.0428803  0.0721256  0.158436
0.304237  -0.112811  -0.0426892  -0.112811  0.258304  0.0719202  -0.0426892  0.0719202  0.158397
0.304231  -0.112788  -0.0426789  -0.112788  0.258277  0.0719046  -0.0426789  0.0719046  0.158396
0.304188  -0.112613  -0.0424985  -0.112613  0.258023  0.0717155  -0.0424985  0.0717155  0.15836
0.304158  -0.112498  -0.0423832  -0.112498  0.25786  0.0715955  -0.0423832  0.0715955  0.158338
0.304163  -0.112495  -0.0423689  -0.112495  0.25784  0.0715783  -0.0423689  0.0715783  0.158332
0.304121  -0.112309  -0.0422089  -0.112309  0.257576  0.071395  -0.0422089  0.071395  0.158299
0.304126  -0.112306  -0.0421946  -0.112306  0.257556  0.0713779  -0.0421946  0.0713779  0.158293
0.304089  -0.112143  -0.0420452  -0.112143  0.25732  0.0712106  -0.0420452  0.0712106  0.158263
0.304092  -0.112123  -0.0420358  -0.112123  0.25728  0.0711882  -0.0420358  0.0711882  0.158257
0.304058  -0.111952  -0.0418574  -0.111952  0.257017  0.0709943  -0.0418574  0.0709943  0.158218
0.304055  -0.111947  -0.0418425  -0.111947  0.257009  0.0709842  -0.0418425  0.0709842  0.158216
0.304027  -0.111799  -0.0416746  -0.111799  0.256774  0.0708063  -0.0416746  0.0708063  0.15818
0.304008  -0.111705  -0.0415563  -0.111705  0.256621  0.0706864  -0.0415563  0.0706864  0.158155
0.304005  -0.111699  -0.0415414  -0.111699  0.256613  0.0706764  -0.0415414  0.0706764  0.158153
0.303982  -0.111549  -0.0413598  -0.111549  0.256359  0.0704824  -0.0413598  0.0704824  0.158111
0.303964  -0.111455  -0.0412418  -0.111455  0.256207  0.0703631  -0.0412418  0.0703631  0.158087
0.303961  -0.11145  -0.041227  -0.11145  0.256199  0.0703532  -0.041227  0.0703532  0.158085
0.303947  -0.111328  -0.0410708  -0.111328  0.255981  0.0701852  -0.0410708  0.0701852  0.158047
0.303941  -0.111305  -0.0410608  -0.111305  0.255954  0.07017  -0.0410608  0.07017  0.158046
0.303933  -0.111194  -0.0409345  -0.111194  0.255751  0.0700223  -0.0409345  0.0700223  0.158012
0.30393  -0.111189  -0.0409197  -0.111189  0.255744  0.0700124  -0.0409197  0.0700124  0.15801
0.303925  -0.111083  -0.0408083  -0.111083  0.255549  0.0698748  -0.0408083  0.0698748  0.157979
0.30392  -0.111002  -0.0407211  -0.111002  0.255402  0.0697693  -0.0407211  0.0697693  0.157955
0.303917  -0.110997  -0.0407063  -0.110997  0.255394  0.0697595  -0.0407063  0.0697595  0.157953
0.303901  -0.110896  -0.0405602  -0.110896  0.255216  0.0696149  -0.0405602  0.0696149  0.157922
0.303899  -0.110832  -0.0404684  -0.110832  0.255088  0.069515  -0.0404684  0.069515  0.157898
0.303894  -0.11081  -0.0404585  -0.11081  0.255061  0.0695  -0.0404585  0.0695  0.157897
0.303885  -0.110711  -0.0403133  -0.110711  0.254872  0.069349  -0.0403133  0.069349  0.157862
0.303883  -0.110706  -0.0402986  -0.110706  0.254864  0.0693393  -0.0402986  0.0693393  0.15786
0.303867  -0.110604  -0.040153  -0.110604  0.254687  0.0691956  -0.040153  0.0691956  0.157831
0.303864  -0.110599  -0.0401383  -0.110599  0.25468  0.0691859  -0.0401383  0.0691859  0.157829
0.30385  -0.110478  -0.0399836  -0.110478  0.254464  0.0690207  -0.0399836  0.0690207  0.157794
0.303832  -0.110385  -0.0398673  -0.110385  0.254315  0.0689041  -0.0398673  0.0689041  0.157773
0.303829  -0.11038  -0.0398526  -0.11038  0.254308  0.0688944  -0.0398526  0.0688944  0.157771
0.3038  -0.110229  -0.0396735  -0.110229  0.254071  0.0687126  -0.0396735  0.0687126  0.157739
0.303797  -0.110224  -0.0396589  -0.110224  0.254064  0.0687029  -0.0396589  0.0687029  0.157737
0.303776  -0.1101  -0.0395045  -0.1101  0.253862  0.068546  -0.0395045  0.068546  0.157708
0.30377  -0.110078  -0.0394947  -0.110078  0.253835  0.0685313  -0.0394947  0.0685313  0.157707
0.303746  -0.10995  -0.039326  -0.10995  0.253627  0.0683652  -0.039326  0.0683652  0.157677
0.303729  -0.109857  -0.0392105  -0.109857  0.253479  0.0682499  -0.0392105  0.0682499  0.157657
0.303726  -0.109852  -0.0391959  -0.109852  0.253471  0.0682403  -0.0391959  0.0682403  0.157655
0.303705  -0.109717  -0.0390617  -0.109717  0.253259  0.0680891  -0.0390617  0.0680891  0.157629
0.30371  -0.109714  -0.0390476  -0.109714  0.25324  0.0680726  -0.0390476  0.0680726  0.157624
0.303687  -0.109587  -0.0388796  -0.109587  0.253032  0.0679078  -0.0388796  0.0679078  0.157595
0.303684  -0.10957  -0.0388845  -0.10957  0.253013  0.0679027  -0.0388845  0.0679027  0.157595
0.303664  -0.109447  -0.0387314  -0.109447  0.252814  0.0677479  -0.0387314  0.0677479  0.157568
0.303644  -0.109338  -0.0386214  -0.109338  0.252649  0.0676287  -0.0386214  0.0676287  0.15755
0.303638  -0.109315  -0.0386119  -0.109315  0.252623  0.0676142  -0.0386119  0.0676142  0.157549
0.3036  -0.109158  -0.0384203  -0.109158  0.252395  0.0674338  -0.0384203  0.0674338  0.157524
0.3036  -0.109158  -0.0384203  -0.109158  0.252395  0.0674338  -0.0384203  0.0674338  0.157524
0.303562  -0.10899  -0.0382485  -0.10899  0.252157  0.0672583  -0.0382485  0.0672583  0.157501
0.303532  -0.108873  -0.0381244  -0.108873  0.251998  0.0671378  -0.0381244  0.0671378  0.157487
0.303537  -0.108871  -0.0381104  -0.108871  0.251979  0.0671214  -0.0381104  0.0671214  0.157481
0.303492  -0.108712  -0.0379196  -0.108712  0.251765  0.0669495  -0.0379196  0.0669495  0.157462
0.303486  -0.10869  -0.0379101  -0.10869  0.251739  0.0669353  -0.0379101  0.0669353  0.157462
0.303452  -0.108539  -0.0377345  -0.108539  0.251522  0.0667663  -0.0377345  0.0667663  0.15744
0.303415  -0.108409  -0.0375682  -0.108409  0.251342  0.066619  -0.0375682  0.066619  0.157424
0.303412  -0.108404  -0.0375539  -0.108404  0.251335  0.0666098  -0.0375539  0.0666098  0.157423
0.303365  -0.108229  -0.0373693  -0.108229  0.251105  0.0664347  -0.0373693  0.0664347  0.157407
0.30337  -0.108226  -0.0373554  -0.108226  0.251086  0.0664185  -0.0373554  0.0664185  0.157401
0.303324  -0.108052  -0.0371712  -0.108052  0.250856  0.0662441  -0.0371712  0.0662441  0.157385
0.303321  -0.108047  -0.037157  -0.108047  0.250849  0.0662349  -0.037157  0.0662349  0.157384
0.303282  -0.107876  -0.0369736  -0.107876  0.250609  0.0660542  -0.0369736  0.0660542  0.157365
0.303254  -0.107761  -0.0368515  -0.107761  0.250453  0.0659364  -0.0368515  0.0659364  0.157353
0.303249  -0.107739  -0.0368423  -0.107739  0.250427  0.0659224  -0.0368423  0.0659224  0.157353
0.303214  -0.107573  -0.0366738  -0.107573  0.250195  0.0657519  -0.0366738  0.0657519  0.157335
0.303211  -0.107568  -0.0366596  -0.107568  0.250188  0.0657427  -0.0366596  0.0657427  0.157334
0.303159  -0.107369  -0.0364538  -0.107369  0.24993  0.0655477  -0.0364538  0.0655477  0.15732
0.303126  -0.107245  -0.0363043  -0.107245  0.249761  0.0654129  -0.0363043  0.0654129  0.157308
0.303122  -0.107223  -0.0362951  -0.107223  0.249736  0.0653991  -0.0362951  0.0653991  0.157308
0.303072  -0.107041  -0.0360854  -0.107041  0.249497  0.0652102  -0.0360854  0.0652102  0.157294
0.303031  -0.10691  -0.0359223  -0.10691  0.249334  0.0650742  -0.0359223  0.0650742  0.157287
0.303026  -0.106901  -0.0358942  -0.106901  0.24932  0.0650563  -0.0358942  0.0650563  0.157286
0.302973  -0.10671  -0.0356575  -0.10671  0.249069  0.0648508  -0.0356575  0.0648508  0.157273
0.302971  -0.106705  -0.0356434  -0.106705  0.249062  0.0648419  -0.0356434  0.0648419  0.157272
0.302912  -0.106513  -0.0354073  -0.106513  0.248824  0.0646442  -0.0354073  0.0646442  0.157264
0.302874  -0.106364  -0.0352367  -0.106364  0.248626  0.0644895  -0.0352367  0.0644895  0.157255
0.302871  -0.106359  -0.0352228  -0.106359  0.248619  0.0644807  -0.0352228  0.0644807  0.157255
0.302813  -0.106144  -0.0350256  -0.106144  0.248361  0.0642929  -0.0350256  0.0642929  0.15725
0.302811  -0.106139  -0.0350117  -0.106139  0.248354  0.0642841  -0.0350117  0.0642841  0.15725
0.302756  -0.105929  -0.034829  -0.105929  0.248103  0.0641059  -0.034829  0.0641059  0.157247
0.302711  -0.105786  -0.0346872  -0.105786  0.247945  0.0639842  -0.0346872  0.0639842  0.157249
0.302706  -0.105765  -0.0346783  -0.105765  0.247921  0.0639708  -0.0346783  0.0639708  0.157249
0.302648  -0.105547  -0.0344689  -0.105547  0.247658  0.0637764  -0.0344689  0.0637764  0.157246
0.302643  -0.105525  -0.03446  -0.105525  0.247634  0.063763  -0.03446  0.063763  0.157246
0.302579  -0.105294  -0.0342699  -0.105294  0.247374  0.0635805  -0.0342699  0.0635805  0.15725
0.302531  -0.105131  -0.0341206  -0.105131  0.247194  0.0634471  -0.0341206  0.0634471  0.157254
0.302526  -0.105122  -0.0340931  -0.105122  0.247181  0.0634298  -0.0340931  0.0634298  0.157253
0.302461  -0.104887  -0.0338904  -0.104887  0.246916  0.0632401  -0.0338904  0.0632401  0.157258
0.302453  -0.10488  -0.0338765  -0.10488  0.246921  0.0632383  -0.0338765  0.0632383  0.157262
0.302389  -0.104658  -0.0336559  -0.104658  0.246668  0.0630454  -0.0336559  0.0630454  0.157268
0.30234  -0.104492  -0.0334943  -0.104492  0.246484  0.0629053  -0.0334943  0.0629053  0.157273
0.30233  -0.104469  -0.0334856  -0.104469  0.246472  0.062899  -0.0334856  0.062899  0.157278
0.302269  -0.104264  -0.0332613  -0.104264  0.246238  0.0627123  -0.0332613  0.0627123  0.157285
0.302265  -0.104243  -0.0332527  -0.104243  0.246215  0.0626993  -0.0332527  0.0626993  0.157285
0.302201  -0.10403  -0.0330612  -0.10403  0.24599  0.0625327  -0.0330612  0.0625327  0.157297
0.302161  -0.103891  -0.0329233  -0.103891  0.245838  0.0624157  -0.0329233  0.0624157  0.157304
0.302159  -0.103887  -0.0329097  -0.103887  0.245832  0.0624072  -0.0329097  0.0624072  0.157304
0.302099  -0.103667  -0.0326924  -0.103667  0.245584  0.0622184  -0.0326924  0.0622184  0.157314
0.302095  -0.103646  -0.0326838  -0.103646  0.24556  0.0622055  -0.0326838  0.0622055  0.157314
0.302041  -0.103441  -0.0325076  -0.103441  0.245333  0.0620426  -0.0325076  0.0620426  0.157324
0.301998  -0.103283  -0.0323623  -0.103283  0.245159  0.0619142  -0.0323623  0.0619142  0.157333
0.301996  -0.103278  -0.0323489  -0.103278  0.245153  0.0619059  -0.0323489  0.0619059  0.157333
0.301934  -0.103028  -0.0321433  -0.103028  0.244874  0.0617104  -0.0321433  0.0617104  0.157345
0.301929  -0.103003  -0.0321215  -0.103003  0.244845  0.0616894  -0.0321215  0.0616894  0.157346
0.30187  -0.10277  -0.0319117  -0.10277  0.244584  0.0614994  -0.0319117  0.0614994  0.157359
0.301866  -0.102749  -0.0319033  -0.102749  0.244561  0.0614868  -0.0319033  0.0614868  0.15736
0.30181  -0.102533  -0.0316894  -0.102533  0.244319  0.0613022  -0.0316894  0.0613022  0.157373
0.301769  -0.102388  -0.0315277  -0.102388  0.244159  0.0611724  -0.0315277  0.0611724  0.157385
0.301767  -0.102383  -0.0315144  -0.102383  0.244153  0.0611642  -0.0315144  0.0611642  0.157385
0.301715  -0.102172  -0.031315  -0.102172  0.243918  0.0609893  -0.031315  0.0609893  0.1574
0.301713  -0.102168  -0.0313017  -0.102168  0.243912  0.0609811  -0.0313017  0.0609811  0.157401
0.301665  -0.101955  -0.0310896  -0.101955  0.243661  0.0607921  -0.0310896  0.0607921  0.157412
0.301661  -0.101934  -0.0310814  -0.101934  0.243638  0.0607797  -0.0310814  0.0607797  0.157413
0.30161  -0.101725  -0.0308833  -0.101725  0.243406  0.0606064  -0.0308833  0.0606064  0.157429
0.30158  -0.101592  -0.0307498  -0.101592  0.243249  0.0604882  -0.0307498  0.0604882  0.157438
0.301577  -0.101571  -0.0307416  -0.101571  0.243227  0.0604759  -0.0307416  0.0604759  0.157439
0.301534  -0.10138  -0.0305395  -0.10138  0.243001  0.0603015  -0.0305395  0.0603015  0.157452
0.301531  -0.10136  -0.0305314  -0.10136  0.242978  0.0602892  -0.0305314  0.0602892  0.157453
0.301483  -0.101156  -0.0303481  -0.101156  0.242755  0.060126  -0.0303481  0.060126  0.157471
0.301453  -0.10102  -0.0302026  -0.10102  0.242594  0.0600013  -0.0302026  0.0600013  0.157481
0.30145  -0.101  -0.0301945  -0.101  0.242572  0.0599891  -0.0301945  0.0599891  0.157482
0.301409  -0.10081  -0.029994  -0.10081  0.242349  0.0598169  -0.029994  0.0598169  0.157497
0.301404  -0.100786  -0.0299729  -0.100786  0.242321  0.0597968  -0.0299729  0.0597968  0.157499
0.301363  -0.100597  -0.0297731  -0.100597  0.242098  0.0596254  -0.0297731  0.0596254  0.157515
0.301331  -0.100441  -0.0296209  -0.100441  0.241917  0.0594902  -0.0296209  0.0594902  0.157528
0.301328  -0.100421  -0.0296128  -0.100421  0.241895  0.0594781  -0.0296128  0.0594781  0.157529
0.301291  -0.100237  -0.0294271  -0.100237  0.241681  0.0593158  -0.0294271  0.0593158  0.157546
0.301289  -0.100233  -0.0294141  -0.100233  0.241675  0.059308  -0.0294141  0.059308  0.157547
0.301245  -0.100032  -0.029234  -0.100032  0.241457  0.0591489  -0.029234  0.0591489  0.157569
0.301244  -0.100028  -0.0292211  -0.100028  0.241451  0.0591412  -0.0292211  0.0591412  0.15757
0.301209  -0.0998489  -0.0290493  -0.0998489  0.241244  0.058988  -0.0290493  0.058988  0.157587
0.301181  -0.0997376  -0.0289276  -0.0997376  0.241127  0.0588931  -0.0289276  0.0588931  0.157604
0.301178  -0.0997177  -0.0289197  -0.0997177  0.241105  0.0588812  -0.0289197  0.0588812  0.157605
0.301141  -0.099554  -0.0287439  -0.099554  0.240927  0.0587399  -0.0287439  0.0587399  0.157628
0.301112  -0.0994275  -0.0286277  -0.0994275  0.240795  0.0586416  -0.0286277  0.0586416  0.157645
0.301111  -0.0994232  -0.0286149  -0.0994232  0.24079  0.0586339  -0.0286149  0.0586339  0.157646
0.301065  -0.0992348  -0.0284195  -0.0992348  0.240597  0.0584809  -0.0284195  0.0584809  0.157677
0.301062  -0.0992149  -0.0284117  -0.0992149  0.240576  0.0584692  -0.0284117  0.0584692  0.157678
0.301019  -0.0990312  -0.0282298  -0.0990312  0.24039  0.0583245  -0.0282298  0.0583245  0.157709
0.300985  -0.0989001  -0.028102  -0.0989001  0.240266  0.0582264  -0.028102  0.0582264  0.157734
0.300983  -0.0988917  -0.0280766  -0.0988917  0.240254  0.0582113  -0.0280766  0.0582113  0.157736
0.300934  -0.0986805  -0.0279185  -0.0986805  0.240056  0.0580737  -0.0279185  0.0580737  0.157772
0.300902  -0.0985387  -0.0278091  -0.0985387  0.239923  0.0579797  -0.0278091  0.0579797  0.157796
0.3009  -0.0985346  -0.0277964  -0.0985346  0.239917  0.0579723  -0.0277964  0.0579723  0.157797
0.300856  -0.0983441  -0.0276468  -0.0983441  0.239742  0.0578472  -0.0276468  0.0578472  0.157832
0.300855  -0.0983399  -0.0276342  -0.0983399  0.239736  0.0578398  -0.0276342  0.0578398  0.157834
0.300804  -0.0981405  -0.0274601  -0.0981405  0.239563  0.0577071  -0.0274601  0.0577071  0.157877
0.300775  -0.0980152  -0.0273467  -0.0980152  0.239446  0.0576183  -0.0273467  0.0576183  0.157902
0.300772  -0.0979956  -0.027339  -0.0979956  0.239425  0.0576068  -0.027339  0.0576068  0.157904
0.300722  -0.0977816  -0.0271708  -0.0977816  0.239238  0.0574711  -0.0271708  0.0574711  0.157948
0.300715  -0.0977722  -0.027146  -0.0977722  0.239238  0.057463  -0.027146  0.057463  0.157956
0.300673  -0.0975797  -0.0269857  -0.0975797  0.239061  0.0573328  -0.0269857  0.0573328  0.157995
0.300665  -0.0975549  -0.0269658  -0.0975549  0.239046  0.0573207  -0.0269658  0.0573207  0.158002
0.300617  -0.0973537  -0.0267814  -0.0973537  0.23887  0.0571831  -0.0267814  0.0571831  0.15805
0.300582  -0.0972052  -0.0266497  -0.0972052  0.238741  0.057084  -0.0266497  0.057084  0.158085
0.30058  -0.0971858  -0.0266422  -0.0971858  0.23872  0.0570726  -0.0266422  0.0570726  0.158087
0.300529  -0.0969469  -0.0264438  -0.0969469  0.238505  0.0569137  -0.0264438  0.0569137  0.158139
0.300528  -0.0969429  -0.0264314  -0.0969429  0.238499  0.0569065  -0.0264314  0.0569065  0.15814
0.300476  -0.0967077  -0.0262465  -0.0967077  0.238302  0.0567623  -0.0262465  0.0567623  0.158196
0.300475  -0.0967037  -0.0262341  -0.0967037  0.238296  0.0567551  -0.0262341  0.0567551  0.158198
0.300429  -0.0964745  -0.026062  -0.0964745  0.238094  0.0566122  -0.026062  0.0566122  0.158249
0.300394  -0.0962935  -0.0259297  -0.0962935  0.237933  0.0564999  -0.0259297  0.0564999  0.158288
0.300393  -0.0962895  -0.0259173  -0.0962895  0.237928  0.0564928  -0.0259173  0.0564928  0.15829
0.300348  -0.0960576  -0.025734  -0.0960576  0.237722  0.0563441  -0.025734  0.0563441  0.158344
0.300346  -0.0960385  -0.0257267  -0.0960385  0.237702  0.0563331  -0.0257267  0.0563331  0.158346
0.300304  -0.0958226  -0.0255391  -0.0958226  0.237512  0.0561892  -0.0255391  0.0561892  0.1584
0.300279  -0.0956896  -0.0253929  -0.0956896  0.237386  0.0560839  -0.0253929  0.0560839  0.158436
0.300272  -0.0956656  -0.0253737  -0.0956656  0.237372  0.0560724  -0.0253737  0.0560724  0.158445
0.300235  -0.095448  -0.0251748  -0.095448  0.237168  0.0559163  -0.0251748  0.0559163  0.158498
0.300232  -0.0954251  -0.0251553  -0.0954251  0.237142  0.0558984  -0.0251553  0.0558984  0.158502
0.300192  -0.0952146  -0.0249282  -0.0952146  0.236954  0.0557398  -0.0249282  0.0557398  0.158565
0.300163  -0.0950479  -0.0247816  -0.0950479  0.236808  0.0556279  -0.0247816  0.0556279  0.15861
0.300161  -0.095029  -0.0247744  -0.095029  0.236788  0.0556171  -0.0247744  0.0556171  0.158612
0.300123  -0.0948086  -0.0245659  -0.0948086  0.236593  0.0554631  -0.0245659  0.0554631  0.158675
0.300121  -0.0947897  -0.0245587  -0.0947897  0.236573  0.0554523  -0.0245587  0.0554523  0.158677
0.300086  -0.0945484  -0.0243314  -0.0945484  0.236342  0.055275  -0.0243314  0.055275  0.158741
0.300064  -0.0943992  -0.0241811  -0.0943992  0.236201  0.0551623  -0.0241811  0.0551623  0.158783
0.300062  -0.0943805  -0.024174  -0.0943805  0.236181  0.0551516  -0.024174  0.0551516  0.158785
0.300031  -0.0941705  -0.0239383  -0.0941705  0.235982  0.054984  -0.0239383  0.054984  0.158851
0.300029  -0.0941517  -0.0239312  -0.0941517  0.235963  0.0549733  -0.0239312  0.0549733  0.158853
0.299998  -0.0939126  -0.0237064  -0.0939126  0.235736  0.054799  -0.0237064  0.054799  0.15892
0.299975  -0.0937387  -0.0235268  -0.0937387  0.235567  0.0546642  -0.0235268  0.0546642  0.158971
0.299974  -0.09372  -0.0235198  -0.09372  0.235548  0.0546536  -0.0235198  0.0546536  0.158973
0.299943  -0.0934712  -0.0232608  -0.0934712  0.235309  0.0544612  -0.0232608  0.0544612  0.159049
0.299942  -0.0934489  -0.023242  -0.0934489  0.235284  0.0544441  -0.023242  0.0544441  0.159054
0.299916  -0.0931945  -0.0230125  -0.0931945  0.235031  0.0542559  -0.0230125  0.0542559  0.159122
0.299911  -0.0931714  -0.0229941  -0.0931714  0.235018  0.0542454  -0.0229941  0.0542454  0.159132
0.299886  -0.0929253  -0.0227371  -0.0929253  0.234771  0.0540492  -0.0227371  0.0540492  0.159206
0.299868  -0.0927428  -0.0225771  -0.0927428  0.234598  0.0539206  -0.0225771  0.0539206  0.159259
0.299867  -0.0927206  -0.0225585  -0.0927206  0.234574  0.0539038  -0.0225585  0.0539038  0.159264
0.299844  -0.0924651  -0.0223199  -0.0924651  0.23432  0.0537125  -0.0223199  0.0537125  0.159339
0.299844  -0.0924578  -0.0222965  -0.0924578  0.23431  0.0536995  -0.0222965  0.0536995  0.159344
0.299823  -0.0921995  -0.0220473  -0.0921995  0.234053  0.0535032  -0.0220473  0.0535032  0.159423
0.299807  -0.0920225  -0.0218493  -0.0920225  0.233882  0.0533614  -0.0218493  0.0533614  0.159486
0.299806  -0.0920005  -0.021831  -0.0920005  0.233859  0.0533449  -0.021831  0.0533449  0.159492
0.299792  -0.0917667  -0.0215501  -0.0917667  0.233611  0.0531391  -0.0215501  0.0531391  0.159574
0.299789  -0.0917587  -0.0215274  -0.0917587  0.233613  0.0531328  -0.0215274  0.0531328  0.159584
0.299775  -0.0915147  -0.0212644  -0.0915147  0.233359  0.0529312  -0.0212644  0.0529312  0.159665
0.299765  -0.0913402  -0.0210684  -0.0913402  0.23318  0.0527858  -0.0210684  0.0527858  0.159727
0.299765  -0.0913331  -0.0210453  -0.0913331  0.23317  0.0527733  -0.0210453  0.0527733  0.159733
0.299754  -0.0910869  -0.0207728  -0.0910869  0.232913  0.0525678  -0.0207728  0.0525678  0.15982
0.299753  -0.0910653  -0.0207547  -0.0910653  0.23289  0.0525517  -0.0207547  0.0525517  0.159826
0.299742  -0.0907804  -0.020459  -0.0907804  0.232595  0.0523219  -0.020459  0.0523219  0.159923
0.299742  -0.0907588  -0.020441  -0.0907588  0.232572  0.0523059  -0.020441  0.0523059  0.159929
0.299734  -0.0905041  -0.0201369  -0.0905041  0.232305  0.0520852  -0.0201369  0.0520852  0.160029
0.299731  -0.0903147  -0.0199374  -0.0903147  0.232102  0.0519279  -0.0199374  0.0519279  0.160095
0.29973  -0.0902898  -0.0199082  -0.0902898  0.232075  0.051906  -0.0199082  0.051906  0.160104
0.299728  -0.0900373  -0.0196061  -0.0900373  0.2318  0.0516819  -0.0196061  0.0516819  0.160203
0.299727  -0.0900159  -0.0195884  -0.0900159  0.231778  0.0516663  -0.0195884  0.0516663  0.160209
0.299725  -0.0897425  -0.0193201  -0.0897425  0.231488  0.0514489  -0.0193201  0.0514489  0.160303
0.299724  -0.089555  -0.0191231  -0.089555  0.231288  0.0512949  -0.0191231  0.0512949  0.160372
0.299724  -0.0895338  -0.0191056  -0.0895338  0.231266  0.0512794  -0.0191056  0.0512794  0.160379
0.299723  -0.0892444  -0.0187841  -0.0892444  0.230969  0.0510416  -0.0187841  0.0510416  0.160498
0.299724  -0.0892198  -0.0187554  -0.0892198  0.230943  0.0510204  -0.0187554  0.0510204  0.160508
0.299727  -0.0889321  -0.0184351  -0.0889321  0.230637  0.0507784  -0.0184351  0.0507784  0.160625
0.299731  -0.0887188  -0.0182014  -0.0887188  0.230411  0.0506011  -0.0182014  0.0506011  0.160712
0.299731  -0.0886944  -0.0181731  -0.0886944  0.230385  0.0505802  -0.0181731  0.0505802  0.160723
0.299736  -0.0884083  -0.0178563  -0.0884083  0.230095  0.0503483  -0.0178563  0.0503483  0.160849
0.299737  -0.0883873  -0.0178391  -0.0883873  0.230074  0.0503333  -0.0178391  0.0503333  0.160856
0.299746  -0.0881028  -0.0175234  -0.0881028  0.229775  0.0500971  -0.0175234  0.0500971  0.16098
0.299754  -0.0879026  -0.0172773  -0.0879026  0.229563  0.0499218  -0.0172773  0.0499218  0.161076
0.299755  -0.0878818  -0.0172603  -0.0878818  0.229542  0.0499071  -0.0172603  0.0499071  0.161084
0.299768  -0.0875926  -0.0169257  -0.0875926  0.229239  0.0496633  -0.0169257  0.0496633  0.161219
0.299769  -0.0875719  -0.0169088  -0.0875719  0.229218  0.0496486  -0.0169088  0.0496486  0.161227
0.299784  -0.0872839  -0.016576  -0.0872839  0.228918  0.0494071  -0.016576  0.0494071  0.161365
0.299797  -0.0870372  -0.0163266  -0.0870372  0.228665  0.0492151  -0.0163266  0.0492151  0.161475
0.299798  -0.0870133  -0.0162991  -0.0870133  0.228641  0.0491953  -0.0162991  0.0491953  0.161486
0.299819  -0.0867137  -0.0159738  -0.0867137  0.228321  0.0489481  -0.0159738  0.0489481  0.161625
0.299821  -0.086704  -0.0159415  -0.086704  0.228309  0.0489317  -0.0159415  0.0489317  0.161637
0.299844  -0.0863956  -0.0155867  -0.0863956  0.227992  0.048677  -0.0155867  0.048677  0.161795
0.299845  -0.0863751  -0.0155702  -0.0863751  0.227972  0.048663  -0.0155702  0.048663  0.161803
0.29987  -0.0860573  -0.015233  -0.0860573  0.22765  0.0484129  -0.015233  0.0484129  0.16196
0.299888  -0.0858208  -0.0150104  -0.0858208  0.227414  0.0482386  -0.0150104  0.0482386  0.162069
0.29989  -0.0857973  -0.0149835  -0.0857973  0.22739  0.0482195  -0.0149835  0.0482195  0.162082
0.299923  -0.0854416  -0.0146165  -0.0854416  0.227022  0.04794  -0.0146165  0.04794  0.162256
0.299925  -0.0854043  -0.0145946  -0.0854043  0.226987  0.0479178  -0.0145946  0.0479178  0.162269
0.299961  -0.0850639  -0.014226  -0.0850639  0.226647  0.047651  -0.014226  0.047651  0.162452
0.299963  -0.0850407  -0.0141994  -0.0850407  0.226623  0.0476322  -0.0141994  0.0476322  0.162465
0.300002  -0.0846711  -0.0138325  -0.0846711  0.22626  0.047357  -0.0138325  0.047357  0.162656
0.300005  -0.084648  -0.0138061  -0.084648  0.226237  0.0473385  -0.0138061  0.0473385  0.162669
0.300044  -0.0843309  -0.0134582  -0.0843309  0.225923  0.0470911  -0.0134582  0.0470911  0.162851
0.300075  -0.0841038  -0.0132065  -0.0841038  0.2257  0.0469138  -0.0132065  0.0469138  0.162984
0.300078  -0.0840809  -0.0131804  -0.0840809  0.225677  0.0468956  -0.0131804  0.0468956  0.162998
0.300124  -0.08376  -0.0128156  -0.08376  0.225362  0.0466429  -0.0128156  0.0466429  0.163195
0.300127  -0.0837371  -0.0127896  -0.0837371  0.225339  0.046625  -0.0127896  0.046625  0.163209
0.300177  -0.0833903  -0.0124362  -0.0833903  0.224994  0.0463627  -0.0124362  0.0463627  0.163403
0.30018  -0.0833675  -0.0124104  -0.0833675  0.224972  0.046345  -0.0124104  0.046345  0.163418
0.300231  -0.0830663  -0.0120548  -0.0830663  0.224667  0.0460998  -0.0120548  0.0460998  0.163612
0.30027  -0.0828399  -0.0117981  -0.0828399  0.224438  0.0459189  -0.0117981  0.0459189  0.163754
0.300275  -0.0828143  -0.0117624  -0.0828143  0.224412  0.0458967  -0.0117624  0.0458967  0.163774
0.300332  -0.082485  -0.0114103  -0.082485  0.224088  0.0456454  -0.0114103  0.0456454  0.163978
0.300336  -0.0824625  -0.0113849  -0.0824625  0.224066  0.0456282  -0.0113849  0.0456282  0.163993
0.300396  -0.0821345  -0.0110343  -0.0821345  0.223734  0.0453737  -0.0110343  0.0453737  0.164196
0.30044  -0.0818837  -0.0107918  -0.0818837  0.223489  0.0451923  -0.0107918  0.0451923  0.164344
0.300445  -0.0818614  -0.0107667  -0.0818614  0.223468  0.0451754  -0.0107667  0.0451754  0.16436
0.300512  -0.0815165  -0.0104057  -0.0815165  0.223136  0.0449198  -0.0104057  0.0449198  0.164584
0.300518  -0.0814777  -0.0103749  -0.0814777  0.22309  0.0448895  -0.0103749  0.0448895  0.1646
0.300589  -0.0811345  -0.0100165  -0.0811345  0.222761  0.0446371  -0.0100165  0.0446371  0.164827
0.300642  -0.0808942  -0.00975388  -0.0808942  0.222529  0.0444556  -0.00975388  0.0444556  0.164994
0.300647  -0.0808722  -0.00972926  -0.0808722  0.222508  0.0444393  -0.00972926  0.0444393  0.16501
0.300716  -0.0805531  -0.00939851  -0.0805531  0.222196  0.0442021  -0.00939851  0.0442021  0.165223
0.300771  -0.0803308  -0.00914368  -0.0803308  0.221981  0.0440314  -0.00914368  0.0440314  0.165389
0.300776  -0.0803089  -0.00911933  -0.0803089  0.221961  0.0440155  -0.00911933  0.0440155  0.165405
0.300861  -0.0799751  -0.00873404  -0.0799751  0.221636  0.0437571  -0.00873404  0.0437571  0.165658
0.300867  -0.0799533  -0.00870987  -0.0799533  0.221616  0.0437414  -0.00870987  0.0437414  0.165675
0.300952  -0.0796371  -0.00833208  -0.0796371  0.221308  0.0434934  -0.00833208  0.0434934  0.165926
0.301013  -0.0794142  -0.00807139  -0.0794142  0.221086  0.0433182  -0.00807139  0.0433182  0.1661
0.301021  -0.0793898  -0.00803792  -0.0793898  0.221064  0.0432987  -0.00803792  0.0432987  0.166123
0.301112  -0.0790758  -0.0076645  -0.0790758  0.220762  0.043056  -0.0076645  0.043056  0.166381
0.301119  -0.079041  -0.00764567  -0.079041  0.220733  0.0430381  -0.00764567  0.0430381  0.166398
0.301203  -0.0787288  -0.00732712  -0.0787288  0.220439  0.0428162  -0.00732712  0.0428162  0.166629
0.30127  -0.0784952  -0.00707594  -0.0784952  0.220214  0.042644  -0.00707594  0.042644  0.16681
0.301279  -0.0784578  -0.00704792  -0.0784578  0.220183  0.0426223  -0.00704792  0.0426223  0.166834
0.301377  -0.0781206  -0.00668988  -0.0781206  0.21986  0.0423763  -0.00668988  0.0423763  0.167096
0.301384  -0.0780993  -0.0066666  -0.0780993  0.219842  0.0423617  -0.0066666  0.0423617  0.167114
0.30149  -0.0777449  -0.0062973  -0.0777449  0.219508  0.0421084  -0.0062973  0.0421084  0.167392
0.301561  -0.077517  -0.00606125  -0.077517  0.219304  0.0419522  -0.00606125  0.0419522  0.167579
0.301569  -0.0774927  -0.00602792  -0.0774927  0.219273  0.041928  -0.00602792  0.041928  0.167599
0.301684  -0.0771517  -0.00565004  -0.0771517  0.218964  0.0416852  -0.00565004  0.0416852  0.167896
0.30169  -0.0771302  -0.00562617  -0.0771302  0.218935  0.0416651  -0.00562617  0.0416651  0.16791
0.301815  -0.0767959  -0.00521877  -0.0767959  0.218632  0.0414172  -0.00521877  0.0414172  0.168232
0.30182  -0.0767744  -0.00519507  -0.0767744  0.218604  0.0413974  -0.00519507  0.0413974  0.168246
0.301936  -0.0764311  -0.00485525  -0.0764311  0.218302  0.0411701  -0.00485525  0.0411701  0.168532
0.301942  -0.0764098  -0.0048317  -0.0764098  0.218274  0.0411505  -0.0048317  0.0411505  0.168546
0.302061  -0.0761012  -0.00446059  -0.0761012  0.217988  0.0409209  -0.00446059  0.0409209  0.168845
0.302148  -0.0758823  -0.0041998  -0.0758823  0.217788  0.0407606  -0.0041998  0.0407606  0.16906
0.302157  -0.0758616  -0.00417761  -0.0758616  0.217772  0.0407473  -0.00417761  0.0407473  0.16908
0.302285  -0.0755267  -0.00381175  -0.0755267  0.217471  0.0405145  -0.00381175  0.0405145  0.169392
0.302294  -0.0755061  -0.00378973  -0.0755061  0.217455  0.0405014  -0.00378973  0.0405014  0.169412
0.302422  -0.0751614  -0.0034393  -0.0751614  0.217141  0.0402669  -0.0034393  0.0402669  0.169716
0.30252  -0.0749038  -0.0031893  -0.0749038  0.216919  0.0401018  -0.0031893  0.0401018  0.169945
0.302531  -0.0748808  -0.00315871  -0.0748808  0.216901  0.0400857  -0.00315871  0.0400857  0.169972
0.302683  -0.0744817  -0.0027646  -0.0744817  0.216541  0.0398199  -0.0027646  0.0398199  0.170326
0.302696  -0.0744459  -0.00273912  -0.0744459  0.216514  0.0398016  -0.00273912  0.0398016  0.170354
0.30283  -0.0741076  -0.00240496  -0.0741076  0.216215  0.0395798  -0.00240496  0.0395798  0.170662
0.302929  -0.0738546  -0.00216798  -0.0738546  0.215994  0.0394189  -0.00216798  0.0394189  0.170886
0.302942  -0.0738319  -0.00213801  -0.0738319  0.215976  0.0394035  -0.00213801  0.0394035  0.170914
0.303097  -0.0734676  -0.00175993  -0.0734676  0.215652  0.0391596  -0.00175993  0.0391596  0.171267
0.303109  -0.073445  -0.00173021  -0.073445  0.215635  0.0391444  -0.00173021  0.0391444  0.171296
0.303262  -0.0730871  -0.0013725  -0.0730871  0.21532  0.0389107  -0.0013725  0.0389107  0.171639
0.303275  -0.0730646  -0.00134302  -0.0730646  0.215303  0.0388958  -0.00134302  0.0388958  0.171668
0.303432  -0.0727472  -0.000974896  -0.0727472  0.215029  0.0386788  -0.000974896  0.0386788  0.172023
0.303558  -0.0724929  -0.000679751  -0.0724929  0.214804  0.0385022  -0.000679751  0.0385022  0.172306
0.303569  -0.0724603  -0.000663998  -0.0724603  0.214781  0.0384885  -0.000663998  0.0384885  0.172328
0.303734  -0.0721132  -0.000291478  -0.0721132  0.214472  0.0382551  -0.000291478  0.0382551  0.172694
0.303745  -0.0720934  -0.000271062  -0.0720934  0.214458  0.038244  -0.000271062  0.038244  0.172716
0.303911  -0.0717374  8.51628e-05  -0.0717374  0.214148  0.0380149  8.51628e-05  0.0380149  0.173078
0.303921  -0.0717144  0.000114948  -0.0717144  0.214121  0.0379952  0.000114948  0.0379952  0.173103
0.304123  -0.0713103  0.000542645  -0.0713103  0.213771  0.0377312  0.000542645  0.0377312  0.173542
0.304137  -0.0712883  0.000570967  -0.0712883  0.213756  0.0377176  0.000570967  0.0377176  0.173573
0.304308  -0.0709217  0.000916981  -0.0709217  0.213437  0.0374885  0.000916981  0.0374885  0.173939
0.304319  -0.0708989  0.00094627  -0.0708989  0.213412  0.0374694  0.00094627  0.0374694  0.173965
0.304492  -0.0705461  0.00129413  -0.0705461  0.213106  0.0372462  0.00129413  0.0372462  0.174336
0.304625  -0.0702763  0.00155049  -0.0702763  0.212878  0.0370814  0.00155049  0.0370814  0.174618
0.30464  -0.0702547  0.00157818  -0.0702547  0.212864  0.0370686  0.00157818  0.0370686  0.17465
0.304823  -0.0698861  0.0019335  -0.0698861  0.212545  0.0368384  0.0019335  0.0368384  0.175039
0.304956  -0.0696327  0.00218279  -0.0696327  0.212333  0.0366832  0.00218279  0.0366832  0.175319
0.304968  -0.0696102  0.0022113  -0.0696102  0.212309  0.0366649  0.0022113  0.0366649  0.175346
0.305155  -0.0692531  0.00257539  -0.0692531  0.211993  0.036435  0.00257539  0.036435  0.175746
0.305171  -0.0692317  0.00260243  -0.0692317  0.21198  0.0364229  0.00260243  0.0364229  0.175779
0.305358  -0.0688749  0.00296447  -0.0688749  0.211659  0.0361912  0.00296447  0.0361912  0.176178
0.305493  -0.0686197  0.00321808  -0.0686197  0.211434  0.0360291  0.00321808  0.0360291  0.176464
