0.309561  -0.139155  -0.0725279  -0.139155  0.305737  0.108209  -0.0725279  0.108209  0.171819
0.309561  -0.139155  -0.0725279  -0.139155  0.305737  0.108209  -0.0725279  0.108209  0.171819
0.309561  -0.139155  -0.0725279  -0.139155  0.305737  0.108209  -0.0725279  0.108209  0.171819
0.30958  -0.13917  -0.0725515  -0.13917  0.305739  0.108218  -0.0725515  0.108218  0.171826
0.30958  -0.13917  -0.0725515  -0.13917  0.305739  0.108218  -0.0725515  0.108218  0.171826
0.30959  -0.1392  -0.0725675  -0.1392  0.305781  0.108244  -0.0725675  0.108244  0.171834
0.309604  -0.139207  -0.0725712  -0.139207  0.305769  0.108237  -0.0725712  0.108237  0.17183
0.309604  -0.139207  -0.0725712  -0.139207  0.305769  0.108237  -0.0725712  0.108237  0.17183
0.309609  -0.139214  -0.0725911  -0.139214  0.305782  0.108254  -0.0725911  0.108254  0.171841
0.309609  -0.139214  -0.0725911  -0.139214  0.305782  0.108254  -0.0725911  0.108254  0.171841
0.309623  -0.139221  -0.0725948  -0.139221  0.30577  0.108246  -0.0725948  0.108246  0.171837
0.309623  -0.139221  -0.0725948  -0.139221  0.30577  0.108246  -0.0725948  0.108246  0.171837
0.309623  -0.139221  -0.0725948  -0.139221  0.30577  0.108246  -0.0725948  0.108246  0.171837
0.309623  -0.139221  -0.0725948  -0.139221  0.30577  0.108246  -0.0725948  0.108246  0.171837
0.309623  -0.139221  -0.0725948  -0.139221  0.30577  0.108246  -0.0725948  0.108246  0.171837
0.309623  -0.139221  -0.0725948  -0.139221  0.30577  0.108246  -0.0725948  0.108246  0.171837
0.309636  -0.139228  -0.0725985  -0.139228  0.305758  0.108239  -0.0725985  0.108239  0.171833
0.309636  -0.139228  -0.0725985  -0.139228  0.305758  0.108239  -0.0725985  0.108239  0.171833
0.309636  -0.139228  -0.0725985  -0.139228  0.305758  0.108239  -0.0725985  0.108239  0.171833
0.309636  -0.139228  -0.0725985  -0.139228  0.305758  0.108239  -0.0725985  0.108239  0.171833
0.309636  -0.139228  -0.0725985  -0.139228  0.305758  0.108239  -0.0725985  0.108239  0.171833
0.309636  -0.139228  -0.0725985  -0.139228  0.305758  0.108239  -0.0725985  0.108239  0.171833
0.309636  -0.139228  -0.0725985  -0.139228  0.305758  0.108239  -0.0725985  0.108239  0.171833
0.309636  -0.139228  -0.0725985  -0.139228  0.305758  0.108239  -0.0725985  0.108239  0.171833
0.309636  -0.139228  -0.0725985  -0.139228  0.305758  0.108239  -0.0725985  0.108239  0.171833
0.309636  -0.139228  -0.0725985  -0.139228  0.305758  0.108239  -0.0725985  0.108239  0.171833
0.309636  -0.139228  -0.0725985  -0.139228  0.305758  0.108239  -0.0725985  0.108239  0.171833
0.309636  -0.139228  -0.0725985  -0.139228  0.305758  0.108239  -0.0725985  0.108239  0.171833
0.309636  -0.139228  -0.0725985  -0.139228  0.305758  0.108239  -0.0725985  0.108239  0.171833
0.309636  -0.139228  -0.0725985  -0.139228  0.305758  0.108239  -0.0725985  0.108239  0.171833
0.309636  -0.139228  -0.0725985  -0.139228  0.305758  0.108239  -0.0725985  0.108239  0.171833
0.309631  -0.139221  -0.0725785  -0.139221  0.305744  0.108222  -0.0725785  0.108222  0.171822
0.309631  -0.139221  -0.0725785  -0.139221  0.305744  0.108222  -0.0725785  0.108222  0.171822
0.309631  -0.139221  -0.0725785  -0.139221  0.305744  0.108222  -0.0725785  0.108222  0.171822
0.309631  -0.139221  -0.0725785  -0.139221  0.305744  0.108222  -0.0725785  0.108222  0.171822
0.309631  -0.139221  -0.0725785  -0.139221  0.305744  0.108222  -0.0725785  0.108222  0.171822
0.309625  -0.139213  -0.0725585  -0.139213  0.305731  0.108205  -0.0725585  0.108205  0.171812
0.309625  -0.139213  -0.0725585  -0.139213  0.305731  0.108205  -0.0725585  0.108205  0.171812
0.309617  -0.139228  -0.0725508  -0.139228  0.305772  0.108222  -0.0725508  0.108222  0.171814
0.309617  -0.139228  -0.0725508  -0.139228  0.305772  0.108222  -0.0725508  0.108222  0.171814
0.309612  -0.13922  -0.0725309  -0.13922  0.305759  0.108205  -0.0725309  0.108205  0.171804
0.309612  -0.13922  -0.0725309  -0.13922  0.305759  0.108205  -0.0725309  0.108205  0.171804
0.309612  -0.13922  -0.0725309  -0.13922  0.305759  0.108205  -0.0725309  0.108205  0.171804
0.309606  -0.139212  -0.0725109  -0.139212  0.305745  0.108188  -0.0725109  0.108188  0.171794
0.309606  -0.139212  -0.0725109  -0.139212  0.305745  0.108188  -0.0725109  0.108188  0.171794
0.309606  -0.139212  -0.0725109  -0.139212  0.305745  0.108188  -0.0725109  0.108188  0.171794
0.309601  -0.139204  -0.0724909  -0.139204  0.305732  0.108171  -0.0724909  0.108171  0.171783
0.309601  -0.139204  -0.0724909  -0.139204  0.305732  0.108171  -0.0724909  0.108171  0.171783
0.309601  -0.139204  -0.0724909  -0.139204  0.305732  0.108171  -0.0724909  0.108171  0.171783
0.309601  -0.139204  -0.0724909  -0.139204  0.305732  0.108171  -0.0724909  0.108171  0.171783
0.309601  -0.139204  -0.0724909  -0.139204  0.305732  0.108171  -0.0724909  0.108171  0.171783
0.309601  -0.139204  -0.0724909  -0.139204  0.305732  0.108171  -0.0724909  0.108171  0.171783
0.309601  -0.139204  -0.0724909  -0.139204  0.305732  0.108171  -0.0724909  0.108171  0.171783
0.309588  -0.139197  -0.0724873  -0.139197  0.305744  0.108178  -0.0724873  0.108178  0.171787
0.309588  -0.139197  -0.0724873  -0.139197  0.305744  0.108178  -0.0724873  0.108178  0.171787
0.309588  -0.139197  -0.0724873  -0.139197  0.305744  0.108178  -0.0724873  0.108178  0.171787
0.309588  -0.139197  -0.0724873  -0.139197  0.305744  0.108178  -0.0724873  0.108178  0.171787
0.309588  -0.139197  -0.0724873  -0.139197  0.305744  0.108178  -0.0724873  0.108178  0.171787
0.309588  -0.139197  -0.0724873  -0.139197  0.305744  0.108178  -0.0724873  0.108178  0.171787
0.309588  -0.139197  -0.0724873  -0.139197  0.305744  0.108178  -0.0724873  0.108178  0.171787
0.309588  -0.139197  -0.0724873  -0.139197  0.305744  0.108178  -0.0724873  0.108178  0.171787
0.309601  -0.139204  -0.0724909  -0.139204  0.305732  0.108171  -0.0724909  0.108171  0.171783
0.309601  -0.139204  -0.0724909  -0.139204  0.305732  0.108171  -0.0724909  0.108171  0.171783
0.309601  -0.139204  -0.0724909  -0.139204  0.305732  0.108171  -0.0724909  0.108171  0.171783
0.309601  -0.139204  -0.0724909  -0.139204  0.305732  0.108171  -0.0724909  0.108171  0.171783
0.309606  -0.139212  -0.0725109  -0.139212  0.305745  0.108188  -0.0725109  0.108188  0.171794
0.309606  -0.139212  -0.0725109  -0.139212  0.305745  0.108188  -0.0725109  0.108188  0.171794
0.309606  -0.139212  -0.0725109  -0.139212  0.305745  0.108188  -0.0725109  0.108188  0.171794
0.309606  -0.139212  -0.0725109  -0.139212  0.305745  0.108188  -0.0725109  0.108188  0.171794
0.309606  -0.139212  -0.0725109  -0.139212  0.305745  0.108188  -0.0725109  0.108188  0.171794
0.309606  -0.139212  -0.0725109  -0.139212  0.305745  0.108188  -0.0725109  0.108188  0.171794
0.309606  -0.139212  -0.0725109  -0.139212  0.305745  0.108188  -0.0725109  0.108188  0.171794
0.309606  -0.139212  -0.0725109  -0.139212  0.305745  0.108188  -0.0725109  0.108188  0.171794
0.309601  -0.13919  -0.0725149  -0.13919  0.305717  0.108179  -0.0725149  0.108179  0.171795
0.309607  -0.139198  -0.0725349  -0.139198  0.30573  0.108196  -0.0725349  0.108196  0.171806
0.309607  -0.139198  -0.0725349  -0.139198  0.30573  0.108196  -0.0725349  0.108196  0.171806
0.309607  -0.139198  -0.0725349  -0.139198  0.30573  0.108196  -0.0725349  0.108196  0.171806
0.309607  -0.139198  -0.0725349  -0.139198  0.30573  0.108196  -0.0725349  0.108196  0.171806
0.309607  -0.139198  -0.0725349  -0.139198  0.30573  0.108196  -0.0725349  0.108196  0.171806
0.309607  -0.139198  -0.0725349  -0.139198  0.30573  0.108196  -0.0725349  0.108196  0.171806
0.309607  -0.139198  -0.0725349  -0.139198  0.30573  0.108196  -0.0725349  0.108196  0.171806
0.309607  -0.139198  -0.0725349  -0.139198  0.30573  0.108196  -0.0725349  0.108196  0.171806
0.309612  -0.139206  -0.0725549  -0.139206  0.305743  0.108213  -0.0725549  0.108213  0.171816
0.309612  -0.139206  -0.0725549  -0.139206  0.305743  0.108213  -0.0725549  0.108213  0.171816
0.309612  -0.139206  -0.0725549  -0.139206  0.305743  0.108213  -0.0725549  0.108213  0.171816
0.309612  -0.139206  -0.0725549  -0.139206  0.305743  0.108213  -0.0725549  0.108213  0.171816
0.309609  -0.139228  -0.0725672  -0.139228  0.305797  0.108246  -0.0725672  0.108246  0.171829
0.309609  -0.139228  -0.0725672  -0.139228  0.305797  0.108246  -0.0725672  0.108246  0.171829
0.309609  -0.139228  -0.0725672  -0.139228  0.305797  0.108246  -0.0725672  0.108246  0.171829
0.309614  -0.139236  -0.0725871  -0.139236  0.305811  0.108263  -0.0725871  0.108263  0.171839
0.309614  -0.139236  -0.0725871  -0.139236  0.305811  0.108263  -0.0725871  0.108263  0.171839
0.309614  -0.139236  -0.0725871  -0.139236  0.305811  0.108263  -0.0725871  0.108263  0.171839
0.30962  -0.139244  -0.0726071  -0.139244  0.305824  0.108279  -0.0726071  0.108279  0.17185
0.309614  -0.139222  -0.0726111  -0.139222  0.305795  0.108271  -0.0726111  0.108271  0.171851
0.309614  -0.139222  -0.0726111  -0.139222  0.305795  0.108271  -0.0726111  0.108271  0.171851
0.309628  -0.139229  -0.0726148  -0.139229  0.305783  0.108263  -0.0726148  0.108263  0.171847
0.309628  -0.139229  -0.0726148  -0.139229  0.305783  0.108263  -0.0726148  0.108263  0.171847
0.309628  -0.139229  -0.0726148  -0.139229  0.305783  0.108263  -0.0726148  0.108263  0.171847
0.309628  -0.139229  -0.0726148  -0.139229  0.305783  0.108263  -0.0726148  0.108263  0.171847
0.309628  -0.139229  -0.0726148  -0.139229  0.305783  0.108263  -0.0726148  0.108263  0.171847
0.309628  -0.139229  -0.0726148  -0.139229  0.305783  0.108263  -0.0726148  0.108263  0.171847
0.309628  -0.139229  -0.0726148  -0.139229  0.305783  0.108263  -0.0726148  0.108263  0.171847
0.309628  -0.139229  -0.0726148  -0.139229  0.305783  0.108263  -0.0726148  0.108263  0.171847
0.309628  -0.139229  -0.0726148  -0.139229  0.305783  0.108263  -0.0726148  0.108263  0.171847
0.309628  -0.139229  -0.0726148  -0.139229  0.305783  0.108263  -0.0726148  0.108263  0.171847
0.309628  -0.139229  -0.0726148  -0.139229  0.305783  0.108263  -0.0726148  0.108263  0.171847
0.309628  -0.139229  -0.0726148  -0.139229  0.305783  0.108263  -0.0726148  0.108263  0.171847
0.309628  -0.139229  -0.0726148  -0.139229  0.305783  0.108263  -0.0726148  0.108263  0.171847
0.309628  -0.139229  -0.0726148  -0.139229  0.305783  0.108263  -0.0726148  0.108263  0.171847
0.309628  -0.139229  -0.0726148  -0.139229  0.305783  0.108263  -0.0726148  0.108263  0.171847
0.309628  -0.139229  -0.0726148  -0.139229  0.305783  0.108263  -0.0726148  0.108263  0.171847
0.309628  -0.139215  -0.0726388  -0.139215  0.305767  0.108271  -0.0726388  0.108271  0.171859
0.309628  -0.139215  -0.0726388  -0.139215  0.305767  0.108271  -0.0726388  0.108271  0.171859
0.309628  -0.139215  -0.0726388  -0.139215  0.305767  0.108271  -0.0726388  0.108271  0.171859
0.309628  -0.139215  -0.0726388  -0.139215  0.305767  0.108271  -0.0726388  0.108271  0.171859
0.309628  -0.139215  -0.0726388  -0.139215  0.305767  0.108271  -0.0726388  0.108271  0.171859
0.309628  -0.139215  -0.0726388  -0.139215  0.305767  0.108271  -0.0726388  0.108271  0.171859
0.309628  -0.139215  -0.0726388  -0.139215  0.305767  0.108271  -0.0726388  0.108271  0.171859
0.309633  -0.139223  -0.0726588  -0.139223  0.305781  0.108288  -0.0726588  0.108288  0.17187
0.309633  -0.139223  -0.0726588  -0.139223  0.305781  0.108288  -0.0726588  0.108288  0.17187
0.309633  -0.139223  -0.0726588  -0.139223  0.305781  0.108288  -0.0726588  0.108288  0.17187
0.309633  -0.139223  -0.0726588  -0.139223  0.305781  0.108288  -0.0726588  0.108288  0.17187
0.309633  -0.139223  -0.0726588  -0.139223  0.305781  0.108288  -0.0726588  0.108288  0.17187
0.309633  -0.139223  -0.0726588  -0.139223  0.305781  0.108288  -0.0726588  0.108288  0.17187
0.309633  -0.139223  -0.0726588  -0.139223  0.305781  0.108288  -0.0726588  0.108288  0.17187
0.309639  -0.139231  -0.0726788  -0.139231  0.305794  0.108305  -0.0726788  0.108305  0.17188
0.309634  -0.139209  -0.0726828  -0.139209  0.305765  0.108296  -0.0726828  0.108296  0.171882
0.309634  -0.139209  -0.0726828  -0.139209  0.305765  0.108296  -0.0726828  0.108296  0.171882
0.309634  -0.139209  -0.0726828  -0.139209  0.305765  0.108296  -0.0726828  0.108296  0.171882
0.309634  -0.139209  -0.0726828  -0.139209  0.305765  0.108296  -0.0726828  0.108296  0.171882
0.309634  -0.139209  -0.0726828  -0.139209  0.305765  0.108296  -0.0726828  0.108296  0.171882
0.309634  -0.139209  -0.0726828  -0.139209  0.305765  0.108296  -0.0726828  0.108296  0.171882
0.309634  -0.139209  -0.0726828  -0.139209  0.305765  0.108296  -0.0726828  0.108296  0.171882
0.309634  -0.139209  -0.0726828  -0.139209  0.305765  0.108296  -0.0726828  0.108296  0.171882
0.309634  -0.139209  -0.0726828  -0.139209  0.305765  0.108296  -0.0726828  0.108296  0.171882
0.309628  -0.139187  -0.0726868  -0.139187  0.305736  0.108287  -0.0726868  0.108287  0.171883
0.309628  -0.139187  -0.0726868  -0.139187  0.305736  0.108287  -0.0726868  0.108287  0.171883
0.309628  -0.139187  -0.0726868  -0.139187  0.305736  0.108287  -0.0726868  0.108287  0.171883
0.309628  -0.139187  -0.0726868  -0.139187  0.305736  0.108287  -0.0726868  0.108287  0.171883
0.309628  -0.139187  -0.0726868  -0.139187  0.305736  0.108287  -0.0726868  0.108287  0.171883
0.309628  -0.139187  -0.0726868  -0.139187  0.305736  0.108287  -0.0726868  0.108287  0.171883
0.309628  -0.139187  -0.0726868  -0.139187  0.305736  0.108287  -0.0726868  0.108287  0.171883
0.309634  -0.139209  -0.0726828  -0.139209  0.305765  0.108296  -0.0726828  0.108296  0.171882
0.30962  -0.139202  -0.0726791  -0.139202  0.305777  0.108304  -0.0726791  0.108304  0.171886
0.30962  -0.139202  -0.0726791  -0.139202  0.305777  0.108304  -0.0726791  0.108304  0.171886
0.30962  -0.139202  -0.0726791  -0.139202  0.305777  0.108304  -0.0726791  0.108304  0.171886
0.30962  -0.139202  -0.0726791  -0.139202  0.305777  0.108304  -0.0726791  0.108304  0.171886
0.309615  -0.139194  -0.0726591  -0.139194  0.305764  0.108287  -0.0726591  0.108287  0.171875
0.309615  -0.139194  -0.0726591  -0.139194  0.305764  0.108287  -0.0726591  0.108287  0.171875
0.309615  -0.139194  -0.0726591  -0.139194  0.305764  0.108287  -0.0726591  0.108287  0.171875
0.309615  -0.139194  -0.0726591  -0.139194  0.305764  0.108287  -0.0726591  0.108287  0.171875
0.309615  -0.139194  -0.0726591  -0.139194  0.305764  0.108287  -0.0726591  0.108287  0.171875
0.30962  -0.139216  -0.0726551  -0.139216  0.305793  0.108296  -0.0726551  0.108296  0.171874
0.30962  -0.139216  -0.0726551  -0.139216  0.305793  0.108296  -0.0726551  0.108296  0.171874
0.30962  -0.139216  -0.0726551  -0.139216  0.305793  0.108296  -0.0726551  0.108296  0.171874
0.309615  -0.139208  -0.0726351  -0.139208  0.305779  0.108279  -0.0726351  0.108279  0.171863
0.309615  -0.139208  -0.0726351  -0.139208  0.305779  0.108279  -0.0726351  0.108279  0.171863
0.309615  -0.139208  -0.0726351  -0.139208  0.305779  0.108279  -0.0726351  0.108279  0.171863
0.309615  -0.139208  -0.0726351  -0.139208  0.305779  0.108279  -0.0726351  0.108279  0.171863
0.309615  -0.139208  -0.0726351  -0.139208  0.305779  0.108279  -0.0726351  0.108279  0.171863
0.309615  -0.139208  -0.0726351  -0.139208  0.305779  0.108279  -0.0726351  0.108279  0.171863
0.309615  -0.139208  -0.0726351  -0.139208  0.305779  0.108279  -0.0726351  0.108279  0.171863
0.309614  -0.139222  -0.0726111  -0.139222  0.305795  0.108271  -0.0726111  0.108271  0.171851
0.309614  -0.139222  -0.0726111  -0.139222  0.305795  0.108271  -0.0726111  0.108271  0.171851
0.309614  -0.139222  -0.0726111  -0.139222  0.305795  0.108271  -0.0726111  0.108271  0.171851
0.309614  -0.139222  -0.0726111  -0.139222  0.305795  0.108271  -0.0726111  0.108271  0.171851
0.309614  -0.139222  -0.0726111  -0.139222  0.305795  0.108271  -0.0726111  0.108271  0.171851
0.309614  -0.139222  -0.0726111  -0.139222  0.305795  0.108271  -0.0726111  0.108271  0.171851
0.309614  -0.139222  -0.0726111  -0.139222  0.305795  0.108271  -0.0726111  0.108271  0.171851
0.309614  -0.139222  -0.0726111  -0.139222  0.305795  0.108271  -0.0726111  0.108271  0.171851
0.309614  -0.139222  -0.0726111  -0.139222  0.305795  0.108271  -0.0726111  0.108271  0.171851
0.309614  -0.139222  -0.0726111  -0.139222  0.305795  0.108271  -0.0726111  0.108271  0.171851
0.309614  -0.139222  -0.0726111  -0.139222  0.305795  0.108271  -0.0726111  0.108271  0.171851
0.30962  -0.13923  -0.0726311  -0.13923  0.305808  0.108288  -0.0726311  0.108288  0.171862
0.30962  -0.13923  -0.0726311  -0.13923  0.305808  0.108288  -0.0726311  0.108288  0.171862
0.30962  -0.13923  -0.0726311  -0.13923  0.305808  0.108288  -0.0726311  0.108288  0.171862
0.30962  -0.13923  -0.0726311  -0.13923  0.305808  0.108288  -0.0726311  0.108288  0.171862
0.30962  -0.13923  -0.0726311  -0.13923  0.305808  0.108288  -0.0726311  0.108288  0.171862
0.30962  -0.13923  -0.0726311  -0.13923  0.305808  0.108288  -0.0726311  0.108288  0.171862
0.309633  -0.139237  -0.0726348  -0.139237  0.305796  0.10828  -0.0726348  0.10828  0.171858
0.309633  -0.139237  -0.0726348  -0.139237  0.305796  0.10828  -0.0726348  0.10828  0.171858
0.309628  -0.139229  -0.0726148  -0.139229  0.305783  0.108263  -0.0726148  0.108263  0.171847
0.309628  -0.139229  -0.0726148  -0.139229  0.305783  0.108263  -0.0726148  0.108263  0.171847
0.309628  -0.139229  -0.0726148  -0.139229  0.305783  0.108263  -0.0726148  0.108263  0.171847
0.309628  -0.139229  -0.0726148  -0.139229  0.305783  0.108263  -0.0726148  0.108263  0.171847
0.309628  -0.139229  -0.0726148  -0.139229  0.305783  0.108263  -0.0726148  0.108263  0.171847
0.309628  -0.139229  -0.0726148  -0.139229  0.305783  0.108263  -0.0726148  0.108263  0.171847
0.309628  -0.139229  -0.0726148  -0.139229  0.305783  0.108263  -0.0726148  0.108263  0.171847
0.309633  -0.139237  -0.0726348  -0.139237  0.305796  0.10828  -0.0726348  0.10828  0.171858
0.309638  -0.139259  -0.0726308  -0.139259  0.305825  0.108289  -0.0726308  0.108289  0.171856
0.309638  -0.139259  -0.0726308  -0.139259  0.305825  0.108289  -0.0726308  0.108289  0.171856
0.309625  -0.139252  -0.0726271  -0.139252  0.305837  0.108296  -0.0726271  0.108296  0.17186
0.309625  -0.139252  -0.0726271  -0.139252  0.305837  0.108296  -0.0726271  0.108296  0.17186
0.30962  -0.13923  -0.0726311  -0.13923  0.305808  0.108288  -0.0726311  0.108288  0.171862
0.30962  -0.13923  -0.0726311  -0.13923  0.305808  0.108288  -0.0726311  0.108288  0.171862
0.30962  -0.13923  -0.0726311  -0.13923  0.305808  0.108288  -0.0726311  0.108288  0.171862
0.309614  -0.139222  -0.0726111  -0.139222  0.305795  0.108271  -0.0726111  0.108271  0.171851
0.309614  -0.139222  -0.0726111  -0.139222  0.305795  0.108271  -0.0726111  0.108271  0.171851
0.309614  -0.139222  -0.0726111  -0.139222  0.305795  0.108271  -0.0726111  0.108271  0.171851
0.309614  -0.139222  -0.0726111  -0.139222  0.305795  0.108271  -0.0726111  0.108271  0.171851
0.30962  -0.139244  -0.0726071  -0.139244  0.305824  0.108279  -0.0726071  0.108279  0.17185
0.30962  -0.139244  -0.0726071  -0.139244  0.305824  0.108279  -0.0726071  0.108279  0.17185
0.30962  -0.139244  -0.0726071  -0.139244  0.305824  0.108279  -0.0726071  0.108279  0.17185
0.30962  -0.139244  -0.0726071  -0.139244  0.305824  0.108279  -0.0726071  0.108279  0.17185
0.30962  -0.139244  -0.0726071  -0.139244  0.305824  0.108279  -0.0726071  0.108279  0.17185
0.309625  -0.139266  -0.0726031  -0.139266  0.305853  0.108288  -0.0726031  0.108288  0.171848
0.309625  -0.139266  -0.0726031  -0.139266  0.305853  0.108288  -0.0726031  0.108288  0.171848
0.309625  -0.139266  -0.0726031  -0.139266  0.305853  0.108288  -0.0726031  0.108288  0.171848
0.30963  -0.139288  -0.0725991  -0.139288  0.305882  0.108297  -0.0725991  0.108297  0.171846
0.30963  -0.139288  -0.0725991  -0.139288  0.305882  0.108297  -0.0725991  0.108297  0.171846
0.30963  -0.139288  -0.0725991  -0.139288  0.305882  0.108297  -0.0725991  0.108297  0.171846
0.30963  -0.139288  -0.0725991  -0.139288  0.305882  0.108297  -0.0725991  0.108297  0.171846
0.309635  -0.13931  -0.0725951  -0.13931  0.305911  0.108306  -0.0725951  0.108306  0.171845
0.309635  -0.13931  -0.0725951  -0.13931  0.305911  0.108306  -0.0725951  0.108306  0.171845
0.309635  -0.13931  -0.0725951  -0.13931  0.305911  0.108306  -0.0725951  0.108306  0.171845
0.309635  -0.13931  -0.0725951  -0.13931  0.305911  0.108306  -0.0725951  0.108306  0.171845
0.309635  -0.13931  -0.0725951  -0.13931  0.305911  0.108306  -0.0725951  0.108306  0.171845
0.30964  -0.139332  -0.0725911  -0.139332  0.30594  0.108315  -0.0725911  0.108315  0.171843
0.30964  -0.139332  -0.0725911  -0.139332  0.30594  0.108315  -0.0725911  0.108315  0.171843
0.30964  -0.139332  -0.0725911  -0.139332  0.30594  0.108315  -0.0725911  0.108315  0.171843
0.30964  -0.139332  -0.0725911  -0.139332  0.30594  0.108315  -0.0725911  0.108315  0.171843
0.30964  -0.139332  -0.0725911  -0.139332  0.30594  0.108315  -0.0725911  0.108315  0.171843
0.309653  -0.139339  -0.0725947  -0.139339  0.305927  0.108308  -0.0725947  0.108308  0.171839
0.309658  -0.139361  -0.0725907  -0.139361  0.305956  0.108317  -0.0725907  0.108317  0.171838
0.309658  -0.139361  -0.0725907  -0.139361  0.305956  0.108317  -0.0725907  0.108317  0.171838
0.309658  -0.139361  -0.0725907  -0.139361  0.305956  0.108317  -0.0725907  0.108317  0.171838
0.309658  -0.139361  -0.0725907  -0.139361  0.305956  0.108317  -0.0725907  0.108317  0.171838
0.309658  -0.139361  -0.0725907  -0.139361  0.305956  0.108317  -0.0725907  0.108317  0.171838
0.309658  -0.139361  -0.0725907  -0.139361  0.305956  0.108317  -0.0725907  0.108317  0.171838
0.309658  -0.139361  -0.0725907  -0.139361  0.305956  0.108317  -0.0725907  0.108317  0.171838
0.309658  -0.139361  -0.0725907  -0.139361  0.305956  0.108317  -0.0725907  0.108317  0.171838
0.309658  -0.139361  -0.0725907  -0.139361  0.305956  0.108317  -0.0725907  0.108317  0.171838
0.309658  -0.139361  -0.0725907  -0.139361  0.305956  0.108317  -0.0725907  0.108317  0.171838
0.309658  -0.139361  -0.0725907  -0.139361  0.305956  0.108317  -0.0725907  0.108317  0.171838
0.309664  -0.139383  -0.0725867  -0.139383  0.305985  0.108325  -0.0725867  0.108325  0.171836
0.309664  -0.139383  -0.0725867  -0.139383  0.305985  0.108325  -0.0725867  0.108325  0.171836
0.309664  -0.139383  -0.0725867  -0.139383  0.305985  0.108325  -0.0725867  0.108325  0.171836
0.309664  -0.139383  -0.0725867  -0.139383  0.305985  0.108325  -0.0725867  0.108325  0.171836
0.309664  -0.139383  -0.0725867  -0.139383  0.305985  0.108325  -0.0725867  0.108325  0.171836
0.309664  -0.139383  -0.0725867  -0.139383  0.305985  0.108325  -0.0725867  0.108325  0.171836
0.309664  -0.139383  -0.0725867  -0.139383  0.305985  0.108325  -0.0725867  0.108325  0.171836
0.309682  -0.139412  -0.0725864  -0.139412  0.306002  0.108327  -0.0725864  0.108327  0.17183
0.309682  -0.139412  -0.0725864  -0.139412  0.306002  0.108327  -0.0725864  0.108327  0.17183
0.309682  -0.139412  -0.0725864  -0.139412  0.306002  0.108327  -0.0725864  0.108327  0.17183
0.309682  -0.139412  -0.0725864  -0.139412  0.306002  0.108327  -0.0725864  0.108327  0.17183
0.309682  -0.139412  -0.0725864  -0.139412  0.306002  0.108327  -0.0725864  0.108327  0.17183
0.309677  -0.139404  -0.0725664  -0.139404  0.305989  0.10831  -0.0725664  0.10831  0.17182
0.309682  -0.139426  -0.0725623  -0.139426  0.306018  0.108319  -0.0725623  0.108319  0.171818
0.309682  -0.139426  -0.0725623  -0.139426  0.306018  0.108319  -0.0725623  0.108319  0.171818
0.309695  -0.139433  -0.072566  -0.139433  0.306006  0.108312  -0.072566  0.108312  0.171815
0.309695  -0.139433  -0.072566  -0.139433  0.306006  0.108312  -0.072566  0.108312  0.171815
0.309695  -0.139433  -0.072566  -0.139433  0.306006  0.108312  -0.072566  0.108312  0.171815
0.309695  -0.139433  -0.072566  -0.139433  0.306006  0.108312  -0.072566  0.108312  0.171815
0.309695  -0.139433  -0.072566  -0.139433  0.306006  0.108312  -0.072566  0.108312  0.171815
0.3097  -0.139455  -0.072562  -0.139455  0.306035  0.108321  -0.072562  0.108321  0.171813
0.309695  -0.139447  -0.072542  -0.139447  0.306021  0.108304  -0.072542  0.108304  0.171803
0.309695  -0.139447  -0.072542  -0.139447  0.306021  0.108304  -0.072542  0.108304  0.171803
0.309695  -0.139447  -0.072542  -0.139447  0.306021  0.108304  -0.072542  0.108304  0.171803
0.309695  -0.139447  -0.072542  -0.139447  0.306021  0.108304  -0.072542  0.108304  0.171803
0.309695  -0.139447  -0.072542  -0.139447  0.306021  0.108304  -0.072542  0.108304  0.171803
0.309695  -0.139447  -0.072542  -0.139447  0.306021  0.108304  -0.072542  0.108304  0.171803
0.30969  -0.139439  -0.072522  -0.139439  0.306008  0.108287  -0.072522  0.108287  0.171792
0.30969  -0.139439  -0.072522  -0.139439  0.306008  0.108287  -0.072522  0.108287  0.171792
0.30969  -0.139439  -0.072522  -0.139439  0.306008  0.108287  -0.072522  0.108287  0.171792
0.30969  -0.139439  -0.072522  -0.139439  0.306008  0.108287  -0.072522  0.108287  0.171792
0.30969  -0.139439  -0.072522  -0.139439  0.306008  0.108287  -0.072522  0.108287  0.171792
0.309684  -0.139431  -0.072502  -0.139431  0.305995  0.10827  -0.072502  0.10827  0.171782
0.309671  -0.139424  -0.0724984  -0.139424  0.306007  0.108277  -0.0724984  0.108277  0.171786
0.309671  -0.139424  -0.0724984  -0.139424  0.306007  0.108277  -0.0724984  0.108277  0.171786
0.309671  -0.139424  -0.0724984  -0.139424  0.306007  0.108277  -0.0724984  0.108277  0.171786
0.309666  -0.139416  -0.0724784  -0.139416  0.305994  0.10826  -0.0724784  0.10826  0.171775
0.309652  -0.139409  -0.0724747  -0.139409  0.306006  0.108267  -0.0724747  0.108267  0.171779
0.309652  -0.139409  -0.0724747  -0.139409  0.306006  0.108267  -0.0724747  0.108267  0.171779
0.309647  -0.139401  -0.0724547  -0.139401  0.305992  0.108251  -0.0724547  0.108251  0.171769
0.309647  -0.139401  -0.0724547  -0.139401  0.305992  0.108251  -0.0724547  0.108251  0.171769
0.309634  -0.139394  -0.0724511  -0.139394  0.306005  0.108258  -0.0724511  0.108258  0.171773
0.309628  -0.139386  -0.0724311  -0.139386  0.305991  0.108241  -0.0724311  0.108241  0.171762
0.309628  -0.139386  -0.0724311  -0.139386  0.305991  0.108241  -0.0724311  0.108241  0.171762
0.30961  -0.139371  -0.0724075  -0.139371  0.30599  0.108231  -0.0724075  0.108231  0.171756
0.30961  -0.139371  -0.0724075  -0.139371  0.30599  0.108231  -0.0724075  0.108231  0.171756
0.309591  -0.139357  -0.0723838  -0.139357  0.305989  0.108222  -0.0723838  0.108222  0.17175
0.309586  -0.139349  -0.0723639  -0.139349  0.305976  0.108205  -0.0723639  0.108205  0.171739
0.309586  -0.139349  -0.0723639  -0.139349  0.305976  0.108205  -0.0723639  0.108205  0.171739
0.309567  -0.139334  -0.0723403  -0.139334  0.305974  0.108195  -0.0723403  0.108195  0.171733
0.309567  -0.139334  -0.0723403  -0.139334  0.305974  0.108195  -0.0723403  0.108195  0.171733
0.309543  -0.139311  -0.0722967  -0.139311  0.30596  0.108169  -0.0722967  0.108169  0.171716
0.309524  -0.139296  -0.0722731  -0.139296  0.305959  0.108159  -0.0722731  0.108159  0.17171
0.309519  -0.139289  -0.0722532  -0.139289  0.305946  0.108142  -0.0722532  0.108142  0.171699
0.309508  -0.139273  -0.0722133  -0.139273  0.305919  0.108109  -0.0722133  0.108109  0.171679
0.309495  -0.139266  -0.0722097  -0.139266  0.305931  0.108116  -0.0722097  0.108116  0.171683
0.309479  -0.139228  -0.0721739  -0.139228  0.305876  0.108073  -0.0721739  0.108073  0.171664
0.309455  -0.139206  -0.0721304  -0.139206  0.305861  0.108047  -0.0721304  0.108047  0.171647
0.30945  -0.139198  -0.0721105  -0.139198  0.305848  0.10803  -0.0721105  0.10803  0.171637
0.309421  -0.139167  -0.0720471  -0.139167  0.305821  0.107987  -0.0720471  0.107987  0.17161
0.309421  -0.139167  -0.0720471  -0.139167  0.305821  0.107987  -0.0720471  0.107987  0.17161
0.3094  -0.139122  -0.0719915  -0.139122  0.305752  0.107928  -0.0719915  0.107928  0.171581
0.309395  -0.139114  -0.0719716  -0.139114  0.305739  0.107911  -0.0719716  0.107911  0.171571
0.309366  -0.139084  -0.0719083  -0.139084  0.305711  0.107868  -0.0719083  0.107868  0.171544
0.309366  -0.139084  -0.0719083  -0.139084  0.305711  0.107868  -0.0719083  0.107868  0.171544
0.309345  -0.139053  -0.0718288  -0.139053  0.305659  0.107801  -0.0718288  0.107801  0.171503
0.309345  -0.139053  -0.0718288  -0.139053  0.305659  0.107801  -0.0718288  0.107801  0.171503
0.309324  -0.139022  -0.0717494  -0.139022  0.305606  0.107733  -0.0717494  0.107733  0.171462
0.309308  -0.138998  -0.0716898  -0.138998  0.305566  0.107683  -0.0716898  0.107683  0.171432
0.309308  -0.138998  -0.0716898  -0.138998  0.305566  0.107683  -0.0716898  0.107683  0.171432
0.309287  -0.138981  -0.0715866  -0.138981  0.305529  0.107608  -0.0715866  0.107608  0.171379
0.309287  -0.138981  -0.0715866  -0.138981  0.305529  0.107608  -0.0715866  0.107608  0.171379
0.309261  -0.138942  -0.0714875  -0.138942  0.305463  0.107525  -0.0714875  0.107525  0.171329
0.309235  -0.138903  -0.0713884  -0.138903  0.305398  0.107441  -0.0713884  0.107441  0.171278
0.309235  -0.138903  -0.0713884  -0.138903  0.305398  0.107441  -0.0713884  0.107441  0.171278
0.309199  -0.138849  -0.0712499  -0.138849  0.305306  0.107324  -0.0712499  0.107324  0.171208
0.309194  -0.138841  -0.0712301  -0.138841  0.305293  0.107308  -0.0712301  0.107308  0.171198
0.309152  -0.138779  -0.071072  -0.138779  0.305188  0.107174  -0.071072  0.107174  0.171118
0.309152  -0.138779  -0.071072  -0.138779  0.305188  0.107174  -0.071072  0.107174  0.171118
0.309092  -0.138703  -0.0708908  -0.138703  0.305082  0.107032  -0.0708908  0.107032  0.171032
0.309092  -0.138703  -0.0708908  -0.138703  0.305082  0.107032  -0.0708908  0.107032  0.171032
0.309036  -0.138618  -0.0706741  -0.138618  0.304938  0.106849  -0.0706741  0.106849  0.170923
0.309036  -0.138618  -0.0706741  -0.138618  0.304938  0.106849  -0.0706741  0.106849  0.170923
0.308984  -0.138526  -0.0705011  -0.138526  0.304792  0.106692  -0.0705011  0.106692  0.170836
0.308962  -0.138479  -0.0703671  -0.138479  0.304689  0.106569  -0.0703671  0.106569  0.170763
0.308962  -0.138479  -0.0703671  -0.138479  0.304689  0.106569  -0.0703671  0.106569  0.170763
0.30891  -0.138402  -0.0701708  -0.138402  0.304559  0.106404  -0.0701708  0.106404  0.170665
0.308905  -0.138395  -0.0701512  -0.138395  0.304546  0.106387  -0.0701512  0.106387  0.170655
0.308844  -0.138289  -0.0699398  -0.138289  0.304375  0.106198  -0.0699398  0.106198  0.17055
0.308803  -0.138227  -0.0697833  -0.138227  0.304271  0.106066  -0.0697833  0.106066  0.170473
0.308803  -0.138227  -0.0697833  -0.138227  0.304271  0.106066  -0.0697833  0.106066  0.170473
0.308743  -0.138121  -0.0695726  -0.138121  0.304101  0.105877  -0.0695726  0.105877  0.170369
0.308738  -0.138114  -0.0695531  -0.138114  0.304088  0.105861  -0.0695531  0.105861  0.170359
0.308667  -0.137993  -0.0693039  -0.137993  0.303892  0.10564  -0.0693039  0.10564  0.170237
0.308617  -0.137903  -0.0691329  -0.137903  0.303748  0.105485  -0.0691329  0.105485  0.170153
0.308612  -0.137895  -0.0691135  -0.137895  0.303735  0.105468  -0.0691135  0.105468  0.170144
0.308532  -0.137759  -0.0688264  -0.137759  0.303514  0.105216  -0.0688264  0.105216  0.170004
0.308514  -0.137745  -0.0688036  -0.137745  0.303513  0.105207  -0.0688036  0.105207  0.169999
0.30843  -0.137588  -0.0685215  -0.137588  0.303265  0.104947  -0.0685215  0.104947  0.169862
0.30837  -0.137484  -0.0683131  -0.137484  0.303096  0.104761  -0.0683131  0.104761  0.169762
0.308365  -0.137476  -0.0682938  -0.137476  0.303084  0.104745  -0.0682938  0.104745  0.169752
0.308259  -0.137298  -0.0679711  -0.137298  0.302823  0.104461  -0.0679711  0.104461  0.169603
0.308254  -0.137291  -0.0679518  -0.137291  0.302811  0.104445  -0.0679518  0.104445  0.169594
0.308161  -0.13712  -0.0676335  -0.13712  0.302539  0.104156  -0.0676335  0.104156  0.169443
0.308085  -0.137002  -0.0674042  -0.137002  0.302371  0.103963  -0.0674042  0.103963  0.16934
0.30808  -0.136995  -0.0673851  -0.136995  0.302359  0.103947  -0.0673851  0.103947  0.169331
0.307984  -0.136804  -0.0670726  -0.136804  0.30206  0.103651  -0.0670726  0.103651  0.169184
0.307979  -0.136796  -0.0670535  -0.136796  0.302048  0.103635  -0.0670535  0.103635  0.169175
0.307878  -0.136598  -0.0667229  -0.136598  0.301738  0.103325  -0.0667229  0.103325  0.169021
0.307794  -0.136453  -0.0664809  -0.136453  0.301532  0.10311  -0.0664809  0.10311  0.168914
0.307789  -0.136445  -0.0664619  -0.136445  0.301519  0.103094  -0.0664619  0.103094  0.168905
0.30768  -0.136234  -0.0660953  -0.136234  0.301186  0.102755  -0.0660953  0.102755  0.168736
0.307666  -0.136198  -0.0660617  -0.136198  0.301133  0.102715  -0.0660617  0.102715  0.16872
0.307541  -0.135973  -0.0656745  -0.135973  0.300802  0.102369  -0.0656745  0.102369  0.168549
0.307457  -0.1358  -0.0654047  -0.1358  0.300533  0.10211  -0.0654047  0.10211  0.168427
0.307443  -0.135764  -0.0653714  -0.135764  0.300481  0.102071  -0.0653714  0.102071  0.168411
0.307315  -0.13552  -0.0649912  -0.13552  0.300124  0.10172  -0.0649912  0.10172  0.168245
0.30731  -0.135513  -0.0649724  -0.135513  0.300112  0.101704  -0.0649724  0.101704  0.168237
0.307165  -0.135227  -0.0645419  -0.135227  0.299692  0.1013  -0.0645419  0.1013  0.16805
0.307066  -0.135  -0.0642467  -0.135  0.299347  0.100999  -0.0642467  0.100999  0.167919
0.307056  -0.134985  -0.0642095  -0.134985  0.299323  0.100968  -0.0642095  0.100968  0.167902
0.306917  -0.134666  -0.0637942  -0.134666  0.298839  0.100545  -0.0637942  0.100545  0.167719
0.306896  -0.134646  -0.0637541  -0.134646  0.298828  0.100522  -0.0637541  0.100522  0.167707
0.306737  -0.134279  -0.0632715  -0.134279  0.298271  0.100033  -0.0632715  0.100033  0.167497
0.306728  -0.134265  -0.0632345  -0.134265  0.298247  0.100003  -0.0632345  0.100003  0.167481
0.306554  -0.133887  -0.0627333  -0.133887  0.297695  0.09951  -0.0627333  0.09951  0.167271
0.306545  -0.133872  -0.0626965  -0.133872  0.297671  0.09948  -0.0626965  0.09948  0.167256
0.306386  -0.133518  -0.062253  -0.133518  0.297157  0.0990353  -0.062253  0.0990353  0.167072
0.306377  -0.133504  -0.0622164  -0.133504  0.297134  0.0990055  -0.0622164  0.0990055  0.167057
0.306211  -0.133108  -0.0617098  -0.133108  0.296537  0.0984895  -0.0617098  0.0984895  0.166845
0.306187  -0.133068  -0.0616751  -0.133068  0.296499  0.0984594  -0.0616751  0.0984594  0.166835
0.306027  -0.132681  -0.0611896  -0.132681  0.295917  0.0979621  -0.0611896  0.0979621  0.166634
0.305895  -0.13238  -0.0608211  -0.13238  0.295486  0.097593  -0.0608211  0.097593  0.166489
0.305886  -0.132367  -0.060785  -0.132367  0.295463  0.0975638  -0.060785  0.0975638  0.166474
0.305694  -0.13191  -0.060239  -0.13191  0.294801  0.0970067  -0.060239  0.0970067  0.166259
0.305686  -0.131897  -0.0602031  -0.131897  0.294778  0.0969777  -0.0602031  0.0969777  0.166245
0.305497  -0.13143  -0.0596832  -0.13143  0.294105  0.0964323  -0.0596832  0.0964323  0.166042
0.305336  -0.131061  -0.0592566  -0.131061  0.293596  0.0960065  -0.0592566  0.0960065  0.165885
0.305324  -0.131027  -0.0592257  -0.131027  0.293547  0.0959704  -0.0592257  0.0959704  0.165872
0.305126  -0.130526  -0.0586635  -0.130526  0.292823  0.095383  -0.0586635  0.095383  0.165659
0.30511  -0.130486  -0.0586152  -0.130486  0.292763  0.0953332  -0.0586152  0.0953332  0.165641
0.304915  -0.130015  -0.0580851  -0.130015  0.292105  0.0947939  -0.0580851  0.0947939  0.165449
0.304904  -0.129982  -0.0580547  -0.129982  0.292057  0.0947585  -0.0580547  0.0947585  0.165437
0.304686  -0.129456  -0.0574282  -0.129456  0.291313  0.0941332  -0.0574282  0.0941332  0.165214
0.304671  -0.129416  -0.0573806  -0.129416  0.291254  0.0940842  -0.0573806  0.0940842  0.165197
0.304458  -0.128881  -0.0567812  -0.128881  0.290501  0.0934719  -0.0567812  0.0934719  0.164988
0.304444  -0.128841  -0.0567339  -0.128841  0.290443  0.0934234  -0.0567339  0.0934234  0.164971
0.304239  -0.128344  -0.0561839  -0.128344  0.289767  0.0928724  -0.0561839  0.0928724  0.164789
0.304225  -0.128305  -0.0561369  -0.128305  0.289709  0.0928244  -0.0561369  0.0928244  0.164772
0.30402  -0.127764  -0.0555685  -0.127764  0.288954  0.0922303  -0.0555685  0.0922303  0.164582
0.303868  -0.127381  -0.0551336  -0.127381  0.288427  0.0917973  -0.0551336  0.0917973  0.164442
0.303844  -0.127338  -0.0550851  -0.127338  0.288383  0.0917573  -0.0550851  0.0917573  0.16443
0.30364  -0.126819  -0.0545173  -0.126819  0.287676  0.0911872  -0.0545173  0.0911872  0.164253
0.303627  -0.12678  -0.0544713  -0.12678  0.28762  0.0911404  -0.0544713  0.0911404  0.164238
0.303414  -0.126214  -0.0538839  -0.126214  0.286849  0.0905359  -0.0538839  0.0905359  0.164058
0.303258  -0.125815  -0.0534609  -0.125815  0.286323  0.090115  -0.0534609  0.090115  0.163936
0.303245  -0.125778  -0.0534156  -0.125778  0.286267  0.090069  -0.0534156  0.090069  0.163921
0.303022  -0.125196  -0.0527845  -0.125196  0.28549  0.0894434  -0.0527845  0.0894434  0.163741
0.303006  -0.12514  -0.0527443  -0.12514  0.28541  0.0893911  -0.0527443  0.0893911  0.163728
0.302789  -0.124537  -0.0521613  -0.124537  0.284613  0.0887846  -0.0521613  0.0887846  0.163567
0.302643  -0.124109  -0.0517431  -0.124109  0.284029  0.0883426  -0.0517431  0.0883426  0.163449
0.302622  -0.124067  -0.0516968  -0.124067  0.283987  0.0883051  -0.0516968  0.0883051  0.163441
0.302417  -0.123466  -0.0511597  -0.123466  0.283199  0.0877281  -0.0511597  0.0877281  0.1633
0.302408  -0.123436  -0.051132  -0.123436  0.283155  0.0876964  -0.051132  0.0876964  0.163292
0.302185  -0.122806  -0.0505166  -0.122806  0.282337  0.0870704  -0.0505166  0.0870704  0.163139
0.302016  -0.12228  -0.0500451  -0.12228  0.281638  0.0865605  -0.0500451  0.0865605  0.16302
0.301996  -0.12224  -0.0499999  -0.12224  0.281598  0.0865243  -0.0499999  0.0865243  0.163012
0.301905  -0.121961  -0.049751  -0.121961  0.281235  0.0862593  -0.049751  0.0862593  0.162953
0.301677  -0.121266  -0.0490986  -0.121266  0.280329  0.0855813  -0.0490986  0.0855813  0.162801
0.301667  -0.12123  -0.0490558  -0.12123  0.280277  0.0855386  -0.0490558  0.0855386  0.16279
0.301449  -0.120535  -0.0484463  -0.120535  0.279376  0.0848866  -0.0484463  0.0848866  0.162655
0.301305  -0.12004  -0.0480362  -0.12004  0.27873  0.0844313  -0.0480362  0.0844313  0.162565
0.301284  -0.119996  -0.0479766  -0.119996  0.278682  0.0843847  -0.0479766  0.0843847  0.162556
0.301077  -0.119268  -0.047423  -0.119268  0.27775  0.0837506  -0.047423  0.0837506  0.162442
0.301059  -0.11923  -0.0473795  -0.11923  0.277712  0.0837163  -0.0473795  0.0837163  0.162437
0.300863  -0.118558  -0.0468011  -0.118558  0.276849  0.0830969  -0.0468011  0.0830969  0.162324
0.300723  -0.118109  -0.046339  -0.118109  0.276275  0.0826473  -0.046339  0.0826473  0.162239
0.300714  -0.118075  -0.0462977  -0.118075  0.276226  0.0826068  -0.0462977  0.0826068  0.16223
0.300518  -0.117386  -0.0457169  -0.117386  0.275361  0.0819895  -0.0457169  0.0819895  0.162132
0.300507  -0.117335  -0.0456809  -0.117335  0.27529  0.0819433  -0.0456809  0.0819433  0.162124
0.300332  -0.116709  -0.0450924  -0.116709  0.274489  0.0813448  -0.0450924  0.0813448  0.162025
0.300322  -0.116658  -0.0450568  -0.116658  0.274419  0.0812992  -0.0450568  0.0812992  0.162018
0.300147  -0.115986  -0.0444886  -0.115986  0.273563  0.0806899  -0.0444886  0.0806899  0.161928
0.300023  -0.11547  -0.0440679  -0.11547  0.272894  0.0802235  -0.0440679  0.0802235  0.161862
0.300014  -0.115419  -0.0440329  -0.115419  0.272825  0.0801788  -0.0440329  0.0801788  0.161855
0.299847  -0.114711  -0.0435035  -0.114711  0.271931  0.0795753  -0.0435035  0.0795753  0.161782
0.299736  -0.114225  -0.0430994  -0.114225  0.271306  0.0791351  -0.0430994  0.0791351  0.161726
0.299729  -0.114192  -0.04306  -0.114192  0.271259  0.0790971  -0.04306  0.0790971  0.161719
