0.309752  -0.137344  -0.0604372  -0.137344  0.296592  0.096623  -0.0604372  0.096623  0.165043
0.309752  -0.137344  -0.0604372  -0.137344  0.296592  0.096623  -0.0604372  0.096623  0.165043
0.309752  -0.137344  -0.0604372  -0.137344  0.296592  0.096623  -0.0604372  0.096623  0.165043
0.309752  -0.137331  -0.0604603  -0.137331  0.296576  0.0966303  -0.0604603  0.0966303  0.165051
0.309757  -0.137338  -0.0604788  -0.137338  0.296587  0.0966452  -0.0604788  0.0966452  0.165058
0.309757  -0.137338  -0.0604788  -0.137338  0.296587  0.0966452  -0.0604788  0.0966452  0.165058
0.309762  -0.13736  -0.0604742  -0.13736  0.296616  0.0966528  -0.0604742  0.0966528  0.165057
0.309762  -0.13736  -0.0604742  -0.13736  0.296616  0.0966528  -0.0604742  0.0966528  0.165057
0.309768  -0.137353  -0.0605158  -0.137353  0.296611  0.096675  -0.0605158  0.096675  0.165072
0.309768  -0.137353  -0.0605158  -0.137353  0.296611  0.096675  -0.0605158  0.096675  0.165072
0.309768  -0.137353  -0.0605158  -0.137353  0.296611  0.096675  -0.0605158  0.096675  0.165072
0.309768  -0.137353  -0.0605158  -0.137353  0.296611  0.096675  -0.0605158  0.096675  0.165072
0.309773  -0.137361  -0.0605344  -0.137361  0.296623  0.0966899  -0.0605344  0.0966899  0.16508
0.309773  -0.137361  -0.0605344  -0.137361  0.296623  0.0966899  -0.0605344  0.0966899  0.16508
0.309773  -0.137361  -0.0605344  -0.137361  0.296623  0.0966899  -0.0605344  0.0966899  0.16508
0.309762  -0.13736  -0.0604742  -0.13736  0.296616  0.0966528  -0.0604742  0.0966528  0.165057
0.309762  -0.13736  -0.0604742  -0.13736  0.296616  0.0966528  -0.0604742  0.0966528  0.165057
0.309757  -0.137338  -0.0604788  -0.137338  0.296587  0.0966452  -0.0604788  0.0966452  0.165058
0.309757  -0.137338  -0.0604788  -0.137338  0.296587  0.0966452  -0.0604788  0.0966452  0.165058
0.309746  -0.137337  -0.0604187  -0.137337  0.29658  0.0966081  -0.0604187  0.0966081  0.165036
0.309746  -0.137337  -0.0604187  -0.137337  0.29658  0.0966081  -0.0604187  0.0966081  0.165036
0.309754  -0.137322  -0.0604259  -0.137322  0.29654  0.0965932  -0.0604259  0.0965932  0.165033
0.309754  -0.137322  -0.0604259  -0.137322  0.29654  0.0965932  -0.0604259  0.0965932  0.165033
0.309766  -0.137341  -0.0604053  -0.137341  0.296544  0.0965784  -0.0604053  0.0965784  0.165021
0.309779  -0.137348  -0.0604079  -0.137348  0.296531  0.096571  -0.0604079  0.096571  0.165017
0.309802  -0.137383  -0.0604244  -0.137383  0.296559  0.096586  -0.0604244  0.096586  0.165018
0.309802  -0.137383  -0.0604244  -0.137383  0.296559  0.096586  -0.0604244  0.096586  0.165018
0.309827  -0.137395  -0.0604295  -0.137395  0.296535  0.0965712  -0.0604295  0.0965712  0.16501
0.309827  -0.137395  -0.0604295  -0.137395  0.296535  0.0965712  -0.0604295  0.0965712  0.16501
0.309844  -0.137422  -0.0604275  -0.137422  0.296551  0.0965714  -0.0604275  0.0965714  0.165005
0.309844  -0.137422  -0.0604275  -0.137422  0.296551  0.0965714  -0.0604275  0.0965714  0.165005
0.309857  -0.137428  -0.0604301  -0.137428  0.296538  0.096564  -0.0604301  0.096564  0.165001
0.309857  -0.137428  -0.0604301  -0.137428  0.296538  0.096564  -0.0604301  0.096564  0.165001
0.309869  -0.137448  -0.0604095  -0.137448  0.296543  0.0965492  -0.0604095  0.0965492  0.164988
0.309864  -0.137441  -0.060391  -0.137441  0.296531  0.0965343  -0.060391  0.0965343  0.164981
0.309877  -0.137447  -0.0603936  -0.137447  0.296519  0.0965269  -0.0603936  0.0965269  0.164977
0.309877  -0.137447  -0.0603936  -0.137447  0.296519  0.0965269  -0.0603936  0.0965269  0.164977
0.309872  -0.137439  -0.0603751  -0.137439  0.296507  0.096512  -0.0603751  0.096512  0.16497
0.309884  -0.137459  -0.0603545  -0.137459  0.296511  0.0964973  -0.0603545  0.0964973  0.164958
0.309884  -0.137459  -0.0603545  -0.137459  0.296511  0.0964973  -0.0603545  0.0964973  0.164958
0.309891  -0.137457  -0.0603386  -0.137457  0.296487  0.096475  -0.0603386  0.096475  0.164947
0.309891  -0.137457  -0.0603386  -0.137457  0.296487  0.096475  -0.0603386  0.096475  0.164947
0.309896  -0.137479  -0.060334  -0.137479  0.296515  0.0964825  -0.060334  0.0964825  0.164946
0.309909  -0.137485  -0.0603365  -0.137485  0.296503  0.0964751  -0.0603365  0.0964751  0.164941
0.309909  -0.137485  -0.0603365  -0.137485  0.296503  0.0964751  -0.0603365  0.0964751  0.164941
0.309926  -0.137512  -0.0603345  -0.137512  0.296519  0.0964752  -0.0603345  0.0964752  0.164936
0.309926  -0.137512  -0.0603345  -0.137512  0.296519  0.0964752  -0.0603345  0.0964752  0.164936
0.309931  -0.137534  -0.0603299  -0.137534  0.296547  0.0964827  -0.0603299  0.0964827  0.164935
0.309931  -0.137534  -0.0603299  -0.137534  0.296547  0.0964827  -0.0603299  0.0964827  0.164935
0.309938  -0.137532  -0.0603139  -0.137532  0.296523  0.0964605  -0.0603139  0.0964605  0.164924
0.309938  -0.137532  -0.0603139  -0.137532  0.296523  0.0964605  -0.0603139  0.0964605  0.164924
0.309943  -0.137554  -0.0603093  -0.137554  0.296551  0.096468  -0.0603093  0.096468  0.164923
0.309943  -0.137554  -0.0603093  -0.137554  0.296551  0.096468  -0.0603093  0.096468  0.164923
0.30995  -0.137552  -0.0602934  -0.137552  0.296527  0.0964457  -0.0602934  0.0964457  0.164912
0.30995  -0.137552  -0.0602934  -0.137552  0.296527  0.0964457  -0.0602934  0.0964457  0.164912
0.309945  -0.137545  -0.0602749  -0.137545  0.296515  0.0964308  -0.0602749  0.0964308  0.164905
0.30995  -0.137566  -0.0602702  -0.137566  0.296544  0.0964383  -0.0602702  0.0964383  0.164904
0.30995  -0.137566  -0.0602702  -0.137566  0.296544  0.0964383  -0.0602702  0.0964383  0.164904
0.309945  -0.137558  -0.0602517  -0.137558  0.296532  0.0964234  -0.0602517  0.0964234  0.164897
0.309945  -0.137558  -0.0602517  -0.137558  0.296532  0.0964234  -0.0602517  0.0964234  0.164897
0.309957  -0.137565  -0.0602543  -0.137565  0.296519  0.096416  -0.0602543  0.096416  0.164893
0.309962  -0.137586  -0.0602497  -0.137586  0.296548  0.0964235  -0.0602497  0.0964235  0.164891
0.309962  -0.137586  -0.0602497  -0.137586  0.296548  0.0964235  -0.0602497  0.0964235  0.164891
0.309957  -0.137578  -0.0602311  -0.137578  0.296536  0.0964087  -0.0602311  0.0964087  0.164884
0.309957  -0.137578  -0.0602311  -0.137578  0.296536  0.0964087  -0.0602311  0.0964087  0.164884
0.309962  -0.1376  -0.0602265  -0.1376  0.296564  0.0964162  -0.0602265  0.0964162  0.164883
0.309962  -0.1376  -0.0602265  -0.1376  0.296564  0.0964162  -0.0602265  0.0964162  0.164883
0.309957  -0.137592  -0.060208  -0.137592  0.296552  0.0964013  -0.060208  0.0964013  0.164876
0.309957  -0.137592  -0.060208  -0.137592  0.296552  0.0964013  -0.060208  0.0964013  0.164876
0.309957  -0.137592  -0.060208  -0.137592  0.296552  0.0964013  -0.060208  0.0964013  0.164876
0.309951  -0.137585  -0.0601895  -0.137585  0.296541  0.0963864  -0.0601895  0.0963864  0.164869
0.309951  -0.137585  -0.0601895  -0.137585  0.296541  0.0963864  -0.0601895  0.0963864  0.164869
0.309951  -0.137599  -0.0601664  -0.137599  0.296557  0.096379  -0.0601664  0.096379  0.164861
0.309951  -0.137599  -0.0601664  -0.137599  0.296557  0.096379  -0.0601664  0.096379  0.164861
0.309938  -0.137593  -0.0601638  -0.137593  0.296569  0.0963864  -0.0601638  0.0963864  0.164866
0.309938  -0.137593  -0.0601638  -0.137593  0.296569  0.0963864  -0.0601638  0.0963864  0.164866
0.309933  -0.137585  -0.0601453  -0.137585  0.296558  0.0963716  -0.0601453  0.0963716  0.164859
0.309933  -0.137585  -0.0601453  -0.137585  0.296558  0.0963716  -0.0601453  0.0963716  0.164859
0.309928  -0.137577  -0.0601268  -0.137577  0.296546  0.0963567  -0.0601268  0.0963567  0.164852
0.309928  -0.137577  -0.0601268  -0.137577  0.296546  0.0963567  -0.0601268  0.0963567  0.164852
0.309922  -0.13757  -0.0601083  -0.13757  0.296534  0.0963418  -0.0601083  0.0963418  0.164845
0.309922  -0.13757  -0.0601083  -0.13757  0.296534  0.0963418  -0.0601083  0.0963418  0.164845
0.30991  -0.137564  -0.0601057  -0.137564  0.296546  0.0963492  -0.0601057  0.0963492  0.164849
0.30991  -0.137564  -0.0601057  -0.137564  0.296546  0.0963492  -0.0601057  0.0963492  0.164849
0.309905  -0.137556  -0.0600872  -0.137556  0.296534  0.0963344  -0.0600872  0.0963344  0.164842
0.309905  -0.137556  -0.0600872  -0.137556  0.296534  0.0963344  -0.0600872  0.0963344  0.164842
0.309909  -0.137578  -0.0600826  -0.137578  0.296563  0.0963419  -0.0600826  0.0963419  0.164841
0.309904  -0.13757  -0.0600641  -0.13757  0.296551  0.096327  -0.0600641  0.096327  0.164834
0.309904  -0.13757  -0.0600641  -0.13757  0.296551  0.096327  -0.0600641  0.096327  0.164834
0.309899  -0.137562  -0.0600456  -0.137562  0.296539  0.0963122  -0.0600456  0.0963122  0.164827
0.309899  -0.137562  -0.0600456  -0.137562  0.296539  0.0963122  -0.0600456  0.0963122  0.164827
0.309899  -0.137562  -0.0600456  -0.137562  0.296539  0.0963122  -0.0600456  0.0963122  0.164827
0.309899  -0.137562  -0.0600456  -0.137562  0.296539  0.0963122  -0.0600456  0.0963122  0.164827
0.309898  -0.137576  -0.0600225  -0.137576  0.296555  0.0963048  -0.0600225  0.0963048  0.164819
0.309898  -0.137576  -0.0600225  -0.137576  0.296555  0.0963048  -0.0600225  0.0963048  0.164819
0.309893  -0.137569  -0.060004  -0.137569  0.296544  0.0962899  -0.060004  0.0962899  0.164812
0.309893  -0.137569  -0.060004  -0.137569  0.296544  0.0962899  -0.060004  0.0962899  0.164812
0.309888  -0.137561  -0.0599855  -0.137561  0.296532  0.0962751  -0.0599855  0.0962751  0.164805
0.309888  -0.137561  -0.0599855  -0.137561  0.296532  0.0962751  -0.0599855  0.0962751  0.164805
0.309888  -0.137561  -0.0599855  -0.137561  0.296532  0.0962751  -0.0599855  0.0962751  0.164805
0.309888  -0.137575  -0.0599624  -0.137575  0.296548  0.0962677  -0.0599624  0.0962677  0.164797
0.309888  -0.137575  -0.0599624  -0.137575  0.296548  0.0962677  -0.0599624  0.0962677  0.164797
0.309888  -0.137575  -0.0599624  -0.137575  0.296548  0.0962677  -0.0599624  0.0962677  0.164797
0.309888  -0.137575  -0.0599624  -0.137575  0.296548  0.0962677  -0.0599624  0.0962677  0.164797
0.309882  -0.137567  -0.0599439  -0.137567  0.296537  0.0962529  -0.0599439  0.0962529  0.16479
0.309882  -0.137581  -0.0599208  -0.137581  0.296553  0.0962455  -0.0599208  0.0962455  0.164782
0.309882  -0.137581  -0.0599208  -0.137581  0.296553  0.0962455  -0.0599208  0.0962455  0.164782
0.309882  -0.137581  -0.0599208  -0.137581  0.296553  0.0962455  -0.0599208  0.0962455  0.164782
0.309877  -0.137574  -0.0599024  -0.137574  0.296541  0.0962307  -0.0599024  0.0962307  0.164776
0.309877  -0.137574  -0.0599024  -0.137574  0.296541  0.0962307  -0.0599024  0.0962307  0.164776
0.309871  -0.137566  -0.0598839  -0.137566  0.296529  0.0962158  -0.0598839  0.0962158  0.164769
0.309871  -0.137566  -0.0598839  -0.137566  0.296529  0.0962158  -0.0598839  0.0962158  0.164769
0.309871  -0.137566  -0.0598839  -0.137566  0.296529  0.0962158  -0.0598839  0.0962158  0.164769
0.309871  -0.13758  -0.0598608  -0.13758  0.296546  0.0962085  -0.0598608  0.0962085  0.164761
0.309871  -0.13758  -0.0598608  -0.13758  0.296546  0.0962085  -0.0598608  0.0962085  0.164761
0.309866  -0.137573  -0.0598423  -0.137573  0.296534  0.0961936  -0.0598423  0.0961936  0.164754
0.309866  -0.137573  -0.0598423  -0.137573  0.296534  0.0961936  -0.0598423  0.0961936  0.164754
0.30986  -0.137565  -0.0598239  -0.137565  0.296522  0.0961788  -0.0598239  0.0961788  0.164747
0.30986  -0.137565  -0.0598239  -0.137565  0.296522  0.0961788  -0.0598239  0.0961788  0.164747
0.309855  -0.137557  -0.0598054  -0.137557  0.296511  0.096164  -0.0598054  0.096164  0.16474
0.309855  -0.137557  -0.0598054  -0.137557  0.296511  0.096164  -0.0598054  0.096164  0.16474
0.309855  -0.137557  -0.0598054  -0.137557  0.296511  0.096164  -0.0598054  0.096164  0.16474
0.309855  -0.137557  -0.0598054  -0.137557  0.296511  0.096164  -0.0598054  0.096164  0.16474
0.30985  -0.13755  -0.0597869  -0.13755  0.296499  0.0961492  -0.0597869  0.0961492  0.164733
0.30985  -0.13755  -0.0597869  -0.13755  0.296499  0.0961492  -0.0597869  0.0961492  0.164733
0.309845  -0.137542  -0.0597685  -0.137542  0.296487  0.0961343  -0.0597685  0.0961343  0.164726
0.309845  -0.137542  -0.0597685  -0.137542  0.296487  0.0961343  -0.0597685  0.0961343  0.164726
0.309845  -0.137542  -0.0597685  -0.137542  0.296487  0.0961343  -0.0597685  0.0961343  0.164726
0.309845  -0.137542  -0.0597685  -0.137542  0.296487  0.0961343  -0.0597685  0.0961343  0.164726
0.30984  -0.137535  -0.05975  -0.137535  0.296475  0.0961195  -0.05975  0.0961195  0.16472
0.309834  -0.137527  -0.0597316  -0.137527  0.296463  0.0961047  -0.0597316  0.0961047  0.164713
0.309834  -0.137527  -0.0597316  -0.137527  0.296463  0.0961047  -0.0597316  0.0961047  0.164713
0.309834  -0.137527  -0.0597316  -0.137527  0.296463  0.0961047  -0.0597316  0.0961047  0.164713
0.309834  -0.137527  -0.0597316  -0.137527  0.296463  0.0961047  -0.0597316  0.0961047  0.164713
0.309834  -0.137541  -0.0597085  -0.137541  0.29648  0.0960974  -0.0597085  0.0960974  0.164705
0.309834  -0.137541  -0.0597085  -0.137541  0.29648  0.0960974  -0.0597085  0.0960974  0.164705
0.309834  -0.137541  -0.0597085  -0.137541  0.29648  0.0960974  -0.0597085  0.0960974  0.164705
0.309829  -0.137533  -0.05969  -0.137533  0.296468  0.0960826  -0.05969  0.0960826  0.164698
0.309829  -0.137533  -0.05969  -0.137533  0.296468  0.0960826  -0.05969  0.0960826  0.164698
0.309824  -0.137526  -0.0596716  -0.137526  0.296456  0.0960677  -0.0596716  0.0960677  0.164691
0.309824  -0.137526  -0.0596716  -0.137526  0.296456  0.0960677  -0.0596716  0.0960677  0.164691
0.309824  -0.137526  -0.0596716  -0.137526  0.296456  0.0960677  -0.0596716  0.0960677  0.164691
0.309824  -0.137526  -0.0596716  -0.137526  0.296456  0.0960677  -0.0596716  0.0960677  0.164691
0.309824  -0.137526  -0.0596716  -0.137526  0.296456  0.0960677  -0.0596716  0.0960677  0.164691
0.309818  -0.137518  -0.0596532  -0.137518  0.296445  0.0960529  -0.0596532  0.0960529  0.164684
0.309818  -0.137518  -0.0596532  -0.137518  0.296445  0.0960529  -0.0596532  0.0960529  0.164684
0.309818  -0.137518  -0.0596532  -0.137518  0.296445  0.0960529  -0.0596532  0.0960529  0.164684
0.309818  -0.137518  -0.0596532  -0.137518  0.296445  0.0960529  -0.0596532  0.0960529  0.164684
0.309818  -0.137532  -0.0596301  -0.137532  0.296461  0.0960456  -0.0596301  0.0960456  0.164676
0.309818  -0.137532  -0.0596301  -0.137532  0.296461  0.0960456  -0.0596301  0.0960456  0.164676
0.309818  -0.137532  -0.0596301  -0.137532  0.296461  0.0960456  -0.0596301  0.0960456  0.164676
0.309818  -0.137532  -0.0596301  -0.137532  0.296461  0.0960456  -0.0596301  0.0960456  0.164676
0.309818  -0.137532  -0.0596301  -0.137532  0.296461  0.0960456  -0.0596301  0.0960456  0.164676
0.309818  -0.137532  -0.0596301  -0.137532  0.296461  0.0960456  -0.0596301  0.0960456  0.164676
0.309813  -0.137525  -0.0596116  -0.137525  0.296449  0.0960308  -0.0596116  0.0960308  0.16467
0.309813  -0.137525  -0.0596116  -0.137525  0.296449  0.0960308  -0.0596116  0.0960308  0.16467
0.309813  -0.137525  -0.0596116  -0.137525  0.296449  0.0960308  -0.0596116  0.0960308  0.16467
0.309813  -0.137525  -0.0596116  -0.137525  0.296449  0.0960308  -0.0596116  0.0960308  0.16467
0.309813  -0.137525  -0.0596116  -0.137525  0.296449  0.0960308  -0.0596116  0.0960308  0.16467
0.309813  -0.137525  -0.0596116  -0.137525  0.296449  0.0960308  -0.0596116  0.0960308  0.16467
0.309808  -0.137517  -0.0595932  -0.137517  0.296438  0.096016  -0.0595932  0.096016  0.164663
0.309808  -0.137517  -0.0595932  -0.137517  0.296438  0.096016  -0.0595932  0.096016  0.164663
0.309808  -0.137517  -0.0595932  -0.137517  0.296438  0.096016  -0.0595932  0.096016  0.164663
0.309808  -0.137517  -0.0595932  -0.137517  0.296438  0.096016  -0.0595932  0.096016  0.164663
0.309808  -0.137517  -0.0595932  -0.137517  0.296438  0.096016  -0.0595932  0.096016  0.164663
0.309808  -0.137517  -0.0595932  -0.137517  0.296438  0.096016  -0.0595932  0.096016  0.164663
0.30979  -0.137503  -0.0595723  -0.137503  0.296438  0.0960086  -0.0595723  0.0960086  0.16466
0.30979  -0.137503  -0.0595723  -0.137503  0.296438  0.0960086  -0.0595723  0.0960086  0.16466
0.30979  -0.137503  -0.0595723  -0.137503  0.296438  0.0960086  -0.0595723  0.0960086  0.16466
0.30979  -0.137503  -0.0595723  -0.137503  0.296438  0.0960086  -0.0595723  0.0960086  0.16466
0.30979  -0.137503  -0.0595723  -0.137503  0.296438  0.0960086  -0.0595723  0.0960086  0.16466
0.30979  -0.137503  -0.0595723  -0.137503  0.296438  0.0960086  -0.0595723  0.0960086  0.16466
0.309777  -0.137497  -0.0595697  -0.137497  0.29645  0.096016  -0.0595697  0.096016  0.164664
0.309777  -0.137497  -0.0595697  -0.137497  0.29645  0.096016  -0.0595697  0.096016  0.164664
0.309777  -0.137497  -0.0595697  -0.137497  0.29645  0.096016  -0.0595697  0.096016  0.164664
0.309777  -0.137497  -0.0595697  -0.137497  0.29645  0.096016  -0.0595697  0.096016  0.164664
0.309764  -0.137491  -0.0595672  -0.137491  0.296463  0.0960234  -0.0595672  0.0960234  0.164669
0.309764  -0.137491  -0.0595672  -0.137491  0.296463  0.0960234  -0.0595672  0.0960234  0.164669
0.309759  -0.137484  -0.0595488  -0.137484  0.296451  0.0960086  -0.0595488  0.0960086  0.164662
0.309759  -0.137484  -0.0595488  -0.137484  0.296451  0.0960086  -0.0595488  0.0960086  0.164662
0.309747  -0.137478  -0.0595463  -0.137478  0.296463  0.096016  -0.0595463  0.096016  0.164666
0.309747  -0.137478  -0.0595463  -0.137478  0.296463  0.096016  -0.0595463  0.096016  0.164666
0.309747  -0.137478  -0.0595463  -0.137478  0.296463  0.096016  -0.0595463  0.096016  0.164666
0.309747  -0.137478  -0.0595463  -0.137478  0.296463  0.096016  -0.0595463  0.096016  0.164666
0.309747  -0.137478  -0.0595463  -0.137478  0.296463  0.096016  -0.0595463  0.096016  0.164666
0.309734  -0.137472  -0.0595438  -0.137472  0.296475  0.0960234  -0.0595438  0.0960234  0.16467
0.309734  -0.137472  -0.0595438  -0.137472  0.296475  0.0960234  -0.0595438  0.0960234  0.16467
0.309734  -0.137472  -0.0595438  -0.137472  0.296475  0.0960234  -0.0595438  0.0960234  0.16467
0.309734  -0.137472  -0.0595438  -0.137472  0.296475  0.0960234  -0.0595438  0.0960234  0.16467
0.309734  -0.137472  -0.0595438  -0.137472  0.296475  0.0960234  -0.0595438  0.0960234  0.16467
0.309734  -0.137472  -0.0595438  -0.137472  0.296475  0.0960234  -0.0595438  0.0960234  0.16467
0.309739  -0.137493  -0.0595391  -0.137493  0.296504  0.0960309  -0.0595391  0.0960309  0.164669
0.309739  -0.137493  -0.0595391  -0.137493  0.296504  0.0960309  -0.0595391  0.0960309  0.164669
0.309739  -0.137493  -0.0595391  -0.137493  0.296504  0.0960309  -0.0595391  0.0960309  0.164669
0.309739  -0.137493  -0.0595391  -0.137493  0.296504  0.0960309  -0.0595391  0.0960309  0.164669
0.309739  -0.137493  -0.0595391  -0.137493  0.296504  0.0960309  -0.0595391  0.0960309  0.164669
0.309739  -0.137493  -0.0595391  -0.137493  0.296504  0.0960309  -0.0595391  0.0960309  0.164669
0.309739  -0.137493  -0.0595391  -0.137493  0.296504  0.0960309  -0.0595391  0.0960309  0.164669
0.309738  -0.137507  -0.059516  -0.137507  0.29652  0.0960235  -0.059516  0.0960235  0.164661
0.309738  -0.137507  -0.059516  -0.137507  0.29652  0.0960235  -0.059516  0.0960235  0.164661
0.309738  -0.137507  -0.059516  -0.137507  0.29652  0.0960235  -0.059516  0.0960235  0.164661
0.309756  -0.137535  -0.0595139  -0.137535  0.296536  0.0960236  -0.0595139  0.0960236  0.164656
0.309756  -0.137535  -0.0595139  -0.137535  0.296536  0.0960236  -0.0595139  0.0960236  0.164656
0.309756  -0.137535  -0.0595139  -0.137535  0.296536  0.0960236  -0.0595139  0.0960236  0.164656
0.309756  -0.137535  -0.0595139  -0.137535  0.296536  0.0960236  -0.0595139  0.0960236  0.164656
0.30975  -0.137527  -0.0594954  -0.137527  0.296524  0.0960088  -0.0594954  0.0960088  0.164649
0.309755  -0.137548  -0.0594908  -0.137548  0.296553  0.0960162  -0.0594908  0.0960162  0.164648
0.309755  -0.137548  -0.0594908  -0.137548  0.296553  0.0960162  -0.0594908  0.0960162  0.164648
0.309755  -0.137548  -0.0594908  -0.137548  0.296553  0.0960162  -0.0594908  0.0960162  0.164648
0.309755  -0.137548  -0.0594908  -0.137548  0.296553  0.0960162  -0.0594908  0.0960162  0.164648
0.30976  -0.13757  -0.0594861  -0.13757  0.296581  0.0960237  -0.0594861  0.0960237  0.164647
0.30976  -0.13757  -0.0594861  -0.13757  0.296581  0.0960237  -0.0594861  0.0960237  0.164647
0.309755  -0.137562  -0.0594677  -0.137562  0.296569  0.0960089  -0.0594677  0.0960089  0.16464
0.309767  -0.137568  -0.0594702  -0.137568  0.296557  0.0960015  -0.0594702  0.0960015  0.164636
0.309767  -0.137568  -0.0594702  -0.137568  0.296557  0.0960015  -0.0594702  0.0960015  0.164636
0.309759  -0.137584  -0.059463  -0.137584  0.296598  0.0960163  -0.059463  0.0960163  0.164639
0.309759  -0.137584  -0.059463  -0.137584  0.296598  0.0960163  -0.059463  0.0960163  0.164639
0.309759  -0.137584  -0.059463  -0.137584  0.296598  0.0960163  -0.059463  0.0960163  0.164639
0.309754  -0.137576  -0.0594446  -0.137576  0.296586  0.0960015  -0.0594446  0.0960015  0.164632
0.309754  -0.137576  -0.0594446  -0.137576  0.296586  0.0960015  -0.0594446  0.0960015  0.164632
0.309754  -0.137576  -0.0594446  -0.137576  0.296586  0.0960015  -0.0594446  0.0960015  0.164632
0.309754  -0.137576  -0.0594446  -0.137576  0.296586  0.0960015  -0.0594446  0.0960015  0.164632
0.309754  -0.137576  -0.0594446  -0.137576  0.296586  0.0960015  -0.0594446  0.0960015  0.164632
0.309749  -0.137569  -0.0594262  -0.137569  0.296574  0.0959867  -0.0594262  0.0959867  0.164626
0.309749  -0.137569  -0.0594262  -0.137569  0.296574  0.0959867  -0.0594262  0.0959867  0.164626
0.309749  -0.137569  -0.0594262  -0.137569  0.296574  0.0959867  -0.0594262  0.0959867  0.164626
0.309749  -0.137569  -0.0594262  -0.137569  0.296574  0.0959867  -0.0594262  0.0959867  0.164626
0.309749  -0.137569  -0.0594262  -0.137569  0.296574  0.0959867  -0.0594262  0.0959867  0.164626
0.309749  -0.137569  -0.0594262  -0.137569  0.296574  0.0959867  -0.0594262  0.0959867  0.164626
0.309749  -0.137569  -0.0594262  -0.137569  0.296574  0.0959867  -0.0594262  0.0959867  0.164626
0.309744  -0.137561  -0.0594078  -0.137561  0.296562  0.095972  -0.0594078  0.095972  0.164619
0.309744  -0.137561  -0.0594078  -0.137561  0.296562  0.095972  -0.0594078  0.095972  0.164619
0.309744  -0.137561  -0.0594078  -0.137561  0.296562  0.095972  -0.0594078  0.095972  0.164619
0.309744  -0.137561  -0.0594078  -0.137561  0.296562  0.095972  -0.0594078  0.095972  0.164619
0.309744  -0.137561  -0.0594078  -0.137561  0.296562  0.095972  -0.0594078  0.095972  0.164619
0.309731  -0.137555  -0.0594053  -0.137555  0.296575  0.0959794  -0.0594053  0.0959794  0.164623
0.309731  -0.137555  -0.0594053  -0.137555  0.296575  0.0959794  -0.0594053  0.0959794  0.164623
0.309731  -0.137555  -0.0594053  -0.137555  0.296575  0.0959794  -0.0594053  0.0959794  0.164623
0.309731  -0.137555  -0.0594053  -0.137555  0.296575  0.0959794  -0.0594053  0.0959794  0.164623
0.309731  -0.137555  -0.0594053  -0.137555  0.296575  0.0959794  -0.0594053  0.0959794  0.164623
0.309726  -0.137547  -0.0593869  -0.137547  0.296563  0.0959646  -0.0593869  0.0959646  0.164616
0.309726  -0.137547  -0.0593869  -0.137547  0.296563  0.0959646  -0.0593869  0.0959646  0.164616
0.309726  -0.137547  -0.0593869  -0.137547  0.296563  0.0959646  -0.0593869  0.0959646  0.164616
0.309713  -0.137541  -0.0593844  -0.137541  0.296575  0.095972  -0.0593844  0.095972  0.164621
0.309713  -0.137541  -0.0593844  -0.137541  0.296575  0.095972  -0.0593844  0.095972  0.164621
0.309713  -0.137541  -0.0593844  -0.137541  0.296575  0.095972  -0.0593844  0.095972  0.164621
0.309713  -0.137541  -0.0593844  -0.137541  0.296575  0.095972  -0.0593844  0.095972  0.164621
0.309713  -0.137541  -0.0593844  -0.137541  0.296575  0.095972  -0.0593844  0.095972  0.164621
0.309718  -0.137563  -0.0593797  -0.137563  0.296604  0.0959794  -0.0593797  0.0959794  0.16462
0.309711  -0.137564  -0.0593956  -0.137564  0.296628  0.0960016  -0.0593956  0.0960016  0.16463
0.309711  -0.137564  -0.0593956  -0.137564  0.296628  0.0960016  -0.0593956  0.0960016  0.16463
0.309711  -0.137564  -0.0593956  -0.137564  0.296628  0.0960016  -0.0593956  0.0960016  0.16463
0.309711  -0.137564  -0.0593956  -0.137564  0.296628  0.0960016  -0.0593956  0.0960016  0.16463
0.309711  -0.137564  -0.0593956  -0.137564  0.296628  0.0960016  -0.0593956  0.0960016  0.16463
0.309711  -0.137564  -0.0593956  -0.137564  0.296628  0.0960016  -0.0593956  0.0960016  0.16463
0.309715  -0.137586  -0.0593909  -0.137586  0.296656  0.0960091  -0.0593909  0.0960091  0.164629
0.309715  -0.137586  -0.0593909  -0.137586  0.296656  0.0960091  -0.0593909  0.0960091  0.164629
0.309703  -0.13758  -0.0593884  -0.13758  0.296668  0.0960165  -0.0593884  0.0960165  0.164634
0.309703  -0.13758  -0.0593884  -0.13758  0.296668  0.0960165  -0.0593884  0.0960165  0.164634
0.309703  -0.13758  -0.0593884  -0.13758  0.296668  0.0960165  -0.0593884  0.0960165  0.164634
0.309708  -0.137601  -0.0593837  -0.137601  0.296697  0.0960239  -0.0593837  0.0960239  0.164633
0.309708  -0.137601  -0.0593837  -0.137601  0.296697  0.0960239  -0.0593837  0.0960239  0.164633
0.309708  -0.137601  -0.0593837  -0.137601  0.296697  0.0960239  -0.0593837  0.0960239  0.164633
0.309708  -0.137601  -0.0593837  -0.137601  0.296697  0.0960239  -0.0593837  0.0960239  0.164633
0.309712  -0.137623  -0.059379  -0.137623  0.296725  0.0960313  -0.059379  0.0960313  0.164632
0.309712  -0.137623  -0.059379  -0.137623  0.296725  0.0960313  -0.059379  0.0960313  0.164632
0.309712  -0.137623  -0.059379  -0.137623  0.296725  0.0960313  -0.059379  0.0960313  0.164632
0.309735  -0.137658  -0.0593952  -0.137658  0.296753  0.0960462  -0.0593952  0.0960462  0.164633
0.309735  -0.137658  -0.0593952  -0.137658  0.296753  0.0960462  -0.0593952  0.0960462  0.164633
0.309739  -0.137679  -0.0593906  -0.137679  0.296781  0.0960536  -0.0593906  0.0960536  0.164632
0.309739  -0.137679  -0.0593906  -0.137679  0.296781  0.0960536  -0.0593906  0.0960536  0.164632
0.309739  -0.137679  -0.0593906  -0.137679  0.296781  0.0960536  -0.0593906  0.0960536  0.164632
0.309744  -0.1377  -0.0593859  -0.1377  0.29681  0.096061  -0.0593859  0.096061  0.164631
0.309744  -0.1377  -0.0593859  -0.1377  0.29681  0.096061  -0.0593859  0.096061  0.164631
0.309731  -0.137694  -0.0593834  -0.137694  0.296822  0.0960684  -0.0593834  0.0960684  0.164635
0.309736  -0.137716  -0.0593787  -0.137716  0.29685  0.0960759  -0.0593787  0.0960759  0.164634
0.309736  -0.137716  -0.0593787  -0.137716  0.29685  0.0960759  -0.0593787  0.0960759  0.164634
0.309736  -0.137716  -0.0593787  -0.137716  0.29685  0.0960759  -0.0593787  0.0960759  0.164634
0.309736  -0.137716  -0.0593787  -0.137716  0.29685  0.0960759  -0.0593787  0.0960759  0.164634
0.309736  -0.137716  -0.0593787  -0.137716  0.29685  0.0960759  -0.0593787  0.0960759  0.164634
0.309741  -0.137737  -0.059374  -0.137737  0.296879  0.0960833  -0.059374  0.0960833  0.164633
0.309741  -0.137737  -0.059374  -0.137737  0.296879  0.0960833  -0.059374  0.0960833  0.164633
0.309741  -0.137737  -0.059374  -0.137737  0.296879  0.0960833  -0.059374  0.0960833  0.164633
0.309741  -0.137737  -0.059374  -0.137737  0.296879  0.0960833  -0.059374  0.0960833  0.164633
0.309741  -0.137737  -0.059374  -0.137737  0.296879  0.0960833  -0.059374  0.0960833  0.164633
0.309736  -0.13773  -0.0593556  -0.13773  0.296867  0.0960685  -0.0593556  0.0960685  0.164626
0.309736  -0.13773  -0.0593556  -0.13773  0.296867  0.0960685  -0.0593556  0.0960685  0.164626
0.309728  -0.137745  -0.0593484  -0.137745  0.296908  0.0960834  -0.0593484  0.0960834  0.164629
0.309728  -0.137745  -0.0593484  -0.137745  0.296908  0.0960834  -0.0593484  0.0960834  0.164629
0.309723  -0.137738  -0.05933  -0.137738  0.296896  0.0960686  -0.05933  0.0960686  0.164623
0.309723  -0.137738  -0.05933  -0.137738  0.296896  0.0960686  -0.05933  0.0960686  0.164623
0.309723  -0.137738  -0.05933  -0.137738  0.296896  0.0960686  -0.05933  0.0960686  0.164623
0.309705  -0.137724  -0.0593091  -0.137724  0.296896  0.0960612  -0.0593091  0.0960612  0.16462
0.309705  -0.137724  -0.0593091  -0.137724  0.296896  0.0960612  -0.0593091  0.0960612  0.16462
0.3097  -0.137716  -0.0592907  -0.137716  0.296885  0.0960464  -0.0592907  0.0960464  0.164613
0.3097  -0.137716  -0.0592907  -0.137716  0.296885  0.0960464  -0.0592907  0.0960464  0.164613
0.309687  -0.13771  -0.0592881  -0.13771  0.296897  0.0960538  -0.0592881  0.0960538  0.164618
0.309672  -0.137674  -0.059256  -0.137674  0.296845  0.0960168  -0.059256  0.0960168  0.164605
0.309659  -0.137668  -0.0592535  -0.137668  0.296857  0.0960242  -0.0592535  0.0960242  0.164609
0.309654  -0.13766  -0.0592351  -0.13766  0.296845  0.0960094  -0.0592351  0.0960094  0.164603
0.309637  -0.137647  -0.0592142  -0.137647  0.296846  0.0960021  -0.0592142  0.0960021  0.1646
0.309631  -0.137639  -0.0591959  -0.137639  0.296834  0.0959873  -0.0591959  0.0959873  0.164593
0.309609  -0.137618  -0.0591566  -0.137618  0.296823  0.0959652  -0.0591566  0.0959652  0.164584
0.309609  -0.137618  -0.0591566  -0.137618  0.296823  0.0959652  -0.0591566  0.0959652  0.164584
0.309573  -0.137591  -0.0591149  -0.137591  0.296824  0.0959505  -0.0591149  0.0959505  0.164579
0.309573  -0.137591  -0.0591149  -0.137591  0.296824  0.0959505  -0.0591149  0.0959505  0.164579
0.309528  -0.137535  -0.0590595  -0.137535  0.296785  0.0959136  -0.0590595  0.0959136  0.164568
0.309523  -0.137527  -0.0590411  -0.137527  0.296773  0.0958989  -0.0590411  0.0958989  0.164562
0.309505  -0.137514  -0.0590203  -0.137514  0.296774  0.0958915  -0.0590203  0.0958915  0.164559
0.30946  -0.137458  -0.058965  -0.137458  0.296735  0.0958547  -0.058965  0.0958547  0.164549
0.309432  -0.137429  -0.0589075  -0.137429  0.296712  0.095818  -0.0589075  0.095818  0.164533
0.30942  -0.137423  -0.058905  -0.137423  0.296724  0.0958254  -0.058905  0.0958254  0.164537
0.309397  -0.137402  -0.0588659  -0.137402  0.296713  0.0958033  -0.0588659  0.0958033  0.164528
0.309347  -0.137339  -0.0587924  -0.137339  0.296662  0.0957519  -0.0587924  0.0957519  0.164511
0.30929  -0.137277  -0.0587347  -0.137277  0.296635  0.0957227  -0.0587347  0.0957227  0.164505
0.30929  -0.137277  -0.0587347  -0.137277  0.296635  0.0957227  -0.0587347  0.0957227  0.164505
0.309223  -0.1372  -0.0586406  -0.1372  0.296585  0.0956641  -0.0586406  0.0956641  0.164485
0.309211  -0.137194  -0.0586381  -0.137194  0.296598  0.0956715  -0.0586381  0.0956715  0.16449
0.309127  -0.13709  -0.0585464  -0.13709  0.296532  0.095613  -0.0585464  0.095613  0.164476
0.309122  -0.137083  -0.0585281  -0.137083  0.29652  0.0955984  -0.0585281  0.0955984  0.164469
0.309082  -0.137035  -0.0584915  -0.137035  0.296493  0.0955765  -0.0584915  0.0955765  0.164465
0.308998  -0.136945  -0.058377  -0.136945  0.296444  0.095511  -0.058377  0.095511  0.164444
0.308981  -0.136932  -0.0583563  -0.136932  0.296444  0.0955038  -0.0583563  0.0955038  0.164442
0.308888  -0.136813  -0.0582286  -0.136813  0.296355  0.0954164  -0.0582286  0.0954164  0.164415
0.308871  -0.1368  -0.0582079  -0.1368  0.296356  0.0954092  -0.0582079  0.0954092  0.164413
0.308766  -0.136676  -0.058078  -0.136676  0.29628  0.0953295  -0.058078  0.0953295  0.164391
0.308749  -0.136663  -0.0580574  -0.136663  0.29628  0.0953223  -0.0580574  0.0953223  0.164389
0.3087  -0.1366  -0.0579847  -0.1366  0.29623  0.0952715  -0.0579847  0.0952715  0.164372
0.308591  -0.136469  -0.0578371  -0.136469  0.296143  0.0951776  -0.0578371  0.0951776  0.164344
0.308574  -0.136456  -0.0578166  -0.136456  0.296143  0.0951705  -0.0578166  0.0951705  0.164342
0.308452  -0.13629  -0.057638  -0.13629  0.296005  0.0950405  -0.057638  0.0950405  0.164303
0.308435  -0.136276  -0.0576175  -0.136276  0.296005  0.0950334  -0.0576175  0.0950334  0.1643
0.308375  -0.136208  -0.0575428  -0.136208  0.295968  0.0949904  -0.0575428  0.0949904  0.164289
0.308236  -0.136029  -0.0573444  -0.136029  0.295831  0.094854  -0.0573444  0.094854  0.164248
0.308215  -0.135995  -0.0573288  -0.135995  0.295804  0.0948396  -0.0573288  0.0948396  0.164247
0.308163  -0.135926  -0.0572389  -0.135926  0.295743  0.0947751  -0.0572389  0.0947751  0.164225
0.308014  -0.135742  -0.057039  -0.135742  0.295618  0.0946467  -0.057039  0.0946467  0.16419
0.308005  -0.135714  -0.0570258  -0.135714  0.295579  0.0946251  -0.0570258  0.0946251  0.164184
0.307853  -0.135523  -0.0568086  -0.135523  0.295444  0.094483  -0.0568086  0.094483  0.164143
0.307849  -0.135503  -0.0568134  -0.135503  0.295416  0.0944757  -0.0568134  0.0944757  0.164144
0.307685  -0.135307  -0.0565945  -0.135307  0.295294  0.0943415  -0.0565945  0.0943415  0.164108
0.307665  -0.135273  -0.0565791  -0.135273  0.295267  0.0943274  -0.0565791  0.0943274  0.164107
0.307503  -0.135078  -0.0563609  -0.135078  0.295145  0.0941938  -0.0563609  0.0941938  0.164071
0.307482  -0.135044  -0.0563456  -0.135044  0.295118  0.0941797  -0.0563456  0.0941797  0.164071
0.307322  -0.13485  -0.0561282  -0.13485  0.294997  0.0940467  -0.0561282  0.0940467  0.164036
0.307313  -0.134822  -0.0561153  -0.134822  0.294958  0.0940253  -0.0561153  0.0940253  0.164031
0.30715  -0.134608  -0.0559034  -0.134608  0.29481  0.0938857  -0.0559034  0.0938857  0.163998
0.307146  -0.134601  -0.0558857  -0.134601  0.294799  0.0938715  -0.0558857  0.0938715  0.163992
0.306968  -0.134375  -0.0556545  -0.134375  0.294652  0.0937257  -0.0556545  0.0937257  0.163958
0.306943  -0.134335  -0.0556218  -0.134335  0.294614  0.0936978  -0.0556218  0.0936978  0.163951
0.306871  -0.134256  -0.0555293  -0.134256  0.29458  0.0936497  -0.0555293  0.0936497  0.16394
0.306676  -0.133998  -0.0552844  -0.133998  0.294408  0.0934912  -0.0552844  0.0934912  0.163907
0.306668  -0.13397  -0.0552717  -0.13397  0.294369  0.09347  -0.0552717  0.09347  0.163902
0.306593  -0.133872  -0.0551845  -0.133872  0.294307  0.0934152  -0.0551845  0.0934152  0.163892
0.306419  -0.133648  -0.0549558  -0.133648  0.294163  0.0932714  -0.0549558  0.0932714  0.163861
0.3064  -0.133629  -0.0549186  -0.133629  0.294153  0.0932509  -0.0549186  0.0932509  0.163854
0.306224  -0.133386  -0.0546956  -0.133386  0.293982  0.0931007  -0.0546956  0.0931007  0.163824
0.306209  -0.133373  -0.0546759  -0.133373  0.293983  0.0930942  -0.0546759  0.0930942  0.163822
0.306035  -0.133145  -0.0544316  -0.133145  0.293829  0.0929379  -0.0544316  0.0929379  0.163787
0.306015  -0.133125  -0.0543946  -0.133125  0.293819  0.0929175  -0.0543946  0.0929175  0.16378
0.305938  -0.133021  -0.0542912  -0.133021  0.293748  0.0928498  -0.0542912  0.0928498  0.163766
0.305771  -0.132801  -0.0540655  -0.132801  0.293606  0.0927084  -0.0540655  0.0927084  0.163737
0.305756  -0.132788  -0.054046  -0.132788  0.293607  0.092702  -0.054046  0.092702  0.163736
0.305699  -0.132717  -0.0539578  -0.132717  0.293562  0.0926482  -0.0539578  0.0926482  0.163723
0.305537  -0.132518  -0.0537282  -0.132518  0.293448  0.0925146  -0.0537282  0.0925146  0.163695
0.305518  -0.132486  -0.0537137  -0.132486  0.293422  0.0925013  -0.0537137  0.0925013  0.163694
0.305362  -0.132294  -0.0535022  -0.132294  0.29332  0.0923821  -0.0535022  0.0923821  0.163672
0.305347  -0.132282  -0.0534828  -0.132282  0.293322  0.0923757  -0.0534828  0.0923757  0.163671
0.305291  -0.132212  -0.0533953  -0.132212  0.293277  0.0923225  -0.0533953  0.0923225  0.163659
0.305139  -0.132013  -0.0531526  -0.132013  0.293141  0.0921694  -0.0531526  0.0921694  0.163622
0.305135  -0.132007  -0.0531355  -0.132007  0.293131  0.0921557  -0.0531355  0.0921557  0.163617
0.304997  -0.131829  -0.0529449  -0.131829  0.293028  0.0920441  -0.0529449  0.0920441  0.163598
0.304993  -0.131823  -0.0529278  -0.131823  0.293018  0.0920305  -0.0529278  0.0920305  0.163592
0.304865  -0.131664  -0.0527179  -0.131664  0.29292  0.0919054  -0.0527179  0.0919054  0.163563
0.304847  -0.131646  -0.0526817  -0.131646  0.29291  0.0918856  -0.0526817  0.0918856  0.163557
0.304793  -0.131576  -0.0525951  -0.131576  0.292866  0.0918331  -0.0525951  0.0918331  0.163546
0.304667  -0.131419  -0.0523861  -0.131419  0.292769  0.0917086  -0.0523861  0.0917086  0.163517
0.304581  -0.131319  -0.0522447  -0.131319  0.292718  0.0916307  -0.0522447  0.0916307  0.1635
0.304581  -0.131319  -0.0522447  -0.131319  0.292718  0.0916307  -0.0522447  0.0916307  0.1635
0.304442  -0.131151  -0.0520177  -0.131151  0.292623  0.0915009  -0.0520177  0.0915009  0.163472
0.304438  -0.131144  -0.0520007  -0.131144  0.292612  0.0914875  -0.0520007  0.0914875  0.163467
0.304315  -0.130988  -0.0517933  -0.130988  0.292516  0.0913643  -0.0517933  0.0913643  0.163441
0.304315  -0.130988  -0.0517933  -0.130988  0.292516  0.0913643  -0.0517933  0.0913643  0.163441
0.304192  -0.130832  -0.0515865  -0.130832  0.29242  0.0912417  -0.0515865  0.0912417  0.163415
0.304185  -0.130819  -0.0515528  -0.130819  0.292399  0.091215  -0.0515528  0.091215  0.163405
0.304133  -0.130751  -0.0514675  -0.130751  0.292356  0.0911635  -0.0514675  0.0911635  0.163395
0.304029  -0.130628  -0.0512754  -0.130628  0.292286  0.0910543  -0.0512754  0.0910543  0.16337
0.304025  -0.130621  -0.0512586  -0.130621  0.292275  0.091041  -0.0512586  0.091041  0.163365
0.303908  -0.130473  -0.0510699  -0.130473  0.292191  0.0909327  -0.0510699  0.0909327  0.163345
0.303908  -0.130473  -0.0510699  -0.130473  0.292191  0.0909327  -0.0510699  0.0909327  0.163345
0.303796  -0.130346  -0.0508767  -0.130346  0.292134  0.0908316  -0.0508767  0.0908316  0.163326
0.303792  -0.130339  -0.0508599  -0.130339  0.292124  0.0908183  -0.0508599  0.0908183  0.163321
0.303758  -0.130303  -0.0507891  -0.130303  0.292106  0.0907801  -0.0507891  0.0907801  0.163311
0.303656  -0.130168  -0.0506202  -0.130168  0.292021  0.0906786  -0.0506202  0.0906786  0.163293
0.303643  -0.130156  -0.0506015  -0.130156  0.292023  0.0906728  -0.0506015  0.0906728  0.163293
0.303545  -0.130014  -0.0504019  -0.130014  0.291905  0.0905379  -0.0504019  0.0905379  0.163262
0.303532  -0.130002  -0.0503832  -0.130002  0.291907  0.0905321  -0.0503832  0.0905321  0.163262
0.303432  -0.129868  -0.0502153  -0.129868  0.291822  0.0904314  -0.0502153  0.0904314  0.163245
0.303419  -0.129856  -0.0501967  -0.129856  0.291824  0.0904256  -0.0501967  0.0904256  0.163245
0.30332  -0.129722  -0.0500292  -0.129722  0.29174  0.0903252  -0.0500292  0.0903252  0.163228
0.303317  -0.129703  -0.0500342  -0.129703  0.291714  0.0903185  -0.0500342  0.0903185  0.163229
0.303215  -0.129563  -0.0498506  -0.129563  0.291619  0.0902053  -0.0498506  0.0902053  0.163208
0.303211  -0.129556  -0.049834  -0.129556  0.291609  0.0901923  -0.049834  0.0901923  0.163204
0.303107  -0.129397  -0.0496559  -0.129397  0.291489  0.0900729  -0.0496559  0.0900729  0.163185
0.303104  -0.129391  -0.0496394  -0.129391  0.291479  0.0900598  -0.0496394  0.0900598  0.16318
0.302995  -0.129233  -0.0494763  -0.129233  0.291381  0.0899612  -0.0494763  0.0899612  0.16317
0.302988  -0.129208  -0.049465  -0.129208  0.291345  0.0899415  -0.049465  0.0899415  0.163167
0.30294  -0.129141  -0.049382  -0.129141  0.291303  0.089892  -0.049382  0.089892  0.163159
0.302823  -0.128953  -0.0491918  -0.128953  0.29116  0.0897614  -0.0491918  0.0897614  0.163142
0.302819  -0.128946  -0.0491754  -0.128946  0.291149  0.0897484  -0.0491754  0.0897484  0.163138
0.302712  -0.128763  -0.0489878  -0.128763  0.290994  0.089611  -0.0489878  0.089611  0.163117
0.302628  -0.128624  -0.0488464  -0.128624  0.290884  0.0895119  -0.0488464  0.0895119  0.163104
0.302625  -0.128605  -0.0488515  -0.128605  0.290858  0.0895053  -0.0488515  0.0895053  0.163104
0.302501  -0.128386  -0.0486354  -0.128386  0.29067  0.0893438  -0.0486354  0.0893438  0.163081
0.302486  -0.128356  -0.0486224  -0.128356  0.290645  0.0893317  -0.0486224  0.0893317  0.163082
0.302446  -0.128276  -0.0485474  -0.128276  0.290566  0.0892692  -0.0485474  0.0892692  0.163072
