0.299987  -0.122345  -0.0621837  -0.122345  0.291876  0.0987153  -0.0621837  0.0987153  0.169413
0.299987  -0.122345  -0.0621837  -0.122345  0.291876  0.0987153  -0.0621837  0.0987153  0.169413
0.299987  -0.122345  -0.0621837  -0.122345  0.291876  0.0987153  -0.0621837  0.0987153  0.169413
0.299984  -0.122417  -0.0620364  -0.122417  0.291943  0.0986634  -0.0620364  0.0986634  0.169352
0.299987  -0.122435  -0.062032  -0.122435  0.291967  0.0986712  -0.062032  0.0986712  0.169351
0.299984  -0.122442  -0.0619931  -0.122442  0.291969  0.0986508  -0.0619931  0.0986508  0.169334
0.299976  -0.122412  -0.0619631  -0.122412  0.291923  0.0986148  -0.0619631  0.0986148  0.169321
0.299982  -0.122463  -0.061862  -0.122463  0.291951  0.0985685  -0.061862  0.0985685  0.169273
0.29998  -0.122457  -0.0618448  -0.122457  0.29194  0.0985544  -0.0618448  0.0985544  0.169266
0.299986  -0.122483  -0.061787  -0.122483  0.291943  0.0985207  -0.061787  0.0985207  0.169237
0.300005  -0.122456  -0.061787  -0.122456  0.291848  0.09847  -0.061787  0.09847  0.169219
0.300005  -0.122456  -0.061787  -0.122456  0.291848  0.09847  -0.061787  0.09847  0.169219
0.300029  -0.122518  -0.0616915  -0.122518  0.291853  0.0984097  -0.0616915  0.0984097  0.169164
0.300037  -0.122523  -0.0616943  -0.122523  0.29184  0.0984027  -0.0616943  0.0984027  0.16916
0.300062  -0.122508  -0.0617287  -0.122508  0.291767  0.0983801  -0.0617287  0.0983801  0.169157
0.300062  -0.122495  -0.0617504  -0.122495  0.291754  0.0983864  -0.0617504  0.0983864  0.169166
0.300088  -0.122575  -0.0616504  -0.122575  0.291783  0.0983339  -0.0616504  0.0983339  0.169109
0.300085  -0.12257  -0.0616332  -0.12257  0.291772  0.0983198  -0.0616332  0.0983198  0.169102
0.300098  -0.122569  -0.0616043  -0.122569  0.291726  0.0982777  -0.0616043  0.0982777  0.169079
0.300101  -0.122575  -0.0616215  -0.122575  0.291737  0.0982917  -0.0616215  0.0982917  0.169086
0.300107  -0.122562  -0.0616287  -0.122562  0.291701  0.0982769  -0.0616287  0.0982769  0.169083
0.300095  -0.12264  -0.0614572  -0.12264  0.291793  0.0982259  -0.0614572  0.0982259  0.169019
0.300092  -0.122634  -0.06144  -0.122634  0.291782  0.0982118  -0.06144  0.0982118  0.169012
0.300073  -0.122568  -0.0614334  -0.122568  0.291711  0.0981816  -0.0614334  0.0981816  0.169013
0.300073  -0.122568  -0.0614334  -0.122568  0.291711  0.0981816  -0.0614334  0.0981816  0.169013
0.300054  -0.122565  -0.0613187  -0.122565  0.291705  0.09812  -0.0613187  0.09812  0.16897
0.300051  -0.122572  -0.0612799  -0.122572  0.291707  0.0980997  -0.0612799  0.0980997  0.168955
0.300046  -0.12256  -0.0612455  -0.12256  0.291685  0.0980717  -0.0612455  0.0980717  0.16894
0.300025  -0.122437  -0.0613083  -0.122437  0.291551  0.0980527  -0.0613083  0.0980527  0.168969
0.300025  -0.122437  -0.0613083  -0.122437  0.291551  0.0980527  -0.0613083  0.0980527  0.168969
0.3  -0.122473  -0.0611433  -0.122473  0.291608  0.0979935  -0.0611433  0.0979935  0.168912
0.3  -0.122473  -0.0611433  -0.122473  0.291608  0.0979935  -0.0611433  0.0979935  0.168912
0.299984  -0.122386  -0.0611971  -0.122386  0.291522  0.0979899  -0.0611971  0.0979899  0.168938
0.299981  -0.122368  -0.0612016  -0.122368  0.291498  0.0979822  -0.0612016  0.0979822  0.168939
0.299952  -0.122384  -0.0611115  -0.122384  0.291562  0.0979705  -0.0611115  0.0979705  0.168919
0.299954  -0.122403  -0.061107  -0.122403  0.291586  0.0979782  -0.061107  0.0979782  0.168917
0.299938  -0.122368  -0.0610745  -0.122368  0.291553  0.0979496  -0.0610745  0.0979496  0.168909
0.299938  -0.122368  -0.0610745  -0.122368  0.291553  0.0979496  -0.0610745  0.0979496  0.168909
0.299916  -0.122307  -0.0610995  -0.122307  0.291516  0.0979545  -0.0610995  0.0979545  0.168929
0.299916  -0.12232  -0.0610779  -0.12232  0.291529  0.0979482  -0.0610779  0.0979482  0.16892
0.29989  -0.122318  -0.060978  -0.122318  0.291546  0.0979079  -0.060978  0.0979079  0.16889
0.299888  -0.122299  -0.0609824  -0.122299  0.291522  0.0979002  -0.0609824  0.0979002  0.168891
0.299872  -0.1222  -0.0610578  -0.1222  0.291424  0.0979029  -0.0610578  0.0979029  0.168925
0.299864  -0.122207  -0.0610335  -0.122207  0.291449  0.0979037  -0.0610335  0.0979037  0.168921
0.29985  -0.122203  -0.060975  -0.122203  0.291452  0.0978766  -0.060975  0.0978766  0.168902
0.299831  -0.122175  -0.0609039  -0.122175  0.29142  0.0978279  -0.0609039  0.0978279  0.168878
0.299831  -0.122175  -0.0609039  -0.122175  0.29142  0.0978279  -0.0609039  0.0978279  0.168878
0.299804  -0.122091  -0.0609163  -0.122091  0.291349  0.0978111  -0.0609163  0.0978111  0.168892
0.299802  -0.122085  -0.0608992  -0.122085  0.291338  0.0977972  -0.0608992  0.0977972  0.168885
0.299779  -0.122101  -0.060795  -0.122101  0.291379  0.0977648  -0.060795  0.0977648  0.168853
0.299779  -0.122101  -0.060795  -0.122101  0.291379  0.0977648  -0.060795  0.0977648  0.168853
0.299766  -0.122034  -0.0608443  -0.122034  0.291318  0.0977688  -0.0608443  0.0977688  0.168877
0.299766  -0.122034  -0.0608443  -0.122034  0.291318  0.0977688  -0.0608443  0.0977688  0.168877
0.299754  -0.122061  -0.0607599  -0.122061  0.291358  0.0977433  -0.0607599  0.0977433  0.168849
0.299754  -0.122061  -0.0607599  -0.122061  0.291358  0.0977433  -0.0607599  0.0977433  0.168849
0.299754  -0.122023  -0.0608245  -0.122023  0.291319  0.097762  -0.0608245  0.097762  0.168875
0.299754  -0.122023  -0.0608245  -0.122023  0.291319  0.097762  -0.0608245  0.097762  0.168875
0.299752  -0.122043  -0.0607644  -0.122043  0.291334  0.0977356  -0.0607644  0.0977356  0.16885
0.299752  -0.122055  -0.0607429  -0.122055  0.291347  0.0977294  -0.0607429  0.0977294  0.168842
0.299749  -0.122037  -0.0607473  -0.122037  0.291323  0.0977217  -0.0607473  0.0977217  0.168843
0.299747  -0.122018  -0.0607518  -0.122018  0.291299  0.0977141  -0.0607518  0.0977141  0.168845
0.299744  -0.122026  -0.0607132  -0.122026  0.291301  0.0976939  -0.0607132  0.0976939  0.168829
0.299744  -0.122038  -0.0606917  -0.122038  0.291314  0.0976877  -0.0606917  0.0976877  0.16882
0.299742  -0.122058  -0.0606316  -0.122058  0.29133  0.0976614  -0.0606316  0.0976614  0.168796
0.299746  -0.122001  -0.0606863  -0.122001  0.291244  0.0976515  -0.0606863  0.0976515  0.168812
0.299746  -0.122001  -0.0606863  -0.122001  0.291244  0.0976515  -0.0606863  0.0976515  0.168812
0.299757  -0.122063  -0.0606199  -0.122063  0.291295  0.0976335  -0.0606199  0.0976335  0.168781
0.299754  -0.122058  -0.0606029  -0.122058  0.291284  0.0976196  -0.0606029  0.0976196  0.168774
0.299765  -0.122081  -0.0606011  -0.122081  0.291296  0.0976203  -0.0606011  0.0976203  0.168768
0.299783  -0.122041  -0.0606926  -0.122041  0.291219  0.097631  -0.0606926  0.097631  0.168793
0.299783  -0.122041  -0.0606926  -0.122041  0.291219  0.097631  -0.0606926  0.097631  0.168793
0.299793  -0.122129  -0.0605832  -0.122129  0.291296  0.0976006  -0.0605832  0.0976006  0.168745
0.299793  -0.122129  -0.0605832  -0.122129  0.291296  0.0976006  -0.0605832  0.0976006  0.168745
0.299809  -0.122082  -0.0606576  -0.122082  0.291209  0.0975975  -0.0606576  0.0975975  0.168764
0.299809  -0.122082  -0.0606576  -0.122082  0.291209  0.0975975  -0.0606576  0.0975975  0.168764
0.299818  -0.122088  -0.0606603  -0.122088  0.291197  0.0975905  -0.0606603  0.0975905  0.168759
0.299826  -0.12217  -0.0605338  -0.12217  0.291263  0.0975462  -0.0605338  0.0975462  0.168704
0.299826  -0.12217  -0.0605338  -0.12217  0.291263  0.0975462  -0.0605338  0.0975462  0.168704
0.29983  -0.122087  -0.0606316  -0.122087  0.291151  0.0975487  -0.0606316  0.0975487  0.168737
0.29983  -0.122087  -0.0606316  -0.122087  0.291151  0.0975487  -0.0606316  0.0975487  0.168737
0.299825  -0.122127  -0.0605114  -0.122127  0.291181  0.0974961  -0.0605114  0.0974961  0.168689
0.299822  -0.122121  -0.0604943  -0.122121  0.291171  0.0974823  -0.0604943  0.0974823  0.168682
0.299824  -0.122045  -0.0605535  -0.122045  0.291061  0.0974647  -0.0605535  0.0974647  0.168699
0.299824  -0.122033  -0.0605751  -0.122033  0.291048  0.0974709  -0.0605751  0.0974709  0.168707
0.299819  -0.121996  -0.060584  -0.121996  0.291  0.0974555  -0.060584  0.0974555  0.16871
0.299805  -0.122056  -0.0604181  -0.122056  0.291069  0.0973977  -0.0604181  0.0973977  0.168649
0.299805  -0.122056  -0.0604181  -0.122056  0.291069  0.0973977  -0.0604181  0.0973977  0.168649
0.299796  -0.121931  -0.0605221  -0.121931  0.290921  0.0973918  -0.0605221  0.0973918  0.168689
0.299794  -0.121913  -0.0605266  -0.121913  0.290897  0.0973842  -0.0605266  0.0973842  0.16869
0.299791  -0.121907  -0.0605096  -0.121907  0.290886  0.0973703  -0.0605096  0.0973703  0.168683
0.299775  -0.121961  -0.0603268  -0.121961  0.290944  0.0972988  -0.0603268  0.0972988  0.168616
0.299772  -0.121943  -0.0603313  -0.121943  0.29092  0.0972911  -0.0603313  0.0972911  0.168617
0.299766  -0.121811  -0.0604737  -0.121811  0.290771  0.0973053  -0.0604737  0.0973053  0.168672
0.299755  -0.121787  -0.0604755  -0.121787  0.290759  0.0973046  -0.0604755  0.0973046  0.168677
0.299736  -0.121836  -0.0602759  -0.121836  0.290806  0.0972194  -0.0602759  0.0972194  0.168603
0.299736  -0.121849  -0.0602544  -0.121849  0.290819  0.0972132  -0.0602544  0.0972132  0.168595
0.299729  -0.121806  -0.0602464  -0.121806  0.29076  0.0971841  -0.0602464  0.0971841  0.16859
0.299715  -0.121632  -0.0603807  -0.121632  0.290553  0.0971691  -0.0603807  0.0971691  0.168641
0.299701  -0.121679  -0.0602367  -0.121679  0.290608  0.0971178  -0.0602367  0.0971178  0.168589
0.299693  -0.121687  -0.0602125  -0.121687  0.290633  0.0971187  -0.0602125  0.0971187  0.168585
0.299681  -0.12162  -0.060192  -0.12162  0.29054  0.0970682  -0.060192  0.0970682  0.168575
0.299681  -0.121608  -0.0602135  -0.121608  0.290527  0.0970744  -0.0602135  0.0970744  0.168584
0.299666  -0.121535  -0.0602458  -0.121535  0.290455  0.0970647  -0.0602458  0.0970647  0.1686
0.299655  -0.121524  -0.0602261  -0.121524  0.290456  0.0970579  -0.0602261  0.0970579  0.168598
0.299641  -0.121546  -0.0601252  -0.121546  0.290486  0.097019  -0.0601252  0.097019  0.168563
0.299641  -0.121546  -0.0601252  -0.121546  0.290486  0.097019  -0.0601252  0.097019  0.168563
0.299626  -0.121434  -0.0602218  -0.121434  0.290375  0.0970277  -0.0602218  0.0970277  0.168605
0.299626  -0.121434  -0.0602218  -0.121434  0.290375  0.0970277  -0.0602218  0.0970277  0.168605
0.299617  -0.121455  -0.0601763  -0.121455  0.290413  0.0970225  -0.0601763  0.0970225  0.168592
0.299604  -0.121451  -0.0601183  -0.121451  0.290416  0.0969958  -0.0601183  0.0969958  0.168574
0.299601  -0.121432  -0.0601227  -0.121432  0.290393  0.0969882  -0.0601227  0.0969882  0.168576
0.299588  -0.121378  -0.0601505  -0.121378  0.290345  0.0969861  -0.0601505  0.0969861  0.168591
0.299588  -0.121378  -0.0601505  -0.121378  0.290345  0.0969861  -0.0601505  0.0969861  0.168591
0.299564  -0.121376  -0.0600515  -0.121376  0.290362  0.0969467  -0.0600515  0.0969467  0.168562
0.299562  -0.121358  -0.060056  -0.121358  0.290339  0.0969391  -0.060056  0.0969391  0.168564
0.299547  -0.121285  -0.0600883  -0.121285  0.290267  0.0969294  -0.0600883  0.0969294  0.16858
0.299547  -0.121285  -0.0600883  -0.121285  0.290267  0.0969294  -0.0600883  0.0969294  0.16858
0.299528  -0.121283  -0.0599751  -0.121283  0.290262  0.0968693  -0.0599751  0.0968693  0.16854
0.299528  -0.121283  -0.0599751  -0.121283  0.290262  0.0968693  -0.0599751  0.0968693  0.16854
0.299515  -0.121241  -0.0599814  -0.121241  0.290227  0.0968611  -0.0599814  0.0968611  0.168547
0.2995  -0.121181  -0.0599923  -0.121181  0.290168  0.0968453  -0.0599923  0.0968453  0.168556
0.299492  -0.121188  -0.0599682  -0.121188  0.290193  0.0968462  -0.0599682  0.0968462  0.168552
0.299476  -0.121179  -0.0598934  -0.121179  0.290186  0.096806  -0.0598934  0.096806  0.168527
0.299465  -0.121155  -0.0598953  -0.121155  0.290174  0.0968054  -0.0598953  0.0968054  0.168533
0.299463  -0.121137  -0.0598998  -0.121137  0.29015  0.0967979  -0.0598998  0.0967979  0.168534
0.299433  -0.121098  -0.0598795  -0.121098  0.290152  0.0967976  -0.0598795  0.0967976  0.168541
0.299433  -0.121098  -0.0598795  -0.121098  0.290152  0.0967976  -0.0598795  0.0967976  0.168541
0.299401  -0.121065  -0.0598209  -0.121065  0.290156  0.0967776  -0.0598209  0.0967776  0.168534
0.299401  -0.121065  -0.0598209  -0.121065  0.290156  0.0967776  -0.0598209  0.0967776  0.168534
0.29939  -0.121042  -0.0598228  -0.121042  0.290145  0.096777  -0.0598228  0.096777  0.168539
0.29935  -0.121004  -0.0597617  -0.121004  0.290161  0.096764  -0.0597617  0.096764  0.168536
0.29935  -0.121004  -0.0597617  -0.121004  0.290161  0.096764  -0.0597617  0.096764  0.168536
0.299307  -0.120936  -0.0597264  -0.120936  0.290141  0.0967496  -0.0597264  0.0967496  0.168542
0.299299  -0.120931  -0.0597238  -0.120931  0.290153  0.0967566  -0.0597238  0.0967566  0.168546
0.299259  -0.120881  -0.0596841  -0.120881  0.290156  0.0967497  -0.0596841  0.0967497  0.168551
0.299259  -0.120881  -0.0596841  -0.120881  0.290156  0.0967497  -0.0596841  0.0967497  0.168551
0.299218  -0.120831  -0.0596444  -0.120831  0.29016  0.0967429  -0.0596444  0.0967429  0.168556
0.299218  -0.120831  -0.0596444  -0.120831  0.29016  0.0967429  -0.0596444  0.0967429  0.168556
0.29917  -0.120763  -0.0596235  -0.120763  0.290162  0.0967491  -0.0596235  0.0967491  0.168573
0.29917  -0.120763  -0.0596235  -0.120763  0.290162  0.0967491  -0.0596235  0.0967491  0.168573
0.299154  -0.120765  -0.0595969  -0.120765  0.290199  0.0967571  -0.0595969  0.0967571  0.168574
0.299106  -0.120697  -0.059576  -0.120697  0.290202  0.0967633  -0.059576  0.0967633  0.168591
0.299106  -0.120697  -0.059576  -0.120697  0.290202  0.0967633  -0.059576  0.0967633  0.168591
0.299052  -0.120642  -0.059548  -0.120642  0.29024  0.0967841  -0.059548  0.0967841  0.168611
0.299052  -0.120642  -0.059548  -0.120642  0.29024  0.0967841  -0.059548  0.0967841  0.168611
0.299033  -0.120627  -0.0595259  -0.120627  0.290254  0.0967845  -0.0595259  0.0967845  0.168613
0.298988  -0.120564  -0.0595218  -0.120564  0.290267  0.0968043  -0.0595218  0.0968043  0.168637
0.298977  -0.120541  -0.0595237  -0.120541  0.290256  0.0968038  -0.0595237  0.0968038  0.168643
0.298924  -0.120499  -0.0594744  -0.120499  0.290307  0.0968185  -0.0594744  0.0968185  0.168655
0.298913  -0.120488  -0.059455  -0.120488  0.290308  0.0968119  -0.059455  0.0968119  0.168652
0.298895  -0.12046  -0.0594543  -0.12046  0.290309  0.0968183  -0.0594543  0.0968183  0.168662
0.298827  -0.120346  -0.0594372  -0.120346  0.290289  0.0968234  -0.0594372  0.0968234  0.168691
0.298817  -0.120322  -0.0594391  -0.120322  0.290278  0.0968228  -0.0594391  0.0968228  0.168697
0.298739  -0.120236  -0.0593389  -0.120236  0.290298  0.0968032  -0.0593389  0.0968032  0.168699
0.298731  -0.12023  -0.0593363  -0.12023  0.29031  0.0968102  -0.0593363  0.0968102  0.168703
0.298699  -0.120168  -0.0593041  -0.120168  0.290278  0.0967889  -0.0593041  0.0967889  0.168705
0.29862  -0.120026  -0.0592723  -0.120026  0.290236  0.0967798  -0.0592723  0.0967798  0.168733
0.29861  -0.120002  -0.0592743  -0.120002  0.290225  0.0967792  -0.0592743  0.0967792  0.168738
0.298572  -0.119953  -0.0592349  -0.119953  0.290229  0.0967725  -0.0592349  0.0967725  0.168744
0.29848  -0.119802  -0.0591294  -0.119802  0.29018  0.0967238  -0.0591294  0.0967238  0.168747
0.298468  -0.119774  -0.0591147  -0.119774  0.290158  0.0967097  -0.0591147  0.0967097  0.168746
0.298431  -0.119712  -0.0590967  -0.119712  0.290149  0.096709  -0.0590967  0.096709  0.16876
0.298328  -0.119533  -0.0589768  -0.119533  0.29008  0.0966464  -0.0589768  0.0966464  0.168763
0.298317  -0.119505  -0.0589622  -0.119505  0.290058  0.0966324  -0.0589622  0.0966324  0.168762
0.298274  -0.119415  -0.0589155  -0.119415  0.290005  0.0965972  -0.0589155  0.0965972  0.168763
0.298165  -0.119194  -0.058857  -0.119194  0.28991  0.0965597  -0.058857  0.0965597  0.168795
0.298154  -0.119166  -0.0588423  -0.119166  0.289888  0.0965456  -0.0588423  0.0965456  0.168794
0.298043  -0.118961  -0.0587087  -0.118961  0.289798  0.0964696  -0.0587087  0.0964696  0.168797
0.298033  -0.118938  -0.0587106  -0.118938  0.289787  0.096469  -0.0587106  0.096469  0.168803
0.29792  -0.118685  -0.0586075  -0.118685  0.289639  0.096384  -0.0586075  0.096384  0.168816
0.297837  -0.118489  -0.0585198  -0.118489  0.289512  0.0963068  -0.0585198  0.0963068  0.168821
0.297816  -0.118451  -0.0584863  -0.118451  0.289492  0.0962865  -0.0584863  0.0962865  0.168818
0.297763  -0.118329  -0.0584094  -0.118329  0.289408  0.0962245  -0.0584094  0.0962245  0.168813
0.297634  -0.118  -0.0582526  -0.118  0.289164  0.0960715  -0.0582526  0.0960715  0.16881
0.297616  -0.117967  -0.0582357  -0.117967  0.289155  0.0960646  -0.0582357  0.0960646  0.168814
0.297564  -0.117833  -0.0581802  -0.117833  0.28906  0.0960088  -0.0581802  0.0960088  0.168816
0.297418  -0.117476  -0.057954  -0.117476  0.288801  0.0958177  -0.057954  0.0958177  0.168797
0.297397  -0.117421  -0.0579255  -0.117421  0.288759  0.0957903  -0.0579255  0.0957903  0.168796
0.297344  -0.117265  -0.0578587  -0.117265  0.288632  0.0957142  -0.0578587  0.0957142  0.168794
0.2972  -0.116896  -0.0577222  -0.116896  0.288394  0.0955823  -0.0577222  0.0955823  0.168815
0.29718  -0.116841  -0.0576938  -0.116841  0.288353  0.0955551  -0.0576938  0.0955551  0.168814
0.297039  -0.116524  -0.0574749  -0.116524  0.288166  0.0954012  -0.0574749  0.0954012  0.168805
0.297019  -0.116469  -0.0574467  -0.116469  0.288125  0.0953741  -0.0574467  0.0953741  0.168804
0.296889  -0.116109  -0.0573144  -0.116109  0.287879  0.0952366  -0.0573144  0.0952366  0.168822
0.296869  -0.116055  -0.0572863  -0.116055  0.287838  0.0952096  -0.0572863  0.0952096  0.168821
0.296823  -0.115937  -0.0572116  -0.115937  0.287759  0.0951495  -0.0572116  0.0951495  0.168818
0.296688  -0.115607  -0.0569998  -0.115607  0.287553  0.0949903  -0.0569998  0.0949903  0.168812
0.296679  -0.11558  -0.0569859  -0.11558  0.287533  0.0949769  -0.0569859  0.0949769  0.168812
0.296541  -0.115197  -0.0568552  -0.115197  0.287294  0.0948475  -0.0568552  0.0948475  0.168842
0.296523  -0.115144  -0.0568275  -0.115144  0.287254  0.0948207  -0.0568275  0.0948207  0.168841
0.296394  -0.114824  -0.0565812  -0.114824  0.287054  0.0946449  -0.0565812  0.0946449  0.168824
0.296386  -0.114803  -0.0565833  -0.114803  0.287045  0.0946444  -0.0565833  0.0946444  0.16883
0.296336  -0.114665  -0.0565121  -0.114665  0.286957  0.0945849  -0.0565121  0.0945849  0.168833
0.296195  -0.114251  -0.0563379  -0.114251  0.286683  0.0944184  -0.0563379  0.0944184  0.168852
0.296106  -0.114013  -0.0561739  -0.114013  0.286533  0.0942954  -0.0561739  0.0942954  0.168846
0.296097  -0.113982  -0.0561444  -0.113982  0.286503  0.0942695  -0.0561444  0.0942695  0.16884
0.296042  -0.113836  -0.0560558  -0.113836  0.28642  0.0942049  -0.0560558  0.0942049  0.168843
0.295893  -0.113358  -0.0558615  -0.113358  0.286091  0.0940069  -0.0558615  0.0940069  0.168865
0.295876  -0.11329  -0.0558391  -0.11329  0.286031  0.0939735  -0.0558391  0.0939735  0.168867
0.295817  -0.113137  -0.0557331  -0.113137  0.285951  0.0939038  -0.0557331  0.0939038  0.168868
0.295685  -0.112759  -0.055484  -0.112759  0.285723  0.0937192  -0.055484  0.0937192  0.168868
0.295593  -0.112463  -0.055384  -0.112463  0.285546  0.093621  -0.055384  0.093621  0.168897
0.295587  -0.112442  -0.0553863  -0.112442  0.285537  0.0936206  -0.0553863  0.0936206  0.168902
0.295537  -0.112284  -0.055304  -0.112284  0.285435  0.0935501  -0.055304  0.0935501  0.168908
0.295413  -0.111935  -0.0550172  -0.111935  0.285235  0.0933573  -0.0550172  0.0933573  0.168897
0.295394  -0.111879  -0.0549885  -0.111879  0.285209  0.0933386  -0.0549885  0.0933386  0.168901
0.295342  -0.111722  -0.0549203  -0.111722  0.285131  0.093288  -0.0549203  0.093288  0.168917
0.295219  -0.111312  -0.054734  -0.111312  0.284889  0.0931293  -0.054734  0.0931293  0.168946
0.295213  -0.111287  -0.0547209  -0.111287  0.28487  0.0931166  -0.0547209  0.0931166  0.168947
0.295101  -0.110936  -0.0544733  -0.110936  0.284673  0.0929441  -0.0544733  0.0929441  0.168951
0.295083  -0.11087  -0.054465  -0.11087  0.284637  0.0929307  -0.054465  0.0929307  0.168963
0.295041  -0.110719  -0.0544001  -0.110719  0.284549  0.0928741  -0.0544001  0.0928741  0.168975
0.294929  -0.110339  -0.0541767  -0.110339  0.284335  0.0927077  -0.0541767  0.0927077  0.168993
0.294923  -0.11033  -0.0541592  -0.11033  0.284338  0.0927023  -0.0541592  0.0927023  0.168993
0.294816  -0.109948  -0.0539218  -0.109948  0.284116  0.0925249  -0.0539218  0.0925249  0.169007
0.294799  -0.109878  -0.0538986  -0.109878  0.284072  0.0924996  -0.0538986  0.0924996  0.169014
0.294686  -0.109417  -0.0536467  -0.109417  0.283777  0.0922843  -0.0536467  0.0922843  0.169033
0.29467  -0.10936  -0.0536038  -0.10936  0.283744  0.0922543  -0.0536038  0.0922543  0.169034
0.294634  -0.109216  -0.0534904  -0.109216  0.283652  0.0921701  -0.0534904  0.0921701  0.169031
0.294533  -0.108745  -0.0532979  -0.108745  0.283337  0.0919718  -0.0532979  0.0919718  0.169067
0.294528  -0.108721  -0.0532853  -0.108721  0.28332  0.0919596  -0.0532853  0.0919596  0.169067
0.29449  -0.108546  -0.053195  -0.108546  0.28321  0.0918806  -0.053195  0.0918806  0.169077
0.294402  -0.108183  -0.0529287  -0.108183  0.283  0.0916913  -0.0529287  0.0916913  0.169086
0.294344  -0.107894  -0.0527919  -0.107894  0.282815  0.0915642  -0.0527919  0.0915642  0.169106
0.294331  -0.107842  -0.0527649  -0.107842  0.282793  0.0915467  -0.0527649  0.0915467  0.169113
0.294297  -0.107674  -0.0526908  -0.107674  0.282694  0.0914805  -0.0526908  0.0914805  0.169129
0.294203  -0.107299  -0.0524192  -0.107299  0.282538  0.0913209  -0.0524192  0.0913209  0.169158
0.294195  -0.107271  -0.0524047  -0.107271  0.282533  0.0913156  -0.0524047  0.0913156  0.169164
0.294115  -0.106809  -0.0522165  -0.106809  0.282245  0.0911294  -0.0522165  0.0911294  0.169209
0.294104  -0.106758  -0.0521899  -0.106758  0.282224  0.0911122  -0.0521899  0.0911122  0.169216
0.294071  -0.106604  -0.0521103  -0.106604  0.28216  0.0910609  -0.0521103  0.0910609  0.169236
0.293996  -0.106217  -0.0518198  -0.106217  0.28196  0.0908672  -0.0518198  0.0908672  0.169257
0.293989  -0.10619  -0.0518056  -0.10619  0.281955  0.0908621  -0.0518056  0.0908621  0.169263
0.293927  -0.105731  -0.0515936  -0.105731  0.281645  0.090649  -0.0515936  0.090649  0.169298
0.293925  -0.105708  -0.0515815  -0.105708  0.281629  0.0906373  -0.0515815  0.0906373  0.169299
0.293866  -0.105307  -0.0512722  -0.105307  0.281386  0.0904101  -0.0512722  0.0904101  0.169311
0.293861  -0.105277  -0.0512436  -0.105277  0.281373  0.0903937  -0.0512436  0.0903937  0.169313
0.293812  -0.104783  -0.0510636  -0.104783  0.281022  0.0901742  -0.0510636  0.0901742  0.169359
0.293805  -0.104718  -0.0510426  -0.104718  0.280983  0.0901507  -0.0510426  0.0901507  0.169368
0.293756  -0.104316  -0.0507208  -0.104316  0.280749  0.0899225  -0.0507208  0.0899225  0.169385
0.293752  -0.104286  -0.0506926  -0.104286  0.280737  0.0899064  -0.0506926  0.0899064  0.169387
0.293706  -0.103819  -0.0505004  -0.103819  0.280468  0.0897237  -0.0505004  0.0897237  0.169447
0.293702  -0.103777  -0.0504915  -0.103777  0.280445  0.089712  -0.0504915  0.089712  0.169455
0.293658  -0.103337  -0.0501754  -0.103337  0.280229  0.0895002  -0.0501754  0.0895002  0.169497
0.293653  -0.103297  -0.0501169  -0.103297  0.280212  0.0894688  -0.0501169  0.0894688  0.169495
0.293639  -0.103107  -0.0500063  -0.103107  0.280104  0.0893804  -0.0500063  0.0893804  0.169515
0.293612  -0.102618  -0.0498277  -0.102618  0.279808  0.0891873  -0.0498277  0.0891873  0.169582
0.293611  -0.102574  -0.0498048  -0.102574  0.279778  0.0891649  -0.0498048  0.0891649  0.169586
0.293588  -0.102181  -0.0494392  -0.102181  0.279587  0.0889385  -0.0494392  0.0889385  0.169613
0.293588  -0.102159  -0.0494278  -0.102159  0.279572  0.0889274  -0.0494278  0.0889274  0.169615
0.293575  -0.101644  -0.0492602  -0.101644  0.279259  0.0887301  -0.0492602  0.0887301  0.169693
0.293573  -0.101561  -0.0492293  -0.101561  0.279209  0.0886967  -0.0492293  0.0886967  0.169705
0.293569  -0.10138  -0.0491355  -0.10138  0.279116  0.0886215  -0.0491355  0.0886215  0.169731
0.293563  -0.10098  -0.0487924  -0.10098  0.278937  0.0884104  -0.0487924  0.0884104  0.169774
0.293564  -0.100898  -0.0487619  -0.100898  0.278888  0.0883773  -0.0487619  0.0883773  0.169787
0.293567  -0.100353  -0.0486025  -0.100353  0.278587  0.0881898  -0.0486025  0.0881898  0.169884
0.293568  -0.100325  -0.0485756  -0.100325  0.278576  0.0881748  -0.0485756  0.0881748  0.169888
0.293582  -0.0999137  -0.048178  -0.0999137  0.278394  0.0879383  -0.048178  0.0879383  0.169931
0.293583  -0.099886  -0.0481514  -0.099886  0.278384  0.0879235  -0.0481514  0.0879235  0.169935
0.293616  -0.099304  -0.047972  -0.099304  0.277991  0.0876739  -0.047972  0.0876739  0.17002
0.293619  -0.0992444  -0.0479533  -0.0992444  0.277958  0.0876523  -0.0479533  0.0876523  0.170031
0.293633  -0.0990691  -0.0478013  -0.0990691  0.277869  0.0875513  -0.0478013  0.0875513  0.170051
0.293676  -0.0986505  -0.0473895  -0.0986505  0.277651  0.0872865  -0.0473895  0.0872865  0.170093
0.293679  -0.0986122  -0.0473818  -0.0986122  0.277632  0.0872758  -0.0473818  0.0872758  0.170101
0.293724  -0.0980345  -0.0472398  -0.0980345  0.277338  0.0870946  -0.0472398  0.0870946  0.170225
0.293729  -0.0979935  -0.0472185  -0.0979935  0.277312  0.0870736  -0.0472185  0.0870736  0.170231
0.293793  -0.0975236  -0.046781  -0.0975236  0.277148  0.0868322  -0.046781  0.0868322  0.170313
0.293799  -0.097483  -0.04676  -0.097483  0.277122  0.0868114  -0.04676  0.0868114  0.170319
0.293879  -0.0968412  -0.0465955  -0.0968412  0.276784  0.0865955  -0.0465955  0.0865955  0.170457
0.293884  -0.096804  -0.0465881  -0.096804  0.276767  0.086585  -0.0465881  0.086585  0.170466
0.293917  -0.0966274  -0.0464242  -0.0966274  0.276701  0.0864911  -0.0464242  0.0864911  0.170498
0.294016  -0.0961546  -0.0460228  -0.0961546  0.276488  0.0862335  -0.0460228  0.0862335  0.17058
0.294024  -0.0961149  -0.0460023  -0.0961149  0.276463  0.0862131  -0.0460023  0.0862131  0.170586
0.294132  -0.0955399  -0.0457874  -0.0955399  0.276159  0.0859853  -0.0457874  0.0859853  0.170708
0.294141  -0.0955116  -0.0457489  -0.0955116  0.276143  0.0859618  -0.0457489  0.0859618  0.17071
0.29426  -0.0950735  -0.0453427  -0.0950735  0.275985  0.0857294  -0.0453427  0.0857294  0.170803
0.29427  -0.0950316  -0.0453209  -0.0950316  0.275973  0.0857158  -0.0453209  0.0857158  0.170814
0.29441  -0.0944123  -0.0451418  -0.0944123  0.275637  0.085482  -0.0451418  0.085482  0.170953
0.294419  -0.0943845  -0.0451154  -0.0943845  0.275641  0.0854752  -0.0451154  0.0854752  0.170964
0.294571  -0.0939266  -0.044712  -0.0939266  0.275453  0.0852251  -0.044712  0.0852251  0.171064
0.294582  -0.0938885  -0.0446922  -0.0938885  0.27543  0.0852055  -0.0446922  0.0852055  0.171071
0.294747  -0.0932912  -0.0445114  -0.0932912  0.275136  0.0849885  -0.0445114  0.0849885  0.171219
0.294862  -0.0929955  -0.0442516  -0.0929955  0.275039  0.0848399  -0.0442516  0.0848399  0.171296
0.294875  -0.0929688  -0.0442143  -0.0929688  0.275025  0.0848175  -0.0442143  0.0848175  0.1713
0.294952  -0.0927953  -0.0440302  -0.0927953  0.274981  0.0847248  -0.0440302  0.0847248  0.171349
0.295149  -0.0922121  -0.0438206  -0.0922121  0.274723  0.0845121  -0.0438206  0.0845121  0.171506
0.295178  -0.0921246  -0.0437984  -0.0921246  0.274684  0.0844831  -0.0437984  0.0844831  0.17153
0.295392  -0.0916906  -0.0433743  -0.0916906  0.274541  0.0842446  -0.0433743  0.0842446  0.171652
0.295421  -0.0916388  -0.0433124  -0.0916388  0.274533  0.0842167  -0.0433124  0.0842167  0.171669
0.295665  -0.0910019  -0.0431209  -0.0910019  0.274196  0.0839602  -0.0431209  0.0839602  0.171832
0.295682  -0.0909523  -0.0431183  -0.0909523  0.274179  0.0839505  -0.0431183  0.0839505  0.171848
0.295789  -0.0907258  -0.0429773  -0.0907258  0.274064  0.0838322  -0.0429773  0.0838322  0.171906
0.296067  -0.0902836  -0.0424699  -0.0902836  0.273907  0.0835496  -0.0424699  0.0835496  0.172036
0.296086  -0.0902455  -0.04245  -0.0902455  0.273898  0.0835374  -0.04245  0.0835374  0.17205
0.296392  -0.08957  -0.0422712  -0.08957  0.273608  0.0833052  -0.0422712  0.0833052  0.172254
0.29641  -0.0895348  -0.0422528  -0.0895348  0.273588  0.0832869  -0.0422528  0.0832869  0.172263
0.296726  -0.0890891  -0.0417794  -0.0890891  0.273479  0.083042  -0.0417794  0.083042  0.172424
0.296746  -0.0890542  -0.0417613  -0.0890542  0.273459  0.0830238  -0.0417613  0.0830238  0.172434
0.296864  -0.0888107  -0.0417147  -0.0888107  0.273354  0.0829441  -0.0417147  0.0829441  0.17251
0.297201  -0.0882137  -0.0414835  -0.0882137  0.273109  0.0827098  -0.0414835  0.0827098  0.172702
0.297225  -0.0881876  -0.041447  -0.0881876  0.273109  0.0826957  -0.041447  0.0826957  0.172715
0.297605  -0.0876903  -0.0409942  -0.0876903  0.272937  0.0824176  -0.0409942  0.0824176  0.172893
0.297849  -0.0872726  -0.0408788  -0.0872726  0.272743  0.0822535  -0.0408788  0.0822535  0.173024
0.297879  -0.087224  -0.0408648  -0.087224  0.272723  0.0822357  -0.0408648  0.0822357  0.17304
0.29803  -0.0870344  -0.0407092  -0.0870344  0.272658  0.0821356  -0.0407092  0.0821356  0.173112
0.298469  -0.0865291  -0.0402421  -0.0865291  0.272496  0.0818538  -0.0402421  0.0818538  0.173311
0.298517  -0.0864625  -0.0402186  -0.0864625  0.272481  0.0818338  -0.0402186  0.0818338  0.173338
0.298685  -0.0862089  -0.0401649  -0.0862089  0.272404  0.0817611  -0.0401649  0.0817611  0.173435
0.299122  -0.0856953  -0.0398289  -0.0856953  0.272262  0.0815351  -0.0398289  0.0815351  0.173648
0.299437  -0.0853434  -0.0395779  -0.0853434  0.27214  0.0813572  -0.0395779  0.0813572  0.17379
0.299472  -0.0852966  -0.0395646  -0.0852966  0.272123  0.08134  -0.0395646  0.08134  0.173808
0.299645  -0.0850315  -0.0395164  -0.0850315  0.271961  0.0812166  -0.0395164  0.0812166  0.173883
0.300134  -0.084504  -0.0391735  -0.084504  0.271783  0.0809607  -0.0391735  0.0809607  0.174102
0.300158  -0.0844843  -0.039152  -0.0844843  0.27178  0.0809503  -0.039152  0.0809503  0.174112
0.300663  -0.0839541  -0.0388629  -0.0839541  0.271646  0.0807361  -0.0388629  0.0807361  0.17435
0.300696  -0.0839103  -0.0388512  -0.0839103  0.271619  0.0807131  -0.0388512  0.0807131  0.174363
0.301255  -0.0834175  -0.0384699  -0.0834175  0.27155  0.0805026  -0.0384699  0.0805026  0.174619
0.301295  -0.0833827  -0.0384405  -0.0833827  0.271541  0.0804842  -0.0384405  0.0804842  0.174636
0.301524  -0.0832004  -0.0382455  -0.0832004  0.27148  0.0803665  -0.0382455  0.0803665  0.174726
0.302083  -0.0826196  -0.0379973  -0.0826196  0.271243  0.0800963  -0.0379973  0.0800963  0.174961
0.302461  -0.0823042  -0.0377441  -0.0823042  0.27113  0.0799158  -0.0377441  0.0799158  0.175112
0.302538  -0.08225  -0.0376934  -0.08225  0.271132  0.0798941  -0.0376934  0.0798941  0.175146
0.302756  -0.0820705  -0.0375662  -0.0820705  0.271085  0.0798065  -0.0375662  0.0798065  0.175238
0.30332  -0.0815339  -0.0373726  -0.0815339  0.270921  0.0795931  -0.0373726  0.0795931  0.175479
0.303353  -0.0815037  -0.0373568  -0.0815037  0.270908  0.0795771  -0.0373568  0.0795771  0.175492
0.303971  -0.0810682  -0.0369633  -0.0810682  0.270811  0.0793401  -0.0369633  0.0793401  0.175741
0.303994  -0.0810517  -0.0369439  -0.0810517  0.270798  0.0793245  -0.0369439  0.0793245  0.175747
0.304581  -0.0805389  -0.0367403  -0.0805389  0.27063  0.0791016  -0.0367403  0.0791016  0.175986
0.304624  -0.0805078  -0.0367239  -0.0805078  0.27063  0.079092  -0.0367239  0.079092  0.176005
0.305263  -0.0801077  -0.0363277  -0.0801077  0.270556  0.0788672  -0.0363277  0.0788672  0.176256
0.305307  -0.080077  -0.0363114  -0.080077  0.270556  0.0788578  -0.0363114  0.0788578  0.176275
0.305956  -0.0795704  -0.0361203  -0.0795704  0.270456  0.0786704  -0.0361203  0.0786704  0.176543
0.306001  -0.0795401  -0.0361041  -0.0795401  0.270456  0.078661  -0.0361041  0.078661  0.176562
0.306262  -0.0793817  -0.0359768  -0.0793817  0.270446  0.0785907  -0.0359768  0.0785907  0.176667
0.306891  -0.0789938  -0.035653  -0.0789938  0.270358  0.0783788  -0.035653  0.0783788  0.176908
0.306938  -0.0789639  -0.0356371  -0.0789639  0.270359  0.0783697  -0.0356371  0.0783697  0.176928
0.307561  -0.0785328  -0.0354206  -0.0785328  0.270252  0.0781741  -0.0354206  0.0781741  0.177167
0.30801  -0.0783052  -0.0351598  -0.0783052  0.270218  0.0780344  -0.0351598  0.0780344  0.177336
0.308051  -0.0782873  -0.0351288  -0.0782873  0.270213  0.0780184  -0.0351288  0.0780184  0.177351
0.308686  -0.0778448  -0.0349705  -0.0778448  0.270117  0.0778422  -0.0349705  0.0778422  0.177594
0.308778  -0.0777878  -0.0349402  -0.0777878  0.270109  0.0778184  -0.0349402  0.0778184  0.177629
0.30905  -0.0776387  -0.0348182  -0.0776387  0.270083  0.0777395  -0.0348182  0.0777395  0.177731
0.309696  -0.077306  -0.0345026  -0.077306  0.270019  0.0775444  -0.0345026  0.0775444  0.177969
0.309782  -0.0772507  -0.0344735  -0.0772507  0.27  0.0775151  -0.0344735  0.0775151  0.178
0.310416  -0.0768639  -0.0342797  -0.0768639  0.269912  0.0773352  -0.0342797  0.0773352  0.178233
0.310467  -0.0768352  -0.034254  -0.0768352  0.269897  0.0773137  -0.034254  0.0773137  0.17825
0.311147  -0.0765078  -0.0339205  -0.0765078  0.269818  0.0771031  -0.0339205  0.0771031  0.178494
0.311192  -0.0764806  -0.0339062  -0.0764806  0.269809  0.0770887  -0.0339062  0.0770887  0.178509
0.311828  -0.0761133  -0.0337121  -0.0761133  0.269718  0.0769064  -0.0337121  0.0769064  0.178737
0.311875  -0.0760965  -0.0336818  -0.0760965  0.269714  0.0768914  -0.0336818  0.0768914  0.178754
0.312556  -0.0757903  -0.0333807  -0.0757903  0.269671  0.0767118  -0.0333807  0.0767118  0.179
0.312603  -0.0757635  -0.0333666  -0.0757635  0.269663  0.0766976  -0.0333666  0.0766976  0.179017
0.313226  -0.0753952  -0.0332044  -0.0753952  0.269546  0.076508  -0.0332044  0.076508  0.179232
0.313268  -0.07538  -0.0331855  -0.07538  0.269548  0.0765001  -0.0331855  0.0765001  0.179247
0.313926  -0.0750936  -0.0328854  -0.0750936  0.269475  0.0763068  -0.0328854  0.0763068  0.179478
0.313968  -0.0750785  -0.0328666  -0.0750785  0.269478  0.076299  -0.0328666  0.076299  0.179494
0.314609  -0.0747467  -0.0326701  -0.0747467  0.269387  0.0761173  -0.0326701  0.0761173  0.179715
0.314703  -0.0747157  -0.0326218  -0.0747157  0.269387  0.0760953  -0.0326218  0.0760953  0.179749
0.314948  -0.0746165  -0.0325161  -0.0746165  0.26937  0.0760314  -0.0325161  0.0760314  0.179835
0.315584  -0.0743218  -0.0323069  -0.0743218  0.269313  0.0758702  -0.0323069  0.0758702  0.180058
0.315628  -0.0742969  -0.0323041  -0.0742969  0.269312  0.075863  -0.0323041  0.075863  0.180073
0.316267  -0.0740477  -0.0320651  -0.0740477  0.269303  0.075727  -0.0320651  0.075727  0.180302
0.316312  -0.0740331  -0.0320467  -0.0740331  0.269306  0.0757196  -0.0320467  0.0757196  0.180318
0.316925  -0.073757  -0.0318579  -0.073757  0.269253  0.0755683  -0.0318579  0.0755683  0.180529
0.316963  -0.0737437  -0.0318505  -0.0737437  0.269261  0.0755673  -0.0318505  0.0755673  0.180544
0.317581  -0.0734789  -0.0316365  -0.0734789  0.269197  0.0754046  -0.0316365  0.0754046  0.180755
0.317674  -0.0734504  -0.0315999  -0.0734504  0.269204  0.07539  -0.0315999  0.07539  0.180789
0.318335  -0.0731432  -0.0314163  -0.0731432  0.269124  0.0752161  -0.0314163  0.0752161  0.18101
0.31837  -0.0731295  -0.0313987  -0.0731295  0.269115  0.0752031  -0.0313987  0.0752031  0.181022
0.318628  -0.0730254  -0.031322  -0.0730254  0.269106  0.0751486  -0.031322  0.0751486  0.181111
0.319261  -0.0727981  -0.0310953  -0.0727981  0.269088  0.0750132  -0.0310953  0.0750132  0.181331
0.319301  -0.0727851  -0.031088  -0.0727851  0.269097  0.0750123  -0.031088  0.0750123  0.181346
0.319928  -0.0725293  -0.0309097  -0.0725293  0.269059  0.0748724  -0.0309097  0.0748724  0.181559
0.319968  -0.0725165  -0.0309025  -0.0725165  0.269068  0.0748716  -0.0309025  0.0748716  0.181574
0.320667  -0.0722584  -0.0306908  -0.0722584  0.269052  0.0747313  -0.0306908  0.0747313  0.181814
0.320717  -0.0722447  -0.0306728  -0.0722447  0.269056  0.0747244  -0.0306728  0.0747244  0.181832
0.321312  -0.0720058  -0.0305139  -0.0720058  0.269018  0.0745933  -0.0305139  0.0745933  0.182031
0.321369  -0.071981  -0.0305008  -0.071981  0.269014  0.0745802  -0.0305008  0.0745802  0.18205
0.321999  -0.0717507  -0.0302945  -0.0717507  0.268967  0.0744318  -0.0302945  0.0744318  0.182261
0.322028  -0.0717384  -0.0302879  -0.0717384  0.268965  0.0744254  -0.0302879  0.0744254  0.182271
0.322679  -0.0714668  -0.0301229  -0.0714668  0.268896  0.0742655  -0.0301229  0.0742655  0.182483
0.322708  -0.0714545  -0.0301164  -0.0714545  0.268894  0.0742591  -0.0301164  0.0742591  0.182492
0.323366  -0.0712165  -0.0299265  -0.0712165  0.26886  0.0741183  -0.0299265  0.0741183  0.182712
0.32345  -0.071169  -0.0299122  -0.071169  0.268835  0.0740872  -0.0299122  0.0740872  0.182736
0.323713  -0.0710606  -0.0298646  -0.0710606  0.268823  0.0740356  -0.0298646  0.0740356  0.182822
0.324384  -0.0708347  -0.0296601  -0.0708347  0.268796  0.0738964  -0.0296601  0.0738964  0.183047
0.324462  -0.0707985  -0.0296412  -0.0707985  0.268779  0.0738717  -0.0296412  0.0738717  0.18307
0.325164  -0.0705528  -0.0294572  -0.0705528  0.268755  0.0737329  -0.0294572  0.0737329  0.183303
0.325257  -0.0705167  -0.0294379  -0.0705167  0.26875  0.073714  -0.0294379  0.073714  0.183333
0.325537  -0.0704189  -0.0293646  -0.0704189  0.268739  0.0736576  -0.0293646  0.0736576  0.183425
0.326251  -0.0701724  -0.0291502  -0.0701724  0.26868  0.0734915  -0.0291502  0.0734915  0.183659
0.326332  -0.0701468  -0.029116  -0.0701468  0.268667  0.0734675  -0.029116  0.0734675  0.183686
0.327054  -0.0698915  -0.0289178  -0.0698915  0.268608  0.0733023  -0.0289178  0.0733023  0.18392
0.327086  -0.0698796  -0.0289114  -0.0698796  0.268607  0.0732961  -0.0289114  0.0732961  0.18393
0.327785  -0.0696375  -0.0287202  -0.0696375  0.268552  0.0731383  -0.0287202  0.0731383  0.184156
0.327826  -0.0696248  -0.0287031  -0.0696248  0.268546  0.0731264  -0.0287031  0.0731264  0.18417
0.328549  -0.0693515  -0.0285372  -0.0693515  0.268476  0.0729569  -0.0285372  0.0729569  0.184398
0.328657  -0.0693154  -0.0285076  -0.0693154  0.268468  0.072933  -0.0285076  0.072933  0.184433
0.328939  -0.0692197  -0.0284357  -0.0692197  0.26845  0.0728728  -0.0284357  0.0728728  0.184524
0.329657  -0.0689702  -0.0282611  -0.0689702  0.268399  0.072717  -0.0282611  0.072717  0.184754
0.3297  -0.0689576  -0.0282442  -0.0689576  0.268393  0.0727054  -0.0282442  0.0727054  0.184768
0.330445  -0.0687297  -0.0280391  -0.0687297  0.268362  0.0725574  -0.0280391  0.0725574  0.185011
0.330495  -0.0687184  -0.0280324  -0.0687184  0.268373  0.072557  -0.0280324  0.072557  0.185028
0.331268  -0.0684798  -0.027822  -0.0684798  0.268332  0.0723985  -0.027822  0.0723985  0.185278
0.33132  -0.0684564  -0.0278098  -0.0684564  0.268319  0.0723809  -0.0278098  0.0723809  0.185294
0.332078  -0.0682297  -0.0275956  -0.0682297  0.268277  0.0722242  -0.0275956  0.0722242  0.18554
0.332131  -0.0682063  -0.0275834  -0.0682063  0.268264  0.0722068  -0.0275834  0.0722068  0.185556
0.332851  -0.0679828  -0.0274017  -0.0679828  0.268227  0.0720618  -0.0274017  0.0720618  0.185787
0.332957  -0.0679586  -0.0273678  -0.0679586  0.268228  0.0720449  -0.0273678  0.0720449  0.185823
0.333644  -0.0677361  -0.0271978  -0.0677361  0.268175  0.0718952  -0.0271978  0.0718952  0.186041
0.333714  -0.0677132  -0.0271854  -0.0677132  0.268174  0.0718834  -0.0271854  0.0718834  0.186063
0.333992  -0.0676207  -0.0271256  -0.0676207  0.268156  0.0718256  -0.0271256  0.0718256  0.18615
0.334724  -0.0673879  -0.0269498  -0.0673879  0.268106  0.0716713  -0.0269498  0.0716713  0.186382
