0.315828  -0.156852  -0.0781331  -0.156852  0.330345  0.120602  -0.0781331  0.120602  0.175039
0.315835  -0.156862  -0.0781551  -0.156862  0.330361  0.120622  -0.0781551  0.120622  0.175051
0.315888  -0.156503  -0.0782549  -0.156503  0.329577  0.120343  -0.0782549  0.120343  0.175026
0.315891  -0.156462  -0.0782674  -0.156462  0.329494  0.120316  -0.0782674  0.120316  0.175025
0.315845  -0.155591  -0.0781835  -0.155591  0.327796  0.119553  -0.0781835  0.119553  0.174843
0.315836  -0.155505  -0.0781386  -0.155505  0.327621  0.119451  -0.0781386  0.119451  0.174803
0.315551  -0.154263  -0.0774546  -0.154263  0.325384  0.118121  -0.0774546  0.118121  0.174293
0.315536  -0.154153  -0.077414  -0.154153  0.325177  0.118009  -0.077414  0.118009  0.174256
0.31515  -0.152219  -0.0768847  -0.152219  0.321856  0.116355  -0.0768847  0.116355  0.173781
0.315122  -0.152063  -0.0768523  -0.152063  0.321586  0.116226  -0.0768523  0.116226  0.173748
0.314698  -0.1502  -0.0759387  -0.1502  0.31834  0.114351  -0.0759387  0.114351  0.17307
0.314288  -0.148684  -0.0750755  -0.148684  0.31579  0.112805  -0.0750755  0.112805  0.172485
0.314233  -0.14852  -0.074973  -0.14852  0.315531  0.112643  -0.074973  0.112643  0.172422
0.313617  -0.146115  -0.0737893  -0.146115  0.31155  0.110333  -0.0737893  0.110333  0.171608
0.313585  -0.145971  -0.0737133  -0.145971  0.3113  0.110185  -0.0737133  0.110185  0.171555
0.313013  -0.143998  -0.0725152  -0.143998  0.3081  0.108192  -0.0725152  0.108192  0.170802
0.312962  -0.143855  -0.072392  -0.143855  0.307872  0.108029  -0.072392  0.108029  0.170732
0.312402  -0.142093  -0.0710229  -0.142093  0.305005  0.106074  -0.0710229  0.106074  0.16993
0.312084  -0.140959  -0.0701935  -0.140959  0.303118  0.10482  -0.0701935  0.10482  0.169433
0.312039  -0.140852  -0.0701062  -0.140852  0.302965  0.104712  -0.0701062  0.104712  0.169389
0.311531  -0.139238  -0.0688746  -0.139238  0.300386  0.102964  -0.0688746  0.102964  0.168698
0.3115  -0.139153  -0.0687681  -0.139153  0.30024  0.102843  -0.0687681  0.102843  0.168641
0.311055  -0.137841  -0.0675157  -0.137841  0.298114  0.101268  -0.0675157  0.101268  0.167976
0.310768  -0.136921  -0.0667333  -0.136921  0.296628  0.100221  -0.0667333  0.100221  0.167559
0.310739  -0.136824  -0.0666528  -0.136824  0.296471  0.100112  -0.0666528  0.100112  0.167516
0.310387  -0.135675  -0.0656501  -0.135675  0.294606  0.0987867  -0.0656501  0.0987867  0.166991
0.310369  -0.135608  -0.0655854  -0.135608  0.294491  0.0987023  -0.0655854  0.0987023  0.166956
0.310038  -0.134572  -0.064571  -0.134572  0.292802  0.0974452  -0.064571  0.0974452  0.166446
0.30982  -0.133795  -0.0639334  -0.133795  0.291538  0.0965719  -0.0639334  0.0965719  0.166117
0.309803  -0.133729  -0.0638699  -0.133729  0.291426  0.0964897  -0.0638699  0.0964897  0.166084
0.30954  -0.132778  -0.063102  -0.132778  0.289889  0.0954338  -0.063102  0.0954338  0.165694
0.309523  -0.132713  -0.0630391  -0.132713  0.289778  0.0953527  -0.0630391  0.0953527  0.165662
0.309294  -0.131844  -0.0622112  -0.131844  0.288307  0.0942833  -0.0622112  0.0942833  0.165248
0.309147  -0.131229  -0.0616632  -0.131229  0.28726  0.0935438  -0.0616632  0.0935438  0.16497
0.309131  -0.131151  -0.061624  -0.131151  0.287137  0.0934714  -0.061624  0.0934714  0.164948
0.308954  -0.130348  -0.0609383  -0.130348  0.285761  0.0925171  -0.0609383  0.0925171  0.164598
0.308938  -0.130284  -0.0608769  -0.130284  0.285653  0.0924387  -0.0608769  0.0924387  0.164569
0.308784  -0.129546  -0.0601678  -0.129546  0.284345  0.0914964  -0.0601678  0.0914964  0.164213
0.308699  -0.129015  -0.0597397  -0.129015  0.283394  0.0908563  -0.0597397  0.0908563  0.163984
0.308688  -0.128972  -0.0596746  -0.128972  0.283314  0.0907867  -0.0596746  0.0907867  0.163955
0.308595  -0.12833  -0.059003  -0.12833  0.282086  0.089889  -0.059003  0.089889  0.16361
0.3086  -0.128299  -0.0589583  -0.128299  0.282005  0.0898265  -0.0589583  0.0898265  0.163584
0.308523  -0.127712  -0.0582442  -0.127712  0.280829  0.0889252  -0.0582442  0.0889252  0.163227
0.308516  -0.127676  -0.0581976  -0.127676  0.28076  0.0888706  -0.0581976  0.0888706  0.163206
0.308485  -0.127184  -0.0576198  -0.127184  0.279726  0.0880991  -0.0576198  0.0880991  0.162904
0.308465  -0.126905  -0.0571498  -0.126905  0.279084  0.0875582  -0.0571498  0.0875582  0.162677
0.308459  -0.12687  -0.0571036  -0.12687  0.279016  0.0875044  -0.0571036  0.0875044  0.162656
0.308445  -0.126527  -0.0564747  -0.126527  0.278189  0.0867926  -0.0564747  0.0867926  0.162355
0.308443  -0.126499  -0.0564463  -0.126499  0.278132  0.0867523  -0.0564463  0.0867523  0.16234
0.308452  -0.12619  -0.0559068  -0.12619  0.27736  0.0861111  -0.0559068  0.0861111  0.162074
0.308472  -0.12601  -0.0555323  -0.12601  0.27686  0.085679  -0.0555323  0.085679  0.161889
0.308469  -0.125995  -0.0554821  -0.125995  0.276818  0.0856329  -0.0554821  0.0856329  0.161869
0.308484  -0.125734  -0.0549691  -0.125734  0.276132  0.085045  -0.0549691  0.085045  0.161623
0.308497  -0.12573  -0.0549381  -0.12573  0.276088  0.0850049  -0.0549381  0.0850049  0.161604
0.308522  -0.125473  -0.0544283  -0.125473  0.275393  0.0844134  -0.0544283  0.0844134  0.161359
0.308574  -0.125357  -0.0541004  -0.125357  0.274964  0.0840322  -0.0541004  0.0840322  0.161192
0.308572  -0.125329  -0.0540724  -0.125329  0.274908  0.0839931  -0.0540724  0.0839931  0.161178
0.308647  -0.125148  -0.0536984  -0.125148  0.274309  0.0835071  -0.0536984  0.0835071  0.160975
0.308649  -0.125126  -0.0536876  -0.125126  0.274263  0.0834808  -0.0536876  0.0834808  0.160967
0.308711  -0.124963  -0.0533232  -0.124963  0.273724  0.0830305  -0.0533232  0.0830305  0.160778
0.308756  -0.124859  -0.0531157  -0.124859  0.273381  0.0827565  -0.0531157  0.0827565  0.160665
0.308774  -0.124861  -0.0531018  -0.124861  0.273346  0.0827295  -0.0531018  0.0827295  0.160652
0.308827  -0.124695  -0.0528076  -0.124695  0.272849  0.0823399  -0.0528076  0.0823399  0.160495
0.308833  -0.124692  -0.0527921  -0.124692  0.272827  0.0823202  -0.0527921  0.0823202  0.160486
0.308877  -0.124563  -0.0525029  -0.124563  0.272413  0.0819715  -0.0525029  0.0819715  0.160343
0.308899  -0.124463  -0.0522711  -0.124463  0.27211  0.0817084  -0.0522711  0.0817084  0.160236
0.308886  -0.124431  -0.0522419  -0.124431  0.272067  0.0816775  -0.0522419  0.0816775  0.160227
0.308913  -0.124291  -0.0519349  -0.124291  0.271657  0.0813258  -0.0519349  0.0813258  0.160086
0.308915  -0.124282  -0.0519025  -0.124282  0.271625  0.0812941  -0.0519025  0.0812941  0.160073
0.30892  -0.124147  -0.0515716  -0.124147  0.271254  0.0809522  -0.0515716  0.0809522  0.159936
0.308899  -0.124017  -0.0513568  -0.124017  0.270989  0.0807268  -0.0513568  0.0807268  0.159855
0.308901  -0.124008  -0.0513245  -0.124008  0.270958  0.0806952  -0.0513245  0.0806952  0.159842
0.308876  -0.123826  -0.0510014  -0.123826  0.270567  0.0803577  -0.0510014  0.0803577  0.159719
0.308867  -0.123814  -0.0509678  -0.123814  0.270548  0.0803335  -0.0509678  0.0803335  0.15971
0.308827  -0.123608  -0.0506489  -0.123608  0.270148  0.0799987  -0.0506489  0.0799987  0.159594
0.308786  -0.123437  -0.0504437  -0.123437  0.269852  0.0797709  -0.0504437  0.0797709  0.159522
0.308784  -0.123408  -0.0504164  -0.123408  0.269798  0.0797336  -0.0504164  0.0797336  0.15951
0.308726  -0.123161  -0.0501071  -0.123161  0.269367  0.0793964  -0.0501071  0.0793964  0.159402
0.308677  -0.122964  -0.0498911  -0.122964  0.269041  0.0791525  -0.0498911  0.0791525  0.159329
0.308664  -0.122932  -0.0498627  -0.122932  0.268999  0.0791227  -0.0498627  0.0791227  0.159321
0.308593  -0.122637  -0.0496012  -0.122637  0.268534  0.0788012  -0.0496012  0.0788012  0.159231
0.308595  -0.122615  -0.0495906  -0.122615  0.26849  0.0787762  -0.0495906  0.0787762  0.159224
0.308513  -0.12233  -0.0493075  -0.12233  0.268052  0.0784576  -0.0493075  0.0784576  0.159135
0.308459  -0.122112  -0.0491512  -0.122112  0.267725  0.0782474  -0.0491512  0.0782474  0.159081
0.308466  -0.122109  -0.0491359  -0.122109  0.267704  0.0782285  -0.0491359  0.0782285  0.159073
0.308385  -0.121813  -0.0488755  -0.121813  0.267256  0.0779182  -0.0488755  0.0779182  0.158991
0.30838  -0.121806  -0.0488591  -0.121806  0.267247  0.0779065  -0.0488591  0.0779065  0.158987
0.308294  -0.121526  -0.0485937  -0.121526  0.266836  0.0776108  -0.0485937  0.0776108  0.158909
0.308223  -0.121293  -0.0484049  -0.121293  0.266506  0.0773872  -0.0484049  0.0773872  0.158855
0.30821  -0.121261  -0.048377  -0.121261  0.266466  0.0773583  -0.048377  0.0773583  0.158849
0.308117  -0.120945  -0.0481227  -0.120945  0.266014  0.0770534  -0.0481227  0.0770534  0.158775
0.308108  -0.120932  -0.0480901  -0.120932  0.265996  0.0770304  -0.0480901  0.0770304  0.158767
0.308009  -0.120657  -0.0477889  -0.120657  0.265606  0.0767288  -0.0477889  0.0767288  0.15869
0.307943  -0.120445  -0.0475973  -0.120445  0.265303  0.0765141  -0.0475973  0.0765141  0.158637
0.307931  -0.120414  -0.0475697  -0.120414  0.265263  0.0764856  -0.0475697  0.0764856  0.158631
0.307843  -0.120132  -0.0472923  -0.120132  0.264851  0.076185  -0.0472923  0.076185  0.158556
0.307839  -0.120125  -0.0472762  -0.120125  0.264842  0.0761737  -0.0472762  0.0761737  0.158552
0.307757  -0.119837  -0.0470368  -0.119837  0.264428  0.0758914  -0.0470368  0.0758914  0.158486
0.307705  -0.119645  -0.0468954  -0.119645  0.264155  0.0757133  -0.0468954  0.0757133  0.158446
0.307697  -0.119633  -0.0468632  -0.119633  0.264137  0.0756908  -0.0468632  0.0756908  0.158439
0.307612  -0.119327  -0.0466299  -0.119327  0.263705  0.075405  -0.0466299  0.075405  0.158375
0.307617  -0.119325  -0.0466149  -0.119325  0.263684  0.0753866  -0.0466149  0.0753866  0.158367
0.307547  -0.119029  -0.0463993  -0.119029  0.263249  0.0751061  -0.0463993  0.0751061  0.158303
0.307496  -0.118852  -0.0462383  -0.118852  0.262992  0.0749246  -0.0462383  0.0749246  0.158261
0.307498  -0.11883  -0.0462281  -0.11883  0.26295  0.0749007  -0.0462281  0.0749007  0.158254
0.307431  -0.11858  -0.0459673  -0.11858  0.262565  0.074617  -0.0459673  0.074617  0.158183
0.307433  -0.118559  -0.0459571  -0.118559  0.262523  0.0745932  -0.0459571  0.0745932  0.158177
0.307367  -0.118297  -0.0457179  -0.118297  0.262127  0.0743162  -0.0457179  0.0743162  0.158111
0.307336  -0.118139  -0.0455392  -0.118139  0.261861  0.0741173  -0.0455392  0.0741173  0.158058
0.307328  -0.118127  -0.0455075  -0.118127  0.261844  0.0740954  -0.0455075  0.0740954  0.158052
0.307289  -0.11791  -0.0452615  -0.11791  0.261469  0.0738172  -0.0452615  0.0738172  0.157977
0.307285  -0.117904  -0.0452457  -0.117904  0.26146  0.0738064  -0.0452457  0.0738064  0.157974
0.307263  -0.117714  -0.045012  -0.117714  0.261103  0.0735385  -0.045012  0.0735385  0.157899
0.307248  -0.117606  -0.0448564  -0.117606  0.260898  0.0733744  -0.0448564  0.0733744  0.157852
0.307253  -0.117604  -0.0448415  -0.117604  0.260878  0.0733564  -0.0448415  0.0733564  0.157845
0.307251  -0.117469  -0.044646  -0.117469  0.26059  0.0731334  -0.044646  0.0731334  0.157778
0.307247  -0.11745  -0.0446509  -0.11745  0.260569  0.073128  -0.0446509  0.073128  0.157779
0.307254  -0.117332  -0.0444359  -0.117332  0.260282  0.0728932  -0.0444359  0.0728932  0.157705
0.30725  -0.117326  -0.0444202  -0.117326  0.260274  0.0728824  -0.0444202  0.0728824  0.157702
0.307261  -0.1172  -0.0442418  -0.1172  0.259983  0.0726643  -0.0442418  0.0726643  0.157635
0.307276  -0.117129  -0.0441149  -0.117129  0.259793  0.0725144  -0.0441149  0.0725144  0.157586
0.307282  -0.117113  -0.0441205  -0.117113  0.25976  0.0725019  -0.0441205  0.0725019  0.157582
0.307296  -0.117019  -0.043917  -0.117019  0.259504  0.0722847  -0.043917  0.0722847  0.157512
0.307301  -0.116944  -0.0437896  -0.116944  0.259326  0.0721426  -0.0437896  0.0721426  0.157468
0.307303  -0.116923  -0.0437795  -0.116923  0.259285  0.0721195  -0.0437795  0.0721195  0.157462
0.307313  -0.11681  -0.0435811  -0.11681  0.259009  0.0718979  -0.0435811  0.0718979  0.157393
0.307309  -0.116804  -0.0435655  -0.116804  0.259001  0.0718873  -0.0435655  0.0718873  0.157391
0.307325  -0.116701  -0.043332  -0.116701  0.258717  0.0716434  -0.043332  0.0716434  0.157313
0.307317  -0.116677  -0.0433213  -0.116677  0.258688  0.0716276  -0.0433213  0.0716276  0.157311
0.307331  -0.116582  -0.0431186  -0.116582  0.258434  0.0714125  -0.0431186  0.0714125  0.157243
0.307323  -0.116558  -0.0431079  -0.116558  0.258405  0.0713967  -0.0431079  0.0713967  0.157241
0.307337  -0.116463  -0.0429053  -0.116463  0.258151  0.0711823  -0.0429053  0.0711823  0.157174
0.307342  -0.116388  -0.0427786  -0.116388  0.257976  0.0710419  -0.0427786  0.0710419  0.157133
0.307338  -0.116382  -0.0427631  -0.116382  0.257967  0.0710314  -0.0427631  0.0710314  0.15713
0.307352  -0.116275  -0.0425813  -0.116275  0.257702  0.070823  -0.0425813  0.070823  0.157067
0.307354  -0.116254  -0.0425713  -0.116254  0.257661  0.0708002  -0.0425713  0.0708002  0.157061
0.30736  -0.11617  -0.0424145  -0.11617  0.257457  0.0706326  -0.0424145  0.0706326  0.157011
0.307365  -0.116168  -0.0423996  -0.116168  0.257437  0.0706151  -0.0423996  0.0706151  0.157004
0.307364  -0.11606  -0.0422324  -0.11606  0.257205  0.0704322  -0.0422324  0.0704322  0.156953
0.307359  -0.115995  -0.0420853  -0.115995  0.257055  0.070295  -0.0420853  0.070295  0.156914
0.307361  -0.115974  -0.0420753  -0.115974  0.257014  0.0702724  -0.0420753  0.0702724  0.156908
0.307363  -0.115885  -0.0419035  -0.115885  0.256803  0.0700955  -0.0419035  0.0700955  0.156858
0.307345  -0.115799  -0.0417611  -0.115799  0.256645  0.0699608  -0.0417611  0.0699608  0.156824
0.307351  -0.115796  -0.0417462  -0.115796  0.256625  0.0699434  -0.0417462  0.0699434  0.156818
0.307332  -0.115674  -0.0415485  -0.115674  0.256391  0.0697487  -0.0415485  0.0697487  0.156769
0.307338  -0.115671  -0.0415337  -0.115671  0.256371  0.0697313  -0.0415337  0.0697313  0.156762
0.307315  -0.115544  -0.0413209  -0.115544  0.256129  0.0695269  -0.0413209  0.0695269  0.156712
0.30729  -0.115434  -0.0411688  -0.115434  0.255943  0.069378  -0.0411688  0.069378  0.156679
0.307295  -0.115431  -0.041154  -0.115431  0.255923  0.0693607  -0.041154  0.0693607  0.156672
0.30727  -0.115286  -0.0409468  -0.115286  0.255662  0.0691523  -0.0409468  0.0691523  0.156624
0.307266  -0.11528  -0.0409316  -0.11528  0.255654  0.0691422  -0.0409316  0.0691422  0.156622
0.30724  -0.115135  -0.0407248  -0.115135  0.255394  0.0689344  -0.0407248  0.0689344  0.156574
0.307221  -0.11501  -0.0405789  -0.11501  0.255178  0.0687747  -0.0405789  0.0687747  0.156538
0.307226  -0.115007  -0.0405641  -0.115007  0.255158  0.0687575  -0.0405641  0.0687575  0.156532
0.307201  -0.11485  -0.0403782  -0.11485  0.254886  0.0685559  -0.0403782  0.0685559  0.156487
0.307197  -0.114844  -0.040363  -0.114844  0.254878  0.0685459  -0.040363  0.0685459  0.156485
0.307185  -0.114683  -0.0402131  -0.114683  0.254591  0.0683529  -0.0402131  0.0683529  0.156441
0.307157  -0.114556  -0.0400674  -0.114556  0.254388  0.0682016  -0.0400674  0.0682016  0.156411
0.307162  -0.114553  -0.0400527  -0.114553  0.254368  0.0681845  -0.0400527  0.0681845  0.156405
0.30712  -0.11437  -0.0398571  -0.11437  0.254083  0.0679767  -0.0398571  0.0679767  0.156365
0.307126  -0.114367  -0.0398424  -0.114367  0.254063  0.0679597  -0.0398424  0.0679597  0.156359
0.307094  -0.114186  -0.0396476  -0.114186  0.253766  0.0677456  -0.0396476  0.0677456  0.156316
0.307062  -0.114054  -0.0394877  -0.114054  0.253558  0.0675858  -0.0394877  0.0675858  0.156285
0.307054  -0.114043  -0.0394576  -0.114043  0.253542  0.0675661  -0.0394576  0.0675661  0.156282
0.307015  -0.113852  -0.0392335  -0.113852  0.253232  0.0673336  -0.0392335  0.0673336  0.156237
0.307011  -0.113846  -0.0392185  -0.113846  0.253224  0.0673237  -0.0392185  0.0673237  0.156236
0.306968  -0.11365  -0.03898  -0.11365  0.252907  0.0670823  -0.03898  0.0670823  0.15619
0.306938  -0.113497  -0.0388115  -0.113497  0.252661  0.0669026  -0.0388115  0.0669026  0.156156
0.306931  -0.113486  -0.0387816  -0.113486  0.252646  0.066883  -0.0387816  0.066883  0.156153
0.306885  -0.113272  -0.0385491  -0.113272  0.252311  0.0666385  -0.0385491  0.0666385  0.156109
0.30689  -0.113269  -0.0385344  -0.113269  0.252291  0.0666217  -0.0385344  0.0666217  0.156104
0.306843  -0.113065  -0.0383321  -0.113065  0.251985  0.0664046  -0.0383321  0.0664046  0.156068
0.306809  -0.112916  -0.0381793  -0.112916  0.25176  0.0662434  -0.0381793  0.0662434  0.156042
0.306814  -0.112913  -0.0381647  -0.112913  0.251741  0.0662267  -0.0381647  0.0662267  0.156036
0.306771  -0.112714  -0.037978  -0.112714  0.251443  0.0660206  -0.037978  0.0660206  0.156003
0.306772  -0.112706  -0.0379486  -0.112706  0.251416  0.0659943  -0.0379486  0.0659943  0.155996
0.306726  -0.112502  -0.0377475  -0.112502  0.251113  0.0657794  -0.0377475  0.0657794  0.155962
0.306692  -0.112354  -0.0375958  -0.112354  0.25089  0.0656199  -0.0375958  0.0656199  0.155937
0.306688  -0.112348  -0.037581  -0.112348  0.250883  0.0656104  -0.037581  0.0656104  0.155936
0.306647  -0.112142  -0.0373662  -0.112142  0.250561  0.0653803  -0.0373662  0.0653803  0.155898
0.30664  -0.112119  -0.0373565  -0.112119  0.250535  0.0653661  -0.0373565  0.0653661  0.155897
0.306594  -0.111929  -0.0371371  -0.111929  0.250245  0.0651487  -0.0371371  0.0651487  0.155864
0.306549  -0.111774  -0.0369716  -0.111774  0.25003  0.0649885  -0.0369716  0.0649885  0.155844
0.306545  -0.111768  -0.0369569  -0.111768  0.250023  0.0649791  -0.0369569  0.0649791  0.155843
0.306493  -0.111568  -0.0367092  -0.111568  0.24972  0.0647444  -0.0367092  0.0647444  0.15581
0.306489  -0.111563  -0.0366946  -0.111563  0.249713  0.064735  -0.0366946  0.064735  0.155809
0.306435  -0.111371  -0.0364767  -0.111371  0.249439  0.0645269  -0.0364767  0.0645269  0.155783
0.306391  -0.111217  -0.0363124  -0.111217  0.249225  0.0643686  -0.0363124  0.0643686  0.155765
0.30638  -0.111189  -0.0362883  -0.111189  0.249192  0.0643453  -0.0362883  0.0643453  0.155763
0.306331  -0.110979  -0.0361252  -0.110979  0.248903  0.0641574  -0.0361252  0.0641574  0.155742
0.306333  -0.110958  -0.0361157  -0.110958  0.248865  0.0641365  -0.0361157  0.0641365  0.155737
0.306262  -0.110737  -0.0358753  -0.110737  0.248572  0.0639147  -0.0358753  0.0639147  0.155716
0.306221  -0.11059  -0.0357268  -0.11059  0.248368  0.0637673  -0.0357268  0.0637673  0.1557
0.306223  -0.110569  -0.0357174  -0.110569  0.24833  0.0637465  -0.0357174  0.0637465  0.155696
0.306156  -0.110355  -0.0354926  -0.110355  0.248046  0.0635355  -0.0354926  0.0635355  0.155677
0.306153  -0.110349  -0.0354782  -0.110349  0.248039  0.0635264  -0.0354782  0.0635264  0.155676
0.306083  -0.11013  -0.0352397  -0.11013  0.247749  0.0633071  -0.0352397  0.0633071  0.155658
0.30603  -0.109962  -0.0350349  -0.109962  0.247519  0.0631251  -0.0350349  0.0631251  0.155642
0.306024  -0.10994  -0.0350256  -0.10994  0.247493  0.0631115  -0.0350256  0.0631115  0.155642
0.305952  -0.109716  -0.0347741  -0.109716  0.247199  0.0628851  -0.0347741  0.0628851  0.155625
0.305948  -0.109711  -0.0347598  -0.109711  0.247192  0.0628761  -0.0347598  0.0628761  0.155624
0.305865  -0.109481  -0.0344949  -0.109481  0.246903  0.0626487  -0.0344949  0.0626487  0.155613
0.305806  -0.109288  -0.0343307  -0.109288  0.246665  0.062485  -0.0343307  0.062485  0.155605
0.305803  -0.109283  -0.0343164  -0.109283  0.246658  0.0624761  -0.0343164  0.0624761  0.155604
0.305773  -0.109174  -0.0342227  -0.109174  0.246517  0.0623799  -0.0342227  0.0623799  0.155598
0.305695  -0.108926  -0.0340125  -0.108926  0.246215  0.0621727  -0.0340125  0.0621727  0.15559
0.305686  -0.108898  -0.0339891  -0.108898  0.246183  0.0621505  -0.0339891  0.0621505  0.15559
0.305623  -0.108676  -0.0337886  -0.108676  0.245896  0.0619506  -0.0337886  0.0619506  0.155579
0.305573  -0.108545  -0.0336392  -0.108545  0.245741  0.0618271  -0.0336392  0.0618271  0.155577
0.305567  -0.108535  -0.0336109  -0.108535  0.245727  0.0618094  -0.0336109  0.0618094  0.155576
0.305497  -0.108311  -0.0334115  -0.108311  0.245454  0.0616179  -0.0334115  0.0616179  0.155571
0.305488  -0.108284  -0.0333884  -0.108284  0.245422  0.061596  -0.0333884  0.061596  0.155571
0.305419  -0.108073  -0.0331706  -0.108073  0.245162  0.061401  -0.0331706  0.061401  0.155566
0.305361  -0.107916  -0.0329994  -0.107916  0.244977  0.0612572  -0.0329994  0.0612572  0.155566
0.305355  -0.107894  -0.0329905  -0.107894  0.244952  0.0612442  -0.0329905  0.0612442  0.155566
0.305278  -0.107669  -0.0327318  -0.107669  0.244673  0.0610247  -0.0327318  0.0610247  0.155562
0.305272  -0.107659  -0.0327039  -0.107659  0.24466  0.0610074  -0.0327039  0.0610074  0.155562
0.305191  -0.107438  -0.0324603  -0.107438  0.244401  0.0608046  -0.0324603  0.0608046  0.155564
0.305188  -0.107433  -0.0324464  -0.107433  0.244394  0.060796  -0.0324464  0.060796  0.155564
0.305118  -0.107219  -0.0322174  -0.107219  0.244131  0.0605958  -0.0322174  0.0605958  0.155563
0.305065  -0.10708  -0.0320434  -0.10708  0.243967  0.0604589  -0.0320434  0.0604589  0.155566
0.305059  -0.107058  -0.0320346  -0.107058  0.243942  0.0604461  -0.0320346  0.0604461  0.155566
0.304988  -0.106841  -0.031793  -0.106841  0.243674  0.0602391  -0.031793  0.0602391  0.155566
0.304982  -0.106819  -0.0317843  -0.106819  0.24365  0.0602264  -0.0317843  0.0602264  0.155567
0.304915  -0.106607  -0.0315574  -0.106607  0.243389  0.0600288  -0.0315574  0.0600288  0.155568
0.30486  -0.106453  -0.03139  -0.106453  0.24321  0.0598895  -0.03139  0.0598895  0.155573
0.304857  -0.106448  -0.0313762  -0.106448  0.243203  0.0598811  -0.0313762  0.0598811  0.155573
0.304782  -0.106198  -0.031147  -0.106198  0.242903  0.0596683  -0.031147  0.0596683  0.155577
0.30478  -0.106193  -0.0311333  -0.106193  0.242897  0.0596599  -0.0311333  0.0596599  0.155577
0.304705  -0.105956  -0.0308861  -0.105956  0.242609  0.059444  -0.0308861  0.059444  0.155582
0.304644  -0.105777  -0.0306981  -0.105777  0.242402  0.0592859  -0.0306981  0.0592859  0.15559
0.304639  -0.105755  -0.0306895  -0.105755  0.242378  0.0592734  -0.0306895  0.0592734  0.15559
0.304563  -0.105526  -0.0304116  -0.105526  0.242097  0.0590471  -0.0304116  0.0590471  0.155598
0.304558  -0.105505  -0.0304031  -0.105505  0.242073  0.0590347  -0.0304031  0.0590347  0.155599
0.304481  -0.105285  -0.0301536  -0.105285  0.241818  0.0588329  -0.0301536  0.0588329  0.155611
0.304473  -0.105258  -0.0301316  -0.105258  0.241788  0.0588124  -0.0301316  0.0588124  0.155613
0.304402  -0.105024  -0.0298879  -0.105024  0.241506  0.0586007  -0.0298879  0.0586007  0.155622
0.304349  -0.104868  -0.0297108  -0.104868  0.241325  0.058458  -0.0297108  0.058458  0.155632
0.304344  -0.104847  -0.0297025  -0.104847  0.241302  0.0584458  -0.0297025  0.0584458  0.155633
0.304265  -0.104608  -0.0294471  -0.104608  0.241027  0.0582347  -0.0294471  0.0582347  0.15565
0.304262  -0.104603  -0.0294337  -0.104603  0.241021  0.0582266  -0.0294337  0.0582266  0.15565
0.304191  -0.104366  -0.0291789  -0.104366  0.240736  0.0580099  -0.0291789  0.0580099  0.155664
0.304129  -0.104168  -0.0289872  -0.104168  0.240511  0.0578452  -0.0289872  0.0578452  0.155678
0.304121  -0.104142  -0.0289655  -0.104142  0.240482  0.0578252  -0.0289655  0.0578252  0.15568
0.304047  -0.103885  -0.0287043  -0.103885  0.240176  0.0575986  -0.0287043  0.0575986  0.155696
0.304044  -0.103881  -0.0286909  -0.103881  0.24017  0.0575906  -0.0286909  0.0575906  0.155697
0.303964  -0.103611  -0.0284495  -0.103611  0.239867  0.0573761  -0.0284495  0.0573761  0.155718
0.303908  -0.103413  -0.0282462  -0.103413  0.239628  0.0571993  -0.0282462  0.0571993  0.155732
0.303901  -0.103387  -0.0282248  -0.103387  0.239599  0.0571796  -0.0282248  0.0571796  0.155734
0.303818  -0.103098  -0.0279771  -0.103098  0.239276  0.0569554  -0.0279771  0.0569554  0.155759
0.303815  -0.103093  -0.0279639  -0.103093  0.23927  0.0569476  -0.0279639  0.0569476  0.15576
0.303736  -0.102822  -0.0277121  -0.102822  0.238966  0.0567287  -0.0277121  0.0567287  0.155786
0.303729  -0.102796  -0.0276909  -0.102796  0.238937  0.0567093  -0.0276909  0.0567093  0.155788
0.303645  -0.102529  -0.0273956  -0.102529  0.238633  0.0564724  -0.0273956  0.0564724  0.155819
0.303638  -0.102503  -0.0273746  -0.102503  0.238605  0.0564531  -0.0273746  0.0564531  0.155821
0.303557  -0.102224  -0.0270989  -0.102224  0.238292  0.0562216  -0.0270989  0.0562216  0.155853
0.303552  -0.102215  -0.0270728  -0.102215  0.238281  0.0562063  -0.0270728  0.0562063  0.155855
0.303474  -0.101942  -0.0268113  -0.101942  0.237976  0.055984  -0.0268113  0.055984  0.155887
0.303422  -0.101756  -0.0266394  -0.101756  0.237768  0.0558352  -0.0266394  0.0558352  0.155908
0.303419  -0.101751  -0.0266264  -0.101751  0.237762  0.0558276  -0.0266264  0.0558276  0.15591
0.303347  -0.101465  -0.0263714  -0.101465  0.237432  0.055597  -0.0263714  0.055597  0.155939
0.30334  -0.101439  -0.0263506  -0.101439  0.237404  0.0555781  -0.0263506  0.0555781  0.155942
0.303267  -0.101174  -0.026105  -0.101174  0.23711  0.0553669  -0.026105  0.0553669  0.155976
0.303217  -0.101  -0.0259169  -0.101  0.236915  0.0552169  -0.0259169  0.0552169  0.156001
0.303213  -0.10098  -0.0259092  -0.10098  0.236894  0.0552056  -0.0259092  0.0552056  0.156003
0.303138  -0.100706  -0.0256397  -0.100706  0.23659  0.0549817  -0.0256397  0.0549817  0.156042
0.303134  -0.100697  -0.025614  -0.100697  0.236579  0.0549669  -0.025614  0.0549669  0.156045
0.303058  -0.100409  -0.0253509  -0.100409  0.236262  0.0547407  -0.0253509  0.0547407  0.156086
0.303006  -0.100217  -0.0251573  -0.100217  0.236049  0.0545822  -0.0251573  0.0545822  0.156116
0.303004  -0.100213  -0.0251446  -0.100213  0.236044  0.0545748  -0.0251446  0.0545748  0.156118
0.302934  -0.0999466  -0.0248909  -0.0999466  0.235751  0.0543621  -0.0248909  0.0543621  0.156159
0.30293  -0.0999262  -0.0248833  -0.0999262  0.23573  0.0543511  -0.0248833  0.0543511  0.156161
0.302851  -0.0996161  -0.0246031  -0.0996161  0.235391  0.0541106  -0.0246031  0.0541106  0.156209
0.302849  -0.0996117  -0.0245904  -0.0996117  0.235385  0.0541033  -0.0245904  0.0541033  0.15621
0.302784  -0.0993284  -0.0243309  -0.0993284  0.235063  0.0538758  -0.0243309  0.0538758  0.156252
0.302737  -0.0991432  -0.024153  -0.0991432  0.234861  0.0537282  -0.024153  0.0537282  0.156284
0.302731  -0.0991186  -0.024133  -0.0991186  0.234834  0.0537102  -0.024133  0.0537102  0.156288
0.30267  -0.0988528  -0.0238702  -0.0988528  0.234531  0.0534888  -0.0238702  0.0534888  0.156332
0.302666  -0.0988441  -0.0238451  -0.0988441  0.23452  0.0534746  -0.0238451  0.0534746  0.156336
0.3026  -0.0985783  -0.0235841  -0.0985783  0.23423  0.0532612  -0.0235841  0.0532612  0.156386
0.302563  -0.0984115  -0.0234024  -0.0984115  0.234035  0.053113  -0.0234024  0.053113  0.156416
0.302557  -0.0983871  -0.0233827  -0.0983871  0.234009  0.0530954  -0.0233827  0.0530954  0.15642
0.302503  -0.0981437  -0.0231301  -0.0981437  0.233731  0.0528882  -0.0231301  0.0528882  0.156466
0.302497  -0.0981194  -0.0231104  -0.0981194  0.233705  0.0528707  -0.0231104  0.0528707  0.15647
0.302445  -0.0978925  -0.0228537  -0.0978925  0.233444  0.0526683  -0.0228537  0.0526683  0.156517
0.302406  -0.0977072  -0.0226668  -0.0977072  0.233231  0.0525121  -0.0226668  0.0525121  0.156552
0.302404  -0.097703  -0.0226545  -0.097703  0.233225  0.0525052  -0.0226545  0.0525052  0.156555
0.302349  -0.0974418  -0.0223975  -0.0974418  0.232931  0.052291  -0.0223975  0.052291  0.156606
0.302344  -0.0974177  -0.022378  -0.0974177  0.232906  0.0522738  -0.022378  0.0522738  0.156611
0.302286  -0.097149  -0.0220976  -0.097149  0.232603  0.0520473  -0.0220976  0.0520473  0.156669
0.302254  -0.0969776  -0.0218947  -0.0969776  0.232391  0.0518839  -0.0218947  0.0518839  0.156705
0.30225  -0.0969579  -0.0218876  -0.0969579  0.232371  0.0518737  -0.0218876  0.0518737  0.156707
0.302199  -0.0967145  -0.0216285  -0.0967145  0.232097  0.0516667  -0.0216285  0.0516667  0.156763
0.302195  -0.0966907  -0.0216093  -0.0966907  0.232071  0.0516498  -0.0216093  0.0516498  0.156767
0.302149  -0.0964489  -0.0213504  -0.0964489  0.231787  0.0514376  -0.0213504  0.0514376  0.15682
0.302116  -0.096271  -0.0211798  -0.096271  0.231585  0.0512934  -0.0211798  0.0512934  0.156858
0.302113  -0.0962628  -0.0211556  -0.0962628  0.231575  0.05128  -0.0211556  0.05128  0.156863
0.302068  -0.0960068  -0.0209036  -0.0960068  0.231279  0.0510666  -0.0209036  0.0510666  0.156918
0.302063  -0.0959832  -0.0208846  -0.0959832  0.231254  0.05105  -0.0208846  0.05105  0.156923
0.302019  -0.0957393  -0.0206165  -0.0957393  0.230969  0.0508347  -0.0206165  0.0508347  0.156982
0.301983  -0.0955394  -0.020429  -0.0955394  0.230746  0.0506765  -0.020429  0.0506765  0.157028
0.301983  -0.0955165  -0.0204093  -0.0955165  0.23071  0.0506535  -0.0204093  0.0506535  0.157029
0.301933  -0.095254  -0.0201372  -0.095254  0.23042  0.0504373  -0.0201372  0.0504373  0.157098
0.301929  -0.0952306  -0.0201185  -0.0952306  0.230395  0.050421  -0.0201185  0.050421  0.157103
0.301884  -0.0949584  -0.0198637  -0.0949584  0.230086  0.050203  -0.0198637  0.050203  0.157166
0.301852  -0.0947756  -0.0196733  -0.0947756  0.229881  0.050051  -0.0196733  0.050051  0.157215
0.301848  -0.0947523  -0.0196547  -0.0947523  0.229857  0.0500348  -0.0196547  0.0500348  0.157221
0.301804  -0.0944775  -0.01939  -0.0944775  0.229546  0.0498129  -0.01939  0.0498129  0.157289
0.301799  -0.0944543  -0.0193715  -0.0944543  0.229522  0.0497968  -0.0193715  0.0497968  0.157295
0.30176  -0.0942109  -0.0190977  -0.0942109  0.229242  0.049583  -0.0190977  0.049583  0.157365
0.301727  -0.0940219  -0.018886  -0.0940219  0.229031  0.0494212  -0.018886  0.0494212  0.157424
0.301728  -0.0939993  -0.0188667  -0.0939993  0.228996  0.0493988  -0.0188667  0.0493988  0.157425
0.301687  -0.0937381  -0.0185884  -0.0937381  0.228699  0.049178  -0.0185884  0.049178  0.157501
0.301685  -0.0937303  -0.018565  -0.0937303  0.22869  0.0491655  -0.018565  0.0491655  0.157507
0.301649  -0.0934705  -0.0182869  -0.0934705  0.228384  0.0489397  -0.0182869  0.0489397  0.157581
0.301625  -0.0932914  -0.0181  -0.0932914  0.228175  0.0487869  -0.0181  0.0487869  0.157631
0.301622  -0.0932685  -0.018082  -0.0932685  0.228151  0.0487714  -0.018082  0.0487714  0.157638
0.301589  -0.0930027  -0.0178342  -0.0930027  0.227844  0.0485572  -0.0178342  0.0485572  0.157706
0.301586  -0.092995  -0.0178111  -0.092995  0.227835  0.048545  -0.0178111  0.048545  0.157713
0.301559  -0.0927415  -0.0175467  -0.0927415  0.227526  0.0483229  -0.0175467  0.0483229  0.157783
0.301555  -0.0927188  -0.0175288  -0.0927188  0.227504  0.0483076  -0.0175288  0.0483076  0.157789
0.301528  -0.0924773  -0.0172488  -0.0924773  0.227206  0.0480841  -0.0172488  0.0480841  0.157864
0.301507  -0.0923113  -0.0170481  -0.0923113  0.227011  0.0479322  -0.0170481  0.0479322  0.157922
0.301504  -0.0922887  -0.0170304  -0.0922887  0.226988  0.0479171  -0.0170304  0.0479171  0.157929
0.301476  -0.0920295  -0.0167461  -0.0920295  0.226676  0.047687  -0.0167461  0.047687  0.15801
0.301455  -0.0918495  -0.0165521  -0.0918495  0.226469  0.0475339  -0.0165521  0.0475339  0.15807
0.301453  -0.0918419  -0.0165293  -0.0918419  0.22646  0.047522  -0.0165293  0.047522  0.158077
0.301429  -0.0915917  -0.0162698  -0.0915917  0.22616  0.0473064  -0.0162698  0.0473064  0.158154
0.301427  -0.0915841  -0.0162471  -0.0915841  0.226151  0.0472947  -0.0162471  0.0472947  0.158161
0.301403  -0.0913197  -0.0159939  -0.0913197  0.22584  0.0470774  -0.0159939  0.0470774  0.158239
0.301387  -0.0911413  -0.0158009  -0.0911413  0.225625  0.0469207  -0.0158009  0.0469207  0.158297
0.301385  -0.0911338  -0.0157784  -0.0911338  0.225616  0.0469091  -0.0157784  0.0469091  0.158305
0.301362  -0.0908779  -0.0154993  -0.0908779  0.225312  0.0466858  -0.0154993  0.0466858  0.158393
0.301363  -0.0908707  -0.0154757  -0.0908707  0.225292  0.0466679  -0.0154757  0.0466679  0.158396
0.301346  -0.0906231  -0.0152191  -0.0906231  0.224987  0.0464512  -0.0152191  0.0464512  0.158474
0.301343  -0.0906009  -0.0152019  -0.0906009  0.224965  0.0464368  -0.0152019  0.0464368  0.158481
0.301327  -0.0903688  -0.0149411  -0.0903688  0.224675  0.0462246  -0.0149411  0.0462246  0.15856
0.301313  -0.0901996  -0.0147237  -0.0901996  0.22447  0.0460634  -0.0147237  0.0460634  0.158632
0.30131  -0.0901775  -0.0147066  -0.0901775  0.224448  0.0460492  -0.0147066  0.0460492  0.158639
0.301293  -0.0899573  -0.0144325  -0.0899573  0.224181  0.0458431  -0.0144325  0.0458431  0.15873
0.301292  -0.0899499  -0.0144104  -0.0899499  0.224173  0.0458319  -0.0144104  0.0458319  0.158738
0.301272  -0.0897047  -0.0141095  -0.0897047  0.223882  0.0456076  -0.0141095  0.0456076  0.158843
0.301273  -0.0896828  -0.0140914  -0.0896828  0.223849  0.0455873  -0.0140914  0.0455873  0.158846
0.301258  -0.0894675  -0.0138307  -0.0894675  0.22359  0.0453896  -0.0138307  0.0453896  0.158937
0.301257  -0.0894602  -0.0138087  -0.0894602  0.223582  0.0453786  -0.0138087  0.0453786  0.158945
0.301245  -0.0892419  -0.0135369  -0.0892419  0.223308  0.0451704  -0.0135369  0.0451704  0.159037
0.301238  -0.0890747  -0.0133713  -0.0890747  0.2231  0.0450269  -0.0133713  0.0450269  0.159092
0.301237  -0.0890675  -0.0133495  -0.0890675  0.223092  0.0450161  -0.0133495  0.0450161  0.1591
0.301227  -0.0888209  -0.0130885  -0.0888209  0.222784  0.0447981  -0.0130885  0.0447981  0.159189
0.301226  -0.0888137  -0.0130667  -0.0888137  0.222776  0.0447873  -0.0130667  0.0447873  0.159197
0.301218  -0.0885822  -0.0128016  -0.0885822  0.222483  0.0445737  -0.0128016  0.0445737  0.159288
0.301211  -0.0884198  -0.0126001  -0.0884198  0.222279  0.0444196  -0.0126001  0.0444196  0.159359
0.301209  -0.0883982  -0.0125837  -0.0883982  0.222258  0.0444061  -0.0125837  0.0444061  0.159368
0.301201  -0.0881605  -0.0122988  -0.0881605  0.22196  0.0441843  -0.0122988  0.0441843  0.15947
0.301199  -0.0881389  -0.0122824  -0.0881389  0.221939  0.044171  -0.0122824  0.044171  0.159478
0.301189  -0.0879055  -0.0120108  -0.0879055  0.221658  0.0439624  -0.0120108  0.0439624  0.159582
0.301191  -0.0878983  -0.011988  -0.0878983  0.221639  0.0439456  -0.011988  0.0439456  0.159587
0.301182  -0.0876581  -0.0117441  -0.0876581  0.221355  0.0437461  -0.0117441  0.0437461  0.159683
0.301175  -0.0875008  -0.0115576  -0.0875008  0.22117  0.0436073  -0.0115576  0.0436073  0.159759
0.301176  -0.0874828  -0.0115508  -0.0874828  0.221143  0.0435932  -0.0115508  0.0435932  0.159758
0.301169  -0.0872509  -0.011282  -0.0872509  0.220866  0.0433883  -0.011282  0.0433883  0.159866
0.301167  -0.0872295  -0.0112659  -0.0872295  0.220846  0.0433754  -0.0112659  0.0433754  0.159875
0.30116  -0.0869983  -0.0109983  -0.0869983  0.220571  0.043172  -0.0109983  0.043172  0.159985
0.301156  -0.0868207  -0.0107966  -0.0868207  0.220359  0.0430168  -0.0107966  0.0430168  0.160069
0.301154  -0.0867994  -0.0107806  -0.0867994  0.22034  0.0430041  -0.0107806  0.0430041  0.160078
0.301148  -0.0865692  -0.0105149  -0.0865692  0.220067  0.0428032  -0.0105149  0.0428032  0.16019
0.301149  -0.0865512  -0.0105082  -0.0865512  0.22004  0.0427893  -0.0105082  0.0427893  0.16019
0.301142  -0.0863109  -0.0102606  -0.0863109  0.219773  0.0425984  -0.0102606  0.0425984  0.160303
0.301138  -0.0861593  -0.0100887  -0.0861593  0.219598  0.0424699  -0.0100887  0.0424699  0.16038
0.301139  -0.0861379  -0.0100716  -0.0861379  0.219568  0.0424512  -0.0100716  0.0424512  0.160385
0.301134  -0.0859238  -0.00980492  -0.0859238  0.219323  0.0422628  -0.00980492  0.0422628  0.160507
0.301134  -0.085917  -0.00978407  -0.085917  0.219316  0.042253  -0.00978407  0.042253  0.160517
0.301131  -0.0856889  -0.00952232  -0.0856889  0.21905  0.0420572  -0.00952232  0.0420572  0.160636
0.301129  -0.0855383  -0.00935232  -0.0855383  0.218879  0.0419311  -0.00935232  0.0419311  0.160715
0.301128  -0.0855207  -0.00934717  -0.0855207  0.218863  0.0419237  -0.00934717  0.0419237  0.16072
0.301127  -0.0852902  -0.00907685  -0.0852902  0.218596  0.0417254  -0.00907685  0.0417254  0.160846
0.301126  -0.0852693  -0.00906143  -0.0852693  0.218578  0.0417132  -0.00906143  0.0417132  0.160856
0.301125  -0.0850527  -0.00883341  -0.0850527  0.218326  0.0415354  -0.00883341  0.0415354  0.160963
0.301125  -0.085046  -0.00881285  -0.085046  0.218319  0.0415259  -0.00881285  0.0415259  0.160973
0.301124  -0.0848092  -0.00857044  -0.0848092  0.218051  0.0413373  -0.00857044  0.0413373  0.161091
0.301126  -0.0846563  -0.0083913  -0.0846563  0.217869  0.0412035  -0.0083913  0.0412035  0.161175
0.301125  -0.0846355  -0.00837608  -0.0846355  0.21785  0.0411916  -0.00837608  0.0411916  0.161185
0.301126  -0.0844249  -0.00811623  -0.0844249  0.217616  0.0410117  -0.00811623  0.0410117  0.161317
0.301127  -0.0844038  -0.00809962  -0.0844038  0.217586  0.0409938  -0.00809962  0.0409938  0.161323
0.301127  -0.0841863  -0.00786637  -0.0841863  0.217348  0.040822  -0.00786637  0.040822  0.161445
0.301127  -0.0841797  -0.00784609  -0.0841797  0.217342  0.0408127  -0.00784609  0.0408127  0.161455
0.301128  -0.0839627  -0.00761381  -0.0839627  0.217105  0.0406422  -0.00761381  0.0406422  0.161579
0.301129  -0.0838041  -0.00746416  -0.0838041  0.216933  0.0405246  -0.00746416  0.0405246  0.161659
0.301129  -0.0837835  -0.00744921  -0.0837835  0.216915  0.0405131  -0.00744921  0.0405131  0.16167
0.301131  -0.0835707  -0.00722852  -0.0835707  0.216685  0.0403489  -0.00722852  0.0403489  0.16179
0.301133  -0.0834062  -0.00705984  -0.0834062  0.216508  0.0402237  -0.00705984  0.0402237  0.161883
0.301134  -0.0833853  -0.00704351  -0.0833853  0.216479  0.0402062  -0.00704351  0.0402062  0.161889
0.301138  -0.0831399  -0.00676965  -0.0831399  0.216221  0.0400149  -0.00676965  0.0400149  0.162044
0.301137  -0.0831195  -0.00675491  -0.0831195  0.216203  0.0400037  -0.00675491  0.0400037  0.162055
0.301144  -0.0829012  -0.0065154  -0.0829012  0.215959  0.0398279  -0.0065154  0.0398279  0.162185
0.301143  -0.0828808  -0.00650074  -0.0828808  0.215942  0.0398167  -0.00650074  0.0398167  0.162196
0.301149  -0.0826636  -0.00626377  -0.0826636  0.21571  0.0396483  -0.00626377  0.0396483  0.162333
0.301153  -0.0825007  -0.00609785  -0.0825007  0.215538  0.0395265  -0.00609785  0.0395265  0.16243
0.301153  -0.0824804  -0.00608331  -0.0824804  0.215521  0.0395155  -0.00608331  0.0395155  0.162441
0.301161  -0.0822748  -0.00583299  -0.0822748  0.2153  0.0393472  -0.00583299  0.0393472  0.162586
0.301161  -0.0822578  -0.00582836  -0.0822578  0.215286  0.0393406  -0.00582836  0.0393406  0.162592
0.301171  -0.0820351  -0.00557293  -0.0820351  0.215042  0.0391609  -0.00557293  0.0391609  0.162739
0.301171  -0.0820149  -0.00555855  -0.0820149  0.215025  0.03915  -0.00555855  0.03915  0.16275
0.30118  -0.0818167  -0.00532991  -0.0818167  0.214813  0.0389928  -0.00532991  0.0389928  0.162887
0.301186  -0.0816785  -0.00519066  -0.0816785  0.214664  0.0388891  -0.00519066  0.0388891  0.16297
0.301187  -0.0816578  -0.00517481  -0.0816578  0.214636  0.0388724  -0.00517481  0.0388724  0.162977
0.301197  -0.0814634  -0.00495734  -0.0814634  0.21443  0.038721  -0.00495734  0.038721  0.163109
0.301197  -0.0814434  -0.00494315  -0.0814434  0.214413  0.0387105  -0.00494315  0.0387105  0.163121
0.301209  -0.0812488  -0.00472495  -0.0812488  0.214196  0.0385541  -0.00472495  0.0385541  0.16325
0.301209  -0.0812289  -0.00471082  -0.0812289  0.21418  0.0385436  -0.00471082  0.0385436  0.163261
0.301222  -0.0810148  -0.0044794  -0.0810148  0.213948  0.0383779  -0.0044794  0.0383779  0.163403
0.301231  -0.0808516  -0.00430896  -0.0808516  0.213781  0.0382583  -0.00430896  0.0382583  0.163513
