0.301349  -0.141763  -0.0664106  -0.141763  0.326813  0.116354  -0.0664106  0.116354  0.173618
0.301349  -0.141763  -0.0664106  -0.141763  0.326813  0.116354  -0.0664106  0.116354  0.173618
0.301349  -0.141763  -0.0664106  -0.141763  0.326813  0.116354  -0.0664106  0.116354  0.173618
0.301344  -0.14146  -0.0668271  -0.14146  0.326401  0.116467  -0.0668271  0.116467  0.173807
0.301342  -0.14141  -0.0668791  -0.14141  0.326332  0.116475  -0.0668791  0.116475  0.17383
0.301333  -0.141304  -0.0669642  -0.141304  0.32618  0.116472  -0.0669642  0.116472  0.173867
0.301322  -0.141269  -0.0668545  -0.141269  0.326086  0.116361  -0.0668545  0.116361  0.173806
0.301315  -0.141226  -0.0668638  -0.141226  0.326022  0.116343  -0.0668638  0.116343  0.173809
0.301303  -0.141099  -0.0669536  -0.141099  0.325839  0.116331  -0.0669536  0.116331  0.173847
0.30121  -0.140663  -0.067226  -0.140663  0.325333  0.11634  -0.067226  0.11634  0.173994
0.301195  -0.140634  -0.0672266  -0.140634  0.325313  0.116338  -0.0672266  0.116338  0.173999
0.301147  -0.140582  -0.0671389  -0.140582  0.325293  0.11629  -0.0671389  0.11629  0.173973
0.300995  -0.140278  -0.0669552  -0.140278  0.324997  0.116102  -0.0669552  0.116102  0.173921
0.300988  -0.140236  -0.0669646  -0.140236  0.324934  0.116084  -0.0669646  0.116084  0.173924
0.300797  -0.139749  -0.0668723  -0.139749  0.324419  0.11588  -0.0668723  0.11588  0.173922
0.300779  -0.139727  -0.0668307  -0.139727  0.324404  0.115853  -0.0668307  0.115853  0.173907
0.30059  -0.139403  -0.0665756  -0.139403  0.324137  0.115645  -0.0665756  0.115645  0.173838
0.300559  -0.139338  -0.0665584  -0.139338  0.324085  0.115624  -0.0665584  0.115624  0.17384
0.300483  -0.139112  -0.0665661  -0.139112  0.323836  0.115554  -0.0665661  0.115554  0.173859
0.300341  -0.138675  -0.0665433  -0.138675  0.323334  0.115383  -0.0665433  0.115383  0.173874
0.300338  -0.138668  -0.0665246  -0.138668  0.323321  0.115366  -0.0665246  0.115366  0.173865
0.300229  -0.138284  -0.0664671  -0.138284  0.322822  0.115157  -0.0664671  0.115157  0.173846
0.300223  -0.138228  -0.0664998  -0.138228  0.322742  0.115147  -0.0664998  0.115147  0.17386
0.300189  -0.138027  -0.0665799  -0.138027  0.322472  0.115099  -0.0665799  0.115099  0.173897
0.300121  -0.137729  -0.0665955  -0.137729  0.322069  0.114962  -0.0665955  0.114962  0.173905
0.300115  -0.137715  -0.0665582  -0.137715  0.322042  0.114928  -0.0665582  0.114928  0.173887
0.30005  -0.13748  -0.0664993  -0.13748  0.321723  0.114777  -0.0664993  0.114777  0.173861
0.300044  -0.137439  -0.0665086  -0.137439  0.321662  0.11476  -0.0665086  0.11476  0.173864
0.30001  -0.137266  -0.066542  -0.137266  0.321429  0.114695  -0.066542  0.114695  0.173879
0.299939  -0.137046  -0.0663996  -0.137046  0.32112  0.114495  -0.0663996  0.114495  0.173814
0.299933  -0.137033  -0.0663625  -0.137033  0.321093  0.114462  -0.0663625  0.114462  0.173795
0.299874  -0.136807  -0.0662475  -0.136807  0.320756  0.114263  -0.0662475  0.114263  0.173737
0.299871  -0.136787  -0.0662522  -0.136787  0.320726  0.114254  -0.0662522  0.114254  0.173738
0.299828  -0.136508  -0.0662008  -0.136508  0.320271  0.11404  -0.0662008  0.11404  0.173696
0.299822  -0.136481  -0.066187  -0.136481  0.320228  0.114014  -0.066187  0.114014  0.173688
0.299817  -0.136441  -0.0661215  -0.136441  0.320133  0.113932  -0.0661215  0.113932  0.173649
0.299798  -0.136199  -0.0660732  -0.136199  0.319687  0.113713  -0.0660732  0.113713  0.173598
0.299792  -0.136158  -0.0660826  -0.136158  0.319627  0.113695  -0.0660826  0.113695  0.173601
0.299802  -0.135991  -0.0661027  -0.135991  0.319283  0.113554  -0.0661027  0.113554  0.173579
0.299796  -0.135964  -0.0660889  -0.135964  0.31924  0.113528  -0.0660889  0.113528  0.173571
0.299816  -0.135919  -0.066021  -0.135919  0.319068  0.113399  -0.066021  0.113399  0.173512
0.29982  -0.1359  -0.066011  -0.1359  0.319013  0.113367  -0.066011  0.113367  0.173501
0.299845  -0.135821  -0.0660309  -0.135821  0.318803  0.113278  -0.0660309  0.113278  0.173483
0.299845  -0.135821  -0.0660309  -0.135821  0.318803  0.113278  -0.0660309  0.113278  0.173483
0.299871  -0.135831  -0.0659306  -0.135831  0.318707  0.113159  -0.0659306  0.113159  0.17341
0.299878  -0.135832  -0.0659159  -0.135832  0.318682  0.113135  -0.0659159  0.113135  0.173397
0.299893  -0.135819  -0.0659097  -0.135819  0.318616  0.113096  -0.0659097  0.113096  0.173381
0.299927  -0.135762  -0.0659102  -0.135762  0.318411  0.112992  -0.0659102  0.112992  0.173349
0.299924  -0.135755  -0.0658917  -0.135755  0.318398  0.112975  -0.0658917  0.112975  0.173339
0.299971  -0.135752  -0.0658451  -0.135752  0.318245  0.112858  -0.0658451  0.112858  0.17328
0.299968  -0.135746  -0.0658267  -0.135746  0.318232  0.112842  -0.0658267  0.112842  0.173271
0.300024  -0.135689  -0.0658577  -0.135689  0.317987  0.112732  -0.0658577  0.112732  0.173241
0.300024  -0.135689  -0.0658577  -0.135689  0.317987  0.112732  -0.0658577  0.112732  0.173241
0.300049  -0.135684  -0.0658551  -0.135684  0.317909  0.112685  -0.0658551  0.112685  0.173221
0.300088  -0.135707  -0.0657769  -0.135707  0.317815  0.112576  -0.0657769  0.112576  0.173154
0.300088  -0.135707  -0.0657769  -0.135707  0.317815  0.112576  -0.0657769  0.112576  0.173154
0.300129  -0.135676  -0.065791  -0.135676  0.317653  0.112498  -0.065791  0.112498  0.173129
0.300129  -0.135676  -0.065791  -0.135676  0.317653  0.112498  -0.065791  0.112498  0.173129
0.300147  -0.135684  -0.06578  -0.135684  0.317616  0.112467  -0.06578  0.112467  0.173112
0.300171  -0.13572  -0.0657082  -0.13572  0.317589  0.112398  -0.0657082  0.112398  0.173061
0.300182  -0.135728  -0.0657119  -0.135728  0.317577  0.11239  -0.0657119  0.11239  0.173057
0.300207  -0.135709  -0.0657323  -0.135709  0.317482  0.112352  -0.0657323  0.112352  0.173048
0.300207  -0.135709  -0.0657323  -0.135709  0.317482  0.112352  -0.0657323  0.112352  0.173048
0.300235  -0.135738  -0.0657019  -0.135738  0.31745  0.112306  -0.0657019  0.112306  0.173016
0.300235  -0.135738  -0.0657019  -0.135738  0.31745  0.112306  -0.0657019  0.112306  0.173016
0.300243  -0.135725  -0.0657103  -0.135725  0.317408  0.11229  -0.0657103  0.11229  0.173013
0.300258  -0.135685  -0.06575  -0.135685  0.317308  0.112266  -0.06575  0.112266  0.173019
0.300258  -0.135685  -0.06575  -0.135685  0.317308  0.112266  -0.06575  0.112266  0.173019
0.300259  -0.135686  -0.0656754  -0.135686  0.317274  0.112202  -0.0656754  0.112202  0.172977
0.300259  -0.135686  -0.0656754  -0.135686  0.317274  0.112202  -0.0656754  0.112202  0.172977
0.30025  -0.135625  -0.0656893  -0.135625  0.317185  0.112176  -0.0656893  0.112176  0.172981
0.300247  -0.135604  -0.0656939  -0.135604  0.317156  0.112167  -0.0656939  0.112167  0.172983
0.300244  -0.135598  -0.0656755  -0.135598  0.317143  0.112151  -0.0656755  0.112151  0.172974
0.300224  -0.135584  -0.0655935  -0.135584  0.317132  0.112101  -0.0655935  0.112101  0.17294
0.300224  -0.135584  -0.0655935  -0.135584  0.317132  0.112101  -0.0655935  0.112101  0.17294
0.300215  -0.135509  -0.0656305  -0.135509  0.317027  0.112082  -0.0656305  0.112082  0.172955
0.300215  -0.135509  -0.0656305  -0.135509  0.317027  0.112082  -0.0656305  0.112082  0.172955
0.300209  -0.135496  -0.0655937  -0.135496  0.317001  0.11205  -0.0655937  0.11205  0.172937
0.300206  -0.135489  -0.0655753  -0.135489  0.316988  0.112033  -0.0655753  0.112033  0.172928
0.300206  -0.135489  -0.0655753  -0.135489  0.316988  0.112033  -0.0655753  0.112033  0.172928
0.300205  -0.135402  -0.0656206  -0.135402  0.316841  0.111999  -0.0656206  0.111999  0.17294
0.300205  -0.135402  -0.0656206  -0.135402  0.316841  0.111999  -0.0656206  0.111999  0.17294
0.300188  -0.135395  -0.0655571  -0.135395  0.316843  0.111965  -0.0655571  0.111965  0.172916
0.300178  -0.135361  -0.0655249  -0.135361  0.316788  0.111924  -0.0655249  0.111924  0.1729
0.300178  -0.135361  -0.0655249  -0.135361  0.316788  0.111924  -0.0655249  0.111924  0.1729
0.30017  -0.135286  -0.0655619  -0.135286  0.316683  0.111905  -0.0655619  0.111905  0.172914
0.30017  -0.135286  -0.0655619  -0.135286  0.316683  0.111905  -0.0655619  0.111905  0.172914
0.300163  -0.135273  -0.0655251  -0.135273  0.316657  0.111873  -0.0655251  0.111873  0.172896
0.300154  -0.135253  -0.06547  -0.135253  0.316618  0.111823  -0.06547  0.111823  0.172869
0.300151  -0.135233  -0.0654746  -0.135233  0.316589  0.111815  -0.0654746  0.111815  0.172871
0.300148  -0.135213  -0.0654793  -0.135213  0.316559  0.111806  -0.0654793  0.111806  0.172872
0.300149  -0.135186  -0.0654509  -0.135186  0.316492  0.111758  -0.0654509  0.111758  0.172852
0.300149  -0.135186  -0.0654509  -0.135186  0.316492  0.111758  -0.0654509  0.111758  0.172852
0.300137  -0.135132  -0.0654234  -0.135132  0.316407  0.111707  -0.0654234  0.111707  0.172837
0.300137  -0.135132  -0.0654234  -0.135132  0.316407  0.111707  -0.0654234  0.111707  0.172837
0.300136  -0.135072  -0.0654226  -0.135072  0.316294  0.111658  -0.0654226  0.111658  0.172828
0.300136  -0.135072  -0.0654226  -0.135072  0.316294  0.111658  -0.0654226  0.111658  0.172828
0.300123  -0.135046  -0.0653493  -0.135046  0.316242  0.111592  -0.0653493  0.111592  0.172793
0.300121  -0.135025  -0.0653539  -0.135025  0.316213  0.111584  -0.0653539  0.111584  0.172794
0.300115  -0.134999  -0.0653402  -0.134999  0.316171  0.111559  -0.0653402  0.111559  0.172787
0.300092  -0.134938  -0.0653092  -0.134938  0.316098  0.111516  -0.0653092  0.111516  0.172776
0.300092  -0.134938  -0.0653092  -0.134938  0.316098  0.111516  -0.0653092  0.111516  0.172776
0.30008  -0.134898  -0.0652589  -0.134898  0.31603  0.111458  -0.0652589  0.111458  0.17275
0.30008  -0.134898  -0.0652589  -0.134898  0.31603  0.111458  -0.0652589  0.111458  0.17275
0.300068  -0.134844  -0.0652315  -0.134844  0.315946  0.111408  -0.0652315  0.111408  0.172736
0.300068  -0.134844  -0.0652315  -0.134844  0.315946  0.111408  -0.0652315  0.111408  0.172736
0.300062  -0.134817  -0.0652178  -0.134817  0.315903  0.111383  -0.0652178  0.111383  0.172728
0.30005  -0.134764  -0.0651905  -0.134764  0.315819  0.111333  -0.0651905  0.111333  0.172713
0.30005  -0.134764  -0.0651905  -0.134764  0.315819  0.111333  -0.0651905  0.111333  0.172713
0.300038  -0.13471  -0.0651632  -0.13471  0.315735  0.111284  -0.0651632  0.111284  0.172699
0.300028  -0.134703  -0.0651596  -0.134703  0.315747  0.111291  -0.0651596  0.111291  0.172703
0.300016  -0.134663  -0.0651094  -0.134663  0.315679  0.111233  -0.0651094  0.111233  0.172678
0.300013  -0.134643  -0.065114  -0.134643  0.315649  0.111225  -0.065114  0.111225  0.172679
0.300013  -0.134643  -0.065114  -0.134643  0.315649  0.111225  -0.065114  0.111225  0.172679
0.299991  -0.134582  -0.0650831  -0.134582  0.315577  0.111182  -0.0650831  0.111182  0.172668
0.299988  -0.134575  -0.0650649  -0.134575  0.315564  0.111166  -0.0650649  0.111166  0.172659
0.299968  -0.134535  -0.0650293  -0.134535  0.315521  0.111132  -0.0650293  0.111132  0.172647
0.299968  -0.134535  -0.0650293  -0.134535  0.315521  0.111132  -0.0650293  0.111132  0.172647
0.299958  -0.134528  -0.0650257  -0.134528  0.315533  0.111139  -0.0650257  0.111139  0.172651
0.299949  -0.134494  -0.0649939  -0.134494  0.315478  0.111098  -0.0649939  0.111098  0.172635
0.299939  -0.134487  -0.0649902  -0.134487  0.31549  0.111105  -0.0649902  0.111105  0.172639
0.299936  -0.134481  -0.064972  -0.134481  0.315478  0.111088  -0.064972  0.111088  0.172631
0.29993  -0.13444  -0.0649813  -0.13444  0.315419  0.111071  -0.0649813  0.111071  0.172633
0.29993  -0.13444  -0.0649813  -0.13444  0.315419  0.111071  -0.0649813  0.111071  0.172633
0.299914  -0.13442  -0.0649412  -0.13442  0.315405  0.111046  -0.0649412  0.111046  0.17262
0.299914  -0.13442  -0.0649412  -0.13442  0.315405  0.111046  -0.0649412  0.111046  0.17262
0.299914  -0.13442  -0.0649412  -0.13442  0.315405  0.111046  -0.0649412  0.111046  0.17262
0.299911  -0.134414  -0.0649229  -0.134414  0.315393  0.11103  -0.0649229  0.11103  0.172611
0.299911  -0.134414  -0.0649229  -0.134414  0.315393  0.11103  -0.0649229  0.11103  0.172611
0.299908  -0.134407  -0.0649047  -0.134407  0.31538  0.111013  -0.0649047  0.111013  0.172602
0.299908  -0.134407  -0.0649047  -0.134407  0.31538  0.111013  -0.0649047  0.111013  0.172602
0.299898  -0.1344  -0.0649011  -0.1344  0.315392  0.11102  -0.0649011  0.11102  0.172606
0.299895  -0.134394  -0.0648829  -0.134394  0.315379  0.111004  -0.0648829  0.111004  0.172598
0.299895  -0.134394  -0.0648829  -0.134394  0.315379  0.111004  -0.0648829  0.111004  0.172598
0.299881  -0.13438  -0.064861  -0.13438  0.315378  0.110995  -0.064861  0.110995  0.172593
0.299881  -0.13438  -0.064861  -0.13438  0.315378  0.110995  -0.064861  0.110995  0.172593
0.299871  -0.134373  -0.0648574  -0.134373  0.31539  0.111002  -0.0648574  0.111002  0.172597
0.299871  -0.134373  -0.0648574  -0.134373  0.31539  0.111002  -0.0648574  0.111002  0.172597
0.299858  -0.134359  -0.0648356  -0.134359  0.315389  0.110993  -0.0648356  0.110993  0.172592
0.299848  -0.134352  -0.064832  -0.134352  0.315401  0.111  -0.064832  0.111  0.172597
0.299845  -0.134345  -0.0648138  -0.134345  0.315388  0.110984  -0.0648138  0.110984  0.172588
0.299834  -0.134338  -0.0648102  -0.134338  0.3154  0.110991  -0.0648102  0.110991  0.172592
0.299824  -0.134331  -0.0648066  -0.134331  0.315412  0.110998  -0.0648066  0.110998  0.172596
0.299811  -0.134318  -0.0647847  -0.134318  0.315411  0.110989  -0.0647847  0.110989  0.172591
0.299811  -0.134318  -0.0647847  -0.134318  0.315411  0.110989  -0.0647847  0.110989  0.172591
0.299798  -0.134304  -0.0647629  -0.134304  0.31541  0.11098  -0.0647629  0.11098  0.172587
0.299798  -0.134304  -0.0647629  -0.134304  0.31541  0.11098  -0.0647629  0.11098  0.172587
0.299771  -0.134277  -0.0647193  -0.134277  0.315408  0.110962  -0.0647193  0.110962  0.172577
0.299771  -0.134277  -0.0647193  -0.134277  0.315408  0.110962  -0.0647193  0.110962  0.172577
0.299758  -0.134263  -0.0646975  -0.134263  0.315408  0.110953  -0.0646975  0.110953  0.172573
0.299758  -0.134263  -0.0646975  -0.134263  0.315408  0.110953  -0.0646975  0.110953  0.172573
0.299748  -0.134256  -0.0646939  -0.134256  0.315419  0.11096  -0.0646939  0.11096  0.172577
0.299735  -0.134242  -0.0646721  -0.134242  0.315419  0.110951  -0.0646721  0.110951  0.172572
0.299735  -0.134242  -0.0646721  -0.134242  0.315419  0.110951  -0.0646721  0.110951  0.172572
0.299722  -0.134229  -0.0646504  -0.134229  0.315418  0.110942  -0.0646504  0.110942  0.172568
0.299712  -0.134221  -0.0646468  -0.134221  0.31543  0.110949  -0.0646468  0.110949  0.172572
0.299698  -0.134208  -0.064625  -0.134208  0.315429  0.11094  -0.064625  0.11094  0.172567
0.299698  -0.134208  -0.064625  -0.134208  0.315429  0.11094  -0.064625  0.11094  0.172567
0.299685  -0.134194  -0.0646032  -0.134194  0.315428  0.110931  -0.0646032  0.110931  0.172563
0.299685  -0.134194  -0.0646032  -0.134194  0.315428  0.110931  -0.0646032  0.110931  0.172563
0.299672  -0.134181  -0.0645814  -0.134181  0.315427  0.110922  -0.0645814  0.110922  0.172558
0.299662  -0.134174  -0.0645779  -0.134174  0.315439  0.110929  -0.0645779  0.110929  0.172562
0.299662  -0.134174  -0.0645779  -0.134174  0.315439  0.110929  -0.0645779  0.110929  0.172562
0.299639  -0.134153  -0.0645525  -0.134153  0.31545  0.110927  -0.0645525  0.110927  0.172562
0.299639  -0.134153  -0.0645525  -0.134153  0.31545  0.110927  -0.0645525  0.110927  0.172562
0.299616  -0.134132  -0.0645272  -0.134132  0.315461  0.110925  -0.0645272  0.110925  0.172561
0.299616  -0.134132  -0.0645272  -0.134132  0.315461  0.110925  -0.0645272  0.110925  0.172561
0.299593  -0.134111  -0.0645018  -0.134111  0.315472  0.110923  -0.0645018  0.110923  0.172561
0.299593  -0.134111  -0.0645018  -0.134111  0.315472  0.110923  -0.0645018  0.110923  0.172561
0.299569  -0.134091  -0.0644765  -0.134091  0.315483  0.110921  -0.0644765  0.110921  0.17256
0.299569  -0.134091  -0.0644765  -0.134091  0.315483  0.110921  -0.0644765  0.110921  0.17256
0.299559  -0.134084  -0.0644729  -0.134084  0.315495  0.110928  -0.0644729  0.110928  0.172564
0.299536  -0.134063  -0.0644476  -0.134063  0.315506  0.110926  -0.0644476  0.110926  0.172564
0.299523  -0.134049  -0.0644258  -0.134049  0.315505  0.110917  -0.0644258  0.110917  0.172559
0.299503  -0.134035  -0.0644187  -0.134035  0.315529  0.110931  -0.0644187  0.110931  0.172567
0.299503  -0.134035  -0.0644187  -0.134035  0.315529  0.110931  -0.0644187  0.110931  0.172567
0.299467  -0.133987  -0.0643945  -0.133987  0.315523  0.110927  -0.0643945  0.110927  0.172572
0.299467  -0.133987  -0.0643945  -0.133987  0.315523  0.110927  -0.0643945  0.110927  0.172572
0.299441  -0.13396  -0.0643511  -0.13396  0.315521  0.110909  -0.0643511  0.110909  0.172563
0.299441  -0.13396  -0.0643511  -0.13396  0.315521  0.110909  -0.0643511  0.110909  0.172563
0.299431  -0.133953  -0.0643475  -0.133953  0.315533  0.110916  -0.0643475  0.110916  0.172567
0.299408  -0.133932  -0.0643222  -0.133932  0.315544  0.110914  -0.0643222  0.110914  0.172567
0.299396  -0.133905  -0.0643233  -0.133905  0.315526  0.110913  -0.0643233  0.110913  0.172572
0.299373  -0.133885  -0.064298  -0.133885  0.315538  0.110911  -0.064298  0.110911  0.172572
0.29937  -0.133878  -0.0642799  -0.133878  0.315525  0.110895  -0.0642799  0.110895  0.172563
0.299344  -0.133838  -0.0642594  -0.133838  0.315507  0.110884  -0.0642594  0.110884  0.172564
0.299344  -0.133838  -0.0642594  -0.133838  0.315507  0.110884  -0.0642594  0.110884  0.172564
0.299312  -0.13381  -0.0642305  -0.13381  0.31553  0.110889  -0.0642305  0.110889  0.172568
0.299312  -0.13381  -0.0642305  -0.13381  0.31553  0.110889  -0.0642305  0.110889  0.172568
0.299299  -0.133796  -0.0642089  -0.133796  0.315529  0.11088  -0.0642089  0.11088  0.172564
0.299273  -0.133756  -0.0641883  -0.133756  0.315511  0.11087  -0.0641883  0.11087  0.172565
0.299273  -0.133756  -0.0641883  -0.133756  0.315511  0.11087  -0.0641883  0.11087  0.172565
0.299248  -0.133729  -0.064145  -0.133729  0.315509  0.110852  -0.064145  0.110852  0.172556
0.299248  -0.133729  -0.064145  -0.133729  0.315509  0.110852  -0.064145  0.110852  0.172556
0.299225  -0.133708  -0.0641198  -0.133708  0.31552  0.11085  -0.0641198  0.11085  0.172555
0.299222  -0.133702  -0.0641017  -0.133702  0.315508  0.110834  -0.0641017  0.110834  0.172547
0.299197  -0.133661  -0.0640812  -0.133661  0.31549  0.110823  -0.0640812  0.110823  0.172548
0.299197  -0.133661  -0.0640812  -0.133661  0.31549  0.110823  -0.0640812  0.110823  0.172548
0.299171  -0.133634  -0.064038  -0.133634  0.315488  0.110805  -0.064038  0.110805  0.172539
0.299161  -0.133627  -0.0640344  -0.133627  0.3155  0.110812  -0.0640344  0.110812  0.172543
0.299159  -0.133621  -0.0640164  -0.133621  0.315487  0.110796  -0.0640164  0.110796  0.172534
0.299136  -0.1336  -0.0639912  -0.1336  0.315498  0.110795  -0.0639912  0.110795  0.172534
0.299123  -0.133587  -0.0639696  -0.133587  0.315498  0.110786  -0.0639696  0.110786  0.17253
0.299098  -0.133547  -0.0639491  -0.133547  0.31548  0.110775  -0.0639491  0.110775  0.172531
0.299098  -0.133547  -0.0639491  -0.133547  0.31548  0.110775  -0.0639491  0.110775  0.172531
0.299063  -0.133513  -0.0639024  -0.133513  0.31549  0.110764  -0.0639024  0.110764  0.172526
0.29906  -0.133506  -0.0638844  -0.133506  0.315477  0.110748  -0.0638844  0.110748  0.172517
0.299028  -0.133479  -0.0638557  -0.133479  0.3155  0.110753  -0.0638557  0.110753  0.172521
0.299028  -0.133479  -0.0638557  -0.133479  0.3155  0.110753  -0.0638557  0.110753  0.172521
0.299015  -0.133465  -0.0638341  -0.133465  0.315499  0.110744  -0.0638341  0.110744  0.172517
0.29898  -0.133431  -0.0637874  -0.133431  0.31551  0.110734  -0.0637874  0.110734  0.172512
0.29898  -0.133431  -0.0637874  -0.133431  0.31551  0.110734  -0.0637874  0.110734  0.172512
0.298933  -0.133371  -0.063742  -0.133371  0.315503  0.110721  -0.063742  0.110721  0.172513
0.298933  -0.133371  -0.063742  -0.133371  0.315503  0.110721  -0.063742  0.110721  0.172513
0.298886  -0.13331  -0.0636965  -0.13331  0.315496  0.110709  -0.0636965  0.110709  0.172514
0.298886  -0.13331  -0.0636965  -0.13331  0.315496  0.110709  -0.0636965  0.110709  0.172514
0.298841  -0.133269  -0.0636464  -0.133269  0.315518  0.110705  -0.0636464  0.110705  0.172513
0.298831  -0.133262  -0.0636428  -0.133262  0.31553  0.110712  -0.0636428  0.110712  0.172518
0.298784  -0.133201  -0.0635974  -0.133201  0.315523  0.1107  -0.0635974  0.1107  0.172519
0.298775  -0.133194  -0.0635939  -0.133194  0.315535  0.110707  -0.0635939  0.110707  0.172523
0.298721  -0.133146  -0.0635403  -0.133146  0.315569  0.110711  -0.0635403  0.110711  0.172526
0.298721  -0.133146  -0.0635403  -0.133146  0.315569  0.110711  -0.0635403  0.110711  0.172526
0.298664  -0.133079  -0.0634914  -0.133079  0.315575  0.110705  -0.0634914  0.110705  0.172531
0.298652  -0.133052  -0.0634926  -0.133052  0.315557  0.110704  -0.0634926  0.110704  0.172537
0.29863  -0.133032  -0.0634676  -0.133032  0.315568  0.110702  -0.0634676  0.110702  0.172537
0.298552  -0.132944  -0.0633938  -0.132944  0.315585  0.110695  -0.0633938  0.110695  0.172542
0.298543  -0.132937  -0.0633903  -0.132937  0.315597  0.110702  -0.0633903  0.110702  0.172546
0.298521  -0.132916  -0.0633653  -0.132916  0.315608  0.1107  -0.0633653  0.1107  0.172546
0.298446  -0.132835  -0.0633095  -0.132835  0.315637  0.110709  -0.0633095  0.110709  0.172559
0.298434  -0.132808  -0.0633107  -0.132808  0.31562  0.110708  -0.0633107  0.110708  0.172565
0.298403  -0.132781  -0.0632823  -0.132781  0.315643  0.110713  -0.0632823  0.110713  0.172569
0.298326  -0.132693  -0.0632087  -0.132693  0.315659  0.110706  -0.0632087  0.110706  0.172574
0.298314  -0.132667  -0.0632099  -0.132667  0.315642  0.110705  -0.0632099  0.110705  0.172579
0.298237  -0.132579  -0.0631364  -0.132579  0.315658  0.110698  -0.0631364  0.110698  0.172584
0.298225  -0.132552  -0.0631377  -0.132552  0.315641  0.110696  -0.0631377  0.110696  0.17259
0.298147  -0.132459  -0.0630464  -0.132459  0.315645  0.110674  -0.0630464  0.110674  0.172587
0.298144  -0.132453  -0.0630286  -0.132453  0.315633  0.110658  -0.0630286  0.110658  0.172579
0.298052  -0.132313  -0.0629436  -0.132313  0.315591  0.110625  -0.0629436  0.110625  0.172583
0.298049  -0.132307  -0.0629258  -0.132307  0.315578  0.110609  -0.0629258  0.110609  0.172574
0.298014  -0.132241  -0.062907  -0.132241  0.315544  0.110597  -0.062907  0.110597  0.172581
0.297939  -0.132123  -0.062789  -0.132123  0.315482  0.110528  -0.062789  0.110528  0.172559
0.297927  -0.13211  -0.0627677  -0.13211  0.315482  0.110519  -0.0627677  0.110519  0.172555
0.297847  -0.131953  -0.0626595  -0.131953  0.315363  0.110432  -0.0626595  0.110432  0.172536
0.297836  -0.13194  -0.0626382  -0.13194  0.315362  0.110424  -0.0626382  0.110424  0.172532
0.297745  -0.13177  -0.0625091  -0.13177  0.315244  0.110329  -0.0625091  0.110329  0.172509
0.297731  -0.131738  -0.0624927  -0.131738  0.315214  0.110311  -0.0624927  0.110311  0.172507
0.297694  -0.131679  -0.062434  -0.131679  0.315184  0.110277  -0.062434  0.110277  0.172496
0.297601  -0.131485  -0.0622925  -0.131485  0.315025  0.110158  -0.0622925  0.110158  0.172467
0.297587  -0.131453  -0.0622762  -0.131453  0.314995  0.110141  -0.0622762  0.110141  0.172464
0.297489  -0.131247  -0.0620999  -0.131247  0.314812  0.109991  -0.0620999  0.109991  0.172419
0.297478  -0.131234  -0.0620789  -0.131234  0.314812  0.109983  -0.0620789  0.109983  0.172416
0.297437  -0.131151  -0.0620078  -0.131151  0.314741  0.109924  -0.0620078  0.109924  0.172399
0.297332  -0.130926  -0.0618512  -0.130926  0.314554  0.109789  -0.0618512  0.109789  0.172368
0.297319  -0.130893  -0.0618351  -0.130893  0.314525  0.109772  -0.0618351  0.109772  0.172365
0.297268  -0.130784  -0.0617658  -0.130784  0.314438  0.109713  -0.0617658  0.109713  0.172354
0.297152  -0.130542  -0.0615716  -0.130542  0.31424  0.109555  -0.0615716  0.109555  0.172313
0.29715  -0.130536  -0.0615541  -0.130536  0.314228  0.109539  -0.0615541  0.109539  0.172305
0.297033  -0.130262  -0.0613877  -0.130262  0.313986  0.10938  -0.0613877  0.10938  0.172274
0.297009  -0.130217  -0.0613509  -0.130217  0.313957  0.109355  -0.0613509  0.109355  0.172268
0.296879  -0.12992  -0.0611297  -0.12992  0.313692  0.109158  -0.0611297  0.109158  0.172219
0.296868  -0.129908  -0.061109  -0.129908  0.313692  0.10915  -0.061109  0.10915  0.172216
0.296738  -0.12958  -0.0609158  -0.12958  0.313384  0.108952  -0.0609158  0.108952  0.172178
0.29673  -0.129573  -0.0609125  -0.129573  0.313396  0.108959  -0.0609125  0.108959  0.172182
0.29659  -0.129228  -0.0606823  -0.129228  0.313078  0.108738  -0.0606823  0.108738  0.172134
0.296577  -0.129197  -0.0606666  -0.129197  0.313049  0.108722  -0.0606666  0.108722  0.172132
0.29643  -0.128842  -0.060417  -0.128842  0.312733  0.108494  -0.060417  0.108494  0.172082
0.296405  -0.128779  -0.0603858  -0.128779  0.312677  0.108461  -0.0603858  0.108461  0.172078
0.296344  -0.128617  -0.0602906  -0.128617  0.312526  0.108364  -0.0602906  0.108364  0.17206
0.296187  -0.128228  -0.0600103  -0.128228  0.312173  0.108107  -0.0600103  0.108107  0.172002
0.296161  -0.128161  -0.0599623  -0.128161  0.312106  0.108059  -0.0599623  0.108059  0.171991
0.296  -0.127707  -0.0596644  -0.127707  0.311649  0.107749  -0.0596644  0.107749  0.171923
0.295977  -0.127646  -0.0596337  -0.127646  0.311594  0.107717  -0.0596337  0.107717  0.17192
0.295912  -0.127438  -0.0595159  -0.127438  0.311368  0.107574  -0.0595159  0.107574  0.171891
0.29575  -0.126941  -0.0591968  -0.126941  0.310839  0.107221  -0.0591968  0.107221  0.171815
0.295739  -0.12691  -0.0591817  -0.12691  0.310812  0.107205  -0.0591817  0.107205  0.171813
0.295546  -0.126349  -0.0588451  -0.126349  0.310269  0.106851  -0.0588451  0.106851  0.171751
0.295524  -0.126283  -0.0587982  -0.126283  0.310204  0.106805  -0.0587982  0.106805  0.171741
0.29535  -0.125716  -0.058459  -0.125716  0.309605  0.106417  -0.058459  0.106417  0.171667
0.295328  -0.12565  -0.0584125  -0.12565  0.30954  0.106371  -0.0584125  0.106371  0.171657
0.295251  -0.125407  -0.0582631  -0.125407  0.309294  0.106209  -0.0582631  0.106209  0.171628
0.295072  -0.124762  -0.057928  -0.124762  0.308598  0.105787  -0.057928  0.105787  0.171561
0.295061  -0.124727  -0.0578967  -0.124727  0.308561  0.105757  -0.0578967  0.105757  0.171552
0.29487  -0.124068  -0.057471  -0.124068  0.307865  0.105288  -0.057471  0.105288  0.171462
0.294848  -0.123981  -0.0574139  -0.123981  0.307765  0.105221  -0.0574139  0.105221  0.171447
0.294666  -0.123316  -0.0570139  -0.123316  0.307064  0.104763  -0.0570139  0.104763  0.171368
0.294645  -0.123231  -0.0569573  -0.123231  0.306965  0.104696  -0.0569573  0.104696  0.171354
0.294471  -0.122555  -0.0565663  -0.122555  0.306246  0.104235  -0.0565663  0.104235  0.171281
0.294454  -0.122497  -0.0565378  -0.122497  0.306196  0.104205  -0.0565378  0.104205  0.171279
0.294294  -0.121842  -0.0561162  -0.121842  0.305478  0.103722  -0.0561162  0.103722  0.171191
0.294285  -0.121809  -0.0560859  -0.121809  0.305443  0.103693  -0.0560859  0.103693  0.171184
0.294227  -0.121521  -0.0559297  -0.121521  0.305103  0.103481  -0.0559297  0.103481  0.171148
0.294091  -0.120874  -0.0555402  -0.120874  0.304358  0.102997  -0.0555402  0.102997  0.171064
0.294076  -0.12083  -0.0554914  -0.12083  0.304325  0.102961  -0.0554914  0.102961  0.171056
0.293925  -0.120106  -0.0550644  -0.120106  0.303517  0.102438  -0.0550644  0.102438  0.170974
0.293836  -0.119634  -0.0547901  -0.119634  0.302976  0.10209  -0.0547901  0.10209  0.17092
0.293828  -0.119602  -0.0547606  -0.119602  0.302942  0.102062  -0.0547606  0.102062  0.170913
0.293775  -0.11933  -0.0545855  -0.11933  0.30264  0.101857  -0.0545855  0.101857  0.17088
0.293638  -0.118644  -0.0541386  -0.118644  0.301904  0.101354  -0.0541386  0.101354  0.170804
0.29363  -0.118596  -0.0541145  -0.118596  0.301846  0.101318  -0.0541145  0.101318  0.170799
0.293491  -0.117839  -0.0536868  -0.117839  0.301046  0.100804  -0.0536868  0.100804  0.170741
0.293472  -0.117754  -0.0536315  -0.117754  0.300968  0.100749  -0.0536315  0.100749  0.170736
0.293423  -0.117488  -0.0534735  -0.117488  0.300698  0.10057  -0.0534735  0.10057  0.170717
0.2933  -0.116806  -0.0530168  -0.116806  0.299999  0.10008  -0.0530168  0.10008  0.170655
0.293294  -0.116759  -0.0529933  -0.116759  0.299943  0.100045  -0.0529933  0.100045  0.170651
0.293176  -0.115996  -0.0525638  -0.115996  0.299147  0.0995301  -0.0525638  0.0995301  0.170605
0.293165  -0.115918  -0.0525125  -0.115918  0.29906  0.0994698  -0.0525125  0.0994698  0.170596
0.293126  -0.11566  -0.0523585  -0.11566  0.298798  0.0992955  -0.0523585  0.0992955  0.170582
0.293037  -0.115019  -0.0519635  -0.115019  0.298129  0.0988431  -0.0519635  0.0988431  0.170538
0.293024  -0.114938  -0.0519103  -0.114938  0.298055  0.0987905  -0.0519103  0.0987905  0.170535
0.292939  -0.114352  -0.0515168  -0.114352  0.297486  0.0983845  -0.0515168  0.0983845  0.170501
0.292928  -0.114251  -0.051454  -0.114251  0.297381  0.0983125  -0.051454  0.0983125  0.170495
0.292897  -0.113995  -0.0512888  -0.113995  0.297118  0.09813  -0.0512888  0.09813  0.170479
0.292826  -0.113381  -0.0508957  -0.113381  0.296504  0.097703  -0.0508957  0.097703  0.170449
0.292819  -0.113331  -0.050871  -0.113331  0.296463  0.0976771  -0.050871  0.0976771  0.170451
0.292754  -0.112719  -0.0504792  -0.112719  0.295869  0.0972613  -0.0504792  0.0972613  0.170429
0.292749  -0.112645  -0.0504301  -0.112645  0.295787  0.0972037  -0.0504301  0.0972037  0.170423
0.29269  -0.111974  -0.0500749  -0.111974  0.295134  0.0967823  -0.0500749  0.0967823  0.170419
0.292683  -0.111885  -0.0500437  -0.111885  0.295052  0.0967371  -0.0500437  0.0967371  0.170423
0.292661  -0.111629  -0.0499307  -0.111629  0.294819  0.0965969  -0.0499307  0.0965969  0.170432
0.292614  -0.111031  -0.0495601  -0.111031  0.294267  0.09621  -0.0495601  0.09621  0.170428
0.292611  -0.110963  -0.0495267  -0.110963  0.294197  0.0961659  -0.0495267  0.0961659  0.170428
0.292581  -0.110369  -0.0491838  -0.110369  0.293616  0.0957742  -0.0491838  0.0957742  0.170424
0.292581  -0.110326  -0.0491625  -0.110326  0.293566  0.0957427  -0.0491625  0.0957427  0.170423
0.292556  -0.109729  -0.0487552  -0.109729  0.293001  0.0953282  -0.0487552  0.0953282  0.170414
0.292552  -0.109655  -0.0487058  -0.109655  0.292935  0.0952799  -0.0487058  0.0952799  0.170415
0.292547  -0.109432  -0.0485457  -0.109432  0.292717  0.0951167  -0.0485457  0.0951167  0.17041
0.292534  -0.108839  -0.048192  -0.108839  0.292169  0.0947363  -0.048192  0.0947363  0.17042
0.292532  -0.108766  -0.0481433  -0.108766  0.292105  0.0946887  -0.0481433  0.0946887  0.170422
0.292528  -0.108195  -0.0477879  -0.108195  0.291586  0.0943193  -0.0477879  0.0943193  0.170435
0.292529  -0.108153  -0.0477674  -0.108153  0.291538  0.0942888  -0.0477674  0.0942888  0.170434
0.292531  -0.10756  -0.0474517  -0.10756  0.291014  0.0939387  -0.0474517  0.0939387  0.170465
0.292532  -0.107522  -0.0474456  -0.107522  0.290976  0.0939199  -0.0474456  0.0939199  0.170468
0.292544  -0.106993  -0.0470862  -0.106993  0.290513  0.0935716  -0.0470862  0.0935716  0.170486
0.292546  -0.106921  -0.0470387  -0.106921  0.290451  0.0935254  -0.0470387  0.0935254  0.170489
0.292549  -0.106729  -0.0469196  -0.106729  0.290304  0.0934168  -0.0469196  0.0934168  0.170504
0.292571  -0.106163  -0.046655  -0.106163  0.289812  0.0931013  -0.046655  0.0931013  0.170548
0.292573  -0.106096  -0.046622  -0.106096  0.289761  0.0930669  -0.046622  0.0930669  0.170555
0.292604  -0.105628  -0.0462566  -0.105628  0.289362  0.0927407  -0.0462566  0.0927407  0.170574
0.292607  -0.105562  -0.0462239  -0.105562  0.289311  0.0927066  -0.0462239  0.0927066  0.170581
0.292623  -0.10536  -0.0461005  -0.10536  0.289128  0.0925757  -0.0461005  0.0925757  0.170592
0.292672  -0.104789  -0.0458213  -0.104789  0.288603  0.0922315  -0.0458213  0.0922315  0.170633
0.292681  -0.104721  -0.0457635  -0.104721  0.288524  0.0921692  -0.0457635  0.0921692  0.170629
0.292705  -0.104534  -0.0456108  -0.104534  0.288336  0.0920184  -0.0456108  0.0920184  0.17063
0.292769  -0.103994  -0.0452859  -0.103994  0.287823  0.0916533  -0.0452859  0.0916533  0.17066
0.292779  -0.103911  -0.0452455  -0.103911  0.287746  0.0916025  -0.0452455  0.0916025  0.170666
0.292841  -0.103442  -0.0449305  -0.103442  0.287335  0.0912899  -0.0449305  0.0912899  0.170701
0.292851  -0.103374  -0.0448854  -0.103374  0.287278  0.0912464  -0.0448854  0.0912464  0.170707
0.292878  -0.103198  -0.0447628  -0.103198  0.287113  0.0911205  -0.0447628  0.0911205  0.170717
0.292948  -0.102702  -0.0445208  -0.102702  0.286685  0.0908339  -0.0445208  0.0908339  0.17077
0.29296  -0.102639  -0.044478  -0.102639  0.286618  0.0907843  -0.044478  0.0907843  0.170771
0.293034  -0.102245  -0.0441521  -0.102245  0.286273  0.0904923  -0.0441521  0.0904923  0.1708
0.293037  -0.10222  -0.04414  -0.10222  0.286269  0.0904883  -0.04414  0.0904883  0.170807
0.293119  -0.10178  -0.043877  -0.10178  0.285877  0.0902031  -0.043877  0.0902031  0.17085
0.293122  -0.101755  -0.043865  -0.101755  0.285874  0.0901991  -0.043865  0.0901991  0.170858
0.293213  -0.101362  -0.0435166  -0.101362  0.28552  0.0898913  -0.0435166  0.0898913  0.170887
0.293226  -0.101315  -0.0434697  -0.101315  0.285474  0.0898496  -0.0434697  0.0898496  0.170889
0.293264  -0.101141  -0.0433491  -0.101141  0.285329  0.0897349  -0.0433491  0.0897349  0.170909
0.29336  -0.100686  -0.0431277  -0.100686  0.284926  0.0894624  -0.0431277  0.0894624  0.170964
0.293371  -0.100642  -0.0430945  -0.100642  0.284888  0.0894315  -0.0430945  0.0894315  0.170969
0.293474  -0.10027  -0.0427579  -0.10027  0.284584  0.0891537  -0.0427579  0.0891537  0.171012
0.293488  -0.100224  -0.0427117  -0.100224  0.284539  0.0891128  -0.0427117  0.0891128  0.171015
0.293528  -0.100063  -0.0426214  -0.100063  0.284402  0.0890141  -0.0426214  0.0890141  0.171037
0.293633  -0.099666  -0.0423689  -0.099666  0.284088  0.0887701  -0.0423689  0.0887701  0.171096
0.293646  -0.0996231  -0.0423362  -0.0996231  0.284051  0.0887398  -0.0423362  0.0887398  0.171102
0.293758  -0.0992818  -0.0420163  -0.0992818  0.283758  0.0884713  -0.0420163  0.0884713  0.171143
0.293773  -0.0992252  -0.0419889  -0.0992252  0.283704  0.0884345  -0.0419889  0.0884345  0.171149
0.293818  -0.0990698  -0.0419018  -0.0990698  0.283559  0.0883311  -0.0419018  0.0883311  0.171169
0.29393  -0.0987545  -0.0416071  -0.0987545  0.283293  0.0880857  -0.0416071  0.0880857  0.171211
0.293945  -0.0987207  -0.0415552  -0.0987207  0.283279  0.0880592  -0.0415552  0.0880592  0.17122
0.294058  -0.0983617  -0.0413459  -0.0983617  0.282995  0.0878451  -0.0413459  0.0878451  0.171282
0.294064  -0.0983421  -0.0413363  -0.0983421  0.282981  0.0878352  -0.0413363  0.0878352  0.171286
0.294188  -0.0980177  -0.0410501  -0.0980177  0.282703  0.0875869  -0.0410501  0.0875869  0.171334
0.294206  -0.0979736  -0.0410054  -0.0979736  0.28266  0.0875479  -0.0410054  0.0875479  0.171339
0.294256  -0.0978438  -0.0408955  -0.0978438  0.28256  0.087457  -0.0408955  0.087457  0.171363
0.294386  -0.0974516  -0.0407177  -0.0974516  0.282238  0.0872367  -0.0407177  0.0872367  0.171434
0.294402  -0.0974105  -0.0406861  -0.0974105  0.282204  0.0872077  -0.0406861  0.0872077  0.171441
0.294546  -0.0971032  -0.0403503  -0.0971032  0.281981  0.086968  -0.0403503  0.086968  0.171504
0.294566  -0.09706  -0.0403062  -0.09706  0.281939  0.0869297  -0.0403062  0.0869297  0.17151
0.294621  -0.0969212  -0.0402159  -0.0969212  0.281832  0.0868437  -0.0402159  0.0868437  0.171538
0.294766  -0.0965628  -0.0399958  -0.0965628  0.281591  0.0866475  -0.0399958  0.0866475  0.171623
0.294785  -0.0965195  -0.0399631  -0.0965195  0.28157  0.0866256  -0.0399631  0.0866256  0.171636
0.294931  -0.0962279  -0.0396825  -0.0962279  0.281384  0.0864287  -0.0396825  0.0864287  0.17171
0.294948  -0.0961873  -0.0396627  -0.0961873  0.28137  0.0864164  -0.0396627  0.0864164  0.171724
0.295007  -0.0960171  -0.039627  -0.0960171  0.281237  0.0863405  -0.039627  0.0863405  0.17176
0.295163  -0.095715  -0.0393535  -0.095715  0.281038  0.0861393  -0.0393535  0.0861393  0.171838
0.295182  -0.0956754  -0.0393229  -0.0956754  0.281005  0.0861113  -0.0393229  0.0861113  0.171847
0.295339  -0.0953442  -0.0391166  -0.0953442  0.280787  0.0859294  -0.0391166  0.0859294  0.171934
0.295364  -0.0952886  -0.0390897  -0.0952886  0.28075  0.0859017  -0.0390897  0.0859017  0.171948
0.295429  -0.0951432  -0.0390196  -0.0951432  0.280639  0.0858214  -0.0390196  0.0858214  0.171982
0.295615  -0.0948465  -0.0386806  -0.0948465  0.280438  0.0855912  -0.0386806  0.0855912  0.172065
0.29564  -0.0948053  -0.038638  -0.0948053  0.2804  0.0855546  -0.038638  0.0855546  0.172073
0.295828  -0.0943995  -0.0384656  -0.0943995  0.280089  0.0853376  -0.0384656  0.0853376  0.17217
0.295859  -0.0943426  -0.0384268  -0.0943426  0.280045  0.0853013  -0.0384268  0.0853013  0.172184
0.295937  -0.0942173  -0.038309  -0.0942173  0.279961  0.0852147  -0.038309  0.0852147  0.172221
0.296143  -0.0938775  -0.0380307  -0.0938775  0.279736  0.0849974  -0.0380307  0.0849974  0.172321
0.296165  -0.0938281  -0.0380184  -0.0938281  0.279696  0.0849731  -0.0380184  0.0849731  0.172332
0.296373  -0.0934489  -0.0378129  -0.0934489  0.279425  0.0847614  -0.0378129  0.0847614  0.172436
0.296403  -0.0934064  -0.0377696  -0.0934064  0.2794  0.0847322  -0.0377696  0.0847322  0.17245
0.296485  -0.0932973  -0.0376375  -0.0932973  0.279316  0.0846385  -0.0376375  0.0846385  0.172483
0.296707  -0.0929095  -0.0374175  -0.0929095  0.278996  0.0843921  -0.0374175  0.0843921  0.172579
0.296721  -0.0928785  -0.037414  -0.0928785  0.278969  0.084377  -0.037414  0.084377  0.172585
0.296947  -0.0925615  -0.0371253  -0.0925615  0.278752  0.0841573  -0.0371253  0.0841573  0.172688
0.296961  -0.0925419  -0.0371046  -0.0925419  0.278734  0.0841399  -0.0371046  0.0841399  0.172693
0.297194  -0.0921947  -0.0368478  -0.0921947  0.278456  0.0838989  -0.0368478  0.0838989  0.172791
0.297208  -0.0921641  -0.0368445  -0.0921641  0.278429  0.0838839  -0.0368445  0.0838839  0.172797
0.297443  -0.0918326  -0.0365841  -0.0918326  0.278171  0.0836513  -0.0365841  0.0836513  0.172896
0.297606  -0.0916104  -0.03641  -0.0916104  0.278012  0.0835036  -0.03641  0.0835036  0.172969
0.297621  -0.0915801  -0.0364067  -0.0915801  0.277985  0.0834888  -0.0364067  0.0834888  0.172976
0.297875  -0.0911805  -0.0362047  -0.0911805  0.277641  0.0832318  -0.0362047  0.0832318  0.173079
0.297906  -0.0911423  -0.036164  -0.0911423  0.277606  0.0831979  -0.036164  0.0831979  0.17309
0.298014  -0.0910112  -0.0360234  -0.0910112  0.277473  0.0830731  -0.0360234  0.0830731  0.173126
0.298298  -0.090663  -0.0356901  -0.090663  0.277151  0.0827748  -0.0356901  0.0827748  0.173229
0.29833  -0.0906142  -0.0356669  -0.0906142  0.277108  0.0827435  -0.0356669  0.0827435  0.173242
0.298612  -0.0902621  -0.0353552  -0.0902621  0.276759  0.0824375  -0.0353552  0.0824375  0.173339
0.298633  -0.0902415  -0.0353233  -0.0902415  0.276735  0.0824126  -0.0353233  0.0824126  0.173345
0.298902  -0.0898886  -0.0350568  -0.0898886  0.276371  0.0821152  -0.0350568  0.0821152  0.173435
0.298932  -0.0898425  -0.0350351  -0.0898425  0.276317  0.082078  -0.0350351  0.082078  0.173443
0.299025  -0.0897133  -0.0349521  -0.0897133  0.276178  0.0819711  -0.0349521  0.0819711  0.173473
0.29929  -0.0894021  -0.0346511  -0.0894021  0.275828  0.0816666  -0.0346511  0.0816666  0.173555
0.299325  -0.0893653  -0.0346116  -0.0893653  0.275795  0.0816343  -0.0346116  0.0816343  0.173569
0.2996  -0.0889863  -0.0344107  -0.0889863  0.275422  0.0813564  -0.0344107  0.0813564  0.173666
