0.301192  -0.11258  -0.0564711  -0.11258  0.270287  0.0850968  -0.0564711  0.0850968  0.164745
0.301192  -0.11258  -0.0564711  -0.11258  0.270287  0.0850968  -0.0564711  0.0850968  0.164745
0.301192  -0.112568  -0.056559  -0.112568  0.270306  0.0851501  -0.056559  0.0851501  0.16478
0.301188  -0.112575  -0.0565895  -0.112575  0.270337  0.085181  -0.0565895  0.085181  0.164796
0.301194  -0.112626  -0.0567114  -0.112626  0.270456  0.0852978  -0.0567114  0.0852978  0.164848
0.301197  -0.112643  -0.0567071  -0.112643  0.270476  0.0853046  -0.0567071  0.0853046  0.164847
0.301203  -0.112708  -0.056741  -0.112708  0.270576  0.0853681  -0.056741  0.0853681  0.164864
0.301213  -0.112794  -0.056922  -0.112794  0.270765  0.0855472  -0.056922  0.0855472  0.164943
0.301216  -0.112799  -0.0569383  -0.112799  0.270774  0.0855593  -0.0569383  0.0855593  0.164948
0.301217  -0.112954  -0.0570615  -0.112954  0.271069  0.0857629  -0.0570615  0.0857629  0.165018
0.301219  -0.112971  -0.0570572  -0.112971  0.271089  0.0857697  -0.0570572  0.0857697  0.165016
0.301197  -0.113066  -0.0571895  -0.113066  0.271349  0.085967  -0.0571895  0.085967  0.165099
0.301199  -0.113072  -0.0572058  -0.113072  0.271358  0.0859791  -0.0572058  0.0859791  0.165105
0.30119  -0.113218  -0.0572433  -0.113218  0.271627  0.0861297  -0.0572433  0.0861297  0.165144
0.301193  -0.113235  -0.057239  -0.113235  0.271648  0.0861366  -0.057239  0.0861366  0.165143
0.301174  -0.113288  -0.057335  -0.113288  0.271815  0.0862703  -0.057335  0.0862703  0.165203
0.301177  -0.113293  -0.0573513  -0.113293  0.271824  0.0862825  -0.0573513  0.0862825  0.165209
0.301174  -0.113365  -0.0574306  -0.113365  0.271978  0.0863972  -0.0574306  0.0863972  0.165253
0.301177  -0.113383  -0.0574263  -0.113383  0.271999  0.0864042  -0.0574263  0.0864042  0.165251
0.301185  -0.113488  -0.0574827  -0.113488  0.272172  0.0865137  -0.0574827  0.0865137  0.165282
0.301187  -0.113494  -0.0574991  -0.113494  0.272181  0.086526  -0.0574991  0.086526  0.165288
0.301212  -0.113583  -0.0576009  -0.113583  0.272309  0.0866324  -0.0576009  0.0866324  0.165325
0.301217  -0.113606  -0.057613  -0.113606  0.272338  0.0866516  -0.057613  0.0866516  0.16533
0.301229  -0.113682  -0.0576123  -0.113682  0.272429  0.0866916  -0.0576123  0.0866916  0.16533
0.30127  -0.113792  -0.0576976  -0.113792  0.272543  0.0867791  -0.0576976  0.0867791  0.165351
0.301273  -0.113797  -0.057714  -0.113797  0.272553  0.0867914  -0.057714  0.0867914  0.165357
0.301311  -0.113926  -0.0577416  -0.113926  0.27268  0.0868561  -0.0577416  0.0868561  0.165358
0.301311  -0.113926  -0.0577416  -0.113926  0.27268  0.0868561  -0.0577416  0.0868561  0.165358
0.301345  -0.114021  -0.0577778  -0.114021  0.272766  0.0869069  -0.0577778  0.0869069  0.165362
0.301345  -0.114021  -0.0577778  -0.114021  0.272766  0.0869069  -0.0577778  0.0869069  0.165362
0.301358  -0.114036  -0.0578127  -0.114036  0.272773  0.0869246  -0.0578127  0.0869246  0.165369
0.301372  -0.114099  -0.0577646  -0.114099  0.272823  0.0869209  -0.0577646  0.0869209  0.165348
0.301382  -0.114121  -0.0577624  -0.114121  0.272831  0.0869209  -0.0577624  0.0869209  0.165342
0.301391  -0.114113  -0.0577851  -0.114113  0.272808  0.0869193  -0.0577851  0.0869193  0.165345
0.301391  -0.114113  -0.0577851  -0.114113  0.272808  0.0869193  -0.0577851  0.0869193  0.165345
0.301399  -0.114166  -0.0577041  -0.114166  0.27284  0.0868909  -0.0577041  0.0868909  0.165311
0.301401  -0.114184  -0.0576998  -0.114184  0.27286  0.0868978  -0.0576998  0.0868978  0.16531
0.301412  -0.114193  -0.0577183  -0.114193  0.272858  0.0869032  -0.0577183  0.0869032  0.165311
0.301409  -0.114175  -0.0577226  -0.114175  0.272837  0.0868962  -0.0577226  0.0868962  0.165313
0.301414  -0.114223  -0.0576933  -0.114223  0.272889  0.0869048  -0.0576933  0.0869048  0.165303
0.301417  -0.11424  -0.057689  -0.11424  0.272909  0.0869117  -0.057689  0.0869117  0.165301
0.301419  -0.114258  -0.0576847  -0.114258  0.27293  0.0869187  -0.0576847  0.0869187  0.1653
0.301422  -0.114263  -0.0577011  -0.114263  0.272939  0.086931  -0.0577011  0.086931  0.165306
0.301424  -0.114257  -0.0577383  -0.114257  0.272938  0.0869487  -0.0577383  0.0869487  0.165319
0.301421  -0.114312  -0.0576862  -0.114312  0.273013  0.0869589  -0.0576862  0.0869589  0.165306
0.301423  -0.11433  -0.0576819  -0.11433  0.273034  0.0869658  -0.0576819  0.0869658  0.165305
0.30141  -0.114303  -0.0577358  -0.114303  0.273046  0.0870028  -0.0577358  0.0870028  0.165334
0.30141  -0.114303  -0.0577358  -0.114303  0.273046  0.0870028  -0.0577358  0.0870028  0.165334
0.301395  -0.114337  -0.0576859  -0.114337  0.273112  0.0870129  -0.0576859  0.0870129  0.165326
0.301395  -0.114337  -0.0576859  -0.114337  0.273112  0.0870129  -0.0576859  0.0870129  0.165326
0.30137  -0.114324  -0.0576798  -0.114324  0.273149  0.0870338  -0.0576798  0.0870338  0.165339
0.301368  -0.114307  -0.0576841  -0.114307  0.273128  0.0870269  -0.0576841  0.0870269  0.165341
0.301341  -0.114302  -0.0576408  -0.114302  0.273166  0.0870301  -0.0576408  0.0870301  0.16534
0.301341  -0.114302  -0.0576408  -0.114302  0.273166  0.0870301  -0.0576408  0.0870301  0.16534
0.301313  -0.114284  -0.0576183  -0.114284  0.273193  0.0870386  -0.0576183  0.0870386  0.165348
0.301313  -0.114272  -0.0576391  -0.114272  0.273182  0.087044  -0.0576391  0.087044  0.165355
0.301305  -0.114255  -0.0576578  -0.114255  0.273183  0.0870563  -0.0576578  0.0870563  0.165367
0.30128  -0.11428  -0.0575894  -0.11428  0.273253  0.0870611  -0.0575894  0.0870611  0.165357
0.30128  -0.114292  -0.0575687  -0.114292  0.273263  0.0870557  -0.0575687  0.0870557  0.16535
0.301264  -0.114247  -0.0576269  -0.114247  0.273255  0.0870857  -0.0576269  0.0870857  0.165381
0.301266  -0.114253  -0.0576433  -0.114253  0.273265  0.0870981  -0.0576433  0.0870981  0.165387
0.30126  -0.114291  -0.0575955  -0.114291  0.273319  0.0871013  -0.0575955  0.0871013  0.165375
0.301255  -0.114304  -0.0575891  -0.114304  0.273352  0.0871152  -0.0575891  0.0871152  0.165378
0.30126  -0.114303  -0.0576428  -0.114303  0.27336  0.0871452  -0.0576428  0.0871452  0.165397
0.30126  -0.114303  -0.0576428  -0.114303  0.27336  0.0871452  -0.0576428  0.0871452  0.165397
0.301265  -0.114313  -0.0576756  -0.114313  0.273379  0.0871699  -0.0576756  0.0871699  0.165409
0.301278  -0.114389  -0.0576068  -0.114389  0.273441  0.0871607  -0.0576068  0.0871607  0.16538
0.301278  -0.114402  -0.057586  -0.114402  0.273452  0.0871554  -0.057586  0.0871554  0.165373
0.301291  -0.11438  -0.0576832  -0.11438  0.273426  0.0871892  -0.0576832  0.0871892  0.165402
0.301291  -0.11438  -0.0576832  -0.11438  0.273426  0.0871892  -0.0576832  0.0871892  0.165402
0.301312  -0.114472  -0.0575956  -0.114472  0.273487  0.0871677  -0.0575956  0.0871677  0.165361
0.301312  -0.114472  -0.0575956  -0.114472  0.273487  0.0871677  -0.0575956  0.0871677  0.165361
0.301323  -0.114494  -0.0575933  -0.114494  0.273495  0.0871677  -0.0575933  0.0871677  0.165356
0.301351  -0.114475  -0.0576782  -0.114475  0.273436  0.0871753  -0.0576782  0.0871753  0.165371
0.301359  -0.114479  -0.0576802  -0.114479  0.273424  0.0871684  -0.0576802  0.0871684  0.165366
0.301386  -0.114583  -0.0575574  -0.114583  0.273474  0.0871221  -0.0575574  0.0871221  0.165308
0.301394  -0.114587  -0.0575594  -0.114587  0.273461  0.0871152  -0.0575594  0.0871152  0.165304
0.301403  -0.114578  -0.0575822  -0.114578  0.273438  0.0871136  -0.0575822  0.0871136  0.165307
0.301441  -0.114593  -0.0576441  -0.114593  0.273398  0.0871158  -0.0576441  0.0871158  0.165309
0.301444  -0.114611  -0.0576397  -0.114611  0.273419  0.0871228  -0.0576397  0.0871228  0.165307
0.301479  -0.114694  -0.0575604  -0.114694  0.273435  0.0870803  -0.0575604  0.0870803  0.165259
0.301479  -0.114694  -0.0575604  -0.114694  0.273435  0.0870803  -0.0575604  0.0870803  0.165259
0.301515  -0.114679  -0.0576474  -0.114679  0.273363  0.0870809  -0.0576474  0.0870809  0.16527
0.301515  -0.114679  -0.0576474  -0.114679  0.273363  0.0870809  -0.0576474  0.0870809  0.16527
0.301534  -0.11473  -0.0576055  -0.11473  0.273381  0.0870632  -0.0576055  0.0870632  0.165245
0.301551  -0.114762  -0.057568  -0.114762  0.273379  0.0870384  -0.057568  0.0870384  0.165222
0.301551  -0.11475  -0.0575888  -0.11475  0.273368  0.0870438  -0.0575888  0.0870438  0.165229
0.301568  -0.114746  -0.0576136  -0.114746  0.273332  0.0870353  -0.0576136  0.0870353  0.165228
0.301576  -0.114762  -0.0575948  -0.114762  0.273331  0.0870229  -0.0575948  0.0870229  0.165216
0.301576  -0.114787  -0.0575532  -0.114787  0.273353  0.0870121  -0.0575532  0.0870121  0.165202
0.301582  -0.114761  -0.0575804  -0.114761  0.273309  0.0870036  -0.0575804  0.0870036  0.165206
0.301584  -0.114766  -0.0575969  -0.114766  0.273319  0.0870159  -0.0575969  0.0870159  0.165212
0.30159  -0.114777  -0.0575616  -0.114777  0.273308  0.0869912  -0.0575616  0.0869912  0.165194
0.30159  -0.114777  -0.0575616  -0.114777  0.273308  0.0869912  -0.0575616  0.0869912  0.165194
0.301598  -0.114781  -0.0575636  -0.114781  0.273296  0.0869842  -0.0575636  0.0869842  0.16519
0.301598  -0.114781  -0.0575636  -0.114781  0.273296  0.0869842  -0.0575636  0.0869842  0.16519
0.301609  -0.114791  -0.0575821  -0.114791  0.273294  0.0869896  -0.0575821  0.0869896  0.165192
0.301609  -0.114791  -0.0575821  -0.114791  0.273294  0.0869896  -0.0575821  0.0869896  0.165192
0.30162  -0.114825  -0.057559  -0.114825  0.273313  0.0869842  -0.057559  0.0869842  0.165179
0.301618  -0.114807  -0.0575633  -0.114807  0.273292  0.0869772  -0.0575633  0.0869772  0.16518
0.30164  -0.114814  -0.0576212  -0.114814  0.273276  0.0869934  -0.0576212  0.0869934  0.165191
0.301637  -0.114809  -0.0576047  -0.114809  0.273267  0.086981  -0.0576047  0.086981  0.165185
0.301657  -0.114847  -0.0575836  -0.114847  0.273274  0.0869686  -0.0575836  0.0869686  0.165167
0.301657  -0.114847  -0.0575836  -0.114847  0.273274  0.0869686  -0.0575836  0.0869686  0.165167
0.301676  -0.114836  -0.0576458  -0.114836  0.273237  0.0869779  -0.0576458  0.0869779  0.165179
0.301676  -0.114836  -0.0576458  -0.114836  0.273237  0.0869779  -0.0576458  0.0869779  0.165179
0.301685  -0.114852  -0.057627  -0.114852  0.273236  0.0869655  -0.057627  0.0869655  0.165168
0.301707  -0.114871  -0.0575957  -0.114871  0.273201  0.0869268  -0.0575957  0.0869268  0.165141
0.30171  -0.114877  -0.0576122  -0.114877  0.273211  0.0869391  -0.0576122  0.0869391  0.165147
0.301732  -0.114871  -0.0576226  -0.114871  0.273154  0.0869113  -0.0576226  0.0869113  0.165136
0.30173  -0.114866  -0.0576061  -0.114866  0.273144  0.0868989  -0.0576061  0.0868989  0.16513
0.301747  -0.114886  -0.0575893  -0.114886  0.273131  0.0868796  -0.0575893  0.0868796  0.165114
0.301764  -0.114858  -0.0575875  -0.114858  0.273043  0.0868324  -0.0575875  0.0868324  0.165098
0.301764  -0.114858  -0.0575875  -0.114858  0.273043  0.0868324  -0.0575875  0.0868324  0.165098
0.301787  -0.114877  -0.0575562  -0.114877  0.273008  0.0867937  -0.0575562  0.0867937  0.165072
0.301787  -0.114877  -0.0575562  -0.114877  0.273008  0.0867937  -0.0575562  0.0867937  0.165072
0.301807  -0.114866  -0.05755  -0.114866  0.272941  0.0867535  -0.05755  0.0867535  0.165054
0.301807  -0.114866  -0.05755  -0.114866  0.272941  0.0867535  -0.05755  0.0867535  0.165054
0.301815  -0.11487  -0.057552  -0.11487  0.272929  0.0867465  -0.057552  0.0867465  0.16505
0.301835  -0.114896  -0.0574834  -0.114896  0.272896  0.0866901  -0.0574834  0.0866901  0.16501
0.301835  -0.114896  -0.0574834  -0.114896  0.272896  0.0866901  -0.0574834  0.0866901  0.16501
0.301846  -0.114893  -0.0575227  -0.114893  0.272882  0.0867009  -0.0575227  0.0867009  0.165019
0.301855  -0.114897  -0.0575247  -0.114897  0.27287  0.0866939  -0.0575247  0.0866939  0.165015
0.301863  -0.114926  -0.0574851  -0.114926  0.27288  0.0866761  -0.0574851  0.0866761  0.164996
0.301866  -0.114944  -0.0574808  -0.114944  0.272901  0.086683  -0.0574808  0.086683  0.164995
0.301866  -0.114944  -0.0574808  -0.114944  0.272901  0.086683  -0.0574808  0.086683  0.164995
0.301866  -0.114919  -0.0575224  -0.114919  0.272878  0.0866938  -0.0575224  0.0866938  0.165009
0.301866  -0.114919  -0.0575224  -0.114919  0.272878  0.0866938  -0.0575224  0.0866938  0.165009
0.301866  -0.114956  -0.05746  -0.114956  0.272912  0.0866776  -0.05746  0.0866776  0.164987
0.301866  -0.114956  -0.05746  -0.114956  0.272912  0.0866776  -0.05746  0.0866776  0.164987
0.301846  -0.114905  -0.0575019  -0.114905  0.272893  0.0866955  -0.0575019  0.0866955  0.165012
0.301844  -0.114888  -0.0575062  -0.114888  0.272873  0.0866885  -0.0575062  0.0866885  0.165013
0.301835  -0.114921  -0.0574418  -0.114921  0.272918  0.0866793  -0.0574418  0.0866793  0.164996
0.301835  -0.114921  -0.0574418  -0.114921  0.272918  0.0866793  -0.0574418  0.0866793  0.164996
0.301826  -0.114917  -0.0574398  -0.114917  0.27293  0.0866863  -0.0574398  0.0866863  0.165
0.301818  -0.114876  -0.0575002  -0.114876  0.272909  0.0867095  -0.0575002  0.0867095  0.165026
0.301818  -0.114876  -0.0575002  -0.114876  0.272909  0.0867095  -0.0575002  0.0867095  0.165026
0.30181  -0.114908  -0.0574358  -0.114908  0.272954  0.0867002  -0.0574358  0.0867002  0.165009
0.30181  -0.114908  -0.0574358  -0.114908  0.272954  0.0867002  -0.0574358  0.0867002  0.165009
0.301799  -0.11485  -0.0575005  -0.11485  0.272913  0.0867165  -0.0575005  0.0867165  0.165036
0.301801  -0.114855  -0.057517  -0.114855  0.272922  0.0867288  -0.057517  0.0867288  0.165042
0.301804  -0.11491  -0.0574503  -0.11491  0.272976  0.0867195  -0.0574503  0.0867195  0.165019
0.301804  -0.11491  -0.0574503  -0.11491  0.272976  0.0867195  -0.0574503  0.0867195  0.165019
0.301807  -0.114891  -0.0575084  -0.114891  0.272964  0.0867427  -0.0575084  0.0867427  0.165039
0.301807  -0.114878  -0.0575292  -0.114878  0.272953  0.0867481  -0.0575292  0.0867481  0.165047
0.301818  -0.114925  -0.0574853  -0.114925  0.272983  0.0867372  -0.0574853  0.0867372  0.165026
0.301817  -0.114937  -0.0574645  -0.114937  0.272994  0.0867318  -0.0574645  0.0867318  0.165019
0.301817  -0.114949  -0.0574436  -0.114949  0.273005  0.0867264  -0.0574436  0.0867264  0.165012
0.301824  -0.114886  -0.0575332  -0.114886  0.272928  0.0867341  -0.0575332  0.0867341  0.165038
0.301824  -0.114886  -0.0575332  -0.114886  0.272928  0.0867341  -0.0575332  0.0867341  0.165038
0.301837  -0.114951  -0.0574166  -0.114951  0.27295  0.0866808  -0.0574166  0.0866808  0.164987
0.301837  -0.114951  -0.0574166  -0.114951  0.27295  0.0866808  -0.0574166  0.0866808  0.164987
0.301838  -0.114877  -0.0574732  -0.114877  0.272853  0.0866639  -0.0574732  0.0866639  0.165001
0.301844  -0.114863  -0.0574796  -0.114863  0.272821  0.08665  -0.0574796  0.08665  0.164999
0.301847  -0.114918  -0.0573445  -0.114918  0.272844  0.0865913  -0.0573445  0.0865913  0.164946
0.301849  -0.114936  -0.0573402  -0.114936  0.272865  0.0865983  -0.0573402  0.0865983  0.164945
0.301867  -0.114882  -0.0573799  -0.114882  0.272756  0.086562  -0.0573799  0.086562  0.164943
0.301864  -0.114865  -0.0573843  -0.114865  0.272735  0.086555  -0.0573843  0.086555  0.164945
0.301878  -0.114904  -0.0573093  -0.114904  0.272734  0.0865126  -0.0573093  0.0865126  0.164908
0.301881  -0.114922  -0.057305  -0.114922  0.272755  0.0865195  -0.057305  0.0865195  0.164907
0.301893  -0.114907  -0.0572968  -0.114907  0.2727  0.0864863  -0.0572968  0.0864863  0.164894
0.301893  -0.114907  -0.0572968  -0.114907  0.2727  0.0864863  -0.0572968  0.0864863  0.164894
0.301907  -0.11491  -0.0572843  -0.11491  0.272666  0.0864601  -0.0572843  0.0864601  0.164879
0.301907  -0.114922  -0.0572635  -0.114922  0.272678  0.0864547  -0.0572635  0.0864547  0.164872
0.301915  -0.114951  -0.0572238  -0.114951  0.272688  0.0864369  -0.0572238  0.0864369  0.164853
0.301915  -0.114938  -0.0572447  -0.114938  0.272676  0.0864423  -0.0572447  0.0864423  0.164861
0.301924  -0.114918  -0.0572883  -0.114918  0.272642  0.0864461  -0.0572883  0.0864461  0.164871
0.301926  -0.114985  -0.0572007  -0.114985  0.272707  0.0864314  -0.0572007  0.0864314  0.164841
0.301926  -0.114985  -0.0572007  -0.114985  0.272707  0.0864314  -0.0572007  0.0864314  0.164841
0.301918  -0.114956  -0.0572403  -0.114956  0.272697  0.0864492  -0.0572403  0.0864492  0.164859
0.301918  -0.114944  -0.0572611  -0.114944  0.272686  0.0864546  -0.0572611  0.0864546  0.164866
0.301914  -0.115  -0.0572089  -0.115  0.272762  0.0864646  -0.0572089  0.0864646  0.164854
0.301914  -0.115  -0.0572089  -0.115  0.272762  0.0864646  -0.0572089  0.0864646  0.164854
0.301906  -0.114996  -0.0572069  -0.114996  0.272774  0.0864716  -0.0572069  0.0864716  0.164858
0.301906  -0.114984  -0.0572277  -0.114984  0.272763  0.086477  -0.0572277  0.086477  0.164865
0.301892  -0.114981  -0.0572402  -0.114981  0.272797  0.0865032  -0.0572402  0.0865032  0.16488
0.301892  -0.114993  -0.0572194  -0.114993  0.272808  0.0864978  -0.0572194  0.0864978  0.164873
0.301883  -0.115014  -0.0571758  -0.115014  0.272842  0.086494  -0.0571758  0.086494  0.164862
0.301867  -0.114956  -0.0572551  -0.114956  0.272822  0.0865296  -0.0572551  0.0865296  0.1649
0.301864  -0.114939  -0.0572594  -0.114939  0.272801  0.0865227  -0.0572594  0.0865227  0.164901
0.301849  -0.114985  -0.0571887  -0.114985  0.27288  0.0865273  -0.0571887  0.0865273  0.164887
0.301847  -0.11498  -0.0571722  -0.11498  0.27287  0.086515  -0.0571722  0.086515  0.164881
0.301825  -0.114924  -0.0571977  -0.114924  0.272842  0.0865206  -0.0571977  0.0865206  0.1649
0.301822  -0.114894  -0.0572228  -0.114894  0.27281  0.0865191  -0.0572228  0.0865191  0.164908
0.301814  -0.11489  -0.0572208  -0.11489  0.272822  0.086526  -0.0572208  0.086526  0.164913
0.301813  -0.114927  -0.0571584  -0.114927  0.272856  0.0865099  -0.0571584  0.0865099  0.164891
0.301797  -0.114894  -0.0571279  -0.114894  0.272828  0.0864853  -0.0571279  0.0864853  0.164885
0.301786  -0.114872  -0.0571302  -0.114872  0.272819  0.0864854  -0.0571302  0.0864854  0.164891
0.301772  -0.114833  -0.0571369  -0.114833  0.27279  0.0864786  -0.0571369  0.0864786  0.164898
0.30177  -0.114827  -0.0571205  -0.114827  0.272781  0.0864663  -0.0571205  0.0864663  0.164892
0.301753  -0.114819  -0.0570483  -0.114819  0.272775  0.0864311  -0.0570483  0.0864311  0.164872
0.301751  -0.114802  -0.0570527  -0.114802  0.272755  0.0864242  -0.0570527  0.0864242  0.164873
0.30174  -0.114768  -0.0570758  -0.114768  0.272735  0.0864296  -0.0570758  0.0864296  0.164886
0.301726  -0.114777  -0.0569994  -0.114777  0.27275  0.0864013  -0.0569994  0.0864013  0.164864
0.301723  -0.114772  -0.056983  -0.114772  0.272741  0.086389  -0.056983  0.086389  0.164859
0.30171  -0.114732  -0.0569897  -0.114732  0.272712  0.0863822  -0.0569897  0.0863822  0.164866
0.30171  -0.114732  -0.0569897  -0.114732  0.272712  0.0863822  -0.0569897  0.0863822  0.164866
0.301707  -0.114702  -0.0570148  -0.114702  0.27268  0.0863807  -0.0570148  0.0863807  0.164874
0.301696  -0.114755  -0.0568926  -0.114755  0.272738  0.0863486  -0.0568926  0.0863486  0.164837
0.301694  -0.114724  -0.0569177  -0.114724  0.272706  0.086347  -0.0569177  0.086347  0.164846
0.301694  -0.114724  -0.0569177  -0.114724  0.272706  0.086347  -0.0569177  0.086347  0.164846
0.301691  -0.114694  -0.0569428  -0.114694  0.272674  0.0863455  -0.0569428  0.0863455  0.164854
0.301685  -0.114745  -0.0568742  -0.114745  0.272741  0.0863433  -0.0568742  0.0863433  0.164836
0.301682  -0.11474  -0.0568578  -0.11474  0.272731  0.086331  -0.0568578  0.086331  0.16483
0.301685  -0.114745  -0.0568742  -0.114745  0.272741  0.0863433  -0.0568742  0.0863433  0.164836
0.301683  -0.114715  -0.0568993  -0.114715  0.272709  0.0863418  -0.0568993  0.0863418  0.164844
0.301687  -0.114775  -0.0568491  -0.114775  0.272772  0.0863448  -0.0568491  0.0863448  0.164827
0.301685  -0.11477  -0.0568327  -0.11477  0.272763  0.0863325  -0.0568327  0.0863325  0.164821
0.301676  -0.114753  -0.0568515  -0.114753  0.272764  0.0863449  -0.0568515  0.0863449  0.164833
0.301676  -0.114753  -0.0568515  -0.114753  0.272764  0.0863449  -0.0568515  0.0863449  0.164833
0.301679  -0.114746  -0.0568886  -0.114746  0.272762  0.0863625  -0.0568886  0.0863625  0.164846
0.301681  -0.114826  -0.0567805  -0.114826  0.272838  0.0863425  -0.0567805  0.0863425  0.164809
0.301681  -0.114826  -0.0567805  -0.114826  0.272838  0.0863425  -0.0567805  0.0863425  0.164809
0.301679  -0.114771  -0.0568471  -0.114771  0.272784  0.0863518  -0.0568471  0.0863518  0.164832
0.301676  -0.114753  -0.0568515  -0.114753  0.272764  0.0863449  -0.0568515  0.0863449  0.164833
0.301679  -0.114771  -0.0568471  -0.114771  0.272784  0.0863518  -0.0568471  0.0863518  0.164832
0.30167  -0.114829  -0.0567414  -0.114829  0.272852  0.0863319  -0.0567414  0.0863319  0.164801
0.30167  -0.114829  -0.0567414  -0.114829  0.272852  0.0863319  -0.0567414  0.0863319  0.164801
0.301671  -0.114779  -0.0568244  -0.114779  0.272808  0.0863534  -0.0568244  0.0863534  0.164829
0.301671  -0.114779  -0.0568244  -0.114779  0.272808  0.0863534  -0.0568244  0.0863534  0.164829
0.30167  -0.114841  -0.0567206  -0.114841  0.272863  0.0863265  -0.0567206  0.0863265  0.164794
0.30167  -0.114841  -0.0567206  -0.114841  0.272863  0.0863265  -0.0567206  0.0863265  0.164794
0.301668  -0.114786  -0.0567872  -0.114786  0.272809  0.0863357  -0.0567872  0.0863357  0.164816
0.301668  -0.114786  -0.0567872  -0.114786  0.272809  0.0863357  -0.0567872  0.0863357  0.164816
0.301676  -0.11484  -0.0567062  -0.11484  0.272842  0.0863073  -0.0567062  0.0863073  0.164783
0.301676  -0.114852  -0.0566854  -0.114852  0.272853  0.0863019  -0.0566854  0.0863019  0.164776
0.301671  -0.114792  -0.0567356  -0.114792  0.272789  0.0862989  -0.0567356  0.0862989  0.164793
0.301671  -0.114792  -0.0567356  -0.114792  0.272789  0.0862989  -0.0567356  0.0862989  0.164793
0.301671  -0.114829  -0.0566734  -0.114829  0.272823  0.0862828  -0.0566734  0.0862828  0.164772
0.301668  -0.114823  -0.056657  -0.114823  0.272813  0.0862706  -0.056657  0.0862706  0.164766
0.301665  -0.114806  -0.0566613  -0.114806  0.272792  0.0862637  -0.0566613  0.0862637  0.164768
0.301663  -0.114788  -0.0566657  -0.114788  0.272772  0.0862568  -0.0566657  0.0862568  0.164769
0.301669  -0.114787  -0.0566512  -0.114787  0.27275  0.0862376  -0.0566512  0.0862376  0.164759
0.301669  -0.114799  -0.0566305  -0.114799  0.272761  0.0862322  -0.0566305  0.0862322  0.164752
0.301668  -0.114824  -0.056589  -0.114824  0.272783  0.0862215  -0.056589  0.0862215  0.164738
0.301666  -0.114769  -0.0566556  -0.114769  0.272729  0.0862307  -0.0566556  0.0862307  0.16476
0.301664  -0.114751  -0.0566599  -0.114751  0.272709  0.0862239  -0.0566599  0.0862239  0.164762
0.301663  -0.1148  -0.056577  -0.1148  0.272753  0.0862024  -0.056577  0.0862024  0.164734
0.301663  -0.114813  -0.0565562  -0.114813  0.272764  0.0861971  -0.0565562  0.0861971  0.164727
0.301658  -0.114753  -0.0566064  -0.114753  0.272701  0.0861941  -0.0566064  0.0861941  0.164743
0.301658  -0.114753  -0.0566064  -0.114753  0.272701  0.0861941  -0.0566064  0.0861941  0.164743
0.301658  -0.11479  -0.0565442  -0.11479  0.272734  0.086178  -0.0565442  0.086178  0.164722
0.301664  -0.114788  -0.0565298  -0.114788  0.272713  0.0861588  -0.0565298  0.0861588  0.164712
0.301664  -0.114776  -0.0565505  -0.114776  0.272701  0.0861641  -0.0565505  0.0861641  0.164719
0.301664  -0.114764  -0.0565712  -0.114764  0.27269  0.0861695  -0.0565712  0.0861695  0.164726
0.301664  -0.114751  -0.056592  -0.114751  0.272679  0.0861749  -0.056592  0.0861749  0.164733
0.301663  -0.114825  -0.0564675  -0.114825  0.272746  0.0861427  -0.0564675  0.0861427  0.164691
0.301663  -0.114825  -0.0564675  -0.114825  0.272746  0.0861427  -0.0564675  0.0861427  0.164691
0.301664  -0.114764  -0.0565712  -0.114764  0.27269  0.0861695  -0.0565712  0.0861695  0.164726
0.301666  -0.114769  -0.0565876  -0.114769  0.2727  0.0861817  -0.0565876  0.0861817  0.164732
0.301664  -0.114764  -0.0565712  -0.114764  0.27269  0.0861695  -0.0565712  0.0861695  0.164726
0.301663  -0.11485  -0.0564261  -0.11485  0.272768  0.086132  -0.0564261  0.086132  0.164677
0.301663  -0.11485  -0.0564261  -0.11485  0.272768  0.086132  -0.0564261  0.086132  0.164677
0.301666  -0.114781  -0.0565669  -0.114781  0.272711  0.0861764  -0.0565669  0.0861764  0.164725
0.301664  -0.114764  -0.0565712  -0.114764  0.27269  0.0861695  -0.0565712  0.0861695  0.164726
0.30166  -0.114857  -0.056389  -0.114857  0.27277  0.0861144  -0.056389  0.0861144  0.164665
0.30166  -0.114857  -0.056389  -0.114857  0.27277  0.0861144  -0.056389  0.0861144  0.164665
0.301669  -0.114787  -0.0565153  -0.114787  0.272691  0.0861396  -0.0565153  0.0861396  0.164702
0.301672  -0.114792  -0.0565317  -0.114792  0.2727  0.0861518  -0.0565317  0.0861518  0.164708
0.301658  -0.114839  -0.0563933  -0.114839  0.272749  0.0861075  -0.0563933  0.0861075  0.164666
0.301658  -0.114851  -0.0563726  -0.114851  0.272761  0.0861022  -0.0563726  0.0861022  0.164659
0.301655  -0.114858  -0.0563355  -0.114858  0.272762  0.0860846  -0.0563355  0.0860846  0.164647
0.301658  -0.114765  -0.0565177  -0.114765  0.272682  0.0861397  -0.0565177  0.0861397  0.164708
0.301656  -0.114747  -0.0565221  -0.114747  0.272662  0.0861328  -0.0565221  0.0861328  0.164709
0.301652  -0.114865  -0.0562984  -0.114865  0.272764  0.086067  -0.0562984  0.086067  0.164634
0.30165  -0.11486  -0.056282  -0.11486  0.272754  0.0860548  -0.056282  0.0860548  0.164628
0.301645  -0.114775  -0.0564416  -0.114775  0.272698  0.0861115  -0.0564416  0.0861115  0.164687
0.301647  -0.114768  -0.0564787  -0.114768  0.272696  0.0861291  -0.0564787  0.0861291  0.1647
0.301645  -0.114763  -0.0564623  -0.114763  0.272687  0.0861169  -0.0564623  0.0861169  0.164694
0.301636  -0.11487  -0.0562059  -0.11487  0.27277  0.0860267  -0.0562059  0.0860267  0.164608
0.301636  -0.11487  -0.0562059  -0.11487  0.27277  0.0860267  -0.0562059  0.0860267  0.164608
0.301637  -0.114747  -0.0564132  -0.114747  0.272658  0.0860803  -0.0564132  0.0860803  0.164677
0.301637  -0.114747  -0.0564132  -0.114747  0.272658  0.0860803  -0.0564132  0.0860803  0.164677
0.301633  -0.114877  -0.0561689  -0.114877  0.272772  0.0860092  -0.0561689  0.0860092  0.164595
0.301631  -0.114871  -0.0561525  -0.114871  0.272762  0.085997  -0.0561525  0.085997  0.16459
0.301631  -0.114773  -0.0563183  -0.114773  0.272673  0.0860398  -0.0563183  0.0860398  0.164645
0.301634  -0.114766  -0.0563554  -0.114766  0.272671  0.0860574  -0.0563554  0.0860574  0.164658
0.301634  -0.114766  -0.0563554  -0.114766  0.272671  0.0860574  -0.0563554  0.0860574  0.164658
0.301628  -0.114915  -0.0560533  -0.114915  0.272798  0.0859634  -0.0560533  0.0859634  0.164557
0.301628  -0.114915  -0.0560533  -0.114915  0.272798  0.0859634  -0.0560533  0.0859634  0.164557
0.30164  -0.114789  -0.0562995  -0.114789  0.272672  0.0860275  -0.0562995  0.0860275  0.164634
0.301637  -0.114771  -0.0563039  -0.114771  0.272651  0.0860207  -0.0563039  0.0860207  0.164635
0.301639  -0.114814  -0.0562581  -0.114814  0.272694  0.0860168  -0.0562581  0.0860168  0.16462
0.301633  -0.114938  -0.0559975  -0.114938  0.272799  0.0859335  -0.0559975  0.0859335  0.164533
0.301633  -0.114938  -0.0559975  -0.114938  0.272799  0.0859335  -0.0559975  0.0859335  0.164533
0.301651  -0.114799  -0.05625  -0.114799  0.27264  0.0859838  -0.05625  0.0859838  0.164607
0.301654  -0.114816  -0.0562456  -0.114816  0.27266  0.0859906  -0.0562456  0.0859906  0.164606
0.301641  -0.114967  -0.055958  -0.114967  0.272809  0.0859158  -0.055958  0.0859158  0.164515
0.301641  -0.114979  -0.0559373  -0.114979  0.27282  0.0859105  -0.0559373  0.0859105  0.164508
0.301641  -0.114942  -0.0559994  -0.114942  0.272786  0.0859265  -0.0559994  0.0859265  0.164529
0.301648  -0.114818  -0.0561922  -0.114818  0.272652  0.0859609  -0.0561922  0.0859609  0.164588
0.301651  -0.114848  -0.0561671  -0.114848  0.272684  0.0859624  -0.0561671  0.0859624  0.164579
0.301625  -0.114959  -0.0558864  -0.114959  0.272804  0.0858809  -0.0558864  0.0858809  0.164496
0.301625  -0.114959  -0.0558864  -0.114959  0.272804  0.0858809  -0.0558864  0.0858809  0.164496
0.301626  -0.114898  -0.0559899  -0.114898  0.272748  0.0859077  -0.0559899  0.0859077  0.16453
0.301615  -0.114839  -0.0560545  -0.114839  0.272705  0.0859239  -0.0560545  0.0859239  0.164556
0.301615  -0.114851  -0.0560338  -0.114851  0.272717  0.0859186  -0.0560338  0.0859186  0.16455
0.301579  -0.114904  -0.0558179  -0.114904  0.272794  0.0858534  -0.0558179  0.0858534  0.164493
0.301579  -0.114892  -0.0558386  -0.114892  0.272783  0.0858588  -0.0558386  0.0858588  0.1645
0.301569  -0.114759  -0.0560273  -0.114759  0.272673  0.085907  -0.0560273  0.085907  0.164567
0.301567  -0.114754  -0.056011  -0.114754  0.272663  0.0858949  -0.056011  0.0858949  0.164561
0.30153  -0.114843  -0.0557331  -0.114843  0.272774  0.0858138  -0.0557331  0.0858138  0.164484
0.30153  -0.114843  -0.0557331  -0.114843  0.272774  0.0858138  -0.0557331  0.0858138  0.164484
0.301522  -0.114802  -0.0557933  -0.114802  0.272753  0.0858368  -0.0557933  0.0858368  0.164509
0.301501  -0.11471  -0.055881  -0.11471  0.272691  0.0858585  -0.055881  0.0858585  0.164547
0.30149  -0.114713  -0.0558421  -0.114713  0.272705  0.085848  -0.0558421  0.085848  0.164539
0.301477  -0.114759  -0.0557042  -0.114759  0.272754  0.085804  -0.0557042  0.085804  0.164499
0.301453  -0.114686  -0.0557343  -0.114686  0.272705  0.0858029  -0.0557343  0.0858029  0.164518
0.301453  -0.114674  -0.0557549  -0.114674  0.272694  0.0858083  -0.0557549  0.0858083  0.164525
0.301439  -0.114684  -0.0556791  -0.114684  0.27271  0.0857803  -0.0556791  0.0857803  0.164505
0.301437  -0.114691  -0.0556422  -0.114691  0.272711  0.0857629  -0.0556422  0.0857629  0.164493
0.301413  -0.114654  -0.0556103  -0.114654  0.272696  0.0857458  -0.0556103  0.0857458  0.164492
0.301415  -0.11466  -0.0556265  -0.11466  0.272705  0.0857579  -0.0556265  0.0857579  0.164497
0.301413  -0.114605  -0.0556929  -0.114605  0.272651  0.0857671  -0.0556929  0.0857671  0.164519
0.301399  -0.114676  -0.0555139  -0.114676  0.272723  0.0857126  -0.0555139  0.0857126  0.164465
0.301397  -0.114683  -0.055477  -0.114683  0.272725  0.0856952  -0.055477  0.0856952  0.164453
0.301384  -0.114583  -0.0555872  -0.114583  0.272639  0.0857152  -0.0555872  0.0857152  0.164493
0.301384  -0.114583  -0.0555872  -0.114583  0.272639  0.0857152  -0.0555872  0.0857152  0.164493
0.301379  -0.114633  -0.0554514  -0.114633  0.272677  0.0856644  -0.0554514  0.0856644  0.164449
0.301378  -0.114646  -0.0554308  -0.114646  0.272688  0.0856591  -0.0554308  0.0856591  0.164443
0.301363  -0.114589  -0.0554421  -0.114589  0.272638  0.0856457  -0.0554421  0.0856457  0.164451
0.301363  -0.114564  -0.0554834  -0.114564  0.272616  0.0856564  -0.0554834  0.0856564  0.164464
0.301363  -0.11454  -0.0555247  -0.11454  0.272593  0.085667  -0.0555247  0.085667  0.164477
0.301352  -0.114617  -0.0552947  -0.114617  0.272646  0.0855762  -0.0552947  0.0855762  0.164403
0.301352  -0.114629  -0.0552741  -0.114629  0.272657  0.0855709  -0.0552741  0.0855709  0.164396
0.30134  -0.114516  -0.0554048  -0.114516  0.27256  0.0855961  -0.0554048  0.0855961  0.164443
0.301343  -0.114509  -0.0554416  -0.114509  0.272558  0.0856135  -0.0554416  0.0856135  0.164455
0.301338  -0.114486  -0.0554298  -0.114486  0.272528  0.0855947  -0.0554298  0.0855947  0.164451
0.301324  -0.114594  -0.0551219  -0.114594  0.272605  0.085476  -0.0551219  0.085476  0.164351
0.301324  -0.114594  -0.0551219  -0.114594  0.272605  0.085476  -0.0551219  0.085476  0.164351
0.301323  -0.114442  -0.0553531  -0.114442  0.27246  0.0855275  -0.0553531  0.0855275  0.164425
0.30132  -0.114424  -0.0553576  -0.114424  0.27244  0.0855208  -0.0553576  0.0855208  0.164426
0.301299  -0.114516  -0.0550686  -0.114516  0.272518  0.0854146  -0.0550686  0.0854146  0.164338
0.301298  -0.114541  -0.0550273  -0.114541  0.27254  0.085404  -0.0550273  0.085404  0.164325
0.301292  -0.114378  -0.0552261  -0.114378  0.272377  0.0854313  -0.0552261  0.0854313  0.164388
0.30129  -0.114348  -0.0552511  -0.114348  0.272345  0.0854298  -0.0552511  0.0854298  0.164396
0.30129  -0.114348  -0.0552511  -0.114348  0.272345  0.0854298  -0.0552511  0.0854298  0.164396
0.301263  -0.114466  -0.0548682  -0.114466  0.272438  0.085284  -0.0548682  0.085284  0.164278
0.301261  -0.114461  -0.0548521  -0.114461  0.272429  0.0852719  -0.0548521  0.0852719  0.164273
0.301253  -0.114395  -0.0549531  -0.114395  0.272384  0.0853053  -0.0549531  0.0853053  0.16431
0.301241  -0.114283  -0.0550836  -0.114283  0.272288  0.0853304  -0.0550836  0.0853304  0.164356
0.301238  -0.114302  -0.0550263  -0.114302  0.272301  0.0853079  -0.0550263  0.0853079  0.164337
0.301222  -0.114356  -0.0548525  -0.114356  0.272352  0.0852472  -0.0548525  0.0852472  0.164287
0.301207  -0.11425  -0.0549462  -0.11425  0.272258  0.085255  -0.0549462  0.085255  0.164321
0.301207  -0.114238  -0.0549668  -0.114238  0.272246  0.0852603  -0.0549668  0.0852603  0.164327
0.301189  -0.114225  -0.0548798  -0.114225  0.272232  0.085214  -0.0548798  0.085214  0.164304
0.301187  -0.114232  -0.0548431  -0.114232  0.272234  0.0851968  -0.0548431  0.0851968  0.164293
0.30115  -0.114206  -0.0547363  -0.114206  0.272235  0.0851525  -0.0547363  0.0851525  0.164273
0.301136  -0.114063  -0.0548916  -0.114063  0.272107  0.085176  -0.0548916  0.085176  0.164327
0.301136  -0.114063  -0.0548916  -0.114063  0.272107  0.085176  -0.0548916  0.085176  0.164327
0.301133  -0.114095  -0.0548138  -0.114095  0.272131  0.0851483  -0.0548138  0.0851483  0.164302
0.30111  -0.11417  -0.0545304  -0.11417  0.272189  0.0850363  -0.0545304  0.0850363  0.164217
0.301108  -0.11414  -0.0545554  -0.11414  0.272157  0.0850348  -0.0545554  0.0850348  0.164225
0.301096  -0.11399  -0.0547473  -0.11399  0.272027  0.0850755  -0.0547473  0.0850755  0.16429
0.301096  -0.114003  -0.0547267  -0.114003  0.272038  0.0850703  -0.0547267  0.0850703  0.164283
0.301093  -0.114059  -0.054608  -0.114059  0.272085  0.0850322  -0.054608  0.0850322  0.164246
0.301085  -0.114067  -0.0545186  -0.114067  0.272079  0.0849859  -0.0545186  0.0849859  0.164217
0.301085  -0.114055  -0.0545392  -0.114055  0.272068  0.0849911  -0.0545392  0.0849911  0.164224
0.301079  -0.113978  -0.0545935  -0.113978  0.271984  0.0849814  -0.0545935  0.0849814  0.16424
0.301081  -0.113996  -0.0545891  -0.113996  0.272005  0.0849881  -0.0545891  0.0849881  0.164239
0.301073  -0.114078  -0.0543767  -0.114078  0.272067  0.0849105  -0.0543767  0.0849105  0.164173
0.301071  -0.11406  -0.0543811  -0.11406  0.272046  0.0849038  -0.0543811  0.0849038  0.164174
0.301067  -0.113952  -0.0545131  -0.113952  0.271938  0.0849218  -0.0545131  0.0849218  0.164215
0.301067  -0.113952  -0.0545131  -0.113952  0.271938  0.0849218  -0.0545131  0.0849218  0.164215
0.301064  -0.113995  -0.054415  -0.113995  0.271973  0.084889  -0.054415  0.084889  0.164184
0.301067  -0.114026  -0.0543231  -0.114026  0.271976  0.0848425  -0.0543231  0.0848425  0.16415
0.301067  -0.114013  -0.0543436  -0.114013  0.271965  0.0848477  -0.0543436  0.0848477  0.164157
0.30106  -0.113949  -0.0543775  -0.113949  0.271892  0.0848329  -0.0543775  0.0848329  0.164167
0.30106  -0.113961  -0.054357  -0.113961  0.271903  0.0848276  -0.054357  0.0848276  0.16416
0.301057  -0.113992  -0.0542794  -0.113992  0.271928  0.0848001  -0.0542794  0.0848001  0.164136
0.301042  -0.113948  -0.0542704  -0.113948  0.27189  0.0847818  -0.0542704  0.0847818  0.164138
0.301042  -0.113936  -0.0542909  -0.113936  0.271878  0.084787  -0.0542909  0.084787  0.164144
0.301035  -0.113945  -0.0542018  -0.113945  0.271873  0.0847409  -0.0542018  0.0847409  0.164116
0.301035  -0.113957  -0.0541813  -0.113957  0.271884  0.0847357  -0.0541813  0.0847357  0.16411
0.301032  -0.113976  -0.0541243  -0.113976  0.271898  0.0847134  -0.0541243  0.0847134  0.164092
0.30102  -0.113876  -0.0542338  -0.113876  0.271812  0.084733  -0.0542338  0.084733  0.164131
0.30102  -0.113876  -0.0542338  -0.113876  0.271812  0.084733  -0.0542338  0.084733  0.164131
0.301015  -0.113939  -0.0540788  -0.113939  0.271861  0.084678  -0.0540788  0.084678  0.164083
0.301015  -0.113951  -0.0540583  -0.113951  0.271873  0.0846728  -0.0540583  0.0846728  0.164077
0.301008  -0.113886  -0.0540922  -0.113886  0.2718  0.084658  -0.0540922  0.084658  0.164087
0.301008  -0.113874  -0.0541127  -0.113874  0.271789  0.0846632  -0.0541127  0.0846632  0.164093
0.301003  -0.113913  -0.0539987  -0.113913  0.271815  0.0846187  -0.0539987  0.0846187  0.164058
0.301003  -0.113925  -0.0539782  -0.113925  0.271826  0.0846135  -0.0539782  0.0846135  0.164051
0.300998  -0.113927  -0.0539257  -0.113927  0.271819  0.0845845  -0.0539257  0.0845845  0.164035
0.300996  -0.113836  -0.054053  -0.113836  0.271731  0.0846091  -0.054053  0.0846091  0.164074
0.300996  -0.113836  -0.054053  -0.113836  0.271731  0.0846091  -0.054053  0.0846091  0.164074
0.300998  -0.113927  -0.053859  -0.113927  0.271791  0.0845368  -0.053859  0.0845368  0.16401
0.300998  -0.113927  -0.053859  -0.113927  0.271791  0.0845368  -0.053859  0.0845368  0.16401
0.300994  -0.113843  -0.0539498  -0.113843  0.271705  0.0845443  -0.0539498  0.0845443  0.164037
0.300992  -0.113826  -0.0539543  -0.113826  0.271684  0.0845376  -0.0539543  0.0845376  0.164038
0.300989  -0.113894  -0.0538155  -0.113894  0.271742  0.0844946  -0.0538155  0.0844946  0.163996
0.300989  -0.113906  -0.053795  -0.113906  0.271754  0.0844894  -0.053795  0.0844894  0.16399
0.300982  -0.113854  -0.0538085  -0.113854  0.271692  0.0844695  -0.0538085  0.0844695  0.163993
0.300982  -0.113841  -0.0538289  -0.113841  0.271681  0.0844747  -0.0538289  0.0844747  0.164
0.300985  -0.113859  -0.0537578  -0.113859  0.271673  0.0844337  -0.0537578  0.0844337  0.163973
0.30098  -0.113861  -0.0537054  -0.113861  0.271666  0.0844048  -0.0537054  0.0844048  0.163957
0.300978  -0.113893  -0.053628  -0.113893  0.27169  0.0843774  -0.053628  0.0843774  0.163933
0.300974  -0.113772  -0.0537801  -0.113772  0.27157  0.0844004  -0.0537801  0.0844004  0.163979
0.300974  -0.113772  -0.0537801  -0.113772  0.27157  0.0844004  -0.0537801  0.0844004  0.163979
0.300971  -0.11384  -0.0535749  -0.11384  0.2716  0.0843099  -0.0535749  0.0843099  0.163912
0.300971  -0.113853  -0.0535545  -0.113853  0.271612  0.0843048  -0.0535545  0.0843048  0.163906
0.300957  -0.11376  -0.0536274  -0.11376  0.271528  0.0843074  -0.0536274  0.0843074  0.163932
0.300955  -0.11373  -0.0536523  -0.11373  0.271497  0.0843059  -0.0536523  0.0843059  0.163939
0.300953  -0.113713  -0.0536568  -0.113713  0.271476  0.0842993  -0.0536568  0.0842993  0.163941
0.300947  -0.113837  -0.0534001  -0.113837  0.271582  0.0842188  -0.0534001  0.0842188  0.163864
0.300944  -0.113831  -0.0533842  -0.113831  0.271573  0.084207  -0.0533842  0.084207  0.163859
0.300946  -0.113685  -0.0535628  -0.113685  0.271409  0.0842216  -0.0535628  0.0842216  0.163907
0.300946  -0.113685  -0.0535628  -0.113685  0.271409  0.0842216  -0.0535628  0.0842216  0.163907
0.300933  -0.113793  -0.0533249  -0.113793  0.271516  0.0841533  -0.0533249  0.0841533  0.16384
0.30093  -0.113788  -0.053309  -0.113788  0.271506  0.0841415  -0.053309  0.0841415  0.163836
0.300924  -0.113662  -0.0534449  -0.113662  0.271377  0.0841527  -0.0534449  0.0841527  0.163876
0.300922  -0.113645  -0.0534494  -0.113645  0.271357  0.084146  -0.0534494  0.084146  0.163877
0.30092  -0.113627  -0.0534539  -0.113627  0.271336  0.0841394  -0.0534539  0.0841394  0.163878
0.300914  -0.113776  -0.0531567  -0.113776  0.271465  0.0840488  -0.0531567  0.0840488  0.16379
0.300912  -0.113771  -0.0531408  -0.113771  0.271456  0.0840371  -0.0531408  0.0840371  0.163785
0.300908  -0.113613  -0.0533538  -0.113613  0.271302  0.0840754  -0.0533538  0.0840754  0.163848
