0.312775  -0.1468  -0.0679317  -0.1468  0.311852  0.106877  -0.0679317  0.106877  0.168805
0.312775  -0.1468  -0.0679317  -0.1468  0.311852  0.106877  -0.0679317  0.106877  0.168805
0.312769  -0.146792  -0.0679117  -0.146792  0.311839  0.10686  -0.0679117  0.10686  0.168796
0.312769  -0.146792  -0.0679117  -0.146792  0.311839  0.10686  -0.0679117  0.10686  0.168796
0.312755  -0.146784  -0.0679082  -0.146784  0.311851  0.106867  -0.0679082  0.106867  0.1688
0.312748  -0.146776  -0.0678882  -0.146776  0.311837  0.10685  -0.0678882  0.10685  0.16879
0.312748  -0.146776  -0.0678882  -0.146776  0.311837  0.10685  -0.0678882  0.10685  0.16879
0.312742  -0.146767  -0.0678682  -0.146767  0.311824  0.106833  -0.0678682  0.106833  0.168781
0.312742  -0.146767  -0.0678682  -0.146767  0.311824  0.106833  -0.0678682  0.106833  0.168781
0.312742  -0.146767  -0.0678682  -0.146767  0.311824  0.106833  -0.0678682  0.106833  0.168781
0.312736  -0.146759  -0.0678481  -0.146759  0.31181  0.106816  -0.0678481  0.106816  0.168772
0.312736  -0.146759  -0.0678481  -0.146759  0.31181  0.106816  -0.0678481  0.106816  0.168772
0.312736  -0.146773  -0.0678237  -0.146773  0.311828  0.106808  -0.0678237  0.106808  0.168762
0.312736  -0.146773  -0.0678237  -0.146773  0.311828  0.106808  -0.0678237  0.106808  0.168762
0.31273  -0.146765  -0.0678037  -0.146765  0.311815  0.106791  -0.0678037  0.106791  0.168753
0.31273  -0.146765  -0.0678037  -0.146765  0.311815  0.106791  -0.0678037  0.106791  0.168753
0.31273  -0.146765  -0.0678037  -0.146765  0.311815  0.106791  -0.0678037  0.106791  0.168753
0.312735  -0.146788  -0.0677993  -0.146788  0.311847  0.106799  -0.0677993  0.106799  0.168751
0.312735  -0.146788  -0.0677993  -0.146788  0.311847  0.106799  -0.0677993  0.106799  0.168751
0.312735  -0.146788  -0.0677993  -0.146788  0.311847  0.106799  -0.0677993  0.106799  0.168751
0.312726  -0.146803  -0.0677915  -0.146803  0.31189  0.106815  -0.0677915  0.106815  0.168754
0.312726  -0.146803  -0.0677915  -0.146803  0.31189  0.106815  -0.0677915  0.106815  0.168754
0.312726  -0.146803  -0.0677915  -0.146803  0.31189  0.106815  -0.0677915  0.106815  0.168754
0.312726  -0.146803  -0.0677915  -0.146803  0.31189  0.106815  -0.0677915  0.106815  0.168754
0.312726  -0.146803  -0.0677915  -0.146803  0.31189  0.106815  -0.0677915  0.106815  0.168754
0.312706  -0.146787  -0.067768  -0.146787  0.311889  0.106806  -0.067768  0.106806  0.168749
0.312706  -0.146787  -0.067768  -0.146787  0.311889  0.106806  -0.067768  0.106806  0.168749
0.312711  -0.14681  -0.0677636  -0.14681  0.311921  0.106814  -0.0677636  0.106814  0.168748
0.312711  -0.14681  -0.0677636  -0.14681  0.311921  0.106814  -0.0677636  0.106814  0.168748
0.312691  -0.146794  -0.0677402  -0.146794  0.311919  0.106805  -0.0677402  0.106805  0.168742
0.312691  -0.146794  -0.0677402  -0.146794  0.311919  0.106805  -0.0677402  0.106805  0.168742
0.312691  -0.146794  -0.0677402  -0.146794  0.311919  0.106805  -0.0677402  0.106805  0.168742
0.312685  -0.146786  -0.0677201  -0.146786  0.311906  0.106788  -0.0677201  0.106788  0.168733
0.312685  -0.146786  -0.0677201  -0.146786  0.311906  0.106788  -0.0677201  0.106788  0.168733
0.312684  -0.1468  -0.0676957  -0.1468  0.311924  0.106779  -0.0676957  0.106779  0.168723
0.312684  -0.1468  -0.0676957  -0.1468  0.311924  0.106779  -0.0676957  0.106779  0.168723
0.312684  -0.1468  -0.0676957  -0.1468  0.311924  0.106779  -0.0676957  0.106779  0.168723
0.312684  -0.1468  -0.0676957  -0.1468  0.311924  0.106779  -0.0676957  0.106779  0.168723
0.312678  -0.146792  -0.0676757  -0.146792  0.31191  0.106762  -0.0676757  0.106762  0.168714
0.312678  -0.146792  -0.0676757  -0.146792  0.31191  0.106762  -0.0676757  0.106762  0.168714
0.312678  -0.146792  -0.0676757  -0.146792  0.31191  0.106762  -0.0676757  0.106762  0.168714
0.312672  -0.146783  -0.0676557  -0.146783  0.311897  0.106745  -0.0676557  0.106745  0.168705
0.312672  -0.146783  -0.0676557  -0.146783  0.311897  0.106745  -0.0676557  0.106745  0.168705
0.312671  -0.146798  -0.0676313  -0.146798  0.311915  0.106737  -0.0676313  0.106737  0.168694
0.312671  -0.146798  -0.0676313  -0.146798  0.311915  0.106737  -0.0676313  0.106737  0.168694
0.312671  -0.146798  -0.0676313  -0.146798  0.311915  0.106737  -0.0676313  0.106737  0.168694
0.312671  -0.146798  -0.0676313  -0.146798  0.311915  0.106737  -0.0676313  0.106737  0.168694
0.312665  -0.146789  -0.0676113  -0.146789  0.311902  0.10672  -0.0676113  0.10672  0.168685
0.312665  -0.146789  -0.0676113  -0.146789  0.311902  0.10672  -0.0676113  0.10672  0.168685
0.312659  -0.14678  -0.0675913  -0.14678  0.311888  0.106703  -0.0675913  0.106703  0.168676
0.312659  -0.14678  -0.0675913  -0.14678  0.311888  0.106703  -0.0675913  0.106703  0.168676
0.312674  -0.146788  -0.0675947  -0.146788  0.311876  0.106696  -0.0675947  0.106696  0.168672
0.312674  -0.146788  -0.0675947  -0.146788  0.311876  0.106696  -0.0675947  0.106696  0.168672
0.312674  -0.146788  -0.0675947  -0.146788  0.311876  0.106696  -0.0675947  0.106696  0.168672
0.312674  -0.146788  -0.0675947  -0.146788  0.311876  0.106696  -0.0675947  0.106696  0.168672
0.312674  -0.146788  -0.0675947  -0.146788  0.311876  0.106696  -0.0675947  0.106696  0.168672
0.312688  -0.146795  -0.0675981  -0.146795  0.311864  0.106688  -0.0675981  0.106688  0.168668
0.312688  -0.146795  -0.0675981  -0.146795  0.311864  0.106688  -0.0675981  0.106688  0.168668
0.312694  -0.146804  -0.0676181  -0.146804  0.311877  0.106705  -0.0676181  0.106705  0.168677
0.312694  -0.146804  -0.0676181  -0.146804  0.311877  0.106705  -0.0676181  0.106705  0.168677
0.312694  -0.146804  -0.0676181  -0.146804  0.311877  0.106705  -0.0676181  0.106705  0.168677
0.312694  -0.146804  -0.0676181  -0.146804  0.311877  0.106705  -0.0676181  0.106705  0.168677
0.312694  -0.146804  -0.0676181  -0.146804  0.311877  0.106705  -0.0676181  0.106705  0.168677
0.312694  -0.146804  -0.0676181  -0.146804  0.311877  0.106705  -0.0676181  0.106705  0.168677
0.312709  -0.146811  -0.0676215  -0.146811  0.311865  0.106698  -0.0676215  0.106698  0.168673
0.312709  -0.146811  -0.0676215  -0.146811  0.311865  0.106698  -0.0676215  0.106698  0.168673
0.312703  -0.146788  -0.0676259  -0.146788  0.311833  0.106689  -0.0676259  0.106689  0.168674
0.312703  -0.146788  -0.0676259  -0.146788  0.311833  0.106689  -0.0676259  0.106689  0.168674
0.312697  -0.14678  -0.0676059  -0.14678  0.31182  0.106672  -0.0676059  0.106672  0.168665
0.312697  -0.14678  -0.0676059  -0.14678  0.31182  0.106672  -0.0676059  0.106672  0.168665
0.312697  -0.14678  -0.0676059  -0.14678  0.31182  0.106672  -0.0676059  0.106672  0.168665
0.312703  -0.146788  -0.0676259  -0.146788  0.311833  0.106689  -0.0676259  0.106689  0.168674
0.312703  -0.146788  -0.0676259  -0.146788  0.311833  0.106689  -0.0676259  0.106689  0.168674
0.312709  -0.146811  -0.0676215  -0.146811  0.311865  0.106698  -0.0676215  0.106698  0.168673
0.312709  -0.146811  -0.0676215  -0.146811  0.311865  0.106698  -0.0676215  0.106698  0.168673
0.312709  -0.146811  -0.0676215  -0.146811  0.311865  0.106698  -0.0676215  0.106698  0.168673
0.312709  -0.146811  -0.0676215  -0.146811  0.311865  0.106698  -0.0676215  0.106698  0.168673
0.312709  -0.146811  -0.0676215  -0.146811  0.311865  0.106698  -0.0676215  0.106698  0.168673
0.312688  -0.146795  -0.0675981  -0.146795  0.311864  0.106688  -0.0675981  0.106688  0.168668
0.312688  -0.146795  -0.0675981  -0.146795  0.311864  0.106688  -0.0675981  0.106688  0.168668
0.312688  -0.146795  -0.0675981  -0.146795  0.311864  0.106688  -0.0675981  0.106688  0.168668
0.312688  -0.146795  -0.0675981  -0.146795  0.311864  0.106688  -0.0675981  0.106688  0.168668
0.312688  -0.146795  -0.0675981  -0.146795  0.311864  0.106688  -0.0675981  0.106688  0.168668
0.312682  -0.146787  -0.0675781  -0.146787  0.31185  0.106671  -0.0675781  0.106671  0.168659
0.312687  -0.14681  -0.0675737  -0.14681  0.311882  0.10668  -0.0675737  0.10668  0.168658
0.312661  -0.146771  -0.0675547  -0.146771  0.311849  0.106662  -0.0675547  0.106662  0.168654
0.312661  -0.146771  -0.0675547  -0.146771  0.311849  0.106662  -0.0675547  0.106662  0.168654
0.312661  -0.146785  -0.0675303  -0.146785  0.311867  0.106653  -0.0675303  0.106653  0.168644
0.312661  -0.146785  -0.0675303  -0.146785  0.311867  0.106653  -0.0675303  0.106653  0.168644
0.312649  -0.146768  -0.0674903  -0.146768  0.31184  0.10662  -0.0674903  0.10662  0.168625
0.312649  -0.146768  -0.0674903  -0.146768  0.31184  0.10662  -0.0674903  0.10662  0.168625
0.312634  -0.146761  -0.0674869  -0.146761  0.311852  0.106627  -0.0674869  0.106627  0.168629
0.312628  -0.146752  -0.0674669  -0.146752  0.311839  0.10661  -0.0674669  0.10661  0.16862
0.312628  -0.146752  -0.0674669  -0.146752  0.311839  0.10661  -0.0674669  0.10661  0.16862
0.312628  -0.146752  -0.0674669  -0.146752  0.311839  0.10661  -0.0674669  0.10661  0.16862
0.312628  -0.146752  -0.0674669  -0.146752  0.311839  0.10661  -0.0674669  0.10661  0.16862
0.312628  -0.146752  -0.0674669  -0.146752  0.311839  0.10661  -0.0674669  0.10661  0.16862
0.312628  -0.146752  -0.0674669  -0.146752  0.311839  0.10661  -0.0674669  0.10661  0.16862
0.312634  -0.146775  -0.0674625  -0.146775  0.31187  0.106619  -0.0674625  0.106619  0.168619
0.31264  -0.146784  -0.0674825  -0.146784  0.311884  0.106636  -0.0674825  0.106636  0.168628
0.31264  -0.146784  -0.0674825  -0.146784  0.311884  0.106636  -0.0674825  0.106636  0.168628
0.31264  -0.146784  -0.0674825  -0.146784  0.311884  0.106636  -0.0674825  0.106636  0.168628
0.312628  -0.146752  -0.0674669  -0.146752  0.311839  0.10661  -0.0674669  0.10661  0.16862
0.312628  -0.146752  -0.0674669  -0.146752  0.311839  0.10661  -0.0674669  0.10661  0.16862
0.312628  -0.146752  -0.0674669  -0.146752  0.311839  0.10661  -0.0674669  0.10661  0.16862
0.312628  -0.146752  -0.0674669  -0.146752  0.311839  0.10661  -0.0674669  0.10661  0.16862
0.312628  -0.146752  -0.0674669  -0.146752  0.311839  0.10661  -0.0674669  0.10661  0.16862
0.312622  -0.146743  -0.067447  -0.146743  0.311825  0.106593  -0.067447  0.106593  0.168611
0.312622  -0.146743  -0.067447  -0.146743  0.311825  0.106593  -0.067447  0.106593  0.168611
0.312616  -0.14672  -0.0674514  -0.14672  0.311793  0.106585  -0.0674514  0.106585  0.168613
0.312616  -0.14672  -0.0674514  -0.14672  0.311793  0.106585  -0.0674514  0.106585  0.168613
0.312616  -0.14672  -0.0674514  -0.14672  0.311793  0.106585  -0.0674514  0.106585  0.168613
0.312616  -0.14672  -0.0674514  -0.14672  0.311793  0.106585  -0.0674514  0.106585  0.168613
0.312616  -0.14672  -0.0674514  -0.14672  0.311793  0.106585  -0.0674514  0.106585  0.168613
0.31261  -0.146712  -0.0674314  -0.146712  0.31178  0.106568  -0.0674314  0.106568  0.168603
0.31263  -0.146742  -0.0674304  -0.146742  0.311799  0.106569  -0.0674304  0.106569  0.168598
0.31263  -0.146742  -0.0674304  -0.146742  0.311799  0.106569  -0.0674304  0.106569  0.168598
0.31263  -0.146742  -0.0674304  -0.146742  0.311799  0.106569  -0.0674304  0.106569  0.168598
0.312624  -0.146734  -0.0674104  -0.146734  0.311786  0.106552  -0.0674104  0.106552  0.168589
0.312624  -0.146734  -0.0674104  -0.146734  0.311786  0.106552  -0.0674104  0.106552  0.168589
0.312632  -0.146733  -0.0673938  -0.146733  0.31176  0.106528  -0.0673938  0.106528  0.168576
0.312632  -0.146733  -0.0673938  -0.146733  0.31176  0.106528  -0.0673938  0.106528  0.168576
0.312626  -0.146724  -0.0673739  -0.146724  0.311747  0.106511  -0.0673739  0.106511  0.168567
0.312626  -0.146724  -0.0673739  -0.146724  0.311747  0.106511  -0.0673739  0.106511  0.168567
0.312626  -0.146724  -0.0673739  -0.146724  0.311747  0.106511  -0.0673739  0.106511  0.168567
0.312626  -0.146724  -0.0673739  -0.146724  0.311747  0.106511  -0.0673739  0.106511  0.168567
0.312626  -0.146724  -0.0673739  -0.146724  0.311747  0.106511  -0.0673739  0.106511  0.168567
0.31262  -0.146715  -0.0673539  -0.146715  0.311733  0.106494  -0.0673539  0.106494  0.168558
0.31262  -0.146715  -0.0673539  -0.146715  0.311733  0.106494  -0.0673539  0.106494  0.168558
0.312632  -0.146747  -0.0673694  -0.146747  0.311779  0.106519  -0.0673694  0.106519  0.168566
0.312632  -0.146747  -0.0673694  -0.146747  0.311779  0.106519  -0.0673694  0.106519  0.168566
0.312632  -0.146747  -0.0673694  -0.146747  0.311779  0.106519  -0.0673694  0.106519  0.168566
0.312632  -0.146747  -0.0673694  -0.146747  0.311779  0.106519  -0.0673694  0.106519  0.168566
0.312632  -0.146747  -0.0673694  -0.146747  0.311779  0.106519  -0.0673694  0.106519  0.168566
0.312632  -0.146747  -0.0673694  -0.146747  0.311779  0.106519  -0.0673694  0.106519  0.168566
0.312632  -0.146747  -0.0673694  -0.146747  0.311779  0.106519  -0.0673694  0.106519  0.168566
0.312632  -0.146747  -0.0673694  -0.146747  0.311779  0.106519  -0.0673694  0.106519  0.168566
0.312632  -0.146747  -0.0673694  -0.146747  0.311779  0.106519  -0.0673694  0.106519  0.168566
0.312626  -0.146724  -0.0673739  -0.146724  0.311747  0.106511  -0.0673739  0.106511  0.168567
0.312626  -0.146724  -0.0673739  -0.146724  0.311747  0.106511  -0.0673739  0.106511  0.168567
0.31262  -0.146715  -0.0673539  -0.146715  0.311733  0.106494  -0.0673539  0.106494  0.168558
0.31262  -0.146715  -0.0673539  -0.146715  0.311733  0.106494  -0.0673539  0.106494  0.168558
0.31262  -0.146715  -0.0673539  -0.146715  0.311733  0.106494  -0.0673539  0.106494  0.168558
0.31262  -0.146715  -0.0673539  -0.146715  0.311733  0.106494  -0.0673539  0.106494  0.168558
0.31262  -0.146715  -0.0673539  -0.146715  0.311733  0.106494  -0.0673539  0.106494  0.168558
0.31262  -0.146715  -0.0673539  -0.146715  0.311733  0.106494  -0.0673539  0.106494  0.168558
0.31262  -0.146715  -0.0673539  -0.146715  0.311733  0.106494  -0.0673539  0.106494  0.168558
0.31262  -0.146715  -0.0673539  -0.146715  0.311733  0.106494  -0.0673539  0.106494  0.168558
0.31262  -0.146715  -0.0673539  -0.146715  0.311733  0.106494  -0.0673539  0.106494  0.168558
0.31262  -0.146715  -0.0673539  -0.146715  0.311733  0.106494  -0.0673539  0.106494  0.168558
0.31262  -0.146715  -0.0673539  -0.146715  0.311733  0.106494  -0.0673539  0.106494  0.168558
0.31262  -0.146715  -0.0673539  -0.146715  0.311733  0.106494  -0.0673539  0.106494  0.168558
0.31262  -0.146715  -0.0673539  -0.146715  0.311733  0.106494  -0.0673539  0.106494  0.168558
0.31262  -0.146715  -0.0673539  -0.146715  0.311733  0.106494  -0.0673539  0.106494  0.168558
0.312606  -0.146708  -0.0673505  -0.146708  0.311746  0.106501  -0.0673505  0.106501  0.168562
0.312606  -0.146708  -0.0673505  -0.146708  0.311746  0.106501  -0.0673505  0.106501  0.168562
0.312606  -0.146708  -0.0673505  -0.146708  0.311746  0.106501  -0.0673505  0.106501  0.168562
0.312606  -0.146708  -0.0673505  -0.146708  0.311746  0.106501  -0.0673505  0.106501  0.168562
0.312606  -0.146708  -0.0673505  -0.146708  0.311746  0.106501  -0.0673505  0.106501  0.168562
0.312591  -0.146715  -0.0673227  -0.146715  0.311776  0.1065  -0.0673227  0.1065  0.168556
0.312591  -0.146715  -0.0673227  -0.146715  0.311776  0.1065  -0.0673227  0.1065  0.168556
0.312591  -0.146715  -0.0673227  -0.146715  0.311776  0.1065  -0.0673227  0.1065  0.168556
0.312591  -0.146715  -0.0673227  -0.146715  0.311776  0.1065  -0.0673227  0.1065  0.168556
0.312585  -0.146707  -0.0673028  -0.146707  0.311762  0.106483  -0.0673028  0.106483  0.168547
0.312585  -0.146707  -0.0673028  -0.146707  0.311762  0.106483  -0.0673028  0.106483  0.168547
0.31257  -0.146699  -0.0672994  -0.146699  0.311775  0.106491  -0.0672994  0.106491  0.168551
0.31257  -0.146699  -0.0672994  -0.146699  0.311775  0.106491  -0.0672994  0.106491  0.168551
0.312582  -0.146731  -0.0673149  -0.146731  0.31182  0.106516  -0.0673149  0.106516  0.168559
0.312582  -0.146731  -0.0673149  -0.146731  0.31182  0.106516  -0.0673149  0.106516  0.168559
0.312582  -0.146731  -0.0673149  -0.146731  0.31182  0.106516  -0.0673149  0.106516  0.168559
0.312582  -0.146731  -0.0673149  -0.146731  0.31182  0.106516  -0.0673149  0.106516  0.168559
0.312574  -0.146732  -0.0673315  -0.146732  0.311845  0.106541  -0.0673315  0.106541  0.168572
0.312579  -0.146755  -0.067327  -0.146755  0.311877  0.106549  -0.067327  0.106549  0.16857
0.312579  -0.146755  -0.067327  -0.146755  0.311877  0.106549  -0.067327  0.106549  0.16857
0.312585  -0.146764  -0.067347  -0.146764  0.311891  0.106566  -0.067347  0.106566  0.168579
0.312585  -0.146764  -0.067347  -0.146764  0.311891  0.106566  -0.067347  0.106566  0.168579
0.312585  -0.146764  -0.067347  -0.146764  0.311891  0.106566  -0.067347  0.106566  0.168579
0.312585  -0.146764  -0.067347  -0.146764  0.311891  0.106566  -0.067347  0.106566  0.168579
0.3126  -0.146771  -0.0673504  -0.146771  0.311878  0.106558  -0.0673504  0.106558  0.168575
0.3126  -0.146771  -0.0673504  -0.146771  0.311878  0.106558  -0.0673504  0.106558  0.168575
0.312588  -0.146739  -0.0673349  -0.146739  0.311833  0.106533  -0.0673349  0.106533  0.168568
0.312588  -0.146739  -0.0673349  -0.146739  0.311833  0.106533  -0.0673349  0.106533  0.168568
0.312588  -0.146739  -0.0673349  -0.146739  0.311833  0.106533  -0.0673349  0.106533  0.168568
0.312602  -0.146747  -0.0673383  -0.146747  0.311821  0.106526  -0.0673383  0.106526  0.168564
0.312602  -0.146747  -0.0673383  -0.146747  0.311821  0.106526  -0.0673383  0.106526  0.168564
0.312609  -0.146755  -0.0673582  -0.146755  0.311835  0.106543  -0.0673582  0.106543  0.168573
0.312623  -0.146763  -0.0673616  -0.146763  0.311822  0.106535  -0.0673616  0.106535  0.168569
0.312617  -0.14674  -0.067366  -0.14674  0.311791  0.106527  -0.067366  0.106527  0.16857
0.312617  -0.14674  -0.067366  -0.14674  0.311791  0.106527  -0.067366  0.106527  0.16857
0.312617  -0.14674  -0.067366  -0.14674  0.311791  0.106527  -0.067366  0.106527  0.16857
0.312617  -0.14674  -0.067366  -0.14674  0.311791  0.106527  -0.067366  0.106527  0.16857
0.312626  -0.146724  -0.0673739  -0.146724  0.311747  0.106511  -0.0673739  0.106511  0.168567
0.312626  -0.146724  -0.0673739  -0.146724  0.311747  0.106511  -0.0673739  0.106511  0.168567
0.312614  -0.146692  -0.0673583  -0.146692  0.311702  0.106485  -0.0673583  0.106485  0.168559
0.312614  -0.146692  -0.0673583  -0.146692  0.311702  0.106485  -0.0673583  0.106485  0.168559
0.312614  -0.146692  -0.0673583  -0.146692  0.311702  0.106485  -0.0673583  0.106485  0.168559
0.312594  -0.146662  -0.0673593  -0.146662  0.311682  0.106484  -0.0673593  0.106484  0.168565
0.312594  -0.146662  -0.0673593  -0.146662  0.311682  0.106484  -0.0673593  0.106484  0.168565
0.312601  -0.14667  -0.0673793  -0.14667  0.311696  0.106501  -0.0673793  0.106501  0.168574
0.312601  -0.14667  -0.0673793  -0.14667  0.311696  0.106501  -0.0673793  0.106501  0.168574
0.312601  -0.14667  -0.0673793  -0.14667  0.311696  0.106501  -0.0673793  0.106501  0.168574
0.312601  -0.14667  -0.0673793  -0.14667  0.311696  0.106501  -0.0673793  0.106501  0.168574
0.312601  -0.14667  -0.0673793  -0.14667  0.311696  0.106501  -0.0673793  0.106501  0.168574
0.312601  -0.14667  -0.0673793  -0.14667  0.311696  0.106501  -0.0673793  0.106501  0.168574
0.312607  -0.146679  -0.0673993  -0.146679  0.311709  0.106518  -0.0673993  0.106518  0.168583
0.312607  -0.146679  -0.0673993  -0.146679  0.311709  0.106518  -0.0673993  0.106518  0.168583
0.312607  -0.146679  -0.0673993  -0.146679  0.311709  0.106518  -0.0673993  0.106518  0.168583
0.312627  -0.146695  -0.0674226  -0.146695  0.31171  0.106528  -0.0674226  0.106528  0.168588
0.312627  -0.146695  -0.0674226  -0.146695  0.31171  0.106528  -0.0674226  0.106528  0.168588
0.312627  -0.146695  -0.0674226  -0.146695  0.31171  0.106528  -0.0674226  0.106528  0.168588
0.312627  -0.146695  -0.0674226  -0.146695  0.31171  0.106528  -0.0674226  0.106528  0.168588
0.312642  -0.146688  -0.0674504  -0.146688  0.31168  0.106529  -0.0674504  0.106529  0.168594
0.312642  -0.146688  -0.0674504  -0.146688  0.31168  0.106529  -0.0674504  0.106529  0.168594
0.312668  -0.146727  -0.0674694  -0.146727  0.311713  0.106547  -0.0674694  0.106547  0.168598
0.312668  -0.146727  -0.0674694  -0.146727  0.311713  0.106547  -0.0674694  0.106547  0.168598
0.312677  -0.146711  -0.0674772  -0.146711  0.311669  0.106531  -0.0674772  0.106531  0.168595
0.312677  -0.146711  -0.0674772  -0.146711  0.311669  0.106531  -0.0674772  0.106531  0.168595
0.312698  -0.146727  -0.0675006  -0.146727  0.311671  0.10654  -0.0675006  0.10654  0.1686
0.312698  -0.146727  -0.0675006  -0.146727  0.311671  0.10654  -0.0675006  0.10654  0.1686
0.312712  -0.146735  -0.067504  -0.146735  0.311659  0.106533  -0.067504  0.106533  0.168596
0.312712  -0.146735  -0.067504  -0.146735  0.311659  0.106533  -0.067504  0.106533  0.168596
0.312712  -0.146735  -0.067504  -0.146735  0.311659  0.106533  -0.067504  0.106533  0.168596
0.312727  -0.146742  -0.0675074  -0.146742  0.311646  0.106525  -0.0675074  0.106525  0.168592
0.312721  -0.146719  -0.0675118  -0.146719  0.311615  0.106517  -0.0675118  0.106517  0.168593
0.312721  -0.146719  -0.0675118  -0.146719  0.311615  0.106517  -0.0675118  0.106517  0.168593
0.312721  -0.146719  -0.0675118  -0.146719  0.311615  0.106517  -0.0675118  0.106517  0.168593
0.312721  -0.146719  -0.0675118  -0.146719  0.311615  0.106517  -0.0675118  0.106517  0.168593
0.312735  -0.146726  -0.0675152  -0.146726  0.311603  0.106509  -0.0675152  0.106509  0.168589
0.312735  -0.146726  -0.0675152  -0.146726  0.311603  0.106509  -0.0675152  0.106509  0.168589
0.312741  -0.146735  -0.0675352  -0.146735  0.311616  0.106526  -0.0675352  0.106526  0.168598
0.312741  -0.146735  -0.0675352  -0.146735  0.311616  0.106526  -0.0675352  0.106526  0.168598
0.312741  -0.146735  -0.0675352  -0.146735  0.311616  0.106526  -0.0675352  0.106526  0.168598
0.312756  -0.146742  -0.0675386  -0.146742  0.311604  0.106519  -0.0675386  0.106519  0.168594
0.312756  -0.146742  -0.0675386  -0.146742  0.311604  0.106519  -0.0675386  0.106519  0.168594
0.312762  -0.146751  -0.0675586  -0.146751  0.311617  0.106536  -0.0675586  0.106536  0.168603
0.312762  -0.146751  -0.0675586  -0.146751  0.311617  0.106536  -0.0675586  0.106536  0.168603
0.312748  -0.146744  -0.0675552  -0.146744  0.31163  0.106543  -0.0675552  0.106543  0.168607
0.312748  -0.146744  -0.0675552  -0.146744  0.31163  0.106543  -0.0675552  0.106543  0.168607
0.312754  -0.146752  -0.0675752  -0.146752  0.311643  0.10656  -0.0675752  0.10656  0.168616
0.312754  -0.146752  -0.0675752  -0.146752  0.311643  0.10656  -0.0675752  0.10656  0.168616
0.312754  -0.146752  -0.0675752  -0.146752  0.311643  0.10656  -0.0675752  0.10656  0.168616
0.312739  -0.146745  -0.0675718  -0.146745  0.311655  0.106568  -0.0675718  0.106568  0.16862
0.312739  -0.146745  -0.0675718  -0.146745  0.311655  0.106568  -0.0675718  0.106568  0.16862
0.312739  -0.146745  -0.0675718  -0.146745  0.311655  0.106568  -0.0675718  0.106568  0.16862
0.312739  -0.146745  -0.0675718  -0.146745  0.311655  0.106568  -0.0675718  0.106568  0.16862
0.312731  -0.146746  -0.0675884  -0.146746  0.311681  0.106592  -0.0675884  0.106592  0.168634
0.312731  -0.146746  -0.0675884  -0.146746  0.311681  0.106592  -0.0675884  0.106592  0.168634
0.312731  -0.146746  -0.0675884  -0.146746  0.311681  0.106592  -0.0675884  0.106592  0.168634
0.312731  -0.146746  -0.0675884  -0.146746  0.311681  0.106592  -0.0675884  0.106592  0.168634
0.312731  -0.146746  -0.0675884  -0.146746  0.311681  0.106592  -0.0675884  0.106592  0.168634
0.312731  -0.146746  -0.0675884  -0.146746  0.311681  0.106592  -0.0675884  0.106592  0.168634
0.312731  -0.146746  -0.0675884  -0.146746  0.311681  0.106592  -0.0675884  0.106592  0.168634
0.312731  -0.146746  -0.0675884  -0.146746  0.311681  0.106592  -0.0675884  0.106592  0.168634
0.312731  -0.146746  -0.0675884  -0.146746  0.311681  0.106592  -0.0675884  0.106592  0.168634
0.31271  -0.14673  -0.067565  -0.14673  0.31168  0.106582  -0.067565  0.106582  0.168629
0.31271  -0.14673  -0.067565  -0.14673  0.31168  0.106582  -0.067565  0.106582  0.168629
0.312705  -0.146707  -0.0675694  -0.146707  0.311648  0.106574  -0.0675694  0.106574  0.16863
0.312705  -0.146707  -0.0675694  -0.146707  0.311648  0.106574  -0.0675694  0.106574  0.16863
0.312705  -0.146707  -0.0675694  -0.146707  0.311648  0.106574  -0.0675694  0.106574  0.16863
0.31271  -0.14673  -0.067565  -0.14673  0.31168  0.106582  -0.067565  0.106582  0.168629
0.31271  -0.14673  -0.067565  -0.14673  0.31168  0.106582  -0.067565  0.106582  0.168629
0.31271  -0.14673  -0.067565  -0.14673  0.31168  0.106582  -0.067565  0.106582  0.168629
0.31271  -0.14673  -0.067565  -0.14673  0.31168  0.106582  -0.067565  0.106582  0.168629
0.31271  -0.14673  -0.067565  -0.14673  0.31168  0.106582  -0.067565  0.106582  0.168629
0.312702  -0.146746  -0.0675571  -0.146746  0.311723  0.106598  -0.0675571  0.106598  0.168631
0.312702  -0.146746  -0.0675571  -0.146746  0.311723  0.106598  -0.0675571  0.106598  0.168631
0.312702  -0.146746  -0.0675571  -0.146746  0.311723  0.106598  -0.0675571  0.106598  0.168631
0.312702  -0.146746  -0.0675571  -0.146746  0.311723  0.106598  -0.0675571  0.106598  0.168631
0.312696  -0.146737  -0.0675372  -0.146737  0.31171  0.106581  -0.0675372  0.106581  0.168622
0.312696  -0.146737  -0.0675372  -0.146737  0.31171  0.106581  -0.0675372  0.106581  0.168622
0.312701  -0.14676  -0.0675327  -0.14676  0.311742  0.10659  -0.0675327  0.10659  0.168621
0.312701  -0.14676  -0.0675327  -0.14676  0.311742  0.10659  -0.0675327  0.10659  0.168621
0.312701  -0.14676  -0.0675327  -0.14676  0.311742  0.10659  -0.0675327  0.10659  0.168621
0.312701  -0.14676  -0.0675327  -0.14676  0.311742  0.10659  -0.0675327  0.10659  0.168621
0.312695  -0.146752  -0.0675128  -0.146752  0.311728  0.106573  -0.0675128  0.106573  0.168612
0.312695  -0.146752  -0.0675128  -0.146752  0.311728  0.106573  -0.0675128  0.106573  0.168612
0.312689  -0.146743  -0.0674928  -0.146743  0.311715  0.106556  -0.0674928  0.106556  0.168603
0.312689  -0.146743  -0.0674928  -0.146743  0.311715  0.106556  -0.0674928  0.106556  0.168603
0.312689  -0.146743  -0.0674928  -0.146743  0.311715  0.106556  -0.0674928  0.106556  0.168603
0.312694  -0.146766  -0.0674883  -0.146766  0.311746  0.106565  -0.0674883  0.106565  0.168601
0.312694  -0.146766  -0.0674883  -0.146766  0.311746  0.106565  -0.0674883  0.106565  0.168601
0.312688  -0.146758  -0.0674684  -0.146758  0.311733  0.106548  -0.0674684  0.106548  0.168592
0.312688  -0.146758  -0.0674684  -0.146758  0.311733  0.106548  -0.0674684  0.106548  0.168592
0.312688  -0.146758  -0.0674684  -0.146758  0.311733  0.106548  -0.0674684  0.106548  0.168592
0.312688  -0.146758  -0.0674684  -0.146758  0.311733  0.106548  -0.0674684  0.106548  0.168592
0.312688  -0.146772  -0.067444  -0.146772  0.311751  0.106539  -0.067444  0.106539  0.168582
0.312688  -0.146772  -0.067444  -0.146772  0.311751  0.106539  -0.067444  0.106539  0.168582
0.312688  -0.146772  -0.067444  -0.146772  0.311751  0.106539  -0.067444  0.106539  0.168582
0.312673  -0.146765  -0.0674406  -0.146765  0.311763  0.106547  -0.0674406  0.106547  0.168586
0.312673  -0.146779  -0.0674162  -0.146779  0.311781  0.106538  -0.0674162  0.106538  0.168576
0.312673  -0.146779  -0.0674162  -0.146779  0.311781  0.106538  -0.0674162  0.106538  0.168576
0.312673  -0.146779  -0.0674162  -0.146779  0.311781  0.106538  -0.0674162  0.106538  0.168576
0.312673  -0.146779  -0.0674162  -0.146779  0.311781  0.106538  -0.0674162  0.106538  0.168576
0.312652  -0.146763  -0.0673928  -0.146763  0.31178  0.106529  -0.0673928  0.106529  0.168571
0.312652  -0.146763  -0.0673928  -0.146763  0.31178  0.106529  -0.0673928  0.106529  0.168571
0.312652  -0.146763  -0.0673928  -0.146763  0.31178  0.106529  -0.0673928  0.106529  0.168571
0.312637  -0.14677  -0.067365  -0.14677  0.31181  0.106528  -0.067365  0.106528  0.168565
0.312637  -0.14677  -0.067365  -0.14677  0.31181  0.106528  -0.067365  0.106528  0.168565
0.312631  -0.146762  -0.067345  -0.146762  0.311797  0.106511  -0.067345  0.106511  0.168555
0.312625  -0.146753  -0.0673251  -0.146753  0.311783  0.106494  -0.0673251  0.106494  0.168546
0.312625  -0.146753  -0.0673251  -0.146753  0.311783  0.106494  -0.0673251  0.106494  0.168546
0.312625  -0.146753  -0.0673251  -0.146753  0.311783  0.106494  -0.0673251  0.106494  0.168546
0.312604  -0.146752  -0.0672773  -0.146752  0.3118  0.106476  -0.0672773  0.106476  0.168531
0.312604  -0.146752  -0.0672773  -0.146752  0.3118  0.106476  -0.0672773  0.106476  0.168531
0.312604  -0.146752  -0.0672773  -0.146752  0.3118  0.106476  -0.0672773  0.106476  0.168531
0.312597  -0.146757  -0.067233  -0.146757  0.311805  0.106451  -0.067233  0.106451  0.168512
0.312597  -0.146757  -0.067233  -0.146757  0.311805  0.106451  -0.067233  0.106451  0.168512
0.312577  -0.146742  -0.0672097  -0.146742  0.311804  0.106441  -0.0672097  0.106441  0.168507
0.312577  -0.146742  -0.0672097  -0.146742  0.311804  0.106441  -0.0672097  0.106441  0.168507
0.31257  -0.146747  -0.0671653  -0.146747  0.311808  0.106416  -0.0671653  0.106416  0.168488
0.31257  -0.146747  -0.0671653  -0.146747  0.311808  0.106416  -0.0671653  0.106416  0.168488
0.31257  -0.146762  -0.067141  -0.146762  0.311827  0.106408  -0.067141  0.106408  0.168477
0.312563  -0.146768  -0.0670966  -0.146768  0.311831  0.106382  -0.0670966  0.106382  0.168458
0.312557  -0.146759  -0.0670767  -0.146759  0.311818  0.106366  -0.0670767  0.106366  0.168449
0.312557  -0.146759  -0.0670767  -0.146759  0.311818  0.106366  -0.0670767  0.106366  0.168449
0.312557  -0.146774  -0.0670523  -0.146774  0.311836  0.106357  -0.0670523  0.106357  0.168439
0.31255  -0.14678  -0.067008  -0.14678  0.311841  0.106332  -0.067008  0.106332  0.16842
0.31255  -0.14678  -0.067008  -0.14678  0.311841  0.106332  -0.067008  0.106332  0.16842
0.312543  -0.146786  -0.0669637  -0.146786  0.311846  0.106307  -0.0669637  0.106307  0.168401
0.312543  -0.146786  -0.0669637  -0.146786  0.311846  0.106307  -0.0669637  0.106307  0.168401
0.312537  -0.146792  -0.0669194  -0.146792  0.311851  0.106281  -0.0669194  0.106281  0.168382
0.312537  -0.146792  -0.0669194  -0.146792  0.311851  0.106281  -0.0669194  0.106281  0.168382
0.31253  -0.146798  -0.0668752  -0.146798  0.311855  0.106256  -0.0668752  0.106256  0.168363
0.31253  -0.146798  -0.0668752  -0.146798  0.311855  0.106256  -0.0668752  0.106256  0.168363
0.312524  -0.146789  -0.0668553  -0.146789  0.311842  0.106239  -0.0668553  0.106239  0.168354
0.312517  -0.146795  -0.066811  -0.146795  0.311847  0.106214  -0.066811  0.106214  0.168335
0.312517  -0.146795  -0.066811  -0.146795  0.311847  0.106214  -0.066811  0.106214  0.168335
0.312517  -0.146809  -0.0667866  -0.146809  0.311865  0.106206  -0.0667866  0.106206  0.168325
0.312511  -0.146801  -0.0667667  -0.146801  0.311852  0.106189  -0.0667667  0.106189  0.168316
0.31251  -0.146815  -0.0667424  -0.146815  0.31187  0.10618  -0.0667424  0.10618  0.168306
0.31251  -0.146815  -0.0667424  -0.146815  0.31187  0.10618  -0.0667424  0.10618  0.168306
0.312504  -0.146821  -0.0666981  -0.146821  0.311875  0.106155  -0.0666981  0.106155  0.168287
0.312504  -0.146821  -0.0666981  -0.146821  0.311875  0.106155  -0.0666981  0.106155  0.168287
0.312497  -0.146827  -0.0666539  -0.146827  0.31188  0.10613  -0.0666539  0.10613  0.168268
0.312497  -0.146827  -0.0666539  -0.146827  0.31188  0.10613  -0.0666539  0.10613  0.168268
0.312485  -0.14681  -0.0666141  -0.14681  0.311853  0.106096  -0.0666141  0.106096  0.16825
0.312485  -0.14681  -0.0666141  -0.14681  0.311853  0.106096  -0.0666141  0.106096  0.16825
0.312499  -0.146832  -0.0665931  -0.146832  0.311859  0.106081  -0.0665931  0.106081  0.168236
0.312486  -0.146815  -0.0665534  -0.146815  0.311832  0.106047  -0.0665534  0.106047  0.168218
0.312486  -0.146815  -0.0665534  -0.146815  0.311832  0.106047  -0.0665534  0.106047  0.168218
0.31248  -0.146821  -0.0665092  -0.146821  0.311837  0.106022  -0.0665092  0.106022  0.168199
0.31248  -0.146821  -0.0665092  -0.146821  0.311837  0.106022  -0.0665092  0.106022  0.168199
0.312467  -0.146818  -0.0664451  -0.146818  0.311828  0.10598  -0.0664451  0.10598  0.168172
0.312467  -0.146818  -0.0664451  -0.146818  0.311828  0.10598  -0.0664451  0.10598  0.168172
0.312455  -0.146801  -0.0664054  -0.146801  0.311802  0.105946  -0.0664054  0.105946  0.168154
0.312455  -0.146801  -0.0664054  -0.146801  0.311802  0.105946  -0.0664054  0.105946  0.168154
0.312469  -0.146823  -0.0663844  -0.146823  0.311808  0.105931  -0.0663844  0.105931  0.16814
0.312456  -0.14682  -0.0663204  -0.14682  0.311799  0.105889  -0.0663204  0.105889  0.168113
0.312456  -0.14682  -0.0663204  -0.14682  0.311799  0.105889  -0.0663204  0.105889  0.168113
0.312458  -0.146811  -0.066284  -0.146811  0.31176  0.105848  -0.066284  0.105848  0.168091
0.312458  -0.146811  -0.066284  -0.146811  0.31176  0.105848  -0.066284  0.105848  0.168091
0.312459  -0.14683  -0.066199  -0.14683  0.311758  0.10579  -0.066199  0.10579  0.16805
0.312459  -0.14683  -0.066199  -0.14683  0.311758  0.10579  -0.066199  0.10579  0.16805
0.312441  -0.146804  -0.0661395  -0.146804  0.311718  0.10574  -0.0661395  0.10574  0.168024
0.312455  -0.146812  -0.0661428  -0.146812  0.311706  0.105732  -0.0661428  0.105732  0.168019
0.312442  -0.146809  -0.0660789  -0.146809  0.311697  0.10569  -0.0660789  0.10569  0.167992
0.312442  -0.146809  -0.0660789  -0.146809  0.311697  0.10569  -0.0660789  0.10569  0.167992
0.312444  -0.146814  -0.0660182  -0.146814  0.311677  0.105641  -0.0660182  0.105641  0.167961
0.312444  -0.146814  -0.0660182  -0.146814  0.311677  0.105641  -0.0660182  0.105641  0.167961
0.312432  -0.146797  -0.0659786  -0.146797  0.31165  0.105608  -0.0659786  0.105608  0.167944
0.312433  -0.146802  -0.065918  -0.146802  0.31163  0.105559  -0.065918  0.105559  0.167912
0.312433  -0.146802  -0.065918  -0.146802  0.31163  0.105559  -0.065918  0.105559  0.167912
0.312435  -0.146806  -0.0658574  -0.146806  0.311609  0.105509  -0.0658574  0.105509  0.167881
0.312435  -0.146806  -0.0658574  -0.146806  0.311609  0.105509  -0.0658574  0.105509  0.167881
0.312423  -0.146789  -0.0658179  -0.146789  0.311582  0.105476  -0.0658179  0.105476  0.167864
0.31241  -0.146787  -0.065754  -0.146787  0.311574  0.105434  -0.065754  0.105434  0.167837
0.31241  -0.146787  -0.065754  -0.146787  0.311574  0.105434  -0.065754  0.105434  0.167837
0.3124  -0.14676  -0.0656782  -0.14676  0.311509  0.10536  -0.0656782  0.10536  0.167798
0.3124  -0.14676  -0.0656782  -0.14676  0.311509  0.10536  -0.0656782  0.10536  0.167798
0.312381  -0.146749  -0.0655947  -0.146749  0.311487  0.105302  -0.0655947  0.105302  0.167763
0.312375  -0.14674  -0.0655749  -0.14674  0.311474  0.105285  -0.0655749  0.105285  0.167754
0.312369  -0.146732  -0.0655552  -0.146732  0.31146  0.105268  -0.0655552  0.105268  0.167746
0.312345  -0.146698  -0.0654762  -0.146698  0.311407  0.105202  -0.0654762  0.105202  0.167712
0.312345  -0.146698  -0.0654762  -0.146698  0.311407  0.105202  -0.0654762  0.105202  0.167712
0.31232  -0.146678  -0.0653731  -0.146678  0.311372  0.105127  -0.0653731  0.105127  0.167668
0.31232  -0.146678  -0.0653731  -0.146678  0.311372  0.105127  -0.0653731  0.105127  0.167668
0.312308  -0.146661  -0.0653336  -0.146661  0.311345  0.105094  -0.0653336  0.105094  0.167651
0.312284  -0.146627  -0.0652548  -0.146627  0.311292  0.105027  -0.0652548  0.105027  0.167617
0.312284  -0.146627  -0.0652548  -0.146627  0.311292  0.105027  -0.0652548  0.105027  0.167617
0.312274  -0.146615  -0.065155  -0.146615  0.311245  0.104945  -0.065155  0.104945  0.167569
0.312267  -0.146606  -0.0651354  -0.146606  0.311232  0.104929  -0.0651354  0.104929  0.167561
0.312255  -0.146589  -0.065096  -0.146589  0.311205  0.104896  -0.065096  0.104896  0.167544
0.312225  -0.146547  -0.0649977  -0.146547  0.311139  0.104813  -0.0649977  0.104813  0.167502
0.312219  -0.146538  -0.064978  -0.146538  0.311126  0.104796  -0.064978  0.104796  0.167494
0.312189  -0.14651  -0.0648555  -0.14651  0.311078  0.104705  -0.0648555  0.104705  0.167442
0.312189  -0.14651  -0.0648555  -0.14651  0.311078  0.104705  -0.0648555  0.104705  0.167442
0.312138  -0.146452  -0.0647346  -0.146452  0.311011  0.104614  -0.0647346  0.104614  0.167396
0.312138  -0.146452  -0.0647346  -0.146452  0.311011  0.104614  -0.0647346  0.104614  0.167396
0.312108  -0.146424  -0.0646123  -0.146424  0.310963  0.104523  -0.0646123  0.104523  0.167345
0.312108  -0.146424  -0.0646123  -0.146424  0.310963  0.104523  -0.0646123  0.104523  0.167345
0.312072  -0.146374  -0.0644948  -0.146374  0.310884  0.104424  -0.0644948  0.104424  0.167295
0.312072  -0.146374  -0.0644948  -0.146374  0.310884  0.104424  -0.0644948  0.104424  0.167295
0.312035  -0.146337  -0.0643531  -0.146337  0.310823  0.104317  -0.0643531  0.104317  0.167236
0.312029  -0.146329  -0.0643336  -0.146329  0.31081  0.1043  -0.0643336  0.1043  0.167228
0.311993  -0.146293  -0.0641921  -0.146293  0.310749  0.104194  -0.0641921  0.104194  0.16717
0.311993  -0.146293  -0.0641921  -0.146293  0.310749  0.104194  -0.0641921  0.104194  0.16717
0.311975  -0.146267  -0.0641335  -0.146267  0.31071  0.104144  -0.0641335  0.104144  0.167145
0.311933  -0.146223  -0.0639728  -0.146223  0.310636  0.104021  -0.0639728  0.104021  0.167079
0.311927  -0.146214  -0.0639532  -0.146214  0.310623  0.104005  -0.0639532  0.104005  0.167071
0.311882  -0.146194  -0.0638044  -0.146194  0.310606  0.103914  -0.0638044  0.103914  0.167016
0.311876  -0.146185  -0.0637849  -0.146185  0.310593  0.103898  -0.0637849  0.103898  0.167008
0.31184  -0.146149  -0.063644  -0.146149  0.310533  0.103791  -0.063644  0.103791  0.16695
0.311834  -0.146141  -0.0636245  -0.146141  0.31052  0.103775  -0.0636245  0.103775  0.166942
0.311803  -0.146128  -0.0634791  -0.146128  0.310492  0.103677  -0.0634791  0.103677  0.166884
0.311797  -0.146119  -0.0634597  -0.146119  0.310479  0.10366  -0.0634597  0.10366  0.166876
0.311766  -0.146106  -0.0633144  -0.146106  0.31045  0.103563  -0.0633144  0.103563  0.166818
0.311761  -0.146098  -0.063295  -0.146098  0.310437  0.103546  -0.063295  0.103546  0.16681
0.311729  -0.146099  -0.0631258  -0.146099  0.310428  0.10344  -0.0631258  0.10344  0.166743
0.311729  -0.146099  -0.0631258  -0.146099  0.310428  0.10344  -0.0631258  0.10344  0.166743
0.311699  -0.146086  -0.0629807  -0.146086  0.310399  0.103343  -0.0629807  0.103343  0.166686
0.311693  -0.146078  -0.0629614  -0.146078  0.310386  0.103326  -0.0629614  0.103326  0.166678
0.311653  -0.14608  -0.0628087  -0.14608  0.310402  0.103244  -0.0628087  0.103244  0.166624
0.311653  -0.146095  -0.0627847  -0.146095  0.310421  0.103236  -0.0627847  0.103236  0.166615
0.31164  -0.146092  -0.062722  -0.146092  0.310414  0.103195  -0.062722  0.103195  0.16659
0.311609  -0.146094  -0.0625532  -0.146094  0.310404  0.10309  -0.0625532  0.10309  0.166525
0.311603  -0.146085  -0.0625339  -0.146085  0.310391  0.103074  -0.0625339  0.103074  0.166517
0.311596  -0.146106  -0.0624666  -0.146106  0.310416  0.103041  -0.0624666  0.103041  0.166492
0.311571  -0.146115  -0.0623173  -0.146115  0.31042  0.102952  -0.0623173  0.102952  0.166435
0.311565  -0.146107  -0.062298  -0.146107  0.310407  0.102936  -0.062298  0.102936  0.166427
0.311551  -0.146148  -0.0621634  -0.146148  0.310456  0.102871  -0.0621634  0.102871  0.166377
0.31155  -0.146162  -0.0621394  -0.146162  0.310475  0.102862  -0.0621394  0.102862  0.166368
0.311536  -0.146203  -0.0620049  -0.146203  0.310524  0.102797  -0.0620049  0.102797  0.166318
0.311536  -0.146203  -0.0620049  -0.146203  0.310524  0.102797  -0.0620049  0.102797  0.166318
0.311516  -0.146236  -0.0618512  -0.146236  0.31056  0.102716  -0.0618512  0.102716  0.166261
0.311515  -0.14625  -0.0618272  -0.14625  0.310579  0.102708  -0.0618272  0.102708  0.166252
0.311514  -0.146279  -0.0617792  -0.146279  0.310617  0.102692  -0.0617792  0.102692  0.166235
