0.345976  -0.185571  -0.103891  -0.185571  0.347526  0.136916  -0.103891  0.136916  0.184838
0.345962  -0.185557  -0.103863  -0.185557  0.347506  0.13689  -0.103863  0.13689  0.184819
0.345962  -0.185557  -0.103863  -0.185557  0.347506  0.13689  -0.103863  0.13689  0.184819
0.345926  -0.185683  -0.102777  -0.185683  0.347365  0.13606  -0.102777  0.13606  0.184016
0.345937  -0.185715  -0.102694  -0.185715  0.347378  0.136003  -0.102694  0.136003  0.183952
0.345651  -0.185224  -0.101814  -0.185224  0.346488  0.135079  -0.101814  0.135079  0.183317
0.345622  -0.185142  -0.101768  -0.185142  0.346351  0.134997  -0.101768  0.134997  0.18328
0.345063  -0.183819  -0.101131  -0.183819  0.344349  0.133863  -0.101131  0.133863  0.182811
0.345061  -0.183801  -0.101082  -0.183801  0.344297  0.133806  -0.101082  0.133806  0.182771
0.344673  -0.183148  -0.0995788  -0.183148  0.342993  0.132298  -0.0995788  0.132298  0.181695
0.344632  -0.183069  -0.0994758  -0.183069  0.342861  0.132181  -0.0994758  0.132181  0.181622
0.344318  -0.182001  -0.0983886  -0.182001  0.340816  0.130645  -0.0983886  0.130645  0.180773
0.34415  -0.180994  -0.0981286  -0.180994  0.339015  0.129758  -0.0981286  0.129758  0.180488
0.34411  -0.180882  -0.0980867  -0.180882  0.338842  0.129667  -0.0980867  0.129667  0.180455
0.343816  -0.179842  -0.0971177  -0.179842  0.336883  0.12825  -0.0971177  0.12825  0.179699
0.343788  -0.179796  -0.0970143  -0.179796  0.336795  0.128148  -0.0970143  0.128148  0.179628
0.343443  -0.179205  -0.0953985  -0.179205  0.335515  0.126579  -0.0953985  0.126579  0.178511
0.343191  -0.178323  -0.0947608  -0.178323  0.333941  0.12555  -0.0947608  0.12555  0.178018
0.343164  -0.178227  -0.0947473  -0.178227  0.333791  0.125486  -0.0947473  0.125486  0.178003
0.342693  -0.176865  -0.0941213  -0.176865  0.331632  0.124283  -0.0941213  0.124283  0.177527
0.342654  -0.176791  -0.0940227  -0.176791  0.331507  0.124174  -0.0940227  0.124174  0.177462
0.342217  -0.176209  -0.0921296  -0.176209  0.330276  0.122472  -0.0921296  0.122472  0.176228
0.342177  -0.176168  -0.0919739  -0.176168  0.330195  0.122342  -0.0919739  0.122342  0.176131
0.341667  -0.174873  -0.0907622  -0.174873  0.327995  0.120738  -0.0907622  0.120738  0.175297
0.341245  -0.17357  -0.0904417  -0.17357  0.326017  0.119814  -0.0904417  0.119814  0.175033
0.341218  -0.17346  -0.0903826  -0.17346  0.325826  0.119702  -0.0903826  0.119702  0.174986
0.340611  -0.172473  -0.0886476  -0.172473  0.324147  0.117988  -0.0886476  0.117988  0.173906
0.340572  -0.172401  -0.088478  -0.172401  0.324002  0.117824  -0.088478  0.117824  0.173799
0.339924  -0.171257  -0.0867141  -0.171257  0.322083  0.11601  -0.0867141  0.11601  0.172716
0.339463  -0.169908  -0.0863168  -0.169908  0.320066  0.115034  -0.0863168  0.115034  0.172418
0.339404  -0.169763  -0.0862588  -0.169763  0.319856  0.114924  -0.0862588  0.114924  0.172379
0.338754  -0.16841  -0.0850841  -0.16841  0.317798  0.113459  -0.0850841  0.113459  0.171661
0.338296  -0.167914  -0.0835433  -0.167914  0.316914  0.112187  -0.0835433  0.112187  0.170792
0.338249  -0.167849  -0.0834001  -0.167849  0.316805  0.112059  -0.0834001  0.112059  0.170711
0.337749  -0.166553  -0.0824514  -0.166553  0.314742  0.110714  -0.0824514  0.110714  0.170109
0.337704  -0.166424  -0.0824206  -0.166424  0.314556  0.110628  -0.0824206  0.110628  0.170087
0.337187  -0.165023  -0.0817632  -0.165023  0.31245  0.109464  -0.0817632  0.109464  0.169656
0.337142  -0.164975  -0.0816667  -0.164975  0.312387  0.109386  -0.0816667  0.109386  0.169606
0.336609  -0.16431  -0.0799245  -0.16431  0.311226  0.107902  -0.0799245  0.107902  0.168661
0.336293  -0.163571  -0.079188  -0.163571  0.310029  0.107011  -0.079188  0.107011  0.168229
0.33626  -0.163473  -0.0791552  -0.163473  0.309882  0.106938  -0.0791552  0.106938  0.168207
0.3358  -0.162027  -0.0787835  -0.162027  0.307749  0.105942  -0.0787835  0.105942  0.167929
0.335767  -0.161945  -0.0787238  -0.161945  0.307623  0.10586  -0.0787238  0.10586  0.167893
0.335195  -0.161214  -0.0771888  -0.161214  0.306487  0.104544  -0.0771888  0.104544  0.167108
0.334784  -0.160552  -0.0762233  -0.160552  0.305479  0.103612  -0.0762233  0.103612  0.16661
0.334723  -0.160437  -0.0761656  -0.160437  0.305334  0.103531  -0.0761656  0.103531  0.166582
0.334111  -0.158862  -0.0757158  -0.158862  0.303167  0.102511  -0.0757158  0.102511  0.166302
0.33406  -0.15876  -0.0756815  -0.15876  0.303039  0.10245  -0.0756815  0.10245  0.166284
0.3334  -0.157825  -0.0744172  -0.157825  0.301775  0.101288  -0.0744172  0.101288  0.16568
0.332899  -0.157185  -0.0733607  -0.157185  0.300906  0.100384  -0.0733607  0.100384  0.16519
0.332868  -0.157107  -0.0733043  -0.157107  0.300786  0.100307  -0.0733043  0.100307  0.165159
0.332247  -0.155636  -0.0728757  -0.155636  0.298849  0.0993992  -0.0728757  0.0993992  0.16492
0.332199  -0.155536  -0.072843  -0.155536  0.298725  0.0993398  -0.072843  0.0993398  0.164904
0.331555  -0.154517  -0.0718619  -0.154517  0.297415  0.0983434  -0.0718619  0.0983434  0.164457
0.331127  -0.153966  -0.0710507  -0.153966  0.296708  0.097649  -0.0710507  0.097649  0.164102
0.331079  -0.153883  -0.0709931  -0.153883  0.296604  0.0975822  -0.0709931  0.0975822  0.164076
0.330412  -0.15244  -0.0705465  -0.15244  0.294797  0.0967271  -0.0705465  0.0967271  0.163858
0.330375  -0.152354  -0.070537  -0.152354  0.294691  0.0966865  -0.070537  0.0966865  0.163852
0.32969  -0.151294  -0.069716  -0.151294  0.293446  0.0958307  -0.069716  0.0958307  0.163513
0.329202  -0.150697  -0.0689446  -0.150697  0.292766  0.0951916  -0.0689446  0.0951916  0.163207
0.329129  -0.1506  -0.0688648  -0.1506  0.292665  0.0951184  -0.0688648  0.0951184  0.163178
0.328509  -0.14942  -0.0684508  -0.14942  0.29129  0.0944481  -0.0684508  0.0944481  0.163009
0.328448  -0.14932  -0.0684184  -0.14932  0.291187  0.0944003  -0.0684184  0.0944003  0.162999
0.327796  -0.14832  -0.0677011  -0.14832  0.29006  0.0936523  -0.0677011  0.0936523  0.162724
0.327287  -0.14772  -0.0669882  -0.14772  0.289437  0.0930813  -0.0669882  0.0930813  0.162467
0.327235  -0.147646  -0.0669525  -0.147646  0.289365  0.0930422  -0.0669525  0.0930422  0.162457
0.326558  -0.14647  -0.0664785  -0.14647  0.288076  0.092384  -0.0664785  0.092384  0.16229
0.326508  -0.146383  -0.0664682  -0.146383  0.287989  0.0923535  -0.0664682  0.0923535  0.162289
0.325847  -0.145388  -0.0658744  -0.145388  0.286953  0.0917226  -0.0658744  0.0917226  0.162091
0.325413  -0.144864  -0.0653024  -0.144864  0.286426  0.0912622  -0.0653024  0.0912622  0.161898
0.325355  -0.144783  -0.0652474  -0.144783  0.286344  0.091209  -0.0652474  0.091209  0.161881
0.32475  -0.143742  -0.0648558  -0.143742  0.285242  0.0906608  -0.0648558  0.0906608  0.161758
0.324718  -0.143677  -0.0648238  -0.143677  0.285161  0.0906158  -0.0648238  0.0906158  0.161744
0.324165  -0.142873  -0.0643262  -0.142873  0.284358  0.0901152  -0.0643262  0.0901152  0.161593
0.323821  -0.142447  -0.0638853  -0.142447  0.283935  0.0897573  -0.0638853  0.0897573  0.161451
0.323781  -0.1424  -0.0638474  -0.1424  0.283896  0.0897277  -0.0638474  0.0897277  0.161441
0.323284  -0.141567  -0.0635413  -0.141567  0.283049  0.0893107  -0.0635413  0.0893107  0.161357
0.323262  -0.141512  -0.06353  -0.141512  0.282982  0.0892815  -0.06353  0.0892815  0.161352
0.322797  -0.140878  -0.0631014  -0.140878  0.282384  0.0888876  -0.0631014  0.0888876  0.161233
0.32248  -0.140519  -0.0626976  -0.140519  0.282062  0.0885889  -0.0626976  0.0885889  0.161115
0.322449  -0.140482  -0.0626802  -0.140482  0.282036  0.0885747  -0.0626802  0.0885747  0.161113
0.322059  -0.139817  -0.062423  -0.139817  0.281354  0.0882304  -0.062423  0.0882304  0.161042
0.322029  -0.13978  -0.0624057  -0.13978  0.281328  0.0882163  -0.0624057  0.0882163  0.16104
0.321638  -0.139274  -0.0619478  -0.139274  0.280842  0.0878361  -0.0619478  0.0878361  0.160907
0.321391  -0.138981  -0.0616086  -0.138981  0.280563  0.0875787  -0.0616086  0.0875787  0.160807
0.321353  -0.138936  -0.0615721  -0.138936  0.280526  0.0875505  -0.0615721  0.0875505  0.160798
0.321004  -0.138344  -0.0613508  -0.138344  0.279933  0.0872553  -0.0613508  0.0872553  0.160743
0.32099  -0.138313  -0.0613358  -0.138313  0.279895  0.0872341  -0.0613358  0.0872341  0.160738
0.320681  -0.137958  -0.0609231  -0.137958  0.279573  0.0869308  -0.0609231  0.0869308  0.160622
0.320666  -0.137941  -0.0608844  -0.137941  0.279551  0.0869023  -0.0608844  0.0869023  0.160608
0.320413  -0.137581  -0.0606065  -0.137581  0.279194  0.0866504  -0.0606065  0.0866504  0.16053
0.320257  -0.13732  -0.0604826  -0.13732  0.278929  0.0865046  -0.0604826  0.0865046  0.160498
0.320243  -0.13729  -0.0604678  -0.13729  0.278892  0.0864836  -0.0604678  0.0864836  0.160492
0.320054  -0.137096  -0.0601023  -0.137096  0.27869  0.0862311  -0.0601023  0.0862311  0.160379
0.320047  -0.137087  -0.0600831  -0.137087  0.278679  0.086217  -0.0600831  0.086217  0.160373
0.31992  -0.136869  -0.0598568  -0.136869  0.278403  0.0860001  -0.0598568  0.0860001  0.160293
0.319837  -0.1367  -0.0597455  -0.1367  0.278194  0.0858679  -0.0597455  0.0858679  0.160252
0.319824  -0.13667  -0.0597309  -0.13667  0.278156  0.0858471  -0.0597309  0.0858471  0.160247
0.31973  -0.13658  -0.0593997  -0.13658  0.278008  0.0856154  -0.0593997  0.0856154  0.160131
0.319723  -0.136572  -0.0593807  -0.136572  0.277997  0.0856015  -0.0593807  0.0856015  0.160124
0.319641  -0.136381  -0.0591976  -0.136381  0.277719  0.0853994  -0.0591976  0.0853994  0.160051
0.319601  -0.136267  -0.0590816  -0.136267  0.277539  0.0852668  -0.0590816  0.0852668  0.160001
0.319594  -0.136259  -0.0590627  -0.136259  0.277528  0.085253  -0.0590627  0.085253  0.159995
0.31953  -0.13619  -0.0587727  -0.13619  0.27739  0.0850433  -0.0587727  0.0850433  0.15989
0.319544  -0.136195  -0.0587744  -0.136195  0.277378  0.0850358  -0.0587744  0.0850358  0.159886
0.319512  -0.136078  -0.0586417  -0.136078  0.277174  0.0848825  -0.0586417  0.0848825  0.159827
0.319507  -0.136022  -0.0585379  -0.136022  0.277045  0.0847704  -0.0585379  0.0847704  0.159778
0.3195  -0.136014  -0.058519  -0.136014  0.277034  0.0847566  -0.058519  0.0847566  0.159772
0.319492  -0.135999  -0.0583449  -0.135999  0.276951  0.0846232  -0.0583449  0.0846232  0.159702
0.319485  -0.135991  -0.058326  -0.135991  0.27694  0.0846094  -0.058326  0.0846094  0.159696
0.319509  -0.135942  -0.0582851  -0.135942  0.276805  0.0845248  -0.0582851  0.0845248  0.159663
0.319516  -0.135941  -0.0582084  -0.135941  0.276762  0.0844614  -0.0582084  0.0844614  0.159629
0.319509  -0.135933  -0.0581895  -0.135933  0.276752  0.0844476  -0.0581895  0.0844476  0.159623
0.319523  -0.135942  -0.0580722  -0.135942  0.276701  0.0843558  -0.0580722  0.0843558  0.159572
0.319523  -0.135942  -0.0580722  -0.135942  0.276701  0.0843558  -0.0580722  0.0843558  0.159572
0.319525  -0.135891  -0.0580469  -0.135891  0.276602  0.0843001  -0.0580469  0.0843001  0.159553
0.31954  -0.135899  -0.0579891  -0.135899  0.27657  0.0842505  -0.0579891  0.0842505  0.159526
0.319533  -0.135891  -0.0579703  -0.135891  0.27656  0.0842368  -0.0579703  0.0842368  0.15952
0.319532  -0.135893  -0.0579108  -0.135893  0.27654  0.0841947  -0.0579108  0.0841947  0.159496
0.319533  -0.135868  -0.0578982  -0.135868  0.276491  0.0841669  -0.0578982  0.0841669  0.159487
0.319533  -0.135868  -0.0578982  -0.135868  0.276491  0.0841669  -0.0578982  0.0841669  0.159487
0.319533  -0.13587  -0.0578388  -0.13587  0.276472  0.0841249  -0.0578388  0.0841249  0.159464
0.319533  -0.13587  -0.0578388  -0.13587  0.276472  0.0841249  -0.0578388  0.0841249  0.159464
0.319533  -0.13587  -0.0578388  -0.13587  0.276472  0.0841249  -0.0578388  0.0841249  0.159464
0.31954  -0.135878  -0.0578576  -0.135878  0.276483  0.0841386  -0.0578576  0.0841386  0.15947
0.319554  -0.135908  -0.0578718  -0.135908  0.27652  0.0841589  -0.0578718  0.0841589  0.159475
0.319581  -0.135969  -0.0579003  -0.135969  0.276594  0.0841995  -0.0579003  0.0841995  0.159485
0.319581  -0.135969  -0.0579003  -0.135969  0.276594  0.0841995  -0.0579003  0.0841995  0.159485
0.319609  -0.136001  -0.0579757  -0.136001  0.276637  0.0842544  -0.0579757  0.0842544  0.159509
0.319616  -0.136009  -0.0579945  -0.136009  0.276648  0.0842681  -0.0579945  0.0842681  0.159515
0.319665  -0.136094  -0.0580797  -0.136094  0.276755  0.08435  -0.0580797  0.08435  0.159544
0.319699  -0.136163  -0.0581272  -0.136163  0.276839  0.0844046  -0.0581272  0.0844046  0.15956
0.319706  -0.136171  -0.058146  -0.136171  0.27685  0.0844183  -0.058146  0.0844183  0.159566
0.319748  -0.136245  -0.0582721  -0.136245  0.276965  0.0845289  -0.0582721  0.0845289  0.159612
0.319755  -0.136253  -0.058291  -0.136253  0.276976  0.0845427  -0.058291  0.0845427  0.159619
0.31981  -0.136361  -0.0583718  -0.136361  0.277109  0.0846316  -0.0583718  0.0846316  0.159646
0.319866  -0.136454  -0.0584763  -0.136454  0.277228  0.0847278  -0.0584763  0.0847278  0.159681
0.319866  -0.136454  -0.0584763  -0.136454  0.277228  0.0847278  -0.0584763  0.0847278  0.159681
0.319944  -0.136558  -0.0586613  -0.136558  0.277364  0.0848729  -0.0586613  0.0848729  0.159743
0.319944  -0.136558  -0.0586613  -0.136558  0.277364  0.0848729  -0.0586613  0.0848729  0.159743
0.320022  -0.13669  -0.0587995  -0.13669  0.27753  0.085004  -0.0587995  0.085004  0.15979
0.320028  -0.136712  -0.058795  -0.136712  0.277556  0.0850107  -0.058795  0.0850107  0.159789
0.320129  -0.13683  -0.0590013  -0.13683  0.277692  0.0851628  -0.0590013  0.0851628  0.159853
0.320193  -0.136932  -0.0591255  -0.136932  0.277821  0.0852738  -0.0591255  0.0852738  0.159895
0.3202  -0.13694  -0.0591446  -0.13694  0.277833  0.0852877  -0.0591446  0.0852877  0.159902
0.320314  -0.137117  -0.0593189  -0.137117  0.278036  0.0854468  -0.0593189  0.0854468  0.159957
0.320321  -0.137125  -0.059338  -0.137125  0.278047  0.0854608  -0.059338  0.0854608  0.159964
0.320443  -0.137296  -0.0595556  -0.137296  0.278247  0.0856416  -0.0595556  0.0856416  0.160034
0.320537  -0.13742  -0.0597207  -0.13742  0.278388  0.085774  -0.0597207  0.085774  0.160086
0.320544  -0.137443  -0.0597162  -0.137443  0.278414  0.0857807  -0.0597162  0.0857807  0.160085
0.320688  -0.137656  -0.0599083  -0.137656  0.278644  0.0859545  -0.0599083  0.0859545  0.160143
0.320695  -0.137664  -0.0599275  -0.137664  0.278656  0.0859686  -0.0599275  0.0859686  0.16015
0.320826  -0.137845  -0.0601658  -0.137845  0.278868  0.086165  -0.0601658  0.086165  0.160228
0.320943  -0.138012  -0.0603056  -0.138012  0.279039  0.0862906  -0.0603056  0.0862906  0.160269
0.32095  -0.13802  -0.0603249  -0.13802  0.279051  0.0863047  -0.0603249  0.0863047  0.160275
0.321088  -0.138239  -0.0605361  -0.138239  0.279307  0.0865018  -0.0605361  0.0865018  0.160346
0.321096  -0.138247  -0.0605554  -0.138247  0.279318  0.086516  -0.0605554  0.086516  0.160353
0.321235  -0.138452  -0.060791  -0.138452  0.279559  0.0867212  -0.060791  0.0867212  0.160432
0.321345  -0.138623  -0.0609495  -0.138623  0.279756  0.0868698  -0.0609495  0.0868698  0.160485
0.32136  -0.138654  -0.0609645  -0.138654  0.279794  0.086891  -0.0609645  0.086891  0.16049
0.321515  -0.138891  -0.0612163  -0.138891  0.280075  0.0871187  -0.0612163  0.0871187  0.160577
0.321523  -0.1389  -0.0612357  -0.1389  0.280086  0.087133  -0.0612357  0.087133  0.160584
0.321663  -0.139133  -0.0614864  -0.139133  0.28038  0.0873692  -0.0614864  0.0873692  0.160675
0.321767  -0.139323  -0.06164  -0.139323  0.280618  0.0875338  -0.06164  0.0875338  0.160732
0.321781  -0.139354  -0.0616552  -0.139354  0.280657  0.0875553  -0.0616552  0.0875553  0.160738
0.321938  -0.13962  -0.0619223  -0.13962  0.280991  0.0878144  -0.0619223  0.0878144  0.160837
0.321945  -0.139628  -0.0619419  -0.139628  0.281003  0.0878289  -0.0619419  0.0878289  0.160844
0.322096  -0.139871  -0.0622143  -0.139871  0.281311  0.0880821  -0.0622143  0.0880821  0.160945
0.322185  -0.140058  -0.0623674  -0.140058  0.281564  0.0882561  -0.0623674  0.0882561  0.161008
0.322192  -0.140067  -0.0623871  -0.140067  0.281576  0.0882707  -0.0623871  0.0882707  0.161015
0.322343  -0.140325  -0.0626368  -0.140325  0.281902  0.088518  -0.0626368  0.088518  0.161109
0.322351  -0.140334  -0.0626565  -0.140334  0.281913  0.0885326  -0.0626565  0.0885326  0.161116
0.322464  -0.140548  -0.0628698  -0.140548  0.282202  0.0887519  -0.0628698  0.0887519  0.161202
0.322562  -0.140733  -0.0630063  -0.140733  0.282433  0.0889052  -0.0630063  0.0889052  0.161255
0.32257  -0.140741  -0.0630261  -0.140741  0.282444  0.08892  -0.0630261  0.08892  0.161262
0.322692  -0.140979  -0.063236  -0.140979  0.282762  0.0891476  -0.063236  0.0891476  0.161348
0.322699  -0.140988  -0.0632558  -0.140988  0.282774  0.0891624  -0.0632558  0.0891624  0.161355
0.322798  -0.141186  -0.0634308  -0.141186  0.283042  0.0893539  -0.0634308  0.0893539  0.161427
0.322874  -0.141358  -0.0635464  -0.141358  0.283275  0.0895013  -0.0635464  0.0895013  0.161478
0.322882  -0.141366  -0.0635663  -0.141366  0.283287  0.0895162  -0.0635663  0.0895162  0.161486
0.322974  -0.141542  -0.0637463  -0.141542  0.283528  0.0897015  -0.0637463  0.0897015  0.16156
0.322989  -0.141574  -0.0637619  -0.141574  0.283568  0.0897236  -0.0637619  0.0897236  0.161566
0.323089  -0.141773  -0.0639379  -0.141773  0.283837  0.0899166  -0.0639379  0.0899166  0.16164
0.323158  -0.14191  -0.0640207  -0.14191  0.284008  0.0900204  -0.0640207  0.0900204  0.161673
0.32315  -0.141913  -0.0640386  -0.141913  0.284032  0.0900429  -0.0640386  0.0900429  0.161685
0.32325  -0.142101  -0.0641773  -0.142101  0.284267  0.0901991  -0.0641773  0.0901991  0.16174
0.323242  -0.142104  -0.0641952  -0.142104  0.284291  0.0902218  -0.0641952  0.0902218  0.161752
0.323319  -0.142277  -0.0643119  -0.142277  0.284527  0.0903709  -0.0643119  0.0903709  0.161804
0.323381  -0.142392  -0.0643994  -0.142392  0.28467  0.0904681  -0.0643994  0.0904681  0.161839
0.323381  -0.142392  -0.0643994  -0.142392  0.28467  0.0904681  -0.0643994  0.0904681  0.161839
0.323443  -0.142519  -0.0645251  -0.142519  0.284851  0.0906031  -0.0645251  0.0906031  0.161893
0.323459  -0.142551  -0.0645409  -0.142551  0.284891  0.0906255  -0.0645409  0.0906255  0.1619
0.323504  -0.142687  -0.0646401  -0.142687  0.2851  0.0907606  -0.0646401  0.0907606  0.16195
0.323543  -0.142788  -0.0647056  -0.142788  0.285245  0.0908508  -0.0647056  0.0908508  0.161981
0.323543  -0.142788  -0.0647056  -0.142788  0.285245  0.0908508  -0.0647056  0.0908508  0.161981
0.323597  -0.142906  -0.0648116  -0.142906  0.285414  0.0909713  -0.0648116  0.0909713  0.162029
0.323605  -0.142915  -0.0648318  -0.142915  0.285426  0.0909865  -0.0648318  0.0909865  0.162036
0.323659  -0.143048  -0.0649133  -0.143048  0.285611  0.0910994  -0.0649133  0.0910994  0.162075
0.323698  -0.143149  -0.0649791  -0.143149  0.285757  0.0911899  -0.0649791  0.0911899  0.162107
0.323698  -0.143149  -0.0649791  -0.143149  0.285757  0.0911899  -0.0649791  0.0911899  0.162107
0.323753  -0.143268  -0.0650854  -0.143268  0.285927  0.091311  -0.0650854  0.091311  0.162154
0.323736  -0.143263  -0.0650831  -0.143263  0.285939  0.0913186  -0.0650831  0.0913186  0.162158
0.323775  -0.143364  -0.065149  -0.143364  0.286085  0.0914093  -0.065149  0.0914093  0.16219
0.323814  -0.143438  -0.0652012  -0.143438  0.286178  0.0914699  -0.0652012  0.0914699  0.162212
0.323823  -0.143447  -0.0652215  -0.143447  0.28619  0.0914852  -0.0652215  0.0914852  0.16222
0.323861  -0.143548  -0.0652875  -0.143548  0.286336  0.0915761  -0.0652875  0.0915761  0.162252
0.323861  -0.143548  -0.0652875  -0.143548  0.286336  0.0915761  -0.0652875  0.0915761  0.162252
0.323885  -0.143616  -0.0653375  -0.143616  0.286442  0.0916444  -0.0653375  0.0916444  0.162277
0.323916  -0.143667  -0.0653942  -0.143667  0.286507  0.0916978  -0.0653942  0.0916978  0.1623
0.323916  -0.143667  -0.0653942  -0.143667  0.286507  0.0916978  -0.0653942  0.0916978  0.1623
0.32394  -0.143736  -0.0654443  -0.143736  0.286613  0.0917662  -0.0654443  0.0917662  0.162326
0.32394  -0.143736  -0.0654443  -0.143736  0.286613  0.0917662  -0.0654443  0.0917662  0.162326
0.323955  -0.143796  -0.0654741  -0.143796  0.286706  0.0918193  -0.0654741  0.0918193  0.162343
0.323963  -0.143805  -0.0654944  -0.143805  0.286719  0.0918347  -0.0654944  0.0918347  0.162351
0.323955  -0.143808  -0.0655124  -0.143808  0.286743  0.0918576  -0.0655124  0.0918576  0.162363
0.323954  -0.143835  -0.0655262  -0.143835  0.286796  0.091888  -0.0655262  0.091888  0.162374
0.323954  -0.143835  -0.0655262  -0.143835  0.286796  0.091888  -0.0655262  0.091888  0.162374
0.323945  -0.143865  -0.065558  -0.143865  0.286874  0.0919414  -0.065558  0.0919414  0.162397
0.32393  -0.143845  -0.0655803  -0.143845  0.286871  0.091957  -0.0655803  0.091957  0.16241
0.323938  -0.143854  -0.0656006  -0.143854  0.286883  0.0919723  -0.0656006  0.0919723  0.162418
0.323913  -0.143852  -0.0656163  -0.143852  0.28692  0.0920029  -0.0656163  0.0920029  0.162434
0.323913  -0.143852  -0.0656163  -0.143852  0.28692  0.0920029  -0.0656163  0.0920029  0.162434
0.323881  -0.143853  -0.0656501  -0.143853  0.286982  0.0920565  -0.0656501  0.0920565  0.162462
0.323881  -0.143865  -0.0656884  -0.143865  0.287019  0.0920949  -0.0656884  0.0920949  0.162482
0.323881  -0.143865  -0.0656884  -0.143865  0.287019  0.0920949  -0.0656884  0.0920949  0.162482
0.323848  -0.143866  -0.0657222  -0.143866  0.287081  0.0921485  -0.0657222  0.0921485  0.162511
0.323848  -0.143866  -0.0657222  -0.143866  0.287081  0.0921485  -0.0657222  0.0921485  0.162511
0.32384  -0.143882  -0.0657786  -0.143882  0.287143  0.0922099  -0.0657786  0.0922099  0.162543
0.323816  -0.143865  -0.0658189  -0.143865  0.287164  0.0922484  -0.0658189  0.0922484  0.162568
0.323816  -0.143865  -0.0658189  -0.143865  0.287164  0.0922484  -0.0658189  0.0922484  0.162568
0.323799  -0.143898  -0.0658687  -0.143898  0.287267  0.0923249  -0.0658687  0.0923249  0.162603
0.323799  -0.143898  -0.0658687  -0.143898  0.287267  0.0923249  -0.0658687  0.0923249  0.162603
0.323791  -0.143899  -0.0659497  -0.143899  0.287312  0.0923944  -0.0659497  0.0923944  0.162645
0.323775  -0.143906  -0.0659857  -0.143906  0.287362  0.0924404  -0.0659857  0.0924404  0.162669
0.323775  -0.143906  -0.0659857  -0.143906  0.287362  0.0924404  -0.0659857  0.0924404  0.162669
0.323766  -0.143949  -0.0660559  -0.143949  0.287477  0.0925325  -0.0660559  0.0925325  0.162713
0.323766  -0.143949  -0.0660559  -0.143949  0.287477  0.0925325  -0.0660559  0.0925325  0.162713
0.323766  -0.143973  -0.0661327  -0.143973  0.287551  0.0926095  -0.0661327  0.0926095  0.162753
0.323774  -0.143995  -0.0661916  -0.143995  0.2876  0.0926635  -0.0661916  0.0926635  0.162782
0.323781  -0.144018  -0.0661873  -0.144018  0.287629  0.092671  -0.0661873  0.092671  0.162781
0.323797  -0.144076  -0.0662804  -0.144076  0.287744  0.0927712  -0.0662804  0.0927712  0.162828
0.323797  -0.144076  -0.0662804  -0.144076  0.287744  0.0927712  -0.0662804  0.0927712  0.162828
0.323821  -0.144116  -0.0663801  -0.144116  0.287818  0.0928563  -0.0663801  0.0928563  0.162873
0.323845  -0.14417  -0.0664552  -0.14417  0.287908  0.0929335  -0.0664552  0.0929335  0.162909
0.323845  -0.14417  -0.0664552  -0.14417  0.287908  0.0929335  -0.0664552  0.0929335  0.162909
0.323892  -0.144266  -0.0665671  -0.144266  0.288052  0.0930494  -0.0665671  0.0930494  0.16296
0.3239  -0.144275  -0.0665876  -0.144275  0.288065  0.093065  -0.0665876  0.093065  0.162969
0.323956  -0.14438  -0.0667201  -0.14438  0.288221  0.0931966  -0.0667201  0.0931966  0.163028
0.323956  -0.14438  -0.0667201  -0.14438  0.288221  0.0931966  -0.0667201  0.0931966  0.163028
0.32402  -0.144483  -0.0668347  -0.144483  0.288353  0.0933053  -0.0668347  0.0933053  0.163076
0.324061  -0.144543  -0.0669126  -0.144543  0.288431  0.0933753  -0.0669126  0.0933753  0.163108
0.324069  -0.144552  -0.0669331  -0.144552  0.288443  0.093391  -0.0669331  0.093391  0.163116
0.324117  -0.144649  -0.0670455  -0.144649  0.288588  0.0935076  -0.0670455  0.0935076  0.163168
0.324117  -0.144649  -0.0670455  -0.144649  0.288588  0.0935076  -0.0670455  0.0935076  0.163168
0.32419  -0.144761  -0.0671811  -0.144761  0.288732  0.0936324  -0.0671811  0.0936324  0.163224
0.324239  -0.14483  -0.0672799  -0.14483  0.288823  0.0937184  -0.0672799  0.0937184  0.163265
0.324239  -0.14483  -0.0672799  -0.14483  0.288823  0.0937184  -0.0672799  0.0937184  0.163265
0.324336  -0.144972  -0.0674141  -0.144972  0.288985  0.0938436  -0.0674141  0.0938436  0.163317
0.324336  -0.144972  -0.0674141  -0.144972  0.288985  0.0938436  -0.0674141  0.0938436  0.163317
0.324409  -0.145084  -0.0675502  -0.145084  0.28913  0.093969  -0.0675502  0.093969  0.163374
0.324474  -0.145187  -0.0676658  -0.145187  0.289263  0.0940789  -0.0676658  0.0940789  0.163423
0.324474  -0.145187  -0.0676658  -0.145187  0.289263  0.0940789  -0.0676658  0.0940789  0.163423
0.324564  -0.145333  -0.0678188  -0.145333  0.28945  0.0942282  -0.0678188  0.0942282  0.163487
0.324564  -0.145333  -0.0678188  -0.145333  0.28945  0.0942282  -0.0678188  0.0942282  0.163487
0.324654  -0.145479  -0.0679721  -0.145479  0.289637  0.0943779  -0.0679721  0.0943779  0.163553
0.324719  -0.145583  -0.0680883  -0.145583  0.289771  0.0944884  -0.0680883  0.0944884  0.163602
0.324719  -0.145583  -0.0680883  -0.145583  0.289771  0.0944884  -0.0680883  0.0944884  0.163602
0.324809  -0.145729  -0.068242  -0.145729  0.289959  0.0946386  -0.068242  0.0946386  0.163668
0.324809  -0.145729  -0.068242  -0.145729  0.289959  0.0946386  -0.068242  0.0946386  0.163668
0.3249  -0.145875  -0.068396  -0.145875  0.290147  0.094789  -0.068396  0.094789  0.163734
0.324908  -0.145885  -0.0684169  -0.145885  0.29016  0.094805  -0.0684169  0.094805  0.163742
0.325015  -0.146052  -0.0685488  -0.146052  0.290352  0.09494  -0.0685488  0.09494  0.163795
0.325073  -0.146147  -0.0686448  -0.146147  0.290474  0.0950354  -0.0686448  0.0950354  0.163836
0.325073  -0.146147  -0.0686448  -0.146147  0.290474  0.0950354  -0.0686448  0.0950354  0.163836
0.325156  -0.146285  -0.0687787  -0.146285  0.290651  0.0951707  -0.0687787  0.0951707  0.163894
0.325172  -0.146319  -0.0687955  -0.146319  0.290693  0.0951946  -0.0687955  0.0951946  0.163901
0.325255  -0.146457  -0.0689295  -0.146457  0.290869  0.0953302  -0.0689295  0.0953302  0.16396
0.325322  -0.146562  -0.069047  -0.146562  0.291005  0.0954422  -0.069047  0.0954422  0.16401
0.32533  -0.146586  -0.0690429  -0.146586  0.291034  0.09545  -0.0690429  0.09545  0.164009
0.325396  -0.146718  -0.0691747  -0.146718  0.291224  0.0955937  -0.0691747  0.0955937  0.164072
0.325404  -0.146728  -0.0691957  -0.146728  0.291237  0.0956098  -0.0691957  0.0956098  0.164081
0.325479  -0.146857  -0.0693094  -0.146857  0.291402  0.0957301  -0.0693094  0.0957301  0.164131
0.325512  -0.146937  -0.0693826  -0.146937  0.291524  0.095818  -0.0693826  0.095818  0.164168
0.325521  -0.146947  -0.0694036  -0.146947  0.291537  0.0958342  -0.0694036  0.0958342  0.164177
0.325613  -0.14711  -0.0695346  -0.14711  0.291745  0.0959789  -0.0695346  0.0959789  0.164235
0.325596  -0.147104  -0.0695319  -0.147104  0.291757  0.0959865  -0.0695319  0.0959865  0.164239
0.325663  -0.147237  -0.0696644  -0.147237  0.291949  0.0961312  -0.0696644  0.0961312  0.164303
0.325663  -0.147237  -0.0696644  -0.147237  0.291949  0.0961312  -0.0696644  0.0961312  0.164303
0.32573  -0.14737  -0.0697971  -0.14737  0.29214  0.0962762  -0.0697971  0.0962762  0.164366
0.325789  -0.147466  -0.0698946  -0.147466  0.292264  0.0963733  -0.0698946  0.0963733  0.164409
0.325788  -0.147494  -0.0699089  -0.147494  0.292319  0.0964051  -0.0699089  0.0964051  0.164421
0.325847  -0.147618  -0.0700208  -0.147618  0.292498  0.0965343  -0.0700208  0.0965343  0.164476
0.325855  -0.147628  -0.070042  -0.147628  0.292511  0.0965506  -0.070042  0.0965506  0.164485
0.325914  -0.14778  -0.0701684  -0.14778  0.292745  0.0967119  -0.0701684  0.0967119  0.164552
0.325964  -0.147894  -0.0702595  -0.147894  0.292912  0.0968252  -0.0702595  0.0968252  0.164599
0.325955  -0.147898  -0.0702779  -0.147898  0.292938  0.0968492  -0.0702779  0.0968492  0.164612
0.326005  -0.14804  -0.0703835  -0.14804  0.29316  0.0969947  -0.0703835  0.0969947  0.16467
0.326014  -0.14805  -0.0704047  -0.14805  0.293173  0.097011  -0.0704047  0.097011  0.164679
0.326055  -0.148196  -0.0705289  -0.148196  0.293421  0.0971808  -0.0705289  0.0971808  0.164751
0.326097  -0.148314  -0.0706387  -0.148314  0.293614  0.0973188  -0.0706387  0.0973188  0.164811
0.326106  -0.148324  -0.07066  -0.148324  0.293627  0.0973353  -0.07066  0.0973353  0.16482
0.326156  -0.14848  -0.0708058  -0.14848  0.293889  0.0975221  -0.0708058  0.0975221  0.164902
0.326173  -0.148514  -0.070823  -0.148514  0.293932  0.0975467  -0.070823  0.0975467  0.16491
0.326223  -0.14867  -0.070969  -0.14867  0.294195  0.097734  -0.070969  0.097734  0.164992
0.326239  -0.148773  -0.0710552  -0.148773  0.294388  0.0978639  -0.0710552  0.0978639  0.165047
0.326256  -0.148808  -0.0710725  -0.148808  0.294431  0.0978885  -0.0710725  0.0978885  0.165055
0.326289  -0.148958  -0.071216  -0.148958  0.294707  0.0980842  -0.071216  0.0980842  0.165141
0.326298  -0.148967  -0.0712373  -0.148967  0.29472  0.0981008  -0.0712373  0.0981008  0.165151
0.326322  -0.149108  -0.0713596  -0.149108  0.294983  0.0982801  -0.0713596  0.0982801  0.165228
0.32633  -0.149186  -0.07145  -0.149186  0.295147  0.0984026  -0.07145  0.0984026  0.165285
0.326338  -0.149211  -0.071446  -0.149211  0.295178  0.0984107  -0.071446  0.0984107  0.165284
0.326354  -0.149327  -0.0715724  -0.149327  0.295411  0.0985825  -0.0715724  0.0985825  0.165363
0.326354  -0.149327  -0.0715724  -0.149327  0.295411  0.0985825  -0.0715724  0.0985825  0.165363
0.326361  -0.149461  -0.071692  -0.149461  0.295688  0.0987703  -0.071692  0.0987703  0.165444
0.326369  -0.14954  -0.0717826  -0.14954  0.295853  0.0988932  -0.0717826  0.0988932  0.165502
0.326369  -0.14954  -0.0717826  -0.14954  0.295853  0.0988932  -0.0717826  0.0988932  0.165502
0.326376  -0.149674  -0.0719024  -0.149674  0.29613  0.0990816  -0.0719024  0.0990816  0.165584
0.326384  -0.149752  -0.0719931  -0.149752  0.296295  0.0992049  -0.0719931  0.0992049  0.165642
0.326393  -0.149762  -0.0720146  -0.149762  0.296308  0.0992217  -0.0720146  0.0992217  0.165651
0.3264  -0.149869  -0.0721199  -0.149869  0.29653  0.0993779  -0.0721199  0.0993779  0.165722
0.326382  -0.149862  -0.0721169  -0.149862  0.296542  0.0993855  -0.0721169  0.0993855  0.165726
0.326407  -0.149975  -0.0722253  -0.149975  0.296752  0.0995342  -0.0722253  0.0995342  0.165792
0.326406  -0.150044  -0.0722947  -0.150044  0.296904  0.0996412  -0.0722947  0.0996412  0.16584
0.326406  -0.150044  -0.0722947  -0.150044  0.296904  0.0996412  -0.0722947  0.0996412  0.16584
0.326414  -0.150136  -0.0724257  -0.150136  0.297109  0.0998065  -0.0724257  0.0998065  0.165922
0.326414  -0.150136  -0.0724257  -0.150136  0.297109  0.0998065  -0.0724257  0.0998065  0.165922
0.326404  -0.150221  -0.0725538  -0.150221  0.297327  0.0999797  -0.0725538  0.0999797  0.166008
0.326404  -0.150221  -0.0725538  -0.150221  0.297327  0.0999797  -0.0725538  0.0999797  0.166008
0.326386  -0.150296  -0.0726603  -0.150296  0.297531  0.100136  -0.0726603  0.100136  0.166085
0.326394  -0.150305  -0.072682  -0.150305  0.297545  0.100153  -0.072682  0.100153  0.166095
0.326376  -0.15038  -0.0727886  -0.15038  0.29775  0.10031  -0.0727886  0.10031  0.166171
0.326358  -0.150374  -0.0727855  -0.150374  0.297762  0.100318  -0.0727855  0.100318  0.166175
0.326339  -0.150449  -0.0728921  -0.150449  0.297967  0.100474  -0.0728921  0.100474  0.166252
0.326339  -0.150449  -0.0728921  -0.150449  0.297967  0.100474  -0.0728921  0.100474  0.166252
0.32633  -0.150505  -0.0730057  -0.150505  0.298129  0.100615  -0.0730057  0.100615  0.166326
0.326321  -0.150549  -0.0730792  -0.150549  0.298251  0.100715  -0.0730792  0.100715  0.166377
0.326329  -0.150574  -0.0730753  -0.150574  0.298282  0.100723  -0.0730753  0.100723  0.166375
0.326319  -0.150631  -0.073189  -0.150631  0.298444  0.100865  -0.073189  0.100865  0.16645
0.326302  -0.150624  -0.0731859  -0.150624  0.298457  0.100872  -0.0731859  0.100872  0.166454
0.326292  -0.150681  -0.0732996  -0.150681  0.298619  0.101014  -0.0732996  0.101014  0.166529
0.326283  -0.150725  -0.0733732  -0.150725  0.298742  0.101114  -0.0733732  0.101114  0.16658
0.326292  -0.150735  -0.0733949  -0.150735  0.298755  0.101131  -0.0733949  0.101131  0.16659
0.326264  -0.150785  -0.0735056  -0.150785  0.29893  0.10128  -0.0735056  0.10128  0.166669
0.326273  -0.150795  -0.0735273  -0.150795  0.298944  0.101297  -0.0735273  0.101297  0.166679
0.326255  -0.150854  -0.0736598  -0.150854  0.299133  0.101464  -0.0736598  0.101464  0.166769
0.326255  -0.150854  -0.0736598  -0.150854  0.299133  0.101464  -0.0736598  0.101464  0.166769
0.326236  -0.150929  -0.0737667  -0.150929  0.299339  0.101622  -0.0737667  0.101622  0.166847
0.326227  -0.150932  -0.0737852  -0.150932  0.299365  0.101647  -0.0737852  0.101647  0.166861
0.326199  -0.150982  -0.073896  -0.150982  0.29954  0.101797  -0.073896  0.101797  0.166941
0.326182  -0.151001  -0.0739735  -0.151001  0.299633  0.101889  -0.0739735  0.101889  0.166994
0.326173  -0.151004  -0.0739921  -0.151004  0.299659  0.101914  -0.0739921  0.101914  0.167008
0.326127  -0.151061  -0.074074  -0.151061  0.299864  0.102063  -0.074074  0.102063  0.16708
0.326136  -0.151071  -0.0740958  -0.151071  0.299878  0.10208  -0.0740958  0.10208  0.16709
0.326056  -0.151072  -0.0741822  -0.151072  0.300034  0.10222  -0.0741822  0.10222  0.167169
0.326011  -0.151102  -0.0742493  -0.151102  0.300182  0.102336  -0.0742493  0.102336  0.167229
0.325993  -0.151095  -0.074246  -0.151095  0.300194  0.102343  -0.074246  0.102343  0.167233
0.325931  -0.151103  -0.0743355  -0.151103  0.300338  0.102476  -0.0743355  0.102476  0.167309
0.325913  -0.151096  -0.0743323  -0.151096  0.30035  0.102483  -0.0743323  0.102483  0.167312
0.325851  -0.151118  -0.074396  -0.151118  0.300511  0.102607  -0.074396  0.102607  0.167376
0.325788  -0.151113  -0.0744451  -0.151113  0.300615  0.102697  -0.0744451  0.102697  0.167427
0.325788  -0.151113  -0.0744451  -0.151113  0.300615  0.102697  -0.0744451  0.102697  0.167427
0.325682  -0.151096  -0.074506  -0.151096  0.300769  0.102827  -0.074506  0.102827  0.1675
0.325682  -0.151096  -0.074506  -0.151096  0.300769  0.102827  -0.074506  0.102827  0.1675
0.325567  -0.15107  -0.074545  -0.15107  0.30091  0.10294  -0.074545  0.10294  0.167563
0.325567  -0.15107  -0.074545  -0.15107  0.30091  0.10294  -0.074545  0.10294  0.167563
0.325461  -0.15104  -0.0745654  -0.15104  0.301025  0.103028  -0.0745654  0.103028  0.167611
0.325408  -0.151032  -0.0745958  -0.151032  0.301102  0.103093  -0.0745958  0.103093  0.167648
0.325408  -0.151032  -0.0745958  -0.151032  0.301102  0.103093  -0.0745958  0.103093  0.167648
0.325312  -0.150999  -0.0745976  -0.150999  0.30119  0.103156  -0.0745976  0.103156  0.167682
0.325312  -0.150999  -0.0745976  -0.150999  0.30119  0.103156  -0.0745976  0.103156  0.167682
0.325233  -0.150974  -0.0746028  -0.150974  0.301266  0.103212  -0.0746028  0.103212  0.167712
0.325233  -0.150974  -0.0746028  -0.150974  0.301266  0.103212  -0.0746028  0.103212  0.167712
0.325162  -0.150946  -0.0745894  -0.150946  0.301316  0.103242  -0.0745894  0.103242  0.167728
0.325145  -0.150939  -0.0745861  -0.150939  0.301328  0.10325  -0.0745861  0.10325  0.167731
0.325092  -0.150917  -0.0745761  -0.150917  0.301366  0.103272  -0.0745761  0.103272  0.167743
0.32504  -0.150896  -0.074566  -0.150896  0.301403  0.103295  -0.074566  0.103295  0.167755
0.32504  -0.150896  -0.074566  -0.150896  0.301403  0.103295  -0.074566  0.103295  0.167755
0.324979  -0.150865  -0.0745342  -0.150865  0.301426  0.103301  -0.0745342  0.103301  0.167756
0.324979  -0.150865  -0.0745342  -0.150865  0.301426  0.103301  -0.0745342  0.103301  0.167756
0.324935  -0.150841  -0.0745058  -0.150841  0.301437  0.103298  -0.0745058  0.103298  0.167754
0.324917  -0.150849  -0.0744768  -0.150849  0.301467  0.103297  -0.0744768  0.103297  0.167746
0.324917  -0.150849  -0.0744768  -0.150849  0.301467  0.103297  -0.0744768  0.103297  0.167746
0.324865  -0.150816  -0.0744266  -0.150816  0.301464  0.103278  -0.0744266  0.103278  0.167732
0.324865  -0.150816  -0.0744266  -0.150816  0.301464  0.103278  -0.0744266  0.103278  0.167732
0.32483  -0.150804  -0.0743542  -0.150804  0.301466  0.103242  -0.0743542  0.103242  0.167703
0.324813  -0.150784  -0.0743107  -0.150784  0.301438  0.103207  -0.0743107  0.103207  0.167683
0.324821  -0.150809  -0.0743068  -0.150809  0.301469  0.103215  -0.0743068  0.103215  0.167681
0.324796  -0.15078  -0.0742416  -0.15078  0.301428  0.103163  -0.0742416  0.103163  0.16765
0.324796  -0.15078  -0.0742416  -0.15078  0.301428  0.103163  -0.0742416  0.103163  0.16765
0.324795  -0.150797  -0.0741503  -0.150797  0.301422  0.103104  -0.0741503  0.103104  0.167601
0.32477  -0.150768  -0.0740852  -0.150768  0.301381  0.103051  -0.0740852  0.103051  0.16757
0.32477  -0.150768  -0.0740852  -0.150768  0.301381  0.103051  -0.0740852  0.103051  0.16757
0.324752  -0.150751  -0.0739761  -0.150751  0.301331  0.102966  -0.0739761  0.102966  0.167513
0.324752  -0.150751  -0.0739761  -0.150751  0.301331  0.102966  -0.0739761  0.102966  0.167513
0.324726  -0.150739  -0.0738199  -0.150739  0.301284  0.102854  -0.0738199  0.102854  0.167434
0.32471  -0.150707  -0.0737365  -0.150707  0.301216  0.102777  -0.0737365  0.102777  0.167389
0.324701  -0.150697  -0.0737149  -0.150697  0.301203  0.10276  -0.0737149  0.10276  0.167379
0.324659  -0.150635  -0.0735666  -0.150635  0.301094  0.102632  -0.0735666  0.102632  0.167303
0.324659  -0.150635  -0.0735666  -0.150635  0.301094  0.102632  -0.0735666  0.102632  0.167303
0.324591  -0.150545  -0.0733537  -0.150545  0.300944  0.102451  -0.0733537  0.102451  0.167197
0.324549  -0.150484  -0.0732059  -0.150484  0.300836  0.102323  -0.0732059  0.102323  0.167122
0.324549  -0.150484  -0.0732059  -0.150484  0.300836  0.102323  -0.0732059  0.102323  0.167122
0.324458  -0.150334  -0.0729798  -0.150334  0.300611  0.10211  -0.0729798  0.10211  0.167009
0.324449  -0.150324  -0.0729583  -0.150324  0.300597  0.102093  -0.0729583  0.102093  0.166999
0.324366  -0.1502  -0.0727288  -0.1502  0.300404  0.101888  -0.0727288  0.101888  0.166886
0.324274  -0.150063  -0.0725435  -0.150063  0.30022  0.101717  -0.0725435  0.101717  0.166799
0.324266  -0.150053  -0.072522  -0.150053  0.300206  0.1017  -0.072522  0.1017  0.166789
0.324133  -0.149854  -0.0722553  -0.149854  0.299937  0.101454  -0.0722553  0.101454  0.166664
0.324042  -0.149705  -0.0720312  -0.149705  0.299714  0.101242  -0.0720312  0.101242  0.166554
0.324034  -0.149696  -0.0720098  -0.149696  0.299701  0.101225  -0.0720098  0.101225  0.166544
0.323869  -0.149456  -0.071724  -0.149456  0.299401  0.100962  -0.071724  0.100962  0.166417
0.323853  -0.149422  -0.0717067  -0.149422  0.299357  0.100937  -0.0717067  0.100937  0.166408
0.323697  -0.14918  -0.0714037  -0.14918  0.299033  0.100651  -0.0714037  0.100651  0.166268
0.323567  -0.148983  -0.0711399  -0.148983  0.298767  0.100407  -0.0711399  0.100407  0.166147
0.323558  -0.148974  -0.0711187  -0.148974  0.298754  0.10039  -0.0711187  0.10039  0.166138
0.323468  -0.148851  -0.0709755  -0.148851  0.298611  0.100264  -0.0709755  0.100264  0.166077
0.323291  -0.148553  -0.0706617  -0.148553  0.298215  0.0999472  -0.0706617  0.0999472  0.165933
0.323129  -0.148317  -0.0703799  -0.148317  0.29792  0.0996888  -0.0703799  0.0996888  0.16581
0.323106  -0.148274  -0.0703419  -0.148274  0.297864  0.0996473  -0.0703419  0.0996473  0.165793
0.322873  -0.147924  -0.0699225  -0.147924  0.297417  0.0992578  -0.0699225  0.0992578  0.165609
