0.32976  -0.176167  -0.0754734  -0.176167  0.343028  0.119168  -0.0754734  0.119168  0.170572
0.32976  -0.176167  -0.0754734  -0.176167  0.343028  0.119168  -0.0754734  0.119168  0.170572
0.329848  -0.175385  -0.076007  -0.175385  0.341492  0.118953  -0.076007  0.118953  0.170708
0.329707  -0.174038  -0.0766988  -0.174038  0.339268  0.118657  -0.0766988  0.118657  0.170932
0.329682  -0.173889  -0.0767516  -0.173889  0.339029  0.118611  -0.0767516  0.118611  0.170947
0.329153  -0.171914  -0.0762463  -0.171914  0.335721  0.117129  -0.0762463  0.117129  0.170532
0.329105  -0.171791  -0.0761696  -0.171791  0.335523  0.117011  -0.0761696  0.117011  0.170486
0.328203  -0.168858  -0.0751796  -0.168858  0.330757  0.114721  -0.0751796  0.114721  0.169786
0.327447  -0.16616  -0.0750566  -0.16616  0.326624  0.11324  -0.0750566  0.11324  0.169564
0.32735  -0.165849  -0.0749918  -0.165849  0.326146  0.113034  -0.0749918  0.113034  0.169514
0.325827  -0.161901  -0.0736362  -0.161901  0.320388  0.110254  -0.0736362  0.110254  0.168704
0.325723  -0.161664  -0.0734865  -0.161664  0.320039  0.110042  -0.0734865  0.110042  0.168623
0.323907  -0.157671  -0.0713412  -0.157671  0.314448  0.106867  -0.0713412  0.106867  0.16752
0.322518  -0.154586  -0.0699754  -0.154586  0.310296  0.104676  -0.0699754  0.104676  0.166848
0.322392  -0.154292  -0.0698649  -0.154292  0.3099  0.104477  -0.0698649  0.104477  0.166792
0.320466  -0.1503  -0.0679925  -0.1503  0.304795  0.101714  -0.0679925  0.101714  0.165959
0.320346  -0.150073  -0.0678499  -0.150073  0.30451  0.101539  -0.0678499  0.101539  0.165899
0.318538  -0.146541  -0.0661078  -0.146541  0.300234  0.0991668  -0.0661078  0.0991668  0.165207
0.317473  -0.144319  -0.0650933  -0.144319  0.297508  0.0976922  -0.0650933  0.0976922  0.164803
0.317371  -0.144099  -0.0650021  -0.144099  0.297237  0.0975504  -0.0650021  0.0975504  0.164767
0.31598  -0.141026  -0.0636333  -0.141026  0.29342  0.0954893  -0.0636333  0.0954893  0.16422
0.315906  -0.140827  -0.063567  -0.140827  0.293159  0.0953598  -0.063567  0.0953598  0.164189
0.314849  -0.138254  -0.0625721  -0.138254  0.289913  0.0936736  -0.0625721  0.0936736  0.163781
0.314777  -0.13806  -0.0625074  -0.13806  0.289661  0.0935473  -0.0625074  0.0935473  0.163753
0.313922  -0.135819  -0.0616214  -0.135819  0.28677  0.0920187  -0.0616214  0.0920187  0.163378
0.313375  -0.134401  -0.0610153  -0.134401  0.284954  0.0910294  -0.0610153  0.0910294  0.163131
0.313319  -0.134242  -0.0609672  -0.134242  0.284751  0.090929  -0.0609672  0.090929  0.16311
0.312659  -0.132447  -0.0602929  -0.132447  0.28247  0.0897285  -0.0602929  0.0897285  0.162835
0.312616  -0.132334  -0.0602368  -0.132334  0.282323  0.0896441  -0.0602368  0.0896441  0.162813
0.312066  -0.130886  -0.0595093  -0.130886  0.28046  0.0885627  -0.0595093  0.0885627  0.162528
0.311708  -0.129947  -0.0589445  -0.129947  0.279229  0.0877988  -0.0589445  0.0877988  0.16231
0.311677  -0.129864  -0.0589035  -0.129864  0.279122  0.0877372  -0.0589035  0.0877372  0.162294
0.311266  -0.128694  -0.0582107  -0.128694  0.277544  0.0867646  -0.0582107  0.0867646  0.162018
0.311243  -0.128609  -0.0581542  -0.128609  0.277417  0.0866833  -0.0581542  0.0866833  0.161992
0.310958  -0.127767  -0.0575221  -0.127767  0.276215  0.0858776  -0.0575221  0.0858776  0.161738
0.310823  -0.127268  -0.0571313  -0.127268  0.275441  0.0853566  -0.0571313  0.0853566  0.161568
0.31082  -0.127238  -0.0571021  -0.127238  0.275384  0.0853164  -0.0571021  0.0853164  0.161553
0.310723  -0.126693  -0.0566445  -0.126693  0.274444  0.0846772  -0.0566445  0.0846772  0.161333
0.310736  -0.126489  -0.0563398  -0.126489  0.27395  0.0842909  -0.0563398  0.0842909  0.161175
0.310733  -0.126459  -0.0563108  -0.126459  0.273894  0.0842512  -0.0563108  0.0842512  0.161161
0.310838  -0.126298  -0.0560536  -0.126298  0.273336  0.0838413  -0.0560536  0.0838413  0.160986
0.31084  -0.126289  -0.0560201  -0.126289  0.273304  0.0838083  -0.0560201  0.0838083  0.16097
0.311013  -0.126267  -0.0557582  -0.126267  0.272861  0.0834299  -0.0557582  0.0834299  0.160783
0.311036  -0.126289  -0.0557394  -0.126289  0.27285  0.0834091  -0.0557394  0.0834091  0.160768
0.311246  -0.126437  -0.0554741  -0.126437  0.272629  0.0831163  -0.0554741  0.0831163  0.160589
0.31144  -0.126595  -0.0553292  -0.126595  0.272505  0.0829356  -0.0553292  0.0829356  0.160466
0.311451  -0.126612  -0.0553087  -0.126612  0.272506  0.082922  -0.0553087  0.082922  0.160456
0.311759  -0.126965  -0.0550249  -0.126965  0.27246  0.0826707  -0.0550249  0.0826707  0.160257
0.311986  -0.127248  -0.0547955  -0.127248  0.27246  0.0824889  -0.0547955  0.0824889  0.160109
0.311997  -0.127266  -0.0547749  -0.127266  0.272461  0.0824753  -0.0547749  0.0824753  0.160098
0.312314  -0.127626  -0.0545064  -0.127626  0.272428  0.0822354  -0.0545064  0.0822354  0.159908
0.312343  -0.127668  -0.0544827  -0.127668  0.272441  0.0822207  -0.0544827  0.0822207  0.159892
0.312661  -0.128056  -0.0541684  -0.128056  0.272437  0.0819672  -0.0541684  0.0819672  0.159691
0.312889  -0.128297  -0.0539295  -0.128297  0.27237  0.0817509  -0.0539295  0.0817509  0.159538
0.312913  -0.128319  -0.0539102  -0.128319  0.272359  0.0817298  -0.0539102  0.0817298  0.159524
0.313245  -0.128655  -0.0536104  -0.128655  0.272261  0.0814413  -0.0536104  0.0814413  0.159319
0.313269  -0.128677  -0.0535909  -0.128677  0.272251  0.0814201  -0.0535909  0.0814201  0.159305
0.313613  -0.128963  -0.0532504  -0.128963  0.272038  0.0810582  -0.0532504  0.0810582  0.159077
0.313637  -0.128984  -0.0532308  -0.128984  0.272027  0.081037  -0.0532308  0.081037  0.159062
0.313968  -0.129195  -0.0529251  -0.129195  0.271728  0.0806624  -0.0529251  0.0806624  0.158844
0.314177  -0.129298  -0.0526605  -0.129298  0.271464  0.0803547  -0.0526605  0.0803547  0.158678
0.314202  -0.12932  -0.0526408  -0.12932  0.271454  0.0803335  -0.0526408  0.0803335  0.158664
0.314474  -0.129474  -0.0522808  -0.129474  0.271138  0.0799369  -0.0522808  0.0799369  0.158448
0.314624  -0.129494  -0.0520077  -0.129494  0.270829  0.0796209  -0.0520077  0.0796209  0.158296
0.314638  -0.129488  -0.051975  -0.129488  0.270785  0.079581  -0.051975  0.079581  0.158278
0.314808  -0.129504  -0.05154  -0.129504  0.270373  0.0791281  -0.05154  0.0791281  0.158063
0.314822  -0.129498  -0.0515073  -0.129498  0.270329  0.0790883  -0.0515073  0.0790883  0.158046
0.314946  -0.129415  -0.0509989  -0.129415  0.269796  0.0785565  -0.0509989  0.0785565  0.157814
0.31496  -0.129408  -0.0509662  -0.129408  0.269752  0.0785168  -0.0509662  0.0785168  0.157797
0.315087  -0.129249  -0.0504795  -0.129249  0.269099  0.0779488  -0.0504795  0.0779488  0.157564
0.315088  -0.129238  -0.0504457  -0.129238  0.269068  0.0779167  -0.0504457  0.0779167  0.157551
0.315176  -0.129066  -0.0499562  -0.129066  0.268454  0.0773735  -0.0499562  0.0773735  0.157334
0.315218  -0.128913  -0.0496376  -0.128913  0.268015  0.077008  -0.0496376  0.077008  0.157196
0.315218  -0.128903  -0.0496039  -0.128903  0.267983  0.0769762  -0.0496039  0.0769762  0.157183
0.315282  -0.128681  -0.04918  -0.128681  0.267355  0.0764713  -0.04918  0.0764713  0.156995
0.315283  -0.128657  -0.0491685  -0.128657  0.267309  0.076446  -0.0491685  0.076446  0.156987
0.315315  -0.12842  -0.0487261  -0.12842  0.266699  0.0759463  -0.0487261  0.0759463  0.156806
0.315345  -0.128212  -0.0484407  -0.128212  0.266202  0.0755806  -0.0484407  0.0755806  0.156679
0.315345  -0.128202  -0.0484072  -0.128202  0.26617  0.0755493  -0.0484072  0.0755493  0.156667
0.315352  -0.127941  -0.0480421  -0.127941  0.265591  0.0751125  -0.0480421  0.0751125  0.156519
0.315347  -0.12791  -0.0480135  -0.12791  0.265536  0.0750757  -0.0480135  0.0750757  0.156508
0.315376  -0.127702  -0.047729  -0.127702  0.265042  0.0747132  -0.047729  0.0747132  0.156384
0.31536  -0.12751  -0.0474701  -0.12751  0.264654  0.0744181  -0.0474701  0.0744181  0.156288
0.315355  -0.127479  -0.0474417  -0.127479  0.264599  0.0743816  -0.0474417  0.0743816  0.156278
0.315336  -0.127208  -0.0471323  -0.127208  0.264068  0.074002  -0.0471323  0.074002  0.156159
0.315295  -0.126997  -0.046895  -0.126997  0.263692  0.0737303  -0.046895  0.0737303  0.156078
0.315284  -0.126969  -0.046883  -0.126969  0.26366  0.0737131  -0.046883  0.0737131  0.156075
0.315192  -0.126655  -0.0465595  -0.126655  0.263161  0.0733564  -0.0465595  0.0733564  0.155977
0.315198  -0.126651  -0.0465433  -0.126651  0.263139  0.0733374  -0.0465433  0.0733374  0.15597
0.3151  -0.126351  -0.0462702  -0.126351  0.262695  0.0730319  -0.0462702  0.0730319  0.155891
0.31501  -0.126138  -0.0460654  -0.126138  0.262404  0.0728234  -0.0460654  0.0728234  0.155841
0.314999  -0.126111  -0.0460535  -0.126111  0.262372  0.0728065  -0.0460535  0.0728065  0.155839
0.314905  -0.125854  -0.045843  -0.125854  0.262014  0.0725693  -0.045843  0.0725693  0.155783
0.314828  -0.125666  -0.0457058  -0.125666  0.261774  0.0724155  -0.0457058  0.0724155  0.155751
0.314822  -0.125659  -0.045689  -0.125659  0.261765  0.072404  -0.045689  0.072404  0.155748
0.31471  -0.125414  -0.045528  -0.125414  0.261473  0.0722245  -0.045528  0.0722245  0.155715
0.314705  -0.125407  -0.0455113  -0.125407  0.261464  0.0722131  -0.0455113  0.0722131  0.155712
0.3146  -0.12517  -0.0453674  -0.12517  0.261183  0.0720456  -0.0453674  0.0720456  0.155683
0.314527  -0.125038  -0.0452701  -0.125038  0.261042  0.0719524  -0.0452701  0.0719524  0.155668
0.314516  -0.125011  -0.0452584  -0.125011  0.26101  0.0719358  -0.0452584  0.0719358  0.155666
0.314409  -0.124822  -0.0451374  -0.124822  0.260818  0.0718169  -0.0451374  0.0718169  0.15565
0.314348  -0.124704  -0.0450737  -0.124704  0.260695  0.0717467  -0.0450737  0.0717467  0.155642
0.314331  -0.124694  -0.0450566  -0.124694  0.260699  0.0717428  -0.0450566  0.0717428  0.155643
0.314247  -0.124546  -0.0449808  -0.124546  0.260557  0.0716635  -0.0449808  0.0716635  0.155637
0.314202  -0.124476  -0.0449239  -0.124476  0.260489  0.0716153  -0.0449239  0.0716153  0.15563
0.314185  -0.124453  -0.0449284  -0.124453  0.260479  0.0716173  -0.0449284  0.0716173  0.155635
0.314124  -0.124359  -0.044876  -0.124359  0.2604  0.0715713  -0.044876  0.0715713  0.155634
0.314124  -0.124359  -0.044876  -0.124359  0.2604  0.0715713  -0.044876  0.0715713  0.155634
0.314056  -0.124282  -0.0448182  -0.124282  0.260357  0.0715378  -0.0448182  0.0715378  0.155636
0.314016  -0.124229  -0.0448106  -0.124229  0.260328  0.0715307  -0.0448106  0.0715307  0.155642
0.314011  -0.124222  -0.044794  -0.124222  0.260319  0.0715195  -0.044794  0.0715195  0.155639
0.313959  -0.124179  -0.0447644  -0.124179  0.260316  0.0715138  -0.0447644  0.0715138  0.155647
0.313959  -0.124179  -0.0447644  -0.124179  0.260316  0.0715138  -0.0447644  0.0715138  0.155647
0.313913  -0.124142  -0.0447513  -0.124142  0.260321  0.0715193  -0.0447513  0.0715193  0.155657
0.313913  -0.124142  -0.0447513  -0.124142  0.260321  0.0715193  -0.0447513  0.0715193  0.155657
0.313855  -0.124103  -0.0447376  -0.124103  0.26034  0.0715321  -0.0447376  0.0715321  0.155672
0.313855  -0.124103  -0.0447376  -0.124103  0.26034  0.0715321  -0.0447376  0.0715321  0.155672
0.313798  -0.124063  -0.044724  -0.124063  0.260358  0.0715449  -0.044724  0.0715449  0.155687
0.313774  -0.124057  -0.0447229  -0.124057  0.260382  0.0715595  -0.0447229  0.0715595  0.155695
0.313774  -0.124057  -0.0447229  -0.124057  0.260382  0.0715595  -0.0447229  0.0715595  0.155695
0.313712  -0.123997  -0.0447143  -0.123997  0.260378  0.0715671  -0.0447143  0.0715671  0.15571
0.313712  -0.123997  -0.0447143  -0.123997  0.260378  0.0715671  -0.0447143  0.0715671  0.15571
0.313649  -0.123951  -0.0446842  -0.123951  0.260387  0.0715687  -0.0446842  0.0715687  0.155722
0.313649  -0.123951  -0.0446842  -0.123951  0.260387  0.0715687  -0.0446842  0.0715687  0.155722
0.313586  -0.123891  -0.0446756  -0.123891  0.260383  0.0715762  -0.0446756  0.0715762  0.155737
0.313547  -0.123852  -0.0446465  -0.123852  0.260368  0.0715632  -0.0446465  0.0715632  0.155741
0.313547  -0.123852  -0.0446465  -0.123852  0.260368  0.0715632  -0.0446465  0.0715632  0.155741
0.313485  -0.123792  -0.0446379  -0.123792  0.260363  0.0715708  -0.0446379  0.0715708  0.155756
0.313485  -0.123792  -0.0446379  -0.123792  0.260363  0.0715708  -0.0446379  0.0715708  0.155756
0.313435  -0.123736  -0.0446299  -0.123736  0.260347  0.071571  -0.0446299  0.071571  0.155767
0.313435  -0.123736  -0.0446299  -0.123736  0.260347  0.071571  -0.0446299  0.071571  0.155767
0.313366  -0.123694  -0.0446157  -0.123694  0.260377  0.0715911  -0.0446157  0.0715911  0.155786
0.313366  -0.123694  -0.0446157  -0.123694  0.260377  0.0715911  -0.0446157  0.0715911  0.155786
0.31332  -0.123668  -0.044635  -0.123668  0.260413  0.0716263  -0.044635  0.0716263  0.155806
0.313303  -0.123668  -0.0446504  -0.123668  0.260446  0.071652  -0.0446504  0.071652  0.155817
0.313291  -0.123665  -0.0446499  -0.123665  0.260459  0.0716594  -0.0446499  0.0716594  0.155822
0.313262  -0.123662  -0.0446647  -0.123662  0.260505  0.0716924  -0.0446647  0.0716924  0.155837
0.313255  -0.123678  -0.0446591  -0.123678  0.260539  0.071705  -0.0446591  0.071705  0.155841
0.313236  -0.123689  -0.0447069  -0.123689  0.260603  0.0717605  -0.0447069  0.0717605  0.155862
0.313217  -0.123712  -0.0447332  -0.123712  0.26068  0.07181  -0.0447332  0.07181  0.15588
0.313217  -0.123712  -0.0447332  -0.123712  0.26068  0.07181  -0.0447332  0.07181  0.15588
0.313204  -0.123743  -0.0447759  -0.123743  0.260766  0.0718708  -0.0447759  0.0718708  0.155901
0.313192  -0.123739  -0.0447753  -0.123739  0.260778  0.0718781  -0.0447753  0.0718781  0.155905
0.313189  -0.123796  -0.0448296  -0.123796  0.260895  0.0719554  -0.0448296  0.0719554  0.155929
0.31317  -0.12382  -0.0448558  -0.12382  0.260973  0.072005  -0.0448558  0.072005  0.155947
0.31317  -0.12382  -0.0448558  -0.12382  0.260973  0.072005  -0.0448558  0.072005  0.155947
0.313172  -0.123883  -0.0449265  -0.123883  0.261099  0.0720936  -0.0449265  0.0720936  0.155973
0.31316  -0.12388  -0.0449259  -0.12388  0.261111  0.0721009  -0.0449259  0.0721009  0.155977
0.313157  -0.123937  -0.0449802  -0.123937  0.261229  0.0721784  -0.0449802  0.0721784  0.156
0.313143  -0.123967  -0.0450229  -0.123967  0.261315  0.0722394  -0.0450229  0.0722394  0.156021
0.313154  -0.123993  -0.0450344  -0.123993  0.261346  0.072256  -0.0450344  0.072256  0.156024
0.313156  -0.124057  -0.0451052  -0.124057  0.261473  0.0723448  -0.0451052  0.0723448  0.15605
0.313144  -0.124054  -0.0451046  -0.124054  0.261485  0.0723521  -0.0451046  0.0723521  0.156055
0.313157  -0.124144  -0.045187  -0.124144  0.261643  0.0724577  -0.045187  0.0724577  0.156083
0.313157  -0.124144  -0.045187  -0.124144  0.261643  0.0724577  -0.045187  0.0724577  0.156083
0.313169  -0.124234  -0.0452694  -0.124234  0.261802  0.0725634  -0.0452694  0.0725634  0.156112
0.313177  -0.124294  -0.0453243  -0.124294  0.261907  0.072634  -0.0453243  0.072634  0.156132
0.313177  -0.124294  -0.0453243  -0.124294  0.261907  0.072634  -0.0453243  0.072634  0.156132
0.313195  -0.124391  -0.0454234  -0.124391  0.262075  0.0727513  -0.0454234  0.0727513  0.156164
0.313183  -0.124388  -0.0454227  -0.124388  0.262087  0.0727586  -0.0454227  0.0727586  0.156168
0.31319  -0.124471  -0.0454887  -0.124471  0.262237  0.0728534  -0.0454887  0.0728534  0.156195
0.313199  -0.124531  -0.0455438  -0.124531  0.262343  0.0729242  -0.0455438  0.0729242  0.156214
0.313204  -0.124538  -0.0455604  -0.124538  0.262352  0.0729355  -0.0455604  0.0729355  0.156217
0.313206  -0.124602  -0.0456314  -0.124602  0.262479  0.0730251  -0.0456314  0.0730251  0.156244
0.313194  -0.124598  -0.0456308  -0.124598  0.262492  0.0730324  -0.0456308  0.0730324  0.156249
0.313196  -0.124662  -0.0457018  -0.124662  0.262619  0.0731221  -0.0457018  0.0731221  0.156276
0.313201  -0.124682  -0.0456968  -0.124682  0.262642  0.0731275  -0.0456968  0.0731275  0.156275
0.313203  -0.124745  -0.0457679  -0.124745  0.26277  0.0732173  -0.0457679  0.0732173  0.156302
0.313203  -0.124745  -0.0457679  -0.124745  0.26277  0.0732173  -0.0457679  0.0732173  0.156302
0.313199  -0.124812  -0.045855  -0.124812  0.262919  0.0733259  -0.045855  0.0733259  0.156337
0.313199  -0.124812  -0.045855  -0.124812  0.262919  0.0733259  -0.045855  0.0733259  0.156337
0.313201  -0.124876  -0.0459262  -0.124876  0.263047  0.0734159  -0.0459262  0.0734159  0.156364
0.313215  -0.124943  -0.0459981  -0.124943  0.263162  0.0734986  -0.0459981  0.0734986  0.156387
0.313203  -0.12494  -0.0459974  -0.12494  0.263175  0.073506  -0.0459974  0.073506  0.156392
0.31321  -0.12501  -0.0460852  -0.12501  0.263312  0.0736076  -0.0460852  0.0736076  0.156422
0.313215  -0.12503  -0.0460803  -0.12503  0.263335  0.073613  -0.0460803  0.073613  0.156422
0.313223  -0.125101  -0.0461682  -0.125101  0.263472  0.0737148  -0.0461682  0.0737148  0.156453
0.313214  -0.125138  -0.0462278  -0.125138  0.263568  0.0737882  -0.0462278  0.0737882  0.156478
0.313225  -0.125164  -0.0462395  -0.125164  0.2636  0.0738052  -0.0462395  0.0738052  0.15648
0.313232  -0.125235  -0.0463275  -0.125235  0.263738  0.0739072  -0.0463275  0.0739072  0.156511
0.31322  -0.125231  -0.0463268  -0.125231  0.26375  0.0739145  -0.0463268  0.0739145  0.156516
0.313228  -0.125302  -0.0464149  -0.125302  0.263888  0.0740166  -0.0464149  0.0740166  0.156547
0.31323  -0.125366  -0.0464863  -0.125366  0.264016  0.0741073  -0.0464863  0.0741073  0.156575
0.313218  -0.125362  -0.0464856  -0.125362  0.264029  0.0741147  -0.0464856  0.0741147  0.156579
0.313213  -0.125429  -0.046573  -0.125429  0.264179  0.0742244  -0.046573  0.0742244  0.156615
0.313213  -0.125429  -0.046573  -0.125429  0.264179  0.0742244  -0.046573  0.0742244  0.156615
0.313214  -0.125503  -0.0466772  -0.125503  0.264339  0.0743458  -0.0466772  0.0743458  0.156654
0.313216  -0.125567  -0.0467487  -0.125567  0.264468  0.0744368  -0.0467487  0.0744368  0.156682
0.31321  -0.12557  -0.0467646  -0.12557  0.264489  0.0744557  -0.0467646  0.0744557  0.15669
0.313216  -0.125664  -0.046864  -0.125664  0.264672  0.074583  -0.046864  0.074583  0.156728
0.313216  -0.125664  -0.046864  -0.125664  0.264672  0.074583  -0.046864  0.074583  0.156728
0.313205  -0.125735  -0.0469675  -0.125735  0.264845  0.0747122  -0.0469675  0.0747122  0.156772
0.313207  -0.125798  -0.0470392  -0.125798  0.264974  0.0748036  -0.0470392  0.0748036  0.156801
0.313207  -0.125798  -0.0470392  -0.125798  0.264974  0.0748036  -0.0470392  0.0748036  0.156801
0.313208  -0.125872  -0.0471436  -0.125872  0.265135  0.0749258  -0.0471436  0.0749258  0.15684
0.313208  -0.125872  -0.0471436  -0.125872  0.265135  0.0749258  -0.0471436  0.0749258  0.15684
0.313209  -0.125946  -0.0472481  -0.125946  0.265295  0.0750481  -0.0472481  0.0750481  0.15688
0.313205  -0.126003  -0.0473031  -0.126003  0.265416  0.0751282  -0.0473031  0.0751282  0.156906
0.313211  -0.12601  -0.0473199  -0.12601  0.265425  0.0751399  -0.0473199  0.0751399  0.156909
0.313206  -0.126077  -0.0474077  -0.126077  0.265576  0.0752508  -0.0474077  0.0752508  0.156946
0.313216  -0.126104  -0.0474196  -0.126104  0.265609  0.0752681  -0.0474196  0.0752681  0.156949
0.313224  -0.126175  -0.0475083  -0.126175  0.265748  0.0753718  -0.0475083  0.0753718  0.156982
0.31322  -0.126219  -0.0475851  -0.126219  0.265855  0.0754583  -0.0475851  0.0754583  0.157011
0.31322  -0.126219  -0.0475851  -0.126219  0.265855  0.0754583  -0.0475851  0.0754583  0.157011
0.313239  -0.126303  -0.0477076  -0.126303  0.266013  0.0755858  -0.0477076  0.0755858  0.157051
0.313244  -0.12631  -0.0477245  -0.12631  0.266023  0.0755976  -0.0477245  0.0755976  0.157055
0.313257  -0.126388  -0.0478303  -0.126388  0.266172  0.0757135  -0.0478303  0.0757135  0.157092
0.313245  -0.126384  -0.0478294  -0.126384  0.266184  0.0757208  -0.0478294  0.0757208  0.157096
0.313258  -0.126462  -0.0479352  -0.126462  0.266334  0.0758369  -0.0479352  0.0758369  0.157133
0.313258  -0.126462  -0.0479352  -0.126462  0.266334  0.0758369  -0.0479352  0.0758369  0.157133
0.313277  -0.126536  -0.0480251  -0.126536  0.266461  0.075934  -0.0480251  0.075934  0.157162
0.313265  -0.126533  -0.0480242  -0.126533  0.266474  0.0759413  -0.0480242  0.0759413  0.157166
0.31329  -0.126614  -0.0481311  -0.126614  0.266611  0.0760504  -0.0481311  0.0760504  0.157199
0.313278  -0.12661  -0.0481302  -0.12661  0.266623  0.0760577  -0.0481302  0.0760577  0.157203
0.313309  -0.126686  -0.048276  -0.126686  0.266756  0.076185  -0.048276  0.076185  0.157244
0.313309  -0.126686  -0.048276  -0.126686  0.266756  0.076185  -0.048276  0.076185  0.157244
0.313339  -0.126774  -0.0484002  -0.126774  0.266903  0.0763063  -0.0484002  0.0763063  0.157281
0.313348  -0.126822  -0.0484783  -0.126822  0.266998  0.0763863  -0.0484783  0.0763863  0.157308
0.313348  -0.126822  -0.0484783  -0.126822  0.266998  0.0763863  -0.0484783  0.0763863  0.157308
0.313373  -0.12689  -0.0486075  -0.12689  0.267122  0.0765022  -0.0486075  0.0765022  0.157346
0.313373  -0.12689  -0.0486075  -0.12689  0.267122  0.0765022  -0.0486075  0.0765022  0.157346
0.313421  -0.127003  -0.0487281  -0.127003  0.26728  0.0766224  -0.0487281  0.0766224  0.157379
0.313447  -0.127061  -0.0488245  -0.127061  0.267373  0.0767073  -0.0488245  0.0767073  0.157405
0.313453  -0.127068  -0.0488415  -0.127068  0.267383  0.0767193  -0.0488415  0.0767193  0.157409
0.313483  -0.127157  -0.0489663  -0.127157  0.267531  0.0768415  -0.0489663  0.0768415  0.157447
0.313483  -0.127157  -0.0489663  -0.127157  0.267531  0.0768415  -0.0489663  0.0768415  0.157447
0.313531  -0.127271  -0.0490873  -0.127271  0.26769  0.0769623  -0.0490873  0.0769623  0.15748
0.313581  -0.12736  -0.0491972  -0.12736  0.267804  0.0770582  -0.0491972  0.0770582  0.157507
0.313581  -0.12736  -0.0491972  -0.12736  0.267804  0.0770582  -0.0491972  0.0770582  0.157507
0.313635  -0.127481  -0.0493357  -0.127481  0.267973  0.0771915  -0.0493357  0.0771915  0.157544
0.313622  -0.127477  -0.0493346  -0.127477  0.267985  0.0771989  -0.0493346  0.0771989  0.157548
0.313683  -0.127594  -0.0494572  -0.127594  0.268133  0.077313  -0.0494572  0.077313  0.157578
0.313694  -0.127622  -0.0494695  -0.127622  0.268166  0.0773309  -0.0494695  0.0773309  0.157582
0.313742  -0.127736  -0.0495912  -0.127736  0.268327  0.0774527  -0.0495912  0.0774527  0.157616
0.313768  -0.127808  -0.0496663  -0.127808  0.268435  0.0775324  -0.0496663  0.0775324  0.157639
0.313779  -0.127835  -0.0496787  -0.127835  0.268468  0.0775504  -0.0496787  0.0775504  0.157642
0.313828  -0.127949  -0.0498007  -0.127949  0.268629  0.0776726  -0.0498007  0.0776726  0.157677
0.313828  -0.127949  -0.0498007  -0.127949  0.268629  0.0776726  -0.0498007  0.0776726  0.157677
0.313889  -0.128067  -0.0499239  -0.128067  0.268778  0.0777876  -0.0499239  0.0777876  0.157707
0.313926  -0.128167  -0.0500118  -0.128167  0.26892  0.0778858  -0.0500118  0.0778858  0.157734
0.313926  -0.128167  -0.0500118  -0.128167  0.26892  0.0778858  -0.0500118  0.0778858  0.157734
0.313993  -0.128306  -0.0501305  -0.128306  0.269093  0.0780071  -0.0501305  0.0780071  0.157764
0.31398  -0.128302  -0.0501294  -0.128302  0.269105  0.0780145  -0.0501294  0.0780145  0.157769
0.314041  -0.128434  -0.0502311  -0.128434  0.269269  0.0781238  -0.0502311  0.0781238  0.157795
0.314068  -0.128507  -0.0503068  -0.128507  0.269378  0.0782044  -0.0503068  0.0782044  0.157819
0.314074  -0.128514  -0.0503241  -0.128514  0.269388  0.0782167  -0.0503241  0.0782167  0.157823
0.314124  -0.128619  -0.0504135  -0.128619  0.269518  0.0783081  -0.0504135  0.0783081  0.157846
0.314129  -0.128639  -0.0504087  -0.128639  0.269542  0.0783141  -0.0504087  0.0783141  0.157845
0.314162  -0.128719  -0.0505019  -0.128719  0.269661  0.0784071  -0.0505019  0.0784071  0.157873
0.314196  -0.128789  -0.0505616  -0.128789  0.269748  0.0784683  -0.0505616  0.0784683  0.157889
0.314183  -0.128785  -0.0505605  -0.128785  0.269761  0.0784757  -0.0505605  0.0784757  0.157893
0.314223  -0.128862  -0.0506377  -0.128862  0.269858  0.0785493  -0.0506377  0.0785493  0.157913
0.314215  -0.128879  -0.0506317  -0.128879  0.269894  0.0785626  -0.0506317  0.0785626  0.157917
0.314237  -0.128931  -0.0507126  -0.128931  0.26998  0.0786377  -0.0507126  0.0786377  0.157942
0.314247  -0.12897  -0.0507588  -0.12897  0.270046  0.0786882  -0.0507588  0.0786882  0.157958
0.314253  -0.128977  -0.0507762  -0.128977  0.270056  0.0787005  -0.0507762  0.0787005  0.157962
0.314274  -0.129043  -0.050835  -0.129043  0.270156  0.0787694  -0.050835  0.0787694  0.157982
0.314274  -0.129043  -0.050835  -0.129043  0.270156  0.0787694  -0.050835  0.0787694  0.157982
0.314278  -0.129084  -0.0508975  -0.129084  0.270244  0.0788397  -0.0508975  0.0788397  0.158007
0.314288  -0.129122  -0.0509437  -0.129122  0.27031  0.0788903  -0.0509437  0.0788903  0.158024
0.314288  -0.129122  -0.0509437  -0.129122  0.27031  0.0788903  -0.0509437  0.0788903  0.158024
0.314291  -0.129164  -0.0510063  -0.129164  0.270398  0.0789607  -0.0510063  0.0789607  0.158049
0.314291  -0.129164  -0.0510063  -0.129164  0.270398  0.0789607  -0.0510063  0.0789607  0.158049
0.3143  -0.129226  -0.051064  -0.129226  0.270511  0.0790372  -0.051064  0.0790372  0.158074
0.314305  -0.129243  -0.0511152  -0.129243  0.270553  0.0790819  -0.0511152  0.0790819  0.158091
0.31431  -0.129264  -0.0511104  -0.129264  0.270577  0.0790879  -0.0511104  0.0790879  0.15809
0.314314  -0.129305  -0.051173  -0.129305  0.270665  0.0791584  -0.051173  0.0791584  0.158116
0.314314  -0.129305  -0.051173  -0.129305  0.270665  0.0791584  -0.051173  0.0791584  0.158116
0.314323  -0.129367  -0.0512308  -0.129367  0.270778  0.0792351  -0.0512308  0.0792351  0.15814
0.314314  -0.129394  -0.0512586  -0.129394  0.270847  0.0792808  -0.0512586  0.0792808  0.158157
0.31432  -0.129401  -0.051276  -0.129401  0.270857  0.0792933  -0.051276  0.0792933  0.158161
0.314324  -0.129443  -0.0513387  -0.129443  0.270946  0.0793641  -0.0513387  0.0793641  0.158187
0.314329  -0.129464  -0.0513339  -0.129464  0.27097  0.0793701  -0.0513339  0.0793701  0.158186
0.31432  -0.129501  -0.0513954  -0.129501  0.271071  0.0794483  -0.0513954  0.0794483  0.158216
0.314329  -0.129563  -0.0514533  -0.129563  0.271184  0.0795252  -0.0514533  0.0795252  0.15824
0.314329  -0.129563  -0.0514533  -0.129563  0.271184  0.0795252  -0.0514533  0.0795252  0.15824
0.314331  -0.129628  -0.0515276  -0.129628  0.27132  0.0796221  -0.0515276  0.0796221  0.158274
0.314331  -0.129628  -0.0515276  -0.129628  0.27132  0.0796221  -0.0515276  0.0796221  0.158274
0.31432  -0.129689  -0.0516006  -0.129689  0.271468  0.0797265  -0.0516006  0.0797265  0.158312
0.31432  -0.129689  -0.0516006  -0.129689  0.271468  0.0797265  -0.0516006  0.0797265  0.158312
0.314304  -0.129743  -0.0516562  -0.129743  0.271606  0.0798184  -0.0516562  0.0798184  0.158345
0.314294  -0.12978  -0.0517178  -0.12978  0.271708  0.079897  -0.0517178  0.079897  0.158376
0.314282  -0.129776  -0.0517165  -0.129776  0.27172  0.0799044  -0.0517165  0.0799044  0.15838
0.314271  -0.129837  -0.0517896  -0.129837  0.271868  0.080009  -0.0517896  0.080009  0.158418
0.314258  -0.129833  -0.0517883  -0.129833  0.271881  0.0800164  -0.0517883  0.0800164  0.158422
0.314247  -0.129904  -0.0518953  -0.129904  0.272062  0.0801538  -0.0518953  0.0801538  0.158474
0.314247  -0.129904  -0.0518953  -0.129904  0.272062  0.0801538  -0.0518953  0.0801538  0.158474
0.314216  -0.129964  -0.0519834  -0.129964  0.272245  0.0802862  -0.0519834  0.0802862  0.158525
0.314207  -0.130001  -0.052045  -0.130001  0.272347  0.080365  -0.052045  0.080365  0.158556
0.3142  -0.130004  -0.0520613  -0.130004  0.272369  0.0803851  -0.0520613  0.0803851  0.158564
0.31417  -0.130064  -0.0521494  -0.130064  0.272553  0.0805176  -0.0521494  0.0805176  0.158616
0.314163  -0.130081  -0.0521433  -0.130081  0.27259  0.0805312  -0.0521433  0.0805312  0.158619
0.31412  -0.130136  -0.0522301  -0.130136  0.272786  0.0806713  -0.0522301  0.0806713  0.158675
0.314085  -0.130165  -0.0522891  -0.130165  0.272913  0.0807652  -0.0522891  0.0807652  0.158715
0.314078  -0.130168  -0.0523054  -0.130168  0.272935  0.0807853  -0.0523054  0.0807853  0.158724
0.314048  -0.130227  -0.0523935  -0.130227  0.27312  0.0809183  -0.0523935  0.0809183  0.158776
0.314046  -0.130251  -0.052405  -0.130251  0.273167  0.0809446  -0.052405  0.0809446  0.158784
0.314027  -0.130325  -0.0525283  -0.130325  0.273371  0.0811033  -0.0525283  0.0811033  0.158845
0.313986  -0.130356  -0.0526035  -0.130356  0.273521  0.0812176  -0.0526035  0.0812176  0.158894
0.313997  -0.130384  -0.0526164  -0.130384  0.273556  0.0812366  -0.0526164  0.0812366  0.158898
0.313947  -0.130442  -0.0527194  -0.130442  0.273775  0.0813976  -0.0527194  0.0813976  0.158963
0.31391  -0.130494  -0.0527898  -0.130494  0.27395  0.0815185  -0.0527898  0.0815185  0.159011
0.313898  -0.13049  -0.0527884  -0.13049  0.273962  0.0815259  -0.0527884  0.0815259  0.159015
0.313853  -0.130555  -0.0529089  -0.130555  0.274192  0.0817001  -0.0529089  0.0817001  0.159086
0.313841  -0.130551  -0.0529076  -0.130551  0.274204  0.0817075  -0.0529076  0.0817075  0.15909
0.313791  -0.130608  -0.0530104  -0.130608  0.274424  0.0818691  -0.0530104  0.0818691  0.159157
0.313761  -0.130657  -0.0530645  -0.130657  0.274577  0.08197  -0.0530645  0.08197  0.159196
0.313754  -0.13066  -0.0530807  -0.13066  0.274599  0.0819903  -0.0530807  0.0819903  0.159205
0.313698  -0.13071  -0.0531659  -0.13071  0.274809  0.0821393  -0.0531659  0.0821393  0.159266
0.313691  -0.130713  -0.0531821  -0.130713  0.274832  0.0821596  -0.0531821  0.0821596  0.159276
0.313648  -0.130767  -0.0532686  -0.130767  0.27503  0.0823014  -0.0532686  0.0823014  0.159333
0.3136  -0.130791  -0.0533259  -0.130791  0.27517  0.0824038  -0.0533259  0.0824038  0.159377
0.313606  -0.130798  -0.0533436  -0.130798  0.27518  0.0824167  -0.0533436  0.0824167  0.159382
0.313544  -0.130827  -0.0534333  -0.130827  0.275366  0.0825598  -0.0534333  0.0825598  0.159445
0.313537  -0.130843  -0.0534271  -0.130843  0.275403  0.0825735  -0.0534271  0.0825735  0.159449
0.313476  -0.130872  -0.0535168  -0.130872  0.275589  0.0827168  -0.0535168  0.0827168  0.159512
0.313428  -0.130895  -0.0535739  -0.130895  0.275729  0.0828194  -0.0535739  0.0828194  0.159556
0.313428  -0.130895  -0.0535739  -0.130895  0.275729  0.0828194  -0.0535739  0.0828194  0.159556
0.31336  -0.13093  -0.0536233  -0.13093  0.275919  0.0829432  -0.0536233  0.0829432  0.159608
0.313366  -0.130937  -0.053641  -0.130937  0.27593  0.0829562  -0.053641  0.0829562  0.159613
0.313293  -0.130951  -0.0536951  -0.130951  0.276095  0.0830737  -0.0536951  0.0830737  0.159667
0.313247  -0.130964  -0.0537182  -0.130964  0.276203  0.0831431  -0.0537182  0.0831431  0.159697
0.313252  -0.130971  -0.0537359  -0.130971  0.276213  0.0831561  -0.0537359  0.0831561  0.159702
0.313174  -0.130978  -0.0537721  -0.130978  0.276368  0.0832608  -0.0537721  0.0832608  0.15975
0.313174  -0.130978  -0.0537721  -0.130978  0.276368  0.0832608  -0.0537721  0.0832608  0.15975
0.313096  -0.130984  -0.0538083  -0.130984  0.276523  0.0833654  -0.0538083  0.0833654  0.159798
0.313057  -0.130981  -0.0538375  -0.130981  0.276593  0.0834211  -0.0538375  0.0834211  0.159826
0.313044  -0.130976  -0.053836  -0.130976  0.276606  0.0834285  -0.053836  0.0834285  0.15983
0.312991  -0.130991  -0.0538751  -0.130991  0.276736  0.0835184  -0.0538751  0.0835184  0.15987
0.312991  -0.130991  -0.0538751  -0.130991  0.276736  0.0835184  -0.0538751  0.0835184  0.15987
0.312927  -0.130978  -0.0539012  -0.130978  0.276831  0.0835889  -0.0539012  0.0835889  0.159905
0.312888  -0.130988  -0.053908  -0.130988  0.276916  0.083638  -0.053908  0.083638  0.159926
0.312875  -0.130984  -0.0539064  -0.130984  0.276928  0.0836454  -0.0539064  0.0836454  0.159931
0.312823  -0.130989  -0.0539116  -0.130989  0.277026  0.0837018  -0.0539116  0.0837018  0.159956
0.312823  -0.130989  -0.0539116  -0.130989  0.277026  0.0837018  -0.0539116  0.0837018  0.159956
0.312767  -0.130973  -0.0539214  -0.130973  0.277098  0.0837519  -0.0539214  0.0837519  0.159982
0.312717  -0.130955  -0.0539151  -0.130955  0.277148  0.0837815  -0.0539151  0.0837815  0.159999
0.312722  -0.130976  -0.0539104  -0.130976  0.277173  0.0837879  -0.0539104  0.0837879  0.159998
0.312659  -0.130953  -0.0539025  -0.130953  0.277235  0.0838249  -0.0539025  0.0838249  0.160019
0.312659  -0.130953  -0.0539025  -0.130953  0.277235  0.0838249  -0.0539025  0.0838249  0.160019
0.312592  -0.130923  -0.053877  -0.130923  0.277286  0.0838488  -0.053877  0.0838488  0.160035
0.312549  -0.130902  -0.0538546  -0.130902  0.277313  0.083858  -0.0538546  0.083858  0.160043
0.312549  -0.130902  -0.0538546  -0.130902  0.277313  0.083858  -0.0538546  0.083858  0.160043
0.312481  -0.130871  -0.053829  -0.130871  0.277365  0.0838819  -0.053829  0.0838819  0.160059
0.312481  -0.130871  -0.053829  -0.130871  0.277365  0.0838819  -0.053829  0.0838819  0.160059
0.312408  -0.130834  -0.0537858  -0.130834  0.277406  0.0838928  -0.0537858  0.0838928  0.16007
0.312408  -0.130834  -0.0537858  -0.130834  0.277406  0.0838928  -0.0537858  0.0838928  0.16007
0.31233  -0.130789  -0.0537249  -0.130789  0.277437  0.0838907  -0.0537249  0.0838907  0.160076
0.31233  -0.130789  -0.0537249  -0.130789  0.277437  0.0838907  -0.0537249  0.0838907  0.160076
0.312264  -0.130749  -0.0536657  -0.130749  0.277455  0.0838812  -0.0536657  0.0838812  0.160077
0.312211  -0.130714  -0.0536081  -0.130714  0.277461  0.0838643  -0.0536081  0.0838643  0.160075
0.312211  -0.130714  -0.0536081  -0.130714  0.277461  0.0838643  -0.0536081  0.0838643  0.160075
0.312135  -0.13066  -0.0535138  -0.13066  0.277459  0.0838288  -0.0535138  0.0838288  0.160067
0.312076  -0.130617  -0.0534387  -0.130617  0.277455  0.083799  -0.0534387  0.083799  0.160059
0.312076  -0.130617  -0.0534387  -0.130617  0.277455  0.083799  -0.0534387  0.083799  0.160059
0.31199  -0.130535  -0.0533317  -0.130535  0.277418  0.0837443  -0.0533317  0.0837443  0.160047
0.31199  -0.130535  -0.0533317  -0.130535  0.277418  0.0837443  -0.0533317  0.0837443  0.160047
0.311894  -0.130426  -0.0532121  -0.130426  0.277345  0.0836703  -0.0532121  0.0836703  0.160031
0.311894  -0.130426  -0.0532121  -0.130426  0.277345  0.0836703  -0.0532121  0.0836703  0.160031
0.311809  -0.130334  -0.053072  -0.130334  0.277276  0.0835825  -0.053072  0.0835825  0.160005
0.311753  -0.130269  -0.0529862  -0.130269  0.277224  0.0835263  -0.0529862  0.0835263  0.159989
0.311748  -0.130262  -0.0529687  -0.130262  0.277214  0.0835133  -0.0529687  0.0835133  0.159985
0.31166  -0.13015  -0.0528338  -0.13015  0.277119  0.0834195  -0.0528338  0.0834195  0.15996
0.31166  -0.13015  -0.0528338  -0.13015  0.277119  0.0834195  -0.0528338  0.0834195  0.15996
0.311566  -0.130032  -0.0526816  -0.130032  0.277014  0.0833131  -0.0526816  0.0833131  0.159931
0.311561  -0.130024  -0.0526642  -0.130024  0.277004  0.0833002  -0.0526642  0.0833002  0.159926
0.311473  -0.129913  -0.0525298  -0.129913  0.27691  0.0832069  -0.0525298  0.0832069  0.159902
0.311403  -0.129814  -0.0524145  -0.129814  0.276814  0.0831192  -0.0524145  0.0831192  0.159878
0.311397  -0.129807  -0.0523971  -0.129807  0.276803  0.0831063  -0.0523971  0.0831063  0.159873
0.311312  -0.129673  -0.0522521  -0.129673  0.276662  0.0829869  -0.0522521  0.0829869  0.159842
0.311312  -0.129673  -0.0522521  -0.129673  0.276662  0.0829869  -0.0522521  0.0829869  0.159842
0.311205  -0.129521  -0.0520713  -0.129521  0.276513  0.0828497  -0.0520713  0.0828497  0.159805
0.31113  -0.129415  -0.0519394  -0.129415  0.276408  0.0827499  -0.0519394  0.0827499  0.159778
0.31112  -0.129388  -0.0519269  -0.129388  0.276373  0.0827309  -0.0519269  0.0827309  0.159774
0.311036  -0.129255  -0.0517828  -0.129255  0.276232  0.0826124  -0.0517828  0.0826124  0.159743
0.311031  -0.129248  -0.0517655  -0.129248  0.276222  0.0825997  -0.0517655  0.0825997  0.159738
0.310926  -0.129083  -0.0516079  -0.129083  0.27606  0.0824699  -0.0516079  0.0824699  0.159709
0.310859  -0.128962  -0.0514831  -0.128962  0.275918  0.0823573  -0.0514831  0.0823573  0.159679
0.310854  -0.128955  -0.0514659  -0.128955  0.275908  0.0823447  -0.0514659  0.0823447  0.159674
0.310735  -0.128757  -0.0512794  -0.128757  0.275702  0.0821842  -0.0512794  0.0821842  0.159637
0.31073  -0.128751  -0.0512622  -0.128751  0.275692  0.0821716  -0.0512622  0.0821716  0.159632
0.310634  -0.128571  -0.0511119  -0.128571  0.275494  0.0820294  -0.0511119  0.0820294  0.1596
0.310629  -0.128565  -0.0510948  -0.128565  0.275484  0.0820169  -0.0510948  0.0820169  0.159596
0.310529  -0.12837  -0.050895  -0.12837  0.275244  0.0818302  -0.050895  0.0818302  0.159546
0.310454  -0.128223  -0.0507591  -0.128223  0.27507  0.0817003  -0.0507591  0.0817003  0.159514
0.310445  -0.128196  -0.0507469  -0.128196  0.275035  0.0816816  -0.0507469  0.0816816  0.15951
0.310335  -0.127997  -0.0505466  -0.127997  0.274809  0.0815034  -0.0505466  0.0815034  0.159467
0.31033  -0.12799  -0.0505296  -0.12799  0.2748  0.0814909  -0.0505296  0.0814909  0.159462
0.310227  -0.12779  -0.0503143  -0.12779  0.274552  0.0812936  -0.0503143  0.0812936  0.15941
0.310165  -0.127662  -0.0501591  -0.127662  0.274381  0.0811513  -0.0501591  0.0811513  0.15937
0.31016  -0.127642  -0.050164  -0.127642  0.274357  0.0811452  -0.050164  0.0811452  0.159371
0.310068  -0.127469  -0.0499617  -0.127469  0.274145  0.0809675  -0.0499617  0.0809675  0.159324
0.310058  -0.127442  -0.0499497  -0.127442  0.274111  0.0809491  -0.0499497  0.0809491  0.15932
0.309982  -0.127281  -0.0497662  -0.127281  0.273897  0.080777  -0.0497662  0.080777  0.159274
0.309978  -0.127274  -0.0497493  -0.127274  0.273887  0.0807647  -0.0497493  0.0807647  0.159269
0.309893  -0.127087  -0.0495543  -0.127087  0.27364  0.0805747  -0.0495543  0.0805747  0.15922
0.309837  -0.126967  -0.0494173  -0.126967  0.273481  0.0804464  -0.0494173  0.0804464  0.159186
0.309827  -0.12694  -0.0494054  -0.12694  0.273447  0.0804281  -0.0494054  0.0804281  0.159182
0.309753  -0.12678  -0.0492231  -0.12678  0.273235  0.0802575  -0.0492231  0.0802575  0.159137
0.309748  -0.126773  -0.0492063  -0.126773  0.273225  0.0802453  -0.0492063  0.0802453  0.159133
0.309678  -0.12662  -0.0490413  -0.12662  0.273023  0.0800874  -0.0490413  0.0800874  0.159092
0.309627  -0.126507  -0.0489219  -0.126507  0.272874  0.0799722  -0.0489219  0.0799722  0.159063
0.309623  -0.1265  -0.0489052  -0.1265  0.272864  0.0799601  -0.0489052  0.0799601  0.159059
0.309553  -0.126348  -0.0487407  -0.126348  0.272663  0.0798029  -0.0487407  0.0798029  0.159019
0.309549  -0.126341  -0.048724  -0.126341  0.272654  0.0797908  -0.048724  0.0797908  0.159015
0.309491  -0.126206  -0.0485396  -0.126206  0.272455  0.0796206  -0.0485396  0.0796206  0.158967
0.309445  -0.1261  -0.0484376  -0.1261  0.272317  0.0795184  -0.0484376  0.0795184  0.158943
0.30944  -0.126094  -0.0484209  -0.126094  0.272307  0.0795064  -0.0484209  0.0795064  0.158939
0.309376  -0.125962  -0.0482525  -0.125962  0.272131  0.0793563  -0.0482525  0.0793563  0.158899
0.309376  -0.125962  -0.0482525  -0.125962  0.272131  0.0793563  -0.0482525  0.0793563  0.158899
0.309312  -0.12583  -0.0480845  -0.12583  0.271955  0.0792067  -0.0480845  0.0792067  0.15886
0.309267  -0.125725  -0.047983  -0.125725  0.271818  0.0791052  -0.047983  0.0791052  0.158837
0.309263  -0.125718  -0.0479665  -0.125718  0.271808  0.0790932  -0.0479665  0.0790932  0.158833
0.309215  -0.125597  -0.0478167  -0.125597  0.27163  0.0789488  -0.0478167  0.0789488  0.158794
0.30921  -0.125591  -0.0478001  -0.125591  0.271621  0.0789369  -0.0478001  0.0789369  0.15879
0.309143  -0.12544  -0.0476379  -0.12544  0.271423  0.0787824  -0.0476379  0.0787824  0.158753
0.309143  -0.12544  -0.0476379  -0.12544  0.271423  0.0787824  -0.0476379  0.0787824  0.158753
