0.325024  -0.16854  -0.0902134  -0.16854  0.342151  0.131178  -0.0902134  0.131178  0.180904
0.325024  -0.16854  -0.0902134  -0.16854  0.342151  0.131178  -0.0902134  0.131178  0.180904
0.325024  -0.16854  -0.0902134  -0.16854  0.342151  0.131178  -0.0902134  0.131178  0.180904
0.325009  -0.169104  -0.0887415  -0.169104  0.342666  0.130333  -0.0887415  0.130333  0.179937
0.325055  -0.169267  -0.0885547  -0.169267  0.342831  0.130252  -0.0885547  0.130252  0.17981
0.325023  -0.169434  -0.0880046  -0.169434  0.342982  0.129925  -0.0880046  0.129925  0.17946
0.324833  -0.168753  -0.0879322  -0.168753  0.341907  0.129484  -0.0879322  0.129484  0.17938
0.324798  -0.168625  -0.0879732  -0.168625  0.341729  0.129451  -0.0879732  0.129451  0.179403
0.324615  -0.16844  -0.0871469  -0.16844  0.341313  0.128736  -0.0871469  0.128736  0.178871
0.324587  -0.168473  -0.0868926  -0.168473  0.34132  0.128564  -0.0868926  0.128564  0.178711
0.324511  -0.168572  -0.0861121  -0.168572  0.341312  0.128018  -0.0861121  0.128018  0.178218
0.324609  -0.168321  -0.0854717  -0.168321  0.340336  0.127115  -0.0854717  0.127115  0.177685
0.324634  -0.168213  -0.0854864  -0.168213  0.340077  0.12701  -0.0854864  0.12701  0.177664
0.324823  -0.167151  -0.0863456  -0.167151  0.337963  0.126686  -0.0863456  0.126686  0.177986
0.324864  -0.167126  -0.0863684  -0.167126  0.337851  0.126642  -0.0863684  0.126642  0.177979
0.324993  -0.167148  -0.0862524  -0.167148  0.337611  0.126417  -0.0862524  0.126417  0.177841
0.325526  -0.168262  -0.0848343  -0.168262  0.338282  0.125506  -0.0848343  0.125506  0.176817
0.325613  -0.16835  -0.0847535  -0.16835  0.33827  0.125415  -0.0847535  0.125415  0.176738
0.326179  -0.167801  -0.0859557  -0.167801  0.33669  0.125443  -0.0859557  0.125443  0.177204
0.326201  -0.16773  -0.0860989  -0.16773  0.336573  0.125489  -0.0860989  0.125489  0.177281
0.326617  -0.167892  -0.0863622  -0.167892  0.336287  0.125428  -0.0863622  0.125428  0.177301
0.326644  -0.167995  -0.0862535  -0.167995  0.336398  0.125388  -0.0862535  0.125388  0.177232
0.326921  -0.169426  -0.0840374  -0.169426  0.337824  0.1243  -0.0840374  0.1243  0.175858
0.32693  -0.169456  -0.0839631  -0.169456  0.337839  0.124249  -0.0839631  0.124249  0.17581
0.327105  -0.168444  -0.0854539  -0.168444  0.336146  0.124567  -0.0854539  0.124567  0.176557
0.327099  -0.168319  -0.0856233  -0.168319  0.33598  0.124622  -0.0856233  0.124622  0.176653
0.326958  -0.168017  -0.0858081  -0.168017  0.3357  0.124681  -0.0858081  0.124681  0.17679
0.326942  -0.168212  -0.0854956  -0.168212  0.335982  0.12458  -0.0854956  0.12458  0.176618
0.326906  -0.168992  -0.0841179  -0.168992  0.337011  0.124029  -0.0841179  0.124029  0.175844
0.326903  -0.169624  -0.0825372  -0.169624  0.337608  0.123134  -0.0825372  0.123134  0.174917
0.326927  -0.16954  -0.0826371  -0.16954  0.33744  0.123131  -0.0826371  0.123131  0.174957
0.326881  -0.167614  -0.0859023  -0.167614  0.33507  0.12451  -0.0859023  0.12451  0.17682
0.326864  -0.167507  -0.0860627  -0.167507  0.334956  0.124582  -0.0860627  0.124582  0.176919
0.326923  -0.168479  -0.0852575  -0.168479  0.336448  0.124609  -0.0852575  0.124609  0.176512
0.326926  -0.168685  -0.08495  -0.168685  0.336721  0.124501  -0.08495  0.124501  0.176338
0.327059  -0.170777  -0.0816526  -0.170777  0.33929  0.123122  -0.0816526  0.123122  0.174478
0.327128  -0.170822  -0.0816207  -0.170822  0.339247  0.12306  -0.0816207  0.12306  0.174436
0.327181  -0.170523  -0.0820422  -0.170523  0.338728  0.123141  -0.0820422  0.123141  0.174631
0.327184  -0.168048  -0.087039  -0.168048  0.335908  0.125574  -0.087039  0.125574  0.177539
0.32712  -0.167811  -0.0873313  -0.167811  0.335676  0.125705  -0.0873313  0.125705  0.177731
0.327242  -0.168675  -0.0874483  -0.168675  0.337241  0.126406  -0.0874483  0.126406  0.177905
0.32728  -0.169126  -0.0868323  -0.169126  0.33781  0.126191  -0.0868323  0.126191  0.177538
0.327176  -0.172171  -0.081154  -0.172171  0.341714  0.12369  -0.081154  0.12369  0.174351
0.327259  -0.172355  -0.0809757  -0.172355  0.341868  0.123593  -0.0809757  0.123593  0.174234
0.327516  -0.17237  -0.0814648  -0.17237  0.341655  0.123785  -0.0814648  0.123785  0.174436
0.32722  -0.169076  -0.0869156  -0.169076  0.33785  0.126286  -0.0869156  0.126286  0.177614
0.327193  -0.16853  -0.0879373  -0.16853  0.337251  0.126775  -0.0879373  0.126775  0.178244
0.32687  -0.168595  -0.088762  -0.168595  0.33831  0.127912  -0.088762  0.127912  0.178987
0.326894  -0.168808  -0.0885296  -0.168808  0.338594  0.127858  -0.0885296  0.127858  0.178848
0.326607  -0.172438  -0.0817496  -0.172438  0.343533  0.125038  -0.0817496  0.125038  0.175024
0.326552  -0.172522  -0.0814507  -0.172522  0.343676  0.124892  -0.0814507  0.124892  0.174871
0.327188  -0.172058  -0.0843883  -0.172058  0.342855  0.12652  -0.0843883  0.12652  0.176428
0.327095  -0.171538  -0.0850473  -0.171538  0.342244  0.126785  -0.0850473  0.126785  0.176821
0.32666  -0.169609  -0.0870786  -0.169609  0.339981  0.127469  -0.0870786  0.127469  0.178074
0.326569  -0.168941  -0.0890991  -0.168941  0.339687  0.128831  -0.0890991  0.128831  0.179428
0.326654  -0.169495  -0.0886644  -0.169495  0.340462  0.128817  -0.0886644  0.128817  0.179174
0.326473  -0.172759  -0.0827091  -0.172759  0.34485  0.12632  -0.0827091  0.12632  0.17576
0.326394  -0.17292  -0.0821234  -0.17292  0.345073  0.126  -0.0821234  0.126  0.175442
0.326561  -0.17308  -0.0821478  -0.17308  0.345114  0.12598  -0.0821478  0.12598  0.175412
0.32667  -0.170035  -0.0878732  -0.170035  0.341178  0.128539  -0.0878732  0.128539  0.1787
0.326638  -0.169704  -0.0883924  -0.169704  0.340794  0.128765  -0.0883924  0.128765  0.179024
0.326618  -0.168967  -0.0902533  -0.168967  0.340167  0.129848  -0.0902533  0.129848  0.180244
0.326698  -0.169415  -0.0898895  -0.169415  0.340768  0.129815  -0.0898895  0.129815  0.18002
0.326921  -0.171026  -0.0877035  -0.171026  0.342671  0.128956  -0.0877035  0.128956  0.178637
0.32702  -0.173413  -0.0831788  -0.173413  0.345416  0.126715  -0.0831788  0.126715  0.175938
0.327471  -0.172756  -0.085549  -0.172756  0.344283  0.127862  -0.085549  0.127862  0.177203
0.32745  -0.172473  -0.0858958  -0.172473  0.343892  0.127965  -0.0858958  0.127965  0.177398
0.327272  -0.169595  -0.0906297  -0.169595  0.340444  0.130028  -0.0906297  0.130028  0.180321
0.327259  -0.169267  -0.0909679  -0.169267  0.339958  0.130068  -0.0909679  0.130068  0.180517
0.327187  -0.169302  -0.0908579  -0.169302  0.340106  0.130075  -0.0908579  0.130075  0.180477
0.327258  -0.172346  -0.0862529  -0.172346  0.344131  0.128387  -0.0862529  0.128387  0.177707
0.327274  -0.172763  -0.0856103  -0.172763  0.344677  0.128132  -0.0856103  0.128132  0.177334
0.32766  -0.172369  -0.0870487  -0.172369  0.343808  0.128709  -0.0870487  0.128709  0.178077
0.327685  -0.172232  -0.0873069  -0.172232  0.343597  0.128803  -0.0873069  0.128803  0.178221
0.327676  -0.170057  -0.0912328  -0.170057  0.340934  0.130541  -0.0912328  0.130541  0.180653
0.327607  -0.169918  -0.0912867  -0.169918  0.340798  0.130544  -0.0912867  0.130544  0.180701
0.327885  -0.172012  -0.0890875  -0.172012  0.343576  0.130031  -0.0890875  0.130031  0.179344
0.32785  -0.172173  -0.0886748  -0.172173  0.343785  0.129828  -0.0886748  0.129828  0.179095
0.327956  -0.1737  -0.0857406  -0.1737  0.345441  0.128316  -0.0857406  0.128316  0.17728
0.327939  -0.173596  -0.0857601  -0.173596  0.345265  0.128265  -0.0857601  0.128265  0.177283
0.327881  -0.172878  -0.0864873  -0.172878  0.344211  0.12839  -0.0864873  0.12839  0.177679
0.327785  -0.170195  -0.0913637  -0.170195  0.341079  0.130662  -0.0913637  0.130662  0.180722
0.327747  -0.17001  -0.0916337  -0.17001  0.340894  0.13079  -0.0916337  0.13079  0.180907
0.3279  -0.171008  -0.0905635  -0.171008  0.342162  0.130506  -0.0905635  0.130506  0.180224
0.327941  -0.171451  -0.0898956  -0.171451  0.342693  0.130232  -0.0898956  0.130232  0.179799
0.328048  -0.173999  -0.0850143  -0.173999  0.345578  0.127804  -0.0850143  0.127804  0.176802
0.328117  -0.174093  -0.0849705  -0.174093  0.345629  0.12777  -0.0849705  0.12777  0.176758
0.328174  -0.173711  -0.0854685  -0.173711  0.344959  0.127849  -0.0854685  0.127849  0.177001
0.328276  -0.171028  -0.0904232  -0.171028  0.341481  0.129999  -0.0904232  0.129999  0.179952
0.328231  -0.170702  -0.0908213  -0.170702  0.341078  0.13013  -0.0908213  0.13013  0.180205
0.328136  -0.170382  -0.0909809  -0.170382  0.34067  0.130102  -0.0909809  0.130102  0.18031
0.328172  -0.170594  -0.0907997  -0.170594  0.340954  0.13008  -0.0907997  0.13008  0.180198
0.328131  -0.173695  -0.084911  -0.173695  0.34476  0.127371  -0.084911  0.127371  0.176643
0.328168  -0.173815  -0.0847531  -0.173815  0.344874  0.127288  -0.0847531  0.127288  0.176542
0.328555  -0.172659  -0.0869519  -0.172659  0.342777  0.127927  -0.0869519  0.127927  0.177659
0.328581  -0.172502  -0.0873108  -0.172502  0.34257  0.128095  -0.0873108  0.128095  0.177868
0.328508  -0.170127  -0.0908571  -0.170127  0.339456  0.129382  -0.0908571  0.129382  0.180004
0.328509  -0.17011  -0.0908852  -0.17011  0.339435  0.129393  -0.0908852  0.129393  0.180022
0.328748  -0.172867  -0.0872619  -0.172867  0.342999  0.128183  -0.0872619  0.128183  0.177823
0.328732  -0.173024  -0.086811  -0.173024  0.343153  0.127921  -0.086811  0.127921  0.177547
0.328978  -0.173998  -0.0851651  -0.173998  0.343998  0.126978  -0.0851651  0.126978  0.176494
0.328982  -0.173882  -0.0853621  -0.173882  0.343839  0.127057  -0.0853621  0.127057  0.176604
0.329235  -0.171167  -0.0902683  -0.171167  0.34003  0.128975  -0.0902683  0.128975  0.179427
0.32918  -0.170774  -0.090872  -0.170774  0.3396  0.129244  -0.090872  0.129244  0.179819
0.329119  -0.170153  -0.09189  -0.170153  0.338913  0.129699  -0.09189  0.129699  0.180482
0.329567  -0.173279  -0.0880799  -0.173279  0.342765  0.128423  -0.0880799  0.128423  0.178096
0.329559  -0.173515  -0.0875389  -0.173515  0.343025  0.128137  -0.0875389  0.128137  0.177766
0.329885  -0.175151  -0.0846065  -0.175151  0.344535  0.126492  -0.0846065  0.126492  0.175931
0.32996  -0.175177  -0.0847474  -0.175177  0.34452  0.126566  -0.0847474  0.126566  0.175997
0.329927  -0.172506  -0.089444  -0.172506  0.341175  0.128643  -0.089444  0.128643  0.178759
0.329885  -0.172088  -0.0902045  -0.172088  0.340736  0.129022  -0.0902045  0.129022  0.179246
0.329814  -0.17196  -0.0907875  -0.17196  0.340855  0.129514  -0.0907875  0.129514  0.179674
0.329896  -0.1725  -0.0902781  -0.1725  0.341577  0.129423  -0.0902781  0.129423  0.179365
0.330013  -0.174316  -0.0875663  -0.174316  0.343877  0.128362  -0.0875663  0.128362  0.177723
0.330228  -0.176383  -0.0842376  -0.176383  0.346309  0.126816  -0.0842376  0.126816  0.175755
0.330241  -0.176346  -0.0843472  -0.176346  0.346257  0.126873  -0.0843472  0.126873  0.175815
0.330487  -0.173903  -0.0890323  -0.173903  0.342856  0.128864  -0.0890323  0.128864  0.178462
0.330493  -0.173685  -0.0894747  -0.173685  0.342595  0.129076  -0.0894747  0.129076  0.178732
0.33031  -0.172964  -0.0908617  -0.172964  0.342056  0.129915  -0.0908617  0.129915  0.179677
0.330364  -0.173401  -0.0904618  -0.173401  0.342671  0.129865  -0.0904618  0.129865  0.179441
0.330292  -0.176804  -0.0843954  -0.176804  0.34713  0.127239  -0.0843954  0.127239  0.175904
0.330334  -0.177072  -0.0840334  -0.177072  0.347457  0.127085  -0.0840334  0.127085  0.175696
0.330549  -0.177358  -0.0839718  -0.177358  0.347645  0.127044  -0.0839718  0.127044  0.175614
0.330691  -0.174707  -0.088843  -0.174707  0.344053  0.129154  -0.088843  0.129154  0.178378
0.330688  -0.174491  -0.089306  -0.174491  0.343819  0.129397  -0.089306  0.129397  0.178666
0.330496  -0.173686  -0.0903716  -0.173686  0.342982  0.129888  -0.0903716  0.129888  0.179367
0.330532  -0.17395  -0.0901764  -0.17395  0.343368  0.129895  -0.0901764  0.129895  0.179257
0.330431  -0.177369  -0.0839241  -0.177369  0.347854  0.127129  -0.0839241  0.127129  0.175635
0.330414  -0.177458  -0.0836564  -0.177458  0.347954  0.126974  -0.0836564  0.126974  0.175484
0.330849  -0.176576  -0.0860076  -0.176576  0.346379  0.127959  -0.0860076  0.127959  0.176694
0.330889  -0.1764  -0.0863796  -0.1764  0.346107  0.128113  -0.0863796  0.128113  0.176895
0.330731  -0.173265  -0.0912462  -0.173265  0.342112  0.130085  -0.0912462  0.130085  0.179817
0.330702  -0.173095  -0.0913976  -0.173095  0.341884  0.130108  -0.0913976  0.130108  0.17991
0.330845  -0.176042  -0.087681  -0.176042  0.346006  0.129048  -0.087681  0.129048  0.177736
0.330772  -0.176199  -0.0871313  -0.176199  0.346218  0.128751  -0.0871313  0.128751  0.177419
0.330855  -0.177506  -0.0848174  -0.177506  0.347775  0.127629  -0.0848174  0.127629  0.176062
0.330845  -0.17723  -0.0851947  -0.17723  0.347383  0.127757  -0.0851947  0.127757  0.176267
0.330902  -0.176098  -0.0869652  -0.176098  0.345716  0.128384  -0.0869652  0.128384  0.177233
0.330411  -0.173228  -0.0911535  -0.173228  0.342541  0.130298  -0.0911535  0.130298  0.179887
0.33036  -0.17311  -0.0912589  -0.17311  0.342438  0.130347  -0.0912589  0.130347  0.179966
0.330119  -0.175578  -0.0878014  -0.175578  0.346371  0.129517  -0.0878014  0.129517  0.178056
0.330059  -0.175732  -0.0873062  -0.175732  0.346577  0.129254  -0.0873062  0.129254  0.177769
0.329803  -0.176825  -0.0844885  -0.176825  0.348072  0.127841  -0.0844885  0.127841  0.176177
0.32977  -0.17662  -0.0847899  -0.17662  0.347835  0.127983  -0.0847899  0.127983  0.176355
0.329447  -0.173489  -0.0893998  -0.173489  0.343974  0.129923  -0.0893998  0.129923  0.179112
0.329335  -0.172947  -0.090115  -0.172947  0.343381  0.130234  -0.090115  0.130234  0.179578
0.32899  -0.171542  -0.0914054  -0.171542  0.341708  0.130577  -0.0914054  0.130577  0.180426
0.328546  -0.173919  -0.0873021  -0.173919  0.34552  0.129309  -0.0873021  0.129309  0.178123
0.328425  -0.174352  -0.0862389  -0.174352  0.346161  0.128824  -0.0862389  0.128824  0.177522
0.328132  -0.175056  -0.0841641  -0.175056  0.347242  0.127814  -0.0841641  0.127814  0.176383
0.327829  -0.173463  -0.085821  -0.173463  0.345215  0.128325  -0.085821  0.128325  0.17735
0.327767  -0.172885  -0.0865109  -0.172885  0.34444  0.128538  -0.0865109  0.128538  0.177748
0.326875  -0.169261  -0.0901911  -0.169261  0.340276  0.129768  -0.0901911  0.129768  0.180129
0.326739  -0.169017  -0.0902432  -0.169017  0.340049  0.129751  -0.0902432  0.129751  0.180188
0.326514  -0.169537  -0.0893317  -0.169537  0.341095  0.12961  -0.0893317  0.12961  0.179725
0.325613  -0.171482  -0.0833702  -0.171482  0.344064  0.126776  -0.0833702  0.126776  0.176357
0.325589  -0.171589  -0.0831002  -0.171589  0.344211  0.126644  -0.0831002  0.126644  0.176208
0.324994  -0.169257  -0.0845522  -0.169257  0.34114  0.126654  -0.0845522  0.126654  0.177042
0.324981  -0.169056  -0.0848078  -0.169056  0.340865  0.126731  -0.0848078  0.126731  0.177187
0.323978  -0.165297  -0.0877006  -0.165297  0.336358  0.127245  -0.0877006  0.127245  0.179018
0.323917  -0.165155  -0.0876413  -0.165155  0.336155  0.127137  -0.0876413  0.127137  0.17898
0.323089  -0.166302  -0.0832236  -0.166302  0.338003  0.125018  -0.0832236  0.125018  0.176514
0.322484  -0.166476  -0.0802935  -0.166476  0.338177  0.123167  -0.0802935  0.123167  0.174902
0.322468  -0.166425  -0.0802326  -0.166425  0.338076  0.123087  -0.0802326  0.123087  0.174861
0.32213  -0.165257  -0.0805169  -0.165257  0.336444  0.122737  -0.0805169  0.122737  0.174997
0.321274  -0.160888  -0.0843796  -0.160888  0.330947  0.123455  -0.0843796  0.123455  0.177221
0.3205  -0.159028  -0.0842022  -0.159028  0.328588  0.122564  -0.0842022  0.122564  0.177151
0.320456  -0.159097  -0.0839416  -0.159097  0.328686  0.122439  -0.0839416  0.122439  0.177005
0.320218  -0.15985  -0.0818341  -0.15985  0.329667  0.121467  -0.0818341  0.121467  0.175823
0.319163  -0.160901  -0.0752688  -0.160901  0.330819  0.117657  -0.0752688  0.117657  0.172345
0.318725  -0.159291  -0.075533  -0.159291  0.328511  0.117046  -0.075533  0.117046  0.172429
0.318711  -0.159064  -0.0757403  -0.159064  0.328176  0.117059  -0.0757403  0.117059  0.172522
0.317787  -0.15458  -0.079374  -0.15458  0.322633  0.117541  -0.079374  0.117541  0.174473
0.317751  -0.154273  -0.0795499  -0.154273  0.322176  0.117476  -0.0795499  0.117476  0.174552
0.317382  -0.153196  -0.0793828  -0.153196  0.320683  0.116835  -0.0793828  0.116835  0.17444
0.316719  -0.155064  -0.0733892  -0.155064  0.322904  0.113893  -0.0733892  0.113893  0.171371
0.316662  -0.155197  -0.0728435  -0.155197  0.323033  0.113588  -0.0728435  0.113588  0.171101
0.316119  -0.153833  -0.0719344  -0.153833  0.320959  0.112282  -0.0719344  0.112282  0.170601
0.315823  -0.1512  -0.074581  -0.1512  0.317538  0.112742  -0.074581  0.112742  0.171852
0.315763  -0.150915  -0.0748458  -0.150915  0.317214  0.112801  -0.0748458  0.112801  0.171993
0.31497  -0.150073  -0.0730056  -0.150073  0.316248  0.111407  -0.0730056  0.111407  0.171138
0.314967  -0.150441  -0.0723618  -0.150441  0.316681  0.111159  -0.0723618  0.111159  0.170825
0.314611  -0.151177  -0.0691671  -0.151177  0.31738  0.109406  -0.0691671  0.109406  0.16932
0.313945  -0.149859  -0.0670218  -0.149859  0.315136  0.107249  -0.0670218  0.107249  0.168268
0.313844  -0.149303  -0.0673244  -0.149303  0.314376  0.107174  -0.0673244  0.107174  0.168382
0.313678  -0.14773  -0.0686186  -0.14773  0.312215  0.107196  -0.0686186  0.107196  0.168891
0.312763  -0.144772  -0.069426  -0.144772  0.308654  0.106512  -0.069426  0.106512  0.16929
0.312715  -0.144775  -0.0692857  -0.144775  0.30869  0.106451  -0.0692857  0.106451  0.169237
0.312172  -0.146427  -0.0637851  -0.146427  0.310482  0.103756  -0.0637851  0.103756  0.166904
0.312117  -0.146428  -0.063429  -0.146428  0.310437  0.103519  -0.063429  0.103519  0.166757
0.311686  -0.144474  -0.0634241  -0.144474  0.307516  0.10246  -0.0634241  0.10246  0.166643
0.311642  -0.144171  -0.0636331  -0.144171  0.307112  0.102444  -0.0636331  0.102444  0.166716
0.310938  -0.14117  -0.0653923  -0.14117  0.303569  0.10232  -0.0653923  0.10232  0.167458
0.310878  -0.14108  -0.0653177  -0.14108  0.303484  0.102255  -0.0653177  0.102255  0.167435
0.310291  -0.142379  -0.0607351  -0.142379  0.30509  0.100161  -0.0607351  0.100161  0.165713
0.310232  -0.142412  -0.0603585  -0.142412  0.305108  0.0999429  -0.0603585  0.0999429  0.165575
0.309788  -0.140728  -0.0597036  -0.140728  0.302512  0.0986019  -0.0597036  0.0986019  0.165229
0.309759  -0.140477  -0.0599002  -0.140477  0.302182  0.0986021  -0.0599002  0.0986021  0.165292
0.309205  -0.137629  -0.0619435  -0.137629  0.298844  0.0986792  -0.0619435  0.0986792  0.166064
0.309161  -0.137559  -0.0619097  -0.137559  0.298788  0.0986481  -0.0619097  0.0986481  0.16606
0.308632  -0.138222  -0.0587495  -0.138222  0.299707  0.0972125  -0.0587495  0.0972125  0.164992
0.308576  -0.138267  -0.0584164  -0.138267  0.299761  0.0970419  -0.0584164  0.0970419  0.164882
0.308176  -0.136742  -0.0578341  -0.136742  0.29748  0.0958615  -0.0578341  0.0958615  0.164597
0.308162  -0.136575  -0.0579903  -0.136575  0.297266  0.0958754  -0.0579903  0.0958754  0.164646
0.307592  -0.134117  -0.0596122  -0.134117  0.294601  0.0959398  -0.0596122  0.0959398  0.165276
0.307545  -0.13407  -0.0595166  -0.13407  0.294568  0.0958818  -0.0595166  0.0958818  0.16525
0.307006  -0.134828  -0.0564624  -0.134828  0.29575  0.0946683  -0.0564624  0.0946683  0.164336
0.30696  -0.13484  -0.0562229  -0.13484  0.295765  0.0945409  -0.0562229  0.0945409  0.164263
0.30667  -0.133159  -0.0565903  -0.133159  0.29344  0.093892  -0.0565903  0.093892  0.164313
0.306649  -0.132955  -0.0567534  -0.132955  0.293182  0.0938901  -0.0567534  0.0938901  0.164361
0.306176  -0.131362  -0.0577167  -0.131362  0.291692  0.0939932  -0.0577167  0.0939932  0.164785
0.306126  -0.131413  -0.0575555  -0.131413  0.291822  0.0939676  -0.0575555  0.0939676  0.164751
0.305949  -0.131741  -0.0565951  -0.131741  0.292373  0.0936774  -0.0565951  0.0936774  0.164492
0.305587  -0.131396  -0.0553792  -0.131396  0.291994  0.0928985  -0.0553792  0.0928985  0.164144
0.305578  -0.1312  -0.0555433  -0.1312  0.291729  0.0928888  -0.0555433  0.0928888  0.164186
0.305268  -0.12927  -0.0571638  -0.12927  0.289614  0.0930581  -0.0571638  0.0930581  0.164743
0.30521  -0.129183  -0.057151  -0.129183  0.289575  0.0930517  -0.057151  0.0930517  0.164757
0.305082  -0.129324  -0.0568094  -0.129324  0.289956  0.0930539  -0.0568094  0.0930539  0.164707
0.304694  -0.129744  -0.0550028  -0.129744  0.290774  0.0924498  -0.0550028  0.0924498  0.164252
0.304687  -0.12973  -0.0549684  -0.12973  0.290753  0.0924225  -0.0549684  0.0924225  0.164241
0.304554  -0.127972  -0.0564331  -0.127972  0.288524  0.0923822  -0.0564331  0.0923822  0.164655
0.304541  -0.127854  -0.0565175  -0.127854  0.288378  0.0923731  -0.0565175  0.0923731  0.16468
0.30427  -0.127559  -0.0560263  -0.127559  0.288235  0.0921086  -0.0560263  0.0921086  0.164592
0.304245  -0.127608  -0.0558954  -0.127608  0.288322  0.0920775  -0.0558954  0.0920775  0.164561
0.304028  -0.127534  -0.054865  -0.127534  0.288229  0.0915018  -0.054865  0.0915018  0.164263
0.304026  -0.127369  -0.0549679  -0.127369  0.287983  0.0914573  -0.0549679  0.0914573  0.164281
0.30396  -0.125844  -0.0562366  -0.125844  0.285984  0.091351  -0.0562366  0.091351  0.164616
0.303954  -0.125805  -0.0562459  -0.125805  0.285934  0.0913368  -0.0562459  0.0913368  0.164618
0.303753  -0.126023  -0.0549261  -0.126023  0.286196  0.0907504  -0.0549261  0.0907504  0.164235
0.303727  -0.126044  -0.0546995  -0.126044  0.286195  0.0906267  -0.0546995  0.0906267  0.164164
0.303701  -0.125973  -0.0544142  -0.125973  0.286007  0.0903881  -0.0544142  0.0903881  0.164057
0.30376  -0.124636  -0.0555614  -0.124636  0.284031  0.0901705  -0.0555614  0.0901705  0.16429
0.303764  -0.124577  -0.0556159  -0.124577  0.283943  0.0901617  -0.0556159  0.0901617  0.164301
0.303737  -0.124523  -0.0549752  -0.124523  0.283634  0.0896688  -0.0549752  0.0896688  0.164053
0.303727  -0.12453  -0.0548817  -0.12453  0.283631  0.0896174  -0.0548817  0.0896174  0.164024
0.303778  -0.124366  -0.0544791  -0.124366  0.283063  0.0891241  -0.0544791  0.0891241  0.163813
0.303791  -0.124311  -0.0545355  -0.124311  0.282963  0.0891081  -0.0545355  0.0891081  0.163819
0.303902  -0.123444  -0.0551349  -0.123444  0.281481  0.0887637  -0.0551349  0.0887637  0.163868
0.303901  -0.123431  -0.0550865  -0.123431  0.281438  0.0887178  -0.0550865  0.0887178  0.163848
0.303975  -0.123616  -0.0542026  -0.123616  0.281222  0.0881023  -0.0542026  0.0881023  0.163485
0.303981  -0.123614  -0.0541878  -0.123614  0.2812  0.0880823  -0.0541878  0.0880823  0.163475
0.304172  -0.123017  -0.0546091  -0.123017  0.279942  0.0877095  -0.0546091  0.0877095  0.163443
0.304199  -0.122946  -0.0546568  -0.122946  0.279786  0.0876596  -0.0546568  0.0876596  0.163436
0.304259  -0.12277  -0.0546786  -0.12277  0.279364  0.0874678  -0.0546786  0.0874678  0.163384
0.304455  -0.122923  -0.0540543  -0.122923  0.278945  0.0868777  -0.0540543  0.0868777  0.16305
0.304467  -0.12292  -0.0540246  -0.12292  0.2789  0.086838  -0.0540246  0.086838  0.163031
0.304714  -0.122567  -0.0542299  -0.122567  0.277866  0.0864256  -0.0542299  0.0864256  0.162918
0.304731  -0.122544  -0.0542596  -0.122544  0.277805  0.0864105  -0.0542596  0.0864105  0.162917
0.304977  -0.122491  -0.0540588  -0.122491  0.277118  0.0859263  -0.0540588  0.0859263  0.162691
0.30515  -0.122579  -0.053791  -0.122579  0.276797  0.0855883  -0.053791  0.0855883  0.162504
0.305185  -0.122551  -0.0537758  -0.122551  0.27667  0.0855141  -0.0537758  0.0855141  0.162474
0.305317  -0.122496  -0.0538685  -0.122496  0.276344  0.0853851  -0.0538685  0.0853851  0.162427
0.305654  -0.12248  -0.0540289  -0.12248  0.275703  0.0850982  -0.0540289  0.0850982  0.162297
0.30568  -0.122487  -0.0540174  -0.122487  0.275656  0.0850642  -0.0540174  0.0850642  0.162279
0.306066  -0.122776  -0.0537848  -0.122776  0.275273  0.0846617  -0.0537848  0.0846617  0.162019
0.306131  -0.122808  -0.053812  -0.122808  0.275209  0.0846311  -0.053812  0.0846311  0.161998
0.306539  -0.122906  -0.0540953  -0.122906  0.27469  0.0844494  -0.0540953  0.0844494  0.161898
0.306567  -0.12294  -0.0541111  -0.12294  0.274699  0.0844541  -0.0541111  0.0844541  0.161893
0.306974  -0.123345  -0.0540025  -0.123345  0.274545  0.0842181  -0.0540025  0.0842181  0.161692
0.30703  -0.123385  -0.0540064  -0.123385  0.274506  0.0841886  -0.0540064  0.0841886  0.16167
0.307194  -0.123484  -0.0540764  -0.123484  0.274387  0.0841318  -0.0540764  0.0841318  0.161624
0.307675  -0.123778  -0.0543714  -0.123778  0.274093  0.0840392  -0.0543714  0.0840392  0.161526
0.307696  -0.123787  -0.0543748  -0.123787  0.274068  0.0840248  -0.0543748  0.0840248  0.161518
0.308138  -0.124311  -0.0543776  -0.124311  0.274124  0.0839358  -0.0543776  0.0839358  0.161367
0.308168  -0.124345  -0.0543935  -0.124345  0.274133  0.0839404  -0.0543935  0.0839404  0.161363
0.3086  -0.124654  -0.0547407  -0.124654  0.274  0.0839631  -0.0547407  0.0839631  0.161321
0.308631  -0.124689  -0.0547567  -0.124689  0.274009  0.0839678  -0.0547567  0.0839678  0.161317
0.309052  -0.12517  -0.0549077  -0.12517  0.274115  0.08399  -0.0549077  0.08399  0.161235
0.309067  -0.125194  -0.0549048  -0.125194  0.274126  0.0839893  -0.0549048  0.0839893  0.16123
0.309466  -0.125589  -0.0552552  -0.125589  0.274219  0.0841223  -0.0552552  0.0841223  0.161226
0.309487  -0.125607  -0.0552916  -0.125607  0.274227  0.0841406  -0.0552916  0.0841406  0.161233
0.309895  -0.12606  -0.055629  -0.12606  0.274404  0.0843021  -0.055629  0.0843021  0.161232
0.309916  -0.126091  -0.0556436  -0.126091  0.274426  0.0843143  -0.0556436  0.0843143  0.161233
0.31028  -0.126591  -0.0559214  -0.126591  0.274742  0.0845142  -0.0559214  0.0845142  0.16124
0.310318  -0.126634  -0.0559554  -0.126634  0.274761  0.0845321  -0.0559554  0.0845321  0.161241
0.310671  -0.127039  -0.05646  -0.127039  0.275039  0.0848453  -0.05646  0.0848453  0.161334
0.310698  -0.127078  -0.0564926  -0.127078  0.275071  0.0848707  -0.0564926  0.0848707  0.16134
0.311022  -0.127639  -0.0567464  -0.127639  0.275563  0.0851449  -0.0567464  0.0851449  0.161372
0.311039  -0.127651  -0.0567659  -0.127651  0.275561  0.0851507  -0.0567659  0.0851507  0.161374
0.311385  -0.128061  -0.0572911  -0.128061  0.275879  0.0854969  -0.0572911  0.0854969  0.161487
0.3114  -0.128095  -0.0573223  -0.128095  0.275924  0.08553  -0.0573223  0.08553  0.161497
0.31169  -0.128559  -0.0576173  -0.128559  0.276338  0.0858027  -0.0576173  0.0858027  0.161553
0.311712  -0.128592  -0.0576325  -0.128592  0.27636  0.0858154  -0.0576325  0.0858154  0.161554
0.311969  -0.128965  -0.0579274  -0.128965  0.276681  0.0860567  -0.0579274  0.0860567  0.161613
0.311986  -0.128977  -0.0579473  -0.128977  0.276679  0.0860627  -0.0579473  0.0860627  0.161615
0.312218  -0.129273  -0.0582777  -0.129273  0.276926  0.0862988  -0.0582777  0.0862988  0.161691
0.312236  -0.129285  -0.0582977  -0.129285  0.276925  0.0863049  -0.0582977  0.0863049  0.161693
0.312447  -0.129607  -0.058467  -0.129607  0.277187  0.0864622  -0.058467  0.0864622  0.161717
0.312457  -0.129635  -0.0584807  -0.129635  0.277222  0.0864825  -0.0584807  0.0864825  0.161722
0.312651  -0.129822  -0.058759  -0.129822  0.277332  0.0866395  -0.058759  0.0866395  0.16178
0.312669  -0.129834  -0.058779  -0.129834  0.27733  0.0866457  -0.058779  0.0866457  0.161782
0.312815  -0.130037  -0.0588911  -0.130037  0.277478  0.0867374  -0.0588911  0.0867374  0.161794
0.312815  -0.130037  -0.0588911  -0.130037  0.277478  0.0867374  -0.0588911  0.0867374  0.161794
0.312948  -0.130155  -0.0590049  -0.130155  0.277505  0.0867809  -0.0590049  0.0867809  0.1618
0.31296  -0.13016  -0.0590068  -0.13016  0.277493  0.0867736  -0.0590068  0.0867736  0.161796
0.312997  -0.130184  -0.0590471  -0.130184  0.277489  0.086786  -0.0590471  0.086786  0.1618
0.31306  -0.130221  -0.0590341  -0.130221  0.277441  0.0867426  -0.0590341  0.0867426  0.161772
0.313073  -0.130226  -0.059036  -0.130226  0.277429  0.0867352  -0.059036  0.0867352  0.161768
0.313108  -0.130196  -0.0590343  -0.130196  0.277319  0.0866785  -0.0590343  0.0866785  0.161747
0.313097  -0.130167  -0.0590205  -0.130167  0.277284  0.0866581  -0.0590205  0.0866581  0.161742
0.313102  -0.130111  -0.0589621  -0.130111  0.277155  0.0865682  -0.0589621  0.0865682  0.161706
0.313115  -0.130116  -0.058964  -0.130116  0.277143  0.0865609  -0.058964  0.0865609  0.161702
0.313078  -0.130014  -0.0588699  -0.130014  0.276993  0.0864519  -0.0588699  0.0864519  0.161663
0.313078  -0.130014  -0.0588699  -0.130014  0.276993  0.0864519  -0.0588699  0.0864519  0.161663
0.313036  -0.129892  -0.0587804  -0.129892  0.276818  0.0863362  -0.0587804  0.0863362  0.161626
0.313025  -0.129864  -0.0587666  -0.129864  0.276783  0.0863159  -0.0587666  0.0863159  0.161621
0.313009  -0.129829  -0.0587347  -0.129829  0.276737  0.0862821  -0.0587347  0.0862821  0.16161
0.312924  -0.129686  -0.0586215  -0.129686  0.27659  0.0861753  -0.0586215  0.0861753  0.161579
0.312924  -0.129686  -0.0586215  -0.129686  0.27659  0.0861753  -0.0586215  0.0861753  0.161579
0.312837  -0.129567  -0.0585204  -0.129567  0.27649  0.0860963  -0.0585204  0.0860963  0.161557
0.312813  -0.129534  -0.0585048  -0.129534  0.276467  0.0860834  -0.0585048  0.0860834  0.161556
0.312714  -0.129411  -0.058402  -0.129411  0.27638  0.0860119  -0.058402  0.0860119  0.161539
0.312696  -0.129399  -0.058382  -0.129399  0.276382  0.0860058  -0.058382  0.0860058  0.161537
0.31258  -0.129237  -0.0583046  -0.129237  0.276269  0.0859416  -0.0583046  0.0859416  0.161533
0.312568  -0.129232  -0.0583027  -0.129232  0.276281  0.0859489  -0.0583027  0.0859489  0.161537
0.312503  -0.129156  -0.0582518  -0.129156  0.276238  0.0859172  -0.0582518  0.0859172  0.161534
0.312361  -0.129021  -0.0581602  -0.129021  0.276211  0.0858887  -0.0581602  0.0858887  0.16154
0.312356  -0.129001  -0.0581646  -0.129001  0.276187  0.0858819  -0.0581646  0.0858819  0.161541
0.312197  -0.128828  -0.0580982  -0.128828  0.276134  0.0858606  -0.0580982  0.0858606  0.16156
0.312179  -0.128817  -0.0580783  -0.128817  0.276136  0.0858546  -0.0580783  0.0858546  0.161558
0.312121  -0.128748  -0.0580457  -0.128748  0.276103  0.0858364  -0.0580457  0.0858364  0.161561
0.311951  -0.128571  -0.0579776  -0.128571  0.276064  0.0858225  -0.0579776  0.0858225  0.161584
0.311934  -0.128559  -0.0579578  -0.128559  0.276065  0.0858165  -0.0579578  0.0858165  0.161582
0.311882  -0.128498  -0.0579432  -0.128498  0.276044  0.0858116  -0.0579432  0.0858116  0.161591
0.31175  -0.128335  -0.0578809  -0.128335  0.275967  0.0857758  -0.0578809  0.0857758  0.161602
0.311737  -0.128331  -0.057879  -0.128331  0.275979  0.0857831  -0.057879  0.0857831  0.161606
0.311623  -0.128194  -0.0578141  -0.128194  0.275915  0.0857469  -0.0578141  0.0857469  0.161611
0.311606  -0.128169  -0.0578168  -0.128169  0.275903  0.0857474  -0.0578168  0.0857474  0.161617
0.311498  -0.128039  -0.0577699  -0.128039  0.275849  0.0857244  -0.0577699  0.0857244  0.161628
0.311498  -0.128039  -0.0577699  -0.128039  0.275849  0.0857244  -0.0577699  0.0857244  0.161628
0.311419  -0.127939  -0.0577223  -0.127939  0.275795  0.0856937  -0.0577223  0.0856937  0.161631
0.311419  -0.127939  -0.0577223  -0.127939  0.275795  0.0856937  -0.0577223  0.0856937  0.161631
0.311357  -0.127864  -0.0576721  -0.127864  0.275753  0.0856624  -0.0576721  0.0856624  0.161627
0.311357  -0.127864  -0.0576721  -0.127864  0.275753  0.0856624  -0.0576721  0.0856624  0.161627
0.311325  -0.127818  -0.0576212  -0.127818  0.27571  0.0856234  -0.0576212  0.0856234  0.161615
0.311325  -0.127818  -0.0576212  -0.127818  0.27571  0.0856234  -0.0576212  0.0856234  0.161615
0.311299  -0.12777  -0.0575543  -0.12777  0.275645  0.0855638  -0.0575543  0.0855638  0.161592
0.311299  -0.12777  -0.0575543  -0.12777  0.275645  0.0855638  -0.0575543  0.0855638  0.161592
0.311297  -0.127744  -0.0574688  -0.127744  0.275568  0.0854833  -0.0574688  0.0854833  0.161554
0.311297  -0.127744  -0.0574688  -0.127744  0.275568  0.0854833  -0.0574688  0.0854833  0.161554
0.311275  -0.127663  -0.0573566  -0.127663  0.275423  0.0853631  -0.0573566  0.0853631  0.161506
0.311287  -0.127668  -0.0573584  -0.127668  0.275411  0.0853558  -0.0573584  0.0853558  0.161502
0.311289  -0.127658  -0.0573246  -0.127658  0.275378  0.0853222  -0.0573246  0.0853222  0.161486
0.311274  -0.127576  -0.0571966  -0.127576  0.27521  0.0851818  -0.0571966  0.0851818  0.161428
0.311274  -0.127576  -0.0571966  -0.127576  0.27521  0.0851818  -0.0571966  0.0851818  0.161428
0.311259  -0.127493  -0.0570687  -0.127493  0.275043  0.0850417  -0.0570687  0.0850417  0.161371
0.311242  -0.12742  -0.0569747  -0.12742  0.274909  0.0849352  -0.0569747  0.0849352  0.16133
0.311237  -0.127413  -0.0569569  -0.127413  0.274899  0.0849221  -0.0569569  0.0849221  0.161324
0.311224  -0.127356  -0.0569144  -0.127356  0.274808  0.0848622  -0.0569144  0.0848622  0.161304
0.311177  -0.127215  -0.0567586  -0.127215  0.274585  0.0846905  -0.0567586  0.0846905  0.161242
0.311177  -0.127215  -0.0567586  -0.127215  0.274585  0.0846905  -0.0567586  0.0846905  0.161242
0.311102  -0.127045  -0.0566041  -0.127045  0.274363  0.084527  -0.0566041  0.084527  0.16119
0.311102  -0.127045  -0.0566041  -0.127045  0.274363  0.084527  -0.0566041  0.084527  0.16119
0.311011  -0.12685  -0.0564527  -0.12685  0.274131  0.0843647  -0.0564527  0.0843647  0.161144
0.311001  -0.126823  -0.0564395  -0.126823  0.274097  0.0843451  -0.0564395  0.0843451  0.161139
0.310976  -0.126762  -0.0563956  -0.126762  0.274019  0.084293  -0.0563956  0.084293  0.161125
0.310883  -0.126591  -0.056256  -0.126591  0.273834  0.0841581  -0.056256  0.0841581  0.161088
0.310878  -0.126571  -0.0562605  -0.126571  0.27381  0.0841515  -0.0562605  0.0841515  0.161089
0.310781  -0.126381  -0.0561258  -0.126381  0.273602  0.0840104  -0.0561258  0.0840104  0.161053
0.310781  -0.126381  -0.0561258  -0.126381  0.273602  0.0840104  -0.0561258  0.0840104  0.161053
0.310684  -0.12619  -0.0559914  -0.12619  0.273394  0.0838696  -0.0559914  0.0838696  0.161018
0.310667  -0.126179  -0.0559722  -0.126179  0.273396  0.083864  -0.0559722  0.083864  0.161016
0.310633  -0.126092  -0.0559155  -0.126092  0.273285  0.0837929  -0.0559155  0.0837929  0.160997
0.310526  -0.125898  -0.0557799  -0.125898  0.273091  0.08366  -0.0557799  0.08366  0.160967
0.310521  -0.125891  -0.0557624  -0.125891  0.273081  0.0836472  -0.0557624  0.0836472  0.160961
0.310485  -0.125827  -0.0557173  -0.125827  0.273016  0.083603  -0.0557173  0.083603  0.160951
0.310395  -0.125644  -0.0556013  -0.125644  0.27282  0.0834761  -0.0556013  0.0834761  0.160922
0.310385  -0.125618  -0.0555883  -0.125618  0.272787  0.0834568  -0.0555883  0.0834568  0.160918
0.310295  -0.125436  -0.0554726  -0.125436  0.272591  0.0833302  -0.0554726  0.0833302  0.160889
0.310279  -0.125425  -0.0554535  -0.125425  0.272593  0.0833247  -0.0554535  0.0833247  0.160888
0.31025  -0.125345  -0.0554148  -0.125345  0.272494  0.083267  -0.0554148  0.083267  0.160875
0.310166  -0.125184  -0.0552949  -0.125184  0.272322  0.0831474  -0.0552949  0.0831474  0.160846
0.310161  -0.125177  -0.0552775  -0.125177  0.272312  0.0831347  -0.0552775  0.0831347  0.16084
0.310076  -0.125016  -0.0551579  -0.125016  0.272141  0.0830154  -0.0551579  0.0830154  0.160811
0.310076  -0.125016  -0.0551579  -0.125016  0.272141  0.0830154  -0.0551579  0.0830154  0.160811
0.310013  -0.124886  -0.055053  -0.124886  0.271991  0.0829082  -0.055053  0.0829082  0.160782
0.310008  -0.124879  -0.0550356  -0.124879  0.271981  0.0828956  -0.0550356  0.0828956  0.160777
0.309961  -0.124773  -0.0549279  -0.124773  0.271843  0.0827878  -0.0549279  0.0827878  0.160743
0.309945  -0.124763  -0.054909  -0.124763  0.271845  0.0827825  -0.054909  0.0827825  0.160742
0.309907  -0.124683  -0.0548142  -0.124683  0.27174  0.082694  -0.0548142  0.082694  0.160712
0.309903  -0.124663  -0.0548187  -0.124663  0.271716  0.0826876  -0.0548187  0.0826876  0.160713
0.309882  -0.124646  -0.0547826  -0.124646  0.271709  0.0826697  -0.0547826  0.0826697  0.160707
0.309867  -0.124626  -0.0547307  -0.124626  0.27168  0.082632  -0.0547307  0.082632  0.160691
0.309862  -0.124619  -0.0547134  -0.124619  0.27167  0.0826194  -0.0547134  0.0826194  0.160686
0.309841  -0.124602  -0.0546772  -0.124602  0.271662  0.0826015  -0.0546772  0.0826015  0.16068
0.309841  -0.124615  -0.0546554  -0.124615  0.271676  0.0825954  -0.0546554  0.0825954  0.160674
0.309841  -0.124615  -0.0546554  -0.124615  0.271676  0.0825954  -0.0546554  0.0825954  0.160674
0.309834  -0.124631  -0.0546493  -0.124631  0.271711  0.0826091  -0.0546493  0.0826091  0.160677
0.30982  -0.124662  -0.054637  -0.124662  0.271782  0.0826365  -0.054637  0.0826365  0.160683
0.30982  -0.124662  -0.054637  -0.124662  0.271782  0.0826365  -0.054637  0.0826365  0.160683
0.309814  -0.124677  -0.0546309  -0.124677  0.271817  0.0826503  -0.0546309  0.0826503  0.160687
0.309798  -0.124731  -0.0546297  -0.124731  0.271934  0.082704  -0.0546297  0.082704  0.160701
0.309779  -0.124742  -0.054622  -0.124742  0.271981  0.0827249  -0.054622  0.0827249  0.160709
0.309773  -0.124745  -0.0546377  -0.124745  0.272003  0.0827447  -0.0546377  0.0827447  0.160718
0.309766  -0.12476  -0.0546315  -0.12476  0.272039  0.0827585  -0.0546315  0.0827585  0.160722
0.309739  -0.124796  -0.0546506  -0.124796  0.272154  0.0828256  -0.0546506  0.0828256  0.160747
0.309728  -0.124792  -0.054649  -0.124792  0.272167  0.0828328  -0.054649  0.0828328  0.160751
0.309706  -0.124835  -0.0546853  -0.124835  0.272292  0.0829125  -0.0546853  0.0829125  0.160782
0.309694  -0.12483  -0.0546837  -0.12483  0.272304  0.0829198  -0.0546837  0.0829198  0.160786
0.309661  -0.124869  -0.0547183  -0.124869  0.272442  0.0830068  -0.0547183  0.0830068  0.160821
0.309661  -0.124869  -0.0547183  -0.124869  0.272442  0.0830068  -0.0547183  0.0830068  0.160821
0.309647  -0.124887  -0.0547278  -0.124887  0.2725  0.0830404  -0.0547278  0.0830404  0.160834
0.309625  -0.124916  -0.054786  -0.124916  0.272612  0.0831264  -0.054786  0.0831264  0.160871
0.309625  -0.124916  -0.054786  -0.124916  0.272612  0.0831264  -0.054786  0.0831264  0.160871
0.309599  -0.124939  -0.0548268  -0.124939  0.272714  0.0831998  -0.0548268  0.0831998  0.160903
0.309592  -0.124954  -0.0548206  -0.124954  0.272749  0.0832135  -0.0548206  0.0832135  0.160906
0.309581  -0.124988  -0.0548803  -0.124988  0.272849  0.0832924  -0.0548803  0.0832924  0.160939
0.309581  -0.124988  -0.0548803  -0.124988  0.272849  0.0832924  -0.0548803  0.0832924  0.160939
0.309566  -0.125015  -0.0549228  -0.125015  0.272939  0.0833586  -0.0549228  0.0833586  0.160966
0.309559  -0.125017  -0.0549384  -0.125017  0.272961  0.0833785  -0.0549384  0.0833785  0.160976
0.309551  -0.125042  -0.0549652  -0.125042  0.273029  0.0834248  -0.0549652  0.0834248  0.160994
0.309551  -0.125042  -0.0549652  -0.125042  0.273029  0.0834248  -0.0549652  0.0834248  0.160994
0.30956  -0.125068  -0.0549779  -0.125068  0.273062  0.083444  -0.0549779  0.083444  0.160998
0.309558  -0.125077  -0.0550109  -0.125077  0.273095  0.0834766  -0.0550109  0.0834766  0.161013
0.309562  -0.125097  -0.0550064  -0.125097  0.273118  0.0834831  -0.0550064  0.0834831  0.161012
0.309572  -0.12511  -0.055041  -0.12511  0.273138  0.0835085  -0.055041  0.0835085  0.161023
0.309572  -0.12511  -0.055041  -0.12511  0.273138  0.0835085  -0.055041  0.0835085  0.161023
0.309588  -0.125134  -0.0550381  -0.125134  0.273149  0.0835078  -0.0550381  0.0835078  0.161017
0.309604  -0.125145  -0.0550571  -0.125145  0.273146  0.0835132  -0.0550571  0.0835132  0.161019
0.309615  -0.12515  -0.0550587  -0.12515  0.273134  0.0835059  -0.0550587  0.0835059  0.161014
