0.301285  -0.131629  -0.0653421  -0.131629  0.306753  0.10693  -0.0653421  0.10693  0.17148
0.301285  -0.131629  -0.0653421  -0.131629  0.306753  0.10693  -0.0653421  0.10693  0.17148
0.301286  -0.131603  -0.0653136  -0.131603  0.306689  0.106883  -0.0653136  0.106883  0.17146
0.301282  -0.131597  -0.0652954  -0.131597  0.306677  0.106867  -0.0652954  0.106867  0.171451
0.301279  -0.13159  -0.0652772  -0.13159  0.306665  0.106851  -0.0652772  0.106851  0.171442
0.301264  -0.131491  -0.0652257  -0.131491  0.306493  0.106748  -0.0652257  0.106748  0.17141
0.301258  -0.131465  -0.065212  -0.131465  0.306453  0.106724  -0.065212  0.106724  0.171402
0.30123  -0.131353  -0.0651391  -0.131353  0.306282  0.106612  -0.0651391  0.106612  0.171365
0.301223  -0.131326  -0.0651254  -0.131326  0.306242  0.106588  -0.0651254  0.106588  0.171358
0.301202  -0.131215  -0.0650378  -0.131215  0.306047  0.106454  -0.0650378  0.106454  0.171308
0.301206  -0.131195  -0.0650274  -0.131195  0.305995  0.106423  -0.0650274  0.106423  0.171297
0.301194  -0.131142  -0.0650001  -0.131142  0.305916  0.106375  -0.0650001  0.106375  0.171283
0.301167  -0.130991  -0.0649216  -0.130991  0.305667  0.106224  -0.0649216  0.106224  0.171236
0.301153  -0.130893  -0.0648705  -0.130893  0.305497  0.106122  -0.0648705  0.106122  0.171204
0.301149  -0.130886  -0.0648523  -0.130886  0.305485  0.106106  -0.0648523  0.106106  0.171196
0.301129  -0.130748  -0.0648102  -0.130748  0.30526  0.105987  -0.0648102  0.105987  0.171166
0.301126  -0.130742  -0.0647921  -0.130742  0.305248  0.105972  -0.0647921  0.105972  0.171158
0.301108  -0.130637  -0.064723  -0.130637  0.305066  0.105854  -0.064723  0.105854  0.171117
0.301108  -0.130637  -0.064723  -0.130637  0.305066  0.105854  -0.064723  0.105854  0.171117
0.301088  -0.1305  -0.064681  -0.1305  0.304843  0.105735  -0.064681  0.105735  0.171088
0.301088  -0.1305  -0.064681  -0.1305  0.304843  0.105735  -0.064681  0.105735  0.171088
0.30107  -0.130421  -0.0646403  -0.130421  0.304725  0.105664  -0.0646403  0.105664  0.171067
0.301067  -0.130415  -0.0646222  -0.130415  0.304713  0.105648  -0.0646222  0.105648  0.171058
0.301048  -0.130323  -0.0646041  -0.130323  0.304581  0.105584  -0.0646041  0.105584  0.171047
0.301035  -0.13031  -0.0645828  -0.13031  0.30458  0.105576  -0.0645828  0.105576  0.171043
0.30102  -0.130239  -0.0645602  -0.130239  0.304475  0.10552  -0.0645602  0.10552  0.171031
0.30102  -0.130239  -0.0645602  -0.130239  0.304475  0.10552  -0.0645602  0.10552  0.171031
0.301017  -0.130232  -0.0645422  -0.130232  0.304463  0.105505  -0.0645422  0.105505  0.171022
0.301002  -0.13016  -0.0645196  -0.13016  0.304358  0.105449  -0.0645196  0.105449  0.17101
0.301002  -0.13016  -0.0645196  -0.13016  0.304358  0.105449  -0.0645196  0.105449  0.17101
0.300993  -0.130128  -0.0644881  -0.130128  0.304307  0.10541  -0.0644881  0.10541  0.170995
0.300993  -0.130128  -0.0644881  -0.130128  0.304307  0.10541  -0.0644881  0.10541  0.170995
0.300994  -0.130089  -0.0644823  -0.130089  0.304229  0.105371  -0.0644823  0.105371  0.170985
0.300994  -0.130089  -0.0644823  -0.130089  0.304229  0.105371  -0.0644823  0.105371  0.170985
0.300991  -0.130069  -0.0644868  -0.130069  0.304202  0.105363  -0.0644868  0.105363  0.170986
0.300995  -0.130063  -0.0644541  -0.130063  0.304165  0.105325  -0.0644541  0.105325  0.170965
0.300995  -0.130063  -0.0644541  -0.130063  0.304165  0.105325  -0.0644541  0.105325  0.170965
0.301012  -0.130069  -0.0644426  -0.130069  0.304129  0.105295  -0.0644426  0.105295  0.170949
0.301009  -0.130049  -0.0644471  -0.130049  0.304102  0.105287  -0.0644471  0.105287  0.17095
0.301013  -0.130043  -0.0644143  -0.130043  0.304066  0.105249  -0.0644143  0.105249  0.170929
0.301023  -0.130049  -0.0644176  -0.130049  0.304054  0.105242  -0.0644176  0.105242  0.170925
0.301026  -0.130069  -0.0644131  -0.130069  0.304081  0.10525  -0.0644131  0.10525  0.170924
0.30104  -0.130056  -0.0644061  -0.130056  0.304018  0.105213  -0.0644061  0.105213  0.170909
0.301037  -0.13005  -0.0643881  -0.13005  0.304006  0.105197  -0.0643881  0.105197  0.1709
0.301037  -0.13005  -0.0643881  -0.13005  0.304006  0.105197  -0.0643881  0.105197  0.1709
0.30105  -0.130076  -0.0643868  -0.130076  0.304021  0.105198  -0.0643868  0.105198  0.170895
0.301057  -0.130076  -0.0643721  -0.130076  0.303997  0.105176  -0.0643721  0.105176  0.170882
0.301057  -0.130076  -0.0643721  -0.130076  0.303997  0.105176  -0.0643721  0.105176  0.170882
0.301064  -0.130076  -0.0643573  -0.130076  0.303973  0.105154  -0.0643573  0.105154  0.17087
0.301064  -0.130076  -0.0643573  -0.130076  0.303973  0.105154  -0.0643573  0.105154  0.17087
0.301063  -0.130089  -0.0643348  -0.130089  0.303988  0.105146  -0.0643348  0.105146  0.17086
0.301063  -0.130089  -0.0643348  -0.130089  0.303988  0.105146  -0.0643348  0.105146  0.17086
0.301074  -0.130095  -0.064338  -0.130095  0.303976  0.105139  -0.064338  0.105139  0.170856
0.301074  -0.130095  -0.064338  -0.130095  0.303976  0.105139  -0.064338  0.105139  0.170856
0.301074  -0.130095  -0.064338  -0.130095  0.303976  0.105139  -0.064338  0.105139  0.170856
0.301074  -0.130095  -0.064338  -0.130095  0.303976  0.105139  -0.064338  0.105139  0.170856
0.301063  -0.130089  -0.0643348  -0.130089  0.303988  0.105146  -0.0643348  0.105146  0.17086
0.301063  -0.130089  -0.0643348  -0.130089  0.303988  0.105146  -0.0643348  0.105146  0.17086
0.301063  -0.130089  -0.0643348  -0.130089  0.303988  0.105146  -0.0643348  0.105146  0.17086
0.301063  -0.130089  -0.0643348  -0.130089  0.303988  0.105146  -0.0643348  0.105146  0.17086
0.301053  -0.130083  -0.0643316  -0.130083  0.304  0.105154  -0.0643316  0.105154  0.170864
0.301053  -0.130083  -0.0643316  -0.130083  0.304  0.105154  -0.0643316  0.105154  0.170864
0.301053  -0.130083  -0.0643316  -0.130083  0.304  0.105154  -0.0643316  0.105154  0.170864
0.301053  -0.130083  -0.0643316  -0.130083  0.304  0.105154  -0.0643316  0.105154  0.170864
0.301053  -0.130083  -0.0643316  -0.130083  0.304  0.105154  -0.0643316  0.105154  0.170864
0.301044  -0.130063  -0.0643508  -0.130063  0.303997  0.105168  -0.0643508  0.105168  0.170878
0.301044  -0.130063  -0.0643508  -0.130063  0.303997  0.105168  -0.0643508  0.105168  0.170878
0.301046  -0.130083  -0.0643463  -0.130083  0.304024  0.105176  -0.0643463  0.105176  0.170877
0.301043  -0.130076  -0.0643283  -0.130076  0.304012  0.105161  -0.0643283  0.105161  0.170868
0.301033  -0.130057  -0.0643476  -0.130057  0.304009  0.105175  -0.0643476  0.105175  0.170882
0.301033  -0.130057  -0.0643476  -0.130057  0.304009  0.105175  -0.0643476  0.105175  0.170882
0.301033  -0.130057  -0.0643476  -0.130057  0.304009  0.105175  -0.0643476  0.105175  0.170882
0.301033  -0.130057  -0.0643476  -0.130057  0.304009  0.105175  -0.0643476  0.105175  0.170882
0.301033  -0.130057  -0.0643476  -0.130057  0.304009  0.105175  -0.0643476  0.105175  0.170882
0.301033  -0.130057  -0.0643476  -0.130057  0.304009  0.105175  -0.0643476  0.105175  0.170882
0.301033  -0.130057  -0.0643476  -0.130057  0.304009  0.105175  -0.0643476  0.105175  0.170882
0.301033  -0.130057  -0.0643476  -0.130057  0.304009  0.105175  -0.0643476  0.105175  0.170882
0.301036  -0.130076  -0.0643431  -0.130076  0.304036  0.105183  -0.0643431  0.105183  0.170881
0.301036  -0.130076  -0.0643431  -0.130076  0.304036  0.105183  -0.0643431  0.105183  0.170881
0.301044  -0.130063  -0.0643508  -0.130063  0.303997  0.105168  -0.0643508  0.105168  0.170878
0.301044  -0.130063  -0.0643508  -0.130063  0.303997  0.105168  -0.0643508  0.105168  0.170878
0.301046  -0.130083  -0.0643463  -0.130083  0.304024  0.105176  -0.0643463  0.105176  0.170877
0.301046  -0.130083  -0.0643463  -0.130083  0.304024  0.105176  -0.0643463  0.105176  0.170877
0.301054  -0.130069  -0.0643541  -0.130069  0.303985  0.105161  -0.0643541  0.105161  0.170874
0.301054  -0.130069  -0.0643541  -0.130069  0.303985  0.105161  -0.0643541  0.105161  0.170874
0.301054  -0.130069  -0.0643541  -0.130069  0.303985  0.105161  -0.0643541  0.105161  0.170874
0.301054  -0.130069  -0.0643541  -0.130069  0.303985  0.105161  -0.0643541  0.105161  0.170874
0.301054  -0.130069  -0.0643541  -0.130069  0.303985  0.105161  -0.0643541  0.105161  0.170874
0.301054  -0.130069  -0.0643541  -0.130069  0.303985  0.105161  -0.0643541  0.105161  0.170874
0.301064  -0.130076  -0.0643573  -0.130076  0.303973  0.105154  -0.0643573  0.105154  0.17087
0.301067  -0.130095  -0.0643528  -0.130095  0.304  0.105162  -0.0643528  0.105162  0.170868
0.301067  -0.130095  -0.0643528  -0.130095  0.304  0.105162  -0.0643528  0.105162  0.170868
0.301064  -0.130076  -0.0643573  -0.130076  0.303973  0.105154  -0.0643573  0.105154  0.17087
0.301064  -0.130076  -0.0643573  -0.130076  0.303973  0.105154  -0.0643573  0.105154  0.17087
0.301074  -0.130095  -0.064338  -0.130095  0.303976  0.105139  -0.064338  0.105139  0.170856
0.301074  -0.130095  -0.064338  -0.130095  0.303976  0.105139  -0.064338  0.105139  0.170856
0.301084  -0.130102  -0.0643413  -0.130102  0.303964  0.105132  -0.0643413  0.105132  0.170852
0.301084  -0.130102  -0.0643413  -0.130102  0.303964  0.105132  -0.0643413  0.105132  0.170852
0.301094  -0.130108  -0.0643445  -0.130108  0.303952  0.105125  -0.0643445  0.105125  0.170848
0.301094  -0.130108  -0.0643445  -0.130108  0.303952  0.105125  -0.0643445  0.105125  0.170848
0.301094  -0.130108  -0.0643445  -0.130108  0.303952  0.105125  -0.0643445  0.105125  0.170848
0.301104  -0.130114  -0.0643478  -0.130114  0.30394  0.105118  -0.0643478  0.105118  0.170844
0.301104  -0.130114  -0.0643478  -0.130114  0.30394  0.105118  -0.0643478  0.105118  0.170844
0.301124  -0.13014  -0.0643317  -0.13014  0.303931  0.105097  -0.0643317  0.105097  0.170826
0.301124  -0.13014  -0.0643317  -0.13014  0.303931  0.105097  -0.0643317  0.105097  0.170826
0.301131  -0.130127  -0.0643395  -0.130127  0.303892  0.105081  -0.0643395  0.105081  0.170823
0.301131  -0.130127  -0.0643395  -0.130127  0.303892  0.105081  -0.0643395  0.105081  0.170823
0.301131  -0.130127  -0.0643395  -0.130127  0.303892  0.105081  -0.0643395  0.105081  0.170823
0.301151  -0.130153  -0.0643234  -0.130153  0.303883  0.10506  -0.0643234  0.10506  0.170805
0.301151  -0.130153  -0.0643234  -0.130153  0.303883  0.10506  -0.0643234  0.10506  0.170805
0.301158  -0.13014  -0.0643312  -0.13014  0.303844  0.105045  -0.0643312  0.105045  0.170802
0.301158  -0.13014  -0.0643312  -0.13014  0.303844  0.105045  -0.0643312  0.105045  0.170802
0.301171  -0.130166  -0.0643299  -0.130166  0.303859  0.105046  -0.0643299  0.105046  0.170797
0.301171  -0.130166  -0.0643299  -0.130166  0.303859  0.105046  -0.0643299  0.105046  0.170797
0.301181  -0.130172  -0.0643331  -0.130172  0.303847  0.105039  -0.0643331  0.105039  0.170792
0.301182  -0.130159  -0.0643556  -0.130159  0.303832  0.105046  -0.0643556  0.105046  0.170802
0.301192  -0.130165  -0.0643589  -0.130165  0.30382  0.105039  -0.0643589  0.105039  0.170798
0.301191  -0.130179  -0.0643364  -0.130179  0.303835  0.105032  -0.0643364  0.105032  0.170788
0.301191  -0.130179  -0.0643364  -0.130179  0.303835  0.105032  -0.0643364  0.105032  0.170788
0.301188  -0.130159  -0.0643409  -0.130159  0.303808  0.105024  -0.0643409  0.105024  0.17079
0.301185  -0.130139  -0.0643454  -0.130139  0.303781  0.105015  -0.0643454  0.105015  0.170791
0.301185  -0.130139  -0.0643454  -0.130139  0.303781  0.105015  -0.0643454  0.105015  0.170791
0.301185  -0.130153  -0.0643229  -0.130153  0.303796  0.105008  -0.0643229  0.105008  0.170781
0.301185  -0.130153  -0.0643229  -0.130153  0.303796  0.105008  -0.0643229  0.105008  0.170781
0.301182  -0.130133  -0.0643274  -0.130133  0.303769  0.105  -0.0643274  0.105  0.170783
0.301182  -0.130133  -0.0643274  -0.130133  0.303769  0.105  -0.0643274  0.105  0.170783
0.301172  -0.130127  -0.0643241  -0.130127  0.303781  0.105007  -0.0643241  0.105007  0.170787
0.301172  -0.130127  -0.0643241  -0.130127  0.303781  0.105007  -0.0643241  0.105007  0.170787
0.301172  -0.130127  -0.0643241  -0.130127  0.303781  0.105007  -0.0643241  0.105007  0.170787
0.301169  -0.130107  -0.0643286  -0.130107  0.303754  0.104999  -0.0643286  0.104999  0.170788
0.301166  -0.1301  -0.0643106  -0.1301  0.303742  0.104983  -0.0643106  0.104983  0.17078
0.301169  -0.13012  -0.0643061  -0.13012  0.303769  0.104992  -0.0643061  0.104992  0.170779
0.301169  -0.13012  -0.0643061  -0.13012  0.303769  0.104992  -0.0643061  0.104992  0.170779
0.301169  -0.13012  -0.0643061  -0.13012  0.303769  0.104992  -0.0643061  0.104992  0.170779
0.301166  -0.130114  -0.0642881  -0.130114  0.303756  0.104976  -0.0642881  0.104976  0.17077
0.301166  -0.130114  -0.0642881  -0.130114  0.303756  0.104976  -0.0642881  0.104976  0.17077
0.301169  -0.130134  -0.0642836  -0.130134  0.303783  0.104985  -0.0642836  0.104985  0.170769
0.301169  -0.130134  -0.0642836  -0.130134  0.303783  0.104985  -0.0642836  0.104985  0.170769
0.301166  -0.130114  -0.0642881  -0.130114  0.303756  0.104976  -0.0642881  0.104976  0.17077
0.301169  -0.130134  -0.0642836  -0.130134  0.303783  0.104985  -0.0642836  0.104985  0.170769
0.301169  -0.130134  -0.0642836  -0.130134  0.303783  0.104985  -0.0642836  0.104985  0.170769
0.301172  -0.13014  -0.0643016  -0.13014  0.303795  0.105  -0.0643016  0.105  0.170777
0.301172  -0.13014  -0.0643016  -0.13014  0.303795  0.105  -0.0643016  0.105  0.170777
0.301172  -0.13014  -0.0643016  -0.13014  0.303795  0.105  -0.0643016  0.105  0.170777
0.301178  -0.130179  -0.0642926  -0.130179  0.303849  0.105017  -0.0642926  0.105017  0.170774
0.301181  -0.130186  -0.0643106  -0.130186  0.303861  0.105032  -0.0643106  0.105032  0.170783
0.301181  -0.130172  -0.0643331  -0.130172  0.303847  0.105039  -0.0643331  0.105039  0.170792
0.301181  -0.130172  -0.0643331  -0.130172  0.303847  0.105039  -0.0643331  0.105039  0.170792
0.301187  -0.130198  -0.0643467  -0.130198  0.303886  0.105063  -0.0643467  0.105063  0.170799
0.301187  -0.130198  -0.0643467  -0.130198  0.303886  0.105063  -0.0643467  0.105063  0.170799
0.301191  -0.130205  -0.0643647  -0.130205  0.303898  0.105078  -0.0643647  0.105078  0.170808
0.301191  -0.130205  -0.0643647  -0.130205  0.303898  0.105078  -0.0643647  0.105078  0.170808
0.301191  -0.130205  -0.0643647  -0.130205  0.303898  0.105078  -0.0643647  0.105078  0.170808
0.301191  -0.130205  -0.0643647  -0.130205  0.303898  0.105078  -0.0643647  0.105078  0.170808
0.301201  -0.130211  -0.0643679  -0.130211  0.303886  0.105071  -0.0643679  0.105071  0.170803
0.301201  -0.130211  -0.0643679  -0.130211  0.303886  0.105071  -0.0643679  0.105071  0.170803
0.301201  -0.130211  -0.0643679  -0.130211  0.303886  0.105071  -0.0643679  0.105071  0.170803
0.301208  -0.130211  -0.0643531  -0.130211  0.303862  0.105048  -0.0643531  0.105048  0.170791
0.301208  -0.130211  -0.0643531  -0.130211  0.303862  0.105048  -0.0643531  0.105048  0.170791
0.301215  -0.130198  -0.0643609  -0.130198  0.303823  0.105033  -0.0643609  0.105033  0.170788
0.301215  -0.130198  -0.0643609  -0.130198  0.303823  0.105033  -0.0643609  0.105033  0.170788
0.301232  -0.130204  -0.0643493  -0.130204  0.303786  0.105003  -0.0643493  0.105003  0.170772
0.301232  -0.130204  -0.0643493  -0.130204  0.303786  0.105003  -0.0643493  0.105003  0.170772
0.301249  -0.130211  -0.0643378  -0.130211  0.30375  0.104974  -0.0643378  0.104974  0.170755
0.301249  -0.130211  -0.0643378  -0.130211  0.30375  0.104974  -0.0643378  0.104974  0.170755
0.301269  -0.130223  -0.0643442  -0.130223  0.303726  0.10496  -0.0643442  0.10496  0.170747
0.301269  -0.130223  -0.0643442  -0.130223  0.303726  0.10496  -0.0643442  0.10496  0.170747
0.301289  -0.130249  -0.0643282  -0.130249  0.303717  0.104938  -0.0643282  0.104938  0.170729
0.3013  -0.130256  -0.0643314  -0.130256  0.303705  0.104931  -0.0643314  0.104931  0.170725
0.30131  -0.130262  -0.0643346  -0.130262  0.303693  0.104924  -0.0643346  0.104924  0.170721
0.301327  -0.130268  -0.0643231  -0.130268  0.303657  0.104895  -0.0643231  0.104895  0.170704
0.301324  -0.130262  -0.064305  -0.130262  0.303645  0.104879  -0.064305  0.104879  0.170696
0.301331  -0.130262  -0.0642902  -0.130262  0.303621  0.104857  -0.0642902  0.104857  0.170683
0.301341  -0.130268  -0.0642935  -0.130268  0.303609  0.10485  -0.0642935  0.10485  0.170679
0.301351  -0.130275  -0.0642967  -0.130275  0.303597  0.104843  -0.0642967  0.104843  0.170675
0.301351  -0.130275  -0.0642967  -0.130275  0.303597  0.104843  -0.0642967  0.104843  0.170675
0.301371  -0.130301  -0.0642806  -0.130301  0.303588  0.104821  -0.0642806  0.104821  0.170657
0.301371  -0.130301  -0.0642806  -0.130301  0.303588  0.104821  -0.0642806  0.104821  0.170657
0.301392  -0.130313  -0.0642871  -0.130313  0.303564  0.104807  -0.0642871  0.104807  0.170649
0.301392  -0.130313  -0.0642871  -0.130313  0.303564  0.104807  -0.0642871  0.104807  0.170649
0.301402  -0.130333  -0.0642678  -0.130333  0.303567  0.104793  -0.0642678  0.104793  0.170635
0.301412  -0.130339  -0.064271  -0.130339  0.303555  0.104786  -0.064271  0.104786  0.170631
0.301412  -0.130339  -0.064271  -0.130339  0.303555  0.104786  -0.064271  0.104786  0.170631
0.301422  -0.130346  -0.0642742  -0.130346  0.303543  0.104779  -0.0642742  0.104779  0.170627
0.301432  -0.130365  -0.0642549  -0.130365  0.303546  0.104765  -0.0642549  0.104765  0.170613
0.301442  -0.130372  -0.0642581  -0.130372  0.303534  0.104758  -0.0642581  0.104758  0.170609
0.301442  -0.130372  -0.0642581  -0.130372  0.303534  0.104758  -0.0642581  0.104758  0.170609
0.301449  -0.130372  -0.0642433  -0.130372  0.30351  0.104735  -0.0642433  0.104735  0.170596
0.301449  -0.130372  -0.0642433  -0.130372  0.30351  0.104735  -0.0642433  0.104735  0.170596
0.301466  -0.130378  -0.0642317  -0.130378  0.303473  0.104706  -0.0642317  0.104706  0.17058
0.301466  -0.130378  -0.0642317  -0.130378  0.303473  0.104706  -0.0642317  0.104706  0.17058
0.30147  -0.130372  -0.0641989  -0.130372  0.303437  0.104668  -0.0641989  0.104668  0.170559
0.30147  -0.130372  -0.0641989  -0.130372  0.303437  0.104668  -0.0641989  0.104668  0.170559
0.30148  -0.130378  -0.0642021  -0.130378  0.303425  0.104661  -0.0642021  0.104661  0.170555
0.301484  -0.130371  -0.0641692  -0.130371  0.303389  0.104623  -0.0641692  0.104623  0.170534
0.301484  -0.130371  -0.0641692  -0.130371  0.303389  0.104623  -0.0641692  0.104623  0.170534
0.301498  -0.130371  -0.0641396  -0.130371  0.303341  0.104578  -0.0641396  0.104578  0.170509
0.301495  -0.130352  -0.0641441  -0.130352  0.303314  0.10457  -0.0641441  0.10457  0.170511
0.301505  -0.130358  -0.0641473  -0.130358  0.303302  0.104563  -0.0641473  0.104563  0.170507
0.301509  -0.130351  -0.0641145  -0.130351  0.303266  0.104525  -0.0641145  0.104525  0.170486
0.301509  -0.130351  -0.0641145  -0.130351  0.303266  0.104525  -0.0641145  0.104525  0.170486
0.301523  -0.130351  -0.0640849  -0.130351  0.303218  0.10448  -0.0640849  0.10448  0.170461
0.301523  -0.130351  -0.0640849  -0.130351  0.303218  0.10448  -0.0640849  0.10448  0.170461
0.301527  -0.130345  -0.064052  -0.130345  0.303182  0.104443  -0.064052  0.104443  0.170441
0.301527  -0.130345  -0.064052  -0.130345  0.303182  0.104443  -0.064052  0.104443  0.170441
0.301544  -0.130351  -0.0640404  -0.130351  0.303146  0.104413  -0.0640404  0.104413  0.170424
0.301544  -0.130351  -0.0640404  -0.130351  0.303146  0.104413  -0.0640404  0.104413  0.170424
0.301541  -0.130345  -0.0640224  -0.130345  0.303134  0.104398  -0.0640224  0.104398  0.170416
0.301537  -0.130338  -0.0640044  -0.130338  0.303122  0.104383  -0.0640044  0.104383  0.170408
0.301544  -0.130338  -0.0639896  -0.130338  0.303098  0.10436  -0.0639896  0.10436  0.170395
0.301544  -0.130338  -0.0639896  -0.130338  0.303098  0.10436  -0.0639896  0.10436  0.170395
0.301544  -0.130338  -0.0639896  -0.130338  0.303098  0.10436  -0.0639896  0.10436  0.170395
0.301531  -0.130339  -0.0639459  -0.130339  0.303113  0.104345  -0.0639459  0.104345  0.170382
0.301531  -0.130339  -0.0639459  -0.130339  0.303113  0.104345  -0.0639459  0.104345  0.170382
0.301527  -0.130332  -0.0639279  -0.130332  0.303101  0.10433  -0.0639279  0.10433  0.170373
0.301527  -0.130332  -0.0639279  -0.130332  0.303101  0.10433  -0.0639279  0.10433  0.170373
0.301517  -0.130326  -0.0639247  -0.130326  0.303113  0.104337  -0.0639247  0.104337  0.170378
0.301517  -0.130326  -0.0639247  -0.130326  0.303113  0.104337  -0.0639247  0.104337  0.170378
0.301507  -0.13032  -0.0639215  -0.13032  0.303125  0.104344  -0.0639215  0.104344  0.170382
0.301497  -0.130327  -0.0638959  -0.130327  0.303152  0.104344  -0.0638959  0.104344  0.170376
0.301497  -0.130327  -0.0638959  -0.130327  0.303152  0.104344  -0.0638959  0.104344  0.170376
0.3015  -0.130333  -0.0639139  -0.130333  0.303164  0.104359  -0.0639139  0.104359  0.170384
0.30149  -0.130327  -0.0639107  -0.130327  0.303176  0.104366  -0.0639107  0.104366  0.170389
0.301493  -0.130347  -0.0639062  -0.130347  0.303203  0.104375  -0.0639062  0.104375  0.170387
0.301493  -0.130347  -0.0639062  -0.130347  0.303203  0.104375  -0.0639062  0.104375  0.170387
0.301493  -0.130347  -0.0639062  -0.130347  0.303203  0.104375  -0.0639062  0.104375  0.170387
0.301493  -0.130347  -0.0639062  -0.130347  0.303203  0.104375  -0.0639062  0.104375  0.170387
0.301493  -0.130347  -0.0639062  -0.130347  0.303203  0.104375  -0.0639062  0.104375  0.170387
0.301503  -0.130366  -0.0638869  -0.130366  0.303206  0.10436  -0.0638869  0.10436  0.170373
0.301503  -0.130366  -0.0638869  -0.130366  0.303206  0.10436  -0.0638869  0.10436  0.170373
0.30151  -0.130366  -0.0638721  -0.130366  0.303182  0.104338  -0.0638721  0.104338  0.170361
0.30151  -0.130366  -0.0638721  -0.130366  0.303182  0.104338  -0.0638721  0.104338  0.170361
0.301517  -0.130366  -0.0638572  -0.130366  0.303158  0.104316  -0.0638572  0.104316  0.170349
0.30152  -0.13036  -0.0638245  -0.13036  0.303122  0.104278  -0.0638245  0.104278  0.170328
0.30152  -0.13036  -0.0638245  -0.13036  0.303122  0.104278  -0.0638245  0.104278  0.170328
0.301528  -0.130333  -0.0637814  -0.130333  0.303035  0.10421  -0.0637814  0.10421  0.170297
0.301538  -0.130339  -0.0637846  -0.130339  0.303023  0.104203  -0.0637846  0.104203  0.170293
0.301549  -0.130333  -0.063737  -0.130333  0.302963  0.104143  -0.063737  0.104143  0.17026
0.301549  -0.130333  -0.063737  -0.130333  0.302963  0.104143  -0.063737  0.104143  0.17026
0.301553  -0.130313  -0.0637267  -0.130313  0.302912  0.104112  -0.0637267  0.104112  0.170249
0.301584  -0.130319  -0.0636854  -0.130319  0.302828  0.104038  -0.0636854  0.104038  0.170208
0.301581  -0.130313  -0.0636674  -0.130313  0.302816  0.104023  -0.0636674  0.104023  0.1702
0.301599  -0.130292  -0.0636275  -0.130292  0.302717  0.103948  -0.0636275  0.103948  0.170165
0.301609  -0.130299  -0.0636307  -0.130299  0.302705  0.103941  -0.0636307  0.103941  0.170161
0.301627  -0.130279  -0.0635908  -0.130279  0.302606  0.103866  -0.0635908  0.103866  0.170125
0.301627  -0.130279  -0.0635908  -0.130279  0.302606  0.103866  -0.0635908  0.103866  0.170125
0.301655  -0.130265  -0.063554  -0.130265  0.302495  0.103784  -0.063554  0.103784  0.170086
0.301655  -0.130265  -0.063554  -0.130265  0.302495  0.103784  -0.063554  0.103784  0.170086
0.301679  -0.130271  -0.0635275  -0.130271  0.302435  0.103732  -0.0635275  0.103732  0.170057
0.301689  -0.130277  -0.0635306  -0.130277  0.302423  0.103725  -0.0635306  0.103725  0.170053
0.301696  -0.130277  -0.0635158  -0.130277  0.302399  0.103702  -0.0635158  0.103702  0.170041
0.301723  -0.130289  -0.0635073  -0.130289  0.302351  0.103666  -0.0635073  0.103666  0.17002
0.301723  -0.130289  -0.0635073  -0.130289  0.302351  0.103666  -0.0635073  0.103666  0.17002
0.301751  -0.130302  -0.0634987  -0.130302  0.302303  0.103629  -0.0634987  0.103629  0.17
0.301761  -0.130308  -0.0635018  -0.130308  0.302291  0.103622  -0.0635018  0.103622  0.169996
0.301795  -0.130346  -0.0635067  -0.130346  0.302282  0.103609  -0.0635067  0.103609  0.169982
0.301795  -0.130346  -0.0635067  -0.130346  0.302282  0.103609  -0.0635067  0.103609  0.169982
0.301805  -0.130353  -0.0635098  -0.130353  0.30227  0.103602  -0.0635098  0.103602  0.169978
0.301846  -0.130391  -0.0634999  -0.130391  0.302237  0.103566  -0.0634999  0.103566  0.169952
0.301846  -0.130391  -0.0634999  -0.130391  0.302237  0.103566  -0.0634999  0.103566  0.169952
0.301893  -0.130442  -0.0635259  -0.130442  0.302227  0.103561  -0.0635259  0.103561  0.169942
0.301893  -0.130442  -0.0635259  -0.130442  0.302227  0.103561  -0.0635259  0.103561  0.169942
0.301914  -0.130455  -0.0635321  -0.130455  0.302203  0.103547  -0.0635321  0.103547  0.169934
0.301948  -0.130493  -0.063537  -0.130493  0.302194  0.103534  -0.063537  0.103534  0.16992
0.301948  -0.130493  -0.063537  -0.130493  0.302194  0.103534  -0.063537  0.103534  0.16992
0.301996  -0.130545  -0.063563  -0.130545  0.302185  0.103528  -0.063563  0.103528  0.16991
0.301996  -0.130545  -0.063563  -0.130545  0.302185  0.103528  -0.063563  0.103528  0.16991
0.30203  -0.130583  -0.0635678  -0.130583  0.302175  0.103515  -0.0635678  0.103515  0.169896
0.302026  -0.130577  -0.0635498  -0.130577  0.302164  0.1035  -0.0635498  0.1035  0.169888
0.302047  -0.130589  -0.0635561  -0.130589  0.302139  0.103486  -0.0635561  0.103486  0.16988
0.302074  -0.130628  -0.0635758  -0.130628  0.302154  0.103495  -0.0635758  0.103495  0.169878
0.302085  -0.130635  -0.063579  -0.130635  0.302142  0.103488  -0.063579  0.103488  0.169874
0.302112  -0.130687  -0.0635762  -0.130687  0.302172  0.10349  -0.0635762  0.10349  0.169863
0.302112  -0.130687  -0.0635762  -0.130687  0.302172  0.10349  -0.0635762  0.10349  0.169863
0.302149  -0.130732  -0.0635991  -0.130732  0.302175  0.103492  -0.0635991  0.103492  0.169857
0.302149  -0.130732  -0.0635991  -0.130732  0.302175  0.103492  -0.0635991  0.103492  0.169857
0.302183  -0.130811  -0.0636099  -0.130811  0.302244  0.103517  -0.0636099  0.103517  0.169853
0.302183  -0.130811  -0.0636099  -0.130811  0.302244  0.103517  -0.0636099  0.103517  0.169853
0.302197  -0.130837  -0.0636085  -0.130837  0.302259  0.103518  -0.0636085  0.103518  0.169847
0.302217  -0.130876  -0.0636432  -0.130876  0.302298  0.103549  -0.0636432  0.103549  0.169858
0.302234  -0.130922  -0.0636373  -0.130922  0.30234  0.103559  -0.0636373  0.103559  0.169851
0.302247  -0.130948  -0.0636359  -0.130948  0.302355  0.10356  -0.0636359  0.10356  0.169845
0.30225  -0.130968  -0.0636314  -0.130968  0.302382  0.103568  -0.0636314  0.103568  0.169844
0.302274  -0.131027  -0.0636616  -0.131027  0.302448  0.103607  -0.0636616  0.103607  0.169853
0.302285  -0.131034  -0.0636648  -0.131034  0.302436  0.1036  -0.0636648  0.1036  0.169849
0.302288  -0.131054  -0.0636603  -0.131054  0.302463  0.103608  -0.0636603  0.103608  0.169847
0.302311  -0.13114  -0.0636454  -0.13114  0.302559  0.103634  -0.0636454  0.103634  0.169838
0.302322  -0.131146  -0.0636485  -0.131146  0.302547  0.103627  -0.0636485  0.103627  0.169834
0.302339  -0.131179  -0.0636652  -0.131179  0.302574  0.103643  -0.0636652  0.103643  0.169836
0.302359  -0.131231  -0.0636774  -0.131231  0.302628  0.103667  -0.0636774  0.103667  0.169837
0.302359  -0.131231  -0.0636774  -0.131231  0.302628  0.103667  -0.0636774  0.103667  0.169837
0.302376  -0.131291  -0.0636489  -0.131291  0.302686  0.103669  -0.0636489  0.103669  0.169821
0.302379  -0.131311  -0.0636444  -0.131311  0.302713  0.103677  -0.0636444  0.103677  0.16982
0.302407  -0.13135  -0.0636643  -0.13135  0.302728  0.103686  -0.0636643  0.103686  0.169818
0.302407  -0.13135  -0.0636643  -0.13135  0.302728  0.103686  -0.0636643  0.103686  0.169818
0.302423  -0.13141  -0.0636358  -0.13141  0.302786  0.103689  -0.0636358  0.103689  0.169802
0.302423  -0.131423  -0.0636132  -0.131423  0.302801  0.103681  -0.0636132  0.103681  0.169792
0.302426  -0.131443  -0.0636087  -0.131443  0.302828  0.10369  -0.0636087  0.10369  0.169791
0.302444  -0.131476  -0.0636254  -0.131476  0.302855  0.103706  -0.0636254  0.103706  0.169793
0.302444  -0.131476  -0.0636254  -0.131476  0.302855  0.103706  -0.0636254  0.103706  0.169793
0.302456  -0.13157  -0.0635848  -0.13157  0.30298  0.103731  -0.0635848  0.103731  0.169778
0.302464  -0.131569  -0.0635698  -0.131569  0.302956  0.103709  -0.0635698  0.103709  0.169766
0.302474  -0.131616  -0.0635789  -0.131616  0.303022  0.10374  -0.0635789  0.10374  0.169772
0.302477  -0.131636  -0.0635744  -0.131636  0.30305  0.103749  -0.0635744  0.103749  0.16977
0.30248  -0.131656  -0.0635698  -0.131656  0.303077  0.103757  -0.0635698  0.103757  0.169769
0.302496  -0.13177  -0.0635246  -0.13177  0.303229  0.10379  -0.0635246  0.10379  0.169752
0.302496  -0.13177  -0.0635246  -0.13177  0.303229  0.10379  -0.0635246  0.10379  0.169752
0.302499  -0.13183  -0.063526  -0.13183  0.303335  0.103837  -0.063526  0.103837  0.169761
0.302502  -0.13185  -0.0635215  -0.13185  0.303363  0.103845  -0.0635215  0.103845  0.169759
0.302505  -0.13187  -0.063517  -0.13187  0.30339  0.103854  -0.063517  0.103854  0.169758
0.302511  -0.131977  -0.0634685  -0.131977  0.303555  0.103894  -0.0634685  0.103894  0.169746
0.302511  -0.131977  -0.0634685  -0.131977  0.303555  0.103894  -0.0634685  0.103894  0.169746
0.302507  -0.132011  -0.0634563  -0.132011  0.303622  0.103918  -0.0634563  0.103918  0.169747
0.30251  -0.132031  -0.0634518  -0.132031  0.303649  0.103926  -0.0634518  0.103926  0.169746
0.302506  -0.132065  -0.0634396  -0.132065  0.303716  0.103949  -0.0634396  0.103949  0.169747
0.302501  -0.132126  -0.0633821  -0.132126  0.303814  0.103958  -0.0633821  0.103958  0.16973
0.302501  -0.132126  -0.0633821  -0.132126  0.303814  0.103958  -0.0633821  0.103958  0.16973
0.302497  -0.132159  -0.0633699  -0.132159  0.303881  0.103982  -0.0633699  0.103982  0.169731
0.302497  -0.132159  -0.0633699  -0.132159  0.303881  0.103982  -0.0633699  0.103982  0.169731
0.302482  -0.132227  -0.0632866  -0.132227  0.304007  0.103991  -0.0632866  0.103991  0.169709
0.302482  -0.132227  -0.0632866  -0.132227  0.304007  0.103991  -0.0632866  0.103991  0.169709
0.302478  -0.132261  -0.0632743  -0.132261  0.304074  0.104015  -0.0632743  0.104015  0.16971
0.302478  -0.132261  -0.0632743  -0.132261  0.304074  0.104015  -0.0632743  0.104015  0.16971
0.302467  -0.132268  -0.0632485  -0.132268  0.304102  0.104015  -0.0632485  0.104015  0.169705
0.302459  -0.132309  -0.0631955  -0.132309  0.304172  0.104015  -0.0631955  0.104015  0.169689
0.302456  -0.132302  -0.0631775  -0.132302  0.30416  0.104  -0.0631775  0.104  0.169681
0.302448  -0.132316  -0.0631698  -0.132316  0.3042  0.104015  -0.0631698  0.104015  0.169684
0.302448  -0.132316  -0.0631698  -0.132316  0.3042  0.104015  -0.0631698  0.104015  0.169684
0.302426  -0.132343  -0.0630956  -0.132343  0.304271  0.104008  -0.0630956  0.104008  0.169664
0.302423  -0.132337  -0.0630775  -0.132337  0.304259  0.103993  -0.0630775  0.103993  0.169656
0.302423  -0.13235  -0.0630549  -0.13235  0.304274  0.103986  -0.0630549  0.103986  0.169647
0.302398  -0.132331  -0.0630305  -0.132331  0.304286  0.103985  -0.0630305  0.103985  0.169647
0.302398  -0.132331  -0.0630305  -0.132331  0.304286  0.103985  -0.0630305  0.103985  0.169647
0.30237  -0.132332  -0.0629429  -0.132332  0.304318  0.103954  -0.0629429  0.103954  0.169621
0.30237  -0.132332  -0.0629429  -0.132332  0.304318  0.103954  -0.0629429  0.103954  0.169621
0.302352  -0.132312  -0.0629037  -0.132312  0.304306  0.103931  -0.0629037  0.103931  0.169609
0.302341  -0.132306  -0.0629005  -0.132306  0.304318  0.103938  -0.0629005  0.103938  0.169614
0.302338  -0.132299  -0.0628825  -0.132299  0.304306  0.103923  -0.0628825  0.103923  0.169606
0.30231  -0.1323  -0.062795  -0.1323  0.304337  0.103892  -0.062795  0.103892  0.16958
0.302306  -0.132293  -0.0627769  -0.132293  0.304325  0.103877  -0.0627769  0.103877  0.169572
0.302289  -0.13226  -0.0627604  -0.13226  0.304297  0.103861  -0.0627604  0.103861  0.169569
0.302278  -0.132254  -0.0627572  -0.132254  0.304309  0.103868  -0.0627572  0.103868  0.169574
0.302254  -0.132234  -0.0626595  -0.132234  0.304289  0.103807  -0.0626595  0.103807  0.169537
0.302254  -0.132248  -0.0626369  -0.132248  0.304304  0.1038  -0.0626369  0.1038  0.169528
0.30224  -0.132235  -0.0626158  -0.132235  0.304304  0.103792  -0.0626158  0.103792  0.169524
0.302216  -0.132175  -0.0625859  -0.132175  0.304237  0.103752  -0.0625859  0.103752  0.169515
0.302216  -0.132175  -0.0625859  -0.132175  0.304237  0.103752  -0.0625859  0.103752  0.169515
0.302191  -0.13217  -0.0624657  -0.13217  0.304232  0.103684  -0.0624657  0.103684  0.16947
0.302191  -0.13217  -0.0624657  -0.13217  0.304232  0.103684  -0.0624657  0.103684  0.16947
0.302184  -0.132156  -0.0624297  -0.132156  0.304209  0.103654  -0.0624297  0.103654  0.169454
0.302164  -0.132103  -0.0624179  -0.132103  0.304153  0.103629  -0.0624179  0.103629  0.169453
0.302164  -0.132103  -0.0624179  -0.132103  0.304153  0.103629  -0.0624179  0.103629  0.169453
0.30214  -0.132098  -0.0622978  -0.132098  0.304149  0.103562  -0.0622978  0.103562  0.169408
0.302143  -0.132118  -0.0622932  -0.132118  0.304176  0.10357  -0.0622932  0.10357  0.169407
0.302126  -0.132058  -0.0622486  -0.132058  0.304085  0.103508  -0.0622486  0.103508  0.169386
0.302123  -0.132038  -0.0622532  -0.132038  0.304058  0.1035  -0.0622532  0.1035  0.169388
0.30212  -0.132031  -0.0622353  -0.132031  0.304046  0.103485  -0.0622353  0.103485  0.16938
0.302108  -0.132066  -0.0620914  -0.132066  0.304072  0.103411  -0.0620914  0.103411  0.169321
0.302108  -0.132066  -0.0620914  -0.132066  0.304072  0.103411  -0.0620914  0.103411  0.169321
0.302085  -0.131993  -0.0620842  -0.131993  0.30399  0.103379  -0.0620842  0.103379  0.169321
0.302078  -0.131993  -0.0620259  -0.131993  0.303981  0.103341  -0.0620259  0.103341  0.169297
0.302078  -0.132007  -0.0620033  -0.132007  0.303997  0.103334  -0.0620033  0.103334  0.169288
0.302074  -0.132027  -0.0619404  -0.132027  0.304016  0.103305  -0.0619404  0.103305  0.169262
0.302064  -0.131994  -0.0619092  -0.131994  0.303965  0.103266  -0.0619092  0.103266  0.169248
0.302064  -0.131994  -0.0619092  -0.131994  0.303965  0.103266  -0.0619092  0.103266  0.169248
0.302064  -0.131994  -0.0618361  -0.131994  0.303933  0.103207  -0.0618361  0.103207  0.169212
0.302064  -0.132007  -0.0618136  -0.132007  0.303949  0.1032  -0.0618136  0.1032  0.169203
0.30205  -0.132021  -0.0617476  -0.132021  0.30398  0.103178  -0.0617476  0.103178  0.169182
0.302046  -0.132001  -0.0617523  -0.132001  0.303953  0.10317  -0.0617523  0.10317  0.169183
0.302043  -0.131995  -0.0617344  -0.131995  0.303941  0.103154  -0.0617344  0.103154  0.169175
0.30204  -0.131988  -0.0617165  -0.131988  0.303929  0.103139  -0.0617165  0.103139  0.169168
0.302039  -0.132029  -0.061649  -0.132029  0.303976  0.103118  -0.061649  0.103118  0.169141
0.302035  -0.132036  -0.0616087  -0.132036  0.30398  0.103096  -0.0616087  0.103096  0.169125
0.302032  -0.132016  -0.0616133  -0.132016  0.303952  0.103088  -0.0616133  0.103088  0.169126
0.302025  -0.132016  -0.0615551  -0.132016  0.303944  0.103051  -0.0615551  0.103051  0.169102
0.302028  -0.132036  -0.0615504  -0.132036  0.303972  0.103059  -0.0615504  0.103059  0.169101
0.302011  -0.132044  -0.0614667  -0.132044  0.303991  0.103022  -0.0614667  0.103022  0.169072
0.302011  -0.132044  -0.0614667  -0.132044  0.303991  0.103022  -0.0614667  0.103022  0.169072
0.302004  -0.132017  -0.0614535  -0.132017  0.303952  0.102998  -0.0614535  0.102998  0.169066
0.301997  -0.132031  -0.0613729  -0.132031  0.30396  0.102954  -0.0613729  0.102954  0.169033
0.301997  -0.132031  -0.0613729  -0.132031  0.30396  0.102954  -0.0613729  0.102954  0.169033
0.301984  -0.132005  -0.0613016  -0.132005  0.303912  0.102894  -0.0613016  0.102894  0.169003
0.301984  -0.132005  -0.0613016  -0.132005  0.303912  0.102894  -0.0613016  0.102894  0.169003
0.30197  -0.131979  -0.0612303  -0.131979  0.303865  0.102834  -0.0612303  0.102834  0.168973
0.30197  -0.131979  -0.0612303  -0.131979  0.303865  0.102834  -0.0612303  0.102834  0.168973
0.301967  -0.131972  -0.0611397  -0.131972  0.303821  0.102759  -0.0611397  0.102759  0.168931
0.301963  -0.131966  -0.0611219  -0.131966  0.303809  0.102744  -0.0611219  0.102744  0.168923
0.301954  -0.131919  -0.0611134  -0.131919  0.303742  0.102713  -0.0611134  0.102713  0.168918
0.301937  -0.1319  -0.061002  -0.1319  0.303699  0.102631  -0.061002  0.102631  0.168873
0.301937  -0.1319  -0.061002  -0.1319  0.303699  0.102631  -0.061002  0.102631  0.168873
0.301924  -0.131848  -0.0609031  -0.131848  0.303588  0.102526  -0.0609031  0.102526  0.168825
0.301921  -0.131841  -0.0608853  -0.131841  0.303576  0.102511  -0.0608853  0.102511  0.168818
0.301902  -0.131762  -0.0607734  -0.131762  0.303426  0.102383  -0.0607734  0.102383  0.168765
0.301901  -0.131775  -0.060751  -0.131775  0.303442  0.102376  -0.060751  0.102376  0.168756
0.301902  -0.131762  -0.0607008  -0.131762  0.303395  0.102324  -0.0607008  0.102324  0.16873
0.30188  -0.131663  -0.0605937  -0.131663  0.303217  0.102189  -0.0605937  0.102189  0.168678
0.30188  -0.131663  -0.0605937  -0.131663  0.303217  0.102189  -0.0605937  0.102189  0.168678
0.301857  -0.131592  -0.0604421  -0.131592  0.303072  0.10204  -0.0604421  0.10204  0.16861
0.301854  -0.131585  -0.0604244  -0.131585  0.30306  0.102025  -0.0604244  0.102025  0.168603
0.301831  -0.1315  -0.0602953  -0.1315  0.302899  0.101883  -0.0602953  0.101883  0.168543
0.301825  -0.131473  -0.0602823  -0.131473  0.30286  0.10186  -0.0602823  0.10186  0.168537
0.301822  -0.13144  -0.0602369  -0.13144  0.302785  0.101801  -0.0602369  0.101801  0.168512
0.301794  -0.131356  -0.0600505  -0.131356  0.302617  0.101623  -0.0600505  0.101623  0.168431
0.30179  -0.131349  -0.0600328  -0.131349  0.302605  0.101608  -0.0600328  0.101608  0.168423
0.301752  -0.131232  -0.0598884  -0.131232  0.302418  0.101451  -0.0598884  0.101451  0.168363
0.301749  -0.131226  -0.0598708  -0.131226  0.302406  0.101436  -0.0598708  0.101436  0.168356
0.301707  -0.131115  -0.0596868  -0.131115  0.302224  0.101258  -0.0596868  0.101258  0.168281
0.301704  -0.131109  -0.0596692  -0.131109  0.302212  0.101244  -0.0596692  0.101244  0.168274
0.301666  -0.131005  -0.0595031  -0.131005  0.302041  0.101081  -0.0595031  0.101081  0.168206
0.301659  -0.130979  -0.0594903  -0.130979  0.302002  0.101058  -0.0594903  0.101058  0.1682
0.301641  -0.130914  -0.0594296  -0.130914  0.301901  0.100984  -0.0594296  0.100984  0.168175
0.301589  -0.130812  -0.0592213  -0.130812  0.301747  0.100808  -0.0592213  0.100808  0.168097
0.301586  -0.130805  -0.0592038  -0.130805  0.301736  0.100793  -0.0592038  0.100793  0.16809
0.301567  -0.130754  -0.0591211  -0.130754  0.301651  0.100712  -0.0591211  0.100712  0.168057
0.301517  -0.130612  -0.05898  -0.130612  0.30145  0.100557  -0.05898  0.100557  0.168004
0.301508  -0.130579  -0.0589498  -0.130579  0.3014  0.10052  -0.0589498  0.10052  0.167991
0.30145  -0.130491  -0.058735  -0.130491  0.301286  0.10036  -0.058735  0.10036  0.167918
0.301441  -0.130459  -0.0587049  -0.130459  0.301236  0.100323  -0.0587049  0.100323  0.167906
0.301416  -0.130408  -0.0586372  -0.130408  0.301175  0.100264  -0.0586372  0.100264  0.167884
0.301357  -0.13026  -0.0584942  -0.13026  0.300988  0.100117  -0.0584942  0.100117  0.167837
0.301354  -0.130254  -0.0584768  -0.130254  0.300976  0.100103  -0.0584768  0.100103  0.16783
0.301326  -0.130197  -0.058392  -0.130197  0.300904  0.10003  -0.058392  0.10003  0.167802
0.301254  -0.130064  -0.0581851  -0.130064  0.300749  0.0998627  -0.0581851  0.0998627  0.167737
0.301251  -0.130058  -0.0581678  -0.130058  0.300738  0.0998483  -0.0581678  0.0998483  0.167731
0.301226  -0.129994  -0.0581227  -0.129994  0.300662  0.0997969  -0.0581227  0.0997969  0.167717
