0.322044  -0.158188  -0.084907  -0.158188  0.324484  0.120795  -0.084907  0.120795  0.17675
0.322044  -0.158188  -0.084907  -0.158188  0.324484  0.120795  -0.084907  0.120795  0.17675
0.322044  -0.158188  -0.084907  -0.158188  0.324484  0.120795  -0.084907  0.120795  0.17675
0.322047  -0.158195  -0.0842963  -0.158195  0.32422  0.120264  -0.0842963  0.120264  0.176331
0.32199  -0.158029  -0.0838204  -0.158029  0.323783  0.119768  -0.0838204  0.119768  0.176005
0.321983  -0.157992  -0.0837824  -0.157992  0.323705  0.119711  -0.0837824  0.119711  0.175976
0.32172  -0.157156  -0.083398  -0.157156  0.322374  0.118954  -0.083398  0.118954  0.175697
0.321697  -0.157083  -0.0833407  -0.157083  0.322246  0.118867  -0.0833407  0.118867  0.175656
0.321386  -0.156384  -0.082371  -0.156384  0.321004  0.117768  -0.082371  0.117768  0.175033
0.321363  -0.156326  -0.0822879  -0.156326  0.320895  0.117672  -0.0822879  0.117672  0.174978
0.321084  -0.155479  -0.0812437  -0.155479  0.319285  0.116359  -0.0812437  0.116359  0.174276
0.320921  -0.154669  -0.0807719  -0.154669  0.317801  0.115451  -0.0807719  0.115451  0.173907
0.320899  -0.154597  -0.080716  -0.154597  0.317677  0.115367  -0.080716  0.115367  0.173869
0.320682  -0.153623  -0.0799182  -0.153623  0.315839  0.114107  -0.0799182  0.114107  0.17329
0.32067  -0.15355  -0.0798448  -0.15355  0.315688  0.113997  -0.0798448  0.113997  0.173237
0.320512  -0.152724  -0.0789073  -0.152724  0.313974  0.112685  -0.0789073  0.112685  0.172575
0.320444  -0.152082  -0.0783089  -0.152082  0.312611  0.111724  -0.0783089  0.111724  0.172123
0.320439  -0.152019  -0.0782583  -0.152019  0.312478  0.111635  -0.0782583  0.111635  0.172083
0.320325  -0.151131  -0.0775808  -0.151131  0.310702  0.11046  -0.0775808  0.11046  0.171567
0.320328  -0.151094  -0.0775268  -0.151094  0.310602  0.110381  -0.0775268  0.110381  0.171526
0.320193  -0.150393  -0.0765833  -0.150393  0.309104  0.109162  -0.0765833  0.109162  0.170894
0.320172  -0.150338  -0.0765041  -0.150338  0.309003  0.109073  -0.0765041  0.109073  0.170847
0.319952  -0.149468  -0.0756261  -0.149468  0.307364  0.107864  -0.0756261  0.107864  0.170274
0.319802  -0.148841  -0.0750129  -0.148841  0.306185  0.107005  -0.0750129  0.107005  0.169874
0.319781  -0.148772  -0.0749601  -0.148772  0.306069  0.106927  -0.0749601  0.106927  0.169841
0.319497  -0.148026  -0.0738926  -0.148026  0.304701  0.105737  -0.0738926  0.105737  0.169221
0.319476  -0.147973  -0.0738152  -0.147973  0.304603  0.105652  -0.0738152  0.105652  0.169176
0.319183  -0.14713  -0.0728019  -0.14713  0.303098  0.104444  -0.0728019  0.104444  0.168587
0.318969  -0.146452  -0.072156  -0.146452  0.30193  0.103594  -0.072156  0.103594  0.168207
0.318942  -0.146376  -0.0720838  -0.146376  0.301803  0.103501  -0.0720838  0.103501  0.168166
0.318663  -0.145554  -0.0711069  -0.145554  0.30034  0.102337  -0.0711069  0.102337  0.167612
0.318666  -0.145517  -0.0710553  -0.145517  0.300246  0.102264  -0.0710553  0.102264  0.167576
0.318452  -0.144721  -0.0702248  -0.144721  0.298793  0.101182  -0.0702248  0.101182  0.167088
0.318288  -0.144113  -0.0696548  -0.144113  0.297714  0.10041  -0.0696548  0.10041  0.166755
0.318269  -0.144046  -0.0696047  -0.144046  0.297604  0.100337  -0.0696047  0.100337  0.166725
0.318056  -0.143328  -0.0687251  -0.143328  0.296279  0.099284  -0.0687251  0.099284  0.166236
0.318044  -0.143285  -0.0686714  -0.143285  0.296199  0.0992201  -0.0686714  0.0992201  0.166207
0.317841  -0.142522  -0.067916  -0.142522  0.294834  0.098227  -0.067916  0.098227  0.165779
0.3177  -0.142015  -0.0674202  -0.142015  0.293944  0.0975809  -0.0674202  0.0975809  0.165504
0.317688  -0.141972  -0.0673671  -0.141972  0.293865  0.0975182  -0.0673671  0.0975182  0.165475
0.317449  -0.141293  -0.0664879  -0.141293  0.292668  0.0965341  -0.0664879  0.0965341  0.165025
0.317379  -0.14111  -0.0662546  -0.14111  0.292356  0.096278  -0.0662546  0.096278  0.164909
0.317313  -0.140878  -0.0659961  -0.140878  0.29194  0.0959613  -0.0659961  0.0959613  0.164772
0.317038  -0.140078  -0.0652505  -0.140078  0.290649  0.0950322  -0.0652505  0.0950322  0.164396
0.317026  -0.140036  -0.0651984  -0.140036  0.290572  0.0949712  -0.0651984  0.0949712  0.164369
0.316757  -0.13937  -0.0643849  -0.13937  0.289489  0.0940903  -0.0643849  0.0940903  0.163986
0.316724  -0.139315  -0.0643112  -0.139315  0.289413  0.0940223  -0.0643112  0.0940223  0.163956
0.31646  -0.138598  -0.0635994  -0.138598  0.288277  0.0931816  -0.0635994  0.0931816  0.163618
0.316317  -0.138145  -0.0631895  -0.138145  0.287539  0.0926604  -0.0631895  0.0926604  0.163416
0.316292  -0.138099  -0.063136  -0.138099  0.287476  0.0926085  -0.063136  0.0926085  0.163395
0.316064  -0.13749  -0.0623751  -0.13749  0.286458  0.0917819  -0.0623751  0.0917819  0.163045
0.316059  -0.137457  -0.0623435  -0.137457  0.286395  0.0917378  -0.0623435  0.0917378  0.163028
0.315856  -0.136792  -0.061786  -0.136792  0.285327  0.091007  -0.061786  0.091007  0.162758
0.315738  -0.136373  -0.0613816  -0.136373  0.284619  0.090499  -0.0613816  0.090499  0.162562
0.315727  -0.136333  -0.0613313  -0.136333  0.284546  0.0904411  -0.0613313  0.0904411  0.162538
0.315561  -0.135818  -0.0607298  -0.135818  0.283667  0.089757  -0.0607298  0.089757  0.162262
0.315557  -0.135786  -0.0606987  -0.135786  0.283606  0.0897139  -0.0606987  0.0897139  0.162245
0.315389  -0.135197  -0.0601981  -0.135197  0.282646  0.0890572  -0.0601981  0.0890572  0.162007
0.315385  -0.135165  -0.0601671  -0.135165  0.282585  0.0890144  -0.0601671  0.0890144  0.161991
0.315222  -0.134638  -0.0596539  -0.134638  0.281723  0.0883915  -0.0596539  0.0883915  0.161758
0.315112  -0.134273  -0.0592657  -0.134273  0.28111  0.0879343  -0.0592657  0.0879343  0.161584
0.315096  -0.134212  -0.0592209  -0.134212  0.281013  0.0878712  -0.0592209  0.0878712  0.161563
0.314919  -0.133625  -0.0587262  -0.133625  0.280084  0.0872364  -0.0587262  0.0872364  0.16134
0.314914  -0.133594  -0.0586956  -0.133594  0.280024  0.0871945  -0.0586956  0.0871945  0.161325
0.314744  -0.133059  -0.0581535  -0.133059  0.279158  0.086558  -0.0581535  0.086558  0.161091
0.314619  -0.132662  -0.057739  -0.132662  0.27851  0.086077  -0.057739  0.086077  0.160915
0.314601  -0.132626  -0.0577069  -0.132626  0.278463  0.0860431  -0.0577069  0.0860431  0.160904
0.314454  -0.132081  -0.0572358  -0.132081  0.277577  0.0854355  -0.0572358  0.0854355  0.160694
0.31445  -0.132049  -0.0572056  -0.132049  0.277518  0.0853944  -0.0572056  0.0853944  0.160679
0.314318  -0.131607  -0.0567124  -0.131607  0.276776  0.0848322  -0.0567124  0.0848322  0.160472
0.3143  -0.131571  -0.0566807  -0.131571  0.27673  0.0847988  -0.0566807  0.0847988  0.160462
0.314198  -0.131076  -0.0562495  -0.131076  0.275876  0.0842188  -0.0562495  0.0842188  0.160262
0.314194  -0.131044  -0.0562196  -0.131044  0.275818  0.0841784  -0.0562196  0.0841784  0.160247
0.314111  -0.130668  -0.055818  -0.130668  0.27515  0.0836894  -0.055818  0.0836894  0.16007
0.314112  -0.130658  -0.0557836  -0.130658  0.275117  0.0836557  -0.0557836  0.0836557  0.160055
0.31406  -0.130322  -0.0554163  -0.130322  0.274485  0.0831949  -0.0554163  0.0831949  0.159887
0.314032  -0.130082  -0.0551971  -0.130082  0.274034  0.0828886  -0.0551971  0.0828886  0.15978
0.314028  -0.130051  -0.0551675  -0.130051  0.273977  0.0828487  -0.0551675  0.0828487  0.159766
0.313987  -0.129748  -0.0547586  -0.129748  0.273366  0.0823717  -0.0547586  0.0823717  0.159584
0.313994  -0.129745  -0.0547422  -0.129745  0.273344  0.0823513  -0.0547422  0.0823513  0.159575
0.313977  -0.129471  -0.0544056  -0.129471  0.272776  0.0819283  -0.0544056  0.0819283  0.159417
0.313978  -0.129461  -0.0543715  -0.129461  0.272743  0.0818952  -0.0543715  0.0818952  0.159402
0.313979  -0.129202  -0.0539984  -0.129202  0.272157  0.0814402  -0.0539984  0.0814402  0.159226
0.313966  -0.129052  -0.0537227  -0.129052  0.271814  0.0811456  -0.0537227  0.0811456  0.159109
0.31396  -0.129044  -0.053705  -0.129044  0.271804  0.0811328  -0.053705  0.0811328  0.159104
0.31399  -0.128822  -0.0534215  -0.128822  0.271272  0.0807447  -0.0534215  0.0807447  0.158957
0.313991  -0.128812  -0.0533875  -0.128812  0.271239  0.080712  -0.0533875  0.080712  0.158943
0.314041  -0.128682  -0.0531194  -0.128682  0.270837  0.0803827  -0.0531194  0.0803827  0.158808
0.314047  -0.128679  -0.0531032  -0.128679  0.270814  0.0803628  -0.0531032  0.0803628  0.158799
0.314091  -0.128528  -0.0528399  -0.128528  0.270388  0.0800283  -0.0528399  0.0800283  0.158665
0.314098  -0.128525  -0.0528236  -0.128525  0.270366  0.0800084  -0.0528236  0.0800084  0.158656
0.314174  -0.128454  -0.0526552  -0.128454  0.270061  0.0797697  -0.0526552  0.0797697  0.158555
0.314169  -0.128447  -0.0526377  -0.128447  0.270051  0.0797572  -0.0526377  0.0797572  0.15855
0.314261  -0.128437  -0.052455  -0.128437  0.269818  0.0795372  -0.052455  0.0795372  0.158447
0.31432  -0.128419  -0.0523422  -0.128419  0.269649  0.0793908  -0.0523422  0.0793908  0.15838
0.314327  -0.128416  -0.0523259  -0.128416  0.269627  0.079371  -0.0523259  0.079371  0.158371
0.314425  -0.128413  -0.0521605  -0.128413  0.269404  0.0791639  -0.0521605  0.0791639  0.158273
0.314432  -0.12841  -0.0521442  -0.12841  0.269382  0.0791441  -0.0521442  0.0791441  0.158264
0.314509  -0.12843  -0.0520054  -0.12843  0.26924  0.0789903  -0.0520054  0.0789903  0.158188
0.314573  -0.128443  -0.0519214  -0.128443  0.269128  0.0788826  -0.0519214  0.0788826  0.158135
0.314573  -0.128443  -0.0519214  -0.128443  0.269128  0.0788826  -0.0519214  0.0788826  0.158135
0.314669  -0.128463  -0.0517673  -0.128463  0.268951  0.0787018  -0.0517673  0.0787018  0.158046
0.314669  -0.128463  -0.0517673  -0.128463  0.268951  0.0787018  -0.0517673  0.0787018  0.158046
0.31476  -0.128473  -0.0516517  -0.128473  0.268783  0.0785472  -0.0516517  0.0785472  0.157971
0.314819  -0.128465  -0.0515722  -0.128465  0.268647  0.0784336  -0.0515722  0.0784336  0.157919
0.314831  -0.128469  -0.0515734  -0.128469  0.268635  0.0784263  -0.0515734  0.0784263  0.157915
0.31492  -0.128502  -0.0514691  -0.128502  0.268512  0.0782976  -0.0514691  0.0782976  0.157848
0.314914  -0.128495  -0.0514516  -0.128495  0.268503  0.0782852  -0.0514516  0.0782852  0.157844
0.314992  -0.128498  -0.0513906  -0.128498  0.268364  0.0781767  -0.0513906  0.0781767  0.157792
0.31505  -0.1285  -0.0513448  -0.1285  0.268261  0.0780954  -0.0513448  0.0780954  0.157754
0.315063  -0.128504  -0.0513459  -0.128504  0.268248  0.078088  -0.0513459  0.078088  0.15775
0.315121  -0.128508  -0.0512439  -0.128508  0.268127  0.0779683  -0.0512439  0.0779683  0.157693
0.315121  -0.128508  -0.0512439  -0.128508  0.268127  0.0779683  -0.0512439  0.0779683  0.157693
0.315173  -0.128503  -0.0511806  -0.128503  0.268014  0.0778747  -0.0511806  0.0778747  0.15765
0.315206  -0.128497  -0.0511325  -0.128497  0.267935  0.0778082  -0.0511325  0.0778082  0.15762
0.315219  -0.128501  -0.0511336  -0.128501  0.267923  0.0778008  -0.0511336  0.0778008  0.157616
0.315252  -0.128484  -0.0510516  -0.128484  0.267812  0.0777023  -0.0510516  0.0777023  0.157573
0.315252  -0.128484  -0.0510516  -0.128484  0.267812  0.0777023  -0.0510516  0.0777023  0.157573
0.315292  -0.128475  -0.050987  -0.128475  0.267711  0.0776162  -0.050987  0.0776162  0.157534
0.315287  -0.128454  -0.0509918  -0.128454  0.267687  0.0776103  -0.0509918  0.0776103  0.157535
0.315319  -0.128448  -0.0509437  -0.128448  0.267609  0.077544  -0.0509437  0.077544  0.157505
0.315345  -0.128445  -0.0509119  -0.128445  0.267552  0.0774972  -0.0509119  0.0774972  0.157484
0.315345  -0.128445  -0.0509119  -0.128445  0.267552  0.0774972  -0.0509119  0.0774972  0.157484
0.315384  -0.128446  -0.0508812  -0.128446  0.267483  0.0774432  -0.0508812  0.0774432  0.157459
0.315397  -0.12845  -0.0508822  -0.12845  0.267471  0.0774358  -0.0508822  0.0774358  0.157454
0.315429  -0.128454  -0.0508679  -0.128454  0.267424  0.0774013  -0.0508679  0.0774013  0.157437
0.315436  -0.128438  -0.0508737  -0.128438  0.267387  0.0773881  -0.0508737  0.0773881  0.157434
0.315475  -0.128449  -0.0508768  -0.128449  0.26735  0.0773659  -0.0508768  0.0773659  0.157421
0.315507  -0.128453  -0.0508625  -0.128453  0.267303  0.0773315  -0.0508625  0.0773315  0.157404
0.315507  -0.128453  -0.0508625  -0.128453  0.267303  0.0773315  -0.0508625  0.0773315  0.157404
0.315532  -0.128461  -0.0508646  -0.128461  0.267279  0.0773167  -0.0508646  0.0773167  0.157396
0.315571  -0.128473  -0.0508677  -0.128473  0.267241  0.0772945  -0.0508677  0.0772945  0.157383
0.315596  -0.12848  -0.0508697  -0.12848  0.267216  0.0772797  -0.0508697  0.0772797  0.157375
0.315596  -0.12848  -0.0508697  -0.12848  0.267216  0.0772797  -0.0508697  0.0772797  0.157375
0.31564  -0.128513  -0.050868  -0.128513  0.267203  0.0772634  -0.050868  0.0772634  0.157362
0.315653  -0.128517  -0.0508691  -0.128517  0.267191  0.0772561  -0.0508691  0.0772561  0.157357
0.315691  -0.128528  -0.0508722  -0.128528  0.267153  0.0772339  -0.0508722  0.0772339  0.157345
0.31573  -0.12854  -0.0508752  -0.12854  0.267116  0.0772117  -0.0508752  0.0772117  0.157332
0.315735  -0.12856  -0.0508704  -0.12856  0.26714  0.0772176  -0.0508704  0.0772176  0.157331
0.315787  -0.128576  -0.0508745  -0.128576  0.26709  0.077188  -0.0508745  0.077188  0.157315
0.315787  -0.128576  -0.0508745  -0.128576  0.26709  0.077188  -0.0508745  0.077188  0.157315
0.315844  -0.128598  -0.0508961  -0.128598  0.26705  0.0771707  -0.0508961  0.0771707  0.157302
0.315901  -0.128635  -0.0508954  -0.128635  0.267025  0.077147  -0.0508954  0.077147  0.157285
0.315901  -0.128635  -0.0508954  -0.128635  0.267025  0.077147  -0.0508954  0.077147  0.157285
0.315983  -0.128689  -0.0509307  -0.128689  0.267006  0.0771404  -0.0509307  0.0771404  0.157271
0.316022  -0.128701  -0.0509338  -0.128701  0.266968  0.0771182  -0.0509338  0.0771182  0.157259
0.316022  -0.128701  -0.0509338  -0.128701  0.266968  0.0771182  -0.0509338  0.0771182  0.157259
0.316085  -0.128744  -0.0509506  -0.128744  0.266952  0.0771068  -0.0509506  0.0771068  0.157246
0.316098  -0.128748  -0.0509516  -0.128748  0.26694  0.0770994  -0.0509516  0.0770994  0.157241
0.316162  -0.128791  -0.0509684  -0.128791  0.266924  0.0770879  -0.0509684  0.0770879  0.157228
0.316188  -0.128799  -0.0509704  -0.128799  0.266899  0.0770731  -0.0509704  0.0770731  0.15722
0.316188  -0.128799  -0.0509704  -0.128799  0.266899  0.0770731  -0.0509704  0.0770731  0.15722
0.316245  -0.128835  -0.0509697  -0.128835  0.266873  0.0770494  -0.0509697  0.0770494  0.157202
0.316245  -0.128835  -0.0509697  -0.128835  0.266873  0.0770494  -0.0509697  0.0770494  0.157202
0.316303  -0.128871  -0.0509689  -0.128871  0.266847  0.0770256  -0.0509689  0.0770256  0.157185
0.316322  -0.128872  -0.0509533  -0.128872  0.266813  0.0769985  -0.0509533  0.0769985  0.157172
0.316322  -0.128872  -0.0509533  -0.128872  0.266813  0.0769985  -0.0509533  0.0769985  0.157172
0.31638  -0.128908  -0.0509525  -0.128908  0.266787  0.0769748  -0.0509525  0.0769748  0.157154
0.31638  -0.128908  -0.0509525  -0.128908  0.266787  0.0769748  -0.0509525  0.0769748  0.157154
0.316438  -0.128944  -0.0509517  -0.128944  0.266761  0.076951  -0.0509517  0.076951  0.157137
0.316477  -0.128956  -0.0509547  -0.128956  0.266724  0.0769288  -0.0509547  0.0769288  0.157124
0.316477  -0.128956  -0.0509547  -0.128956  0.266724  0.0769288  -0.0509547  0.0769288  0.157124
0.316521  -0.128988  -0.0509529  -0.128988  0.266711  0.0769124  -0.0509529  0.0769124  0.157111
0.316534  -0.128992  -0.0509539  -0.128992  0.266698  0.076905  -0.0509539  0.076905  0.157107
0.316579  -0.129024  -0.0509521  -0.129024  0.266685  0.0768887  -0.0509521  0.0768887  0.157094
0.316592  -0.129028  -0.0509531  -0.129028  0.266672  0.0768813  -0.0509531  0.0768813  0.157089
0.316637  -0.12906  -0.0509512  -0.12906  0.266659  0.0768649  -0.0509512  0.0768649  0.157076
0.316663  -0.129068  -0.0509532  -0.129068  0.266634  0.0768501  -0.0509532  0.0768501  0.157068
0.316663  -0.129068  -0.0509532  -0.129068  0.266634  0.0768501  -0.0509532  0.0768501  0.157068
0.316702  -0.129093  -0.0509338  -0.129093  0.266611  0.0768214  -0.0509338  0.0768214  0.15705
0.316728  -0.1291  -0.0509357  -0.1291  0.266586  0.0768066  -0.0509357  0.0768066  0.157042
0.316741  -0.129104  -0.0509367  -0.129104  0.266574  0.0767992  -0.0509367  0.0767992  0.157037
0.316767  -0.129125  -0.0509163  -0.129125  0.266563  0.0767779  -0.0509163  0.0767779  0.157024
0.316767  -0.129125  -0.0509163  -0.129125  0.266563  0.0767779  -0.0509163  0.0767779  0.157024
0.316773  -0.129122  -0.0508997  -0.129122  0.266541  0.0767582  -0.0508997  0.0767582  0.157015
0.316786  -0.129126  -0.0509006  -0.129126  0.266529  0.0767508  -0.0509006  0.0767508  0.157011
0.316786  -0.129126  -0.0509006  -0.129126  0.266529  0.0767508  -0.0509006  0.0767508  0.157011
0.316793  -0.129122  -0.050884  -0.129122  0.266506  0.0767311  -0.050884  0.0767311  0.157003
0.316793  -0.129122  -0.050884  -0.129122  0.266506  0.0767311  -0.050884  0.0767311  0.157003
0.3168  -0.129119  -0.0508674  -0.129119  0.266484  0.0767114  -0.0508674  0.0767114  0.156994
0.3168  -0.129119  -0.0508674  -0.129119  0.266484  0.0767114  -0.0508674  0.0767114  0.156994
0.3168  -0.129119  -0.0508674  -0.129119  0.266484  0.0767114  -0.0508674  0.0767114  0.156994
0.316794  -0.129111  -0.0508498  -0.129111  0.266475  0.0766992  -0.0508498  0.0766992  0.15699
0.316794  -0.129111  -0.0508498  -0.129111  0.266475  0.0766992  -0.0508498  0.0766992  0.15699
0.316787  -0.129104  -0.0508322  -0.129104  0.266465  0.0766869  -0.0508322  0.0766869  0.156986
0.316787  -0.129104  -0.0508322  -0.129104  0.266465  0.0766869  -0.0508322  0.0766869  0.156986
0.316781  -0.129096  -0.0508146  -0.129096  0.266455  0.0766746  -0.0508146  0.0766746  0.156981
0.316781  -0.129096  -0.0508146  -0.129096  0.266455  0.0766746  -0.0508146  0.0766746  0.156981
0.316768  -0.129093  -0.0508137  -0.129093  0.266468  0.076682  -0.0508137  0.076682  0.156985
0.316761  -0.129085  -0.0507961  -0.129085  0.266458  0.0766698  -0.0507961  0.0766698  0.156981
0.316761  -0.129085  -0.0507961  -0.129085  0.266458  0.0766698  -0.0507961  0.0766698  0.156981
0.316761  -0.129085  -0.0507961  -0.129085  0.266458  0.0766698  -0.0507961  0.0766698  0.156981
0.316761  -0.129085  -0.0507961  -0.129085  0.266458  0.0766698  -0.0507961  0.0766698  0.156981
0.316761  -0.129085  -0.0507961  -0.129085  0.266458  0.0766698  -0.0507961  0.0766698  0.156981
0.316761  -0.129085  -0.0507961  -0.129085  0.266458  0.0766698  -0.0507961  0.0766698  0.156981
0.316761  -0.129085  -0.0507961  -0.129085  0.266458  0.0766698  -0.0507961  0.0766698  0.156981
0.316755  -0.129078  -0.0507785  -0.129078  0.266448  0.0766575  -0.0507785  0.0766575  0.156977
0.316755  -0.129078  -0.0507785  -0.129078  0.266448  0.0766575  -0.0507785  0.0766575  0.156977
0.316761  -0.129085  -0.0507961  -0.129085  0.266458  0.0766698  -0.0507961  0.0766698  0.156981
0.316761  -0.129085  -0.0507961  -0.129085  0.266458  0.0766698  -0.0507961  0.0766698  0.156981
0.316761  -0.129085  -0.0507961  -0.129085  0.266458  0.0766698  -0.0507961  0.0766698  0.156981
0.316768  -0.129082  -0.0507795  -0.129082  0.266436  0.0766501  -0.0507795  0.0766501  0.156973
0.316768  -0.129082  -0.0507795  -0.129082  0.266436  0.0766501  -0.0507795  0.0766501  0.156973
0.316768  -0.129082  -0.0507795  -0.129082  0.266436  0.0766501  -0.0507795  0.0766501  0.156973
0.316768  -0.129082  -0.0507795  -0.129082  0.266436  0.0766501  -0.0507795  0.0766501  0.156973
0.316768  -0.129082  -0.0507795  -0.129082  0.266436  0.0766501  -0.0507795  0.0766501  0.156973
0.316781  -0.129086  -0.0507804  -0.129086  0.266423  0.0766427  -0.0507804  0.0766427  0.156969
0.316781  -0.129086  -0.0507804  -0.129086  0.266423  0.0766427  -0.0507804  0.0766427  0.156969
0.316788  -0.129082  -0.0507638  -0.129082  0.266401  0.076623  -0.0507638  0.076623  0.15696
0.316788  -0.129082  -0.0507638  -0.129082  0.266401  0.076623  -0.0507638  0.076623  0.15696
0.316795  -0.129078  -0.0507472  -0.129078  0.266379  0.0766034  -0.0507472  0.0766034  0.156952
0.316808  -0.129082  -0.0507482  -0.129082  0.266367  0.076596  -0.0507482  0.076596  0.156947
0.316808  -0.129082  -0.0507482  -0.129082  0.266367  0.076596  -0.0507482  0.076596  0.156947
0.316828  -0.129082  -0.0507325  -0.129082  0.266332  0.0765689  -0.0507325  0.0765689  0.156935
0.316828  -0.129082  -0.0507325  -0.129082  0.266332  0.0765689  -0.0507325  0.0765689  0.156935
0.316848  -0.129083  -0.0507169  -0.129083  0.266298  0.0765418  -0.0507169  0.0765418  0.156922
0.316855  -0.129066  -0.0507226  -0.129066  0.266261  0.0765286  -0.0507226  0.0765286  0.156919
0.316855  -0.129066  -0.0507226  -0.129066  0.266261  0.0765286  -0.0507226  0.0765286  0.156919
0.316894  -0.129091  -0.0507031  -0.129091  0.266238  0.0764999  -0.0507031  0.0764999  0.156901
0.316894  -0.129091  -0.0507031  -0.129091  0.266238  0.0764999  -0.0507031  0.0764999  0.156901
0.316913  -0.129091  -0.0506874  -0.129091  0.266204  0.0764729  -0.0506874  0.0764729  0.156888
0.31692  -0.129087  -0.0506708  -0.129087  0.266182  0.0764532  -0.0506708  0.0764532  0.15688
0.316933  -0.129091  -0.0506717  -0.129091  0.266169  0.0764458  -0.0506717  0.0764458  0.156876
0.316953  -0.129091  -0.050656  -0.129091  0.266135  0.0764187  -0.050656  0.0764187  0.156863
0.316947  -0.129084  -0.0506385  -0.129084  0.266125  0.0764065  -0.0506385  0.0764065  0.156859
0.316967  -0.129084  -0.0506228  -0.129084  0.266091  0.0763794  -0.0506228  0.0763794  0.156846
0.316979  -0.129101  -0.0506013  -0.129101  0.266092  0.0763656  -0.0506013  0.0763656  0.156837
0.316979  -0.129101  -0.0506013  -0.129101  0.266092  0.0763656  -0.0506013  0.0763656  0.156837
0.316999  -0.129101  -0.0505856  -0.129101  0.266058  0.0763385  -0.0505856  0.0763385  0.156824
0.316999  -0.129101  -0.0505856  -0.129101  0.266058  0.0763385  -0.0505856  0.0763385  0.156824
0.317019  -0.129102  -0.0505699  -0.129102  0.266023  0.0763115  -0.0505699  0.0763115  0.156812
0.317026  -0.129098  -0.0505533  -0.129098  0.266001  0.0762918  -0.0505533  0.0762918  0.156803
0.317026  -0.129098  -0.0505533  -0.129098  0.266001  0.0762918  -0.0505533  0.0762918  0.156803
0.317032  -0.129108  -0.0505142  -0.129108  0.265993  0.0762658  -0.0505142  0.0762658  0.15679
0.317032  -0.129108  -0.0505142  -0.129108  0.265993  0.0762658  -0.0505142  0.0762658  0.15679
0.317038  -0.129104  -0.0504976  -0.129104  0.265971  0.0762461  -0.0504976  0.0762461  0.156782
0.317038  -0.129118  -0.0504752  -0.129118  0.265985  0.0762397  -0.0504752  0.0762397  0.156777
0.317038  -0.129118  -0.0504752  -0.129118  0.265985  0.0762397  -0.0504752  0.0762397  0.156777
0.317038  -0.129107  -0.050441  -0.129107  0.265954  0.0762078  -0.050441  0.0762078  0.156764
0.317038  -0.129107  -0.050441  -0.129107  0.265954  0.0762078  -0.050441  0.0762078  0.156764
0.317025  -0.129092  -0.0504058  -0.129092  0.265934  0.0761834  -0.0504058  0.0761834  0.156756
0.317026  -0.129081  -0.0503716  -0.129081  0.265903  0.0761516  -0.0503716  0.0761516  0.156743
0.317026  -0.129081  -0.0503716  -0.129081  0.265903  0.0761516  -0.0503716  0.0761516  0.156743
0.317013  -0.129066  -0.0503365  -0.129066  0.265883  0.0761272  -0.0503365  0.0761272  0.156735
0.317007  -0.129059  -0.050319  -0.129059  0.265874  0.076115  -0.050319  0.076115  0.15673
0.317001  -0.129041  -0.0502672  -0.129041  0.265832  0.076071  -0.0502672  0.076071  0.156714
0.317001  -0.12903  -0.0502331  -0.12903  0.265801  0.0760392  -0.0502331  0.0760392  0.156701
0.316995  -0.129022  -0.0502155  -0.129022  0.265791  0.076027  -0.0502155  0.076027  0.156697
0.316988  -0.129004  -0.0501638  -0.129004  0.26575  0.0759831  -0.0501638  0.0759831  0.15668
0.316988  -0.129004  -0.0501638  -0.129004  0.26575  0.0759831  -0.0501638  0.0759831  0.15668
0.31697  -0.128957  -0.0500995  -0.128957  0.265675  0.0759213  -0.0500995  0.0759213  0.15666
0.316971  -0.128935  -0.0500312  -0.128935  0.265612  0.0758578  -0.0500312  0.0758578  0.156635
0.316971  -0.128935  -0.0500312  -0.128935  0.265612  0.0758578  -0.0500312  0.0758578  0.156635
0.31696  -0.128885  -0.0499503  -0.128885  0.265515  0.0757765  -0.0499503  0.0757765  0.156607
0.31696  -0.128885  -0.0499503  -0.128885  0.265515  0.0757765  -0.0499503  0.0757765  0.156607
0.316954  -0.128856  -0.0498646  -0.128856  0.265442  0.075701  -0.0498646  0.075701  0.156578
0.316942  -0.128806  -0.0497838  -0.128806  0.265346  0.0756199  -0.0497838  0.0756199  0.15655
0.316942  -0.128806  -0.0497838  -0.128806  0.265346  0.0756199  -0.0497838  0.0756199  0.15655
0.316937  -0.128774  -0.0497545  -0.128774  0.26529  0.0755826  -0.0497545  0.0755826  0.156539
0.316925  -0.128737  -0.0496515  -0.128737  0.265208  0.0754952  -0.0496515  0.0754952  0.156506
0.316901  -0.128683  -0.0495699  -0.128683  0.265124  0.0754216  -0.0495699  0.0754216  0.156482
0.316901  -0.128683  -0.0495699  -0.128683  0.265124  0.0754216  -0.0495699  0.0754216  0.156482
0.316884  -0.128601  -0.0494601  -0.128601  0.264973  0.0753036  -0.0494601  0.0753036  0.156443
0.316884  -0.128601  -0.0494601  -0.128601  0.264973  0.0753036  -0.0494601  0.0753036  0.156443
0.316866  -0.128533  -0.0493281  -0.128533  0.264836  0.0751793  -0.0493281  0.0751793  0.1564
0.316866  -0.128533  -0.0493281  -0.128533  0.264836  0.0751793  -0.0493281  0.0751793  0.1564
0.316837  -0.128448  -0.0492177  -0.128448  0.264697  0.075069  -0.0492177  0.075069  0.156365
0.31683  -0.12844  -0.0492003  -0.12844  0.264687  0.075057  -0.0492003  0.075057  0.156361
0.316819  -0.128379  -0.0490859  -0.128379  0.26456  0.0749451  -0.0490859  0.0749451  0.156322
0.316801  -0.128322  -0.0489881  -0.128322  0.264455  0.0748527  -0.0489881  0.0748527  0.156291
0.316795  -0.128315  -0.0489708  -0.128315  0.264445  0.0748408  -0.0489708  0.0748408  0.156287
0.316783  -0.128276  -0.0489244  -0.128276  0.264381  0.0747918  -0.0489244  0.0747918  0.156272
0.316748  -0.128183  -0.048797  -0.128183  0.264233  0.0746701  -0.048797  0.0746701  0.156234
0.316717  -0.128122  -0.0486987  -0.128122  0.264141  0.0745855  -0.0486987  0.0745855  0.156208
0.316717  -0.128122  -0.0486987  -0.128122  0.264141  0.0745855  -0.0486987  0.0745855  0.156208
0.316669  -0.128002  -0.0485591  -0.128002  0.26396  0.0744467  -0.0485591  0.0744467  0.156167
0.316669  -0.128002  -0.0485591  -0.128002  0.26396  0.0744467  -0.0485591  0.0744467  0.156167
0.316633  -0.127923  -0.04841  -0.127923  0.263827  0.0743193  -0.04841  0.0743193  0.156125
0.316627  -0.127916  -0.0483927  -0.127916  0.263818  0.0743074  -0.0483927  0.0743074  0.156122
0.316579  -0.127796  -0.0482536  -0.127796  0.263638  0.0741692  -0.0482536  0.0741692  0.156082
0.316573  -0.127788  -0.0482363  -0.127788  0.263629  0.0741573  -0.0482363  0.0741573  0.156078
0.316531  -0.1277  -0.0481262  -0.1277  0.263504  0.0740559  -0.0481262  0.0740559  0.156049
0.3165  -0.127639  -0.0480285  -0.127639  0.263412  0.0739721  -0.0480285  0.0739721  0.156024
0.3165  -0.127639  -0.0480285  -0.127639  0.263412  0.0739721  -0.0480285  0.0739721  0.156024
0.31644  -0.127516  -0.0478892  -0.127516  0.263246  0.0738419  -0.0478892  0.0738419  0.155989
0.316434  -0.127509  -0.047872  -0.127509  0.263236  0.0738301  -0.047872  0.0738301  0.155985
0.316367  -0.127392  -0.0476936  -0.127392  0.263075  0.0736822  -0.0476936  0.0736822  0.155943
0.316325  -0.127317  -0.047562  -0.127317  0.262965  0.0735753  -0.047562  0.0735753  0.155911
0.316319  -0.127297  -0.047567  -0.127297  0.262942  0.0735699  -0.047567  0.0735699  0.155911
0.316272  -0.127191  -0.0474069  -0.127191  0.262777  0.0734269  -0.0474069  0.0734269  0.155869
0.31626  -0.127163  -0.0473948  -0.127163  0.262745  0.0734097  -0.0473948  0.0734097  0.155866
0.316188  -0.12704  -0.0472002  -0.12704  0.262575  0.0732511  -0.0472002  0.0732511  0.155821
0.31614  -0.126945  -0.0470742  -0.126945  0.262442  0.0731395  -0.0470742  0.0731395  0.155791
0.316134  -0.126938  -0.0470571  -0.126938  0.262433  0.0731279  -0.0470571  0.0731279  0.155787
0.316057  -0.126781  -0.0468901  -0.126781  0.262227  0.0729708  -0.0468901  0.0729708  0.155748
0.316051  -0.126773  -0.046873  -0.126773  0.262218  0.0729592  -0.046873  0.0729592  0.155745
0.31598  -0.126626  -0.046668  -0.126626  0.262004  0.0727774  -0.046668  0.0727774  0.155694
0.315927  -0.126525  -0.0465257  -0.126525  0.261863  0.0726551  -0.0465257  0.0726551  0.155661
0.315915  -0.126497  -0.0465137  -0.126497  0.261831  0.0726382  -0.0465137  0.0726382  0.155659
0.315839  -0.126355  -0.0463258  -0.126355  0.26164  0.0724762  -0.0463258  0.0724762  0.155617
0.315833  -0.126347  -0.0463089  -0.126347  0.261631  0.0724647  -0.0463089  0.0724647  0.155614
0.315751  -0.126174  -0.0460931  -0.126174  0.261387  0.0722675  -0.0460931  0.0722675  0.155562
0.315682  -0.126025  -0.0459448  -0.126025  0.261192  0.0721241  -0.0459448  0.0721241  0.155528
0.315675  -0.126018  -0.0459279  -0.126018  0.261183  0.0721126  -0.0459279  0.0721126  0.155525
0.315588  -0.125849  -0.0457293  -0.125849  0.260961  0.0719354  -0.0457293  0.0719354  0.155482
0.315582  -0.125842  -0.0457125  -0.125842  0.260952  0.0719239  -0.0457125  0.0719239  0.155479
0.31549  -0.125652  -0.0455194  -0.125652  0.260709  0.071742  -0.0455194  0.071742  0.155438
0.315427  -0.125512  -0.0453888  -0.125512  0.260524  0.0716112  -0.0453888  0.0716112  0.155408
0.315421  -0.125505  -0.0453721  -0.125505  0.260515  0.0715999  -0.0453721  0.0715999  0.155405
0.31533  -0.125305  -0.0451468  -0.125305  0.260242  0.0713889  -0.0451468  0.0713889  0.155354
0.315324  -0.125298  -0.0451301  -0.125298  0.260234  0.0713776  -0.0451301  0.0713776  0.155351
0.315211  -0.125056  -0.044915  -0.125056  0.259929  0.0711643  -0.044915  0.0711643  0.155307
0.315205  -0.125049  -0.0448983  -0.125049  0.25992  0.0711531  -0.0448983  0.0711531  0.155304
0.315097  -0.124827  -0.0446788  -0.124827  0.259638  0.0709458  -0.0446788  0.0709458  0.155259
0.315091  -0.124821  -0.0446622  -0.124821  0.25963  0.0709346  -0.0446622  0.0709346  0.155256
0.314979  -0.124579  -0.0444484  -0.124579  0.259327  0.070723  -0.0444484  0.070723  0.155213
0.314901  -0.124407  -0.0442914  -0.124407  0.259105  0.0705671  -0.0442914  0.0705671  0.15518
0.314895  -0.1244  -0.0442749  -0.1244  0.259096  0.0705559  -0.0442749  0.0705559  0.155178
0.314766  -0.124139  -0.0440126  -0.124139  0.258769  0.0703125  -0.0440126  0.0703125  0.155127
0.314755  -0.124112  -0.0440011  -0.124112  0.258738  0.0702962  -0.0440011  0.0702962  0.155125
0.314651  -0.123869  -0.0437731  -0.123869  0.258417  0.0700687  -0.0437731  0.0700687  0.155077
0.314645  -0.123863  -0.0437566  -0.123863  0.258408  0.0700576  -0.0437566  0.0700576  0.155075
0.31453  -0.123617  -0.0435289  -0.123617  0.258101  0.0698383  -0.0435289  0.0698383  0.155032
0.314458  -0.123466  -0.0433687  -0.123466  0.257904  0.0696899  -0.0433687  0.0696899  0.155001
0.314442  -0.123433  -0.043341  -0.123433  0.257865  0.0696629  -0.043341  0.0696629  0.154996
0.314338  -0.123202  -0.0431472  -0.123202  0.257577  0.069467  -0.0431472  0.069467  0.15496
0.314333  -0.123195  -0.0431309  -0.123195  0.257568  0.069456  -0.0431309  0.069456  0.154957
0.314213  -0.122945  -0.0428887  -0.122945  0.257255  0.0692282  -0.0428887  0.0692282  0.154914
0.314132  -0.122769  -0.0427186  -0.122769  0.25703  0.0690656  -0.0427186  0.0690656  0.154883
0.314127  -0.122762  -0.0427023  -0.122762  0.257022  0.0690547  -0.0427023  0.0690547  0.15488
0.314009  -0.1225  -0.0424828  -0.1225  0.256697  0.0688344  -0.0424828  0.0688344  0.154842
0.314003  -0.122493  -0.0424666  -0.122493  0.256689  0.0688236  -0.0424666  0.0688236  0.154839
0.313886  -0.122245  -0.0422265  -0.122245  0.256379  0.0685984  -0.0422265  0.0685984  0.154798
0.313784  -0.122041  -0.0420465  -0.122041  0.256138  0.0684292  -0.0420465  0.0684292  0.154771
0.313774  -0.122015  -0.0420354  -0.122015  0.256108  0.0684135  -0.0420354  0.0684135  0.15477
0.313658  -0.121744  -0.041786  -0.121744  0.255758  0.0681672  -0.041786  0.0681672  0.154724
0.313574  -0.121564  -0.0416022  -0.121564  0.255529  0.0679971  -0.0416022  0.0679971  0.154694
0.313569  -0.121557  -0.0415861  -0.121557  0.25552  0.0679865  -0.0415861  0.0679865  0.154692
0.313449  -0.121292  -0.0413539  -0.121292  0.255193  0.0677599  -0.0413539  0.0677599  0.154655
0.313433  -0.121259  -0.0413269  -0.121259  0.255155  0.0677338  -0.0413269  0.0677338  0.154651
0.31333  -0.121017  -0.0410906  -0.121017  0.254839  0.0675059  -0.0410906  0.0675059  0.15461
0.313258  -0.120851  -0.0409405  -0.120851  0.254628  0.0673588  -0.0409405  0.0673588  0.154586
0.313243  -0.120819  -0.0409136  -0.120819  0.25459  0.067333  -0.0409136  0.067333  0.154582
0.31313  -0.120575  -0.0406784  -0.120575  0.254288  0.067114  -0.0406784  0.067114  0.154547
0.313114  -0.120543  -0.0406517  -0.120543  0.254251  0.0670883  -0.0406517  0.0670883  0.154543
0.313012  -0.120316  -0.0403964  -0.120316  0.253951  0.0668574  -0.0403964  0.0668574  0.154503
0.312936  -0.120144  -0.0402318  -0.120144  0.253734  0.0667017  -0.0402318  0.0667017  0.154478
0.312921  -0.120112  -0.0402052  -0.120112  0.253697  0.0666762  -0.0402052  0.0666762  0.154475
0.312804  -0.119864  -0.0399563  -0.119864  0.25339  0.0664496  -0.0399563  0.0664496  0.154441
0.31281  -0.11986  -0.0399406  -0.11986  0.25337  0.0664321  -0.0399406  0.0664321  0.154435
0.312684  -0.1196  -0.0396611  -0.1196  0.253048  0.066186  -0.0396611  0.066186  0.154398
0.312609  -0.119443  -0.0394771  -0.119443  0.252847  0.0660267  -0.0394771  0.0660267  0.154373
0.312599  -0.119418  -0.0394665  -0.119418  0.252818  0.0660117  -0.0394665  0.0660117  0.154372
0.312499  -0.119206  -0.039194  -0.119206  0.252536  0.06578  -0.039194  0.06578  0.154334
0.312489  -0.119181  -0.0391835  -0.119181  0.252507  0.0657651  -0.0391835  0.0657651  0.154333
0.312386  -0.118938  -0.0389379  -0.118938  0.252192  0.0655352  -0.0389379  0.0655352  0.154298
0.312323  -0.118782  -0.0388075  -0.118782  0.251996  0.0654035  -0.0388075  0.0654035  0.15428
0.312308  -0.11875  -0.0387814  -0.11875  0.25196  0.0653787  -0.0387814  0.0653787  0.154277
0.312212  -0.118515  -0.0385526  -0.118515  0.251655  0.0651604  -0.0385526  0.0651604  0.154246
0.312202  -0.11849  -0.0385422  -0.11849  0.251626  0.0651458  -0.0385422  0.0651458  0.154244
0.312094  -0.118265  -0.0382934  -0.118265  0.251348  0.0649303  -0.0382934  0.0649303  0.154216
0.312027  -0.118117  -0.038128  -0.118117  0.251159  0.0647848  -0.038128  0.0647848  0.154197
0.312017  -0.118092  -0.0381176  -0.118092  0.251131  0.0647702  -0.0381176  0.0647702  0.154196
0.311921  -0.117884  -0.0378495  -0.117884  0.250855  0.0645438  -0.0378495  0.0645438  0.154163
0.311911  -0.117859  -0.0378392  -0.117859  0.250826  0.0645293  -0.0378392  0.0645293  0.154162
0.311791  -0.117605  -0.037567  -0.117605  0.250515  0.064292  -0.037567  0.064292  0.154134
0.311706  -0.11742  -0.0373621  -0.11742  0.250284  0.0641142  -0.0373621  0.0641142  0.154113
0.311696  -0.117395  -0.0373519  -0.117395  0.250256  0.0640999  -0.0373519  0.0640999  0.154112
0.311573  -0.117137  -0.037066  -0.117137  0.249939  0.0638549  -0.037066  0.0638549  0.154086
0.311564  -0.117112  -0.0370559  -0.117112  0.249911  0.0638406  -0.0370559  0.0638406  0.154085
0.311442  -0.116841  -0.0367916  -0.116841  0.249583  0.0636022  -0.0367916  0.0636022  0.154061
0.311437  -0.116835  -0.0367763  -0.116835  0.249575  0.0635924  -0.0367763  0.0635924  0.154059
0.311321  -0.116559  -0.0365486  -0.116559  0.249244  0.0633702  -0.0365486  0.0633702  0.154039
0.311316  -0.116553  -0.0365334  -0.116553  0.249236  0.0633605  -0.0365334  0.0633605  0.154038
0.311173  -0.116239  -0.0362664  -0.116239  0.248876  0.063113  -0.0362664  0.063113  0.15402
0.311164  -0.116214  -0.0362564  -0.116214  0.248848  0.063099  -0.0362564  0.063099  0.154019
0.311039  -0.11595  -0.0360104  -0.11595  0.248544  0.0628809  -0.0360104  0.0628809  0.154003
0.310948  -0.115755  -0.0358301  -0.115755  0.248319  0.0627204  -0.0358301  0.0627204  0.153992
0.310943  -0.115749  -0.035815  -0.115749  0.248312  0.0627109  -0.035815  0.0627109  0.153992
0.310812  -0.115462  -0.0355607  -0.115462  0.247983  0.0624808  -0.0355607  0.0624808  0.153977
0.310803  -0.115438  -0.0355509  -0.115438  0.247956  0.0624669  -0.0355509  0.0624669  0.153977
0.310662  -0.115162  -0.0352775  -0.115162  0.247653  0.06224  -0.0352775  0.06224  0.153967
0.310549  -0.114936  -0.0350748  -0.114936  0.247409  0.0620658  -0.0350748  0.0620658  0.153961
0.310545  -0.11493  -0.0350599  -0.11493  0.247401  0.0620563  -0.0350599  0.0620563  0.153961
0.310412  -0.114641  -0.0347934  -0.114641  0.24707  0.0618202  -0.0347934  0.0618202  0.153949
0.310403  -0.114629  -0.0347636  -0.114629  0.247055  0.0618015  -0.0347636  0.0618015  0.153948
0.310288  -0.114386  -0.0345677  -0.114386  0.246793  0.0616247  -0.0345677  0.0616247  0.153944
0.310283  -0.11438  -0.0345528  -0.11438  0.246786  0.0616153  -0.0345528  0.0616153  0.153943
0.310161  -0.114116  -0.034298  -0.114116  0.246484  0.0613951  -0.034298  0.0613951  0.153934
0.310157  -0.11411  -0.0342832  -0.11411  0.246477  0.0613858  -0.0342832  0.0613858  0.153934
0.310044  -0.113872  -0.0340388  -0.113872  0.246203  0.0611802  -0.0340388  0.0611802  0.153926
0.309952  -0.113697  -0.0338588  -0.113697  0.246017  0.061037  -0.0338588  0.061037  0.153925
0.309948  -0.113692  -0.033844  -0.113692  0.24601  0.0610278  -0.033844  0.0610278  0.153925
0.309828  -0.113443  -0.0335718  -0.113443  0.245724  0.0608055  -0.0335718  0.0608055  0.153918
0.309815  -0.113413  -0.0335477  -0.113413  0.24569  0.060783  -0.0335477  0.060783  0.153917
0.309692  -0.113147  -0.0332818  -0.113147  0.245386  0.0605578  -0.0332818  0.0605578  0.153912
0.309604  -0.112965  -0.0330741  -0.112965  0.245176  0.0603916  -0.0330741  0.0603916  0.153909
0.309595  -0.112953  -0.0330449  -0.112953  0.245162  0.0603734  -0.0330449  0.0603734  0.153908
0.309482  -0.112713  -0.0327901  -0.112713  0.244887  0.0601635  -0.0327901  0.0601635  0.153905
0.309474  -0.112701  -0.032761  -0.112701  0.244873  0.0601454  -0.032761  0.0601454  0.153905
0.30937  -0.112473  -0.0325363  -0.112473  0.244613  0.0599545  -0.0325363  0.0599545  0.153903
0.309283  -0.112301  -0.03236  -0.112301  0.244432  0.0598155  -0.03236  0.0598155  0.153907
0.309278  -0.112296  -0.0323456  -0.112296  0.244425  0.0598066  -0.0323456  0.0598066  0.153907
0.309168  -0.112057  -0.0320933  -0.112057  0.244152  0.0595994  -0.0320933  0.0595994  0.153906
0.309164  -0.112051  -0.0320788  -0.112051  0.244145  0.0595905  -0.0320788  0.0595905  0.153906
0.309046  -0.111799  -0.0318476  -0.111799  0.243875  0.0593961  -0.0318476  0.0593961  0.153912
0.308973  -0.11165  -0.0316673  -0.11165  0.243703  0.0592561  -0.0316673  0.0592561  0.153913
0.308965  -0.111626  -0.0316583  -0.111626  0.243677  0.0592432  -0.0316583  0.0592432  0.153913
0.308849  -0.111388  -0.0314089  -0.111388  0.24342  0.0590458  -0.0314089  0.0590458  0.15392
0.30884  -0.111377  -0.0313802  -0.111377  0.243406  0.0590282  -0.0313802  0.0590282  0.15392
0.308721  -0.111134  -0.0311175  -0.111134  0.243144  0.0588231  -0.0311175  0.0588231  0.153929
0.308626  -0.110937  -0.0309217  -0.110937  0.242935  0.0586665  -0.0309217  0.0586665  0.153937
0.308618  -0.110914  -0.0309128  -0.110914  0.24291  0.0586538  -0.0309128  0.0586538  0.153937
0.308497  -0.110654  -0.0306571  -0.110654  0.242631  0.0584467  -0.0306571  0.0584467  0.153948
0.308493  -0.110649  -0.0306429  -0.110649  0.242624  0.058438  -0.0306429  0.058438  0.153948
0.308376  -0.110396  -0.0304025  -0.110396  0.242353  0.0582406  -0.0304025  0.0582406  0.153959
0.308284  -0.110201  -0.0302088  -0.110201  0.242148  0.0580864  -0.0302088  0.0580864  0.15397
