0.308434  -0.140764  -0.0617957  -0.140764  0.30624  0.101935  -0.0617957  0.101935  0.166892
0.308434  -0.140764  -0.0617957  -0.140764  0.30624  0.101935  -0.0617957  0.101935  0.166892
0.308434  -0.140764  -0.0617957  -0.140764  0.30624  0.101935  -0.0617957  0.101935  0.166892
0.308434  -0.140764  -0.0617957  -0.140764  0.30624  0.101935  -0.0617957  0.101935  0.166892
0.308434  -0.140764  -0.0617957  -0.140764  0.30624  0.101935  -0.0617957  0.101935  0.166892
0.308438  -0.140786  -0.061791  -0.140786  0.30627  0.101943  -0.061791  0.101943  0.166891
0.308438  -0.140786  -0.061791  -0.140786  0.30627  0.101943  -0.061791  0.101943  0.166891
0.308438  -0.140786  -0.061791  -0.140786  0.30627  0.101943  -0.061791  0.101943  0.166891
0.308448  -0.140816  -0.0618051  -0.140816  0.306313  0.101966  -0.0618051  0.101966  0.166898
0.308448  -0.140816  -0.0618051  -0.140816  0.306313  0.101966  -0.0618051  0.101966  0.166898
0.308448  -0.140816  -0.0618051  -0.140816  0.306313  0.101966  -0.0618051  0.101966  0.166898
0.308448  -0.140816  -0.0618051  -0.140816  0.306313  0.101966  -0.0618051  0.101966  0.166898
0.30844  -0.140817  -0.0618209  -0.140817  0.306337  0.101989  -0.0618209  0.101989  0.166909
0.30845  -0.140846  -0.0618349  -0.140846  0.30638  0.102013  -0.0618349  0.102013  0.166916
0.30845  -0.140846  -0.0618349  -0.140846  0.30638  0.102013  -0.0618349  0.102013  0.166916
0.308455  -0.140854  -0.0618537  -0.140854  0.306392  0.102028  -0.0618537  0.102028  0.166923
0.308455  -0.140854  -0.0618537  -0.140854  0.306392  0.102028  -0.0618537  0.102028  0.166923
0.308447  -0.140855  -0.0618695  -0.140855  0.306417  0.102051  -0.0618695  0.102051  0.166935
0.308452  -0.140863  -0.0618883  -0.140863  0.306429  0.102067  -0.0618883  0.102067  0.166943
0.308452  -0.140863  -0.0618883  -0.140863  0.306429  0.102067  -0.0618883  0.102067  0.166943
0.308457  -0.14087  -0.0619071  -0.14087  0.306442  0.102083  -0.0619071  0.102083  0.16695
0.308457  -0.14087  -0.0619071  -0.14087  0.306442  0.102083  -0.0619071  0.102083  0.16695
0.30845  -0.140871  -0.0619229  -0.140871  0.306467  0.102106  -0.0619229  0.102106  0.166962
0.30845  -0.140871  -0.0619229  -0.140871  0.306467  0.102106  -0.0619229  0.102106  0.166962
0.308455  -0.140879  -0.0619416  -0.140879  0.306479  0.102122  -0.0619416  0.102122  0.16697
0.308447  -0.14088  -0.0619574  -0.14088  0.306504  0.102145  -0.0619574  0.102145  0.166981
0.308447  -0.14088  -0.0619574  -0.14088  0.306504  0.102145  -0.0619574  0.102145  0.166981
0.308448  -0.140866  -0.0619809  -0.140866  0.306486  0.102152  -0.0619809  0.102152  0.16699
0.30844  -0.140867  -0.0619967  -0.140867  0.306511  0.102175  -0.0619967  0.102175  0.167002
0.30844  -0.140867  -0.0619967  -0.140867  0.306511  0.102175  -0.0619967  0.102175  0.167002
0.30845  -0.140882  -0.0620343  -0.140882  0.306536  0.102207  -0.0620343  0.102207  0.167017
0.30845  -0.140882  -0.0620343  -0.140882  0.306536  0.102207  -0.0620343  0.102207  0.167017
0.30846  -0.140898  -0.0620718  -0.140898  0.306561  0.102238  -0.0620718  0.102238  0.167032
0.308452  -0.140899  -0.0620876  -0.140899  0.306586  0.102261  -0.0620876  0.102261  0.167044
0.308457  -0.140906  -0.0621064  -0.140906  0.306598  0.102277  -0.0621064  0.102277  0.167052
0.308468  -0.140922  -0.062144  -0.140922  0.306623  0.102309  -0.062144  0.102309  0.167067
0.308468  -0.140922  -0.062144  -0.140922  0.306623  0.102309  -0.062144  0.102309  0.167067
0.308482  -0.140959  -0.062177  -0.140959  0.306678  0.102348  -0.062177  0.102348  0.167081
0.308487  -0.140967  -0.0621958  -0.140967  0.306691  0.102364  -0.0621958  0.102364  0.167089
0.308492  -0.140975  -0.0622146  -0.140975  0.306704  0.102379  -0.0622146  0.102379  0.167097
0.308503  -0.14099  -0.0622523  -0.14099  0.306729  0.102411  -0.0622523  0.102411  0.167112
0.308503  -0.14099  -0.0622523  -0.14099  0.306729  0.102411  -0.0622523  0.102411  0.167112
0.308513  -0.141005  -0.0622899  -0.141005  0.306754  0.102442  -0.0622899  0.102442  0.167127
0.308513  -0.141005  -0.0622899  -0.141005  0.306754  0.102442  -0.0622899  0.102442  0.167127
0.308523  -0.141021  -0.0623276  -0.141021  0.306779  0.102474  -0.0623276  0.102474  0.167143
0.308533  -0.141051  -0.0623418  -0.141051  0.306822  0.102498  -0.0623418  0.102498  0.167149
0.308533  -0.141051  -0.0623418  -0.141051  0.306822  0.102498  -0.0623418  0.102498  0.167149
0.308543  -0.141066  -0.0623794  -0.141066  0.306847  0.102529  -0.0623794  0.102529  0.167165
0.308543  -0.141066  -0.0623794  -0.141066  0.306847  0.102529  -0.0623794  0.102529  0.167165
0.308553  -0.141082  -0.0624171  -0.141082  0.306872  0.102561  -0.0624171  0.102561  0.16718
0.308576  -0.141104  -0.0624579  -0.141104  0.306885  0.102585  -0.0624579  0.102585  0.167191
0.308576  -0.141104  -0.0624579  -0.141104  0.306885  0.102585  -0.0624579  0.102585  0.167191
0.308591  -0.141141  -0.0624909  -0.141141  0.30694  0.102624  -0.0624909  0.102624  0.167206
0.308591  -0.141141  -0.0624909  -0.141141  0.30694  0.102624  -0.0624909  0.102624  0.167206
0.308601  -0.141157  -0.0625287  -0.141157  0.306965  0.102656  -0.0625287  0.102656  0.167221
0.308606  -0.141164  -0.0625475  -0.141164  0.306978  0.102672  -0.0625475  0.102672  0.167229
0.308606  -0.141164  -0.0625475  -0.141164  0.306978  0.102672  -0.0625475  0.102672  0.167229
0.308616  -0.14118  -0.0625853  -0.14118  0.307003  0.102703  -0.0625853  0.102703  0.167244
0.308616  -0.14118  -0.0625853  -0.14118  0.307003  0.102703  -0.0625853  0.102703  0.167244
0.308626  -0.141196  -0.0626231  -0.141196  0.307028  0.102735  -0.0626231  0.102735  0.16726
0.308624  -0.141204  -0.0626578  -0.141204  0.307066  0.102774  -0.0626578  0.102774  0.16728
0.308624  -0.141204  -0.0626578  -0.141204  0.307066  0.102774  -0.0626578  0.102774  0.16728
0.308634  -0.14122  -0.0626956  -0.14122  0.307091  0.102806  -0.0626956  0.102806  0.167295
0.308634  -0.14122  -0.0626956  -0.14122  0.307091  0.102806  -0.0626956  0.102806  0.167295
0.308649  -0.141257  -0.0627287  -0.141257  0.307146  0.102845  -0.0627287  0.102845  0.16731
0.308646  -0.141266  -0.0627635  -0.141266  0.307184  0.102884  -0.0627635  0.102884  0.167329
0.308646  -0.141266  -0.0627635  -0.141266  0.307184  0.102884  -0.0627635  0.102884  0.167329
0.308661  -0.141289  -0.0628202  -0.141289  0.307222  0.102932  -0.0628202  0.102932  0.167353
0.308661  -0.141289  -0.0628202  -0.141289  0.307222  0.102932  -0.0628202  0.102932  0.167353
0.308659  -0.141298  -0.062855  -0.141298  0.307259  0.102971  -0.062855  0.102971  0.167373
0.308669  -0.141314  -0.0628928  -0.141314  0.307284  0.103003  -0.0628928  0.103003  0.167388
0.308669  -0.141314  -0.0628928  -0.141314  0.307284  0.103003  -0.0628928  0.103003  0.167388
0.308666  -0.141322  -0.0629276  -0.141322  0.307322  0.103042  -0.0629276  0.103042  0.167408
0.308666  -0.141322  -0.0629276  -0.141322  0.307322  0.103042  -0.0629276  0.103042  0.167408
0.308681  -0.14136  -0.0629608  -0.14136  0.307377  0.103082  -0.0629608  0.103082  0.167423
0.308687  -0.141368  -0.0629798  -0.141368  0.30739  0.103097  -0.0629798  0.103097  0.167431
0.308687  -0.141368  -0.0629798  -0.141368  0.30739  0.103097  -0.0629798  0.103097  0.167431
0.308679  -0.141368  -0.0629957  -0.141368  0.307415  0.103121  -0.0629957  0.103121  0.167443
0.308679  -0.141368  -0.0629957  -0.141368  0.307415  0.103121  -0.0629957  0.103121  0.167443
0.308689  -0.141384  -0.0630335  -0.141384  0.30744  0.103153  -0.0630335  0.103153  0.167458
0.308689  -0.141384  -0.0630335  -0.141384  0.30744  0.103153  -0.0630335  0.103153  0.167458
0.308689  -0.14137  -0.0630571  -0.14137  0.307423  0.10316  -0.0630571  0.10316  0.167468
0.308689  -0.14137  -0.0630571  -0.14137  0.307423  0.10316  -0.0630571  0.10316  0.167468
0.308677  -0.141363  -0.063054  -0.141363  0.307435  0.103168  -0.063054  0.103168  0.167472
0.308682  -0.141371  -0.063073  -0.141371  0.307447  0.103184  -0.063073  0.103184  0.16748
0.308682  -0.141371  -0.063073  -0.141371  0.307447  0.103184  -0.063073  0.103184  0.16748
0.308687  -0.141379  -0.0630919  -0.141379  0.30746  0.1032  -0.0630919  0.1032  0.167487
0.308687  -0.141379  -0.0630919  -0.141379  0.30746  0.1032  -0.0630919  0.1032  0.167487
0.308687  -0.141379  -0.0630919  -0.141379  0.30746  0.1032  -0.0630919  0.1032  0.167487
0.308687  -0.141379  -0.0630919  -0.141379  0.30746  0.1032  -0.0630919  0.1032  0.167487
0.308687  -0.141379  -0.0630919  -0.141379  0.30746  0.1032  -0.0630919  0.1032  0.167487
0.3087  -0.141386  -0.063095  -0.141386  0.307448  0.103192  -0.063095  0.103192  0.167483
0.3087  -0.141386  -0.063095  -0.141386  0.307448  0.103192  -0.063095  0.103192  0.167483
0.308695  -0.141364  -0.0630996  -0.141364  0.307418  0.103184  -0.0630996  0.103184  0.167484
0.308695  -0.141364  -0.0630996  -0.141364  0.307418  0.103184  -0.0630996  0.103184  0.167484
0.308695  -0.141364  -0.0630996  -0.141364  0.307418  0.103184  -0.0630996  0.103184  0.167484
0.3087  -0.141386  -0.063095  -0.141386  0.307448  0.103192  -0.063095  0.103192  0.167483
0.3087  -0.141386  -0.063095  -0.141386  0.307448  0.103192  -0.063095  0.103192  0.167483
0.3087  -0.141386  -0.063095  -0.141386  0.307448  0.103192  -0.063095  0.103192  0.167483
0.3087  -0.141386  -0.063095  -0.141386  0.307448  0.103192  -0.063095  0.103192  0.167483
0.3087  -0.141386  -0.063095  -0.141386  0.307448  0.103192  -0.063095  0.103192  0.167483
0.308713  -0.141392  -0.0630981  -0.141392  0.307436  0.103185  -0.0630981  0.103185  0.167479
0.308713  -0.141392  -0.0630981  -0.141392  0.307436  0.103185  -0.0630981  0.103185  0.167479
0.308713  -0.141392  -0.0630981  -0.141392  0.307436  0.103185  -0.0630981  0.103185  0.167479
0.308713  -0.141392  -0.0630981  -0.141392  0.307436  0.103185  -0.0630981  0.103185  0.167479
0.30872  -0.141391  -0.0630822  -0.141391  0.307411  0.103161  -0.0630822  0.103161  0.167467
0.308716  -0.14137  -0.0630868  -0.14137  0.307381  0.103153  -0.0630868  0.103153  0.167468
0.308716  -0.14137  -0.0630868  -0.14137  0.307381  0.103153  -0.0630868  0.103153  0.167468
0.308723  -0.141369  -0.0630709  -0.141369  0.307356  0.10313  -0.0630709  0.10313  0.167456
0.308723  -0.141369  -0.0630709  -0.141369  0.307356  0.10313  -0.0630709  0.10313  0.167456
0.308718  -0.141361  -0.063052  -0.141361  0.307343  0.103114  -0.063052  0.103114  0.167448
0.308731  -0.141368  -0.0630551  -0.141368  0.307331  0.103107  -0.0630551  0.103107  0.167444
0.308731  -0.141368  -0.0630551  -0.141368  0.307331  0.103107  -0.0630551  0.103107  0.167444
0.308736  -0.14139  -0.0630504  -0.14139  0.307361  0.103115  -0.0630504  0.103115  0.167443
0.308736  -0.14139  -0.0630504  -0.14139  0.307361  0.103115  -0.0630504  0.103115  0.167443
0.308749  -0.141396  -0.0630535  -0.141396  0.307349  0.103108  -0.0630535  0.103108  0.167439
0.308749  -0.141396  -0.0630535  -0.141396  0.307349  0.103108  -0.0630535  0.103108  0.167439
0.308749  -0.141396  -0.0630535  -0.141396  0.307349  0.103108  -0.0630535  0.103108  0.167439
0.308766  -0.141425  -0.063052  -0.141425  0.307367  0.103108  -0.063052  0.103108  0.167434
0.308766  -0.141425  -0.063052  -0.141425  0.307367  0.103108  -0.063052  0.103108  0.167434
0.308779  -0.141432  -0.063055  -0.141432  0.307355  0.103101  -0.063055  0.103101  0.16743
0.308775  -0.14141  -0.0630597  -0.14141  0.307325  0.103093  -0.0630597  0.103093  0.167431
0.308775  -0.14141  -0.0630597  -0.14141  0.307325  0.103093  -0.0630597  0.103093  0.167431
0.308769  -0.141402  -0.0630407  -0.141402  0.307312  0.103077  -0.0630407  0.103077  0.167423
0.308769  -0.141402  -0.0630407  -0.141402  0.307312  0.103077  -0.0630407  0.103077  0.167423
0.308782  -0.141409  -0.0630438  -0.141409  0.3073  0.10307  -0.0630438  0.10307  0.167419
0.308782  -0.141409  -0.0630438  -0.141409  0.3073  0.10307  -0.0630438  0.10307  0.167419
0.308782  -0.141409  -0.0630438  -0.141409  0.3073  0.10307  -0.0630438  0.10307  0.167419
0.308782  -0.141409  -0.0630438  -0.141409  0.3073  0.10307  -0.0630438  0.10307  0.167419
0.308782  -0.141409  -0.0630438  -0.141409  0.3073  0.10307  -0.0630438  0.10307  0.167419
0.308782  -0.141409  -0.0630438  -0.141409  0.3073  0.10307  -0.0630438  0.10307  0.167419
0.308782  -0.141409  -0.0630438  -0.141409  0.3073  0.10307  -0.0630438  0.10307  0.167419
0.308782  -0.141409  -0.0630438  -0.141409  0.3073  0.10307  -0.0630438  0.10307  0.167419
0.308787  -0.141431  -0.0630392  -0.141431  0.30733  0.103078  -0.0630392  0.103078  0.167418
0.308787  -0.141431  -0.0630392  -0.141431  0.30733  0.103078  -0.0630392  0.103078  0.167418
0.308787  -0.141431  -0.0630392  -0.141431  0.30733  0.103078  -0.0630392  0.103078  0.167418
0.3088  -0.141438  -0.0630422  -0.141438  0.307318  0.10307  -0.0630422  0.10307  0.167414
0.3088  -0.141438  -0.0630422  -0.141438  0.307318  0.10307  -0.0630422  0.10307  0.167414
0.3088  -0.141438  -0.0630422  -0.141438  0.307318  0.10307  -0.0630422  0.10307  0.167414
0.308813  -0.141445  -0.0630453  -0.141445  0.307306  0.103063  -0.0630453  0.103063  0.167409
0.308813  -0.141445  -0.0630453  -0.141445  0.307306  0.103063  -0.0630453  0.103063  0.167409
0.308808  -0.141423  -0.0630499  -0.141423  0.307276  0.103055  -0.0630499  0.103055  0.167411
0.308816  -0.141422  -0.063034  -0.141422  0.307251  0.103032  -0.063034  0.103032  0.167399
0.308816  -0.141422  -0.063034  -0.141422  0.307251  0.103032  -0.063034  0.103032  0.167399
0.308816  -0.141422  -0.063034  -0.141422  0.307251  0.103032  -0.063034  0.103032  0.167399
0.308816  -0.141422  -0.063034  -0.141422  0.307251  0.103032  -0.063034  0.103032  0.167399
0.308834  -0.141451  -0.0630325  -0.141451  0.307269  0.103032  -0.0630325  0.103032  0.167393
0.308834  -0.141451  -0.0630325  -0.141451  0.307269  0.103032  -0.0630325  0.103032  0.167393
0.308834  -0.141451  -0.0630325  -0.141451  0.307269  0.103032  -0.0630325  0.103032  0.167393
0.308828  -0.141443  -0.0630135  -0.141443  0.307256  0.103016  -0.0630135  0.103016  0.167385
0.308828  -0.141443  -0.0630135  -0.141443  0.307256  0.103016  -0.0630135  0.103016  0.167385
0.308841  -0.14145  -0.0630166  -0.14145  0.307244  0.103009  -0.0630166  0.103009  0.167381
0.308841  -0.14145  -0.0630166  -0.14145  0.307244  0.103009  -0.0630166  0.103009  0.167381
0.308846  -0.141472  -0.063012  -0.141472  0.307274  0.103017  -0.063012  0.103017  0.16738
0.308846  -0.141472  -0.063012  -0.141472  0.307274  0.103017  -0.063012  0.103017  0.16738
0.308846  -0.141472  -0.063012  -0.141472  0.307274  0.103017  -0.063012  0.103017  0.16738
0.308846  -0.141472  -0.063012  -0.141472  0.307274  0.103017  -0.063012  0.103017  0.16738
0.308846  -0.141472  -0.063012  -0.141472  0.307274  0.103017  -0.063012  0.103017  0.16738
0.308859  -0.141479  -0.063015  -0.141479  0.307262  0.10301  -0.063015  0.10301  0.167376
0.308859  -0.141479  -0.063015  -0.141479  0.307262  0.10301  -0.063015  0.10301  0.167376
0.308854  -0.141471  -0.0629961  -0.141471  0.30725  0.102994  -0.0629961  0.102994  0.167368
0.308854  -0.141471  -0.0629961  -0.141471  0.30725  0.102994  -0.0629961  0.102994  0.167368
0.308854  -0.141471  -0.0629961  -0.141471  0.30725  0.102994  -0.0629961  0.102994  0.167368
0.308854  -0.141471  -0.0629961  -0.141471  0.30725  0.102994  -0.0629961  0.102994  0.167368
0.308854  -0.141471  -0.0629961  -0.141471  0.30725  0.102994  -0.0629961  0.102994  0.167368
0.308831  -0.141434  -0.0629787  -0.141434  0.307219  0.102977  -0.0629787  0.102977  0.167366
0.308831  -0.141434  -0.0629787  -0.141434  0.307219  0.102977  -0.0629787  0.102977  0.167366
0.308831  -0.141434  -0.0629787  -0.141434  0.307219  0.102977  -0.0629787  0.102977  0.167366
0.308831  -0.141434  -0.0629787  -0.141434  0.307219  0.102977  -0.0629787  0.102977  0.167366
0.308831  -0.141434  -0.0629787  -0.141434  0.307219  0.102977  -0.0629787  0.102977  0.167366
0.308826  -0.141426  -0.0629597  -0.141426  0.307206  0.102961  -0.0629597  0.102961  0.167358
0.308826  -0.141426  -0.0629597  -0.141426  0.307206  0.102961  -0.0629597  0.102961  0.167358
0.308826  -0.141426  -0.0629597  -0.141426  0.307206  0.102961  -0.0629597  0.102961  0.167358
0.308826  -0.141426  -0.0629597  -0.141426  0.307206  0.102961  -0.0629597  0.102961  0.167358
0.308826  -0.141426  -0.0629597  -0.141426  0.307206  0.102961  -0.0629597  0.102961  0.167358
0.30883  -0.141448  -0.0629551  -0.141448  0.307236  0.102969  -0.0629551  0.102969  0.167357
0.30883  -0.141448  -0.0629551  -0.141448  0.307236  0.102969  -0.0629551  0.102969  0.167357
0.30883  -0.141448  -0.0629551  -0.141448  0.307236  0.102969  -0.0629551  0.102969  0.167357
0.308823  -0.141449  -0.062971  -0.141449  0.307261  0.102993  -0.062971  0.102993  0.167369
0.308823  -0.141449  -0.062971  -0.141449  0.307261  0.102993  -0.062971  0.102993  0.167369
0.308823  -0.141449  -0.062971  -0.141449  0.307261  0.102993  -0.062971  0.102993  0.167369
0.308823  -0.141449  -0.062971  -0.141449  0.307261  0.102993  -0.062971  0.102993  0.167369
0.308823  -0.141449  -0.062971  -0.141449  0.307261  0.102993  -0.062971  0.102993  0.167369
0.30881  -0.141442  -0.0629679  -0.141442  0.307273  0.103  -0.0629679  0.103  0.167373
0.30881  -0.141442  -0.0629679  -0.141442  0.307273  0.103  -0.0629679  0.103  0.167373
0.3088  -0.141413  -0.0629536  -0.141413  0.307231  0.102976  -0.0629536  0.102976  0.167366
0.3088  -0.141413  -0.0629536  -0.141413  0.307231  0.102976  -0.0629536  0.102976  0.167366
0.3088  -0.141413  -0.0629536  -0.141413  0.307231  0.102976  -0.0629536  0.102976  0.167366
0.308795  -0.141405  -0.0629347  -0.141405  0.307218  0.10296  -0.0629347  0.10296  0.167358
0.308795  -0.141405  -0.0629347  -0.141405  0.307218  0.10296  -0.0629347  0.10296  0.167358
0.308795  -0.141405  -0.0629347  -0.141405  0.307218  0.10296  -0.0629347  0.10296  0.167358
0.308795  -0.141405  -0.0629347  -0.141405  0.307218  0.10296  -0.0629347  0.10296  0.167358
0.308795  -0.141405  -0.0629347  -0.141405  0.307218  0.10296  -0.0629347  0.10296  0.167358
0.3088  -0.141427  -0.06293  -0.141427  0.307248  0.102968  -0.06293  0.102968  0.167357
0.3088  -0.141427  -0.06293  -0.141427  0.307248  0.102968  -0.06293  0.102968  0.167357
0.3088  -0.141427  -0.06293  -0.141427  0.307248  0.102968  -0.06293  0.102968  0.167357
0.308787  -0.14142  -0.062927  -0.14142  0.30726  0.102976  -0.062927  0.102976  0.167361
0.308787  -0.14142  -0.062927  -0.14142  0.30726  0.102976  -0.062927  0.102976  0.167361
0.308787  -0.14142  -0.062927  -0.14142  0.30726  0.102976  -0.062927  0.102976  0.167361
0.308787  -0.14142  -0.062927  -0.14142  0.30726  0.102976  -0.062927  0.102976  0.167361
0.308781  -0.141412  -0.062908  -0.141412  0.307248  0.10296  -0.062908  0.10296  0.167353
0.308781  -0.141412  -0.062908  -0.141412  0.307248  0.10296  -0.062908  0.10296  0.167353
0.308776  -0.141404  -0.0628891  -0.141404  0.307235  0.102944  -0.0628891  0.102944  0.167345
0.308776  -0.141404  -0.0628891  -0.141404  0.307235  0.102944  -0.0628891  0.102944  0.167345
0.308763  -0.141398  -0.062886  -0.141398  0.307247  0.102951  -0.062886  0.102951  0.167349
0.308758  -0.14139  -0.0628671  -0.14139  0.307234  0.102935  -0.0628671  0.102935  0.167342
0.308758  -0.14139  -0.0628671  -0.14139  0.307234  0.102935  -0.0628671  0.102935  0.167342
0.308758  -0.14139  -0.0628671  -0.14139  0.307234  0.102935  -0.0628671  0.102935  0.167342
0.308745  -0.141383  -0.0628641  -0.141383  0.307247  0.102943  -0.0628641  0.102943  0.167346
0.308745  -0.141383  -0.0628641  -0.141383  0.307247  0.102943  -0.0628641  0.102943  0.167346
0.30874  -0.141375  -0.0628451  -0.141375  0.307234  0.102927  -0.0628451  0.102927  0.167338
0.30874  -0.141375  -0.0628451  -0.141375  0.307234  0.102927  -0.0628451  0.102927  0.167338
0.308727  -0.141368  -0.0628421  -0.141368  0.307246  0.102934  -0.0628421  0.102934  0.167342
0.308732  -0.14139  -0.0628375  -0.14139  0.307276  0.102942  -0.0628375  0.102942  0.167341
0.308732  -0.14139  -0.0628375  -0.14139  0.307276  0.102942  -0.0628375  0.102942  0.167341
0.308732  -0.14139  -0.0628375  -0.14139  0.307276  0.102942  -0.0628375  0.102942  0.167341
0.308724  -0.141405  -0.0628298  -0.141405  0.307319  0.102958  -0.0628298  0.102958  0.167344
0.308724  -0.141405  -0.0628298  -0.141405  0.307319  0.102958  -0.0628298  0.102958  0.167344
0.308724  -0.141405  -0.0628298  -0.141405  0.307319  0.102958  -0.0628298  0.102958  0.167344
0.308724  -0.141405  -0.0628298  -0.141405  0.307319  0.102958  -0.0628298  0.102958  0.167344
0.308724  -0.141405  -0.0628298  -0.141405  0.307319  0.102958  -0.0628298  0.102958  0.167344
0.308728  -0.141427  -0.0628251  -0.141427  0.307349  0.102966  -0.0628251  0.102966  0.167343
0.308728  -0.141427  -0.0628251  -0.141427  0.307349  0.102966  -0.0628251  0.102966  0.167343
0.308728  -0.141427  -0.0628251  -0.141427  0.307349  0.102966  -0.0628251  0.102966  0.167343
0.30871  -0.141412  -0.0628032  -0.141412  0.307348  0.102957  -0.0628032  0.102957  0.167339
0.30871  -0.141412  -0.0628032  -0.141412  0.307348  0.102957  -0.0628032  0.102957  0.167339
0.30871  -0.141412  -0.0628032  -0.141412  0.307348  0.102957  -0.0628032  0.102957  0.167339
0.308715  -0.141434  -0.0627985  -0.141434  0.307379  0.102965  -0.0627985  0.102965  0.167338
0.308715  -0.141434  -0.0627985  -0.141434  0.307379  0.102965  -0.0627985  0.102965  0.167338
0.308715  -0.141434  -0.0627985  -0.141434  0.307379  0.102965  -0.0627985  0.102965  0.167338
0.308715  -0.141434  -0.0627985  -0.141434  0.307379  0.102965  -0.0627985  0.102965  0.167338
0.308715  -0.141434  -0.0627985  -0.141434  0.307379  0.102965  -0.0627985  0.102965  0.167338
0.308715  -0.141434  -0.0627985  -0.141434  0.307379  0.102965  -0.0627985  0.102965  0.167338
0.308715  -0.141434  -0.0627985  -0.141434  0.307379  0.102965  -0.0627985  0.102965  0.167338
0.30871  -0.141426  -0.0627796  -0.141426  0.307366  0.102949  -0.0627796  0.102949  0.16733
0.30871  -0.141426  -0.0627796  -0.141426  0.307366  0.102949  -0.0627796  0.102949  0.16733
0.30871  -0.141426  -0.0627796  -0.141426  0.307366  0.102949  -0.0627796  0.102949  0.16733
0.308705  -0.141419  -0.0627607  -0.141419  0.307353  0.102934  -0.0627607  0.102934  0.167322
0.308705  -0.141419  -0.0627607  -0.141419  0.307353  0.102934  -0.0627607  0.102934  0.167322
0.308713  -0.141404  -0.0627684  -0.141404  0.307311  0.102918  -0.0627684  0.102918  0.167319
0.308713  -0.141404  -0.0627684  -0.141404  0.307311  0.102918  -0.0627684  0.102918  0.167319
0.308713  -0.141404  -0.0627684  -0.141404  0.307311  0.102918  -0.0627684  0.102918  0.167319
0.308713  -0.141404  -0.0627684  -0.141404  0.307311  0.102918  -0.0627684  0.102918  0.167319
0.3087  -0.141397  -0.0627653  -0.141397  0.307323  0.102926  -0.0627653  0.102926  0.167323
0.3087  -0.141397  -0.0627653  -0.141397  0.307323  0.102926  -0.0627653  0.102926  0.167323
0.308705  -0.141405  -0.0627842  -0.141405  0.307336  0.102941  -0.0627842  0.102941  0.167331
0.308705  -0.141405  -0.0627842  -0.141405  0.307336  0.102941  -0.0627842  0.102941  0.167331
0.308705  -0.141405  -0.0627842  -0.141405  0.307336  0.102941  -0.0627842  0.102941  0.167331
0.30871  -0.141412  -0.0628032  -0.141412  0.307348  0.102957  -0.0628032  0.102957  0.167339
0.308716  -0.14142  -0.0628221  -0.14142  0.307361  0.102973  -0.0628221  0.102973  0.167347
0.308716  -0.14142  -0.0628221  -0.14142  0.307361  0.102973  -0.0628221  0.102973  0.167347
0.308716  -0.14142  -0.0628221  -0.14142  0.307361  0.102973  -0.0628221  0.102973  0.167347
0.308711  -0.141398  -0.0628267  -0.141398  0.307331  0.102965  -0.0628267  0.102965  0.167348
0.308711  -0.141398  -0.0628267  -0.141398  0.307331  0.102965  -0.0628267  0.102965  0.167348
0.308706  -0.141376  -0.0628313  -0.141376  0.307301  0.102957  -0.0628313  0.102957  0.167349
0.308706  -0.141376  -0.0628313  -0.141376  0.307301  0.102957  -0.0628313  0.102957  0.167349
0.308706  -0.141376  -0.0628313  -0.141376  0.307301  0.102957  -0.0628313  0.102957  0.167349
0.308706  -0.141376  -0.0628313  -0.141376  0.307301  0.102957  -0.0628313  0.102957  0.167349
0.308702  -0.141355  -0.062836  -0.141355  0.30727  0.102949  -0.062836  0.102949  0.16735
0.308702  -0.141355  -0.062836  -0.141355  0.30727  0.102949  -0.062836  0.102949  0.16735
0.308702  -0.141355  -0.062836  -0.141355  0.30727  0.102949  -0.062836  0.102949  0.16735
0.308707  -0.141362  -0.0628549  -0.141362  0.307283  0.102965  -0.0628549  0.102965  0.167358
0.308707  -0.141362  -0.0628549  -0.141362  0.307283  0.102965  -0.0628549  0.102965  0.167358
0.308707  -0.141362  -0.0628549  -0.141362  0.307283  0.102965  -0.0628549  0.102965  0.167358
0.308707  -0.141362  -0.0628549  -0.141362  0.307283  0.102965  -0.0628549  0.102965  0.167358
0.308717  -0.141392  -0.0628692  -0.141392  0.307326  0.102989  -0.0628692  0.102989  0.167365
0.308717  -0.141392  -0.0628692  -0.141392  0.307326  0.102989  -0.0628692  0.102989  0.167365
0.308717  -0.141392  -0.0628692  -0.141392  0.307326  0.102989  -0.0628692  0.102989  0.167365
0.308722  -0.1414  -0.0628881  -0.1414  0.307339  0.103005  -0.0628881  0.103005  0.167373
0.308722  -0.1414  -0.0628881  -0.1414  0.307339  0.103005  -0.0628881  0.103005  0.167373
0.308717  -0.141378  -0.0628927  -0.141378  0.307308  0.102997  -0.0628927  0.102997  0.167374
0.308717  -0.141378  -0.0628927  -0.141378  0.307308  0.102997  -0.0628927  0.102997  0.167374
0.308717  -0.141378  -0.0628927  -0.141378  0.307308  0.102997  -0.0628927  0.102997  0.167374
0.308722  -0.1414  -0.0628881  -0.1414  0.307339  0.103005  -0.0628881  0.103005  0.167373
0.308722  -0.1414  -0.0628881  -0.1414  0.307339  0.103005  -0.0628881  0.103005  0.167373
0.308722  -0.1414  -0.0628881  -0.1414  0.307339  0.103005  -0.0628881  0.103005  0.167373
0.308722  -0.1414  -0.0628881  -0.1414  0.307339  0.103005  -0.0628881  0.103005  0.167373
0.308722  -0.1414  -0.0628881  -0.1414  0.307339  0.103005  -0.0628881  0.103005  0.167373
0.308722  -0.1414  -0.0628881  -0.1414  0.307339  0.103005  -0.0628881  0.103005  0.167373
0.308726  -0.141422  -0.0628835  -0.141422  0.307369  0.103013  -0.0628835  0.103013  0.167371
0.308726  -0.141422  -0.0628835  -0.141422  0.307369  0.103013  -0.0628835  0.103013  0.167371
0.308731  -0.141429  -0.0629024  -0.141429  0.307382  0.103029  -0.0629024  0.103029  0.167379
0.308736  -0.141451  -0.0628978  -0.141451  0.307412  0.103037  -0.0628978  0.103037  0.167378
0.308736  -0.141451  -0.0628978  -0.141451  0.307412  0.103037  -0.0628978  0.103037  0.167378
0.308736  -0.141451  -0.0628978  -0.141451  0.307412  0.103037  -0.0628978  0.103037  0.167378
0.308736  -0.141451  -0.0628978  -0.141451  0.307412  0.103037  -0.0628978  0.103037  0.167378
0.308736  -0.141451  -0.0628978  -0.141451  0.307412  0.103037  -0.0628978  0.103037  0.167378
0.308736  -0.141451  -0.0628978  -0.141451  0.307412  0.103037  -0.0628978  0.103037  0.167378
0.308731  -0.141444  -0.0628789  -0.141444  0.307399  0.103021  -0.0628789  0.103021  0.16737
0.308726  -0.141422  -0.0628835  -0.141422  0.307369  0.103013  -0.0628835  0.103013  0.167371
0.308726  -0.141422  -0.0628835  -0.141422  0.307369  0.103013  -0.0628835  0.103013  0.167371
0.308726  -0.141422  -0.0628835  -0.141422  0.307369  0.103013  -0.0628835  0.103013  0.167371
0.308726  -0.141422  -0.0628835  -0.141422  0.307369  0.103013  -0.0628835  0.103013  0.167371
0.308726  -0.141422  -0.0628835  -0.141422  0.307369  0.103013  -0.0628835  0.103013  0.167371
0.308726  -0.141422  -0.0628835  -0.141422  0.307369  0.103013  -0.0628835  0.103013  0.167371
0.308713  -0.141415  -0.0628804  -0.141415  0.307381  0.10302  -0.0628804  0.10302  0.167376
0.308713  -0.141415  -0.0628804  -0.141415  0.307381  0.10302  -0.0628804  0.10302  0.167376
0.308701  -0.141408  -0.0628774  -0.141408  0.307393  0.103027  -0.0628774  0.103027  0.16738
0.308701  -0.141408  -0.0628774  -0.141408  0.307393  0.103027  -0.0628774  0.103027  0.16738
0.308701  -0.141408  -0.0628774  -0.141408  0.307393  0.103027  -0.0628774  0.103027  0.16738
0.308693  -0.141409  -0.0628932  -0.141409  0.307418  0.103051  -0.0628932  0.103051  0.167392
0.308693  -0.141409  -0.0628932  -0.141409  0.307418  0.103051  -0.0628932  0.103051  0.167392
0.30868  -0.141402  -0.0628902  -0.141402  0.30743  0.103058  -0.0628902  0.103058  0.167396
0.30868  -0.141402  -0.0628902  -0.141402  0.30743  0.103058  -0.0628902  0.103058  0.167396
0.308662  -0.141387  -0.0628682  -0.141387  0.30743  0.10305  -0.0628682  0.10305  0.167392
0.308662  -0.141387  -0.0628682  -0.141387  0.30743  0.10305  -0.0628682  0.10305  0.167392
0.308649  -0.141381  -0.0628651  -0.141381  0.307442  0.103057  -0.0628651  0.103057  0.167396
0.308636  -0.141374  -0.0628621  -0.141374  0.307454  0.103064  -0.0628621  0.103064  0.1674
0.308636  -0.141374  -0.0628621  -0.141374  0.307454  0.103064  -0.0628621  0.103064  0.1674
0.308616  -0.141368  -0.0628749  -0.141368  0.307491  0.103095  -0.0628749  0.103095  0.167416
0.308616  -0.141368  -0.0628749  -0.141368  0.307491  0.103095  -0.0628749  0.103095  0.167416
0.308607  -0.141383  -0.0628672  -0.141383  0.307533  0.10311  -0.0628672  0.10311  0.167419
0.308607  -0.141383  -0.0628672  -0.141383  0.307533  0.10311  -0.0628672  0.10311  0.167419
0.308595  -0.141376  -0.0628641  -0.141376  0.307545  0.103118  -0.0628641  0.103118  0.167423
0.308595  -0.141376  -0.0628641  -0.141376  0.307545  0.103118  -0.0628641  0.103118  0.167423
0.308568  -0.141376  -0.0628344  -0.141376  0.307587  0.103125  -0.0628344  0.103125  0.167423
0.308568  -0.141376  -0.0628344  -0.141376  0.307587  0.103125  -0.0628344  0.103125  0.167423
0.308556  -0.141369  -0.0628313  -0.141369  0.307599  0.103132  -0.0628313  0.103132  0.167427
0.308542  -0.141377  -0.0628047  -0.141377  0.307629  0.103132  -0.0628047  0.103132  0.167422
0.308542  -0.141377  -0.0628047  -0.141377  0.307629  0.103132  -0.0628047  0.103132  0.167422
0.308534  -0.141392  -0.062797  -0.141392  0.307672  0.103147  -0.062797  0.103147  0.167425
0.308529  -0.141384  -0.0627781  -0.141384  0.307659  0.103131  -0.0627781  0.103131  0.167417
0.308516  -0.141391  -0.0627515  -0.141391  0.307689  0.103131  -0.0627515  0.103131  0.167412
0.308516  -0.141391  -0.0627515  -0.141391  0.307689  0.103131  -0.0627515  0.103131  0.167412
0.308494  -0.141413  -0.0627172  -0.141413  0.307761  0.103146  -0.0627172  0.103146  0.16741
0.308481  -0.14142  -0.0626906  -0.14142  0.307791  0.103145  -0.0626906  0.103145  0.167405
0.308481  -0.14142  -0.0626906  -0.14142  0.307791  0.103145  -0.0626906  0.103145  0.167405
0.308472  -0.14145  -0.0626593  -0.14145  0.307851  0.103153  -0.0626593  0.103153  0.167399
0.308472  -0.14145  -0.0626593  -0.14145  0.307851  0.103153  -0.0626593  0.103153  0.167399
0.30845  -0.141486  -0.0626015  -0.141486  0.307941  0.10316  -0.0626015  0.10316  0.167389
0.308436  -0.141507  -0.0625513  -0.141507  0.307988  0.103152  -0.0625513  0.103152  0.167375
0.308436  -0.141507  -0.0625513  -0.141507  0.307988  0.103152  -0.0625513  0.103152  0.167375
0.308427  -0.14155  -0.0624965  -0.14155  0.308066  0.103152  -0.0624965  0.103152  0.16736
0.308427  -0.14155  -0.0624965  -0.14155  0.308066  0.103152  -0.0624965  0.103152  0.16736
0.3084  -0.141579  -0.0624198  -0.141579  0.308144  0.103143  -0.0624198  0.103143  0.167342
0.308405  -0.141601  -0.0624151  -0.141601  0.308174  0.103151  -0.0624151  0.103151  0.167341
0.308391  -0.141636  -0.0623415  -0.141636  0.308239  0.103135  -0.0623415  0.103135  0.167318
0.308391  -0.141636  -0.0623415  -0.141636  0.308239  0.103135  -0.0623415  0.103135  0.167318
0.308385  -0.141715  -0.0622585  -0.141715  0.308366  0.103135  -0.0622585  0.103135  0.167293
0.308373  -0.141709  -0.0622554  -0.141709  0.308378  0.103142  -0.0622554  0.103142  0.167298
0.308362  -0.14178  -0.0621535  -0.14178  0.308492  0.103126  -0.0621535  0.103126  0.167265
0.308353  -0.141823  -0.0620987  -0.141823  0.30857  0.103126  -0.0620987  0.103126  0.167251
0.308353  -0.141837  -0.0620752  -0.141837  0.308588  0.103118  -0.0620752  0.103118  0.167242
0.308347  -0.141931  -0.0619686  -0.141931  0.308733  0.10311  -0.0619686  0.10311  0.167209
0.308334  -0.141924  -0.0619656  -0.141924  0.308745  0.103117  -0.0619656  0.103117  0.167213
0.308328  -0.142031  -0.0618354  -0.142031  0.308908  0.103102  -0.0618354  0.103102  0.167171
0.308306  -0.142082  -0.0617541  -0.142082  0.309017  0.103101  -0.0617541  0.103101  0.167152
0.30831  -0.142104  -0.0617493  -0.142104  0.309048  0.103109  -0.0617493  0.103109  0.167151
0.308286  -0.142197  -0.0615973  -0.142197  0.309211  0.103085  -0.0615973  0.103085  0.167107
0.308281  -0.142189  -0.0615785  -0.142189  0.309198  0.103069  -0.0615785  0.103069  0.167099
0.308257  -0.142282  -0.0614266  -0.142282  0.309362  0.103044  -0.0614266  0.103044  0.167055
0.308246  -0.142367  -0.0613012  -0.142367  0.309495  0.10302  -0.0613012  0.10302  0.167015
0.308241  -0.14236  -0.0612824  -0.14236  0.309483  0.103005  -0.0612824  0.103005  0.167007
0.308216  -0.142467  -0.0611069  -0.142467  0.309665  0.102972  -0.0611069  0.102972  0.166955
0.308211  -0.142459  -0.0610882  -0.142459  0.309652  0.102957  -0.0610882  0.102957  0.166948
0.308176  -0.14255  -0.0608753  -0.14255  0.30981  0.102893  -0.0608753  0.102893  0.166881
0.308151  -0.142599  -0.0607173  -0.142599  0.309888  0.102829  -0.0607173  0.102829  0.166828
0.308138  -0.142606  -0.0606908  -0.142606  0.309919  0.102829  -0.0606908  0.102829  0.166824
0.308093  -0.142682  -0.0604407  -0.142682  0.310052  0.102734  -0.0604407  0.102734  0.166744
0.308092  -0.142696  -0.0604172  -0.142696  0.31007  0.102726  -0.0604172  0.102726  0.166736
0.308037  -0.142756  -0.06013  -0.142756  0.310179  0.102599  -0.06013  0.102599  0.166642
0.308001  -0.142803  -0.0599116  -0.142803  0.310252  0.102497  -0.0599116  0.102497  0.166569
0.307996  -0.142795  -0.059893  -0.142795  0.310239  0.102481  -0.059893  0.102481  0.166561
0.307936  -0.142862  -0.0595644  -0.142862  0.310355  0.102331  -0.0595644  0.102331  0.166455
0.307931  -0.142854  -0.0595458  -0.142854  0.310342  0.102316  -0.0595458  0.102316  0.166448
0.307883  -0.142942  -0.059197  -0.142942  0.310465  0.102151  -0.059197  0.102151  0.16633
0.307854  -0.143003  -0.0589404  -0.143003  0.310533  0.102018  -0.0589404  0.102018  0.166241
0.307853  -0.143017  -0.0589169  -0.143017  0.310551  0.10201  -0.0589169  0.10201  0.166233
0.307785  -0.143074  -0.058495  -0.143074  0.310626  0.101784  -0.058495  0.101784  0.166091
0.30778  -0.143066  -0.0584765  -0.143066  0.310613  0.101768  -0.0584765  0.101768  0.166084
0.307731  -0.143143  -0.0580193  -0.143143  0.310671  0.101504  -0.0580193  0.101504  0.165923
0.307731  -0.143157  -0.0579959  -0.143157  0.31069  0.101497  -0.0579959  0.101497  0.165915
0.307669  -0.143183  -0.0575311  -0.143183  0.310673  0.101202  -0.0575311  0.101202  0.165751
0.307628  -0.143212  -0.0571871  -0.143212  0.31067  0.100986  -0.0571871  0.100986  0.165631
0.307622  -0.143218  -0.0571455  -0.143218  0.310676  0.100963  -0.0571455  0.100963  0.165617
0.307557  -0.143242  -0.0566071  -0.143242  0.310632  0.100609  -0.0566071  0.100609  0.165429
0.307552  -0.143249  -0.0565655  -0.143249  0.310639  0.100586  -0.0565655  0.100586  0.165415
0.307482  -0.143265  -0.0560104  -0.143265  0.310583  0.100219  -0.0560104  0.100219  0.165225
0.307434  -0.14327  -0.0555989  -0.14327  0.310521  0.0999366  -0.0555989  0.0999366  0.165083
0.307429  -0.143276  -0.0555575  -0.143276  0.310528  0.0999136  -0.0555575  0.0999136  0.16507
0.307362  -0.143284  -0.0549715  -0.143284  0.310439  0.0995109  -0.0549715  0.0995109  0.164871
0.307369  -0.143297  -0.0549329  -0.143297  0.310434  0.0994805  -0.0549329  0.0994805  0.164855
0.307293  -0.14329  -0.0543126  -0.14329  0.310322  0.0990495  -0.0543126  0.0990495  0.164649
0.307229  -0.143256  -0.0537994  -0.143256  0.310179  0.0986732  -0.0537994  0.0986732  0.164479
0.307231  -0.143262  -0.053743  -0.143262  0.310162  0.0986281  -0.053743  0.0986281  0.164458
0.307195  -0.14324  -0.0534409  -0.14324  0.31007  0.0984032  -0.0534409  0.0984032  0.164358
0.307108  -0.143188  -0.0527618  -0.143188  0.309871  0.0979029  -0.0527618  0.0979029  0.164141
0.307057  -0.143161  -0.0522552  -0.143161  0.309718  0.0975237  -0.0522552  0.0975237  0.163977
0.307052  -0.143168  -0.0522144  -0.143168  0.309726  0.0975014  -0.0522144  0.0975014  0.163966
0.306964  -0.1431  -0.0514892  -0.1431  0.309483  0.0969544  -0.0514892  0.0969544  0.163741
0.306966  -0.143106  -0.0514333  -0.143106  0.309467  0.09691  -0.0514333  0.09691  0.163721
0.306862  -0.143  -0.0506082  -0.143  0.309143  0.0962716  -0.0506082  0.0962716  0.163471
0.306848  -0.142977  -0.0505556  -0.142977  0.309108  0.0962281  -0.0505556  0.0962281  0.163457
0.306764  -0.142902  -0.0498044  -0.142902  0.308835  0.0956522  -0.0498044  0.0956522  0.163235
0.306695  -0.142847  -0.0492362  -0.142847  0.308643  0.0952246  -0.0492362  0.0952246  0.163075
0.306697  -0.142852  -0.0491809  -0.142852  0.308627  0.0951808  -0.0491809  0.0951808  0.163057
0.3066  -0.14277  -0.0483607  -0.14277  0.308345  0.0945613  -0.0483607  0.0945613  0.162832
0.306601  -0.142775  -0.0483056  -0.142775  0.308329  0.0945179  -0.0483056  0.0945179  0.162815
0.306494  -0.142649  -0.0474284  -0.142649  0.30796  0.0938321  -0.0474284  0.0938321  0.16258
0.306437  -0.142571  -0.0468431  -0.142571  0.307696  0.0933629  -0.0468431  0.0933629  0.162423
0.306423  -0.142563  -0.0467693  -0.142563  0.307682  0.0933136  -0.0467693  0.0933136  0.162407
0.306346  -0.142487  -0.0459471  -0.142487  0.307373  0.0926775  -0.0459471  0.0926775  0.162198
0.306339  -0.142464  -0.0458813  -0.142464  0.307315  0.0926143  -0.0458813  0.0926143  0.162179
0.306254  -0.142375  -0.0450293  -0.142375  0.306987  0.0919554  -0.0450293  0.0919554  0.161973
0.306192  -0.142275  -0.0443865  -0.142275  0.306672  0.0914332  -0.0443865  0.0914332  0.161818
0.306194  -0.14228  -0.0443323  -0.14228  0.306657  0.0913909  -0.0443323  0.0913909  0.161804
0.306092  -0.142177  -0.0433986  -0.142177  0.306312  0.0906793  -0.0433986  0.0906793  0.161602
0.306025  -0.142085  -0.0427228  -0.142085  0.306012  0.0901437  -0.0427228  0.0901437  0.161456
0.306027  -0.142091  -0.0426691  -0.142091  0.305998  0.0901019  -0.0426691  0.0901019  0.161443
0.305926  -0.141959  -0.0417185  -0.141959  0.305594  0.0893598  -0.0417185  0.0893598  0.161253
0.305923  -0.141958  -0.0416486  -0.141958  0.305569  0.0893051  -0.0416486  0.0893051  0.161238
0.30585  -0.141862  -0.0407705  -0.141862  0.305201  0.0886143  -0.0407705  0.0886143  0.161067
0.305848  -0.14186  -0.0407009  -0.14186  0.305176  0.08856  -0.0407009  0.08856  0.161053
0.305747  -0.141715  -0.0397137  -0.141715  0.304737  0.0877835  -0.0397137  0.0877835  0.160878
0.305663  -0.141576  -0.0389934  -0.141576  0.304375  0.087207  -0.0389934  0.087207  0.16076
0.305661  -0.141574  -0.0389244  -0.141574  0.304351  0.0871535  -0.0389244  0.0871535  0.160747
0.305566  -0.141438  -0.0379635  -0.141438  0.303931  0.0864021  -0.0379635  0.0864021  0.1606
0.30556  -0.141416  -0.0379009  -0.141416  0.303875  0.0863431  -0.0379009  0.0863431  0.160588
0.305465  -0.141265  -0.0368995  -0.141265  0.303416  0.0855528  -0.0368995  0.0855528  0.160446
0.305402  -0.141133  -0.036178  -0.141133  0.303029  0.0849628  -0.036178  0.0849628  0.160345
0.305389  -0.141126  -0.0361089  -0.141126  0.303018  0.0849184  -0.0361089  0.0849184  0.16034
0.3053  -0.140942  -0.0351313  -0.140942  0.302493  0.0841217  -0.0351313  0.0841217  0.160218
0.305294  -0.140933  -0.0350481  -0.140933  0.30246  0.0840575  -0.0350481  0.0840575  0.160208
0.305194  -0.140743  -0.0340085  -0.140743  0.30193  0.0832251  -0.0340085  0.0832251  0.160098
0.305124  -0.140628  -0.0332255  -0.140628  0.301576  0.0826129  -0.0332255  0.0826129  0.160026
