0.306989  -0.130008  -0.0515924  -0.130008  0.285017  0.0872788  -0.0515924  0.0872788  0.161766
0.306989  -0.130008  -0.0515924  -0.130008  0.285017  0.0872788  -0.0515924  0.0872788  0.161766
0.306983  -0.129983  -0.0516514  -0.129983  0.285009  0.0873121  -0.0516514  0.0873121  0.161786
0.306977  -0.129985  -0.0516666  -0.129985  0.285032  0.0873325  -0.0516666  0.0873325  0.161795
0.306983  -0.130006  -0.0517329  -0.130006  0.285085  0.0873921  -0.0517329  0.0873921  0.161819
0.306983  -0.130006  -0.0517329  -0.130006  0.285085  0.0873921  -0.0517329  0.0873921  0.161819
0.306986  -0.13005  -0.0518094  -0.13005  0.285188  0.0874787  -0.0518094  0.0874787  0.16185
0.306983  -0.13003  -0.0518143  -0.13003  0.285162  0.0874721  -0.0518143  0.0874721  0.161851
0.306985  -0.130045  -0.0518636  -0.130045  0.285205  0.0875186  -0.0518636  0.0875186  0.161869
0.306977  -0.130084  -0.0519383  -0.130084  0.28532  0.0876127  -0.0519383  0.0876127  0.161905
0.306981  -0.130091  -0.0519554  -0.130091  0.285331  0.0876258  -0.0519554  0.0876258  0.16191
0.306959  -0.130104  -0.0520332  -0.130104  0.285432  0.0877207  -0.0520332  0.0877207  0.161951
0.306959  -0.130104  -0.0520332  -0.130104  0.285432  0.0877207  -0.0520332  0.0877207  0.161951
0.306936  -0.130121  -0.0519857  -0.130121  0.285487  0.0877224  -0.0519857  0.0877224  0.161949
0.306929  -0.130136  -0.051979  -0.130136  0.285525  0.0877364  -0.051979  0.0877364  0.161952
0.306896  -0.130079  -0.051968  -0.130079  0.285488  0.0877248  -0.051968  0.0877248  0.161958
0.306892  -0.130059  -0.0519729  -0.130059  0.285462  0.0877182  -0.0519729  0.0877182  0.161959
0.306843  -0.129991  -0.0519432  -0.129991  0.285426  0.0877008  -0.0519432  0.0877008  0.161964
0.306847  -0.130011  -0.0519383  -0.130011  0.285452  0.0877074  -0.0519383  0.0877074  0.161963
0.30683  -0.129971  -0.0518921  -0.129971  0.285395  0.0876616  -0.0518921  0.0876616  0.161949
0.306831  -0.129957  -0.051914  -0.129957  0.28538  0.087668  -0.051914  0.087668  0.161955
0.306839  -0.129916  -0.0519646  -0.129916  0.285311  0.087667  -0.0519646  0.087667  0.161962
0.306839  -0.129916  -0.0519646  -0.129916  0.285311  0.087667  -0.0519646  0.087667  0.161962
0.306843  -0.129936  -0.0519597  -0.129936  0.285337  0.0876736  -0.0519597  0.0876736  0.161962
0.306839  -0.129916  -0.0519646  -0.129916  0.285311  0.087667  -0.0519646  0.087667  0.161962
0.306847  -0.129929  -0.0519986  -0.129929  0.285332  0.0876932  -0.0519986  0.0876932  0.161972
0.306848  -0.129916  -0.0520205  -0.129916  0.285316  0.0876997  -0.0520205  0.0876997  0.161978
0.306848  -0.129916  -0.0520205  -0.129916  0.285316  0.0876997  -0.0520205  0.0876997  0.161978
0.306855  -0.129956  -0.0520108  -0.129956  0.285368  0.0877129  -0.0520108  0.0877129  0.161976
0.306855  -0.129956  -0.0520108  -0.129956  0.285368  0.0877129  -0.0520108  0.0877129  0.161976
0.306841  -0.129917  -0.0520357  -0.129917  0.285339  0.0877201  -0.0520357  0.0877201  0.161987
0.306841  -0.129917  -0.0520357  -0.129917  0.285339  0.0877201  -0.0520357  0.0877201  0.161987
0.306825  -0.129919  -0.0519949  -0.129919  0.285356  0.0877079  -0.0519949  0.0877079  0.161981
0.306825  -0.129919  -0.0519949  -0.129919  0.285356  0.0877079  -0.0519949  0.0877079  0.161981
0.306822  -0.129886  -0.0520217  -0.129886  0.285315  0.0877077  -0.0520217  0.0877077  0.161987
0.306822  -0.129886  -0.0520217  -0.129886  0.285315  0.0877077  -0.0520217  0.0877077  0.161987
0.306817  -0.129892  -0.0519828  -0.129892  0.28532  0.0876882  -0.0519828  0.0876882  0.161977
0.306817  -0.129892  -0.0519828  -0.129892  0.28532  0.0876882  -0.0519828  0.0876882  0.161977
0.306822  -0.129886  -0.0520217  -0.129886  0.285315  0.0877077  -0.0520217  0.0877077  0.161987
0.306822  -0.129886  -0.0520217  -0.129886  0.285315  0.0877077  -0.0520217  0.0877077  0.161987
0.306833  -0.129904  -0.0520017  -0.129904  0.285318  0.0876939  -0.0520017  0.0876939  0.161977
0.306833  -0.129904  -0.0520017  -0.129904  0.285318  0.0876939  -0.0520017  0.0876939  0.161977
0.306837  -0.129911  -0.0520187  -0.129911  0.285328  0.087707  -0.0520187  0.087707  0.161982
0.306841  -0.129917  -0.0520357  -0.129917  0.285339  0.0877201  -0.0520357  0.0877201  0.161987
0.306841  -0.129917  -0.0520357  -0.129917  0.285339  0.0877201  -0.0520357  0.0877201  0.161987
0.306845  -0.129938  -0.0520308  -0.129938  0.285365  0.0877267  -0.0520308  0.0877267  0.161986
0.306845  -0.129938  -0.0520308  -0.129938  0.285365  0.0877267  -0.0520308  0.0877267  0.161986
0.306856  -0.129942  -0.0520327  -0.129942  0.285352  0.0877194  -0.0520327  0.0877194  0.161982
0.30686  -0.129949  -0.0520497  -0.129949  0.285363  0.0877325  -0.0520497  0.0877325  0.161986
0.306855  -0.129956  -0.0520108  -0.129956  0.285368  0.0877129  -0.0520108  0.0877129  0.161976
0.306855  -0.129956  -0.0520108  -0.129956  0.285368  0.0877129  -0.0520108  0.0877129  0.161976
0.306844  -0.129951  -0.0520089  -0.129951  0.28538  0.0877202  -0.0520089  0.0877202  0.16198
0.306841  -0.129931  -0.0520138  -0.129931  0.285354  0.0877136  -0.0520138  0.0877136  0.161981
0.306841  -0.129931  -0.0520138  -0.129931  0.285354  0.0877136  -0.0520138  0.0877136  0.161981
0.30684  -0.129957  -0.05197  -0.129957  0.285385  0.0877007  -0.05197  0.0877007  0.16197
0.30684  -0.129957  -0.05197  -0.129957  0.285385  0.0877007  -0.05197  0.0877007  0.16197
0.306844  -0.129964  -0.051987  -0.129964  0.285395  0.0877138  -0.051987  0.0877138  0.161975
0.306844  -0.129964  -0.051987  -0.129964  0.285395  0.0877138  -0.051987  0.0877138  0.161975
0.306833  -0.129973  -0.0519632  -0.129973  0.285423  0.0877146  -0.0519632  0.0877146  0.161974
0.306836  -0.129993  -0.0519583  -0.129993  0.285449  0.0877212  -0.0519583  0.0877212  0.161973
0.306841  -0.129999  -0.0519754  -0.129999  0.285459  0.0877343  -0.0519754  0.0877343  0.161977
0.306841  -0.129999  -0.0519754  -0.129999  0.285459  0.0877343  -0.0519754  0.0877343  0.161977
0.306849  -0.130026  -0.0519875  -0.130026  0.285496  0.0877541  -0.0519875  0.0877541  0.161981
0.306849  -0.130026  -0.0519875  -0.130026  0.285496  0.0877541  -0.0519875  0.0877541  0.161981
0.306848  -0.130039  -0.0519656  -0.130039  0.285511  0.0877476  -0.0519656  0.0877476  0.161976
0.306848  -0.130039  -0.0519656  -0.130039  0.285511  0.0877476  -0.0519656  0.0877476  0.161976
0.306842  -0.130041  -0.0519808  -0.130041  0.285534  0.087768  -0.0519808  0.087768  0.161985
0.306838  -0.130034  -0.0519637  -0.130034  0.285523  0.0877549  -0.0519637  0.0877549  0.16198
0.306841  -0.130054  -0.0519588  -0.130054  0.285549  0.0877615  -0.0519588  0.0877615  0.161979
0.306841  -0.130054  -0.0519588  -0.130054  0.285549  0.0877615  -0.0519588  0.0877615  0.161979
0.306841  -0.130054  -0.0519588  -0.130054  0.285549  0.0877615  -0.0519588  0.0877615  0.161979
0.306837  -0.130048  -0.0519418  -0.130048  0.285539  0.0877484  -0.0519418  0.0877484  0.161975
0.306837  -0.130048  -0.0519418  -0.130048  0.285539  0.0877484  -0.0519418  0.0877484  0.161975
0.306841  -0.130054  -0.0519588  -0.130054  0.285549  0.0877615  -0.0519588  0.0877615  0.161979
0.306841  -0.130054  -0.0519588  -0.130054  0.285549  0.0877615  -0.0519588  0.0877615  0.161979
0.306845  -0.130074  -0.051954  -0.130074  0.285575  0.0877682  -0.051954  0.0877682  0.161979
0.306845  -0.130074  -0.051954  -0.130074  0.285575  0.0877682  -0.051954  0.0877682  0.161979
0.306845  -0.130074  -0.051954  -0.130074  0.285575  0.0877682  -0.051954  0.0877682  0.161979
0.306845  -0.130074  -0.051954  -0.130074  0.285575  0.0877682  -0.051954  0.0877682  0.161979
0.306841  -0.130054  -0.0519588  -0.130054  0.285549  0.0877615  -0.0519588  0.0877615  0.161979
0.306841  -0.130054  -0.0519588  -0.130054  0.285549  0.0877615  -0.0519588  0.0877615  0.161979
0.306841  -0.130054  -0.0519588  -0.130054  0.285549  0.0877615  -0.0519588  0.0877615  0.161979
0.306841  -0.130054  -0.0519588  -0.130054  0.285549  0.0877615  -0.0519588  0.0877615  0.161979
0.306841  -0.130054  -0.0519588  -0.130054  0.285549  0.0877615  -0.0519588  0.0877615  0.161979
0.306841  -0.130054  -0.0519588  -0.130054  0.285549  0.0877615  -0.0519588  0.0877615  0.161979
0.306837  -0.130048  -0.0519418  -0.130048  0.285539  0.0877484  -0.0519418  0.0877484  0.161975
0.306837  -0.130048  -0.0519418  -0.130048  0.285539  0.0877484  -0.0519418  0.0877484  0.161975
0.306833  -0.130028  -0.0519467  -0.130028  0.285513  0.0877418  -0.0519467  0.0877418  0.161975
0.306833  -0.130028  -0.0519467  -0.130028  0.285513  0.0877418  -0.0519467  0.0877418  0.161975
0.306829  -0.130021  -0.0519297  -0.130021  0.285503  0.0877287  -0.0519297  0.0877287  0.161971
0.306829  -0.130021  -0.0519297  -0.130021  0.285503  0.0877287  -0.0519297  0.0877287  0.161971
0.306829  -0.130021  -0.0519297  -0.130021  0.285503  0.0877287  -0.0519297  0.0877287  0.161971
0.306829  -0.130021  -0.0519297  -0.130021  0.285503  0.0877287  -0.0519297  0.0877287  0.161971
0.306844  -0.130046  -0.0519266  -0.130046  0.285516  0.087728  -0.0519266  0.087728  0.161966
0.306844  -0.130046  -0.0519266  -0.130046  0.285516  0.087728  -0.0519266  0.087728  0.161966
0.306844  -0.130046  -0.0519266  -0.130046  0.285516  0.087728  -0.0519266  0.087728  0.161966
0.306844  -0.130046  -0.0519266  -0.130046  0.285516  0.087728  -0.0519266  0.087728  0.161966
0.306844  -0.130046  -0.0519266  -0.130046  0.285516  0.087728  -0.0519266  0.087728  0.161966
0.306855  -0.130051  -0.0519285  -0.130051  0.285504  0.0877206  -0.0519285  0.0877206  0.161961
0.306855  -0.130051  -0.0519285  -0.130051  0.285504  0.0877206  -0.0519285  0.0877206  0.161961
0.306855  -0.130051  -0.0519285  -0.130051  0.285504  0.0877206  -0.0519285  0.0877206  0.161961
0.306855  -0.130051  -0.0519285  -0.130051  0.285504  0.0877206  -0.0519285  0.0877206  0.161961
0.306854  -0.130064  -0.0519066  -0.130064  0.285519  0.0877142  -0.0519066  0.0877142  0.161956
0.306854  -0.130064  -0.0519066  -0.130064  0.285519  0.0877142  -0.0519066  0.0877142  0.161956
0.306854  -0.130064  -0.0519066  -0.130064  0.285519  0.0877142  -0.0519066  0.0877142  0.161956
0.306854  -0.130064  -0.0519066  -0.130064  0.285519  0.0877142  -0.0519066  0.0877142  0.161956
0.306854  -0.130064  -0.0519066  -0.130064  0.285519  0.0877142  -0.0519066  0.0877142  0.161956
0.306843  -0.130059  -0.0519047  -0.130059  0.285532  0.0877215  -0.0519047  0.0877215  0.16196
0.306843  -0.130059  -0.0519047  -0.130059  0.285532  0.0877215  -0.0519047  0.0877215  0.16196
0.306848  -0.130066  -0.0519217  -0.130066  0.285542  0.0877346  -0.0519217  0.0877346  0.161965
0.306848  -0.130066  -0.0519217  -0.130066  0.285542  0.0877346  -0.0519217  0.0877346  0.161965
0.306837  -0.130061  -0.0519199  -0.130061  0.285554  0.087742  -0.0519199  0.087742  0.161969
0.306837  -0.130061  -0.0519199  -0.130061  0.285554  0.087742  -0.0519199  0.087742  0.161969
0.30683  -0.130063  -0.0519351  -0.130063  0.285577  0.0877624  -0.0519351  0.0877624  0.161978
0.306834  -0.130069  -0.0519521  -0.130069  0.285588  0.0877755  -0.0519521  0.0877755  0.161983
0.306823  -0.130064  -0.0519503  -0.130064  0.2856  0.0877829  -0.0519503  0.0877829  0.161987
0.306823  -0.130064  -0.0519503  -0.130064  0.2856  0.0877829  -0.0519503  0.0877829  0.161987
0.306809  -0.130039  -0.0519533  -0.130039  0.285586  0.0877836  -0.0519533  0.0877836  0.161992
0.306809  -0.130039  -0.0519533  -0.130039  0.285586  0.0877836  -0.0519533  0.0877836  0.161992
0.306809  -0.130039  -0.0519533  -0.130039  0.285586  0.0877836  -0.0519533  0.0877836  0.161992
0.306809  -0.130039  -0.0519533  -0.130039  0.285586  0.0877836  -0.0519533  0.0877836  0.161992
0.306805  -0.130019  -0.0519582  -0.130019  0.28556  0.087777  -0.0519582  0.087777  0.161993
0.306794  -0.130014  -0.0519564  -0.130014  0.285573  0.0877843  -0.0519564  0.0877843  0.161997
0.30679  -0.130008  -0.0519394  -0.130008  0.285562  0.0877712  -0.0519394  0.0877712  0.161993
0.30679  -0.130008  -0.0519394  -0.130008  0.285562  0.0877712  -0.0519394  0.0877712  0.161993
0.306801  -0.130013  -0.0519412  -0.130013  0.28555  0.0877639  -0.0519412  0.0877639  0.161988
0.306801  -0.130013  -0.0519412  -0.130013  0.28555  0.0877639  -0.0519412  0.0877639  0.161988
0.306801  -0.130013  -0.0519412  -0.130013  0.28555  0.0877639  -0.0519412  0.0877639  0.161988
0.306801  -0.130013  -0.0519412  -0.130013  0.28555  0.0877639  -0.0519412  0.0877639  0.161988
0.3068  -0.130026  -0.0519193  -0.130026  0.285565  0.0877574  -0.0519193  0.0877574  0.161983
0.3068  -0.130026  -0.0519193  -0.130026  0.285565  0.0877574  -0.0519193  0.0877574  0.161983
0.3068  -0.130026  -0.0519193  -0.130026  0.285565  0.0877574  -0.0519193  0.0877574  0.161983
0.3068  -0.130026  -0.0519193  -0.130026  0.285565  0.0877574  -0.0519193  0.0877574  0.161983
0.3068  -0.130026  -0.0519193  -0.130026  0.285565  0.0877574  -0.0519193  0.0877574  0.161983
0.306796  -0.130019  -0.0519023  -0.130019  0.285555  0.0877443  -0.0519023  0.0877443  0.161978
0.306796  -0.130019  -0.0519023  -0.130019  0.285555  0.0877443  -0.0519023  0.0877443  0.161978
0.306792  -0.130013  -0.0518852  -0.130013  0.285545  0.0877312  -0.0518852  0.0877312  0.161973
0.306792  -0.130013  -0.0518852  -0.130013  0.285545  0.0877312  -0.0518852  0.0877312  0.161973
0.306788  -0.130006  -0.0518682  -0.130006  0.285534  0.0877181  -0.0518682  0.0877181  0.161968
0.306788  -0.130006  -0.0518682  -0.130006  0.285534  0.0877181  -0.0518682  0.0877181  0.161968
0.306788  -0.130006  -0.0518682  -0.130006  0.285534  0.0877181  -0.0518682  0.0877181  0.161968
0.306783  -0.129999  -0.0518512  -0.129999  0.285524  0.0877051  -0.0518512  0.0877051  0.161964
0.306779  -0.129993  -0.0518342  -0.129993  0.285513  0.087692  -0.0518342  0.087692  0.161959
0.306779  -0.129993  -0.0518342  -0.129993  0.285513  0.087692  -0.0518342  0.087692  0.161959
0.306779  -0.129993  -0.0518342  -0.129993  0.285513  0.087692  -0.0518342  0.087692  0.161959
0.30679  -0.129998  -0.0518361  -0.129998  0.285501  0.0876846  -0.0518361  0.0876846  0.161955
0.306789  -0.130011  -0.0518141  -0.130011  0.285517  0.0876781  -0.0518141  0.0876781  0.161949
0.306789  -0.130011  -0.0518141  -0.130011  0.285517  0.0876781  -0.0518141  0.0876781  0.161949
0.30679  -0.129998  -0.0518361  -0.129998  0.285501  0.0876846  -0.0518361  0.0876846  0.161955
0.30679  -0.129998  -0.0518361  -0.129998  0.285501  0.0876846  -0.0518361  0.0876846  0.161955
0.3068  -0.130016  -0.051816  -0.130016  0.285504  0.0876708  -0.051816  0.0876708  0.161945
0.3068  -0.130016  -0.051816  -0.130016  0.285504  0.0876708  -0.051816  0.0876708  0.161945
0.3068  -0.130016  -0.051816  -0.130016  0.285504  0.0876708  -0.051816  0.0876708  0.161945
0.306815  -0.130028  -0.0518348  -0.130028  0.285502  0.0876765  -0.0518348  0.0876765  0.161945
0.306815  -0.130028  -0.0518348  -0.130028  0.285502  0.0876765  -0.0518348  0.0876765  0.161945
0.306815  -0.130028  -0.0518348  -0.130028  0.285502  0.0876765  -0.0518348  0.0876765  0.161945
0.306822  -0.130026  -0.0518196  -0.130026  0.28548  0.0876561  -0.0518196  0.0876561  0.161936
0.306822  -0.130026  -0.0518196  -0.130026  0.28548  0.0876561  -0.0518196  0.0876561  0.161936
0.306837  -0.130038  -0.0518385  -0.130038  0.285478  0.0876618  -0.0518385  0.0876618  0.161937
0.306833  -0.130031  -0.0518215  -0.130031  0.285467  0.0876487  -0.0518215  0.0876487  0.161932
0.306833  -0.130031  -0.0518215  -0.130031  0.285467  0.0876487  -0.0518215  0.0876487  0.161932
0.306844  -0.130022  -0.0518452  -0.130022  0.28544  0.0876479  -0.0518452  0.0876479  0.161933
0.306844  -0.130022  -0.0518452  -0.130022  0.28544  0.0876479  -0.0518452  0.0876479  0.161933
0.306844  -0.130022  -0.0518452  -0.130022  0.28544  0.0876479  -0.0518452  0.0876479  0.161933
0.306848  -0.130042  -0.0518403  -0.130042  0.285466  0.0876545  -0.0518403  0.0876545  0.161932
0.306848  -0.130042  -0.0518403  -0.130042  0.285466  0.0876545  -0.0518403  0.0876545  0.161932
0.306844  -0.130022  -0.0518452  -0.130022  0.28544  0.0876479  -0.0518452  0.0876479  0.161933
0.306844  -0.130022  -0.0518452  -0.130022  0.28544  0.0876479  -0.0518452  0.0876479  0.161933
0.306848  -0.130042  -0.0518403  -0.130042  0.285466  0.0876545  -0.0518403  0.0876545  0.161932
0.306848  -0.130042  -0.0518403  -0.130042  0.285466  0.0876545  -0.0518403  0.0876545  0.161932
0.306838  -0.130024  -0.0518604  -0.130024  0.285462  0.0876683  -0.0518604  0.0876683  0.161942
0.306838  -0.130024  -0.0518604  -0.130024  0.285462  0.0876683  -0.0518604  0.0876683  0.161942
0.306838  -0.130024  -0.0518604  -0.130024  0.285462  0.0876683  -0.0518604  0.0876683  0.161942
0.306837  -0.130038  -0.0518385  -0.130038  0.285478  0.0876618  -0.0518385  0.0876618  0.161937
0.306837  -0.130038  -0.0518385  -0.130038  0.285478  0.0876618  -0.0518385  0.0876618  0.161937
0.306833  -0.130017  -0.0518434  -0.130017  0.285452  0.0876552  -0.0518434  0.0876552  0.161937
0.306833  -0.130017  -0.0518434  -0.130017  0.285452  0.0876552  -0.0518434  0.0876552  0.161937
0.306833  -0.130031  -0.0518215  -0.130031  0.285467  0.0876487  -0.0518215  0.0876487  0.161932
0.306833  -0.130031  -0.0518215  -0.130031  0.285467  0.0876487  -0.0518215  0.0876487  0.161932
0.306829  -0.130011  -0.0518264  -0.130011  0.285442  0.0876421  -0.0518264  0.0876421  0.161933
0.306825  -0.130004  -0.0518094  -0.130004  0.285431  0.0876291  -0.0518094  0.0876291  0.161928
0.306829  -0.130024  -0.0518045  -0.130024  0.285457  0.0876357  -0.0518045  0.0876357  0.161927
0.30682  -0.130011  -0.0517704  -0.130011  0.285436  0.0876095  -0.0517704  0.0876095  0.161918
0.30682  -0.130011  -0.0517704  -0.130011  0.285436  0.0876095  -0.0517704  0.0876095  0.161918
0.30682  -0.130011  -0.0517704  -0.130011  0.285436  0.0876095  -0.0517704  0.0876095  0.161918
0.30682  -0.130011  -0.0517704  -0.130011  0.285436  0.0876095  -0.0517704  0.0876095  0.161918
0.306813  -0.130026  -0.0517637  -0.130026  0.285474  0.0876235  -0.0517637  0.0876235  0.161921
0.306817  -0.130046  -0.0517588  -0.130046  0.2855  0.0876301  -0.0517588  0.0876301  0.16192
0.306817  -0.130046  -0.0517588  -0.130046  0.2855  0.0876301  -0.0517588  0.0876301  0.16192
0.30681  -0.130048  -0.051774  -0.130048  0.285523  0.0876505  -0.051774  0.0876505  0.161929
0.306814  -0.130068  -0.0517691  -0.130068  0.285549  0.0876571  -0.0517691  0.0876571  0.161929
0.306818  -0.130074  -0.0517861  -0.130074  0.285559  0.0876702  -0.0517861  0.0876702  0.161933
0.306816  -0.130096  -0.0517964  -0.130096  0.285608  0.0876972  -0.0517964  0.0876972  0.161942
0.306816  -0.130096  -0.0517964  -0.130096  0.285608  0.0876972  -0.0517964  0.0876972  0.161942
0.306824  -0.130123  -0.0518085  -0.130123  0.285644  0.0877169  -0.0518085  0.0877169  0.161946
0.306824  -0.130123  -0.0518085  -0.130123  0.285644  0.0877169  -0.0518085  0.0877169  0.161946
0.306832  -0.13015  -0.0518206  -0.13015  0.285681  0.0877366  -0.0518206  0.0877366  0.16195
0.306832  -0.13015  -0.0518206  -0.13015  0.285681  0.0877366  -0.0518206  0.0877366  0.16195
0.306827  -0.130143  -0.0518036  -0.130143  0.28567  0.0877235  -0.0518036  0.0877235  0.161945
0.306827  -0.130143  -0.0518036  -0.130143  0.28567  0.0877235  -0.0518036  0.0877235  0.161945
0.306827  -0.130143  -0.0518036  -0.130143  0.28567  0.0877235  -0.0518036  0.0877235  0.161945
0.306838  -0.130148  -0.0518054  -0.130148  0.285658  0.0877161  -0.0518054  0.0877161  0.16194
0.306838  -0.130148  -0.0518054  -0.130148  0.285658  0.0877161  -0.0518054  0.0877161  0.16194
0.306834  -0.130141  -0.0517884  -0.130141  0.285647  0.0877031  -0.0517884  0.0877031  0.161936
0.306834  -0.130141  -0.0517884  -0.130141  0.285647  0.0877031  -0.0517884  0.0877031  0.161936
0.306845  -0.130146  -0.0517902  -0.130146  0.285635  0.0876957  -0.0517902  0.0876957  0.161931
0.306845  -0.130146  -0.0517902  -0.130146  0.285635  0.0876957  -0.0517902  0.0876957  0.161931
0.306841  -0.130139  -0.0517732  -0.130139  0.285625  0.0876826  -0.0517732  0.0876826  0.161927
0.306841  -0.130139  -0.0517732  -0.130139  0.285625  0.0876826  -0.0517732  0.0876826  0.161927
0.306847  -0.130138  -0.051758  -0.130138  0.285602  0.0876622  -0.051758  0.0876622  0.161918
0.306847  -0.130138  -0.051758  -0.130138  0.285602  0.0876622  -0.051758  0.0876622  0.161918
0.306847  -0.130138  -0.051758  -0.130138  0.285602  0.0876622  -0.051758  0.0876622  0.161918
0.306847  -0.130138  -0.051758  -0.130138  0.285602  0.0876622  -0.051758  0.0876622  0.161918
0.306847  -0.130138  -0.051758  -0.130138  0.285602  0.0876622  -0.051758  0.0876622  0.161918
0.306847  -0.130138  -0.051758  -0.130138  0.285602  0.0876622  -0.051758  0.0876622  0.161918
0.306847  -0.130138  -0.051758  -0.130138  0.285602  0.0876622  -0.051758  0.0876622  0.161918
0.306843  -0.130131  -0.051741  -0.130131  0.285592  0.0876491  -0.051741  0.0876491  0.161913
0.306843  -0.130131  -0.051741  -0.130131  0.285592  0.0876491  -0.051741  0.0876491  0.161913
0.306843  -0.130131  -0.051741  -0.130131  0.285592  0.0876491  -0.051741  0.0876491  0.161913
0.306843  -0.130131  -0.051741  -0.130131  0.285592  0.0876491  -0.051741  0.0876491  0.161913
0.306832  -0.130126  -0.0517392  -0.130126  0.285604  0.0876565  -0.0517392  0.0876565  0.161917
0.306832  -0.130126  -0.0517392  -0.130126  0.285604  0.0876565  -0.0517392  0.0876565  0.161917
0.306832  -0.130126  -0.0517392  -0.130126  0.285604  0.0876565  -0.0517392  0.0876565  0.161917
0.306832  -0.130126  -0.0517392  -0.130126  0.285604  0.0876565  -0.0517392  0.0876565  0.161917
0.306836  -0.130146  -0.0517343  -0.130146  0.28563  0.0876631  -0.0517343  0.0876631  0.161916
0.306836  -0.130146  -0.0517343  -0.130146  0.28563  0.0876631  -0.0517343  0.0876631  0.161916
0.30684  -0.130153  -0.0517513  -0.130153  0.28564  0.0876761  -0.0517513  0.0876761  0.161921
0.306844  -0.130173  -0.0517464  -0.130173  0.285666  0.0876827  -0.0517464  0.0876827  0.16192
0.306848  -0.13018  -0.0517634  -0.13018  0.285677  0.0876958  -0.0517634  0.0876958  0.161925
0.306848  -0.13018  -0.0517634  -0.13018  0.285677  0.0876958  -0.0517634  0.0876958  0.161925
0.306859  -0.130185  -0.0517652  -0.130185  0.285664  0.0876885  -0.0517652  0.0876885  0.161921
0.306859  -0.130185  -0.0517652  -0.130185  0.285664  0.0876885  -0.0517652  0.0876885  0.161921
0.306859  -0.130185  -0.0517652  -0.130185  0.285664  0.0876885  -0.0517652  0.0876885  0.161921
0.306859  -0.130185  -0.0517652  -0.130185  0.285664  0.0876885  -0.0517652  0.0876885  0.161921
0.30687  -0.13019  -0.051767  -0.13019  0.285652  0.0876811  -0.051767  0.0876811  0.161916
0.30687  -0.13019  -0.051767  -0.13019  0.285652  0.0876811  -0.051767  0.0876811  0.161916
0.30687  -0.13019  -0.051767  -0.13019  0.285652  0.0876811  -0.051767  0.0876811  0.161916
0.30687  -0.13019  -0.051767  -0.13019  0.285652  0.0876811  -0.051767  0.0876811  0.161916
0.30687  -0.13019  -0.051767  -0.13019  0.285652  0.0876811  -0.051767  0.0876811  0.161916
0.306877  -0.130174  -0.0517738  -0.130174  0.285614  0.0876672  -0.0517738  0.0876672  0.161913
0.306873  -0.130168  -0.0517568  -0.130168  0.285603  0.0876541  -0.0517568  0.0876541  0.161908
0.306873  -0.130168  -0.0517568  -0.130168  0.285603  0.0876541  -0.0517568  0.0876541  0.161908
0.306873  -0.130168  -0.0517568  -0.130168  0.285603  0.0876541  -0.0517568  0.0876541  0.161908
0.306873  -0.130168  -0.0517568  -0.130168  0.285603  0.0876541  -0.0517568  0.0876541  0.161908
0.306873  -0.130168  -0.0517568  -0.130168  0.285603  0.0876541  -0.0517568  0.0876541  0.161908
0.306873  -0.130168  -0.0517568  -0.130168  0.285603  0.0876541  -0.0517568  0.0876541  0.161908
0.306873  -0.130168  -0.0517568  -0.130168  0.285603  0.0876541  -0.0517568  0.0876541  0.161908
0.306884  -0.130173  -0.0517586  -0.130173  0.285591  0.0876467  -0.0517586  0.0876467  0.161904
0.306884  -0.130173  -0.0517586  -0.130173  0.285591  0.0876467  -0.0517586  0.0876467  0.161904
0.306888  -0.130193  -0.0517537  -0.130193  0.285617  0.0876533  -0.0517537  0.0876533  0.161903
0.306888  -0.130193  -0.0517537  -0.130193  0.285617  0.0876533  -0.0517537  0.0876533  0.161903
0.306888  -0.130193  -0.0517537  -0.130193  0.285617  0.0876533  -0.0517537  0.0876533  0.161903
0.306898  -0.130198  -0.0517555  -0.130198  0.285605  0.0876459  -0.0517555  0.0876459  0.161899
0.306898  -0.130198  -0.0517555  -0.130198  0.285605  0.0876459  -0.0517555  0.0876459  0.161899
0.306894  -0.130191  -0.0517385  -0.130191  0.285594  0.0876329  -0.0517385  0.0876329  0.161894
0.306894  -0.130191  -0.0517385  -0.130191  0.285594  0.0876329  -0.0517385  0.0876329  0.161894
0.306909  -0.130216  -0.0517354  -0.130216  0.285608  0.0876321  -0.0517354  0.0876321  0.161889
0.306909  -0.130216  -0.0517354  -0.130216  0.285608  0.0876321  -0.0517354  0.0876321  0.161889
0.306919  -0.130234  -0.0517153  -0.130234  0.285611  0.0876183  -0.0517153  0.0876183  0.161879
0.306919  -0.130234  -0.0517153  -0.130234  0.285611  0.0876183  -0.0517153  0.0876183  0.161879
0.306919  -0.130234  -0.0517153  -0.130234  0.285611  0.0876183  -0.0517153  0.0876183  0.161879
0.306934  -0.130259  -0.0517122  -0.130259  0.285625  0.0876175  -0.0517122  0.0876175  0.161874
0.306934  -0.130259  -0.0517122  -0.130259  0.285625  0.0876175  -0.0517122  0.0876175  0.161874
0.30693  -0.130253  -0.0516952  -0.130253  0.285614  0.0876044  -0.0516952  0.0876044  0.161869
0.30693  -0.130253  -0.0516952  -0.130253  0.285614  0.0876044  -0.0516952  0.0876044  0.161869
0.306944  -0.130278  -0.0516921  -0.130278  0.285628  0.0876036  -0.0516921  0.0876036  0.161864
0.306944  -0.130278  -0.0516921  -0.130278  0.285628  0.0876036  -0.0516921  0.0876036  0.161864
0.306944  -0.130291  -0.0516702  -0.130291  0.285644  0.0875971  -0.0516702  0.0875971  0.161859
0.306944  -0.130291  -0.0516702  -0.130291  0.285644  0.0875971  -0.0516702  0.0875971  0.161859
0.306944  -0.130291  -0.0516702  -0.130291  0.285644  0.0875971  -0.0516702  0.0875971  0.161859
0.306959  -0.130316  -0.0516671  -0.130316  0.285657  0.0875964  -0.0516671  0.0875964  0.161854
0.306959  -0.130316  -0.0516671  -0.130316  0.285657  0.0875964  -0.0516671  0.0875964  0.161854
0.306966  -0.130356  -0.0516573  -0.130356  0.285709  0.0876095  -0.0516573  0.0876095  0.161852
0.306966  -0.130356  -0.0516573  -0.130356  0.285709  0.0876095  -0.0516573  0.0876095  0.161852
0.306975  -0.130383  -0.0516694  -0.130383  0.285746  0.0876292  -0.0516694  0.0876292  0.161856
0.306975  -0.130383  -0.0516694  -0.130383  0.285746  0.0876292  -0.0516694  0.0876292  0.161856
0.306989  -0.130408  -0.0516663  -0.130408  0.285759  0.0876284  -0.0516663  0.0876284  0.161851
0.306989  -0.130408  -0.0516663  -0.130408  0.285759  0.0876284  -0.0516663  0.0876284  0.161851
0.306989  -0.130408  -0.0516663  -0.130408  0.285759  0.0876284  -0.0516663  0.0876284  0.161851
0.306993  -0.130428  -0.0516613  -0.130428  0.285785  0.087635  -0.0516613  0.087635  0.16185
0.306993  -0.130428  -0.0516613  -0.130428  0.285785  0.087635  -0.0516613  0.087635  0.16185
0.307  -0.130427  -0.0516461  -0.130427  0.285763  0.0876146  -0.0516461  0.0876146  0.161841
0.307  -0.130427  -0.0516461  -0.130427  0.285763  0.0876146  -0.0516461  0.0876146  0.161841
0.307004  -0.130447  -0.0516412  -0.130447  0.285789  0.0876212  -0.0516412  0.0876212  0.16184
0.307004  -0.130447  -0.0516412  -0.130447  0.285789  0.0876212  -0.0516412  0.0876212  0.16184
0.307004  -0.130447  -0.0516412  -0.130447  0.285789  0.0876212  -0.0516412  0.0876212  0.16184
0.307018  -0.130472  -0.0516381  -0.130472  0.285802  0.0876204  -0.0516381  0.0876204  0.161835
0.307018  -0.130472  -0.0516381  -0.130472  0.285802  0.0876204  -0.0516381  0.0876204  0.161835
0.307025  -0.13047  -0.0516229  -0.13047  0.28578  0.0875999  -0.0516229  0.0875999  0.161826
0.307029  -0.13049  -0.051618  -0.13049  0.285806  0.0876065  -0.051618  0.0876065  0.161825
0.307029  -0.13049  -0.051618  -0.13049  0.285806  0.0876065  -0.051618  0.0876065  0.161825
0.307029  -0.13049  -0.051618  -0.13049  0.285806  0.0876065  -0.051618  0.0876065  0.161825
0.307025  -0.130484  -0.051601  -0.130484  0.285795  0.0875934  -0.051601  0.0875934  0.161821
0.307043  -0.130529  -0.0515929  -0.130529  0.285835  0.0875992  -0.0515929  0.0875992  0.161815
0.307043  -0.130529  -0.0515929  -0.130529  0.285835  0.0875992  -0.0515929  0.0875992  0.161815
0.307043  -0.130542  -0.051571  -0.130542  0.285851  0.0875927  -0.051571  0.0875927  0.161809
0.307043  -0.130542  -0.051571  -0.130542  0.285851  0.0875927  -0.051571  0.0875927  0.161809
0.307058  -0.130567  -0.0515679  -0.130567  0.285864  0.0875919  -0.0515679  0.0875919  0.161804
0.307058  -0.130567  -0.0515679  -0.130567  0.285864  0.0875919  -0.0515679  0.0875919  0.161804
0.307061  -0.130587  -0.051563  -0.130587  0.28589  0.0875985  -0.051563  0.0875985  0.161803
0.307072  -0.130606  -0.0515428  -0.130606  0.285894  0.0875846  -0.0515428  0.0875846  0.161794
0.307076  -0.130626  -0.0515379  -0.130626  0.28592  0.0875912  -0.0515379  0.0875912  0.161793
0.30708  -0.130646  -0.051533  -0.130646  0.285946  0.0875978  -0.051533  0.0875978  0.161792
0.307091  -0.130651  -0.0515348  -0.130651  0.285934  0.0875904  -0.0515348  0.0875904  0.161788
0.307098  -0.130691  -0.0515249  -0.130691  0.285986  0.0876036  -0.0515249  0.0876036  0.161786
0.307098  -0.130691  -0.0515249  -0.130691  0.285986  0.0876036  -0.0515249  0.0876036  0.161786
0.307098  -0.130705  -0.0515029  -0.130705  0.286001  0.087597  -0.0515029  0.087597  0.161781
0.307102  -0.130725  -0.051498  -0.130725  0.286028  0.0876036  -0.051498  0.0876036  0.16178
0.307106  -0.130745  -0.0514931  -0.130745  0.286054  0.0876102  -0.0514931  0.0876102  0.161779
0.30711  -0.130765  -0.0514881  -0.130765  0.28608  0.0876168  -0.0514881  0.0876168  0.161779
0.307113  -0.130785  -0.0514832  -0.130785  0.286106  0.0876233  -0.0514832  0.0876233  0.161778
0.307109  -0.130779  -0.0514662  -0.130779  0.286096  0.0876102  -0.0514662  0.0876102  0.161773
0.307117  -0.130819  -0.0514563  -0.130819  0.286148  0.0876234  -0.0514563  0.0876234  0.161772
0.307117  -0.130819  -0.0514563  -0.130819  0.286148  0.0876234  -0.0514563  0.0876234  0.161772
0.307121  -0.130839  -0.0514514  -0.130839  0.286174  0.08763  -0.0514514  0.08763  0.161771
0.307113  -0.130868  -0.0514226  -0.130868  0.286228  0.0876374  -0.0514226  0.0876374  0.161769
0.307113  -0.130868  -0.0514226  -0.130868  0.286228  0.0876374  -0.0514226  0.0876374  0.161769
0.307113  -0.130881  -0.0514007  -0.130881  0.286244  0.0876308  -0.0514007  0.0876308  0.161764
0.307117  -0.130901  -0.0513957  -0.130901  0.28627  0.0876374  -0.0513957  0.0876374  0.161763
0.307117  -0.130901  -0.0513957  -0.130901  0.28627  0.0876374  -0.0513957  0.0876374  0.161763
0.307109  -0.13093  -0.051367  -0.13093  0.286324  0.0876448  -0.051367  0.0876448  0.161761
0.307109  -0.13093  -0.051367  -0.13093  0.286324  0.0876448  -0.051367  0.0876448  0.161761
0.307116  -0.130983  -0.0513351  -0.130983  0.286393  0.0876514  -0.0513351  0.0876514  0.161754
0.307116  -0.130983  -0.0513351  -0.130983  0.286393  0.0876514  -0.0513351  0.0876514  0.161754
0.307109  -0.131012  -0.0513064  -0.131012  0.286447  0.0876588  -0.0513064  0.0876588  0.161752
0.307109  -0.131012  -0.0513064  -0.131012  0.286447  0.0876588  -0.0513064  0.0876588  0.161752
0.307116  -0.131066  -0.0512745  -0.131066  0.286515  0.0876654  -0.0512745  0.0876654  0.161745
0.307105  -0.131061  -0.0512727  -0.131061  0.286527  0.0876728  -0.0512727  0.0876728  0.16175
0.307105  -0.131074  -0.0512507  -0.131074  0.286543  0.0876663  -0.0512507  0.0876663  0.161744
0.307112  -0.131128  -0.0512188  -0.131128  0.286612  0.0876728  -0.0512188  0.0876728  0.161737
0.307112  -0.131128  -0.0512188  -0.131128  0.286612  0.0876728  -0.0512188  0.0876728  0.161737
0.307108  -0.13119  -0.0511632  -0.13119  0.286708  0.0876803  -0.0511632  0.0876803  0.16173
0.307108  -0.13119  -0.0511632  -0.13119  0.286708  0.0876803  -0.0511632  0.0876803  0.16173
0.307115  -0.13123  -0.0511532  -0.13123  0.286761  0.0876934  -0.0511532  0.0876934  0.161728
0.307107  -0.131272  -0.0511025  -0.131272  0.286831  0.0876942  -0.0511025  0.0876942  0.161721
0.307107  -0.131286  -0.0510805  -0.131286  0.286847  0.0876877  -0.0510805  0.0876877  0.161716
0.307115  -0.131326  -0.0510706  -0.131326  0.2869  0.0877008  -0.0510706  0.0877008  0.161714
0.307121  -0.131394  -0.0510166  -0.131394  0.286985  0.0877008  -0.0510166  0.0877008  0.161702
0.307117  -0.131387  -0.0509996  -0.131387  0.286974  0.0876876  -0.0509996  0.0876876  0.161698
0.307124  -0.131454  -0.0509457  -0.131454  0.287059  0.0876876  -0.0509457  0.0876876  0.161686
0.307128  -0.131474  -0.0509407  -0.131474  0.287085  0.0876941  -0.0509407  0.0876941  0.161685
0.307138  -0.131562  -0.0508818  -0.131562  0.287197  0.0877006  -0.0508818  0.0877006  0.161672
0.307127  -0.131557  -0.05088  -0.131557  0.287209  0.087708  -0.05088  0.087708  0.161677
0.307131  -0.131591  -0.050853  -0.131591  0.287251  0.087708  -0.050853  0.087708  0.161671
0.307145  -0.131698  -0.050789  -0.131698  0.287389  0.087721  -0.050789  0.087721  0.161657
0.307145  -0.131698  -0.050789  -0.131698  0.287389  0.087721  -0.050789  0.087721  0.161657
0.307149  -0.131801  -0.0507232  -0.131801  0.28754  0.0877414  -0.0507232  0.0877414  0.161648
0.307149  -0.131801  -0.0507232  -0.131801  0.28754  0.0877414  -0.0507232  0.0877414  0.161648
0.307163  -0.131909  -0.0506592  -0.131909  0.287679  0.0877544  -0.0506592  0.0877544  0.161635
0.307167  -0.13193  -0.0506542  -0.13193  0.287705  0.0877609  -0.0506542  0.0877609  0.161635
0.307171  -0.132033  -0.0505883  -0.132033  0.287856  0.0877813  -0.0505883  0.0877813  0.161626
0.307166  -0.132026  -0.0505713  -0.132026  0.287846  0.0877681  -0.0505713  0.0877681  0.161621
0.307181  -0.132134  -0.0505072  -0.132134  0.287985  0.087781  -0.0505072  0.087781  0.161608
0.307174  -0.132149  -0.0505003  -0.132149  0.288024  0.087795  -0.0505003  0.087795  0.161612
0.307181  -0.132203  -0.0504683  -0.132203  0.288094  0.0878014  -0.0504683  0.0878014  0.161605
0.307195  -0.132312  -0.0504041  -0.132312  0.288233  0.0878143  -0.0504041  0.0878143  0.161592
0.307199  -0.132332  -0.0503991  -0.132332  0.28826  0.0878208  -0.0503991  0.0878208  0.161592
0.307198  -0.132428  -0.0503161  -0.132428  0.288402  0.0878279  -0.0503161  0.0878279  0.161579
0.307202  -0.132449  -0.050311  -0.132449  0.288429  0.0878344  -0.050311  0.0878344  0.161578
0.307206  -0.132482  -0.0502839  -0.132482  0.288472  0.0878343  -0.0502839  0.0878343  0.161572
0.307216  -0.132584  -0.0502027  -0.132584  0.288601  0.087834  -0.0502027  0.087834  0.161555
0.30722  -0.132604  -0.0501976  -0.132604  0.288628  0.0878405  -0.0501976  0.0878405  0.161555
0.30723  -0.132706  -0.0501163  -0.132706  0.288758  0.0878401  -0.0501163  0.0878401  0.161537
0.307234  -0.132726  -0.0501113  -0.132726  0.288785  0.0878466  -0.0501113  0.0878466  0.161537
0.307228  -0.132816  -0.0500112  -0.132816  0.288917  0.0878404  -0.0500112  0.0878404  0.16152
0.307232  -0.132836  -0.0500061  -0.132836  0.288944  0.0878469  -0.0500061  0.0878469  0.161519
0.307231  -0.132863  -0.049962  -0.132863  0.288977  0.0878336  -0.049962  0.0878336  0.161509
0.307237  -0.132958  -0.0498637  -0.132958  0.289097  0.08782  -0.0498637  0.08782  0.161488
0.307241  -0.132979  -0.0498586  -0.132979  0.289124  0.0878265  -0.0498586  0.0878265  0.161487
0.30725  -0.133094  -0.0497551  -0.133094  0.289272  0.0878193  -0.0497551  0.0878193  0.161466
0.30725  -0.133094  -0.0497551  -0.133094  0.289272  0.0878193  -0.0497551  0.0878193  0.161466
0.307253  -0.133142  -0.0497059  -0.133142  0.289332  0.0878124  -0.0497059  0.0878124  0.161455
0.307259  -0.133237  -0.0496075  -0.133237  0.289453  0.0877987  -0.0496075  0.0877987  0.161434
0.307262  -0.133257  -0.0496024  -0.133257  0.28948  0.0878052  -0.0496024  0.0878052  0.161434
0.307253  -0.13334  -0.0494852  -0.13334  0.289603  0.0877857  -0.0494852  0.0877857  0.161413
0.307256  -0.133361  -0.0494801  -0.133361  0.28963  0.0877922  -0.0494801  0.0877922  0.161413
0.307253  -0.133442  -0.0493477  -0.133442  0.28973  0.087752  -0.0493477  0.087752  0.161384
0.307242  -0.13345  -0.0493239  -0.13345  0.289759  0.0877528  -0.0493239  0.0877528  0.161383
0.30724  -0.133477  -0.0492798  -0.133477  0.289793  0.0877394  -0.0492798  0.0877394  0.161374
0.307222  -0.133546  -0.0491288  -0.133546  0.289895  0.0876936  -0.0491288  0.0876936  0.161345
0.307221  -0.13356  -0.0491067  -0.13356  0.289912  0.0876869  -0.0491067  0.0876869  0.161341
0.30722  -0.133587  -0.0490626  -0.133587  0.289946  0.0876735  -0.0490626  0.0876735  0.161331
0.307201  -0.133656  -0.0489117  -0.133656  0.290048  0.0876277  -0.0489117  0.0876277  0.161303
0.307205  -0.133677  -0.0489065  -0.133677  0.290076  0.0876341  -0.0489065  0.0876341  0.161302
0.307191  -0.133753  -0.0487725  -0.133753  0.290189  0.0876014  -0.0487725  0.0876014  0.161279
0.30719  -0.133767  -0.0487504  -0.133767  0.290206  0.0875947  -0.0487504  0.0875947  0.161274
0.307189  -0.133794  -0.0487063  -0.133794  0.29024  0.0875813  -0.0487063  0.0875813  0.161265
0.307174  -0.133883  -0.0485503  -0.133883  0.290371  0.0875419  -0.0485503  0.0875419  0.161237
0.307174  -0.133883  -0.0485503  -0.133883  0.290371  0.0875419  -0.0485503  0.0875419  0.161237
0.307172  -0.133924  -0.0484842  -0.133924  0.290422  0.0875218  -0.0484842  0.0875218  0.161224
0.307157  -0.134014  -0.0483281  -0.134014  0.290553  0.0874824  -0.0483281  0.0874824  0.161196
0.307157  -0.134014  -0.0483281  -0.134014  0.290553  0.0874824  -0.0483281  0.0874824  0.161196
0.307149  -0.134102  -0.048157  -0.134102  0.290662  0.0874223  -0.048157  0.0874223  0.161161
0.307153  -0.134123  -0.0481518  -0.134123  0.290689  0.0874287  -0.0481518  0.0874287  0.16116
0.307133  -0.134206  -0.047979  -0.134206  0.290811  0.0873761  -0.047979  0.0873761  0.16113
0.307137  -0.134226  -0.0479738  -0.134226  0.290838  0.0873825  -0.0479738  0.0873825  0.161129
0.307136  -0.134267  -0.0479077  -0.134267  0.29089  0.0873624  -0.0479077  0.0873624  0.161116
0.30712  -0.134357  -0.0477517  -0.134357  0.291022  0.0873229  -0.0477517  0.0873229  0.16109
0.307124  -0.134378  -0.0477465  -0.134378  0.29105  0.0873292  -0.0477465  0.0873292  0.161089
0.307124  -0.134493  -0.047587  -0.134493  0.291198  0.0872885  -0.047587  0.0872885  0.161059
0.307123  -0.134507  -0.047565  -0.134507  0.291216  0.0872818  -0.047565  0.0872818  0.161055
0.307113  -0.134604  -0.0474259  -0.134604  0.29136  0.0872553  -0.0474259  0.0872553  0.161033
0.307112  -0.134618  -0.0474038  -0.134618  0.291377  0.0872486  -0.0474038  0.0872486  0.161029
0.30711  -0.134658  -0.0473377  -0.134658  0.291429  0.0872284  -0.0473377  0.0872284  0.161016
0.307103  -0.134776  -0.0471933  -0.134776  0.291601  0.0872082  -0.0471933  0.0872082  0.160994
0.307099  -0.134769  -0.0471765  -0.134769  0.291591  0.0871951  -0.0471765  0.0871951  0.160991
0.307107  -0.134913  -0.0470285  -0.134913  0.291779  0.0871736  -0.0470285  0.0871736  0.160965
0.307106  -0.134926  -0.0470065  -0.134926  0.291796  0.0871669  -0.0470065  0.0871669  0.16096
0.307099  -0.135058  -0.04684  -0.135058  0.291987  0.0871398  -0.04684  0.0871398  0.160935
0.307098  -0.135071  -0.0468179  -0.135071  0.292005  0.0871331  -0.0468179  0.0871331  0.160931
0.307098  -0.135187  -0.0466584  -0.135187  0.292155  0.0870921  -0.0466584  0.0870921  0.160903
0.307097  -0.135201  -0.0466363  -0.135201  0.292173  0.0870853  -0.0466363  0.0870853  0.160899
0.307108  -0.135379  -0.0464608  -0.135379  0.292409  0.0870631  -0.0464608  0.0870631  0.160869
0.307103  -0.135372  -0.0464441  -0.135372  0.292398  0.0870501  -0.0464441  0.0870501  0.160866
0.307109  -0.135455  -0.0463673  -0.135455  0.292508  0.0870424  -0.0463673  0.0870424  0.160853
0.307112  -0.135605  -0.0461802  -0.135605  0.292706  0.0870007  -0.0461802  0.0870007  0.160821
