0.313155  -0.15219  -0.0525208  -0.15219  0.315121  0.0975767  -0.0525208  0.0975767  0.162629
0.313155  -0.15219  -0.0525208  -0.15219  0.315121  0.0975767  -0.0525208  0.0975767  0.162629
0.31315  -0.152147  -0.0526091  -0.152147  0.315082  0.0976251  -0.0526091  0.0976251  0.162655
0.31315  -0.152147  -0.0526091  -0.152147  0.315082  0.0976251  -0.0526091  0.0976251  0.162655
0.313157  -0.152137  -0.0527106  -0.152137  0.31509  0.0976961  -0.0527106  0.0976961  0.162687
0.313168  -0.152169  -0.0527238  -0.152169  0.315137  0.0977188  -0.0527238  0.0977188  0.162692
0.313191  -0.15223  -0.0528091  -0.15223  0.315248  0.0978112  -0.0528091  0.0978112  0.162722
0.313191  -0.15223  -0.0528091  -0.15223  0.315248  0.0978112  -0.0528091  0.0978112  0.162722
0.313223  -0.152255  -0.0529853  -0.152255  0.315307  0.0979446  -0.0529853  0.0979446  0.162776
0.31323  -0.152264  -0.0530039  -0.152264  0.31532  0.0979601  -0.0530039  0.0979601  0.162781
0.313251  -0.152334  -0.0531244  -0.152334  0.31547  0.0980918  -0.0531244  0.0980918  0.162827
0.313257  -0.152343  -0.0531431  -0.152343  0.315483  0.0981074  -0.0531431  0.0981074  0.162833
0.313279  -0.152419  -0.0532047  -0.152419  0.315615  0.0981918  -0.0532047  0.0981918  0.162858
0.313284  -0.152442  -0.0531993  -0.152442  0.31565  0.098199  -0.0531993  0.098199  0.162857
0.313293  -0.152519  -0.0531403  -0.152519  0.315762  0.0981965  -0.0531403  0.0981965  0.162845
0.313293  -0.152519  -0.0531403  -0.152519  0.315762  0.0981965  -0.0531403  0.0981965  0.162845
0.313257  -0.152413  -0.0532185  -0.152413  0.315653  0.098223  -0.0532185  0.098223  0.162872
0.313257  -0.152413  -0.0532185  -0.152413  0.315653  0.098223  -0.0532185  0.098223  0.162872
0.313226  -0.152447  -0.0530825  -0.152447  0.315726  0.098166  -0.0530825  0.098166  0.162842
0.313226  -0.152447  -0.0530825  -0.152447  0.315726  0.098166  -0.0530825  0.098166  0.162842
0.313249  -0.152438  -0.0530927  -0.152438  0.315666  0.0981432  -0.0530927  0.0981432  0.162834
0.313244  -0.152414  -0.0530981  -0.152414  0.315632  0.098136  -0.0530981  0.098136  0.162834
0.313269  -0.152469  -0.0530897  -0.152469  0.315689  0.0981426  -0.0530897  0.0981426  0.162829
0.313269  -0.152469  -0.0530897  -0.152469  0.315689  0.0981426  -0.0530897  0.0981426  0.162829
0.313292  -0.152538  -0.0530572  -0.152538  0.315767  0.0981407  -0.0530572  0.0981407  0.162818
0.313339  -0.152594  -0.053094  -0.152594  0.315802  0.0981635  -0.053094  0.0981635  0.16282
0.313354  -0.152586  -0.0531205  -0.152586  0.315768  0.0981641  -0.0531205  0.0981641  0.162822
0.313385  -0.152664  -0.0531067  -0.152664  0.315859  0.0981778  -0.0531067  0.0981778  0.162816
0.31339  -0.152688  -0.0531013  -0.152688  0.315894  0.098185  -0.0531013  0.098185  0.162816
0.313395  -0.152712  -0.0530959  -0.152712  0.315928  0.0981922  -0.0530959  0.0981922  0.162815
0.313395  -0.152712  -0.0530959  -0.152712  0.315928  0.0981922  -0.0530959  0.0981922  0.162815
0.313402  -0.152721  -0.0531146  -0.152721  0.315941  0.0982078  -0.0531146  0.0982078  0.162821
0.313393  -0.152741  -0.0530477  -0.152741  0.315971  0.0981753  -0.0530477  0.0981753  0.162804
0.313373  -0.152725  -0.0530266  -0.152725  0.315971  0.0981675  -0.0530266  0.0981675  0.162802
0.31336  -0.152707  -0.0529893  -0.152707  0.315945  0.0981363  -0.0529893  0.0981363  0.162792
0.313355  -0.152684  -0.0529947  -0.152684  0.31591  0.0981291  -0.0529947  0.0981291  0.162792
0.313333  -0.152682  -0.0529495  -0.152682  0.315932  0.0981129  -0.0529495  0.0981129  0.162785
0.313327  -0.152673  -0.0529308  -0.152673  0.315919  0.0980973  -0.0529308  0.0980973  0.16278
0.313326  -0.152688  -0.0529068  -0.152688  0.31594  0.0980889  -0.0529068  0.0980889  0.162774
0.313327  -0.152673  -0.0529308  -0.152673  0.315919  0.0980973  -0.0529308  0.0980973  0.16278
0.313327  -0.152673  -0.0529308  -0.152673  0.315919  0.0980973  -0.0529308  0.0980973  0.16278
0.313326  -0.152688  -0.0529068  -0.152688  0.31594  0.0980889  -0.0529068  0.0980889  0.162774
0.313326  -0.152688  -0.0529068  -0.152688  0.31594  0.0980889  -0.0529068  0.0980889  0.162774
0.313345  -0.152719  -0.0529037  -0.152719  0.315962  0.0980883  -0.0529037  0.0980883  0.162769
0.313352  -0.152728  -0.0529224  -0.152728  0.315975  0.0981038  -0.0529224  0.0981038  0.162775
0.313366  -0.152735  -0.0529248  -0.152735  0.315963  0.098096  -0.0529248  0.098096  0.16277
0.313366  -0.152735  -0.0529248  -0.152735  0.315963  0.098096  -0.0529248  0.098096  0.16277
0.313364  -0.152765  -0.0528766  -0.152765  0.316006  0.0980792  -0.0528766  0.0980792  0.162759
0.313364  -0.152765  -0.0528766  -0.152765  0.316006  0.0980792  -0.0528766  0.0980792  0.162759
0.313358  -0.152741  -0.0528821  -0.152741  0.315972  0.098072  -0.0528821  0.098072  0.162759
0.313351  -0.152747  -0.0528393  -0.152747  0.31598  0.098048  -0.0528393  0.098048  0.162748
0.313351  -0.152747  -0.0528393  -0.152747  0.31598  0.098048  -0.0528393  0.098048  0.162748
0.313346  -0.152728  -0.0527857  -0.152728  0.315929  0.0979935  -0.0527857  0.0979935  0.162728
0.313346  -0.152728  -0.0527857  -0.152728  0.315929  0.0979935  -0.0527857  0.0979935  0.162728
0.31334  -0.152719  -0.052767  -0.152719  0.315916  0.0979779  -0.052767  0.0979779  0.162722
0.31334  -0.152719  -0.052767  -0.152719  0.315916  0.0979779  -0.052767  0.0979779  0.162722
0.313353  -0.152741  -0.0527453  -0.152741  0.315925  0.0979617  -0.0527453  0.0979617  0.162712
0.313353  -0.152741  -0.0527453  -0.152741  0.315925  0.0979617  -0.0527453  0.0979617  0.162712
0.313353  -0.152741  -0.0527453  -0.152741  0.315925  0.0979617  -0.0527453  0.0979617  0.162712
0.313367  -0.152748  -0.0527477  -0.152748  0.315913  0.0979539  -0.0527477  0.0979539  0.162708
0.313387  -0.152779  -0.0527447  -0.152779  0.315935  0.0979532  -0.0527447  0.0979532  0.162704
0.313387  -0.152779  -0.0527447  -0.152779  0.315935  0.0979532  -0.0527447  0.0979532  0.162704
0.313382  -0.152755  -0.0527501  -0.152755  0.315901  0.0979461  -0.0527501  0.0979461  0.162704
0.313382  -0.152755  -0.0527501  -0.152755  0.315901  0.0979461  -0.0527501  0.0979461  0.162704
0.313396  -0.152763  -0.0527525  -0.152763  0.315888  0.0979382  -0.0527525  0.0979382  0.1627
0.313401  -0.152786  -0.052747  -0.152786  0.315923  0.0979454  -0.052747  0.0979454  0.162699
0.313389  -0.152754  -0.0527338  -0.152754  0.315875  0.0979227  -0.0527338  0.0979227  0.162694
0.313389  -0.152754  -0.0527338  -0.152754  0.315875  0.0979227  -0.0527338  0.0979227  0.162694
0.313383  -0.152745  -0.0527151  -0.152745  0.315862  0.0979071  -0.0527151  0.0979071  0.162689
0.313383  -0.152745  -0.0527151  -0.152745  0.315862  0.0979071  -0.0527151  0.0979071  0.162689
0.313377  -0.152736  -0.0526965  -0.152736  0.315849  0.0978916  -0.0526965  0.0978916  0.162684
0.313377  -0.152736  -0.0526965  -0.152736  0.315849  0.0978916  -0.0526965  0.0978916  0.162684
0.313377  -0.152736  -0.0526965  -0.152736  0.315849  0.0978916  -0.0526965  0.0978916  0.162684
0.313377  -0.152736  -0.0526965  -0.152736  0.315849  0.0978916  -0.0526965  0.0978916  0.162684
0.313382  -0.15276  -0.0526911  -0.15276  0.315884  0.0978987  -0.0526911  0.0978987  0.162683
0.313382  -0.15276  -0.0526911  -0.15276  0.315884  0.0978987  -0.0526911  0.0978987  0.162683
0.313403  -0.152776  -0.0527121  -0.152776  0.315884  0.0979064  -0.0527121  0.0979064  0.162684
0.313403  -0.152776  -0.0527121  -0.152776  0.315884  0.0979064  -0.0527121  0.0979064  0.162684
0.313409  -0.152785  -0.0527307  -0.152785  0.315897  0.097922  -0.0527307  0.097922  0.16269
0.313409  -0.152785  -0.0527307  -0.152785  0.315897  0.097922  -0.0527307  0.097922  0.16269
0.313423  -0.152792  -0.0527331  -0.152792  0.315885  0.0979142  -0.0527331  0.0979142  0.162685
0.313423  -0.152792  -0.0527331  -0.152792  0.315885  0.0979142  -0.0527331  0.0979142  0.162685
0.313423  -0.152792  -0.0527331  -0.152792  0.315885  0.0979142  -0.0527331  0.0979142  0.162685
0.313429  -0.152816  -0.0527277  -0.152816  0.31592  0.0979213  -0.0527277  0.0979213  0.162685
0.313429  -0.152816  -0.0527277  -0.152816  0.31592  0.0979213  -0.0527277  0.0979213  0.162685
0.313429  -0.152816  -0.0527277  -0.152816  0.31592  0.0979213  -0.0527277  0.0979213  0.162685
0.313429  -0.152816  -0.0527277  -0.152816  0.31592  0.0979213  -0.0527277  0.0979213  0.162685
0.313429  -0.152816  -0.0527277  -0.152816  0.31592  0.0979213  -0.0527277  0.0979213  0.162685
0.313422  -0.152807  -0.052709  -0.152807  0.315907  0.0979058  -0.052709  0.0979058  0.16268
0.313437  -0.152814  -0.0527114  -0.152814  0.315894  0.097898  -0.0527114  0.097898  0.162676
0.313437  -0.152814  -0.0527114  -0.152814  0.315894  0.097898  -0.0527114  0.097898  0.162676
0.313448  -0.152847  -0.0527247  -0.152847  0.315942  0.0979207  -0.0527247  0.0979207  0.16268
0.313448  -0.152847  -0.0527247  -0.152847  0.315942  0.0979207  -0.0527247  0.0979207  0.16268
0.313442  -0.152838  -0.052706  -0.152838  0.315929  0.0979051  -0.052706  0.0979051  0.162675
0.313447  -0.152861  -0.0527006  -0.152861  0.315963  0.0979122  -0.0527006  0.0979122  0.162675
0.313447  -0.152861  -0.0527006  -0.152861  0.315963  0.0979122  -0.0527006  0.0979122  0.162675
0.313468  -0.152877  -0.0527216  -0.152877  0.315964  0.09792  -0.0527216  0.09792  0.162676
0.313468  -0.152877  -0.0527216  -0.152877  0.315964  0.09792  -0.0527216  0.09792  0.162676
0.313462  -0.152869  -0.0527029  -0.152869  0.315951  0.0979044  -0.0527029  0.0979044  0.16267
0.313462  -0.152869  -0.0527029  -0.152869  0.315951  0.0979044  -0.0527029  0.0979044  0.16267
0.313462  -0.152869  -0.0527029  -0.152869  0.315951  0.0979044  -0.0527029  0.0979044  0.16267
0.313455  -0.15286  -0.0526843  -0.15286  0.315938  0.0978888  -0.0526843  0.0978888  0.162665
0.313455  -0.15286  -0.0526843  -0.15286  0.315938  0.0978888  -0.0526843  0.0978888  0.162665
0.313454  -0.152874  -0.0526602  -0.152874  0.31596  0.0978804  -0.0526602  0.0978804  0.162659
0.313454  -0.152874  -0.0526602  -0.152874  0.31596  0.0978804  -0.0526602  0.0978804  0.162659
0.313433  -0.152858  -0.0526392  -0.152858  0.315959  0.0978727  -0.0526392  0.0978727  0.162658
0.313422  -0.152826  -0.0526259  -0.152826  0.315912  0.09785  -0.0526259  0.09785  0.162653
0.313421  -0.152841  -0.0526019  -0.152841  0.315933  0.0978415  -0.0526019  0.0978415  0.162648
0.313421  -0.152841  -0.0526019  -0.152841  0.315933  0.0978415  -0.0526019  0.0978415  0.162648
0.313421  -0.152841  -0.0526019  -0.152841  0.315933  0.0978415  -0.0526019  0.0978415  0.162648
0.31343  -0.152824  -0.0526096  -0.152824  0.315886  0.0978266  -0.0526096  0.0978266  0.162644
0.313429  -0.152839  -0.0525856  -0.152839  0.315908  0.0978182  -0.0525856  0.0978182  0.162638
0.313429  -0.152839  -0.0525856  -0.152839  0.315908  0.0978182  -0.0525856  0.0978182  0.162638
0.313422  -0.15283  -0.0525669  -0.15283  0.315895  0.0978026  -0.0525669  0.0978026  0.162633
0.313422  -0.15283  -0.0525669  -0.15283  0.315895  0.0978026  -0.0525669  0.0978026  0.162633
0.313416  -0.152821  -0.0525483  -0.152821  0.315882  0.0977871  -0.0525483  0.0977871  0.162628
0.313416  -0.152821  -0.0525483  -0.152821  0.315882  0.0977871  -0.0525483  0.0977871  0.162628
0.313409  -0.152812  -0.0525296  -0.152812  0.315869  0.0977715  -0.0525296  0.0977715  0.162622
0.313403  -0.152803  -0.052511  -0.152803  0.315856  0.097756  -0.052511  0.097756  0.162617
0.313403  -0.152803  -0.052511  -0.152803  0.315856  0.097756  -0.052511  0.097756  0.162617
0.313397  -0.152795  -0.0524924  -0.152795  0.315844  0.0977405  -0.0524924  0.0977405  0.162612
0.31339  -0.152786  -0.0524737  -0.152786  0.315831  0.0977249  -0.0524737  0.0977249  0.162606
0.313389  -0.1528  -0.0524497  -0.1528  0.315852  0.0977165  -0.0524497  0.0977165  0.162601
0.313389  -0.1528  -0.0524497  -0.1528  0.315852  0.0977165  -0.0524497  0.0977165  0.162601
0.313383  -0.152792  -0.052431  -0.152792  0.315839  0.097701  -0.052431  0.097701  0.162595
0.313383  -0.152792  -0.052431  -0.152792  0.315839  0.097701  -0.052431  0.097701  0.162595
0.313396  -0.152814  -0.0524093  -0.152814  0.315849  0.0976847  -0.0524093  0.0976847  0.162586
0.31339  -0.152805  -0.0523907  -0.152805  0.315836  0.0976692  -0.0523907  0.0976692  0.16258
0.313389  -0.152819  -0.0523666  -0.152819  0.315857  0.0976608  -0.0523666  0.0976608  0.162575
0.313389  -0.152819  -0.0523666  -0.152819  0.315857  0.0976608  -0.0523666  0.0976608  0.162575
0.313397  -0.152818  -0.0523504  -0.152818  0.315832  0.0976374  -0.0523504  0.0976374  0.162565
0.313397  -0.152818  -0.0523504  -0.152818  0.315832  0.0976374  -0.0523504  0.0976374  0.162565
0.313389  -0.152824  -0.0523077  -0.152824  0.315841  0.0976135  -0.0523077  0.0976135  0.162554
0.313389  -0.152824  -0.0523077  -0.152824  0.315841  0.0976135  -0.0523077  0.0976135  0.162554
0.313396  -0.152837  -0.0522673  -0.152837  0.315837  0.0975817  -0.0522673  0.0975817  0.162539
0.313396  -0.152837  -0.0522673  -0.152837  0.315837  0.0975817  -0.0522673  0.0975817  0.162539
0.313377  -0.15281  -0.0522115  -0.15281  0.315799  0.0975352  -0.0522115  0.0975352  0.162524
0.313377  -0.15281  -0.0522115  -0.15281  0.315799  0.0975352  -0.0522115  0.0975352  0.162524
0.313384  -0.152823  -0.0521712  -0.152823  0.315795  0.0975035  -0.0521712  0.0975035  0.162509
0.313384  -0.152823  -0.0521712  -0.152823  0.315795  0.0975035  -0.0521712  0.0975035  0.162509
0.313365  -0.152797  -0.0521154  -0.152797  0.315757  0.097457  -0.0521154  0.097457  0.162493
0.313365  -0.152797  -0.0521154  -0.152797  0.315757  0.097457  -0.0521154  0.097457  0.162493
0.313365  -0.152801  -0.0520565  -0.152801  0.31574  0.0974098  -0.0520565  0.0974098  0.162473
0.313365  -0.152801  -0.0520565  -0.152801  0.31574  0.0974098  -0.0520565  0.0974098  0.162473
0.313351  -0.152798  -0.0519953  -0.152798  0.315736  0.0973705  -0.0519953  0.0973705  0.162457
0.313351  -0.152798  -0.0519953  -0.152798  0.315736  0.0973705  -0.0519953  0.0973705  0.162457
0.313346  -0.152779  -0.0519419  -0.152779  0.315685  0.0973162  -0.0519419  0.0973162  0.162437
0.313346  -0.152779  -0.0519419  -0.152779  0.315685  0.0973162  -0.0519419  0.0973162  0.162437
0.31334  -0.152774  -0.0518645  -0.152774  0.315656  0.0972536  -0.0518645  0.0972536  0.162412
0.31334  -0.152774  -0.0518645  -0.152774  0.315656  0.0972536  -0.0518645  0.0972536  0.162412
0.313339  -0.152789  -0.0518405  -0.152789  0.315678  0.0972452  -0.0518405  0.0972452  0.162407
0.31334  -0.152793  -0.0517816  -0.152793  0.315661  0.0971981  -0.0517816  0.0971981  0.162387
0.31334  -0.152793  -0.0517816  -0.152793  0.315661  0.0971981  -0.0517816  0.0971981  0.162387
0.313334  -0.152789  -0.0517043  -0.152789  0.315632  0.0971355  -0.0517043  0.0971355  0.162362
0.313334  -0.152789  -0.0517043  -0.152789  0.315632  0.0971355  -0.0517043  0.0971355  0.162362
0.31334  -0.152817  -0.05164  -0.152817  0.31565  0.0970955  -0.05164  0.0970955  0.162342
0.31334  -0.152817  -0.05164  -0.152817  0.31565  0.0970955  -0.05164  0.0970955  0.162342
0.31334  -0.152821  -0.0515812  -0.152821  0.315634  0.0970484  -0.0515812  0.0970484  0.162322
0.31334  -0.152821  -0.0515812  -0.152821  0.315634  0.0970484  -0.0515812  0.0970484  0.162322
0.313352  -0.152858  -0.0515354  -0.152858  0.315665  0.0970238  -0.0515354  0.0970238  0.162307
0.313357  -0.152881  -0.0515299  -0.152881  0.3157  0.0970308  -0.0515299  0.0970308  0.162306
0.31337  -0.152918  -0.0514842  -0.152918  0.315731  0.0970061  -0.0514842  0.0970061  0.162291
0.31337  -0.152918  -0.0514842  -0.152918  0.315731  0.0970061  -0.0514842  0.0970061  0.162291
0.313382  -0.152955  -0.0514384  -0.152955  0.315762  0.0969815  -0.0514384  0.0969815  0.162276
0.313382  -0.152955  -0.0514384  -0.152955  0.315762  0.0969815  -0.0514384  0.0969815  0.162276
0.313394  -0.152991  -0.0513926  -0.152991  0.315793  0.0969568  -0.0513926  0.0969568  0.162262
0.313399  -0.153015  -0.0513871  -0.153015  0.315828  0.0969638  -0.0513871  0.0969638  0.162261
0.313411  -0.153052  -0.0513414  -0.153052  0.315859  0.0969391  -0.0513414  0.0969391  0.162246
0.313405  -0.153043  -0.0513228  -0.153043  0.315846  0.0969237  -0.0513228  0.0969237  0.162241
0.313431  -0.153087  -0.0512793  -0.153087  0.315865  0.0968912  -0.0512793  0.0968912  0.162222
0.313436  -0.153111  -0.0512738  -0.153111  0.3159  0.0968982  -0.0512738  0.0968982  0.162222
0.313442  -0.153138  -0.0512095  -0.153138  0.315919  0.0968581  -0.0512095  0.0968581  0.162202
0.313442  -0.153138  -0.0512095  -0.153138  0.315919  0.0968581  -0.0512095  0.0968581  0.162202
0.313455  -0.15316  -0.0511877  -0.15316  0.315928  0.0968418  -0.0511877  0.0968418  0.162193
0.313467  -0.153197  -0.0511419  -0.153197  0.315959  0.0968171  -0.0511419  0.0968171  0.162178
0.313467  -0.153197  -0.0511419  -0.153197  0.315959  0.0968171  -0.0511419  0.0968171  0.162178
0.313492  -0.153256  -0.0510743  -0.153256  0.316  0.0967762  -0.0510743  0.0967762  0.162154
0.313492  -0.153256  -0.0510743  -0.153256  0.316  0.0967762  -0.0510743  0.0967762  0.162154
0.313505  -0.153293  -0.0510285  -0.153293  0.316032  0.0967515  -0.0510285  0.0967515  0.162139
0.313505  -0.153293  -0.0510285  -0.153293  0.316032  0.0967515  -0.0510285  0.0967515  0.162139
0.31353  -0.153352  -0.0509609  -0.153352  0.316073  0.0967104  -0.0509609  0.0967104  0.162115
0.31353  -0.153352  -0.0509609  -0.153352  0.316073  0.0967104  -0.0509609  0.0967104  0.162115
0.313561  -0.153419  -0.0509117  -0.153419  0.316127  0.0966848  -0.0509117  0.0966848  0.162096
0.313561  -0.153419  -0.0509117  -0.153419  0.316127  0.0966848  -0.0509117  0.0966848  0.162096
0.313581  -0.153454  -0.0508496  -0.153454  0.316133  0.0966368  -0.0508496  0.0966368  0.162072
0.313587  -0.153478  -0.0508441  -0.153478  0.316168  0.0966438  -0.0508441  0.0966438  0.162072
0.313592  -0.153506  -0.0507797  -0.153506  0.316187  0.0966036  -0.0507797  0.0966036  0.162052
0.313612  -0.153537  -0.0507764  -0.153537  0.316209  0.0966027  -0.0507764  0.0966027  0.162048
0.313629  -0.153597  -0.050725  -0.153597  0.316276  0.0965849  -0.050725  0.0965849  0.162033
0.313629  -0.153597  -0.050725  -0.153597  0.316276  0.0965849  -0.050725  0.0965849  0.162033
0.313642  -0.15362  -0.0507032  -0.15362  0.316285  0.0965686  -0.0507032  0.0965686  0.162024
0.31366  -0.15368  -0.0506517  -0.15368  0.316352  0.0965507  -0.0506517  0.0965507  0.162009
0.313665  -0.153704  -0.0506462  -0.153704  0.316387  0.0965577  -0.0506462  0.0965577  0.162009
0.313697  -0.153772  -0.0505969  -0.153772  0.316441  0.0965319  -0.0505969  0.0965319  0.16199
0.313702  -0.153795  -0.0505914  -0.153795  0.316476  0.0965389  -0.0505914  0.0965389  0.161989
0.313722  -0.153826  -0.050588  -0.153826  0.316499  0.0965379  -0.050588  0.0965379  0.161985
0.313745  -0.153911  -0.050531  -0.153911  0.3166  0.0965269  -0.050531  0.0965269  0.16197
0.313745  -0.153911  -0.050531  -0.153911  0.3166  0.0965269  -0.050531  0.0965269  0.16197
0.313783  -0.153988  -0.0505002  -0.153988  0.316668  0.0965165  -0.0505002  0.0965165  0.161956
0.313788  -0.154012  -0.0504946  -0.154012  0.316703  0.0965234  -0.0504946  0.0965234  0.161956
0.313827  -0.154088  -0.0504638  -0.154088  0.31677  0.096513  -0.0504638  0.096513  0.161942
0.313845  -0.154134  -0.0504363  -0.154134  0.316815  0.0965036  -0.0504363  0.0965036  0.161932
0.313851  -0.154158  -0.0504307  -0.154158  0.31685  0.0965105  -0.0504307  0.0965105  0.161932
0.31387  -0.154189  -0.0504273  -0.154189  0.316873  0.0965095  -0.0504273  0.0965095  0.161928
0.313914  -0.15429  -0.0503909  -0.15429  0.316976  0.0965059  -0.0503909  0.0965059  0.161913
0.313914  -0.15429  -0.0503909  -0.15429  0.316976  0.0965059  -0.0503909  0.0965059  0.161913
0.313958  -0.154391  -0.0503544  -0.154391  0.317079  0.0965024  -0.0503544  0.0965024  0.161899
0.313958  -0.154391  -0.0503544  -0.154391  0.317079  0.0965024  -0.0503544  0.0965024  0.161899
0.313983  -0.154446  -0.0503454  -0.154446  0.317137  0.0965083  -0.0503454  0.0965083  0.161895
0.314012  -0.15454  -0.0503067  -0.15454  0.317252  0.0965126  -0.0503067  0.0965126  0.161885
0.314012  -0.15454  -0.0503067  -0.15454  0.317252  0.0965126  -0.0503067  0.0965126  0.161885
0.314063  -0.15465  -0.0502887  -0.15465  0.317369  0.0965243  -0.0502887  0.0965243  0.161875
0.314063  -0.15465  -0.0502887  -0.15465  0.317369  0.0965243  -0.0502887  0.0965243  0.161875
0.314107  -0.154751  -0.0502521  -0.154751  0.317472  0.0965207  -0.0502521  0.0965207  0.161861
0.314107  -0.154751  -0.0502521  -0.154751  0.317472  0.0965207  -0.0502521  0.0965207  0.161861
0.314157  -0.154861  -0.0502341  -0.154861  0.317589  0.0965325  -0.0502341  0.0965325  0.161852
0.314163  -0.154885  -0.0502285  -0.154885  0.317624  0.0965394  -0.0502285  0.0965394  0.161852
0.314168  -0.154909  -0.0502228  -0.154909  0.317659  0.0965463  -0.0502228  0.0965463  0.161851
0.314219  -0.15502  -0.0502048  -0.15502  0.317776  0.096558  -0.0502048  0.096558  0.161842
0.314224  -0.155044  -0.0501992  -0.155044  0.317812  0.0965649  -0.0501992  0.0965649  0.161842
0.314255  -0.155123  -0.0501845  -0.155123  0.317906  0.0965777  -0.0501845  0.0965777  0.161837
0.314275  -0.155154  -0.0501811  -0.155154  0.317929  0.0965766  -0.0501811  0.0965766  0.161833
0.314305  -0.155248  -0.0501422  -0.155248  0.318045  0.0965808  -0.0501422  0.0965808  0.161823
0.314305  -0.155248  -0.0501422  -0.155248  0.318045  0.0965808  -0.0501422  0.0965808  0.161823
0.314356  -0.155359  -0.0501241  -0.155359  0.318163  0.0965925  -0.0501241  0.0965925  0.161814
0.314387  -0.155439  -0.0501094  -0.155439  0.318257  0.0966053  -0.0501094  0.0966053  0.161809
0.314387  -0.155439  -0.0501094  -0.155439  0.318257  0.0966053  -0.0501094  0.0966053  0.161809
0.314398  -0.155487  -0.0500981  -0.155487  0.318328  0.096619  -0.0500981  0.096619  0.161808
0.314442  -0.155589  -0.0500614  -0.155589  0.318433  0.0966153  -0.0500614  0.0966153  0.161795
0.314448  -0.155613  -0.0500557  -0.155613  0.318468  0.0966221  -0.0500557  0.0966221  0.161794
0.314486  -0.15569  -0.0500246  -0.15569  0.318537  0.0966114  -0.0500246  0.0966114  0.161781
0.314492  -0.155714  -0.050019  -0.155714  0.318573  0.0966183  -0.050019  0.0966183  0.16178
0.314497  -0.155739  -0.0500133  -0.155739  0.318609  0.0966252  -0.0500133  0.0966252  0.16178
0.314535  -0.155831  -0.0499579  -0.155831  0.318701  0.0966058  -0.0499579  0.0966058  0.161762
0.314535  -0.155831  -0.0499579  -0.155831  0.318701  0.0966058  -0.0499579  0.0966058  0.161762
0.314558  -0.155917  -0.0499004  -0.155917  0.318806  0.0965944  -0.0499004  0.0965944  0.161747
0.314558  -0.155917  -0.0499004  -0.155917  0.318806  0.0965944  -0.0499004  0.0965944  0.161747
0.314572  -0.155939  -0.0498783  -0.155939  0.318816  0.0965778  -0.0498783  0.0965778  0.161738
0.314588  -0.156016  -0.0498021  -0.156016  0.318908  0.0965509  -0.0498021  0.0965509  0.161719
0.314582  -0.156006  -0.0497836  -0.156006  0.318894  0.0965354  -0.0497836  0.0965354  0.161715
0.31458  -0.156021  -0.0497594  -0.156021  0.318917  0.0965268  -0.0497594  0.0965268  0.16171
0.314585  -0.156064  -0.0496703  -0.156064  0.31896  0.0964774  -0.0496703  0.0964774  0.161687
0.314585  -0.156068  -0.0496111  -0.156068  0.318944  0.0964299  -0.0496111  0.0964299  0.161668
0.314578  -0.156059  -0.0495926  -0.156059  0.318931  0.0964144  -0.0495926  0.0964144  0.161664
0.31457  -0.156069  -0.0494907  -0.156069  0.318926  0.0963428  -0.0494907  0.0963428  0.161636
0.314563  -0.15606  -0.0494721  -0.15606  0.318913  0.0963274  -0.0494721  0.0963274  0.161632
0.314529  -0.156029  -0.0493553  -0.156029  0.31887  0.0962415  -0.0493553  0.0962415  0.161604
0.314522  -0.15602  -0.0493368  -0.15602  0.318857  0.0962261  -0.0493368  0.0962261  0.1616
0.314481  -0.15598  -0.0492016  -0.15598  0.318802  0.0961249  -0.0492016  0.0961249  0.161568
0.314481  -0.15598  -0.0492016  -0.15598  0.318802  0.0961249  -0.0492016  0.0961249  0.161568
0.314461  -0.155952  -0.0491462  -0.155952  0.318763  0.0960787  -0.0491462  0.0960787  0.161554
0.314407  -0.155879  -0.0489984  -0.155879  0.31866  0.0959555  -0.0489984  0.0959555  0.161518
0.314407  -0.155879  -0.0489984  -0.155879  0.31866  0.0959555  -0.0489984  0.0959555  0.161518
0.314349  -0.155782  -0.0488566  -0.155782  0.31852  0.0958258  -0.0488566  0.0958258  0.161483
0.314342  -0.155773  -0.0488381  -0.155773  0.318507  0.0958105  -0.0488381  0.0958105  0.161478
0.314275  -0.155693  -0.0486887  -0.155693  0.318416  0.0956957  -0.0486887  0.0956957  0.161447
0.314268  -0.155684  -0.0486703  -0.155684  0.318403  0.0956804  -0.0486703  0.0956804  0.161443
0.314216  -0.155596  -0.0485473  -0.155596  0.318277  0.0955665  -0.0485473  0.0955665  0.161412
0.31421  -0.155587  -0.0485289  -0.155587  0.318264  0.0955512  -0.0485289  0.0955512  0.161408
0.31419  -0.15556  -0.0484738  -0.15556  0.318226  0.0955053  -0.0484738  0.0955053  0.161395
0.314117  -0.155456  -0.0483306  -0.155456  0.318099  0.0953844  -0.0483306  0.0953844  0.161365
0.314117  -0.155456  -0.0483306  -0.155456  0.318099  0.0953844  -0.0483306  0.0953844  0.161365
0.314058  -0.155375  -0.0481656  -0.155375  0.317984  0.0952472  -0.0481656  0.0952472  0.161326
0.314052  -0.155365  -0.0481473  -0.155365  0.317971  0.095232  -0.0481473  0.095232  0.161322
0.313988  -0.15526  -0.0479883  -0.15526  0.31782  0.0950884  -0.0479883  0.0950884  0.161284
0.313981  -0.155251  -0.04797  -0.155251  0.317807  0.0950732  -0.04797  0.0950732  0.16128
0.313955  -0.155215  -0.0478969  -0.155215  0.317756  0.0950125  -0.0478969  0.0950125  0.161263
0.313897  -0.155119  -0.0477565  -0.155119  0.317618  0.0948845  -0.0477565  0.0948845  0.161229
0.313891  -0.15511  -0.0477383  -0.15511  0.317605  0.0948694  -0.0477383  0.0948694  0.161225
0.313847  -0.155036  -0.0475762  -0.155036  0.317477  0.0947252  -0.0475762  0.0947252  0.161184
0.313847  -0.155036  -0.0475762  -0.155036  0.317477  0.0947252  -0.0475762  0.0947252  0.161184
0.313776  -0.154922  -0.0473998  -0.154922  0.317314  0.0945675  -0.0473998  0.0945675  0.161143
0.31377  -0.154914  -0.0473816  -0.154914  0.317302  0.0945524  -0.0473816  0.0945524  0.161139
0.313751  -0.154887  -0.0473271  -0.154887  0.317263  0.0945072  -0.0473271  0.0945072  0.161126
0.313679  -0.154788  -0.0471272  -0.154788  0.317124  0.0943415  -0.0471272  0.0943415  0.161082
0.313679  -0.154788  -0.0471272  -0.154788  0.317124  0.0943415  -0.0471272  0.0943415  0.161082
0.313603  -0.154666  -0.0469335  -0.154666  0.316949  0.0941697  -0.0469335  0.0941697  0.161038
0.313597  -0.154657  -0.0469154  -0.154657  0.316936  0.0941547  -0.0469154  0.0941547  0.161034
0.31358  -0.154605  -0.0468507  -0.154605  0.316837  0.0940801  -0.0468507  0.0940801  0.161014
0.31351  -0.154506  -0.0466517  -0.154506  0.316698  0.0939155  -0.0466517  0.0939155  0.160971
0.313503  -0.154498  -0.0466336  -0.154498  0.316685  0.0939005  -0.0466336  0.0939005  0.160967
0.313428  -0.154376  -0.0464408  -0.154376  0.316511  0.0937297  -0.0464408  0.0937297  0.160925
0.313428  -0.154376  -0.0464408  -0.154376  0.316511  0.0937297  -0.0464408  0.0937297  0.160925
0.313351  -0.154269  -0.0462245  -0.154269  0.31636  0.0935509  -0.0462245  0.0935509  0.160879
0.313345  -0.154261  -0.0462065  -0.154261  0.316348  0.0935361  -0.0462065  0.0935361  0.160875
0.313282  -0.154172  -0.0460266  -0.154172  0.316222  0.0933875  -0.0460266  0.0933875  0.160837
0.313275  -0.154163  -0.0460087  -0.154163  0.31621  0.0933726  -0.0460087  0.0933726  0.160834
0.313226  -0.154082  -0.0458309  -0.154082  0.316072  0.0932164  -0.0458309  0.0932164  0.160792
0.31322  -0.154073  -0.045813  -0.154073  0.316059  0.0932016  -0.045813  0.0932016  0.160788
0.313155  -0.153999  -0.0456099  -0.153999  0.315957  0.0930453  -0.0456099  0.0930453  0.160748
0.313149  -0.153991  -0.045592  -0.153991  0.315944  0.0930305  -0.045592  0.0930305  0.160744
0.313094  -0.153901  -0.0453969  -0.153901  0.315795  0.0928602  -0.0453969  0.0928602  0.1607
0.313094  -0.153901  -0.0453969  -0.153901  0.315795  0.0928602  -0.0453969  0.0928602  0.1607
0.31302  -0.153785  -0.0451487  -0.153785  0.315608  0.0926461  -0.0451487  0.0926461  0.160646
0.31302  -0.153785  -0.0451487  -0.153785  0.315608  0.0926461  -0.0451487  0.0926461  0.160646
0.312977  -0.153717  -0.0449324  -0.153717  0.315469  0.0924603  -0.0449324  0.0924603  0.160595
0.312971  -0.153708  -0.0449146  -0.153708  0.315456  0.0924456  -0.0449146  0.0924456  0.160592
0.312916  -0.153618  -0.0447206  -0.153618  0.315307  0.0922765  -0.0447206  0.0922765  0.16055
0.31291  -0.15361  -0.0447028  -0.15361  0.315295  0.0922619  -0.0447028  0.0922619  0.160546
0.312844  -0.153492  -0.0444399  -0.153492  0.315084  0.0920268  -0.0444399  0.0920268  0.160487
0.312844  -0.153492  -0.0444399  -0.153492  0.315084  0.0920268  -0.0444399  0.0920268  0.160487
0.312791  -0.153393  -0.0442129  -0.153393  0.314898  0.0918215  -0.0442129  0.0918215  0.160435
0.312785  -0.153384  -0.0441952  -0.153384  0.314886  0.091807  -0.0441952  0.091807  0.160431
0.312731  -0.153299  -0.043945  -0.153299  0.314724  0.0915939  -0.043945  0.0915939  0.160377
0.312719  -0.153282  -0.0439097  -0.153282  0.314699  0.0915649  -0.0439097  0.0915649  0.16037
0.312647  -0.153157  -0.0436307  -0.153157  0.314478  0.0913174  -0.0436307  0.0913174  0.16031
0.312641  -0.153148  -0.0436131  -0.153148  0.314465  0.0913029  -0.0436131  0.0913029  0.160307
0.312564  -0.153014  -0.0433172  -0.153014  0.314232  0.0910417  -0.0433172  0.0910417  0.160245
0.312566  -0.153004  -0.0432837  -0.153004  0.314195  0.0910049  -0.0432837  0.0910049  0.160235
0.312529  -0.152952  -0.0431783  -0.152952  0.314122  0.0909187  -0.0431783  0.0909187  0.160216
0.312478  -0.152843  -0.0429201  -0.152843  0.313901  0.0906793  -0.0429201  0.0906793  0.160158
0.312472  -0.152834  -0.0429026  -0.152834  0.313889  0.090665  -0.0429026  0.090665  0.160155
0.312407  -0.152733  -0.0426198  -0.152733  0.313704  0.0904262  -0.0426198  0.0904262  0.160099
0.312408  -0.152722  -0.0425864  -0.152722  0.313668  0.0903896  -0.0425864  0.0903896  0.160089
0.312338  -0.152598  -0.0423103  -0.152598  0.313449  0.0901456  -0.0423103  0.0901456  0.160034
0.312345  -0.152596  -0.0422944  -0.152596  0.313424  0.0901233  -0.0422944  0.0901233  0.160027
0.312281  -0.152496  -0.0420128  -0.152496  0.31324  0.089886  -0.0420128  0.089886  0.159973
0.312269  -0.152479  -0.0419781  -0.152479  0.313216  0.0898577  -0.0419781  0.0898577  0.159967
0.312246  -0.152434  -0.0418753  -0.152434  0.313131  0.0897646  -0.0418753  0.0897646  0.159946
0.312203  -0.152324  -0.0416037  -0.152324  0.312888  0.0895063  -0.0416037  0.0895063  0.159885
0.312191  -0.152307  -0.041569  -0.152307  0.312864  0.089478  -0.041569  0.089478  0.15988
0.31214  -0.152213  -0.0412904  -0.152213  0.312669  0.0892345  -0.0412904  0.0892345  0.159825
0.312134  -0.152205  -0.0412731  -0.152205  0.312657  0.0892205  -0.0412731  0.0892205  0.159822
0.312073  -0.15208  -0.0409839  -0.15208  0.312416  0.0889577  -0.0409839  0.0889577  0.159765
0.312075  -0.152055  -0.0409742  -0.152055  0.312357  0.0889297  -0.0409742  0.0889297  0.159758
0.31202  -0.151939  -0.0407028  -0.151939  0.312128  0.0886817  -0.0407028  0.0886817  0.159705
0.312027  -0.151937  -0.040687  -0.151937  0.312104  0.0886597  -0.040687  0.0886597  0.159698
0.311972  -0.151821  -0.0404162  -0.151821  0.311876  0.0884125  -0.0404162  0.0884125  0.159646
0.311966  -0.151812  -0.0403991  -0.151812  0.311864  0.0883986  -0.0403991  0.0883986  0.159643
0.311936  -0.15172  -0.0401645  -0.15172  0.311647  0.0881718  -0.0401645  0.0881718  0.159592
0.311937  -0.151709  -0.0401316  -0.151709  0.311611  0.088136  -0.0401316  0.088136  0.159583
0.311934  -0.15168  -0.0400487  -0.15168  0.311526  0.0880505  -0.0400487  0.0880505  0.159563
0.311904  -0.151588  -0.0398146  -0.151588  0.31131  0.0878245  -0.0398146  0.0878245  0.159513
0.311898  -0.15158  -0.0397975  -0.15158  0.311298  0.0878107  -0.0397975  0.0878107  0.159511
0.311861  -0.151494  -0.0395236  -0.151494  0.311094  0.0875636  -0.0395236  0.0875636  0.159458
0.311863  -0.151483  -0.0394909  -0.151483  0.311057  0.0875279  -0.0394909  0.0875279  0.159449
0.311827  -0.151383  -0.0392406  -0.151383  0.310831  0.0872895  -0.0392406  0.0872895  0.159399
0.311821  -0.151374  -0.0392236  -0.151374  0.310819  0.0872757  -0.0392236  0.0872757  0.159397
0.311787  -0.151264  -0.0389411  -0.151264  0.310556  0.0870024  -0.0389411  0.0870024  0.159339
0.311781  -0.151255  -0.0389242  -0.151255  0.310545  0.0869888  -0.0389242  0.0869888  0.159337
0.311766  -0.151209  -0.0388079  -0.151209  0.310438  0.086877  -0.0388079  0.086877  0.159314
0.311713  -0.151084  -0.0385081  -0.151084  0.310177  0.0865993  -0.0385081  0.0865993  0.159261
0.311707  -0.151076  -0.0384912  -0.151076  0.310165  0.0865857  -0.0384912  0.0865857  0.159259
0.311662  -0.150945  -0.0382319  -0.150945  0.309894  0.0863304  -0.0382319  0.0863304  0.15921
0.311656  -0.150937  -0.0382151  -0.150937  0.309883  0.0863169  -0.0382151  0.0863169  0.159208
0.311609  -0.15082  -0.0379333  -0.15082  0.309635  0.0860545  -0.0379333  0.0860545  0.159158
0.311611  -0.15081  -0.0379008  -0.15081  0.309599  0.0860194  -0.0379008  0.0860194  0.15915
0.31157  -0.150702  -0.0376365  -0.150702  0.309364  0.0857713  -0.0376365  0.0857713  0.159104
0.311564  -0.150694  -0.0376197  -0.150694  0.309352  0.0857579  -0.0376197  0.0857579  0.159102
0.311548  -0.150659  -0.0375369  -0.150659  0.309282  0.0856825  -0.0375369  0.0856825  0.159089
0.311512  -0.15057  -0.0373224  -0.15057  0.309094  0.0854837  -0.0373224  0.0854837  0.159053
0.311519  -0.150568  -0.0373068  -0.150568  0.30907  0.0854622  -0.0373068  0.0854622  0.159047
0.311482  -0.150493  -0.0370696  -0.150493  0.308905  0.085256  -0.0370696  0.085256  0.159011
0.311476  -0.150485  -0.0370529  -0.150485  0.308894  0.0852426  -0.0370529  0.0852426  0.15901
0.311429  -0.15038  -0.0368057  -0.15038  0.308684  0.0850181  -0.0368057  0.0850181  0.158973
0.311423  -0.150372  -0.036789  -0.150372  0.308673  0.0850048  -0.036789  0.0850048  0.158971
0.311383  -0.15026  -0.0365818  -0.15026  0.308452  0.084802  -0.0365818  0.084802  0.158937
0.31139  -0.150258  -0.0365663  -0.150258  0.308428  0.0847806  -0.0365663  0.0847806  0.158931
0.311343  -0.150153  -0.0363199  -0.150153  0.308219  0.0845573  -0.0363199  0.0845573  0.158895
0.311337  -0.150145  -0.0363033  -0.150145  0.308208  0.0845441  -0.0363033  0.0845441  0.158894
0.311293  -0.150016  -0.0360482  -0.150016  0.307941  0.0842946  -0.0360482  0.0842946  0.158853
0.311287  -0.150008  -0.0360316  -0.150008  0.30793  0.0842815  -0.0360316  0.0842815  0.158851
0.311266  -0.149965  -0.0359333  -0.149965  0.307849  0.0841942  -0.0359333  0.0841942  0.158839
0.311232  -0.149866  -0.0356891  -0.149866  0.307629  0.0839643  -0.0356891  0.0839643  0.158801
0.311226  -0.149858  -0.0356726  -0.149858  0.307617  0.0839512  -0.0356726  0.0839512  0.158799
0.311187  -0.149752  -0.0354124  -0.149752  0.307386  0.0837088  -0.0354124  0.0837088  0.158761
0.311181  -0.149744  -0.0353959  -0.149744  0.307375  0.0836957  -0.0353959  0.0836957  0.15876
0.31114  -0.149648  -0.0351681  -0.149648  0.307179  0.0834883  -0.0351681  0.0834883  0.158729
0.311141  -0.149637  -0.0351362  -0.149637  0.307144  0.0834541  -0.0351362  0.0834541  0.158723
0.31112  -0.149595  -0.0350384  -0.149595  0.307064  0.0833677  -0.0350384  0.0833677  0.158711
0.311092  -0.149505  -0.0348122  -0.149505  0.306856  0.0831529  -0.0348122  0.0831529  0.158677
0.311087  -0.149497  -0.0347958  -0.149497  0.306845  0.0831399  -0.0347958  0.0831399  0.158676
0.311059  -0.149407  -0.0345699  -0.149407  0.306637  0.0829257  -0.0345699  0.0829257  0.158643
0.311053  -0.149399  -0.0345535  -0.149399  0.306626  0.0829127  -0.0345535  0.0829127  0.158642
0.31102  -0.149301  -0.0343117  -0.149301  0.306408  0.0826861  -0.0343117  0.0826861  0.158609
0.311014  -0.149293  -0.0342953  -0.149293  0.306397  0.0826732  -0.0342953  0.0826732  0.158608
0.310981  -0.149196  -0.0340539  -0.149196  0.306179  0.0824472  -0.0340539  0.0824472  0.158576
0.310975  -0.149188  -0.0340376  -0.149188  0.306168  0.0824343  -0.0340376  0.0824343  0.158575
0.310949  -0.149088  -0.0337812  -0.149088  0.305927  0.0821879  -0.0337812  0.0821879  0.158538
0.310931  -0.149025  -0.033621  -0.149025  0.305778  0.0820352  -0.033621  0.0820352  0.158516
0.310932  -0.149015  -0.0335893  -0.149015  0.305743  0.0820014  -0.0335893  0.0820014  0.15851
0.310911  -0.148973  -0.0334927  -0.148973  0.305664  0.0819165  -0.0334927  0.0819165  0.1585
0.310885  -0.148873  -0.0332371  -0.148873  0.305424  0.0816714  -0.0332371  0.0816714  0.158465
0.31088  -0.148865  -0.0332209  -0.148865  0.305413  0.0816587  -0.0332209  0.0816587  0.158465
0.310837  -0.148738  -0.0329715  -0.148738  0.305153  0.0814174  -0.0329715  0.0814174  0.158434
0.310844  -0.148736  -0.0329561  -0.148736  0.305129  0.0813965  -0.0329561  0.0813965  0.158429
0.3108  -0.148623  -0.0326845  -0.148623  0.304892  0.0811484  -0.0326845  0.0811484  0.1584
0.310801  -0.148613  -0.032653  -0.148613  0.304857  0.0811149  -0.032653  0.0811149  0.158394
0.310781  -0.148571  -0.032557  -0.148571  0.304779  0.0810309  -0.032557  0.0810309  0.158386
0.31076  -0.14848  -0.0323192  -0.14848  0.304551  0.0808007  -0.0323192  0.0808007  0.158355
0.310755  -0.148472  -0.0323031  -0.148472  0.30454  0.0807881  -0.0323031  0.0807881  0.158354
0.310728  -0.148383  -0.032081  -0.148383  0.304337  0.0805794  -0.032081  0.0805794  0.158329
0.310734  -0.148381  -0.0320656  -0.148381  0.304313  0.0805586  -0.0320656  0.0805586  0.158324
0.310696  -0.148277  -0.0318118  -0.148277  0.304088  0.0803253  -0.0318118  0.0803253  0.158299
0.310703  -0.148274  -0.0317964  -0.148274  0.304064  0.0803046  -0.0317964  0.0803046  0.158294
0.31067  -0.148178  -0.031559  -0.148178  0.303851  0.0800844  -0.031559  0.0800844  0.15827
0.310677  -0.148176  -0.0315437  -0.148176  0.303827  0.0800638  -0.0315437  0.0800638  0.158265
0.310651  -0.148077  -0.0312914  -0.148077  0.30359  0.0798235  -0.0312914  0.0798235  0.158237
0.310646  -0.14807  -0.0312754  -0.14807  0.30358  0.0798111  -0.0312754  0.0798111  0.158237
0.31062  -0.147971  -0.0310235  -0.147971  0.303343  0.0795715  -0.0310235  0.0795715  0.158209
0.310615  -0.147963  -0.0310076  -0.147963  0.303333  0.0795591  -0.0310076  0.0795591  0.158209
0.310605  -0.147893  -0.0307503  -0.147893  0.303117  0.0793169  -0.0307503  0.0793169  0.15818
0.310607  -0.147883  -0.0307191  -0.147883  0.303083  0.079284  -0.0307191  0.079284  0.158175
0.310599  -0.147847  -0.030625  -0.147847  0.302993  0.0791935  -0.030625  0.0791935  0.158165
0.310578  -0.147756  -0.0303899  -0.147756  0.302768  0.0789678  -0.0303899  0.0789678  0.15814
0.310573  -0.147748  -0.0303741  -0.147748  0.302758  0.0789555  -0.0303741  0.0789555  0.15814
0.310557  -0.14768  -0.0301329  -0.14768  0.302567  0.0787351  -0.0301329  0.0787351  0.158117
0.310564  -0.147678  -0.0301176  -0.147678  0.302543  0.0787146  -0.0301176  0.0787146  0.158112
0.310549  -0.147596  -0.029899  -0.147596  0.30233  0.0785022  -0.029899  0.0785022  0.158089
0.310543  -0.147588  -0.0298833  -0.147588  0.302319  0.07849  -0.0298833  0.07849  0.158089
0.310534  -0.147513  -0.0296808  -0.147513  0.302117  0.0782903  -0.0296808  0.0782903  0.158067
0.310538  -0.147535  -0.0296742  -0.147535  0.30215  0.078295  -0.0296742  0.078295  0.158068
0.310518  -0.147445  -0.0294405  -0.147445  0.301927  0.0780714  -0.0294405  0.0780714  0.158047
0.310524  -0.147443  -0.0294252  -0.147443  0.301903  0.078051  -0.0294252  0.078051  0.158042
0.310499  -0.147345  -0.0291762  -0.147345  0.30167  0.0778158  -0.0291762  0.0778158  0.158022
0.310494  -0.147337  -0.0291605  -0.147337  0.30166  0.0778037  -0.0291605  0.0778037  0.158022
