0.307859  -0.141348  -0.0584068  -0.141348  0.307086  0.10027  -0.0584068  0.10027  0.165736
0.307859  -0.141348  -0.0584068  -0.141348  0.307086  0.10027  -0.0584068  0.10027  0.165736
0.30786  -0.141334  -0.0584301  -0.141334  0.307068  0.100278  -0.0584301  0.100278  0.165744
0.30786  -0.141334  -0.0584301  -0.141334  0.307068  0.100278  -0.0584301  0.100278  0.165744
0.307864  -0.141342  -0.0584484  -0.141342  0.30708  0.100293  -0.0584484  0.100293  0.165751
0.307864  -0.141342  -0.0584484  -0.141342  0.30708  0.100293  -0.0584484  0.100293  0.165751
0.307856  -0.141357  -0.0584408  -0.141357  0.307123  0.100308  -0.0584408  0.100308  0.165754
0.307862  -0.14135  -0.0584824  -0.14135  0.307117  0.100331  -0.0584824  0.100331  0.165768
0.307862  -0.14135  -0.0584824  -0.14135  0.307117  0.100331  -0.0584824  0.100331  0.165768
0.307867  -0.141358  -0.0585008  -0.141358  0.307129  0.100347  -0.0585008  0.100347  0.165775
0.307867  -0.141358  -0.0585008  -0.141358  0.307129  0.100347  -0.0585008  0.100347  0.165775
0.307859  -0.141359  -0.0585164  -0.141359  0.307154  0.100369  -0.0585164  0.100369  0.165786
0.307864  -0.141367  -0.0585348  -0.141367  0.307166  0.100385  -0.0585348  0.100385  0.165793
0.307846  -0.141366  -0.0584904  -0.141366  0.307184  0.100369  -0.0584904  0.100369  0.165782
0.307846  -0.141366  -0.0584904  -0.141366  0.307184  0.100369  -0.0584904  0.100369  0.165782
0.307841  -0.141359  -0.058472  -0.141359  0.307172  0.100354  -0.058472  0.100354  0.165776
0.307841  -0.141359  -0.058472  -0.141359  0.307172  0.100354  -0.058472  0.100354  0.165776
0.307824  -0.141344  -0.0584508  -0.141344  0.307172  0.100346  -0.0584508  0.100346  0.165773
0.307824  -0.141344  -0.0584508  -0.141344  0.307172  0.100346  -0.0584508  0.100346  0.165773
0.307823  -0.141358  -0.0584276  -0.141358  0.30719  0.100338  -0.0584276  0.100338  0.165765
0.307823  -0.141358  -0.0584276  -0.141358  0.30719  0.100338  -0.0584276  0.100338  0.165765
0.307836  -0.141365  -0.0584304  -0.141365  0.307178  0.100331  -0.0584304  0.100331  0.165761
0.307836  -0.141365  -0.0584304  -0.141365  0.307178  0.100331  -0.0584304  0.100331  0.165761
0.307857  -0.141415  -0.0584233  -0.141415  0.307227  0.100339  -0.0584233  0.100339  0.165755
0.307857  -0.141415  -0.0584233  -0.141415  0.307227  0.100339  -0.0584233  0.100339  0.165755
0.307874  -0.14143  -0.0584445  -0.14143  0.307227  0.100347  -0.0584445  0.100347  0.165758
0.307874  -0.14143  -0.0584445  -0.14143  0.307227  0.100347  -0.0584445  0.100347  0.165758
0.307891  -0.141458  -0.0584424  -0.141458  0.307245  0.100347  -0.0584424  0.100347  0.165753
0.307891  -0.141472  -0.0584191  -0.141472  0.307263  0.100339  -0.0584191  0.100339  0.165745
0.307891  -0.141472  -0.0584191  -0.141472  0.307263  0.100339  -0.0584191  0.100339  0.165745
0.307903  -0.141479  -0.0584219  -0.141479  0.307251  0.100332  -0.0584219  0.100332  0.165741
0.307903  -0.141493  -0.0583986  -0.141493  0.307269  0.100324  -0.0583986  0.100324  0.165733
0.307903  -0.141493  -0.0583986  -0.141493  0.307269  0.100324  -0.0583986  0.100324  0.165733
0.307898  -0.141485  -0.0583802  -0.141485  0.307257  0.100309  -0.0583802  0.100309  0.165726
0.307898  -0.141485  -0.0583802  -0.141485  0.307257  0.100309  -0.0583802  0.100309  0.165726
0.307898  -0.141485  -0.0583802  -0.141485  0.307257  0.100309  -0.0583802  0.100309  0.165726
0.307897  -0.141499  -0.058357  -0.141499  0.307275  0.100301  -0.058357  0.100301  0.165719
0.307897  -0.141499  -0.058357  -0.141499  0.307275  0.100301  -0.058357  0.100301  0.165719
0.307897  -0.141499  -0.058357  -0.141499  0.307275  0.100301  -0.058357  0.100301  0.165719
0.307906  -0.141529  -0.0583704  -0.141529  0.307318  0.100324  -0.0583704  0.100324  0.165725
0.307906  -0.141529  -0.0583704  -0.141529  0.307318  0.100324  -0.0583704  0.100324  0.165725
0.307919  -0.141535  -0.0583732  -0.141535  0.307306  0.100317  -0.0583732  0.100317  0.16572
0.307923  -0.141557  -0.0583683  -0.141557  0.307336  0.100324  -0.0583683  0.100324  0.165719
0.307923  -0.141557  -0.0583683  -0.141557  0.307336  0.100324  -0.0583683  0.100324  0.165719
0.307928  -0.141565  -0.0583867  -0.141565  0.307349  0.10034  -0.0583867  0.10034  0.165726
0.307928  -0.141565  -0.0583867  -0.141565  0.307349  0.10034  -0.0583867  0.10034  0.165726
0.30794  -0.141585  -0.0583662  -0.141585  0.307355  0.100324  -0.0583662  0.100324  0.165714
0.30794  -0.141585  -0.0583662  -0.141585  0.307355  0.100324  -0.0583662  0.100324  0.165714
0.30794  -0.141585  -0.0583662  -0.141585  0.307355  0.100324  -0.0583662  0.100324  0.165714
0.30794  -0.141585  -0.0583662  -0.141585  0.307355  0.100324  -0.0583662  0.100324  0.165714
0.30794  -0.141585  -0.0583662  -0.141585  0.307355  0.100324  -0.0583662  0.100324  0.165714
0.307948  -0.141585  -0.0583506  -0.141585  0.30733  0.100302  -0.0583506  0.100302  0.165703
0.307948  -0.141585  -0.0583506  -0.141585  0.30733  0.100302  -0.0583506  0.100302  0.165703
0.307957  -0.141614  -0.0583641  -0.141614  0.307373  0.100325  -0.0583641  0.100325  0.165709
0.307957  -0.141614  -0.0583641  -0.141614  0.307373  0.100325  -0.0583641  0.100325  0.165709
0.307957  -0.141614  -0.0583641  -0.141614  0.307373  0.100325  -0.0583641  0.100325  0.165709
0.307957  -0.141614  -0.0583641  -0.141614  0.307373  0.100325  -0.0583641  0.100325  0.165709
0.307962  -0.141622  -0.0583824  -0.141622  0.307386  0.10034  -0.0583824  0.10034  0.165716
0.307962  -0.141622  -0.0583824  -0.141622  0.307386  0.10034  -0.0583824  0.10034  0.165716
0.307962  -0.141622  -0.0583824  -0.141622  0.307386  0.10034  -0.0583824  0.10034  0.165716
0.307962  -0.141622  -0.0583824  -0.141622  0.307386  0.10034  -0.0583824  0.10034  0.165716
0.307962  -0.141622  -0.0583824  -0.141622  0.307386  0.10034  -0.0583824  0.10034  0.165716
0.307969  -0.141621  -0.0583668  -0.141621  0.307361  0.100317  -0.0583668  0.100317  0.165705
0.307969  -0.141621  -0.0583668  -0.141621  0.307361  0.100317  -0.0583668  0.100317  0.165705
0.307969  -0.141621  -0.0583668  -0.141621  0.307361  0.100317  -0.0583668  0.100317  0.165705
0.30796  -0.141591  -0.0583533  -0.141591  0.307318  0.100294  -0.0583533  0.100294  0.165699
0.30796  -0.141591  -0.0583533  -0.141591  0.307318  0.100294  -0.0583533  0.100294  0.165699
0.30796  -0.141591  -0.0583533  -0.141591  0.307318  0.100294  -0.0583533  0.100294  0.165699
0.307952  -0.141606  -0.0583457  -0.141606  0.307361  0.100309  -0.0583457  0.100309  0.165703
0.307952  -0.141606  -0.0583457  -0.141606  0.307361  0.100309  -0.0583457  0.100309  0.165703
0.307952  -0.141606  -0.0583457  -0.141606  0.307361  0.100309  -0.0583457  0.100309  0.165703
0.307952  -0.141606  -0.0583457  -0.141606  0.307361  0.100309  -0.0583457  0.100309  0.165703
0.307956  -0.141628  -0.0583408  -0.141628  0.307392  0.100317  -0.0583408  0.100317  0.165702
0.307956  -0.141628  -0.0583408  -0.141628  0.307392  0.100317  -0.0583408  0.100317  0.165702
0.307961  -0.14165  -0.0583359  -0.14165  0.307422  0.100325  -0.0583359  0.100325  0.165701
0.307961  -0.14165  -0.0583359  -0.14165  0.307422  0.100325  -0.0583359  0.100325  0.165701
0.307961  -0.14165  -0.0583359  -0.14165  0.307422  0.100325  -0.0583359  0.100325  0.165701
0.307965  -0.141672  -0.058331  -0.141672  0.307453  0.100332  -0.058331  0.100332  0.1657
0.307965  -0.141672  -0.058331  -0.141672  0.307453  0.100332  -0.058331  0.100332  0.1657
0.307982  -0.1417  -0.0583288  -0.1417  0.307471  0.100332  -0.0583288  0.100332  0.165695
0.307982  -0.1417  -0.0583288  -0.1417  0.307471  0.100332  -0.0583288  0.100332  0.165695
0.307982  -0.1417  -0.0583288  -0.1417  0.307471  0.100332  -0.0583288  0.100332  0.165695
0.307982  -0.1417  -0.0583288  -0.1417  0.307471  0.100332  -0.0583288  0.100332  0.165695
0.307981  -0.141714  -0.0583056  -0.141714  0.307489  0.100325  -0.0583056  0.100325  0.165687
0.307986  -0.141736  -0.0583007  -0.141736  0.30752  0.100332  -0.0583007  0.100332  0.165686
0.307986  -0.141736  -0.0583007  -0.141736  0.30752  0.100332  -0.0583007  0.100332  0.165686
0.307978  -0.141751  -0.058293  -0.141751  0.307563  0.100347  -0.058293  0.100347  0.165689
0.307978  -0.141751  -0.058293  -0.141751  0.307563  0.100347  -0.058293  0.100347  0.165689
0.307986  -0.141795  -0.0582832  -0.141795  0.307624  0.100363  -0.0582832  0.100363  0.165688
0.307986  -0.141795  -0.0582832  -0.141795  0.307624  0.100363  -0.0582832  0.100363  0.165688
0.307991  -0.141816  -0.0582783  -0.141816  0.307655  0.10037  -0.0582783  0.10037  0.165687
0.307991  -0.141816  -0.0582783  -0.141816  0.307655  0.10037  -0.0582783  0.10037  0.165687
0.307995  -0.141852  -0.0582501  -0.141852  0.307704  0.10037  -0.0582501  0.10037  0.165678
0.307995  -0.141852  -0.0582501  -0.141852  0.307704  0.10037  -0.0582501  0.10037  0.165678
0.307999  -0.141874  -0.0582452  -0.141874  0.307735  0.100378  -0.0582452  0.100378  0.165677
0.308016  -0.141903  -0.058243  -0.141903  0.307753  0.100378  -0.058243  0.100378  0.165672
0.308016  -0.141903  -0.058243  -0.141903  0.307753  0.100378  -0.058243  0.100378  0.165672
0.30802  -0.141924  -0.0582381  -0.141924  0.307784  0.100386  -0.0582381  0.100386  0.165671
0.30802  -0.141924  -0.0582381  -0.141924  0.307784  0.100386  -0.0582381  0.100386  0.165671
0.308007  -0.141932  -0.058212  -0.141932  0.307814  0.100386  -0.058212  0.100386  0.165668
0.308007  -0.141932  -0.058212  -0.141932  0.307814  0.100386  -0.058212  0.100386  0.165668
0.308012  -0.141954  -0.0582071  -0.141954  0.307845  0.100393  -0.0582071  0.100393  0.165667
0.308003  -0.141983  -0.0581761  -0.141983  0.307907  0.100401  -0.0581761  0.100401  0.165663
0.308003  -0.141983  -0.0581761  -0.141983  0.307907  0.100401  -0.0581761  0.100401  0.165663
0.308003  -0.141983  -0.0581761  -0.141983  0.307907  0.100401  -0.0581761  0.100401  0.165663
0.308007  -0.142004  -0.0581712  -0.142004  0.307937  0.100408  -0.0581712  0.100408  0.165662
0.308007  -0.142004  -0.0581712  -0.142004  0.307937  0.100408  -0.0581712  0.100408  0.165662
0.308011  -0.14204  -0.058143  -0.14204  0.307986  0.100408  -0.058143  0.100408  0.165653
0.308011  -0.14204  -0.058143  -0.14204  0.307986  0.100408  -0.058143  0.100408  0.165653
0.308011  -0.14204  -0.058143  -0.14204  0.307986  0.100408  -0.058143  0.100408  0.165653
0.308007  -0.142077  -0.0581304  -0.142077  0.30806  0.100431  -0.0581304  0.100431  0.165656
0.308007  -0.142077  -0.0581304  -0.142077  0.30806  0.100431  -0.0581304  0.100431  0.165656
0.308011  -0.142113  -0.0581022  -0.142113  0.308109  0.100431  -0.0581022  0.100431  0.165647
0.308011  -0.142113  -0.0581022  -0.142113  0.308109  0.100431  -0.0581022  0.100431  0.165647
0.308016  -0.142135  -0.0580973  -0.142135  0.30814  0.100439  -0.0580973  0.100439  0.165646
0.30802  -0.142157  -0.0580923  -0.142157  0.308171  0.100446  -0.0580923  0.100446  0.165645
0.308024  -0.142179  -0.0580874  -0.142179  0.308202  0.100454  -0.0580874  0.100454  0.165645
0.308029  -0.142201  -0.0580825  -0.142201  0.308233  0.100462  -0.0580825  0.100462  0.165644
0.308033  -0.142222  -0.0580775  -0.142222  0.308264  0.100469  -0.0580775  0.100469  0.165643
0.308038  -0.142244  -0.0580726  -0.142244  0.308294  0.100477  -0.0580726  0.100477  0.165642
0.308046  -0.142288  -0.0580628  -0.142288  0.308356  0.100492  -0.0580628  0.100492  0.16564
0.308046  -0.142288  -0.0580628  -0.142288  0.308356  0.100492  -0.0580628  0.100492  0.16564
0.308055  -0.142332  -0.0580529  -0.142332  0.308418  0.100507  -0.0580529  0.100507  0.165638
0.308055  -0.142332  -0.0580529  -0.142332  0.308418  0.100507  -0.0580529  0.100507  0.165638
0.308064  -0.142375  -0.058043  -0.142375  0.30848  0.100523  -0.058043  0.100523  0.165636
0.308064  -0.142375  -0.058043  -0.142375  0.30848  0.100523  -0.058043  0.100523  0.165636
0.308073  -0.142419  -0.0580332  -0.142419  0.308542  0.100538  -0.0580332  0.100538  0.165635
0.308077  -0.142441  -0.0580282  -0.142441  0.308573  0.100546  -0.0580282  0.100546  0.165634
0.308087  -0.142471  -0.0580417  -0.142471  0.308616  0.100569  -0.0580417  0.100569  0.165639
0.308091  -0.142492  -0.0580368  -0.142492  0.308647  0.100576  -0.0580368  0.100576  0.165639
0.308091  -0.142492  -0.0580368  -0.142492  0.308647  0.100576  -0.0580368  0.100576  0.165639
0.308107  -0.142535  -0.0580113  -0.142535  0.308684  0.100569  -0.0580113  0.100569  0.165626
0.308107  -0.142535  -0.0580113  -0.142535  0.308684  0.100569  -0.0580113  0.100569  0.165626
0.308116  -0.142579  -0.0580014  -0.142579  0.308746  0.100584  -0.0580014  0.100584  0.165624
0.308116  -0.142593  -0.057978  -0.142593  0.308765  0.100576  -0.057978  0.100576  0.165617
0.308116  -0.142593  -0.057978  -0.142593  0.308765  0.100576  -0.057978  0.100576  0.165617
0.308119  -0.142629  -0.0579497  -0.142629  0.308815  0.100576  -0.0579497  0.100576  0.165608
0.308119  -0.142629  -0.0579497  -0.142629  0.308815  0.100576  -0.0579497  0.100576  0.165608
0.308124  -0.142651  -0.0579448  -0.142651  0.308846  0.100584  -0.0579448  0.100584  0.165607
0.308133  -0.142695  -0.0579349  -0.142695  0.308908  0.100599  -0.0579349  0.100599  0.165606
0.308133  -0.142695  -0.0579349  -0.142695  0.308908  0.100599  -0.0579349  0.100599  0.165606
0.308141  -0.142739  -0.057925  -0.142739  0.30897  0.100615  -0.057925  0.100615  0.165604
0.308141  -0.142739  -0.057925  -0.142739  0.30897  0.100615  -0.057925  0.100615  0.165604
0.30815  -0.142783  -0.0579151  -0.142783  0.309032  0.10063  -0.0579151  0.10063  0.165602
0.30815  -0.142783  -0.0579151  -0.142783  0.309032  0.10063  -0.0579151  0.10063  0.165602
0.308155  -0.142805  -0.0579102  -0.142805  0.309063  0.100637  -0.0579102  0.100637  0.165601
0.308164  -0.142848  -0.0579003  -0.142848  0.309125  0.100653  -0.0579003  0.100653  0.165599
0.308164  -0.142848  -0.0579003  -0.142848  0.309125  0.100653  -0.0579003  0.100653  0.165599
0.308172  -0.142892  -0.0578904  -0.142892  0.309187  0.100668  -0.0578904  0.100668  0.165598
0.308172  -0.142892  -0.0578904  -0.142892  0.309187  0.100668  -0.0578904  0.100668  0.165598
0.308172  -0.142906  -0.057867  -0.142906  0.309206  0.10066  -0.057867  0.10066  0.16559
0.308172  -0.142906  -0.057867  -0.142906  0.309206  0.10066  -0.057867  0.10066  0.16559
0.308168  -0.142944  -0.0578543  -0.142944  0.309281  0.100683  -0.0578543  0.100683  0.165593
0.308168  -0.142944  -0.0578543  -0.142944  0.309281  0.100683  -0.0578543  0.100683  0.165593
0.308177  -0.142987  -0.0578444  -0.142987  0.309343  0.100698  -0.0578444  0.100698  0.165591
0.308177  -0.142987  -0.0578444  -0.142987  0.309343  0.100698  -0.0578444  0.100698  0.165591
0.308181  -0.143009  -0.0578394  -0.143009  0.309374  0.100706  -0.0578394  0.100706  0.16559
0.30819  -0.143053  -0.0578295  -0.143053  0.309437  0.100721  -0.0578295  0.100721  0.165588
0.30819  -0.143053  -0.0578295  -0.143053  0.309437  0.100721  -0.0578295  0.100721  0.165588
0.308199  -0.143097  -0.0578196  -0.143097  0.309499  0.100737  -0.0578196  0.100737  0.165587
0.308199  -0.143097  -0.0578196  -0.143097  0.309499  0.100737  -0.0578196  0.100737  0.165587
0.308213  -0.143149  -0.0578281  -0.143149  0.309574  0.100767  -0.0578281  0.100767  0.165591
0.308213  -0.143149  -0.0578281  -0.143149  0.309574  0.100767  -0.0578281  0.100767  0.165591
0.308217  -0.143171  -0.0578231  -0.143171  0.309605  0.100775  -0.0578231  0.100775  0.165591
0.308234  -0.143214  -0.0577975  -0.143214  0.309643  0.100767  -0.0577975  0.100767  0.165578
0.308234  -0.143214  -0.0577975  -0.143214  0.309643  0.100767  -0.0577975  0.100767  0.165578
0.308243  -0.143244  -0.057811  -0.143244  0.309687  0.10079  -0.057811  0.10079  0.165584
0.308243  -0.143244  -0.057811  -0.143244  0.309687  0.10079  -0.057811  0.10079  0.165584
0.308252  -0.143302  -0.0577777  -0.143302  0.309768  0.100798  -0.0577777  0.100798  0.165575
0.308252  -0.143302  -0.0577777  -0.143302  0.309768  0.100798  -0.0577777  0.100798  0.165575
0.308256  -0.143324  -0.0577727  -0.143324  0.309799  0.100806  -0.0577727  0.100806  0.165574
0.308256  -0.143324  -0.0577727  -0.143324  0.309799  0.100806  -0.0577727  0.100806  0.165574
0.308265  -0.143368  -0.0577627  -0.143368  0.309862  0.100821  -0.0577627  0.100821  0.165572
0.308265  -0.143368  -0.0577627  -0.143368  0.309862  0.100821  -0.0577627  0.100821  0.165572
0.308257  -0.143383  -0.057755  -0.143383  0.309906  0.100836  -0.057755  0.100836  0.165575
0.308266  -0.143427  -0.057745  -0.143427  0.309968  0.100851  -0.057745  0.100851  0.165574
0.308266  -0.143427  -0.057745  -0.143427  0.309968  0.100851  -0.057745  0.100851  0.165574
0.308274  -0.143471  -0.0577351  -0.143471  0.310031  0.100867  -0.0577351  0.100867  0.165572
0.308274  -0.143471  -0.0577351  -0.143471  0.310031  0.100867  -0.0577351  0.100867  0.165572
0.308283  -0.143515  -0.0577251  -0.143515  0.310094  0.100882  -0.0577251  0.100882  0.16557
0.308283  -0.143515  -0.0577251  -0.143515  0.310094  0.100882  -0.0577251  0.100882  0.16557
0.308288  -0.143537  -0.0577201  -0.143537  0.310125  0.10089  -0.0577201  0.10089  0.165569
0.308292  -0.143559  -0.0577152  -0.143559  0.310157  0.100897  -0.0577152  0.100897  0.165568
0.308297  -0.143581  -0.0577102  -0.143581  0.310188  0.100905  -0.0577102  0.100905  0.165568
0.308297  -0.143581  -0.0577102  -0.143581  0.310188  0.100905  -0.0577102  0.100905  0.165568
0.308318  -0.143632  -0.057703  -0.143632  0.310239  0.100913  -0.057703  0.100913  0.165562
0.308318  -0.143632  -0.057703  -0.143632  0.310239  0.100913  -0.057703  0.100913  0.165562
0.308318  -0.143647  -0.0576796  -0.143647  0.310258  0.100905  -0.0576796  0.100905  0.165554
0.308318  -0.143647  -0.0576796  -0.143647  0.310258  0.100905  -0.0576796  0.100905  0.165554
0.308322  -0.143683  -0.0576512  -0.143683  0.310308  0.100905  -0.0576512  0.100905  0.165546
0.308322  -0.143683  -0.0576512  -0.143683  0.310308  0.100905  -0.0576512  0.100905  0.165546
0.308321  -0.143697  -0.0576278  -0.143697  0.310327  0.100897  -0.0576278  0.100897  0.165539
0.308321  -0.143697  -0.0576278  -0.143697  0.310327  0.100897  -0.0576278  0.100897  0.165539
0.308333  -0.143718  -0.0576071  -0.143718  0.310334  0.100882  -0.0576071  0.100882  0.165527
0.308333  -0.143718  -0.0576071  -0.143718  0.310334  0.100882  -0.0576071  0.100882  0.165527
0.308337  -0.14374  -0.0576021  -0.14374  0.310365  0.100889  -0.0576021  0.100889  0.165526
0.308337  -0.14374  -0.0576021  -0.14374  0.310365  0.100889  -0.0576021  0.100889  0.165526
0.308349  -0.143761  -0.0575815  -0.143761  0.310372  0.100874  -0.0575815  0.100874  0.165515
0.308349  -0.143761  -0.0575815  -0.143761  0.310372  0.100874  -0.0575815  0.100874  0.165515
0.308354  -0.143783  -0.0575765  -0.143783  0.310404  0.100882  -0.0575765  0.100882  0.165514
0.308354  -0.143783  -0.0575765  -0.143783  0.310404  0.100882  -0.0575765  0.100882  0.165514
0.308349  -0.143776  -0.057558  -0.143776  0.310391  0.100866  -0.057558  0.100866  0.165507
0.308349  -0.143776  -0.057558  -0.143776  0.310391  0.100866  -0.057558  0.100866  0.165507
0.308366  -0.143804  -0.0575558  -0.143804  0.310411  0.100866  -0.0575558  0.100866  0.165502
0.308366  -0.143804  -0.0575558  -0.143804  0.310411  0.100866  -0.0575558  0.100866  0.165502
0.308361  -0.143797  -0.0575374  -0.143797  0.310398  0.100851  -0.0575374  0.100851  0.165496
0.308365  -0.143819  -0.0575324  -0.143819  0.31043  0.100858  -0.0575324  0.100858  0.165495
0.308365  -0.143819  -0.0575324  -0.143819  0.31043  0.100858  -0.0575324  0.100858  0.165495
0.30836  -0.143811  -0.057514  -0.143811  0.310417  0.100843  -0.057514  0.100843  0.165488
0.30836  -0.143811  -0.057514  -0.143811  0.310417  0.100843  -0.057514  0.100843  0.165488
0.308373  -0.143818  -0.0575167  -0.143818  0.310405  0.100835  -0.0575167  0.100835  0.165484
0.308368  -0.14381  -0.0574983  -0.14381  0.310392  0.10082  -0.0574983  0.10082  0.165478
0.308372  -0.143832  -0.0574933  -0.143832  0.310424  0.100828  -0.0574933  0.100828  0.165477
0.308372  -0.143832  -0.0574933  -0.143832  0.310424  0.100828  -0.0574933  0.100828  0.165477
0.30838  -0.143831  -0.0574776  -0.143831  0.310399  0.100805  -0.0574776  0.100805  0.165466
0.30838  -0.143831  -0.0574776  -0.143831  0.310399  0.100805  -0.0574776  0.100805  0.165466
0.30838  -0.143831  -0.0574776  -0.143831  0.310399  0.100805  -0.0574776  0.100805  0.165466
0.30838  -0.143831  -0.0574776  -0.143831  0.310399  0.100805  -0.0574776  0.100805  0.165466
0.30838  -0.143831  -0.0574776  -0.143831  0.310399  0.100805  -0.0574776  0.100805  0.165466
0.30838  -0.143831  -0.0574776  -0.143831  0.310399  0.100805  -0.0574776  0.100805  0.165466
0.308388  -0.14383  -0.057462  -0.14383  0.310375  0.100782  -0.057462  0.100782  0.165455
0.308388  -0.14383  -0.057462  -0.14383  0.310375  0.100782  -0.057462  0.100782  0.165455
0.308382  -0.143822  -0.0574436  -0.143822  0.310362  0.100766  -0.0574436  0.100766  0.165449
0.308382  -0.143822  -0.0574436  -0.143822  0.310362  0.100766  -0.0574436  0.100766  0.165449
0.308382  -0.143822  -0.0574436  -0.143822  0.310362  0.100766  -0.0574436  0.100766  0.165449
0.30839  -0.143821  -0.0574279  -0.143821  0.310337  0.100743  -0.0574279  0.100743  0.165438
0.30839  -0.143821  -0.0574279  -0.143821  0.310337  0.100743  -0.0574279  0.100743  0.165438
0.30838  -0.143791  -0.0574145  -0.143791  0.310293  0.10072  -0.0574145  0.10072  0.165433
0.30838  -0.143791  -0.0574145  -0.143791  0.310293  0.10072  -0.0574145  0.10072  0.165433
0.308375  -0.143783  -0.0573961  -0.143783  0.310281  0.100705  -0.0573961  0.100705  0.165426
0.308375  -0.143783  -0.0573961  -0.143783  0.310281  0.100705  -0.0573961  0.100705  0.165426
0.308375  -0.143783  -0.0573961  -0.143783  0.310281  0.100705  -0.0573961  0.100705  0.165426
0.30837  -0.143776  -0.0573776  -0.143776  0.310269  0.100689  -0.0573776  0.100689  0.16542
0.30837  -0.143776  -0.0573776  -0.143776  0.310269  0.100689  -0.0573776  0.100689  0.16542
0.308365  -0.143768  -0.0573592  -0.143768  0.310256  0.100674  -0.0573592  0.100674  0.165413
0.308365  -0.143768  -0.0573592  -0.143768  0.310256  0.100674  -0.0573592  0.100674  0.165413
0.308356  -0.143738  -0.0573458  -0.143738  0.310212  0.100651  -0.0573458  0.100651  0.165407
0.308356  -0.143738  -0.0573458  -0.143738  0.310212  0.100651  -0.0573458  0.100651  0.165407
0.308358  -0.143729  -0.0573118  -0.143729  0.310175  0.100612  -0.0573118  0.100612  0.16539
0.308358  -0.143729  -0.0573118  -0.143729  0.310175  0.100612  -0.0573118  0.100612  0.16539
0.308344  -0.143691  -0.05728  -0.143691  0.310119  0.100574  -0.05728  0.100574  0.165378
0.308344  -0.143691  -0.05728  -0.143691  0.310119  0.100574  -0.05728  0.100574  0.165378
0.308342  -0.14366  -0.0572509  -0.14366  0.31005  0.100528  -0.0572509  0.100528  0.165362
0.308342  -0.14366  -0.0572509  -0.14366  0.31005  0.100528  -0.0572509  0.100528  0.165362
0.308322  -0.143615  -0.0572008  -0.143615  0.309981  0.100474  -0.0572008  0.100474  0.165343
0.308322  -0.143615  -0.0572008  -0.143615  0.309981  0.100474  -0.0572008  0.100474  0.165343
0.308312  -0.143585  -0.0571874  -0.143585  0.309938  0.100451  -0.0571874  0.100451  0.165338
0.30831  -0.143554  -0.0571584  -0.143554  0.309869  0.100405  -0.0571584  0.100405  0.165322
0.30831  -0.143554  -0.0571584  -0.143554  0.309869  0.100405  -0.0571584  0.100405  0.165322
0.308286  -0.143487  -0.0571133  -0.143487  0.309769  0.100344  -0.0571133  0.100344  0.165304
0.308286  -0.143487  -0.0571133  -0.143487  0.309769  0.100344  -0.0571133  0.100344  0.165304
0.308272  -0.143449  -0.0570816  -0.143449  0.309713  0.100306  -0.0570816  0.100306  0.165292
0.308279  -0.143448  -0.057066  -0.143448  0.309688  0.100283  -0.057066  0.100283  0.165281
0.308265  -0.14341  -0.0570343  -0.14341  0.309632  0.100245  -0.0570343  0.100245  0.165269
0.308265  -0.14341  -0.0570343  -0.14341  0.309632  0.100245  -0.0570343  0.100245  0.165269
0.308241  -0.143343  -0.0569893  -0.143343  0.309532  0.100183  -0.0569893  0.100183  0.165252
0.308241  -0.143343  -0.0569893  -0.143343  0.309532  0.100183  -0.0569893  0.100183  0.165252
0.308226  -0.143305  -0.0569576  -0.143305  0.309476  0.100145  -0.0569576  0.100145  0.16524
0.308215  -0.143245  -0.0569154  -0.143245  0.309364  0.100077  -0.0569154  0.100077  0.165218
0.308215  -0.143245  -0.0569154  -0.143245  0.309364  0.100077  -0.0569154  0.100077  0.165218
0.308191  -0.143177  -0.0568705  -0.143177  0.309265  0.100016  -0.0568705  0.100016  0.165201
0.308191  -0.143177  -0.0568705  -0.143177  0.309265  0.100016  -0.0568705  0.100016  0.165201
0.308167  -0.14311  -0.0568256  -0.14311  0.309165  0.0999546  -0.0568256  0.0999546  0.165184
0.308162  -0.143102  -0.0568073  -0.143102  0.309153  0.0999393  -0.0568073  0.0999393  0.165177
0.308153  -0.143073  -0.056794  -0.143073  0.309109  0.0999165  -0.056794  0.0999165  0.165172
0.308129  -0.143005  -0.0567492  -0.143005  0.30901  0.0998555  -0.0567492  0.0998555  0.165155
0.308125  -0.142984  -0.0567542  -0.142984  0.308978  0.099848  -0.0567542  0.099848  0.165155
0.308113  -0.142937  -0.0566888  -0.142937  0.308886  0.0997719  -0.0566888  0.0997719  0.165127
0.308113  -0.142937  -0.0566888  -0.142937  0.308886  0.0997719  -0.0566888  0.0997719  0.165127
0.308103  -0.142908  -0.0566755  -0.142908  0.308842  0.0997491  -0.0566755  0.0997491  0.165121
0.308075  -0.142833  -0.0566125  -0.142833  0.308731  0.0996731  -0.0566125  0.0996731  0.165098
0.308083  -0.142818  -0.0566202  -0.142818  0.308687  0.0996581  -0.0566202  0.0996581  0.165094
0.308058  -0.142765  -0.0565522  -0.142765  0.308607  0.0995897  -0.0565522  0.0995897  0.16507
0.308058  -0.142765  -0.0565522  -0.142765  0.308607  0.0995897  -0.0565522  0.0995897  0.16507
0.308044  -0.142727  -0.0565207  -0.142727  0.308552  0.0995517  -0.0565207  0.0995517  0.165058
0.308028  -0.142659  -0.0564605  -0.142659  0.308428  0.0994684  -0.0564605  0.0994684  0.165031
0.308028  -0.142659  -0.0564605  -0.142659  0.308428  0.0994684  -0.0564605  0.0994684  0.165031
0.308012  -0.142592  -0.0564003  -0.142592  0.308305  0.0993852  -0.0564003  0.0993852  0.165003
0.308012  -0.142592  -0.0564003  -0.142592  0.308305  0.0993852  -0.0564003  0.0993852  0.165003
0.307996  -0.142524  -0.0563402  -0.142524  0.308181  0.099302  -0.0563402  0.099302  0.164976
0.307991  -0.142516  -0.056322  -0.142516  0.308169  0.0992869  -0.056322  0.0992869  0.16497
0.307977  -0.142479  -0.0562906  -0.142479  0.308114  0.0992491  -0.0562906  0.0992491  0.164958
0.30796  -0.142425  -0.0562073  -0.142425  0.308009  0.0991584  -0.0562073  0.0991584  0.164924
0.307951  -0.142396  -0.0561941  -0.142396  0.307966  0.0991358  -0.0561941  0.0991358  0.164919
0.307934  -0.142342  -0.0561109  -0.142342  0.307862  0.0990452  -0.0561109  0.0990452  0.164885
0.307929  -0.142334  -0.0560928  -0.142334  0.30785  0.0990301  -0.0560928  0.0990301  0.164878
0.307903  -0.142251  -0.0559965  -0.142251  0.307703  0.0989171  -0.0559965  0.0989171  0.164839
0.307903  -0.142251  -0.0559965  -0.142251  0.307703  0.0989171  -0.0559965  0.0989171  0.164839
0.307877  -0.142168  -0.0559004  -0.142168  0.307556  0.0988043  -0.0559004  0.0988043  0.1648
0.307877  -0.142168  -0.0559004  -0.142168  0.307556  0.0988043  -0.0559004  0.0988043  0.1648
0.307864  -0.142092  -0.0558069  -0.142092  0.307397  0.0986841  -0.0558069  0.0986841  0.164757
0.307859  -0.142084  -0.0557888  -0.142084  0.307384  0.0986691  -0.0557888  0.0986691  0.164751
0.307833  -0.142001  -0.0556928  -0.142001  0.307238  0.0985566  -0.0556928  0.0985566  0.164712
0.307833  -0.142001  -0.0556928  -0.142001  0.307238  0.0985566  -0.0556928  0.0985566  0.164712
0.307807  -0.141933  -0.0555738  -0.141933  0.30711  0.0984367  -0.0555738  0.0984367  0.164666
0.307803  -0.141911  -0.0555789  -0.141911  0.307079  0.0984293  -0.0555789  0.0984293  0.164667
0.307777  -0.141842  -0.05546  -0.141842  0.306952  0.0983095  -0.05546  0.0983095  0.164622
0.307768  -0.141813  -0.055447  -0.141813  0.306909  0.0982872  -0.055447  0.0982872  0.164617
0.307765  -0.141797  -0.0553954  -0.141797  0.30686  0.0982348  -0.0553954  0.0982348  0.164595
0.307726  -0.141677  -0.0552689  -0.141677  0.306659  0.0980856  -0.0552689  0.0980856  0.164545
0.307726  -0.141677  -0.0552689  -0.141677  0.306659  0.0980856  -0.0552689  0.0980856  0.164545
0.307691  -0.14158  -0.0551374  -0.14158  0.306489  0.0979441  -0.0551374  0.0979441  0.164495
0.307691  -0.14158  -0.0551374  -0.14158  0.306489  0.0979441  -0.0551374  0.0979441  0.164495
0.307635  -0.141446  -0.0549907  -0.141446  0.306289  0.0977882  -0.0549907  0.0977882  0.164445
0.30763  -0.141439  -0.0549727  -0.141439  0.306277  0.0977733  -0.0549727  0.0977733  0.164439
0.307586  -0.141312  -0.0548288  -0.141312  0.306066  0.0976103  -0.0548288  0.0976103  0.164385
0.307576  -0.141297  -0.0547929  -0.141297  0.306042  0.0975806  -0.0547929  0.0975806  0.164373
0.30757  -0.141259  -0.0547466  -0.141259  0.305963  0.0975213  -0.0547466  0.0975213  0.164353
0.307505  -0.141097  -0.0545878  -0.141097  0.305721  0.0973442  -0.0545878  0.0973442  0.164298
0.307495  -0.141082  -0.0545519  -0.141082  0.305698  0.0973147  -0.0545519  0.0973147  0.164287
0.307484  -0.141037  -0.0544879  -0.141037  0.305607  0.0972408  -0.0544879  0.0972408  0.16426
0.307436  -0.140903  -0.0543269  -0.140903  0.305384  0.0970642  -0.0543269  0.0970642  0.164202
0.307436  -0.140903  -0.0543269  -0.140903  0.305384  0.0970642  -0.0543269  0.0970642  0.164202
0.307372  -0.140742  -0.0541688  -0.140742  0.305144  0.0968882  -0.0541688  0.0968882  0.164148
0.307367  -0.140735  -0.054151  -0.140735  0.305132  0.0968735  -0.054151  0.0968735  0.164143
0.307324  -0.140609  -0.0540083  -0.140609  0.304922  0.0967123  -0.0540083  0.0967123  0.16409
0.30732  -0.140602  -0.0539905  -0.140602  0.304911  0.0966977  -0.0539905  0.0966977  0.164085
0.307264  -0.140426  -0.0538406  -0.140426  0.304629  0.0965079  -0.0538406  0.0965079  0.164028
0.307259  -0.140419  -0.0538228  -0.140419  0.304617  0.0964932  -0.0538228  0.0964932  0.164023
0.307236  -0.140367  -0.0537569  -0.140367  0.30454  0.0964277  -0.0537569  0.0964277  0.164002
0.30718  -0.140206  -0.0535845  -0.140206  0.304277  0.0962312  -0.0535845  0.0962312  0.16394
0.307172  -0.140177  -0.0535719  -0.140177  0.304235  0.0962094  -0.0535719  0.0962094  0.163935
0.307116  -0.140017  -0.0534  -0.140017  0.303973  0.0960135  -0.0534  0.0960135  0.163874
0.307107  -0.139988  -0.0533874  -0.139988  0.303931  0.0959918  -0.0533874  0.0959918  0.163869
0.307045  -0.139828  -0.0532311  -0.139828  0.303694  0.0958185  -0.0532311  0.0958185  0.163818
0.307036  -0.1398  -0.0532186  -0.1398  0.303652  0.0957969  -0.0532186  0.0957969  0.163813
0.307017  -0.139726  -0.0531429  -0.139726  0.303522  0.0957028  -0.0531429  0.0957028  0.163784
0.306955  -0.139567  -0.0529872  -0.139567  0.303285  0.0955301  -0.0529872  0.0955301  0.163733
0.306946  -0.139539  -0.0529747  -0.139539  0.303244  0.0955086  -0.0529747  0.0955086  0.163729
0.306892  -0.139365  -0.0528267  -0.139365  0.302966  0.0953218  -0.0528267  0.0953218  0.163675
0.306883  -0.13935  -0.0527915  -0.13935  0.302943  0.0952931  -0.0527915  0.0952931  0.163665
0.306834  -0.139185  -0.0526614  -0.139185  0.302677  0.0951212  -0.0526614  0.0951212  0.163617
0.306825  -0.139156  -0.052649  -0.139156  0.302635  0.0950998  -0.052649  0.0950998  0.163612
0.306772  -0.138983  -0.0525017  -0.138983  0.302359  0.094914  -0.0525017  0.094914  0.163559
0.306767  -0.138976  -0.0524842  -0.138976  0.302347  0.0948997  -0.0524842  0.0948997  0.163554
0.306741  -0.138904  -0.0524244  -0.138904  0.302242  0.0948286  -0.0524244  0.0948286  0.163535
0.306684  -0.138711  -0.0522826  -0.138711  0.301936  0.0946365  -0.0522826  0.0946365  0.163483
0.306646  -0.138604  -0.0521933  -0.138604  0.301779  0.0945301  -0.0521933  0.0945301  0.163455
0.306637  -0.138575  -0.052181  -0.138575  0.301738  0.0945089  -0.052181  0.0945089  0.16345
0.306585  -0.138404  -0.0520345  -0.138404  0.301463  0.0943246  -0.0520345  0.0943246  0.163399
0.306581  -0.138383  -0.0520397  -0.138383  0.301433  0.0943177  -0.0520397  0.0943177  0.163399
0.306555  -0.138312  -0.0519803  -0.138312  0.301329  0.0942471  -0.0519803  0.0942471  0.16338
0.306484  -0.138092  -0.0518424  -0.138092  0.301008  0.094057  -0.0518424  0.094057  0.163335
0.306453  -0.137971  -0.051761  -0.137971  0.30081  0.0939371  -0.051761  0.0939371  0.163303
0.306449  -0.137964  -0.0517436  -0.137964  0.300799  0.093923  -0.0517436  0.093923  0.163298
0.306378  -0.137745  -0.0516063  -0.137745  0.30048  0.0937338  -0.0516063  0.0937338  0.163253
0.30637  -0.137717  -0.0515941  -0.137717  0.300439  0.0937129  -0.0515941  0.0937129  0.163249
0.306345  -0.137633  -0.0515576  -0.137633  0.300318  0.09365  -0.0515576  0.09365  0.163236
0.306279  -0.137436  -0.0514155  -0.137436  0.300029  0.0934685  -0.0514155  0.0934685  0.163191
0.306271  -0.137408  -0.0514034  -0.137408  0.299989  0.0934476  -0.0514034  0.0934476  0.163187
0.306246  -0.137324  -0.051367  -0.137324  0.299868  0.0933849  -0.051367  0.0933849  0.163174
0.306172  -0.137099  -0.0512133  -0.137099  0.29954  0.0931833  -0.0512133  0.0931833  0.163125
0.306164  -0.137071  -0.0512012  -0.137071  0.2995  0.0931625  -0.0512012  0.0931625  0.163121
0.306087  -0.136813  -0.0510754  -0.136813  0.299127  0.0929616  -0.0510754  0.0929616  0.163079
0.306083  -0.136806  -0.0510582  -0.136806  0.299115  0.0929478  -0.0510582  0.0929478  0.163074
0.306007  -0.136549  -0.0509328  -0.136549  0.298744  0.0927475  -0.0509328  0.0927475  0.163032
0.305999  -0.136521  -0.0509208  -0.136521  0.298704  0.0927269  -0.0509208  0.0927269  0.163028
0.305919  -0.136257  -0.0507786  -0.136257  0.298322  0.0925135  -0.0507786  0.0925135  0.162982
0.305907  -0.136222  -0.0507494  -0.136222  0.298271  0.0924791  -0.0507494  0.0924791  0.162973
0.305871  -0.136104  -0.0506845  -0.136104  0.298101  0.092383  -0.0506845  0.092383  0.162952
0.305784  -0.135814  -0.050531  -0.135814  0.297681  0.0921502  -0.050531  0.0921502  0.162902
0.30578  -0.135807  -0.0505139  -0.135807  0.29767  0.0921365  -0.0505139  0.0921365  0.162898
0.305686  -0.135504  -0.0503268  -0.135504  0.297231  0.0918772  -0.0503268  0.0918772  0.162839
0.305678  -0.135476  -0.0503149  -0.135476  0.297191  0.0918568  -0.0503149  0.0918568  0.162836
0.305581  -0.135153  -0.0501336  -0.135153  0.296725  0.0915919  -0.0501336  0.0915919  0.162779
0.305573  -0.135126  -0.0501218  -0.135126  0.296686  0.0915715  -0.0501218  0.0915715  0.162775
0.305534  -0.135003  -0.0500406  -0.135003  0.296507  0.0914631  -0.0500406  0.0914631  0.16275
0.305434  -0.134675  -0.0498433  -0.134675  0.296033  0.0911862  -0.0498433  0.0911862  0.16269
0.305426  -0.134647  -0.0498315  -0.134647  0.295994  0.091166  -0.0498315  0.091166  0.162686
0.305335  -0.134334  -0.0496687  -0.134334  0.295544  0.0909172  -0.0496687  0.0909172  0.162635
0.305324  -0.1343  -0.0496401  -0.1343  0.295494  0.0908836  -0.0496401  0.0908836  0.162627
0.305216  -0.133942  -0.0494862  -0.133942  0.295002  0.0906299  -0.0494862  0.0906299  0.162582
0.305208  -0.133915  -0.0494746  -0.133915  0.294963  0.0906099  -0.0494746  0.0906099  0.162579
0.305105  -0.133536  -0.0493116  -0.133536  0.294423  0.0903298  -0.0493116  0.0903298  0.162526
0.305097  -0.133509  -0.0493  -0.133509  0.294385  0.0903099  -0.0493  0.0903099  0.162523
0.305046  -0.133362  -0.0492232  -0.133362  0.294194  0.0902043  -0.0492232  0.0902043  0.162504
0.304947  -0.133006  -0.049056  -0.133006  0.293685  0.0899326  -0.049056  0.0899326  0.162453
0.30494  -0.132979  -0.0490444  -0.132979  0.293647  0.0899127  -0.0490444  0.0899127  0.162449
0.304832  -0.132605  -0.0488978  -0.132605  0.293136  0.0896562  -0.0488978  0.0896562  0.162407
0.304815  -0.132573  -0.0488844  -0.132573  0.293111  0.0896438  -0.0488844  0.0896438  0.162408
0.304705  -0.132194  -0.0487217  -0.132194  0.292592  0.0893752  -0.0487217  0.0893752  0.162362
0.304697  -0.132168  -0.0487102  -0.132168  0.292554  0.0893555  -0.0487102  0.0893555  0.162359
0.304582  -0.13175  -0.0485585  -0.13175  0.291984  0.089075  -0.0485585  0.089075  0.162315
0.304568  -0.131697  -0.0485356  -0.131697  0.291909  0.0890358  -0.0485356  0.0890358  0.162308
0.304453  -0.131282  -0.0483846  -0.131282  0.291343  0.0887567  -0.0483846  0.0887567  0.162265
0.30445  -0.131275  -0.048368  -0.131275  0.291332  0.0887437  -0.048368  0.0887437  0.162261
0.304329  -0.130849  -0.0481846  -0.130849  0.290748  0.0884399  -0.0481846  0.0884399  0.162211
0.304322  -0.130822  -0.0481733  -0.130822  0.290711  0.0884205  -0.0481733  0.0884205  0.162208
0.304193  -0.130365  -0.047963  -0.130365  0.290083  0.0880861  -0.047963  0.0880861  0.162151
0.304186  -0.130339  -0.0479517  -0.130339  0.290047  0.0880668  -0.0479517  0.0880668  0.162148
0.304132  -0.13017  -0.047866  -0.13017  0.289827  0.0879458  -0.047866  0.0879458  0.162128
0.304  -0.129704  -0.0476932  -0.129704  0.289211  0.0876402  -0.0476932  0.0876402  0.162086
0.303993  -0.129678  -0.047682  -0.129678  0.289175  0.0876211  -0.047682  0.0876211  0.162083
0.303868  -0.129213  -0.0474954  -0.129213  0.288541  0.0872971  -0.0474954  0.0872971  0.162033
0.303859  -0.129167  -0.0474894  -0.129167  0.288478  0.0872716  -0.0474894  0.0872716  0.16203
0.30381  -0.129007  -0.0474208  -0.129007  0.288273  0.0871647  -0.0474208  0.0871647  0.162015
0.303684  -0.128566  -0.0472449  -0.128566  0.287693  0.0868693  -0.0472449  0.0868693  0.161974
0.303668  -0.128508  -0.0472065  -0.128508  0.28761  0.0868189  -0.0472065  0.0868189  0.161964
0.303541  -0.128063  -0.0470152  -0.128063  0.287024  0.0865127  -0.0470152  0.0865127  0.161921
0.303531  -0.128031  -0.046988  -0.128031  0.286979  0.0864813  -0.046988  0.0864813  0.161914
0.303491  -0.127858  -0.0469271  -0.127858  0.286738  0.0863621  -0.0469271  0.0863621  0.161896
0.303363  -0.127396  -0.0467422  -0.127396  0.286132  0.0860518  -0.0467422  0.0860518  0.161855
0.30335  -0.127345  -0.0467203  -0.127345  0.286061  0.0860144  -0.0467203  0.0860144  0.161849
0.303218  -0.126887  -0.0464832  -0.126887  0.285455  0.0856752  -0.0464832  0.0856752  0.161797
0.303209  -0.126842  -0.0464774  -0.126842  0.285395  0.0856503  -0.0464774  0.0856503  0.161794
0.303169  -0.126685  -0.0463961  -0.126685  0.285174  0.0855267  -0.0463961  0.0855267  0.161774
0.303046  -0.126228  -0.0462135  -0.126228  0.284578  0.0852205  -0.0462135  0.0852205  0.161734
0.303031  -0.126172  -0.0461759  -0.126172  0.284498  0.0851714  -0.0461759  0.0851714  0.161725
0.302913  -0.125698  -0.0459851  -0.125698  0.283859  0.0848414  -0.0459851  0.0848414  0.16168
0.302898  -0.125642  -0.0459477  -0.125642  0.28378  0.0847925  -0.0459477  0.0847925  0.161671
0.302851  -0.125469  -0.0458867  -0.125469  0.28356  0.0846837  -0.0458867  0.0846837  0.161659
0.302748  -0.125021  -0.0457605  -0.125021  0.282966  0.0844043  -0.0457605  0.0844043  0.161628
0.302742  -0.124996  -0.0457498  -0.124996  0.282931  0.0843861  -0.0457498  0.0843861  0.161625
0.302633  -0.124578  -0.0455299  -0.124578  0.282367  0.0840667  -0.0455299  0.0840667  0.161577
0.302627  -0.124553  -0.0455193  -0.124553  0.282333  0.0840485  -0.0455193  0.0840485  0.161575
0.302537  -0.124159  -0.0453491  -0.124159  0.281789  0.0837593  -0.0453491  0.0837593  0.161533
0.302532  -0.124134  -0.0453385  -0.124134  0.281755  0.0837412  -0.0453385  0.0837412  0.16153
0.302423  -0.123713  -0.0451048  -0.123713  0.281188  0.0834133  -0.0451048  0.0834133  0.161481
0.302412  -0.123664  -0.0450836  -0.123664  0.281121  0.0833774  -0.0450836  0.0833774  0.161476
0.302365  -0.123489  -0.0450083  -0.123489  0.280898  0.0832593  -0.0450083  0.0832593  0.161463
0.302267  -0.123075  -0.0447776  -0.123075  0.280324  0.0829267  -0.0447776  0.0829267  0.161411
