0.300405  -0.135634  -0.063451  -0.135634  0.315779  0.110033  -0.063451  0.110033  0.171674
0.300405  -0.135634  -0.063451  -0.135634  0.315779  0.110033  -0.063451  0.110033  0.171674
0.300405  -0.135634  -0.063451  -0.135634  0.315779  0.110033  -0.063451  0.110033  0.171674
0.300413  -0.13562  -0.0634592  -0.13562  0.315738  0.110018  -0.0634592  0.110018  0.171672
0.300413  -0.13562  -0.0634592  -0.13562  0.315738  0.110018  -0.0634592  0.110018  0.171672
0.300416  -0.135627  -0.0634774  -0.135627  0.315751  0.110034  -0.0634774  0.110034  0.17168
0.300416  -0.135627  -0.0634774  -0.135627  0.315751  0.110034  -0.0634774  0.110034  0.17168
0.300416  -0.135627  -0.0634774  -0.135627  0.315751  0.110034  -0.0634774  0.110034  0.17168
0.300406  -0.13562  -0.0634739  -0.13562  0.315762  0.110041  -0.0634739  0.110041  0.171684
0.300409  -0.135626  -0.0634921  -0.135626  0.315775  0.110057  -0.0634921  0.110057  0.171693
0.300409  -0.135626  -0.0634921  -0.135626  0.315775  0.110057  -0.0634921  0.110057  0.171693
0.300412  -0.135633  -0.0635102  -0.135633  0.315788  0.110073  -0.0635102  0.110073  0.171701
0.300412  -0.135633  -0.0635102  -0.135633  0.315788  0.110073  -0.0635102  0.110073  0.171701
0.300415  -0.13564  -0.0635284  -0.13564  0.315801  0.110089  -0.0635284  0.110089  0.171709
0.300415  -0.13564  -0.0635284  -0.13564  0.315801  0.110089  -0.0635284  0.110089  0.171709
0.300415  -0.13564  -0.0635284  -0.13564  0.315801  0.110089  -0.0635284  0.110089  0.171709
0.300418  -0.135646  -0.0635466  -0.135646  0.315813  0.110105  -0.0635466  0.110105  0.171718
0.300418  -0.135646  -0.0635466  -0.135646  0.315813  0.110105  -0.0635466  0.110105  0.171718
0.300422  -0.135653  -0.0635648  -0.135653  0.315826  0.110121  -0.0635648  0.110121  0.171726
0.300422  -0.135653  -0.0635648  -0.135653  0.315826  0.110121  -0.0635648  0.110121  0.171726
0.300425  -0.13566  -0.063583  -0.13566  0.315839  0.110137  -0.063583  0.110137  0.171734
0.300428  -0.135666  -0.0636012  -0.135666  0.315851  0.110153  -0.0636012  0.110153  0.171743
0.300418  -0.135659  -0.0635976  -0.135659  0.315863  0.110161  -0.0635976  0.110161  0.171747
0.300418  -0.135659  -0.0635976  -0.135659  0.315863  0.110161  -0.0635976  0.110161  0.171747
0.300421  -0.135666  -0.0636158  -0.135666  0.315876  0.110177  -0.0636158  0.110177  0.171755
0.300421  -0.135666  -0.0636158  -0.135666  0.315876  0.110177  -0.0636158  0.110177  0.171755
0.300421  -0.135666  -0.0636158  -0.135666  0.315876  0.110177  -0.0636158  0.110177  0.171755
0.300424  -0.135673  -0.063634  -0.135673  0.315889  0.110193  -0.063634  0.110193  0.171764
0.300424  -0.135673  -0.063634  -0.135673  0.315889  0.110193  -0.063634  0.110193  0.171764
0.300424  -0.135673  -0.063634  -0.135673  0.315889  0.110193  -0.063634  0.110193  0.171764
0.30043  -0.1357  -0.0636475  -0.1357  0.315931  0.110217  -0.0636475  0.110217  0.171771
0.30043  -0.1357  -0.0636475  -0.1357  0.315931  0.110217  -0.0636475  0.110217  0.171771
0.300433  -0.135706  -0.0636657  -0.135706  0.315944  0.110234  -0.0636657  0.110234  0.171779
0.300433  -0.135706  -0.0636657  -0.135706  0.315944  0.110234  -0.0636657  0.110234  0.171779
0.300433  -0.135706  -0.0636657  -0.135706  0.315944  0.110234  -0.0636657  0.110234  0.171779
0.300433  -0.135706  -0.0636657  -0.135706  0.315944  0.110234  -0.0636657  0.110234  0.171779
0.300433  -0.135706  -0.0636657  -0.135706  0.315944  0.110234  -0.0636657  0.110234  0.171779
0.300433  -0.135706  -0.0636657  -0.135706  0.315944  0.110234  -0.0636657  0.110234  0.171779
0.300436  -0.135713  -0.0636839  -0.135713  0.315957  0.11025  -0.0636839  0.11025  0.171788
0.300436  -0.135713  -0.0636839  -0.135713  0.315957  0.11025  -0.0636839  0.11025  0.171788
0.300436  -0.135713  -0.0636839  -0.135713  0.315957  0.11025  -0.0636839  0.11025  0.171788
0.300436  -0.135713  -0.0636839  -0.135713  0.315957  0.11025  -0.0636839  0.11025  0.171788
0.300436  -0.135713  -0.0636839  -0.135713  0.315957  0.11025  -0.0636839  0.11025  0.171788
0.300426  -0.135706  -0.0636804  -0.135706  0.315968  0.110257  -0.0636804  0.110257  0.171792
0.300426  -0.135706  -0.0636804  -0.135706  0.315968  0.110257  -0.0636804  0.110257  0.171792
0.300429  -0.135712  -0.0636986  -0.135712  0.315981  0.110273  -0.0636986  0.110273  0.1718
0.300429  -0.135712  -0.0636986  -0.135712  0.315981  0.110273  -0.0636986  0.110273  0.1718
0.300429  -0.135712  -0.0636986  -0.135712  0.315981  0.110273  -0.0636986  0.110273  0.1718
0.300429  -0.135712  -0.0636986  -0.135712  0.315981  0.110273  -0.0636986  0.110273  0.1718
0.300429  -0.135712  -0.0636986  -0.135712  0.315981  0.110273  -0.0636986  0.110273  0.1718
0.300429  -0.135712  -0.0636986  -0.135712  0.315981  0.110273  -0.0636986  0.110273  0.1718
0.300429  -0.135712  -0.0636986  -0.135712  0.315981  0.110273  -0.0636986  0.110273  0.1718
0.300429  -0.135712  -0.0636986  -0.135712  0.315981  0.110273  -0.0636986  0.110273  0.1718
0.300429  -0.135712  -0.0636986  -0.135712  0.315981  0.110273  -0.0636986  0.110273  0.1718
0.300429  -0.135712  -0.0636986  -0.135712  0.315981  0.110273  -0.0636986  0.110273  0.1718
0.300432  -0.135719  -0.0637168  -0.135719  0.315994  0.110289  -0.0637168  0.110289  0.171808
0.300432  -0.135719  -0.0637168  -0.135719  0.315994  0.110289  -0.0637168  0.110289  0.171808
0.300435  -0.135739  -0.0637121  -0.135739  0.316024  0.110298  -0.0637121  0.110298  0.171807
0.300435  -0.135739  -0.0637121  -0.135739  0.316024  0.110298  -0.0637121  0.110298  0.171807
0.300435  -0.135739  -0.0637121  -0.135739  0.316024  0.110298  -0.0637121  0.110298  0.171807
0.300425  -0.135732  -0.0637085  -0.135732  0.316036  0.110305  -0.0637085  0.110305  0.171811
0.300425  -0.135732  -0.0637085  -0.135732  0.316036  0.110305  -0.0637085  0.110305  0.171811
0.300425  -0.135732  -0.0637085  -0.135732  0.316036  0.110305  -0.0637085  0.110305  0.171811
0.300425  -0.135732  -0.0637085  -0.135732  0.316036  0.110305  -0.0637085  0.110305  0.171811
0.300425  -0.135732  -0.0637085  -0.135732  0.316036  0.110305  -0.0637085  0.110305  0.171811
0.300414  -0.135725  -0.063705  -0.135725  0.316047  0.110312  -0.063705  0.110312  0.171815
0.300414  -0.135725  -0.063705  -0.135725  0.316047  0.110312  -0.063705  0.110312  0.171815
0.300417  -0.135745  -0.0637003  -0.135745  0.316077  0.11032  -0.0637003  0.11032  0.171814
0.300417  -0.135745  -0.0637003  -0.135745  0.316077  0.11032  -0.0637003  0.11032  0.171814
0.300417  -0.135745  -0.0637003  -0.135745  0.316077  0.11032  -0.0637003  0.11032  0.171814
0.300407  -0.135738  -0.0636967  -0.135738  0.316089  0.110328  -0.0636967  0.110328  0.171818
0.300407  -0.135738  -0.0636967  -0.135738  0.316089  0.110328  -0.0636967  0.110328  0.171818
0.300397  -0.135731  -0.0636932  -0.135731  0.316101  0.110335  -0.0636932  0.110335  0.171822
0.300397  -0.135731  -0.0636932  -0.135731  0.316101  0.110335  -0.0636932  0.110335  0.171822
0.300399  -0.135751  -0.0636884  -0.135751  0.316131  0.110343  -0.0636884  0.110343  0.171821
0.300399  -0.135751  -0.0636884  -0.135751  0.316131  0.110343  -0.0636884  0.110343  0.171821
0.300389  -0.135744  -0.0636849  -0.135744  0.316143  0.11035  -0.0636849  0.11035  0.171825
0.300389  -0.135744  -0.0636849  -0.135744  0.316143  0.11035  -0.0636849  0.11035  0.171825
0.300389  -0.135744  -0.0636849  -0.135744  0.316143  0.11035  -0.0636849  0.11035  0.171825
0.300382  -0.135757  -0.0636766  -0.135757  0.316184  0.110366  -0.0636766  0.110366  0.171828
0.300382  -0.135757  -0.0636766  -0.135757  0.316184  0.110366  -0.0636766  0.110366  0.171828
0.300378  -0.135751  -0.0636584  -0.135751  0.316171  0.11035  -0.0636584  0.11035  0.171819
0.300378  -0.135751  -0.0636584  -0.135751  0.316171  0.11035  -0.0636584  0.11035  0.171819
0.300368  -0.135744  -0.0636549  -0.135744  0.316183  0.110357  -0.0636549  0.110357  0.171823
0.300368  -0.135744  -0.0636549  -0.135744  0.316183  0.110357  -0.0636549  0.110357  0.171823
0.300368  -0.135744  -0.0636549  -0.135744  0.316183  0.110357  -0.0636549  0.110357  0.171823
0.300368  -0.135744  -0.0636549  -0.135744  0.316183  0.110357  -0.0636549  0.110357  0.171823
0.300368  -0.135744  -0.0636549  -0.135744  0.316183  0.110357  -0.0636549  0.110357  0.171823
0.300368  -0.135744  -0.0636549  -0.135744  0.316183  0.110357  -0.0636549  0.110357  0.171823
0.300368  -0.135744  -0.0636549  -0.135744  0.316183  0.110357  -0.0636549  0.110357  0.171823
0.300368  -0.135744  -0.0636549  -0.135744  0.316183  0.110357  -0.0636549  0.110357  0.171823
0.300368  -0.135744  -0.0636549  -0.135744  0.316183  0.110357  -0.0636549  0.110357  0.171823
0.300368  -0.135744  -0.0636549  -0.135744  0.316183  0.110357  -0.0636549  0.110357  0.171823
0.300368  -0.135744  -0.0636549  -0.135744  0.316183  0.110357  -0.0636549  0.110357  0.171823
0.300371  -0.135764  -0.0636502  -0.135764  0.316213  0.110366  -0.0636502  0.110366  0.171822
0.300371  -0.135764  -0.0636502  -0.135764  0.316213  0.110366  -0.0636502  0.110366  0.171822
0.300371  -0.135764  -0.0636502  -0.135764  0.316213  0.110366  -0.0636502  0.110366  0.171822
0.300371  -0.135764  -0.0636502  -0.135764  0.316213  0.110366  -0.0636502  0.110366  0.171822
0.300371  -0.135764  -0.0636502  -0.135764  0.316213  0.110366  -0.0636502  0.110366  0.171822
0.300368  -0.135744  -0.0636549  -0.135744  0.316183  0.110357  -0.0636549  0.110357  0.171823
0.300368  -0.135744  -0.0636549  -0.135744  0.316183  0.110357  -0.0636549  0.110357  0.171823
0.300368  -0.135744  -0.0636549  -0.135744  0.316183  0.110357  -0.0636549  0.110357  0.171823
0.300368  -0.135744  -0.0636549  -0.135744  0.316183  0.110357  -0.0636549  0.110357  0.171823
0.300368  -0.135744  -0.0636549  -0.135744  0.316183  0.110357  -0.0636549  0.110357  0.171823
0.300368  -0.135744  -0.0636549  -0.135744  0.316183  0.110357  -0.0636549  0.110357  0.171823
0.300368  -0.135744  -0.0636549  -0.135744  0.316183  0.110357  -0.0636549  0.110357  0.171823
0.300378  -0.135751  -0.0636584  -0.135751  0.316171  0.11035  -0.0636584  0.11035  0.171819
0.300378  -0.135751  -0.0636584  -0.135751  0.316171  0.11035  -0.0636584  0.11035  0.171819
0.300378  -0.135751  -0.0636584  -0.135751  0.316171  0.11035  -0.0636584  0.11035  0.171819
0.300378  -0.135751  -0.0636584  -0.135751  0.316171  0.11035  -0.0636584  0.11035  0.171819
0.300378  -0.135751  -0.0636584  -0.135751  0.316171  0.11035  -0.0636584  0.11035  0.171819
0.300378  -0.135751  -0.0636584  -0.135751  0.316171  0.11035  -0.0636584  0.11035  0.171819
0.300389  -0.135758  -0.063662  -0.135758  0.31616  0.110343  -0.063662  0.110343  0.171815
0.300389  -0.135758  -0.063662  -0.135758  0.31616  0.110343  -0.063662  0.110343  0.171815
0.300386  -0.135738  -0.0636667  -0.135738  0.31613  0.110334  -0.0636667  0.110334  0.171817
0.300386  -0.135738  -0.0636667  -0.135738  0.31613  0.110334  -0.0636667  0.110334  0.171817
0.300386  -0.135738  -0.0636667  -0.135738  0.31613  0.110334  -0.0636667  0.110334  0.171817
0.300396  -0.135745  -0.0636702  -0.135745  0.316118  0.110327  -0.0636702  0.110327  0.171812
0.300396  -0.135745  -0.0636702  -0.135745  0.316118  0.110327  -0.0636702  0.110327  0.171812
0.300396  -0.135745  -0.0636702  -0.135745  0.316118  0.110327  -0.0636702  0.110327  0.171812
0.300396  -0.135745  -0.0636702  -0.135745  0.316118  0.110327  -0.0636702  0.110327  0.171812
0.300407  -0.135752  -0.0636738  -0.135752  0.316106  0.11032  -0.0636738  0.11032  0.171808
0.300407  -0.135752  -0.0636738  -0.135752  0.316106  0.11032  -0.0636738  0.11032  0.171808
0.300407  -0.135752  -0.0636738  -0.135752  0.316106  0.11032  -0.0636738  0.11032  0.171808
0.300417  -0.135759  -0.0636773  -0.135759  0.316094  0.110313  -0.0636773  0.110313  0.171804
0.300417  -0.135759  -0.0636773  -0.135759  0.316094  0.110313  -0.0636773  0.110313  0.171804
0.300428  -0.135766  -0.0636809  -0.135766  0.316082  0.110306  -0.0636809  0.110306  0.1718
0.300428  -0.135766  -0.0636809  -0.135766  0.316082  0.110306  -0.0636809  0.110306  0.1718
0.300428  -0.135766  -0.0636809  -0.135766  0.316082  0.110306  -0.0636809  0.110306  0.1718
0.300441  -0.135794  -0.0636797  -0.135794  0.3161  0.110307  -0.0636797  0.110307  0.171795
0.300441  -0.135794  -0.0636797  -0.135794  0.3161  0.110307  -0.0636797  0.110307  0.171795
0.300441  -0.135794  -0.0636797  -0.135794  0.3161  0.110307  -0.0636797  0.110307  0.171795
0.300441  -0.135794  -0.0636797  -0.135794  0.3161  0.110307  -0.0636797  0.110307  0.171795
0.300441  -0.135794  -0.0636797  -0.135794  0.3161  0.110307  -0.0636797  0.110307  0.171795
0.300444  -0.1358  -0.0636979  -0.1358  0.316113  0.110323  -0.0636979  0.110323  0.171803
0.300444  -0.1358  -0.0636979  -0.1358  0.316113  0.110323  -0.0636979  0.110323  0.171803
0.300444  -0.1358  -0.0636979  -0.1358  0.316113  0.110323  -0.0636979  0.110323  0.171803
0.300444  -0.1358  -0.0636979  -0.1358  0.316113  0.110323  -0.0636979  0.110323  0.171803
0.300444  -0.1358  -0.0636979  -0.1358  0.316113  0.110323  -0.0636979  0.110323  0.171803
0.300444  -0.1358  -0.0636979  -0.1358  0.316113  0.110323  -0.0636979  0.110323  0.171803
0.300444  -0.1358  -0.0636979  -0.1358  0.316113  0.110323  -0.0636979  0.110323  0.171803
0.300444  -0.1358  -0.0636979  -0.1358  0.316113  0.110323  -0.0636979  0.110323  0.171803
0.300434  -0.135793  -0.0636943  -0.135793  0.316125  0.11033  -0.0636943  0.11033  0.171807
0.300434  -0.135793  -0.0636943  -0.135793  0.316125  0.11033  -0.0636943  0.11033  0.171807
0.300434  -0.135793  -0.0636943  -0.135793  0.316125  0.11033  -0.0636943  0.11033  0.171807
0.300434  -0.135793  -0.0636943  -0.135793  0.316125  0.11033  -0.0636943  0.11033  0.171807
0.300434  -0.135793  -0.0636943  -0.135793  0.316125  0.11033  -0.0636943  0.11033  0.171807
0.300434  -0.135793  -0.0636943  -0.135793  0.316125  0.11033  -0.0636943  0.11033  0.171807
0.300434  -0.135793  -0.0636943  -0.135793  0.316125  0.11033  -0.0636943  0.11033  0.171807
0.300423  -0.135786  -0.0636908  -0.135786  0.316137  0.110338  -0.0636908  0.110338  0.171811
0.300423  -0.135786  -0.0636908  -0.135786  0.316137  0.110338  -0.0636908  0.110338  0.171811
0.300423  -0.135786  -0.0636908  -0.135786  0.316137  0.110338  -0.0636908  0.110338  0.171811
0.300423  -0.135786  -0.0636908  -0.135786  0.316137  0.110338  -0.0636908  0.110338  0.171811
0.300423  -0.135786  -0.0636908  -0.135786  0.316137  0.110338  -0.0636908  0.110338  0.171811
0.300423  -0.135786  -0.0636908  -0.135786  0.316137  0.110338  -0.0636908  0.110338  0.171811
0.30041  -0.135772  -0.0636691  -0.135772  0.316136  0.110329  -0.0636691  0.110329  0.171807
0.30041  -0.135772  -0.0636691  -0.135772  0.316136  0.110329  -0.0636691  0.110329  0.171807
0.30041  -0.135772  -0.0636691  -0.135772  0.316136  0.110329  -0.0636691  0.110329  0.171807
0.30041  -0.135772  -0.0636691  -0.135772  0.316136  0.110329  -0.0636691  0.110329  0.171807
0.30041  -0.135772  -0.0636691  -0.135772  0.316136  0.110329  -0.0636691  0.110329  0.171807
0.30041  -0.135772  -0.0636691  -0.135772  0.316136  0.110329  -0.0636691  0.110329  0.171807
0.30041  -0.135772  -0.0636691  -0.135772  0.316136  0.110329  -0.0636691  0.110329  0.171807
0.30041  -0.135772  -0.0636691  -0.135772  0.316136  0.110329  -0.0636691  0.110329  0.171807
0.30041  -0.135772  -0.0636691  -0.135772  0.316136  0.110329  -0.0636691  0.110329  0.171807
0.30041  -0.135772  -0.0636691  -0.135772  0.316136  0.110329  -0.0636691  0.110329  0.171807
0.30041  -0.135772  -0.0636691  -0.135772  0.316136  0.110329  -0.0636691  0.110329  0.171807
0.30041  -0.135772  -0.0636691  -0.135772  0.316136  0.110329  -0.0636691  0.110329  0.171807
0.30041  -0.135772  -0.0636691  -0.135772  0.316136  0.110329  -0.0636691  0.110329  0.171807
0.30041  -0.135772  -0.0636691  -0.135772  0.316136  0.110329  -0.0636691  0.110329  0.171807
0.30041  -0.135772  -0.0636691  -0.135772  0.316136  0.110329  -0.0636691  0.110329  0.171807
0.30041  -0.135772  -0.0636691  -0.135772  0.316136  0.110329  -0.0636691  0.110329  0.171807
0.30041  -0.135772  -0.0636691  -0.135772  0.316136  0.110329  -0.0636691  0.110329  0.171807
0.30041  -0.135772  -0.0636691  -0.135772  0.316136  0.110329  -0.0636691  0.110329  0.171807
0.30041  -0.135772  -0.0636691  -0.135772  0.316136  0.110329  -0.0636691  0.110329  0.171807
0.30041  -0.135772  -0.0636691  -0.135772  0.316136  0.110329  -0.0636691  0.110329  0.171807
0.30041  -0.135772  -0.0636691  -0.135772  0.316136  0.110329  -0.0636691  0.110329  0.171807
0.30041  -0.135772  -0.0636691  -0.135772  0.316136  0.110329  -0.0636691  0.110329  0.171807
0.30041  -0.135772  -0.0636691  -0.135772  0.316136  0.110329  -0.0636691  0.110329  0.171807
0.30041  -0.135772  -0.0636691  -0.135772  0.316136  0.110329  -0.0636691  0.110329  0.171807
0.30041  -0.135772  -0.0636691  -0.135772  0.316136  0.110329  -0.0636691  0.110329  0.171807
0.300413  -0.135793  -0.0636643  -0.135793  0.316166  0.110337  -0.0636643  0.110337  0.171806
0.300413  -0.135793  -0.0636643  -0.135793  0.316166  0.110337  -0.0636643  0.110337  0.171806
0.300413  -0.135793  -0.0636643  -0.135793  0.316166  0.110337  -0.0636643  0.110337  0.171806
0.300413  -0.135793  -0.0636643  -0.135793  0.316166  0.110337  -0.0636643  0.110337  0.171806
0.300413  -0.135793  -0.0636643  -0.135793  0.316166  0.110337  -0.0636643  0.110337  0.171806
0.300413  -0.135793  -0.0636643  -0.135793  0.316166  0.110337  -0.0636643  0.110337  0.171806
0.300413  -0.135793  -0.0636643  -0.135793  0.316166  0.110337  -0.0636643  0.110337  0.171806
0.300413  -0.135793  -0.0636643  -0.135793  0.316166  0.110337  -0.0636643  0.110337  0.171806
0.300413  -0.135793  -0.0636643  -0.135793  0.316166  0.110337  -0.0636643  0.110337  0.171806
0.300402  -0.135785  -0.0636608  -0.135785  0.316178  0.110344  -0.0636608  0.110344  0.17181
0.300402  -0.135785  -0.0636608  -0.135785  0.316178  0.110344  -0.0636608  0.110344  0.17181
0.300402  -0.135785  -0.0636608  -0.135785  0.316178  0.110344  -0.0636608  0.110344  0.17181
0.300402  -0.135785  -0.0636608  -0.135785  0.316178  0.110344  -0.0636608  0.110344  0.17181
0.300402  -0.135785  -0.0636608  -0.135785  0.316178  0.110344  -0.0636608  0.110344  0.17181
0.300402  -0.135785  -0.0636608  -0.135785  0.316178  0.110344  -0.0636608  0.110344  0.17181
0.300402  -0.135785  -0.0636608  -0.135785  0.316178  0.110344  -0.0636608  0.110344  0.17181
0.300402  -0.135785  -0.0636608  -0.135785  0.316178  0.110344  -0.0636608  0.110344  0.17181
0.300395  -0.135799  -0.0636525  -0.135799  0.316219  0.11036  -0.0636525  0.11036  0.171813
0.300395  -0.135799  -0.0636525  -0.135799  0.316219  0.11036  -0.0636525  0.11036  0.171813
0.300395  -0.135799  -0.0636525  -0.135799  0.316219  0.11036  -0.0636525  0.11036  0.171813
0.300395  -0.135799  -0.0636525  -0.135799  0.316219  0.11036  -0.0636525  0.11036  0.171813
0.300384  -0.135792  -0.063649  -0.135792  0.316231  0.110367  -0.063649  0.110367  0.171817
0.300384  -0.135792  -0.063649  -0.135792  0.316231  0.110367  -0.063649  0.110367  0.171817
0.300384  -0.135792  -0.063649  -0.135792  0.316231  0.110367  -0.063649  0.110367  0.171817
0.300384  -0.135792  -0.063649  -0.135792  0.316231  0.110367  -0.063649  0.110367  0.171817
0.300384  -0.135792  -0.063649  -0.135792  0.316231  0.110367  -0.063649  0.110367  0.171817
0.300384  -0.135792  -0.063649  -0.135792  0.316231  0.110367  -0.063649  0.110367  0.171817
0.300384  -0.135792  -0.063649  -0.135792  0.316231  0.110367  -0.063649  0.110367  0.171817
0.300374  -0.135784  -0.0636454  -0.135784  0.316243  0.110374  -0.0636454  0.110374  0.171821
0.300377  -0.135805  -0.0636407  -0.135805  0.316273  0.110383  -0.0636407  0.110383  0.171819
0.300377  -0.135805  -0.0636407  -0.135805  0.316273  0.110383  -0.0636407  0.110383  0.171819
0.300377  -0.135805  -0.0636407  -0.135805  0.316273  0.110383  -0.0636407  0.110383  0.171819
0.300377  -0.135805  -0.0636407  -0.135805  0.316273  0.110383  -0.0636407  0.110383  0.171819
0.300377  -0.135805  -0.0636407  -0.135805  0.316273  0.110383  -0.0636407  0.110383  0.171819
0.300377  -0.135805  -0.0636407  -0.135805  0.316273  0.110383  -0.0636407  0.110383  0.171819
0.300377  -0.135805  -0.0636407  -0.135805  0.316273  0.110383  -0.0636407  0.110383  0.171819
0.300377  -0.135805  -0.0636407  -0.135805  0.316273  0.110383  -0.0636407  0.110383  0.171819
0.300377  -0.135805  -0.0636407  -0.135805  0.316273  0.110383  -0.0636407  0.110383  0.171819
0.300377  -0.135805  -0.0636407  -0.135805  0.316273  0.110383  -0.0636407  0.110383  0.171819
0.300377  -0.135805  -0.0636407  -0.135805  0.316273  0.110383  -0.0636407  0.110383  0.171819
0.300377  -0.135805  -0.0636407  -0.135805  0.316273  0.110383  -0.0636407  0.110383  0.171819
0.300377  -0.135805  -0.0636407  -0.135805  0.316273  0.110383  -0.0636407  0.110383  0.171819
0.300366  -0.135798  -0.0636371  -0.135798  0.316285  0.11039  -0.0636371  0.11039  0.171824
0.300363  -0.135791  -0.0636189  -0.135791  0.316272  0.110374  -0.0636189  0.110374  0.171815
0.300363  -0.135791  -0.0636189  -0.135791  0.316272  0.110374  -0.0636189  0.110374  0.171815
0.300363  -0.135791  -0.0636189  -0.135791  0.316272  0.110374  -0.0636189  0.110374  0.171815
0.300363  -0.135791  -0.0636189  -0.135791  0.316272  0.110374  -0.0636189  0.110374  0.171815
0.300363  -0.135791  -0.0636189  -0.135791  0.316272  0.110374  -0.0636189  0.110374  0.171815
0.300363  -0.135791  -0.0636189  -0.135791  0.316272  0.110374  -0.0636189  0.110374  0.171815
0.300363  -0.135791  -0.0636189  -0.135791  0.316272  0.110374  -0.0636189  0.110374  0.171815
0.300353  -0.135784  -0.0636154  -0.135784  0.316284  0.110381  -0.0636154  0.110381  0.171819
0.300353  -0.135784  -0.0636154  -0.135784  0.316284  0.110381  -0.0636154  0.110381  0.171819
0.300353  -0.135784  -0.0636154  -0.135784  0.316284  0.110381  -0.0636154  0.110381  0.171819
0.300356  -0.135804  -0.0636107  -0.135804  0.316314  0.110389  -0.0636107  0.110389  0.171818
0.300356  -0.135804  -0.0636107  -0.135804  0.316314  0.110389  -0.0636107  0.110389  0.171818
0.300356  -0.135804  -0.0636107  -0.135804  0.316314  0.110389  -0.0636107  0.110389  0.171818
0.300356  -0.135804  -0.0636107  -0.135804  0.316314  0.110389  -0.0636107  0.110389  0.171818
0.300356  -0.135804  -0.0636107  -0.135804  0.316314  0.110389  -0.0636107  0.110389  0.171818
0.300356  -0.135804  -0.0636107  -0.135804  0.316314  0.110389  -0.0636107  0.110389  0.171818
0.300356  -0.135804  -0.0636107  -0.135804  0.316314  0.110389  -0.0636107  0.110389  0.171818
0.300356  -0.135804  -0.0636107  -0.135804  0.316314  0.110389  -0.0636107  0.110389  0.171818
0.300356  -0.135804  -0.0636107  -0.135804  0.316314  0.110389  -0.0636107  0.110389  0.171818
0.300345  -0.135797  -0.0636071  -0.135797  0.316325  0.110396  -0.0636071  0.110396  0.171822
0.300348  -0.135817  -0.0636024  -0.135817  0.316355  0.110405  -0.0636024  0.110405  0.171821
0.300348  -0.135817  -0.0636024  -0.135817  0.316355  0.110405  -0.0636024  0.110405  0.171821
0.300348  -0.135817  -0.0636024  -0.135817  0.316355  0.110405  -0.0636024  0.110405  0.171821
0.300348  -0.135817  -0.0636024  -0.135817  0.316355  0.110405  -0.0636024  0.110405  0.171821
0.300348  -0.135817  -0.0636024  -0.135817  0.316355  0.110405  -0.0636024  0.110405  0.171821
0.300348  -0.135817  -0.0636024  -0.135817  0.316355  0.110405  -0.0636024  0.110405  0.171821
0.300351  -0.135838  -0.0635976  -0.135838  0.316385  0.110414  -0.0635976  0.110414  0.171819
0.300351  -0.135838  -0.0635976  -0.135838  0.316385  0.110414  -0.0635976  0.110414  0.171819
0.300351  -0.135838  -0.0635976  -0.135838  0.316385  0.110414  -0.0635976  0.110414  0.171819
0.300351  -0.135838  -0.0635976  -0.135838  0.316385  0.110414  -0.0635976  0.110414  0.171819
0.300354  -0.135858  -0.0635929  -0.135858  0.316415  0.110422  -0.0635929  0.110422  0.171818
0.300354  -0.135858  -0.0635929  -0.135858  0.316415  0.110422  -0.0635929  0.110422  0.171818
0.300354  -0.135858  -0.0635929  -0.135858  0.316415  0.110422  -0.0635929  0.110422  0.171818
0.300357  -0.135878  -0.0635882  -0.135878  0.316445  0.110431  -0.0635882  0.110431  0.171817
0.300357  -0.135878  -0.0635882  -0.135878  0.316445  0.110431  -0.0635882  0.110431  0.171817
0.30036  -0.135899  -0.0635834  -0.135899  0.316475  0.110439  -0.0635834  0.110439  0.171815
0.300363  -0.135919  -0.0635787  -0.135919  0.316504  0.110448  -0.0635787  0.110448  0.171814
0.300363  -0.135919  -0.0635787  -0.135919  0.316504  0.110448  -0.0635787  0.110448  0.171814
0.300366  -0.135939  -0.0635739  -0.135939  0.316534  0.110456  -0.0635739  0.110456  0.171813
0.300366  -0.135939  -0.0635739  -0.135939  0.316534  0.110456  -0.0635739  0.110456  0.171813
0.300379  -0.135967  -0.0635728  -0.135967  0.316552  0.110458  -0.0635728  0.110458  0.171807
0.300382  -0.135987  -0.063568  -0.135987  0.316582  0.110466  -0.063568  0.110466  0.171806
0.300382  -0.135987  -0.063568  -0.135987  0.316582  0.110466  -0.063568  0.110466  0.171806
0.300382  -0.136001  -0.0635451  -0.136001  0.316599  0.110459  -0.0635451  0.110459  0.171796
0.300382  -0.136001  -0.0635451  -0.136001  0.316599  0.110459  -0.0635451  0.110459  0.171796
0.300387  -0.136042  -0.0635356  -0.136042  0.316659  0.110476  -0.0635356  0.110476  0.171794
0.300387  -0.136042  -0.0635356  -0.136042  0.316659  0.110476  -0.0635356  0.110476  0.171794
0.30039  -0.136062  -0.0635308  -0.136062  0.316689  0.110484  -0.0635308  0.110484  0.171792
0.300393  -0.136083  -0.0635261  -0.136083  0.316719  0.110493  -0.0635261  0.110493  0.171791
0.300393  -0.136083  -0.0635261  -0.136083  0.316719  0.110493  -0.0635261  0.110493  0.171791
0.300396  -0.136117  -0.0634984  -0.136117  0.316766  0.110494  -0.0634984  0.110494  0.17178
0.300399  -0.136137  -0.0634936  -0.136137  0.316796  0.110503  -0.0634936  0.110503  0.171779
0.300399  -0.136137  -0.0634936  -0.136137  0.316796  0.110503  -0.0634936  0.110503  0.171779
0.300401  -0.136171  -0.0634659  -0.136171  0.316843  0.110504  -0.0634659  0.110504  0.171768
0.300401  -0.136171  -0.0634659  -0.136171  0.316843  0.110504  -0.0634659  0.110504  0.171768
0.300404  -0.136206  -0.0634382  -0.136206  0.316891  0.110504  -0.0634382  0.110504  0.171757
0.300404  -0.136206  -0.0634382  -0.136206  0.316891  0.110504  -0.0634382  0.110504  0.171757
0.30042  -0.136254  -0.0634322  -0.136254  0.316939  0.110514  -0.0634322  0.110514  0.17175
0.30042  -0.136254  -0.0634322  -0.136254  0.316939  0.110514  -0.0634322  0.110514  0.17175
0.300423  -0.136288  -0.0634045  -0.136288  0.316986  0.110515  -0.0634045  0.110515  0.171739
0.300423  -0.136302  -0.0633815  -0.136302  0.317003  0.110508  -0.0633815  0.110508  0.171729
0.300426  -0.136322  -0.0633768  -0.136322  0.317033  0.110516  -0.0633768  0.110516  0.171728
0.300439  -0.136363  -0.0633526  -0.136363  0.317069  0.11051  -0.0633526  0.11051  0.171713
0.300442  -0.136384  -0.0633478  -0.136384  0.317099  0.110519  -0.0633478  0.110519  0.171711
0.300438  -0.136377  -0.0633296  -0.136377  0.317086  0.110503  -0.0633296  0.110503  0.171703
0.300451  -0.136419  -0.0633054  -0.136419  0.317121  0.110496  -0.0633054  0.110496  0.171688
0.300451  -0.136419  -0.0633054  -0.136419  0.317121  0.110496  -0.0633054  0.110496  0.171688
0.300468  -0.13648  -0.0632765  -0.13648  0.317187  0.110499  -0.0632765  0.110499  0.171672
0.300468  -0.13648  -0.0632765  -0.13648  0.317187  0.110499  -0.0632765  0.110499  0.171672
0.300481  -0.136522  -0.0632523  -0.136522  0.317223  0.110493  -0.0632523  0.110493  0.171657
0.300494  -0.136563  -0.0632281  -0.136563  0.317258  0.110486  -0.0632281  0.110486  0.171642
0.300494  -0.136563  -0.0632281  -0.136563  0.317258  0.110486  -0.0632281  0.110486  0.171642
0.300507  -0.136619  -0.0631809  -0.136619  0.317311  0.110473  -0.0631809  0.110473  0.171617
0.30052  -0.13666  -0.0631567  -0.13666  0.317347  0.110466  -0.0631567  0.110466  0.171602
0.30052  -0.13666  -0.0631567  -0.13666  0.317347  0.110466  -0.0631567  0.110466  0.171602
0.30053  -0.136695  -0.0631142  -0.136695  0.31737  0.110444  -0.0631142  0.110444  0.171579
0.300533  -0.136715  -0.0631095  -0.136715  0.3174  0.110453  -0.0631095  0.110453  0.171577
0.300543  -0.13675  -0.063067  -0.13675  0.317423  0.11043  -0.063067  0.11043  0.171554
0.300545  -0.136771  -0.0630622  -0.136771  0.317453  0.110439  -0.0630622  0.110439  0.171553
0.300555  -0.136805  -0.0630198  -0.136805  0.317476  0.110416  -0.0630198  0.110416  0.17153
0.300565  -0.13684  -0.0629773  -0.13684  0.3175  0.110394  -0.0629773  0.110394  0.171506
0.300568  -0.136861  -0.0629726  -0.136861  0.31753  0.110402  -0.0629726  0.110402  0.171505
0.300581  -0.136916  -0.0629253  -0.136916  0.317583  0.110389  -0.0629253  0.110389  0.171481
0.300581  -0.136916  -0.0629253  -0.136916  0.317583  0.110389  -0.0629253  0.110389  0.171481
0.300591  -0.136965  -0.0628599  -0.136965  0.317624  0.110359  -0.0628599  0.110359  0.171448
0.300601  -0.137  -0.0628174  -0.137  0.317647  0.110336  -0.0628174  0.110336  0.171425
0.300601  -0.137  -0.0628174  -0.137  0.317647  0.110336  -0.0628174  0.110336  0.171425
0.30061  -0.137048  -0.062752  -0.137048  0.317688  0.110306  -0.062752  0.110306  0.171393
0.30061  -0.137048  -0.062752  -0.137048  0.317688  0.110306  -0.062752  0.110306  0.171393
0.300633  -0.137125  -0.0626852  -0.137125  0.317747  0.110278  -0.0626852  0.110278  0.171355
0.300643  -0.137159  -0.0626427  -0.137159  0.317771  0.110255  -0.0626427  0.110255  0.171332
0.300643  -0.137159  -0.0626427  -0.137159  0.317771  0.110255  -0.0626427  0.110255  0.171332
0.300656  -0.137229  -0.0625725  -0.137229  0.317842  0.110234  -0.0625725  0.110234  0.171298
0.300656  -0.137229  -0.0625725  -0.137229  0.317842  0.110234  -0.0625725  0.110234  0.171298
0.300673  -0.137278  -0.0624923  -0.137278  0.317859  0.11018  -0.0624923  0.11018  0.171254
0.300686  -0.137333  -0.062445  -0.137333  0.317913  0.110166  -0.062445  0.110166  0.17123
0.300686  -0.137333  -0.062445  -0.137333  0.317913  0.110166  -0.062445  0.110166  0.17123
0.300692  -0.137375  -0.0623613  -0.137375  0.317941  0.11012  -0.0623613  0.11012  0.171189
0.300695  -0.137396  -0.0623565  -0.137396  0.317972  0.110129  -0.0623565  0.110129  0.171188
0.300715  -0.137452  -0.0622945  -0.137452  0.318001  0.110092  -0.0622945  0.110092  0.171152
0.300722  -0.13748  -0.0622338  -0.13748  0.318012  0.110053  -0.0622338  0.110053  0.171121
0.300725  -0.1375  -0.062229  -0.1375  0.318043  0.110062  -0.062229  0.110062  0.17112
0.300734  -0.137549  -0.0621635  -0.137549  0.318084  0.110031  -0.0621635  0.110031  0.171088
0.300745  -0.137556  -0.062167  -0.137556  0.318072  0.110024  -0.062167  0.110024  0.171084
0.300754  -0.137619  -0.0620785  -0.137619  0.318132  0.109987  -0.0620785  0.109987  0.171043
0.300767  -0.137674  -0.0620311  -0.137674  0.318186  0.109973  -0.0620311  0.109973  0.171019
0.300764  -0.137668  -0.062013  -0.137668  0.318173  0.109957  -0.062013  0.109957  0.171011
0.300776  -0.137737  -0.0619426  -0.137737  0.318246  0.109935  -0.0619426  0.109935  0.170978
0.300783  -0.137738  -0.0619279  -0.137738  0.318221  0.109912  -0.0619279  0.109912  0.170966
0.300796  -0.137821  -0.0618345  -0.137821  0.318312  0.109882  -0.0618345  0.109882  0.170924
0.300809  -0.137876  -0.0617871  -0.137876  0.318366  0.109868  -0.0617871  0.109868  0.1709
0.300805  -0.13787  -0.061769  -0.13787  0.318354  0.109852  -0.061769  0.109852  0.170892
0.300828  -0.13796  -0.0616791  -0.13796  0.318432  0.109816  -0.0616791  0.109816  0.170846
0.300828  -0.13796  -0.0616791  -0.13796  0.318432  0.109816  -0.0616791  0.109816  0.170846
0.300845  -0.138023  -0.0615758  -0.138023  0.318468  0.109755  -0.0615758  0.109755  0.170794
0.300857  -0.138093  -0.0615054  -0.138093  0.318541  0.109733  -0.0615054  0.109733  0.170761
0.300857  -0.138093  -0.0615054  -0.138093  0.318541  0.109733  -0.0615054  0.109733  0.170761
0.300877  -0.138163  -0.0614203  -0.138163  0.31859  0.109688  -0.0614203  0.109688  0.170717
0.300877  -0.138177  -0.0613973  -0.138177  0.318608  0.109681  -0.0613973  0.109681  0.170708
0.300896  -0.138247  -0.0613122  -0.138247  0.318656  0.109636  -0.0613122  0.109636  0.170664
0.300906  -0.138309  -0.0612236  -0.138309  0.318717  0.109598  -0.0612236  0.109598  0.170624
0.300906  -0.138309  -0.0612236  -0.138309  0.318717  0.109598  -0.0612236  0.109598  0.170624
0.300936  -0.138401  -0.0611189  -0.138401  0.318772  0.109538  -0.0611189  0.109538  0.170567
0.300936  -0.138401  -0.0611189  -0.138401  0.318772  0.109538  -0.0611189  0.109538  0.170567
0.300955  -0.138485  -0.0610107  -0.138485  0.31884  0.109486  -0.0610107  0.109486  0.170514
0.300975  -0.138541  -0.0609485  -0.138541  0.318871  0.109449  -0.0609485  0.109449  0.170479
0.300975  -0.138555  -0.0609255  -0.138555  0.318889  0.109441  -0.0609255  0.109441  0.17047
0.300991  -0.138618  -0.0608222  -0.138618  0.318926  0.10938  -0.0608222  0.10938  0.170419
0.300991  -0.138618  -0.0608222  -0.138618  0.318926  0.10938  -0.0608222  0.10938  0.170419
0.301011  -0.138702  -0.060714  -0.138702  0.318994  0.109327  -0.060714  0.109327  0.170367
0.301031  -0.138758  -0.0606518  -0.138758  0.319025  0.10929  -0.0606518  0.10929  0.170332
0.301028  -0.138751  -0.0606337  -0.138751  0.319012  0.109274  -0.0606337  0.109274  0.170324
0.301061  -0.13885  -0.060547  -0.13885  0.319081  0.10923  -0.060547  0.10923  0.170276
0.301058  -0.138843  -0.0605289  -0.138843  0.319068  0.109214  -0.0605289  0.109214  0.170268
0.301078  -0.138913  -0.0604437  -0.138913  0.319118  0.109169  -0.0604437  0.109169  0.170225
0.301098  -0.138983  -0.0603584  -0.138983  0.319168  0.109124  -0.0603584  0.109124  0.170182
0.301098  -0.138983  -0.0603584  -0.138983  0.319168  0.109124  -0.0603584  0.109124  0.170182
0.301125  -0.139054  -0.0602585  -0.139054  0.319194  0.109056  -0.0602585  0.109056  0.170128
0.301128  -0.139075  -0.0602535  -0.139075  0.319225  0.109064  -0.0602535  0.109064  0.170127
0.301155  -0.139145  -0.0601536  -0.139145  0.319251  0.108996  -0.0601536  0.108996  0.170072
0.301175  -0.139202  -0.0600913  -0.139202  0.319283  0.108959  -0.0600913  0.108959  0.170038
0.301178  -0.139222  -0.0600863  -0.139222  0.319314  0.108967  -0.0600863  0.108967  0.170037
0.301205  -0.139293  -0.0599863  -0.139293  0.31934  0.108899  -0.0599863  0.108899  0.169983
0.301216  -0.139314  -0.0599667  -0.139314  0.319347  0.108884  -0.0599667  0.108884  0.16997
0.301246  -0.139406  -0.0598617  -0.139406  0.319404  0.108824  -0.0598617  0.108824  0.169915
0.301269  -0.139483  -0.0597944  -0.139483  0.319468  0.108795  -0.0597944  0.108795  0.16988
0.30128  -0.13949  -0.0597977  -0.13949  0.319456  0.108788  -0.0597977  0.108788  0.169876
0.301313  -0.139603  -0.0596877  -0.139603  0.319545  0.108736  -0.0596877  0.108736  0.16982
0.301327  -0.139631  -0.059686  -0.139631  0.319565  0.108737  -0.059686  0.108737  0.169815
0.301371  -0.139751  -0.0595793  -0.139751  0.319643  0.108678  -0.0595793  0.108678  0.169755
0.301374  -0.139772  -0.0595743  -0.139772  0.319674  0.108686  -0.0595743  0.108686  0.169754
0.301408  -0.139885  -0.0594641  -0.139885  0.319764  0.108634  -0.0594641  0.108634  0.169699
0.301418  -0.139892  -0.0594675  -0.139892  0.319752  0.108627  -0.0594675  0.108627  0.169695
0.301455  -0.140012  -0.0593753  -0.140012  0.319855  0.108591  -0.0593753  0.108591  0.169647
0.301466  -0.140033  -0.0593556  -0.140033  0.319862  0.108576  -0.0593556  0.108576  0.169634
0.301503  -0.140153  -0.0592633  -0.140153  0.319965  0.10854  -0.0592633  0.10854  0.169586
0.301537  -0.140238  -0.0591991  -0.140238  0.320018  0.108504  -0.0591991  0.108504  0.169548
0.301551  -0.140266  -0.0591974  -0.140266  0.320038  0.108505  -0.0591974  0.108505  0.169543
0.301599  -0.140394  -0.0591084  -0.140394  0.32013  0.108461  -0.0591084  0.108461  0.169491
0.301623  -0.140471  -0.0590408  -0.140471  0.320195  0.108432  -0.0590408  0.108432  0.169457
0.301633  -0.140493  -0.0590211  -0.140493  0.320202  0.108417  -0.0590211  0.108417  0.169445
0.301681  -0.14062  -0.058932  -0.14062  0.320294  0.108374  -0.058932  0.108374  0.169393
0.301678  -0.140613  -0.0589139  -0.140613  0.320281  0.108358  -0.0589139  0.108358  0.169386
0.301726  -0.140741  -0.0588248  -0.140741  0.320374  0.108314  -0.0588248  0.108314  0.169335
0.301725  -0.140755  -0.0588017  -0.140755  0.320393  0.108307  -0.0588017  0.108307  0.169327
0.301773  -0.140882  -0.0587125  -0.140882  0.320486  0.108263  -0.0587125  0.108263  0.169276
0.301804  -0.140961  -0.05863  -0.140961  0.320527  0.10821  -0.05863  0.10821  0.169231
0.301808  -0.140982  -0.0586249  -0.140982  0.320559  0.108219  -0.0586249  0.108219  0.16923
0.301852  -0.141102  -0.0585176  -0.141102  0.32064  0.108159  -0.0585176  0.108159  0.169172
0.301852  -0.141102  -0.0585176  -0.141102  0.32064  0.108159  -0.0585176  0.108159  0.169172
0.301897  -0.141223  -0.0584102  -0.141223  0.320721  0.1081  -0.0584102  0.1081  0.169114
0.301931  -0.141323  -0.0583226  -0.141323  0.320795  0.108055  -0.0583226  0.108055  0.169069
0.301928  -0.141316  -0.0583046  -0.141316  0.320782  0.108039  -0.0583046  0.108039  0.169062
0.301984  -0.141444  -0.0582003  -0.141444  0.320851  0.107972  -0.0582003  0.107972  0.169
0.301987  -0.141465  -0.0581952  -0.141465  0.320884  0.10798  -0.0581952  0.10798  0.168999
0.302032  -0.141586  -0.0580876  -0.141586  0.320965  0.107921  -0.0580876  0.107921  0.168942
0.302063  -0.141665  -0.058005  -0.141665  0.321008  0.107868  -0.058005  0.107868  0.168898
0.302074  -0.141672  -0.0580083  -0.141672  0.320996  0.107861  -0.0580083  0.107861  0.168894
0.302115  -0.141786  -0.0578826  -0.141786  0.321065  0.107785  -0.0578826  0.107785  0.16883
0.302118  -0.141807  -0.0578775  -0.141807  0.321098  0.107793  -0.0578775  0.107793  0.168829
0.302168  -0.141907  -0.0577601  -0.141907  0.321123  0.107702  -0.0577601  0.107702  0.168762
0.302203  -0.141993  -0.0576953  -0.141993  0.321178  0.107665  -0.0576953  0.107665  0.168725
0.302202  -0.142007  -0.0576722  -0.142007  0.321198  0.107657  -0.0576722  0.107657  0.168717
0.302258  -0.142136  -0.0575676  -0.142136  0.321269  0.10759  -0.0575676  0.10759  0.168657
0.302258  -0.14215  -0.0575445  -0.14215  0.321289  0.107582  -0.0575445  0.107582  0.168649
0.302314  -0.142279  -0.0574398  -0.142279  0.32136  0.107515  -0.0574398  0.107515  0.168589
0.302321  -0.142279  -0.0574251  -0.142279  0.321336  0.107492  -0.0574251  0.107492  0.168578
0.302378  -0.142408  -0.0573203  -0.142408  0.321407  0.107424  -0.0573203  0.107424  0.168518
0.302378  -0.142408  -0.0573203  -0.142408  0.321407  0.107424  -0.0573203  0.107424  0.168518
0.302438  -0.142516  -0.0572059  -0.142516  0.321422  0.107325  -0.0572059  0.107325  0.168448
0.302485  -0.142609  -0.0571441  -0.142609  0.321466  0.107281  -0.0571441  0.107281  0.168407
0.302484  -0.142623  -0.057121  -0.142623  0.321486  0.107273  -0.057121  0.107273  0.1684
0.302538  -0.142731  -0.0570212  -0.142731  0.321526  0.107197  -0.0570212  0.107197  0.168341
0.302538  -0.142731  -0.0570212  -0.142731  0.321526  0.107197  -0.0570212  0.107197  0.168341
0.302602  -0.14286  -0.0569014  -0.14286  0.321573  0.107107  -0.0569014  0.107107  0.168271
0.302633  -0.142939  -0.0568183  -0.142939  0.321617  0.107053  -0.0568183  0.107053  0.168228
0.302644  -0.142947  -0.0568215  -0.142947  0.321605  0.107046  -0.0568215  0.107046  0.168224
0.302697  -0.143069  -0.0566984  -0.143069  0.321666  0.106963  -0.0566984  0.106963  0.168159
0.302709  -0.143076  -0.0567016  -0.143076  0.321654  0.106955  -0.0567016  0.106955  0.168154
0.302754  -0.143169  -0.0565657  -0.143169  0.321669  0.106848  -0.0565657  0.106848  0.168083
0.302797  -0.143256  -0.0564856  -0.143256  0.321701  0.106787  -0.0564856  0.106787  0.168037
0.302793  -0.143248  -0.0564677  -0.143248  0.321688  0.106771  -0.0564677  0.106771  0.168031
