0.303359  -0.136185  -0.0659429  -0.136185  0.310596  0.108248  -0.0659429  0.108248  0.171172
0.303359  -0.136185  -0.0659429  -0.136185  0.310596  0.108248  -0.0659429  0.108248  0.171172
0.303391  -0.135922  -0.0659438  -0.135922  0.310018  0.107983  -0.0659438  0.107983  0.17111
0.303395  -0.135888  -0.0659562  -0.135888  0.309948  0.107959  -0.0659562  0.107959  0.171109
0.303364  -0.135328  -0.0657896  -0.135328  0.30888  0.107395  -0.0657896  0.107395  0.17095
0.303268  -0.134777  -0.065402  -0.134777  0.307885  0.106745  -0.065402  0.106745  0.170715
0.303264  -0.134729  -0.0653774  -0.134729  0.307791  0.106689  -0.0653774  0.106689  0.170696
0.303057  -0.133555  -0.0649402  -0.133555  0.305868  0.10564  -0.0649402  0.10564  0.17041
0.303036  -0.13346  -0.0649213  -0.13346  0.305731  0.105575  -0.0649213  0.105575  0.170398
0.302803  -0.132265  -0.0643528  -0.132265  0.303793  0.104445  -0.0643528  0.104445  0.170062
0.302607  -0.13147  -0.0637239  -0.13147  0.302499  0.103551  -0.0637239  0.103551  0.169739
0.302594  -0.13139  -0.0636681  -0.13139  0.302358  0.103458  -0.0636681  0.103458  0.169707
0.302302  -0.130108  -0.0629097  -0.130108  0.300351  0.102203  -0.0629097  0.102203  0.169314
0.302063  -0.129169  -0.0622988  -0.129169  0.298933  0.101284  -0.0622988  0.101284  0.169023
0.302044  -0.129104  -0.0622367  -0.129104  0.298834  0.101209  -0.0622367  0.101209  0.168995
0.301713  -0.128046  -0.0611922  -0.128046  0.297249  0.0999891  -0.0611922  0.0999891  0.168545
0.301694  -0.127982  -0.0611311  -0.127982  0.297152  0.0999153  -0.0611311  0.0999153  0.168518
0.301411  -0.126927  -0.0603531  -0.126927  0.295599  0.0988571  -0.0603531  0.0988571  0.168182
0.301227  -0.126243  -0.0597647  -0.126243  0.294566  0.0981115  -0.0597647  0.0981115  0.167931
0.301204  -0.126155  -0.0596921  -0.126155  0.294435  0.0980179  -0.0596921  0.0980179  0.167901
0.300951  -0.125199  -0.0587717  -0.125199  0.29296  0.0969066  -0.0587717  0.0969066  0.167516
0.300932  -0.125118  -0.0587171  -0.125118  0.292841  0.0968284  -0.0587171  0.0968284  0.167494
0.300694  -0.123956  -0.0580352  -0.123956  0.291093  0.0957326  -0.0580352  0.0957326  0.167193
0.300527  -0.123181  -0.0574652  -0.123181  0.289913  0.094933  -0.0574652  0.094933  0.166955
0.300506  -0.123097  -0.057395  -0.123097  0.289787  0.0948434  -0.057395  0.0948434  0.166927
0.300214  -0.121853  -0.0564688  -0.121853  0.287981  0.0936055  -0.0564688  0.0936055  0.166574
0.300194  -0.121769  -0.0563997  -0.121769  0.287857  0.0935176  -0.0563997  0.0935176  0.166548
0.299903  -0.120463  -0.0556942  -0.120463  0.286071  0.092417  -0.0556942  0.092417  0.166297
0.299885  -0.120368  -0.055647  -0.120368  0.285937  0.0923364  -0.055647  0.0923364  0.166278
0.299559  -0.119158  -0.0545833  -0.119158  0.284298  0.0911181  -0.0545833  0.0911181  0.165941
0.299544  -0.119082  -0.0545323  -0.119082  0.28419  0.0910462  -0.0545323  0.0910462  0.165923
0.299255  -0.117871  -0.0537179  -0.117871  0.282599  0.0899803  -0.0537179  0.0899803  0.16568
0.299046  -0.116981  -0.0530652  -0.116981  0.281427  0.0891675  -0.0530652  0.0891675  0.165492
0.299031  -0.116902  -0.0529997  -0.116902  0.281312  0.0890854  -0.0529997  0.0890854  0.16547
0.298754  -0.115737  -0.0520288  -0.115737  0.27978  0.0879661  -0.0520288  0.0879661  0.165207
0.298742  -0.115664  -0.05198  -0.115664  0.279677  0.0878975  -0.05198  0.0878975  0.165191
0.298513  -0.114508  -0.0512694  -0.114508  0.278175  0.0869187  -0.0512694  0.0869187  0.165006
0.298365  -0.113799  -0.0506092  -0.113799  0.27721  0.0861851  -0.0506092  0.0861851  0.164833
0.298346  -0.113719  -0.0505443  -0.113719  0.277113  0.0861137  -0.0505443  0.0861137  0.16482
0.298163  -0.112698  -0.0496972  -0.112698  0.275716  0.085103  -0.0496972  0.085103  0.164603
0.298153  -0.112628  -0.0496502  -0.112628  0.275618  0.0850375  -0.0496502  0.0850375  0.16459
0.297991  -0.111597  -0.048906  -0.111597  0.274218  0.0840748  -0.048906  0.0840748  0.164406
0.297898  -0.111037  -0.0483539  -0.111037  0.273438  0.0834719  -0.0483539  0.0834719  0.164276
0.297889  -0.11098  -0.0482882  -0.11098  0.273354  0.0834034  -0.0482882  0.0834034  0.16426
0.297766  -0.110095  -0.0476077  -0.110095  0.272143  0.0825523  -0.0476077  0.0825523  0.164104
0.297758  -0.110027  -0.0475624  -0.110027  0.272049  0.0824896  -0.0475624  0.0824896  0.164094
0.297644  -0.109211  -0.0467925  -0.109211  0.270913  0.0816288  -0.0467925  0.0816288  0.163928
0.297568  -0.10864  -0.0462811  -0.10864  0.270136  0.0810492  -0.0462811  0.0810492  0.163827
0.297561  -0.108573  -0.0462367  -0.108573  0.270044  0.080988  -0.0462367  0.080988  0.163818
0.297469  -0.107755  -0.04566  -0.107755  0.268951  0.0802405  -0.04566  0.0802405  0.163709
0.297464  -0.107705  -0.0456114  -0.107705  0.26888  0.0801862  -0.0456114  0.0801862  0.163699
0.297386  -0.107086  -0.0448594  -0.107086  0.268005  0.0794511  -0.0448594  0.0794511  0.163564
0.297338  -0.106626  -0.0444452  -0.106626  0.267376  0.0789827  -0.0444452  0.0789827  0.163494
0.297335  -0.106581  -0.0444116  -0.106581  0.267314  0.0789399  -0.0444116  0.0789399  0.163488
0.297279  -0.105982  -0.0438718  -0.105982  0.266493  0.0783283  -0.0438718  0.0783283  0.1634
0.297275  -0.105933  -0.0438244  -0.105933  0.266424  0.0782759  -0.0438244  0.0782759  0.163392
0.297231  -0.105444  -0.0431678  -0.105444  0.265701  0.0776523  -0.0431678  0.0776523  0.163286
0.297203  -0.105049  -0.0428255  -0.105049  0.265155  0.0772535  -0.0428255  0.0772535  0.163235
0.297205  -0.105008  -0.042794  -0.105008  0.265083  0.0772052  -0.042794  0.0772052  0.163225
0.29717  -0.104518  -0.0422393  -0.104518  0.264383  0.076641  -0.0422393  0.076641  0.163146
0.297172  -0.104493  -0.0422033  -0.104493  0.26433  0.076599  -0.0422033  0.076599  0.163136
0.297147  -0.104021  -0.0416956  -0.104021  0.263648  0.0760633  -0.0416956  0.0760633  0.163065
0.297144  -0.103977  -0.0416634  -0.103977  0.263589  0.0760227  -0.0416634  0.0760227  0.163061
0.297128  -0.10355  -0.0411786  -0.10355  0.262953  0.0755166  -0.0411786  0.0755166  0.162992
0.297118  -0.103307  -0.0408041  -0.103307  0.262575  0.0751776  -0.0408041  0.0751776  0.162944
0.297117  -0.103279  -0.0407676  -0.103279  0.262535  0.0751434  -0.0407676  0.0751434  0.16294
0.297104  -0.102901  -0.0403919  -0.102901  0.261996  0.0747333  -0.0403919  0.0747333  0.162896
0.297103  -0.102874  -0.0403555  -0.102874  0.261956  0.0746993  -0.0403555  0.0746993  0.162892
0.297097  -0.102569  -0.0398726  -0.102569  0.261471  0.0742635  -0.0398726  0.0742635  0.162834
0.297091  -0.102322  -0.0395358  -0.102322  0.261098  0.0739456  -0.0395358  0.0739456  0.162799
0.29709  -0.102294  -0.0394998  -0.102294  0.261059  0.0739122  -0.0394998  0.0739122  0.162796
0.297087  -0.101969  -0.0390582  -0.101969  0.260559  0.0734902  -0.0390582  0.0734902  0.162749
0.297086  -0.101946  -0.0390359  -0.101946  0.260528  0.0734663  -0.0390359  0.0734663  0.162748
0.29709  -0.101698  -0.0385603  -0.101698  0.2601  0.0730596  -0.0385603  0.0730596  0.162697
0.297096  -0.101478  -0.0382974  -0.101478  0.259746  0.0727809  -0.0382974  0.0727809  0.162665
0.297096  -0.101451  -0.038262  -0.101451  0.259707  0.0727483  -0.038262  0.0727483  0.162663
0.297105  -0.101165  -0.0378188  -0.101165  0.259228  0.0723331  -0.0378188  0.0723331  0.162617
0.297105  -0.101138  -0.0377836  -0.101138  0.25919  0.0723007  -0.0377836  0.0723007  0.162615
0.297115  -0.100861  -0.0373693  -0.100861  0.258728  0.0719068  -0.0373693  0.0719068  0.162574
0.297115  -0.100838  -0.0373475  -0.100838  0.258697  0.0718836  -0.0373475  0.0718836  0.162573
0.297126  -0.100542  -0.0369845  -0.100542  0.258225  0.0715085  -0.0369845  0.0715085  0.16254
0.297133  -0.100384  -0.0367064  -0.100384  0.257959  0.0712657  -0.0367064  0.0712657  0.162519
0.297136  -0.10036  -0.0366725  -0.10036  0.257909  0.0712273  -0.0366725  0.0712273  0.162513
0.297146  -0.100082  -0.0363198  -0.100082  0.257477  0.0708775  -0.0363198  0.0708775  0.162489
0.297146  -0.100056  -0.0362852  -0.100056  0.25744  0.0708461  -0.0362852  0.0708461  0.162488
0.297162  -0.0998013  -0.0358291  -0.0998013  0.257002  0.0704475  -0.0358291  0.0704475  0.162458
0.297171  -0.0996028  -0.0355251  -0.0996028  0.256688  0.0701735  -0.0355251  0.0701735  0.162444
0.297171  -0.0995765  -0.0354908  -0.0995765  0.256651  0.0701425  -0.0354908  0.0701425  0.162443
0.297188  -0.0993119  -0.035113  -0.0993119  0.256218  0.0697815  -0.035113  0.0697815  0.162422
0.297192  -0.0992916  -0.0350926  -0.0992916  0.256177  0.0697526  -0.0350926  0.0697526  0.162417
0.29721  -0.0990542  -0.0346939  -0.0990542  0.255773  0.0693963  -0.0346939  0.0693963  0.162398
0.297223  -0.0988632  -0.0344636  -0.0988632  0.255469  0.0691581  -0.0344636  0.0691581  0.162387
0.297227  -0.0988393  -0.0344304  -0.0988393  0.255421  0.0691211  -0.0344304  0.0691211  0.162382
0.297249  -0.098579  -0.0340577  -0.098579  0.254983  0.0687605  -0.0340577  0.0687605  0.162364
0.29725  -0.0985567  -0.0340369  -0.0985567  0.254954  0.0687387  -0.0340369  0.0687387  0.162365
0.297276  -0.0982771  -0.0336457  -0.0982771  0.254478  0.0683525  -0.0336457  0.0683525  0.162346
0.297294  -0.0980561  -0.0334157  -0.0980561  0.254128  0.068094  -0.0334157  0.068094  0.162336
0.297295  -0.0980303  -0.0333823  -0.0980303  0.254093  0.0680643  -0.0333823  0.0680643  0.162337
0.29732  -0.0977686  -0.0330014  -0.0977686  0.253657  0.0677028  -0.0330014  0.0677028  0.162327
0.297321  -0.0977465  -0.0329808  -0.0977465  0.253628  0.0676815  -0.0329808  0.0676815  0.162328
0.297346  -0.0974667  -0.0326491  -0.0974667  0.253182  0.0673369  -0.0326491  0.0673369  0.162321
0.297365  -0.097246  -0.0323662  -0.097246  0.252841  0.0670629  -0.0323662  0.0670629  0.162323
0.297366  -0.097224  -0.0323458  -0.097224  0.252812  0.0670419  -0.0323458  0.0670419  0.162324
0.297395  -0.0969131  -0.0319588  -0.0969131  0.252324  0.0666569  -0.0319588  0.0666569  0.162325
0.297396  -0.0968912  -0.0319386  -0.0968912  0.252296  0.066636  -0.0319386  0.066636  0.162327
0.297428  -0.0965791  -0.0315962  -0.0965791  0.251802  0.0662662  -0.0315962  0.0662662  0.162324
0.297429  -0.0965538  -0.0315636  -0.0965538  0.251768  0.0662377  -0.0315636  0.0662377  0.162327
0.29746  -0.0962372  -0.0312099  -0.0962372  0.251284  0.0658696  -0.0312099  0.0658696  0.162333
0.297483  -0.0959876  -0.030984  -0.0959876  0.250911  0.0656057  -0.030984  0.0656057  0.162337
0.297487  -0.0959531  -0.0309693  -0.0959531  0.250856  0.0655739  -0.0309693  0.0655739  0.162335
0.297521  -0.0956254  -0.0306235  -0.0956254  0.25035  0.0651991  -0.0306235  0.0651991  0.162341
0.297523  -0.0956004  -0.0305913  -0.0956004  0.250317  0.0651713  -0.0305913  0.0651713  0.162344
0.297561  -0.0952668  -0.0302226  -0.0952668  0.249803  0.0647843  -0.0302226  0.0647843  0.162356
0.297587  -0.0950355  -0.0299952  -0.0950355  0.249442  0.0645242  -0.0299952  0.0645242  0.16236
0.29759  -0.0950107  -0.0299633  -0.0950107  0.249409  0.0644967  -0.0299633  0.0644967  0.162363
0.297631  -0.0947146  -0.0296008  -0.0947146  0.248914  0.0641188  -0.0296008  0.0641188  0.162368
0.297633  -0.0946932  -0.0295813  -0.0946932  0.248887  0.064099  -0.0295813  0.064099  0.162371
0.297674  -0.0943646  -0.0292713  -0.0943646  0.248368  0.0637322  -0.0292713  0.0637322  0.162376
0.297703  -0.0941461  -0.0290296  -0.0941461  0.248022  0.0634746  -0.0290296  0.0634746  0.162386
0.297707  -0.0941374  -0.0289936  -0.0941374  0.247993  0.0634459  -0.0289936  0.0634459  0.162385
0.297752  -0.0938304  -0.0286403  -0.0938304  0.247481  0.0630643  -0.0286403  0.0630643  0.162393
0.297782  -0.0936066  -0.0284296  -0.0936066  0.247124  0.0628135  -0.0284296  0.0628135  0.162399
0.297786  -0.0935869  -0.0284106  -0.0935869  0.247086  0.0627878  -0.0284106  0.0627878  0.162397
0.297831  -0.0933069  -0.0280912  -0.0933069  0.246599  0.0624306  -0.0280912  0.0624306  0.1624
0.297835  -0.0932873  -0.0280722  -0.0932873  0.246562  0.0624051  -0.0280722  0.0624051  0.162398
0.29788  -0.0929904  -0.0277996  -0.0929904  0.246053  0.0620563  -0.0277996  0.0620563  0.162394
0.297882  -0.0929694  -0.0277805  -0.0929694  0.246028  0.0620374  -0.0277805  0.0620374  0.162397
0.297929  -0.0927107  -0.0274708  -0.0927107  0.245543  0.0616837  -0.0274708  0.0616837  0.162393
0.297963  -0.0925053  -0.0272585  -0.0925053  0.245185  0.0614307  -0.0272585  0.0614307  0.162394
0.297965  -0.0924844  -0.0272396  -0.0924844  0.24516  0.061412  -0.0272396  0.061412  0.162397
0.298012  -0.0922295  -0.0269434  -0.0922295  0.244686  0.0610692  -0.0269434  0.0610692  0.162395
0.298047  -0.0920842  -0.0267135  -0.0920842  0.244365  0.0608238  -0.0267135  0.0608238  0.162387
0.298051  -0.0920646  -0.0266948  -0.0920646  0.244328  0.0607989  -0.0266948  0.0607989  0.162386
0.298097  -0.091843  -0.0264025  -0.091843  0.24388  0.060469  -0.0264025  0.060469  0.162379
0.298101  -0.0918234  -0.0263839  -0.0918234  0.243843  0.0604442  -0.0263839  0.0604442  0.162378
0.298148  -0.0916174  -0.0260876  -0.0916174  0.243399  0.0601141  -0.0260876  0.0601141  0.162368
0.298152  -0.0916088  -0.0260525  -0.0916088  0.243372  0.0600871  -0.0260525  0.0600871  0.162369
0.298201  -0.0914083  -0.025769  -0.0914083  0.242912  0.0597528  -0.025769  0.0597528  0.162349
0.298242  -0.0912501  -0.0255346  -0.0912501  0.242531  0.0594755  -0.0255346  0.0594755  0.162329
0.298246  -0.0912414  -0.0254997  -0.0912414  0.242504  0.0594488  -0.0254997  0.0594488  0.16233
0.298302  -0.0910386  -0.0251941  -0.0910386  0.24199  0.0590783  -0.0251941  0.0590783  0.162297
0.298305  -0.0910332  -0.0251708  -0.0910332  0.241968  0.0590584  -0.0251708  0.0590584  0.162297
0.298353  -0.0908735  -0.0249142  -0.0908735  0.241522  0.0587383  -0.0249142  0.0587383  0.162259
0.298358  -0.0908692  -0.024891  -0.0908692  0.241488  0.058712  -0.024891  0.058712  0.162253
0.298406  -0.0907342  -0.0246134  -0.0907342  0.241066  0.0583952  -0.0246134  0.0583952  0.162219
0.29844  -0.0906479  -0.0244192  -0.0906479  0.24077  0.0581731  -0.0244192  0.0581731  0.162192
0.298443  -0.0906425  -0.0243961  -0.0906425  0.240748  0.0581534  -0.0243961  0.0581534  0.162192
0.298492  -0.0905361  -0.0241094  -0.0905361  0.240344  0.0578407  -0.0241094  0.0578407  0.162155
0.298495  -0.0905306  -0.0240863  -0.0905306  0.240322  0.0578212  -0.0240863  0.0578212  0.162154
0.298546  -0.0904214  -0.0237883  -0.0904214  0.239902  0.0574968  -0.0237883  0.0574968  0.162116
0.298582  -0.090346  -0.0235782  -0.090346  0.239606  0.0572683  -0.0235782  0.0572683  0.162089
0.298586  -0.0903414  -0.023555  -0.0903414  0.239573  0.0572424  -0.023555  0.0572424  0.162085
0.298637  -0.0902539  -0.0232753  -0.0902539  0.239155  0.0569243  -0.0232753  0.0569243  0.162034
0.29864  -0.0902483  -0.0232522  -0.0902483  0.239134  0.056905  -0.0232522  0.056905  0.162034
0.298692  -0.0901577  -0.022961  -0.0901577  0.2387  0.0565751  -0.022961  0.0565751  0.161983
0.298727  -0.0901028  -0.0227691  -0.0901028  0.238418  0.0563593  -0.0227691  0.0563593  0.161948
0.298731  -0.0900981  -0.0227459  -0.0900981  0.238385  0.0563336  -0.0227459  0.0563336  0.161944
0.298781  -0.0900261  -0.0224729  -0.0900261  0.237988  0.0560288  -0.0224729  0.0560288  0.161894
0.298785  -0.0900214  -0.0224497  -0.0900214  0.237955  0.0560032  -0.0224497  0.0560032  0.16189
0.298834  -0.0899446  -0.0221655  -0.0899446  0.237566  0.0556995  -0.0221655  0.0556995  0.16185
0.298871  -0.0898968  -0.0219458  -0.0898968  0.237278  0.0554705  -0.0219458  0.0554705  0.161819
0.298875  -0.089892  -0.0219226  -0.089892  0.237245  0.0554451  -0.0219226  0.0554451  0.161815
0.298922  -0.0898349  -0.0216564  -0.0898349  0.236881  0.0551595  -0.0216564  0.0551595  0.161771
0.298927  -0.0898299  -0.0216332  -0.0898299  0.236848  0.0551341  -0.0216332  0.0551341  0.161767
0.298978  -0.0897746  -0.021366  -0.0897746  0.23645  0.0548301  -0.021366  0.0548301  0.16171
0.299015  -0.0897471  -0.0211637  -0.0897471  0.236174  0.0546128  -0.0211637  0.0546128  0.161671
0.299019  -0.089742  -0.0211405  -0.089742  0.236142  0.0545875  -0.0211405  0.0545875  0.161667
0.299068  -0.089688  -0.0208847  -0.089688  0.235761  0.0542974  -0.0208847  0.0542974  0.161614
0.299072  -0.0896829  -0.0208615  -0.0896829  0.235728  0.0542722  -0.0208615  0.0542722  0.16161
0.299126  -0.0896514  -0.0205725  -0.0896514  0.235342  0.0539654  -0.0205725  0.0539654  0.161555
0.299128  -0.0896455  -0.0205496  -0.0896455  0.235322  0.0539467  -0.0205496  0.0539467  0.161556
0.299178  -0.0895969  -0.0202664  -0.0895969  0.234958  0.0536562  -0.0202664  0.0536562  0.161517
0.299214  -0.0895492  -0.0200578  -0.0895492  0.234678  0.0534376  -0.0200578  0.0534376  0.16149
0.299218  -0.0895582  -0.0200297  -0.0895582  0.234659  0.0534163  -0.0200297  0.0534163  0.161487
0.299265  -0.0895111  -0.019758  -0.0895111  0.234313  0.0531396  -0.019758  0.0531396  0.161452
0.299269  -0.0895091  -0.019746  -0.0895091  0.234285  0.0531207  -0.019746  0.0531207  0.161446
0.299318  -0.0894661  -0.0194845  -0.0894661  0.233921  0.0528379  -0.0194845  0.0528379  0.161399
0.299356  -0.089421  -0.0192864  -0.089421  0.233636  0.0526204  -0.0192864  0.0526204  0.161367
0.299358  -0.0894183  -0.0192748  -0.0894183  0.23362  0.052608  -0.0192748  0.052608  0.161365
0.29941  -0.0893753  -0.019012  -0.0893753  0.233234  0.0523136  -0.019012  0.0523136  0.161311
0.299414  -0.0893732  -0.0189999  -0.0893732  0.233206  0.0522948  -0.0189999  0.0522948  0.161304
0.29946  -0.0893304  -0.01875  -0.0893304  0.232871  0.0520326  -0.01875  0.0520326  0.161267
0.299464  -0.0893282  -0.0187379  -0.0893282  0.232844  0.0520138  -0.0187379  0.0520138  0.161261
0.299506  -0.0892695  -0.0184939  -0.0892695  0.232519  0.0517614  -0.0184939  0.0517614  0.161235
0.29954  -0.0892249  -0.0183075  -0.0892249  0.232264  0.0515647  -0.0183075  0.0515647  0.161212
0.299544  -0.0892193  -0.0182842  -0.0892193  0.232232  0.0515401  -0.0182842  0.0515401  0.161209
0.299588  -0.089153  -0.018018  -0.089153  0.2319  0.0512773  -0.018018  0.0512773  0.161193
0.299592  -0.0891507  -0.0180058  -0.0891507  0.231872  0.0512586  -0.0180058  0.0512586  0.161186
0.299636  -0.0890877  -0.0177501  -0.0890877  0.231534  0.0509959  -0.0177501  0.0509959  0.161162
0.299671  -0.0890458  -0.017574  -0.0890458  0.231273  0.0508  -0.017574  0.0508  0.161133
0.299673  -0.0890395  -0.0175513  -0.0890395  0.231252  0.050782  -0.0175513  0.050782  0.161136
0.299717  -0.0889647  -0.0173115  -0.0889647  0.230906  0.0505229  -0.0173115  0.0505229  0.16111
0.299719  -0.0889618  -0.0172998  -0.0889618  0.230891  0.0505107  -0.0172998  0.0505107  0.161109
0.299761  -0.0889003  -0.0170556  -0.0889003  0.23057  0.0502621  -0.0170556  0.0502621  0.161089
0.299792  -0.0888455  -0.0168966  -0.0888455  0.230324  0.0500826  -0.0168966  0.0500826  0.161068
0.299794  -0.0888426  -0.0168849  -0.0888426  0.230308  0.0500705  -0.0168849  0.0500705  0.161067
0.299832  -0.0887685  -0.016658  -0.0887685  0.230003  0.049838  -0.016658  0.049838  0.161054
0.299836  -0.0887659  -0.0166456  -0.0887659  0.229976  0.0498195  -0.0166456  0.0498195  0.161048
0.299876  -0.0886885  -0.016407  -0.0886885  0.229655  0.0495757  -0.016407  0.0495757  0.161036
0.299901  -0.088614  -0.0162442  -0.088614  0.229428  0.0494077  -0.0162442  0.0494077  0.161035
0.299905  -0.088608  -0.0162209  -0.088608  0.229396  0.0493836  -0.0162209  0.0493836  0.161033
0.299942  -0.0885186  -0.015999  -0.0885186  0.22908  0.0491497  -0.015999  0.0491497  0.161023
0.299944  -0.0885156  -0.0159874  -0.0885156  0.229064  0.0491377  -0.0159874  0.0491377  0.161022
0.299983  -0.0884261  -0.0157648  -0.0884261  0.228737  0.0488981  -0.0157648  0.0488981  0.161009
0.30001  -0.0883479  -0.0155905  -0.0883479  0.228495  0.0487195  -0.0155905  0.0487195  0.161009
0.300014  -0.0883451  -0.015578  -0.0883451  0.228468  0.0487012  -0.015578  0.0487012  0.161003
0.300049  -0.0882261  -0.0153663  -0.0882261  0.228128  0.0484627  -0.0153663  0.0484627  0.160995
0.300051  -0.088223  -0.0153547  -0.088223  0.228112  0.0484508  -0.0153547  0.0484508  0.160994
0.300086  -0.0881143  -0.015128  -0.0881143  0.227793  0.0482172  -0.015128  0.0482172  0.160997
0.300111  -0.0880278  -0.0149806  -0.0880278  0.227549  0.048048  -0.0149806  0.048048  0.16099
0.300114  -0.0880213  -0.0149581  -0.0880213  0.227529  0.0480307  -0.0149581  0.0480307  0.160994
0.300147  -0.0878978  -0.0147368  -0.0878978  0.227198  0.0477952  -0.0147368  0.0477952  0.160997
0.30015  -0.0878913  -0.0147143  -0.0878913  0.227179  0.047778  -0.0147143  0.047778  0.161001
0.300181  -0.0877672  -0.014494  -0.0877672  0.226861  0.0475497  -0.014494  0.0475497  0.16101
0.300205  -0.0876798  -0.0143477  -0.0876798  0.226629  0.0473884  -0.0143477  0.0473884  0.16101
0.300206  -0.0876624  -0.0143411  -0.0876624  0.226601  0.0473736  -0.0143411  0.0473736  0.16101
0.300237  -0.0875413  -0.0141317  -0.0875413  0.226288  0.047152  -0.0141317  0.047152  0.161016
0.300239  -0.0875381  -0.0141201  -0.0875381  0.226273  0.0471403  -0.0141201  0.0471403  0.161016
0.300271  -0.087385  -0.0139094  -0.087385  0.22592  0.0469016  -0.0139094  0.0469016  0.161022
0.300295  -0.0872972  -0.0137623  -0.0872972  0.225679  0.0467355  -0.0137623  0.0467355  0.161019
0.300297  -0.087294  -0.0137507  -0.087294  0.225664  0.0467239  -0.0137507  0.0467239  0.161018
0.300331  -0.0871547  -0.0135341  -0.0871547  0.225314  0.0464834  -0.0135341  0.0464834  0.161022
0.300333  -0.0871514  -0.0135225  -0.0871514  0.225299  0.0464718  -0.0135225  0.0464718  0.161021
0.300365  -0.0870084  -0.0132964  -0.0870084  0.224957  0.0462333  -0.0132964  0.0462333  0.161035
0.300387  -0.086899  -0.0131344  -0.086899  0.224709  0.0460616  -0.0131344  0.0460616  0.161047
0.300389  -0.0868957  -0.0131227  -0.0868957  0.224694  0.04605  -0.0131227  0.04605  0.161047
0.30042  -0.0867347  -0.0128915  -0.0867347  0.224338  0.0458049  -0.0128915  0.0458049  0.161066
0.300423  -0.0867314  -0.0128788  -0.0867314  0.224312  0.0457871  -0.0128788  0.0457871  0.161061
0.300453  -0.0865876  -0.0126544  -0.0865876  0.223984  0.0455574  -0.0126544  0.0455574  0.161082
0.300473  -0.0864669  -0.0125084  -0.0864669  0.22373  0.0453897  -0.0125084  0.0453897  0.161091
0.300476  -0.0864602  -0.0124862  -0.0864602  0.223711  0.0453732  -0.0124862  0.0453732  0.161095
0.30051  -0.0862918  -0.0122324  -0.0862918  0.223328  0.0451079  -0.0122324  0.0451079  0.161117
0.300511  -0.0862743  -0.0122259  -0.0862743  0.223301  0.0450936  -0.0122259  0.0450936  0.161117
0.300541  -0.0861265  -0.0119905  -0.0861265  0.222961  0.0448552  -0.0119905  0.0448552  0.16114
0.300544  -0.0861089  -0.0119829  -0.0861089  0.222922  0.0448346  -0.0119829  0.0448346  0.161135
0.300578  -0.0859398  -0.0117296  -0.0859398  0.222542  0.0445717  -0.0117296  0.0445717  0.161159
0.300582  -0.085933  -0.0117064  -0.085933  0.222512  0.0445491  -0.0117064  0.0445491  0.161159
0.300615  -0.0857637  -0.0114534  -0.0857637  0.222133  0.0442873  -0.0114534  0.0442873  0.161185
0.300637  -0.0856428  -0.0112602  -0.0856428  0.221868  0.0440997  -0.0112602  0.0440997  0.161212
0.300639  -0.085622  -0.0112432  -0.085622  0.221838  0.0440807  -0.0112432  0.0440807  0.161217
0.300673  -0.0854519  -0.0109896  -0.0854519  0.221449  0.0438148  -0.0109896  0.0438148  0.161239
0.300675  -0.0854452  -0.0109676  -0.0854452  0.221431  0.0437987  -0.0109676  0.0437987  0.161244
0.300705  -0.0852577  -0.0107114  -0.0852577  0.221051  0.0435388  -0.0107114  0.0435388  0.161283
0.300725  -0.0851398  -0.0105306  -0.0851398  0.220804  0.0433648  -0.0105306  0.0433648  0.161313
0.300727  -0.085119  -0.0105137  -0.085119  0.220774  0.043346  -0.0105137  0.043346  0.161317
0.300756  -0.0849279  -0.0102479  -0.0849279  0.220393  0.0430834  -0.0102479  0.0430834  0.161363
0.300758  -0.0849103  -0.0102415  -0.0849103  0.220366  0.0430697  -0.0102415  0.0430697  0.161363
0.300785  -0.0846954  -0.00995165  -0.0846954  0.219976  0.0427976  -0.00995165  0.0427976  0.16143
0.300787  -0.0846886  -0.0099298  -0.0846886  0.219958  0.0427818  -0.0099298  0.0427818  0.161435
0.300815  -0.0844909  -0.00964585  -0.0844909  0.219585  0.0425187  -0.00964585  0.0425187  0.161499
0.300838  -0.0843481  -0.00943804  -0.0843481  0.219297  0.0423188  -0.00943804  0.0423188  0.161538
0.300839  -0.0843272  -0.00942139  -0.0843272  0.219267  0.0423005  -0.00942139  0.0423005  0.161543
0.30087  -0.0841459  -0.00914091  -0.0841459  0.218889  0.0420348  -0.00914091  0.0420348  0.161595
0.300871  -0.0841251  -0.00912431  -0.0841251  0.21886  0.0420166  -0.00912431  0.0420166  0.1616
0.300901  -0.0839295  -0.00884948  -0.0839295  0.218472  0.0417499  -0.00884948  0.0417499  0.161653
0.300903  -0.0839194  -0.00881761  -0.0839194  0.21845  0.0417297  -0.00881761  0.0417297  0.161665
0.300932  -0.0837208  -0.00853456  -0.0837208  0.218072  0.0414659  -0.00853456  0.0414659  0.16173
0.300953  -0.0835602  -0.00832329  -0.0835602  0.217774  0.0412629  -0.00832329  0.0412629  0.161778
0.300956  -0.0835529  -0.00830028  -0.0835529  0.217745  0.0412414  -0.00830028  0.0412414  0.161779
0.300985  -0.0833443  -0.00798803  -0.0833443  0.217359  0.0409665  -0.00798803  0.0409665  0.161863
0.300986  -0.0833235  -0.00797162  -0.0833235  0.21733  0.0409488  -0.00797162  0.0409488  0.161869
0.301016  -0.0831203  -0.00767741  -0.0831203  0.216931  0.0406724  -0.00767741  0.0406724  0.161934
0.301035  -0.082963  -0.00747893  -0.082963  0.216651  0.0404833  -0.00747893  0.0404833  0.161985
0.301037  -0.0829593  -0.00746745  -0.0829593  0.216637  0.0404726  -0.00746745  0.0404726  0.161986
0.301064  -0.0827424  -0.00718088  -0.0827424  0.21624  0.0402026  -0.00718088  0.0402026  0.162059
0.301068  -0.0827349  -0.00715795  -0.0827349  0.216212  0.0401814  -0.00715795  0.0401814  0.16206
0.301096  -0.0825237  -0.00689041  -0.0825237  0.215812  0.0399156  -0.00689041  0.0399156  0.162118
0.30112  -0.0823688  -0.00665356  -0.0823688  0.215504  0.0397003  -0.00665356  0.0397003  0.162176
0.301121  -0.0823618  -0.00663218  -0.0823618  0.215486  0.0396855  -0.00663218  0.0396855  0.162182
0.301151  -0.0821368  -0.00632442  -0.0821368  0.215066  0.0393988  -0.00632442  0.0393988  0.162261
0.301154  -0.0821293  -0.00630154  -0.0821293  0.215038  0.0393779  -0.00630154  0.0393779  0.162264
0.301183  -0.0819184  -0.00599083  -0.0819184  0.214642  0.0391015  -0.00599083  0.0391015  0.16235
0.301204  -0.08177  -0.00577662  -0.08177  0.214354  0.0389043  -0.00577662  0.0389043  0.162404
0.301206  -0.0817598  -0.00574554  -0.0817598  0.214334  0.0388854  -0.00574554  0.0388854  0.162417
0.301233  -0.0815493  -0.00543769  -0.0815493  0.213952  0.038618  -0.00543769  0.038618  0.162512
0.301234  -0.0815285  -0.0054217  -0.0815285  0.213924  0.0386012  -0.0054217  0.0386012  0.162518
0.301264  -0.0813303  -0.00510615  -0.0813303  0.213533  0.0383255  -0.00510615  0.0383255  0.162606
0.301281  -0.0811835  -0.00489819  -0.0811835  0.213282  0.0381497  -0.00489819  0.0381497  0.162678
0.301282  -0.0811627  -0.0048823  -0.0811627  0.213255  0.0381331  -0.0048823  0.0381331  0.162685
0.30131  -0.0809623  -0.0046103  -0.0809623  0.212856  0.0378684  -0.0046103  0.0378684  0.162746
0.301313  -0.0809545  -0.00458755  -0.0809545  0.212828  0.037848  -0.00458755  0.037848  0.162748
0.301344  -0.0807435  -0.00428521  -0.0807435  0.212411  0.0375664  -0.00428521  0.0375664  0.162824
0.301365  -0.0806071  -0.00406644  -0.0806071  0.21213  0.0373716  -0.00406644  0.0373716  0.162882
0.301367  -0.0805824  -0.00403932  -0.0805824  0.212089  0.0373452  -0.00403932  0.0373452  0.16289
0.301398  -0.0803783  -0.00371344  -0.0803783  0.21168  0.0370604  -0.00371344  0.0370604  0.162983
0.301401  -0.0803673  -0.00368113  -0.0803673  0.21165  0.0370363  -0.00368113  0.0370363  0.162992
0.301431  -0.080149  -0.0033612  -0.080149  0.211232  0.0367513  -0.0033612  0.0367513  0.163086
0.301451  -0.0799982  -0.00314882  -0.0799982  0.210944  0.0365575  -0.00314882  0.0365575  0.163146
0.301454  -0.0799872  -0.00311662  -0.0799872  0.210914  0.0365337  -0.00311662  0.0365337  0.163156
0.301482  -0.0797715  -0.0028073  -0.0797715  0.210502  0.0362555  -0.0028073  0.0362555  0.163247
0.301484  -0.0797644  -0.00278647  -0.0797644  0.210486  0.0362417  -0.00278647  0.0362417  0.163255
0.301514  -0.0795612  -0.00247064  -0.0795612  0.210076  0.0359613  -0.00247064  0.0359613  0.163344
0.301536  -0.0794154  -0.00223145  -0.0794154  0.209774  0.035753  -0.00223145  0.035753  0.163412
0.301538  -0.0793937  -0.00221413  -0.0793937  0.209737  0.0357313  -0.00221413  0.0357313  0.163415
0.30157  -0.0791817  -0.00187662  -0.0791817  0.209302  0.0354342  -0.00187662  0.0354342  0.163512
0.301571  -0.0791745  -0.00185591  -0.0791745  0.209286  0.0354206  -0.00185591  0.0354206  0.16352
0.3016  -0.0789556  -0.00154498  -0.0789556  0.208859  0.0351369  -0.00154498  0.0351369  0.163609
0.301623  -0.078787  -0.00128965  -0.078787  0.208524  0.0349108  -0.00128965  0.0349108  0.163685
0.301626  -0.0787789  -0.00126708  -0.0787789  0.208497  0.0348914  -0.00126708  0.0348914  0.163689
0.301655  -0.078555  -0.00094577  -0.078555  0.208061  0.0346011  -0.00094577  0.0346011  0.163783
0.301656  -0.0785311  -0.000921213  -0.0785311  0.208033  0.0345822  -0.000921213  0.0345822  0.163798
0.301686  -0.0783174  -0.000585879  -0.0783174  0.207606  0.0342919  -0.000585879  0.0342919  0.163902
0.301706  -0.0781385  -0.000348415  -0.0781385  0.207279  0.0340775  -0.000348415  0.0340775  0.163979
0.301708  -0.0781302  -0.000325893  -0.0781302  0.207252  0.0340584  -0.000325893  0.0340584  0.163984
0.301737  -0.0778893  -7.43362e-06  -0.0778893  0.206789  0.0337595  -7.43362e-06  0.0337595  0.164074
0.30174  -0.0778809  1.5076e-05  -0.0778809  0.206763  0.0337405  1.5076e-05  0.0337405  0.164078
0.301767  -0.0776346  0.000349365  -0.0776346  0.206309  0.0334424  0.000349365  0.0334424  0.164189
0.30177  -0.0776231  0.000381027  -0.0776231  0.20628  0.0334199  0.000381027  0.0334199  0.164201
0.301798  -0.0773899  0.00072002  -0.0773899  0.205838  0.0331255  0.00072002  0.0331255  0.164314
0.301818  -0.0772056  0.000967007  -0.0772056  0.205504  0.0329071  0.000967007  0.0329071  0.1644
0.30182  -0.0771971  0.000989464  -0.0771971  0.205477  0.0328884  0.000989464  0.0328884  0.164405
0.301846  -0.0769496  0.00132195  -0.0769496  0.205029  0.0325957  0.00132195  0.0325957  0.164522
0.301866  -0.0767921  0.00153046  -0.0767921  0.204708  0.0323926  0.00153046  0.0323926  0.164571
0.301867  -0.07677  0.00154747  -0.07677  0.204672  0.0323725  0.00154747  0.0323725  0.164575
0.301896  -0.0765343  0.00188205  -0.0765343  0.204207  0.0320706  0.00188205  0.0320706  0.164676
0.301897  -0.0765122  0.00189904  -0.0765122  0.204172  0.0320506  0.00189904  0.0320506  0.16468
0.301925  -0.0762758  0.0022332  -0.0762758  0.203709  0.0317506  0.0022332  0.0317506  0.164783
0.301946  -0.0761185  0.00248253  -0.0761185  0.203392  0.0315391  0.00248253  0.0315391  0.164866
0.301948  -0.0761068  0.00251387  -0.0761068  0.203364  0.0315175  0.00251387  0.0315175  0.164879
0.301976  -0.0758634  0.00286511  -0.0758634  0.202901  0.0312143  0.00286511  0.0312143  0.165
0.301977  -0.0758382  0.00289093  -0.0758382  0.202864  0.0311914  0.00289093  0.0311914  0.165012
0.302003  -0.0756181  0.00321812  -0.0756181  0.202428  0.0309073  0.00321812  0.0309073  0.16512
0.302022  -0.0754478  0.00345447  -0.0754478  0.202098  0.0306955  0.00345447  0.0306955  0.165194
0.302025  -0.0754375  0.00347917  -0.0754375  0.202061  0.0306718  0.00347917  0.0306718  0.165196
0.302051  -0.0751984  0.00381143  -0.0751984  0.201608  0.0303803  0.00381143  0.0303803  0.165309
0.302052  -0.0751761  0.00382828  -0.0751761  0.201574  0.0303611  0.00382828  0.0303611  0.165314
0.302077  -0.0749335  0.00416888  -0.0749335  0.20112  0.0300685  0.00416888  0.0300685  0.165437
0.302094  -0.0747486  0.00439898  -0.0747486  0.200785  0.0298591  0.00439898  0.0298591  0.165514
0.302096  -0.0747367  0.00443005  -0.0747367  0.200758  0.0298383  0.00443005  0.0298383  0.165528
0.30212  -0.0744914  0.00472561  -0.0744914  0.200288  0.0295517  0.00472561  0.0295517  0.165607
0.302123  -0.0744778  0.0047591  -0.0744778  0.20025  0.0295253  0.0047591  0.0295253  0.165617
0.302149  -0.0742467  0.0051004  -0.0742467  0.199792  0.0292308  0.0051004  0.0292308  0.16573
0.302168  -0.0740676  0.00534909  -0.0740676  0.199447  0.029012  0.00534909  0.029012  0.165812
0.302171  -0.0740539  0.00538256  -0.0740539  0.199409  0.0289859  0.00538256  0.0289859  0.165823
0.302195  -0.0737952  0.00575829  -0.0737952  0.198948  0.0286844  0.00575829  0.0286844  0.165982
0.302197  -0.0737843  0.00578312  -0.0737843  0.198912  0.0286614  0.00578312  0.0286614  0.165985
0.302219  -0.0735325  0.0061384  -0.0735325  0.198467  0.0283737  0.0061384  0.0283737  0.166136
0.302234  -0.0733464  0.00636096  -0.0733464  0.198132  0.0281693  0.00636096  0.0281693  0.166211
0.302236  -0.0733342  0.00639177  -0.0733342  0.198106  0.0281493  0.00639177  0.0281493  0.166226
0.302256  -0.0730799  0.00670639  -0.0730799  0.197663  0.0278754  0.00670639  0.0278754  0.166348
0.302258  -0.0730677  0.00673714  -0.0730677  0.197637  0.0278555  0.00673714  0.0278555  0.166363
0.30228  -0.0728028  0.00707039  -0.0728028  0.197153  0.0275582  0.00707039  0.0275582  0.166479
0.302294  -0.0726068  0.0073177  -0.0726068  0.196817  0.0273492  0.0073177  0.0273492  0.166581
0.302296  -0.0725824  0.00733697  -0.0725824  0.196774  0.0273256  0.00733697  0.0273256  0.166583
0.302315  -0.0723142  0.00768108  -0.0723142  0.196312  0.0270375  0.00768108  0.0270375  0.166727
0.302316  -0.0722915  0.00769765  -0.0722915  0.19628  0.0270198  0.00769765  0.0270198  0.166734
0.302334  -0.0720257  0.00803285  -0.0720257  0.195822  0.0267366  0.00803285  0.0267366  0.166872
0.302346  -0.071839  0.00825135  -0.071839  0.195506  0.0265454  0.00825135  0.0265454  0.166959
0.302348  -0.0718266  0.00828188  -0.0718266  0.19548  0.0265261  0.00828188  0.0265261  0.166975
0.302368  -0.0715541  0.00862467  -0.0715541  0.194995  0.0262296  0.00862467  0.0262296  0.167105
0.302369  -0.0715313  0.00864116  -0.0715313  0.194963  0.0262122  0.00864116  0.0262122  0.167112
0.302388  -0.0712693  0.00900023  -0.0712693  0.194506  0.0259246  0.00900023  0.0259246  0.16727
0.3024  -0.0710719  0.00924013  -0.0710719  0.194171  0.0257209  0.00924013  0.0257209  0.16737
0.302401  -0.0710492  0.00925656  -0.0710492  0.194139  0.0257038  0.00925656  0.0257038  0.167377
0.302417  -0.0707958  0.0095926  -0.0707958  0.19371  0.025436  0.0095926  0.025436  0.167531
0.302418  -0.070771  0.00961189  -0.070771  0.193668  0.0254134  0.00961189  0.0254134  0.167534
0.302431  -0.070511  0.0099277  -0.070511  0.193256  0.0251603  0.0099277  0.0251603  0.167689
0.302442  -0.0703125  0.0101667  -0.0703125  0.192925  0.0249605  0.0101667  0.0249605  0.167793
0.302444  -0.0703027  0.0101888  -0.0703027  0.192902  0.0249445  0.0101888  0.0249445  0.167802
0.30246  -0.0699973  0.0105671  -0.0699973  0.192405  0.0246406  0.0105671  0.0246406  0.167981
0.302462  -0.0699847  0.0105973  -0.0699847  0.19238  0.0246223  0.0105973  0.0246223  0.167999
0.302474  -0.069704  0.0109147  -0.069704  0.191936  0.0243574  0.0109147  0.0243574  0.168146
0.302475  -0.0696942  0.0109367  -0.0696942  0.191912  0.0243417  0.0109367  0.0243417  0.168155
0.302486  -0.0693743  0.0112721  -0.0693743  0.191431  0.0240593  0.0112721  0.0240593  0.16832
0.302487  -0.0693615  0.0113021  -0.0693615  0.191407  0.0240412  0.0113021  0.0240412  0.168338
0.302495  -0.0690657  0.0116224  -0.0690657  0.190978  0.0237859  0.0116224  0.0237859  0.168514
0.302504  -0.0688626  0.0118676  -0.0688626  0.190655  0.023591  0.0118676  0.023591  0.168635
0.302504  -0.0688369  0.0118917  -0.0688369  0.190623  0.0235725  0.0118917  0.0235725  0.168651
0.302515  -0.068562  0.0122286  -0.068562  0.190193  0.0233113  0.0122286  0.0233113  0.168826
0.302516  -0.0685368  0.0122478  -0.0685368  0.190153  0.02329  0.0122478  0.02329  0.168831
0.302525  -0.0682535  0.0125673  -0.0682535  0.189729  0.0230379  0.0125673  0.0230379  0.169002
0.302529  -0.0680494  0.0127756  -0.0680494  0.189428  0.0228639  0.0127756  0.0228639  0.169107
0.302529  -0.0680236  0.0127995  -0.0680236  0.189397  0.0228459  0.0127995  0.0228459  0.169124
0.302535  -0.0677444  0.0131116  -0.0677444  0.188998  0.0226078  0.0131116  0.0226078  0.169307
0.302536  -0.0677163  0.0131386  -0.0677163  0.188957  0.0225846  0.0131386  0.0225846  0.16932
0.302539  -0.0674033  0.0134567  -0.0674033  0.188535  0.0223377  0.0134567  0.0223377  0.169516
0.302542  -0.0671806  0.013669  -0.0671806  0.18822  0.0221594  0.013669  0.0221594  0.169628
0.302543  -0.0671677  0.0136985  -0.0671677  0.188196  0.0221424  0.0136985  0.0221424  0.169648
0.302545  -0.0668622  0.0139966  -0.0668622  0.187791  0.0219086  0.0139966  0.0219086  0.169833
0.302545  -0.0668392  0.0140126  -0.0668392  0.187762  0.0218933  0.0140126  0.0218933  0.169841
0.302546  -0.0665362  0.0143022  -0.0665362  0.18736  0.0216636  0.0143022  0.0216636  0.170019
0.302547  -0.0663102  0.0145251  -0.0663102  0.187058  0.0214903  0.0145251  0.0214903  0.170158
0.302546  -0.0662845  0.0145486  -0.0662845  0.187029  0.0214731  0.0145486  0.0214731  0.170176
0.302546  -0.0659758  0.0148562  -0.0659758  0.186638  0.0212459  0.0148562  0.0212459  0.170389
0.302546  -0.0659527  0.014872  -0.0659527  0.18661  0.0212309  0.014872  0.0212309  0.170398
0.302548  -0.0656572  0.0151721  -0.0656572  0.186201  0.0209966  0.0151721  0.0209966  0.170576
0.302547  -0.0654334  0.01539  -0.0654334  0.185915  0.0208325  0.01539  0.0208325  0.170723
0.302548  -0.0654231  0.0154117  -0.0654231  0.185893  0.0208181  0.0154117  0.0208181  0.170734
0.302546  -0.0650938  0.015725  -0.0650938  0.185483  0.0205836  0.015725  0.0205836  0.170952
0.302546  -0.0650707  0.0157407  -0.0650707  0.185455  0.020569  0.0157407  0.020569  0.170962
0.302542  -0.0647236  0.0160617  -0.0647236  0.18504  0.0203326  0.0160617  0.0203326  0.1712
0.302541  -0.0646979  0.0160848  -0.0646979  0.185011  0.0203162  0.0160848  0.0203162  0.171218
0.302538  -0.0643944  0.0163728  -0.0643944  0.184636  0.0201025  0.0163728  0.0201025  0.171423
0.302538  -0.0643713  0.0163884  -0.0643713  0.184608  0.0200882  0.0163884  0.0200882  0.171433
0.302537  -0.0640778  0.0166851  -0.0640778  0.184231  0.0198715  0.0166851  0.0198715  0.171637
0.302536  -0.0638743  0.0168876  -0.0638743  0.183972  0.0197234  0.0168876  0.0197234  0.171778
0.302535  -0.0638486  0.0169104  -0.0638486  0.183944  0.0197074  0.0169104  0.0197074  0.171797
0.302529  -0.0635378  0.0171792  -0.0635378  0.183579  0.0195053  0.0171792  0.0195053  0.171999
0.302529  -0.0635122  0.0172019  -0.0635122  0.183551  0.0194895  0.0172019  0.0194895  0.172019
0.302526  -0.0632214  0.0174964  -0.0632214  0.1832  0.0192862  0.0174964  0.0192862  0.172246
0.302522  -0.0630108  0.017684  -0.0630108  0.18296  0.0191513  0.017684  0.0191513  0.172395
0.302521  -0.0629878  0.0176994  -0.0629878  0.182933  0.0191375  0.0176994  0.0191375  0.172406
0.302514  -0.0626746  0.0179728  -0.0626746  0.182575  0.0189385  0.0179728  0.0189385  0.172622
0.302514  -0.0626516  0.0179882  -0.0626516  0.182548  0.0189248  0.0179882  0.0189248  0.172632
0.302505  -0.0623287  0.0182474  -0.0623287  0.182187  0.018729  0.0182474  0.018729  0.17284
0.3025  -0.0620951  0.018445  -0.0620951  0.181916  0.0185805  0.018445  0.0185805  0.17299
0.302499  -0.0620748  0.0184567  -0.0620748  0.181899  0.0185721  0.0184567  0.0185721  0.173004
0.302491  -0.0617571  0.0187415  -0.0617571  0.181547  0.0183747  0.0187415  0.0183747  0.173245
0.302491  -0.0617316  0.0187637  -0.0617316  0.181521  0.0183597  0.0187637  0.0183597  0.173265
