0.314291  -0.144509  -0.0637065  -0.144509  0.302811  0.0999054  -0.0637065  0.0999054  0.16556
0.314291  -0.144509  -0.0637065  -0.144509  0.302811  0.0999054  -0.0637065  0.0999054  0.16556
0.314332  -0.14415  -0.0638405  -0.14415  0.302125  0.0996971  -0.0638405  0.0996971  0.165549
0.314281  -0.143634  -0.0639295  -0.143634  0.30129  0.0994246  -0.0639295  0.0994246  0.165532
0.314272  -0.143564  -0.0639263  -0.143564  0.301176  0.0993777  -0.0639263  0.0993777  0.165523
0.314079  -0.142765  -0.0634754  -0.142765  0.299845  0.0985968  -0.0634754  0.0985968  0.165266
0.314055  -0.142704  -0.0634456  -0.142704  0.299761  0.0985499  -0.0634456  0.0985499  0.165252
0.313725  -0.141436  -0.0631063  -0.141436  0.297866  0.0976448  -0.0631063  0.0976448  0.165038
0.313448  -0.140437  -0.0629268  -0.140437  0.296453  0.0970231  -0.0629268  0.0970231  0.164922
0.313413  -0.140346  -0.0628828  -0.140346  0.29633  0.0969541  -0.0628828  0.0969541  0.164902
0.312901  -0.139179  -0.0621354  -0.139179  0.294799  0.0959957  -0.0621354  0.0959957  0.164603
0.312866  -0.139103  -0.0620685  -0.139103  0.294694  0.0959202  -0.0620685  0.0959202  0.164575
0.312322  -0.137769  -0.0614841  -0.137769  0.293002  0.0950053  -0.0614841  0.0950053  0.164348
0.311893  -0.136817  -0.0610256  -0.136817  0.291864  0.0943678  -0.0610256  0.0943678  0.164191
0.311847  -0.136738  -0.0609574  -0.136738  0.291775  0.0943015  -0.0609574  0.0943015  0.164169
0.311251  -0.1357  -0.0599835  -0.1357  0.290577  0.0933742  -0.0599835  0.0933742  0.163852
0.311212  -0.135629  -0.0599348  -0.135629  0.2905  0.0933236  -0.0599348  0.0933236  0.163838
0.310684  -0.134451  -0.0594298  -0.134451  0.289144  0.092596  -0.0594298  0.092596  0.163687
0.310333  -0.133644  -0.0590281  -0.133644  0.288181  0.0920467  -0.0590281  0.0920467  0.163557
0.310303  -0.133573  -0.0589645  -0.133573  0.288083  0.0919757  -0.0589645  0.0919757  0.163533
0.309829  -0.132559  -0.0581425  -0.132559  0.286813  0.0910816  -0.0581425  0.0910816  0.163256
0.3098  -0.132475  -0.0581022  -0.132475  0.286701  0.0910185  -0.0581022  0.0910185  0.163241
0.309306  -0.131026  -0.0575954  -0.131026  0.284851  0.0900712  -0.0575954  0.0900712  0.163051
0.308955  -0.130119  -0.0570734  -0.130119  0.283696  0.0893712  -0.0570734  0.0893712  0.162873
0.308927  -0.130051  -0.0570117  -0.130051  0.283602  0.089303  -0.0570117  0.089303  0.162851
0.308415  -0.128813  -0.0561619  -0.128813  0.282053  0.0882901  -0.0561619  0.0882901  0.162579
0.308384  -0.128712  -0.0561278  -0.128712  0.281921  0.0882227  -0.0561278  0.0882227  0.162566
0.307868  -0.127296  -0.0555222  -0.127296  0.280197  0.0872778  -0.0555222  0.0872778  0.16238
0.307504  -0.126395  -0.0549084  -0.126395  0.279086  0.0865511  -0.0549084  0.0865511  0.162197
0.307459  -0.126312  -0.0548126  -0.126312  0.278989  0.0864672  -0.0548126  0.0864672  0.162171
0.306945  -0.125059  -0.053965  -0.125059  0.277486  0.0854829  -0.053965  0.0854829  0.161936
0.306913  -0.124955  -0.0539156  -0.124955  0.277351  0.0854057  -0.0539156  0.0854057  0.16192
0.306404  -0.123593  -0.0531856  -0.123593  0.27573  0.0844369  -0.0531856  0.0844369  0.161727
0.306072  -0.122801  -0.0525215  -0.122801  0.274775  0.0837467  -0.0525215  0.0837467  0.161555
0.306035  -0.122715  -0.0524671  -0.122715  0.27468  0.0836852  -0.0524671  0.0836852  0.161543
0.305627  -0.121555  -0.0517952  -0.121555  0.273271  0.0828164  -0.0517952  0.0828164  0.161369
0.305602  -0.121461  -0.0517644  -0.121461  0.273152  0.0827545  -0.0517644  0.0827545  0.161359
0.305243  -0.120404  -0.0510336  -0.120404  0.271815  0.0818734  -0.0510336  0.0818734  0.161164
0.304999  -0.119744  -0.0504119  -0.119744  0.270964  0.0812336  -0.0504119  0.0812336  0.161004
0.304978  -0.119683  -0.0503564  -0.119683  0.270883  0.0811739  -0.0503564  0.0811739  0.160989
0.304684  -0.118662  -0.0497681  -0.118662  0.269565  0.0803639  -0.0497681  0.0803639  0.16083
0.304658  -0.118566  -0.0497225  -0.118566  0.269442  0.0802927  -0.0497225  0.0802927  0.160817
0.304382  -0.117674  -0.0490238  -0.117674  0.268273  0.0794856  -0.0490238  0.0794856  0.160639
0.30422  -0.11712  -0.0485782  -0.11712  0.26753  0.0789696  -0.0485782  0.0789696  0.160525
0.304201  -0.117061  -0.0485242  -0.117061  0.267452  0.0789122  -0.0485242  0.0789122  0.160512
0.303984  -0.116268  -0.0480076  -0.116268  0.266415  0.0782456  -0.0480076  0.0782456  0.160382
0.303975  -0.116213  -0.0479553  -0.116213  0.266326  0.0781818  -0.0479553  0.0781818  0.160366
0.303768  -0.115586  -0.0472306  -0.115586  0.265465  0.0774835  -0.0472306  0.0774835  0.160198
0.303645  -0.115161  -0.0467848  -0.115161  0.264867  0.0770238  -0.0467848  0.0770238  0.160092
0.303634  -0.115126  -0.0467429  -0.115126  0.264821  0.0769851  -0.0467429  0.0769851  0.160083
0.303482  -0.114544  -0.046226  -0.114544  0.264012  0.0764055  -0.046226  0.0764055  0.159961
0.303479  -0.114514  -0.0461855  -0.114514  0.263954  0.0763602  -0.0461855  0.0763602  0.159948
0.303348  -0.114071  -0.045554  -0.114071  0.263282  0.0757777  -0.045554  0.0757777  0.159804
0.303275  -0.113695  -0.0452122  -0.113695  0.262713  0.0753739  -0.0452122  0.0753739  0.159715
0.303263  -0.113661  -0.0451711  -0.113661  0.262667  0.0753362  -0.0451711  0.0753362  0.159707
0.303171  -0.113212  -0.0446551  -0.113212  0.261958  0.0747888  -0.0446551  0.0747888  0.159579
0.303162  -0.113196  -0.0446095  -0.113196  0.261934  0.0747572  -0.0446095  0.0747572  0.159571
0.303084  -0.112824  -0.0440927  -0.112824  0.261318  0.0742477  -0.0440927  0.0742477  0.159448
0.303035  -0.112531  -0.0438178  -0.112531  0.26086  0.0739221  -0.0438178  0.0739221  0.159378
0.303032  -0.112501  -0.0437783  -0.112501  0.260804  0.0738784  -0.0437783  0.0738784  0.159367
0.302964  -0.112221  -0.0432561  -0.112221  0.260314  0.0734207  -0.0432561  0.0734207  0.159255
0.302964  -0.112208  -0.043212  -0.112208  0.260278  0.0733828  -0.043212  0.0733828  0.159243
0.302907  -0.111901  -0.0427674  -0.111901  0.259752  0.0729462  -0.0427674  0.0729462  0.159142
0.302873  -0.111697  -0.0424724  -0.111697  0.259399  0.0726544  -0.0424724  0.0726544  0.159075
0.302868  -0.111687  -0.0424427  -0.111687  0.259383  0.0726341  -0.0424427  0.0726341  0.159071
0.30282  -0.111494  -0.041952  -0.111494  0.259003  0.0722373  -0.041952  0.0722373  0.158973
0.302822  -0.111487  -0.0419231  -0.111487  0.258976  0.0722102  -0.0419231  0.0722102  0.158965
0.302778  -0.111239  -0.0415473  -0.111239  0.258547  0.0718492  -0.0415473  0.0718492  0.158886
0.302744  -0.111086  -0.0412404  -0.111086  0.258269  0.0715854  -0.0412404  0.0715854  0.158828
0.302744  -0.111073  -0.0411969  -0.111073  0.258234  0.0715486  -0.0411969  0.0715486  0.158817
0.302698  -0.110846  -0.0407699  -0.110846  0.257824  0.0711723  -0.0407699  0.0711723  0.158737
0.302693  -0.110836  -0.0407406  -0.110836  0.257809  0.0711525  -0.0407406  0.0711525  0.158733
0.302658  -0.110568  -0.0404086  -0.110568  0.257351  0.0707998  -0.0404086  0.0707998  0.158662
0.302628  -0.110446  -0.040143  -0.110446  0.257131  0.070582  -0.040143  0.070582  0.158618
0.302628  -0.110421  -0.0401193  -0.110421  0.257084  0.0705502  -0.0401193  0.0705502  0.158611
0.302596  -0.110221  -0.0398316  -0.110221  0.256742  0.0702693  -0.0398316  0.0702693  0.158557
0.302596  -0.110197  -0.039808  -0.110197  0.256695  0.0702377  -0.039808  0.0702377  0.15855
0.302562  -0.110028  -0.0395107  -0.110028  0.256404  0.0699755  -0.0395107  0.0699755  0.158501
0.302537  -0.109929  -0.0392568  -0.109929  0.256213  0.0697754  -0.0392568  0.0697754  0.158462
0.30253  -0.109902  -0.0392328  -0.109902  0.256179  0.069751  -0.0392328  0.069751  0.15846
0.302492  -0.1097  -0.0389469  -0.1097  0.255852  0.0694807  -0.0389469  0.0694807  0.158414
0.302487  -0.10969  -0.0389181  -0.10969  0.255837  0.0694615  -0.0389181  0.0694615  0.158412
0.302444  -0.109539  -0.0385698  -0.109539  0.255577  0.0691912  -0.0385698  0.0691912  0.158367
0.302414  -0.109389  -0.0383328  -0.109389  0.255331  0.0689786  -0.0383328  0.0689786  0.158333
0.302409  -0.109368  -0.0383233  -0.109368  0.255305  0.068964  -0.0383233  0.068964  0.158332
0.302377  -0.109177  -0.0380687  -0.109177  0.254996  0.0687163  -0.0380687  0.0687163  0.158294
0.30237  -0.10915  -0.038045  -0.10915  0.254962  0.0686923  -0.038045  0.0686923  0.158292
0.302331  -0.108981  -0.0377522  -0.108981  0.254689  0.0684439  -0.0377522  0.0684439  0.158256
0.302297  -0.108811  -0.0375692  -0.108811  0.254443  0.0682591  -0.0375692  0.0682591  0.158234
0.3023  -0.108792  -0.0375604  -0.108792  0.254405  0.0682378  -0.0375604  0.0682378  0.158229
0.302255  -0.108597  -0.0373069  -0.108597  0.254123  0.0680071  -0.0373069  0.0680071  0.158203
0.30225  -0.108576  -0.0372976  -0.108576  0.254097  0.0679928  -0.0372976  0.0679928  0.158203
0.302199  -0.108343  -0.0370406  -0.108343  0.253772  0.0677439  -0.0370406  0.0677439  0.158178
0.302169  -0.108167  -0.0368924  -0.108167  0.253525  0.067575  -0.0368924  0.067575  0.15816
0.302165  -0.108146  -0.0368832  -0.108146  0.253499  0.0675608  -0.0368832  0.0675608  0.15816
0.302108  -0.107936  -0.0365892  -0.107936  0.253211  0.0673124  -0.0365892  0.0673124  0.158139
0.302106  -0.107931  -0.0365751  -0.107931  0.253204  0.0673032  -0.0365751  0.0673032  0.158138
0.30205  -0.107674  -0.0363581  -0.107674  0.252872  0.067073  -0.0363581  0.067073  0.158124
0.302008  -0.107507  -0.0361915  -0.107507  0.252663  0.0669159  -0.0361915  0.0669159  0.158116
0.302002  -0.10748  -0.0361685  -0.10748  0.25263  0.0668928  -0.0361685  0.0668928  0.158116
0.301954  -0.107263  -0.0359568  -0.107263  0.252345  0.0666833  -0.0359568  0.0666833  0.158102
0.301947  -0.107237  -0.0359338  -0.107237  0.252312  0.0666603  -0.0359338  0.0666603  0.158102
0.301886  -0.106939  -0.0357009  -0.106939  0.251934  0.0664054  -0.0357009  0.0664054  0.158089
0.301849  -0.106771  -0.0355223  -0.106771  0.251708  0.0662346  -0.0355223  0.0662346  0.158079
0.301845  -0.106761  -0.0354946  -0.106761  0.251694  0.0662166  -0.0354946  0.0662166  0.158078
0.301783  -0.106473  -0.0352305  -0.106473  0.251324  0.065951  -0.0352305  0.065951  0.158067
0.301779  -0.106451  -0.0352216  -0.106451  0.251299  0.0659373  -0.0352216  0.0659373  0.158066
0.301714  -0.106166  -0.0349123  -0.106166  0.250928  0.0656513  -0.0349123  0.0656513  0.158055
0.30171  -0.106145  -0.0349035  -0.106145  0.250903  0.0656377  -0.0349035  0.0656377  0.158055
0.301648  -0.105865  -0.0346092  -0.105865  0.25054  0.0653624  -0.0346092  0.0653624  0.158046
0.301604  -0.105628  -0.0344395  -0.105628  0.250241  0.0651675  -0.0344395  0.0651675  0.15804
0.301601  -0.105607  -0.0344307  -0.105607  0.250217  0.065154  -0.0344307  0.065154  0.15804
0.30155  -0.105365  -0.0341882  -0.105365  0.249903  0.0649211  -0.0341882  0.0649211  0.158034
0.301551  -0.105341  -0.034166  -0.105341  0.249859  0.0648921  -0.034166  0.0648921  0.158029
0.301501  -0.105075  -0.0339615  -0.105075  0.249525  0.0646684  -0.0339615  0.0646684  0.158025
0.301468  -0.104899  -0.0338058  -0.104899  0.249296  0.0645076  -0.0338058  0.0645076  0.158021
0.301466  -0.104894  -0.0337922  -0.104894  0.24929  0.0644989  -0.0337922  0.0644989  0.158021
0.301416  -0.104637  -0.0335568  -0.104637  0.248962  0.0642645  -0.0335568  0.0642645  0.158018
0.301412  -0.104616  -0.0335482  -0.104616  0.248938  0.0642513  -0.0335482  0.0642513  0.158019
0.301374  -0.104375  -0.0333544  -0.104375  0.24862  0.0640369  -0.0333544  0.0640369  0.158012
0.301372  -0.104371  -0.0333409  -0.104371  0.248614  0.0640284  -0.0333409  0.0640284  0.158012
0.301334  -0.104154  -0.0331108  -0.104154  0.248319  0.0638072  -0.0331108  0.0638072  0.158006
0.301309  -0.103969  -0.0329756  -0.103969  0.248071  0.0636463  -0.0329756  0.0636463  0.158001
0.301306  -0.103948  -0.0329671  -0.103948  0.248047  0.0636332  -0.0329671  0.0636332  0.158001
0.301273  -0.103718  -0.0327433  -0.103718  0.247725  0.0634024  -0.0327433  0.0634024  0.157992
0.301271  -0.103714  -0.0327299  -0.103714  0.247719  0.063394  -0.0327299  0.063394  0.157992
0.301241  -0.103489  -0.0325202  -0.103489  0.247405  0.0631727  -0.0325202  0.0631727  0.157985
0.301218  -0.10331  -0.0323995  -0.10331  0.247167  0.0630221  -0.0323995  0.0630221  0.15798
0.301217  -0.103305  -0.0323862  -0.103305  0.24716  0.0630138  -0.0323862  0.0630138  0.157981
0.301192  -0.103083  -0.0321775  -0.103083  0.246837  0.0627873  -0.0321775  0.0627873  0.15797
0.301191  -0.103079  -0.0321642  -0.103079  0.24683  0.062779  -0.0321642  0.062779  0.15797
0.301172  -0.10287  -0.0319961  -0.10287  0.246527  0.0625784  -0.0319961  0.0625784  0.157959
0.301155  -0.10274  -0.0318615  -0.10274  0.246342  0.062443  -0.0318615  0.062443  0.157955
0.301157  -0.102721  -0.0318532  -0.102721  0.246307  0.0624235  -0.0318532  0.0624235  0.157951
0.301139  -0.102537  -0.0316493  -0.102537  0.246027  0.0622167  -0.0316493  0.0622167  0.157941
0.301137  -0.102532  -0.0316361  -0.102532  0.24602  0.0622085  -0.0316361  0.0622085  0.157942
0.301122  -0.102357  -0.0314592  -0.102357  0.245754  0.0620189  -0.0314592  0.0620189  0.157932
0.301126  -0.102354  -0.031446  -0.102354  0.245735  0.062004  -0.031446  0.062004  0.157928
0.301111  -0.10219  -0.0312513  -0.10219  0.24548  0.0618114  -0.0312513  0.0618114  0.157919
0.301104  -0.102083  -0.0311262  -0.102083  0.245309  0.0616838  -0.0311262  0.0616838  0.157912
0.301102  -0.102079  -0.031113  -0.102079  0.245302  0.0616757  -0.031113  0.0616757  0.157912
0.301089  -0.10192  -0.0309322  -0.10192  0.245055  0.0614924  -0.0309322  0.0614924  0.157904
0.301088  -0.101916  -0.030919  -0.101916  0.245048  0.0614843  -0.030919  0.0614843  0.157905
0.301076  -0.101761  -0.0307518  -0.101761  0.244808  0.0613097  -0.0307518  0.0613097  0.157896
0.301072  -0.101663  -0.0306535  -0.101663  0.24465  0.0611994  -0.0306535  0.0611994  0.157889
0.301076  -0.101661  -0.0306404  -0.101661  0.244632  0.0611846  -0.0306404  0.0611846  0.157885
0.301069  -0.101531  -0.0304948  -0.101531  0.244421  0.0610313  -0.0304948  0.0610313  0.157876
0.301068  -0.101527  -0.0304817  -0.101527  0.244415  0.0610233  -0.0304817  0.0610233  0.157877
0.30106  -0.101393  -0.0303234  -0.101393  0.244198  0.0608625  -0.0303234  0.0608625  0.157869
0.301061  -0.101332  -0.0302287  -0.101332  0.244081  0.0607697  -0.0302287  0.0607697  0.157861
0.301059  -0.101327  -0.0302156  -0.101327  0.244074  0.0607618  -0.0302156  0.0607618  0.157862
0.301059  -0.101238  -0.0300868  -0.101238  0.24391  0.0606342  -0.0300868  0.0606342  0.157852
0.301065  -0.101179  -0.0299923  -0.101179  0.243781  0.060535  -0.0299923  0.060535  0.15784
0.301063  -0.101174  -0.0299792  -0.101174  0.243775  0.0605271  -0.0299792  0.0605271  0.157841
0.301068  -0.101099  -0.0298326  -0.101099  0.243609  0.0603897  -0.0298326  0.0603897  0.157828
0.301074  -0.1011  -0.0298326  -0.1011  0.243597  0.060383  -0.0298326  0.060383  0.157823
0.301082  -0.101033  -0.0297121  -0.101033  0.243444  0.0602616  -0.0297121  0.0602616  0.157808
0.301089  -0.100989  -0.0296128  -0.100989  0.243332  0.0601673  -0.0296128  0.0601673  0.157797
0.301089  -0.100989  -0.0296128  -0.100989  0.243332  0.0601673  -0.0296128  0.0601673  0.157797
0.301102  -0.100935  -0.0294744  -0.100935  0.243178  0.060036  -0.0294744  0.060036  0.157779
0.301101  -0.100919  -0.0294794  -0.100919  0.243161  0.0600317  -0.0294794  0.0600317  0.157779
0.301114  -0.100865  -0.0293412  -0.100865  0.243007  0.0599007  -0.0293412  0.0599007  0.157761
0.301129  -0.100843  -0.0292499  -0.100843  0.242906  0.0598122  -0.0292499  0.0598122  0.157744
0.301128  -0.100839  -0.029237  -0.100839  0.2429  0.0598044  -0.029237  0.0598044  0.157745
0.301149  -0.100795  -0.0291246  -0.100795  0.242746  0.0596826  -0.0291246  0.0596826  0.157722
0.301147  -0.10079  -0.0291116  -0.10079  0.24274  0.0596748  -0.0291116  0.0596748  0.157723
0.30117  -0.100762  -0.0289943  -0.100762  0.242603  0.0595574  -0.0289943  0.0595574  0.157699
0.301182  -0.100742  -0.0289162  -0.100742  0.24252  0.0594837  -0.0289162  0.0594837  0.157686
0.301186  -0.10074  -0.0289031  -0.10074  0.242502  0.0594692  -0.0289031  0.0594692  0.157683
0.301207  -0.100695  -0.0287908  -0.100695  0.242349  0.0593479  -0.0287908  0.0593479  0.157659
0.301212  -0.100697  -0.0287906  -0.100697  0.242337  0.0593412  -0.0287906  0.0593412  0.157655
0.301229  -0.100667  -0.0286735  -0.100667  0.242212  0.0592309  -0.0286735  0.0592309  0.157636
0.301234  -0.100668  -0.0286733  -0.100668  0.2422  0.0592242  -0.0286733  0.0592242  0.157632
0.301253  -0.100643  -0.0285691  -0.100643  0.242081  0.0591218  -0.0285691  0.0591218  0.157612
0.301262  -0.100603  -0.0284832  -0.100603  0.241976  0.0590366  -0.0284832  0.0590366  0.157601
0.301267  -0.100604  -0.028483  -0.100604  0.241964  0.0590299  -0.028483  0.0590299  0.157597
0.301284  -0.100574  -0.028366  -0.100574  0.24184  0.05892  -0.028366  0.05892  0.157579
0.301283  -0.10057  -0.0283531  -0.10057  0.241834  0.0589123  -0.0283531  0.0589123  0.15758
0.3013  -0.100528  -0.028254  -0.100528  0.241699  0.0588061  -0.028254  0.0588061  0.157561
0.301317  -0.10051  -0.0281759  -0.10051  0.241604  0.0587263  -0.0281759  0.0587263  0.157545
0.301317  -0.10051  -0.0281759  -0.10051  0.241604  0.0587263  -0.0281759  0.0587263  0.157545
0.301338  -0.100465  -0.0280637  -0.100465  0.241452  0.0586059  -0.0280637  0.0586059  0.157523
0.301338  -0.100465  -0.0280637  -0.100465  0.241452  0.0586059  -0.0280637  0.0586059  0.157523
0.30136  -0.100425  -0.0279644  -0.100425  0.241305  0.0584934  -0.0279644  0.0584934  0.1575
0.30137  -0.100389  -0.0278916  -0.100389  0.241207  0.0584164  -0.0278916  0.0584164  0.157489
0.301373  -0.100386  -0.0278785  -0.100386  0.241189  0.0584021  -0.0278785  0.0584021  0.157486
0.301395  -0.100346  -0.0277792  -0.100346  0.241043  0.0582898  -0.0277792  0.0582898  0.157463
0.301395  -0.100346  -0.0277792  -0.100346  0.241043  0.0582898  -0.0277792  0.0582898  0.157463
0.301418  -0.100305  -0.02768  -0.100305  0.240897  0.0581776  -0.02768  0.0581776  0.157441
0.301431  -0.100266  -0.0275941  -0.100266  0.240781  0.0580866  -0.0275941  0.0580866  0.157426
0.301436  -0.100267  -0.0275938  -0.100267  0.240769  0.0580799  -0.0275938  0.0580799  0.157422
0.301458  -0.100227  -0.0274946  -0.100227  0.240623  0.0579679  -0.0274946  0.0579679  0.1574
0.301462  -0.100224  -0.0274815  -0.100224  0.240605  0.0579536  -0.0274815  0.0579536  0.157396
0.301482  -0.100167  -0.0273873  -0.100167  0.240444  0.0578378  -0.0273873  0.0578378  0.157375
0.301499  -0.100148  -0.0273092  -0.100148  0.24035  0.0577588  -0.0273092  0.0577588  0.157359
0.301502  -0.100134  -0.027314  -0.100134  0.240322  0.057748  -0.027314  0.057748  0.157355
0.301527  -0.10009  -0.0272017  -0.10009  0.240159  0.0576222  -0.0272017  0.0576222  0.15733
0.301531  -0.100087  -0.0271886  -0.100087  0.240141  0.0576079  -0.0271886  0.0576079  0.157327
0.301553  -0.100046  -0.0270894  -0.100046  0.239996  0.0574965  -0.0270894  0.0574965  0.157305
0.301573  -0.100013  -0.027016  -0.100013  0.239874  0.0574071  -0.027016  0.0574071  0.157286
0.301571  -0.0999968  -0.0270211  -0.0999968  0.239858  0.057403  -0.0270211  0.057403  0.157286
0.301598  -0.099957  -0.0269215  -0.099957  0.239702  0.0572852  -0.0269215  0.0572852  0.15726
0.301602  -0.099954  -0.0269084  -0.099954  0.239684  0.057271  -0.0269084  0.057271  0.157257
0.301634  -0.099904  -0.0268263  -0.099904  0.239505  0.0571501  -0.0268263  0.0571501  0.157225
0.301653  -0.0998701  -0.0267529  -0.0998701  0.239384  0.0570609  -0.0267529  0.0570609  0.157206
0.301658  -0.0998714  -0.0267525  -0.0998714  0.239372  0.0570542  -0.0267525  0.0570542  0.157202
0.30169  -0.0998326  -0.0266526  -0.0998326  0.239204  0.05693  -0.0266526  0.05693  0.157172
0.301696  -0.0998339  -0.0266522  -0.0998339  0.239192  0.0569233  -0.0266522  0.0569233  0.157167
0.301733  -0.0997962  -0.0265518  -0.0997962  0.239012  0.0567925  -0.0265518  0.0567925  0.157133
0.301758  -0.0997634  -0.0264779  -0.0997634  0.238879  0.0566969  -0.0264779  0.0566969  0.157109
0.301758  -0.0997634  -0.0264779  -0.0997634  0.238879  0.0566969  -0.0264779  0.0566969  0.157109
0.301793  -0.0997212  -0.0263648  -0.0997212  0.238694  0.056559  -0.0263648  0.056559  0.157077
0.301797  -0.0997182  -0.0263517  -0.0997182  0.238676  0.0565449  -0.0263517  0.0565449  0.157074
0.301835  -0.0996845  -0.0262638  -0.0996845  0.238502  0.056422  -0.0262638  0.056422  0.157038
0.301834  -0.0996802  -0.0262511  -0.0996802  0.238496  0.0564145  -0.0262511  0.0564145  0.15704
0.301876  -0.0996432  -0.0261501  -0.0996432  0.238305  0.0562776  -0.0261501  0.0562776  0.157002
0.30188  -0.0996401  -0.026137  -0.0996401  0.238288  0.0562635  -0.026137  0.0562635  0.156999
0.301918  -0.0996062  -0.026049  -0.0996062  0.238114  0.0561409  -0.026049  0.0561409  0.156963
0.301945  -0.0995886  -0.0259699  -0.0995886  0.237997  0.0560497  -0.0259699  0.0560497  0.156941
0.301948  -0.0995855  -0.0259568  -0.0995855  0.23798  0.0560356  -0.0259568  0.0560356  0.156938
0.301985  -0.099547  -0.025856  -0.099547  0.237801  0.0559058  -0.025856  0.0559058  0.156905
0.301991  -0.0995482  -0.0258555  -0.0995482  0.237789  0.0558991  -0.0258555  0.0558991  0.1569
0.302028  -0.0995095  -0.0257547  -0.0995095  0.23761  0.0557694  -0.0257547  0.0557694  0.156867
0.302056  -0.099496  -0.0256881  -0.099496  0.237499  0.0556858  -0.0256881  0.0556858  0.156843
0.30206  -0.0994928  -0.025675  -0.0994928  0.237482  0.0556718  -0.025675  0.0556718  0.15684
0.302102  -0.0994551  -0.0255735  -0.0994551  0.237291  0.0555357  -0.0255735  0.0555357  0.156803
0.302105  -0.0994519  -0.0255604  -0.0994519  0.237274  0.0555216  -0.0255604  0.0555216  0.1568
0.302144  -0.0994287  -0.0254543  -0.0994287  0.237111  0.0553962  -0.0254543  0.0553962  0.156767
0.302176  -0.0994117  -0.0253744  -0.0994117  0.236983  0.0552988  -0.0253744  0.0552988  0.156741
0.30218  -0.0994085  -0.0253613  -0.0994085  0.236966  0.0552848  -0.0253613  0.0552848  0.156738
0.302222  -0.0993703  -0.0252596  -0.0993703  0.236776  0.0551491  -0.0252596  0.0551491  0.156701
0.302225  -0.0993671  -0.0252465  -0.0993671  0.236758  0.0551351  -0.0252465  0.0551351  0.156698
0.30227  -0.0993445  -0.0251396  -0.0993445  0.236584  0.0550033  -0.0251396  0.0550033  0.156662
0.302305  -0.0993125  -0.0250641  -0.0993125  0.236429  0.0548957  -0.0250641  0.0548957  0.156631
0.302308  -0.0993093  -0.025051  -0.0993093  0.236411  0.0548818  -0.025051  0.0548818  0.156628
0.302363  -0.0992886  -0.0249428  -0.0992886  0.236214  0.0547368  -0.0249428  0.0547368  0.156583
0.302369  -0.0992896  -0.0249422  -0.0992896  0.236202  0.0547301  -0.0249422  0.0547301  0.156578
0.302411  -0.0992508  -0.0248402  -0.0992508  0.236012  0.0545949  -0.0248402  0.0545949  0.156542
0.302443  -0.0992331  -0.02476  -0.0992331  0.235885  0.0544981  -0.02476  0.0544981  0.156516
0.302448  -0.0992342  -0.0247594  -0.0992342  0.235873  0.0544914  -0.0247594  0.0544914  0.156512
0.302501  -0.0991971  -0.024656  -0.0991971  0.23566  0.0543431  -0.024656  0.0543431  0.156467
0.302505  -0.0991938  -0.0246428  -0.0991938  0.235642  0.0543292  -0.0246428  0.0543292  0.156464
0.302555  -0.0991713  -0.0245348  -0.0991713  0.235457  0.0541914  -0.0245348  0.0541914  0.156424
0.302585  -0.0991375  -0.0244595  -0.0991375  0.235314  0.0540912  -0.0244595  0.0540912  0.156399
0.30259  -0.0991385  -0.0244589  -0.0991385  0.235302  0.0540845  -0.0244589  0.0540845  0.156394
0.302631  -0.099106  -0.0243261  -0.099106  0.235118  0.0539392  -0.0243261  0.0539392  0.156363
0.302636  -0.099107  -0.0243255  -0.099107  0.235106  0.0539326  -0.0243255  0.0539326  0.156358
0.302677  -0.0990629  -0.0242104  -0.0990629  0.234912  0.053791  -0.0242104  0.053791  0.156325
0.302709  -0.0990446  -0.0241298  -0.0990446  0.234785  0.0536947  -0.0241298  0.0536947  0.156301
0.302712  -0.0990412  -0.0241166  -0.0990412  0.234767  0.0536809  -0.0241166  0.0536809  0.156298
0.302758  -0.0989978  -0.0240007  -0.0989978  0.234562  0.0535329  -0.0240007  0.0535329  0.156261
0.302764  -0.0989987  -0.024  -0.0989987  0.23455  0.0535263  -0.024  0.0535263  0.156256
0.302797  -0.0989488  -0.0238728  -0.0989488  0.234362  0.0533847  -0.0238728  0.0533847  0.15623
0.302825  -0.0989215  -0.023767  -0.0989215  0.234225  0.0532745  -0.023767  0.0532745  0.15621
0.302825  -0.0989215  -0.023767  -0.0989215  0.234225  0.0532745  -0.023767  0.0532745  0.15621
0.302869  -0.0988732  -0.0236383  -0.0988732  0.234014  0.0531199  -0.0236383  0.0531199  0.156175
0.302872  -0.0988698  -0.0236251  -0.0988698  0.233997  0.0531062  -0.0236251  0.0531062  0.156173
0.302916  -0.0987977  -0.0234758  -0.0987977  0.233748  0.0529275  -0.0234758  0.0529275  0.156138
0.302942  -0.0987541  -0.023375  -0.0987541  0.233595  0.0528142  -0.023375  0.0528142  0.156118
0.302945  -0.0987507  -0.0233618  -0.0987507  0.233578  0.0528004  -0.0233618  0.0528004  0.156116
0.302987  -0.0986738  -0.0231999  -0.0986738  0.233325  0.0526153  -0.0231999  0.0526153  0.156084
0.30299  -0.0986703  -0.0231867  -0.0986703  0.233308  0.0526016  -0.0231867  0.0526016  0.156082
0.303022  -0.0985722  -0.0230182  -0.0985722  0.233046  0.0524129  -0.0230182  0.0524129  0.156057
0.303047  -0.0985047  -0.0228969  -0.0985047  0.232856  0.052276  -0.0228969  0.052276  0.156037
0.303051  -0.0985012  -0.0228836  -0.0985012  0.232839  0.0522624  -0.0228836  0.0522624  0.156035
0.303079  -0.0984177  -0.0227109  -0.0984177  0.232604  0.0520846  -0.0227109  0.0520846  0.156016
0.30308  -0.0983984  -0.0227028  -0.0983984  0.232572  0.0520675  -0.0227028  0.0520675  0.156013
0.303119  -0.0983049  -0.0225462  -0.0983049  0.232305  0.0518803  -0.0225462  0.0518803  0.155983
0.303138  -0.0982362  -0.0224257  -0.0982362  0.232128  0.051751  -0.0224257  0.051751  0.155969
0.30314  -0.0982283  -0.0224  -0.0982283  0.232105  0.0517305  -0.0224  0.0517305  0.155969
0.303163  -0.0981243  -0.0222202  -0.0981243  0.231852  0.0515435  -0.0222202  0.0515435  0.155953
0.303167  -0.0981208  -0.022207  -0.0981208  0.231835  0.05153  -0.022207  0.05153  0.155951
0.303197  -0.097998  -0.0220184  -0.097998  0.231538  0.05132  -0.0220184  0.05132  0.155929
0.3032  -0.0979944  -0.0220052  -0.0979944  0.231521  0.0513065  -0.0220052  0.0513065  0.155927
0.303223  -0.0978664  -0.0218052  -0.0978664  0.231231  0.0510969  -0.0218052  0.0510969  0.155912
0.303238  -0.0977772  -0.0216779  -0.0977772  0.231035  0.0509586  -0.0216779  0.0509586  0.155902
0.303239  -0.0977692  -0.0216523  -0.0977692  0.231013  0.0509383  -0.0216523  0.0509383  0.155902
0.303261  -0.097641  -0.0214526  -0.097641  0.230724  0.0507298  -0.0214526  0.0507298  0.155889
0.303263  -0.0976331  -0.0214271  -0.0976331  0.230702  0.0507096  -0.0214271  0.0507096  0.155889
0.303283  -0.0975004  -0.0212153  -0.0975004  0.230409  0.050495  -0.0212153  0.050495  0.155879
0.3033  -0.0973951  -0.0210373  -0.0973951  0.23017  0.0503178  -0.0210373  0.0503178  0.155871
0.303303  -0.0973914  -0.0210241  -0.0973914  0.230153  0.0503044  -0.0210241  0.0503044  0.155869
0.303329  -0.0972591  -0.0208117  -0.0972591  0.22985  0.0500845  -0.0208117  0.0500845  0.155856
0.303332  -0.0972555  -0.0207985  -0.0972555  0.229833  0.0500712  -0.0207985  0.0500712  0.155854
0.303355  -0.0971187  -0.0205741  -0.0971187  0.229525  0.0498453  -0.0205741  0.0498453  0.155844
0.303356  -0.0970993  -0.0205661  -0.0970993  0.229494  0.0498287  -0.0205661  0.0498287  0.155842
0.303375  -0.0969776  -0.0203377  -0.0969776  0.229213  0.0496134  -0.0203377  0.0496134  0.155837
0.303379  -0.0969739  -0.0203245  -0.0969739  0.229196  0.0496002  -0.0203245  0.0496002  0.155836
0.303401  -0.0968255  -0.020118  -0.0968255  0.22888  0.0493792  -0.020118  0.0493792  0.155825
0.303402  -0.0968174  -0.0200926  -0.0968174  0.228858  0.0493594  -0.0200926  0.0493594  0.155826
0.303421  -0.0966841  -0.0198821  -0.0966841  0.22857  0.049149  -0.0198821  0.049149  0.15582
0.303431  -0.0965856  -0.0197315  -0.0965856  0.228368  0.0490015  -0.0197315  0.0490015  0.155819
0.303432  -0.0965775  -0.0197062  -0.0965775  0.228346  0.0489818  -0.0197062  0.0489818  0.15582
0.303438  -0.0964388  -0.0194862  -0.0964388  0.228077  0.0487792  -0.0194862  0.0487792  0.155828
0.303439  -0.0964307  -0.0194609  -0.0964307  0.228055  0.0487596  -0.0194609  0.0487596  0.155829
0.303442  -0.096264  -0.0192091  -0.096264  0.227746  0.0485286  -0.0192091  0.0485286  0.155842
0.30344  -0.0962597  -0.019197  -0.0962597  0.227741  0.0485221  -0.019197  0.0485221  0.155845
0.30345  -0.0960977  -0.0189567  -0.0960977  0.227425  0.048292  -0.0189567  0.048292  0.155851
0.303458  -0.0959949  -0.018795  -0.0959949  0.22722  0.0481401  -0.018795  0.0481401  0.155855
0.303454  -0.095975  -0.0187882  -0.095975  0.227201  0.0481305  -0.0187882  0.0481305  0.155858
0.303446  -0.0958075  -0.01854  -0.0958075  0.226917  0.0479152  -0.01854  0.0479152  0.155882
0.303442  -0.0957877  -0.0185333  -0.0957877  0.226898  0.0479057  -0.0185333  0.0479057  0.155885
0.303441  -0.0956136  -0.0183137  -0.0956136  0.226599  0.0476944  -0.0183137  0.0476944  0.155899
0.303442  -0.0954868  -0.0181341  -0.0954868  0.226372  0.0475284  -0.0181341  0.0475284  0.155911
0.303441  -0.0954632  -0.0181143  -0.0954632  0.226336  0.0475062  -0.0181143  0.0475062  0.155913
0.303438  -0.0952851  -0.0178836  -0.0952851  0.226034  0.0472902  -0.0178836  0.0472902  0.155932
0.303437  -0.0951542  -0.0176927  -0.0951542  0.225804  0.0471192  -0.0176927  0.0471192  0.155949
0.303433  -0.0951458  -0.0176689  -0.0951458  0.225794  0.0471066  -0.0176689  0.0471066  0.155955
0.303431  -0.0949475  -0.0173772  -0.0949475  0.225447  0.0468481  -0.0173772  0.0468481  0.155983
0.303429  -0.0949433  -0.0173654  -0.0949433  0.225443  0.0468419  -0.0173654  0.0468419  0.155986
0.303422  -0.0947571  -0.0171124  -0.0947571  0.225134  0.0466162  -0.0171124  0.0466162  0.156015
0.303421  -0.0947336  -0.0170928  -0.0947336  0.225099  0.0465944  -0.0170928  0.0465944  0.156017
0.303412  -0.0945434  -0.0168287  -0.0945434  0.224787  0.0463637  -0.0168287  0.0463637  0.15605
0.303411  -0.0944015  -0.0166566  -0.0944015  0.224551  0.046199  -0.0166566  0.046199  0.156066
0.303407  -0.0943819  -0.0166502  -0.0943819  0.224532  0.04619  -0.0166502  0.04619  0.156069
0.303398  -0.0941807  -0.0164042  -0.0941807  0.224213  0.0459644  -0.0164042  0.0459644  0.156101
0.303397  -0.0941572  -0.0163847  -0.0941572  0.224178  0.0459429  -0.0163847  0.0459429  0.156103
0.303384  -0.0939367  -0.016133  -0.0939367  0.223842  0.0457095  -0.016133  0.0457095  0.156138
0.303382  -0.0939326  -0.0161213  -0.0939326  0.223837  0.0457035  -0.0161213  0.0457035  0.156142
0.303358  -0.0936886  -0.0158536  -0.0936886  0.223491  0.045463  -0.0158536  0.045463  0.15619
0.303342  -0.0935234  -0.0156678  -0.0935234  0.223258  0.0452994  -0.0156678  0.0452994  0.156225
0.303343  -0.0935153  -0.0156432  -0.0935153  0.223237  0.045281  -0.0156432  0.045281  0.156228
0.303319  -0.0932913  -0.0153846  -0.0932913  0.222924  0.045058  -0.0153846  0.045058  0.156279
0.303313  -0.0932679  -0.0153667  -0.0932679  0.222901  0.0450434  -0.0153667  0.0450434  0.156286
0.303286  -0.0930169  -0.0150783  -0.0930169  0.22255  0.0447948  -0.0150783  0.0447948  0.156345
0.303283  -0.0930088  -0.0150552  -0.0930088  0.222542  0.044783  -0.0150552  0.044783  0.156352
0.303264  -0.0927744  -0.0148138  -0.0927744  0.22221  0.0445594  -0.0148138  0.0445594  0.156398
0.303248  -0.0925911  -0.0146227  -0.0925911  0.221952  0.0443843  -0.0146227  0.0443843  0.156436
0.303247  -0.0925678  -0.0146036  -0.0925678  0.221918  0.0443636  -0.0146036  0.0443636  0.156438
0.303236  -0.0924778  -0.0144891  -0.0924778  0.221796  0.0442722  -0.0144891  0.0442722  0.156465
0.303211  -0.0922515  -0.0142225  -0.0922515  0.221484  0.0440489  -0.0142225  0.0440489  0.156526
0.303197  -0.0921032  -0.0140349  -0.0921032  0.221271  0.0438934  -0.0140349  0.0438934  0.156567
0.303192  -0.09208  -0.0140174  -0.09208  0.221249  0.0438793  -0.0140174  0.0438793  0.156575
0.303175  -0.0918503  -0.013738  -0.0918503  0.220913  0.0436396  -0.013738  0.0436396  0.156633
0.303176  -0.091831  -0.0137305  -0.091831  0.220884  0.0436249  -0.0137305  0.0436249  0.156632
0.303157  -0.0915977  -0.0134406  -0.0915977  0.220545  0.043381  -0.0134406  0.043381  0.156696
0.303154  -0.0915898  -0.013418  -0.0915898  0.220536  0.0433697  -0.013418  0.0433697  0.156704
0.303142  -0.0913726  -0.0131743  -0.0913726  0.220216  0.0431498  -0.0131743  0.0431498  0.156753
0.303137  -0.0913496  -0.013157  -0.0913496  0.220194  0.0431359  -0.013157  0.0431359  0.156761
0.303125  -0.0911438  -0.0128974  -0.0911438  0.219884  0.0429142  -0.0128974  0.0429142  0.156816
0.303113  -0.0909775  -0.0127051  -0.0909775  0.219647  0.0427485  -0.0127051  0.0427485  0.15686
0.303112  -0.0909544  -0.0126864  -0.0909544  0.219614  0.0427285  -0.0126864  0.0427285  0.156864
0.303093  -0.0907415  -0.0124072  -0.0907415  0.21931  0.0425042  -0.0124072  0.0425042  0.156934
0.303096  -0.0907374  -0.0123945  -0.0907374  0.219294  0.0424924  -0.0123945  0.0424924  0.156934
0.30308  -0.0905325  -0.0121385  -0.0905325  0.218999  0.0422804  -0.0121385  0.0422804  0.156997
0.303074  -0.0904007  -0.0119482  -0.0904007  0.218795  0.0421277  -0.0119482  0.0421277  0.157041
0.303073  -0.0903777  -0.0119297  -0.0903777  0.218763  0.042108  -0.0119297  0.042108  0.157045
0.303059  -0.0901883  -0.0116696  -0.0901883  0.218483  0.0419004  -0.0116696  0.0419004  0.15711
0.303059  -0.0901653  -0.0116511  -0.0901653  0.218451  0.0418808  -0.0116511  0.0418808  0.157114
0.303048  -0.089961  -0.0113955  -0.089961  0.218148  0.0416655  -0.0113955  0.0416655  0.157176
0.303035  -0.0898149  -0.0112137  -0.0898149  0.217945  0.041519  -0.0112137  0.041519  0.157227
0.303036  -0.0898069  -0.01119  -0.0898069  0.217926  0.041502  -0.01119  0.041502  0.157231
0.303018  -0.0895955  -0.0109152  -0.0895955  0.217628  0.0412844  -0.0109152  0.0412844  0.157309
0.303017  -0.0895726  -0.010897  -0.0895726  0.217597  0.0412651  -0.010897  0.0412651  0.157313
0.303001  -0.0893654  -0.0106342  -0.0893654  0.217305  0.0410541  -0.0106342  0.0410541  0.157387
0.302993  -0.0892196  -0.0104522  -0.0892196  0.217093  0.0409036  -0.0104522  0.0409036  0.157436
0.302992  -0.0891967  -0.010434  -0.0891967  0.217061  0.0408844  -0.010434  0.0408844  0.15744
0.30298  -0.0889897  -0.0101708  -0.0889897  0.21676  0.0406692  -0.0101708  0.0406692  0.157512
0.302979  -0.0889668  -0.0101527  -0.0889668  0.216729  0.0406502  -0.0101527  0.0406502  0.157517
0.302965  -0.0887642  -0.00990294  -0.0887642  0.216445  0.0404477  -0.00990294  0.0404477  0.15759
0.302958  -0.0886227  -0.00973326  -0.0886227  0.216239  0.0403046  -0.00973326  0.0403046  0.157636
0.302958  -0.0885999  -0.00971525  -0.0885999  0.216208  0.0402857  -0.00971525  0.0402857  0.157641
0.302949  -0.0884121  -0.00945952  -0.0884121  0.215927  0.0400811  -0.00945952  0.0400811  0.157712
0.302948  -0.0883893  -0.00944156  -0.0883893  0.215896  0.0400624  -0.00944156  0.0400624  0.157717
0.302937  -0.0881832  -0.0091812  -0.0881832  0.2156  0.0398516  -0.0091812  0.0398516  0.157794
0.302934  -0.0880526  -0.00899487  -0.0880526  0.215394  0.0397016  -0.00899487  0.0397016  0.157844
0.302934  -0.0880299  -0.008977  -0.0880299  0.215363  0.039683  -0.008977  0.039683  0.157849
0.302934  -0.0878454  -0.00873033  -0.0878454  0.215066  0.039474  -0.00873033  0.039474  0.15791
0.302931  -0.0878269  -0.00872504  -0.0878269  0.215051  0.0394667  -0.00872504  0.0394667  0.157914
0.30293  -0.0876388  -0.00846825  -0.0876388  0.214751  0.0392538  -0.00846825  0.0392538  0.157981
0.302929  -0.0875122  -0.00829382  -0.0875122  0.214551  0.0391108  -0.00829382  0.0391108  0.158029
0.302928  -0.0875085  -0.00828316  -0.0875085  0.214548  0.0391059  -0.00828316  0.0391059  0.158034
0.302928  -0.0873243  -0.00803804  -0.0873243  0.214254  0.0388997  -0.00803804  0.0388997  0.158098
0.302923  -0.0873021  -0.00802221  -0.0873021  0.214235  0.0388877  -0.00802221  0.0388877  0.158107
0.302921  -0.0871296  -0.0077635  -0.0871296  0.213962  0.038686  -0.0077635  0.038686  0.158183
0.30292  -0.0869842  -0.00758322  -0.0869842  0.213738  0.0385318  -0.00758322  0.0385318  0.158232
0.302921  -0.0869762  -0.00756018  -0.0869762  0.213719  0.0385158  -0.00756018  0.0385158  0.158238
0.302918  -0.0867929  -0.00731858  -0.0867929  0.21344  0.0383187  -0.00731858  0.0383187  0.15831
0.302918  -0.0867849  -0.00729559  -0.0867849  0.213422  0.0383028  -0.00729559  0.0383028  0.158316
0.302916  -0.0865944  -0.00708111  -0.0865944  0.213139  0.0381142  -0.00708111  0.0381142  0.158378
0.302913  -0.0864536  -0.00691441  -0.0864536  0.212931  0.037973  -0.00691441  0.037973  0.158429
0.30291  -0.0864463  -0.00689342  -0.0864463  0.212924  0.0379634  -0.00689342  0.0379634  0.158439
0.30291  -0.0862517  -0.00666741  -0.0862517  0.212628  0.0377654  -0.00666741  0.0377654  0.158503
0.30291  -0.0862327  -0.00666047  -0.0862327  0.212602  0.0377525  -0.00666047  0.0377525  0.158504
0.302904  -0.0860542  -0.0064334  -0.0860542  0.212341  0.0375699  -0.0064334  0.0375699  0.158578
0.302903  -0.0859283  -0.00626233  -0.0859283  0.212148  0.0374326  -0.00626233  0.0374326  0.158632
0.302901  -0.085921  -0.0062415  -0.085921  0.212141  0.0374232  -0.0062415  0.0374232  0.158643
0.302896  -0.0857347  -0.00599267  -0.0857347  0.211864  0.0372267  -0.00599267  0.0372267  0.158726
0.302897  -0.0857267  -0.00596991  -0.0857267  0.211847  0.0372113  -0.00596991  0.0372113  0.158732
0.302898  -0.0855471  -0.00574045  -0.0855471  0.211566  0.0370189  -0.00574045  0.0370189  0.158801
0.302895  -0.0854068  -0.00557601  -0.0854068  0.211363  0.0368816  -0.00557601  0.0368816  0.158856
0.302897  -0.0854024  -0.00556366  -0.0854024  0.211349  0.0368708  -0.00556366  0.0368708  0.158857
0.302895  -0.0852048  -0.00533025  -0.0852048  0.211056  0.0366735  -0.00533025  0.0366735  0.158932
0.302895  -0.0851968  -0.00530762  -0.0851968  0.211038  0.0366583  -0.00530762  0.0366583  0.158939
0.302896  -0.0850065  -0.00509534  -0.0850065  0.210753  0.0364711  -0.00509534  0.0364711  0.159004
0.302897  -0.0848692  -0.00494017  -0.0848692  0.210544  0.036334  -0.00494017  0.036334  0.159051
0.302893  -0.0848476  -0.00492517  -0.0848476  0.210526  0.0363231  -0.00492517  0.0363231  0.159062
0.302896  -0.0846675  -0.00469588  -0.0846675  0.21024  0.0361288  -0.00469588  0.0361288  0.159131
0.302892  -0.0846459  -0.00468095  -0.0846459  0.210222  0.0361179  -0.00468095  0.0361179  0.159141
0.302887  -0.0844415  -0.0044292  -0.0844415  0.209927  0.0359155  -0.0044292  0.0359155  0.159232
0.302888  -0.0843118  -0.00424918  -0.0843118  0.209725  0.0357734  -0.00424918  0.0357734  0.159293
0.302884  -0.0842902  -0.00423436  -0.0842902  0.209708  0.0357626  -0.00423436  0.0357626  0.159304
0.302881  -0.0840817  -0.00397154  -0.0840817  0.209401  0.0355516  -0.00397154  0.0355516  0.159398
0.302881  -0.0840629  -0.00396482  -0.0840629  0.209376  0.0355393  -0.00396482  0.0355393  0.159398
0.302877  -0.083851  -0.00369262  -0.083851  0.209067  0.0353252  -0.00369262  0.0353252  0.1595
0.302878  -0.083843  -0.00367029  -0.083843  0.20905  0.0353105  -0.00367029  0.0353105  0.159507
0.302875  -0.0836275  -0.00343462  -0.0836275  0.208741  0.0351088  -0.00343462  0.0351088  0.159591
0.302876  -0.0836195  -0.00341234  -0.0836195  0.208723  0.0350941  -0.00341234  0.0350941  0.159599
0.302874  -0.083415  -0.00316173  -0.083415  0.208424  0.0348911  -0.00316173  0.0348911  0.159691
0.30287  -0.0832534  -0.00298499  -0.0832534  0.208201  0.0347449  -0.00298499  0.0347449  0.15976
0.302867  -0.0832464  -0.00296498  -0.0832464  0.208195  0.0347364  -0.00296498  0.0347364  0.159772
