0.305359  -0.141539  -0.0548991  -0.141539  0.311445  0.100607  -0.0548991  0.100607  0.165636
0.305359  -0.141539  -0.0548991  -0.141539  0.311445  0.100607  -0.0548991  0.100607  0.165636
0.305362  -0.141105  -0.0556419  -0.141105  0.310904  0.100886  -0.0556419  0.100886  0.165866
0.305364  -0.141049  -0.0557338  -0.141049  0.310829  0.100916  -0.0557338  0.100916  0.165894
0.305334  -0.140512  -0.0570488  -0.140512  0.310414  0.101633  -0.0570488  0.101633  0.166376
0.305339  -0.140549  -0.057095  -0.140549  0.310493  0.101694  -0.057095  0.101694  0.166398
0.305367  -0.140652  -0.0572597  -0.140652  0.310702  0.101877  -0.0572597  0.101877  0.16647
0.305474  -0.140368  -0.0584864  -0.140368  0.310437  0.10254  -0.0584864  0.10254  0.166901
0.305485  -0.140251  -0.0587873  -0.140251  0.310316  0.102685  -0.0587873  0.102685  0.167011
0.305515  -0.139941  -0.0596217  -0.139941  0.310012  0.103098  -0.0596217  0.103098  0.167323
0.305434  -0.139489  -0.0611085  -0.139489  0.309974  0.104088  -0.0611085  0.104088  0.167993
0.305436  -0.139491  -0.0611839  -0.139491  0.310006  0.10415  -0.0611839  0.10415  0.168029
0.305303  -0.138921  -0.0628595  -0.138921  0.309949  0.105267  -0.0628595  0.105267  0.168833
0.305294  -0.138873  -0.0630018  -0.138873  0.309942  0.10536  -0.0630018  0.10536  0.168902
0.305083  -0.139067  -0.0633571  -0.139067  0.310957  0.106098  -0.0633571  0.106098  0.169234
0.305066  -0.13911  -0.063318  -0.13911  0.311058  0.106122  -0.063318  0.106122  0.169231
0.304731  -0.139186  -0.0634054  -0.139186  0.312013  0.106706  -0.0634054  0.106706  0.169483
0.304672  -0.139046  -0.0636091  -0.139046  0.311971  0.106844  -0.0636091  0.106844  0.1696
0.30417  -0.138241  -0.0649214  -0.138241  0.31217  0.107971  -0.0649214  0.107971  0.170452
0.304106  -0.138206  -0.0649954  -0.138206  0.312288  0.108094  -0.0649954  0.108094  0.170525
0.303948  -0.138401  -0.0648225  -0.138401  0.312957  0.108327  -0.0648225  0.108327  0.17056
0.303518  -0.138721  -0.0640805  -0.138721  0.314267  0.108563  -0.0640805  0.108563  0.170484
0.303499  -0.138714  -0.0640922  -0.138714  0.314304  0.108594  -0.0640922  0.108594  0.170501
0.303239  -0.13787  -0.0654855  -0.13787  0.313919  0.109442  -0.0654855  0.109442  0.171266
0.303217  -0.137814  -0.0655482  -0.137814  0.313892  0.10948  -0.0655482  0.10948  0.171305
0.302956  -0.137995  -0.0651728  -0.137995  0.314703  0.109683  -0.0651728  0.109683  0.171294
0.302931  -0.138105  -0.0649563  -0.138105  0.314881  0.109627  -0.0649563  0.109627  0.171212
0.302842  -0.138269  -0.0644654  -0.138269  0.315195  0.109473  -0.0644654  0.109473  0.171033
0.302903  -0.137765  -0.0653293  -0.137765  0.314456  0.1097  -0.0653293  0.1097  0.171375
0.30292  -0.13771  -0.0654678  -0.13771  0.314372  0.109748  -0.0654678  0.109748  0.171431
0.302921  -0.137197  -0.0660404  -0.137197  0.313637  0.109802  -0.0660404  0.109802  0.17166
0.302921  -0.137225  -0.0659939  -0.137225  0.313671  0.109787  -0.0659939  0.109787  0.171639
0.302961  -0.137509  -0.0650788  -0.137509  0.313703  0.109188  -0.0650788  0.109188  0.171163
0.302977  -0.13744  -0.0650891  -0.13744  0.313535  0.109116  -0.0650891  0.109116  0.171148
0.303096  -0.136226  -0.0663288  -0.136226  0.311478  0.108979  -0.0663288  0.108979  0.171554
0.303087  -0.13604  -0.0664752  -0.13604  0.311209  0.108959  -0.0664752  0.108959  0.17161
0.303072  -0.13573  -0.0666179  -0.13573  0.310719  0.10884  -0.0666179  0.10884  0.17165
0.302966  -0.135892  -0.0654042  -0.135892  0.310726  0.108103  -0.0654042  0.108103  0.171079
0.302958  -0.135892  -0.065344  -0.135892  0.310717  0.108063  -0.065344  0.108063  0.171052
0.302904  -0.134903  -0.0657104  -0.134903  0.309131  0.107622  -0.0657104  0.107622  0.171129
0.30288  -0.134691  -0.065857  -0.134691  0.308851  0.107601  -0.065857  0.107601  0.17119
0.302714  -0.133806  -0.0661357  -0.133806  0.307703  0.107329  -0.0661357  0.107329  0.17131
0.302677  -0.133806  -0.065986  -0.133806  0.307724  0.107257  -0.065986  0.107257  0.171252
0.302583  -0.133867  -0.0654343  -0.133867  0.307813  0.106982  -0.0654343  0.106982  0.171023
0.302456  -0.133502  -0.0649038  -0.133502  0.30719  0.106418  -0.0649038  0.106418  0.170763
0.302453  -0.133428  -0.0649251  -0.133428  0.307066  0.106378  -0.0649251  0.106378  0.170765
0.302321  -0.132369  -0.0654967  -0.132369  0.30566  0.106159  -0.0654967  0.106159  0.170994
0.302308  -0.132316  -0.0654689  -0.132316  0.30558  0.106111  -0.0654689  0.106111  0.17098
0.302173  -0.132448  -0.064453  -0.132448  0.305691  0.105575  -0.064453  0.105575  0.170545
0.302173  -0.132475  -0.0643335  -0.132475  0.305688  0.105499  -0.0643335  0.105499  0.170487
0.302161  -0.132341  -0.0642203  -0.132341  0.305416  0.105312  -0.0642203  0.105312  0.170415
0.302147  -0.131443  -0.0647638  -0.131443  0.304022  0.105034  -0.0647638  0.105034  0.170574
0.302145  -0.131356  -0.0648075  -0.131356  0.303886  0.105001  -0.0648075  0.105001  0.170585
0.302123  -0.131438  -0.0640519  -0.131438  0.30375  0.104481  -0.0640519  0.104481  0.170214
0.302113  -0.131432  -0.063975  -0.131432  0.303729  0.104428  -0.063975  0.104428  0.17018
0.302142  -0.131145  -0.0635618  -0.131145  0.302939  0.103811  -0.0635618  0.103811  0.169904
0.302157  -0.131105  -0.0635997  -0.131105  0.302845  0.103788  -0.0635997  0.103788  0.169908
0.302165  -0.130405  -0.0637978  -0.130405  0.301624  0.103362  -0.0637978  0.103362  0.1699
0.302158  -0.130392  -0.0637618  -0.130392  0.3016  0.103332  -0.0637618  0.103332  0.169884
0.302126  -0.130469  -0.0628623  -0.130469  0.301414  0.102709  -0.0628623  0.102709  0.169457
0.30213  -0.130462  -0.0628295  -0.130462  0.301378  0.102672  -0.0628295  0.102672  0.169437
0.302154  -0.129877  -0.0629094  -0.129877  0.300282  0.102225  -0.0629094  0.102225  0.169375
0.302151  -0.129804  -0.0629304  -0.129804  0.300164  0.102185  -0.0629304  0.102185  0.169376
0.302148  -0.129592  -0.0629384  -0.129592  0.299788  0.102024  -0.0629384  0.102024  0.169351
0.302161  -0.129645  -0.0624546  -0.129645  0.299637  0.101658  -0.0624546  0.101658  0.169108
0.302164  -0.129652  -0.0623996  -0.129652  0.299617  0.101614  -0.0623996  0.101614  0.169079
0.302217  -0.129398  -0.0623561  -0.129398  0.299008  0.101299  -0.0623561  0.101299  0.168986
0.302214  -0.129365  -0.0623829  -0.129365  0.298967  0.101297  -0.0623829  0.101297  0.168997
0.302248  -0.129184  -0.0624355  -0.129184  0.29858  0.101145  -0.0624355  0.101145  0.168975
0.302261  -0.12921  -0.0624339  -0.12921  0.298595  0.101146  -0.0624339  0.101146  0.168969
0.302264  -0.129243  -0.0623343  -0.129243  0.298603  0.101089  -0.0623343  0.101089  0.168922
0.302312  -0.12924  -0.0623031  -0.12924  0.29847  0.100994  -0.0623031  0.100994  0.168876
0.302309  -0.12922  -0.0623076  -0.12922  0.298443  0.100986  -0.0623076  0.100986  0.168877
0.302361  -0.129157  -0.0624057  -0.129157  0.298248  0.10094  -0.0624057  0.10094  0.168883
0.302358  -0.129151  -0.0623879  -0.129151  0.298236  0.100925  -0.0623879  0.100925  0.168875
0.302374  -0.129236  -0.0623149  -0.129236  0.298321  0.100913  -0.0623149  0.100913  0.168842
0.302384  -0.129242  -0.0623178  -0.129242  0.298309  0.100906  -0.0623178  0.100906  0.168837
0.302379  -0.129136  -0.0623656  -0.129136  0.29815  0.100866  -0.0623656  0.100866  0.168849
0.302379  -0.129136  -0.0623656  -0.129136  0.29815  0.100866  -0.0623656  0.100866  0.168849
0.302382  -0.129143  -0.0623107  -0.129143  0.29813  0.100822  -0.0623107  0.100822  0.168821
0.302352  -0.129059  -0.0622679  -0.129059  0.298028  0.100762  -0.0622679  0.100762  0.168806
0.302352  -0.129059  -0.0622679  -0.129059  0.298028  0.100762  -0.0622679  0.100762  0.168806
0.302324  -0.128909  -0.0622638  -0.128909  0.297822  0.100677  -0.0622638  0.100677  0.1688
0.302334  -0.128915  -0.0622668  -0.128915  0.29781  0.10067  -0.0622668  0.10067  0.168796
0.302298  -0.128778  -0.0621827  -0.128778  0.297609  0.100542  -0.0621827  0.100542  0.168757
0.302298  -0.128778  -0.0621827  -0.128778  0.297609  0.100542  -0.0621827  0.100542  0.168757
0.302267  -0.128582  -0.0622277  -0.128582  0.297349  0.100463  -0.0622277  0.100463  0.168771
0.302267  -0.128582  -0.0622277  -0.128582  0.297349  0.100463  -0.0622277  0.100463  0.168771
0.302226  -0.128408  -0.0621527  -0.128408  0.297097  0.10032  -0.0621527  0.10032  0.168734
0.302223  -0.128401  -0.062135  -0.128401  0.297086  0.100305  -0.062135  0.100305  0.168727
0.302168  -0.128188  -0.062084  -0.128188  0.296807  0.100168  -0.062084  0.100168  0.168705
0.302165  -0.128169  -0.0620885  -0.128169  0.296781  0.10016  -0.0620885  0.10016  0.168707
0.302092  -0.127918  -0.0620038  -0.127918  0.296466  0.0999935  -0.0620038  0.0999935  0.168676
0.302089  -0.127899  -0.0620083  -0.127899  0.29644  0.0999856  -0.0620083  0.0999856  0.168677
0.301989  -0.127664  -0.0618164  -0.127664  0.296171  0.0997844  -0.0618164  0.0997844  0.168614
0.301983  -0.127638  -0.0618033  -0.127638  0.296134  0.0997621  -0.0618033  0.0997621  0.168608
0.301885  -0.127352  -0.0616284  -0.127352  0.295777  0.0995311  -0.0616284  0.0995311  0.168544
0.301869  -0.127321  -0.0616124  -0.127321  0.295752  0.0995159  -0.0616124  0.0995159  0.168542
0.301821  -0.127214  -0.0615148  -0.127214  0.295631  0.0994199  -0.0615148  0.0994199  0.168511
0.301706  -0.126906  -0.0612854  -0.126906  0.295254  0.0991542  -0.0612854  0.0991542  0.16843
0.30169  -0.126874  -0.0612696  -0.126874  0.29523  0.0991391  -0.0612696  0.0991391  0.168429
0.301561  -0.12651  -0.0609979  -0.12651  0.29477  0.0988161  -0.0609979  0.0988161  0.168331
0.301445  -0.126237  -0.0607587  -0.126237  0.29446  0.0985755  -0.0607587  0.0985755  0.168254
0.301439  -0.126212  -0.0607459  -0.126212  0.294424  0.0985535  -0.0607459  0.0985535  0.168249
0.301348  -0.125962  -0.0606191  -0.125962  0.294145  0.0983844  -0.0606191  0.0983844  0.168213
0.301327  -0.125906  -0.0605907  -0.125906  0.294084  0.0983477  -0.0605907  0.0983477  0.168206
0.301187  -0.125528  -0.0603559  -0.125528  0.293652  0.0980636  -0.0603559  0.0980636  0.168135
0.301179  -0.125497  -0.0603258  -0.125497  0.293605  0.0980276  -0.0603258  0.0980276  0.168122
0.301034  -0.125161  -0.0600413  -0.125161  0.293241  0.097747  -0.0600413  0.097747  0.168039
0.301021  -0.125149  -0.0600214  -0.125149  0.293242  0.09774  -0.0600214  0.09774  0.168036
0.300876  -0.124757  -0.0598081  -0.124757  0.292814  0.0974724  -0.0598081  0.0974724  0.167981
0.300853  -0.124696  -0.059763  -0.124696  0.292743  0.0974223  -0.059763  0.0974223  0.167967
0.300786  -0.12457  -0.0596287  -0.12457  0.29263  0.0973161  -0.0596287  0.0973161  0.167933
0.300643  -0.124283  -0.0593141  -0.124283  0.292346  0.0970551  -0.0593141  0.0970551  0.167847
0.300623  -0.124228  -0.0592864  -0.124228  0.292287  0.0970193  -0.0592864  0.0970193  0.16784
0.300482  -0.123891  -0.0590599  -0.123891  0.29195  0.096785  -0.0590599  0.096785  0.167788
0.300477  -0.123866  -0.0590474  -0.123866  0.291915  0.0967636  -0.0590474  0.0967636  0.167782
0.300339  -0.123626  -0.0587579  -0.123626  0.291717  0.0965552  -0.0587579  0.0965552  0.167714
0.300337  -0.12362  -0.0587409  -0.12362  0.291706  0.0965415  -0.0587409  0.0965415  0.167707
0.300216  -0.123334  -0.0585269  -0.123334  0.29142  0.0963311  -0.0585269  0.0963311  0.167657
0.300214  -0.123315  -0.0585314  -0.123315  0.291396  0.0963236  -0.0585314  0.0963236  0.167658
0.30017  -0.123234  -0.0584483  -0.123234  0.29133  0.0962614  -0.0584483  0.0962614  0.167641
0.300102  -0.123112  -0.0582615  -0.123112  0.291212  0.0961243  -0.0582615  0.0961243  0.167589
0.300102  -0.123112  -0.0582615  -0.123112  0.291212  0.0961243  -0.0582615  0.0961243  0.167589
0.300059  -0.122993  -0.0581736  -0.122993  0.291074  0.0960267  -0.0581736  0.0960267  0.167564
0.300059  -0.122993  -0.0581736  -0.122993  0.291074  0.0960267  -0.0581736  0.0960267  0.167564
0.300038  -0.122985  -0.0580439  -0.122985  0.29106  0.0959533  -0.0580439  0.0959533  0.167521
0.30004  -0.123003  -0.0580393  -0.123003  0.291084  0.0959608  -0.0580393  0.0959608  0.16752
0.300049  -0.123021  -0.0580204  -0.123021  0.291086  0.0959476  -0.0580204  0.0959476  0.167508
0.300049  -0.123021  -0.0580204  -0.123021  0.291086  0.0959476  -0.0580204  0.0959476  0.167508
0.300067  -0.123127  -0.0579616  -0.123127  0.291198  0.095958  -0.0579616  0.095958  0.167483
0.300067  -0.123127  -0.0579616  -0.123127  0.291198  0.095958  -0.0579616  0.095958  0.167483
0.300107  -0.123241  -0.057963  -0.123241  0.291295  0.0959877  -0.057963  0.0959877  0.16747
0.300107  -0.123241  -0.057963  -0.123241  0.291295  0.0959877  -0.057963  0.0959877  0.16747
0.300135  -0.1233  -0.0579925  -0.1233  0.291341  0.0960157  -0.0579925  0.0960157  0.167472
0.300183  -0.123471  -0.0579801  -0.123471  0.291511  0.0960678  -0.0579801  0.0960678  0.167456
0.300183  -0.123471  -0.0579801  -0.123471  0.291511  0.0960678  -0.0579801  0.0960678  0.167456
0.300248  -0.123638  -0.0580639  -0.123638  0.291674  0.0961663  -0.0580639  0.0961663  0.167469
0.300257  -0.123644  -0.0580664  -0.123644  0.291661  0.0961592  -0.0580664  0.0961592  0.167465
0.300322  -0.123825  -0.0581289  -0.123825  0.291839  0.0962516  -0.0581289  0.0962516  0.167471
0.300372  -0.12397  -0.0581596  -0.12397  0.291982  0.0963164  -0.0581596  0.0963164  0.16747
0.300381  -0.123976  -0.0581622  -0.123976  0.29197  0.0963093  -0.0581622  0.0963093  0.167466
0.300411  -0.124041  -0.0582089  -0.124041  0.292028  0.0963513  -0.0582089  0.0963513  0.167474
0.300483  -0.124222  -0.0583271  -0.124222  0.292214  0.0964778  -0.0583271  0.0964778  0.167502
0.300533  -0.124381  -0.0583365  -0.124381  0.292372  0.0965366  -0.0583365  0.0965366  0.167493
0.300536  -0.124387  -0.0583535  -0.124387  0.292383  0.0965504  -0.0583535  0.0965504  0.1675
0.300613  -0.124549  -0.0584623  -0.124549  0.292522  0.096649  -0.0584623  0.096649  0.167518
0.300615  -0.124555  -0.0584793  -0.124555  0.292533  0.0966628  -0.0584793  0.0966628  0.167524
0.300689  -0.124762  -0.0585549  -0.124762  0.292748  0.0967776  -0.0585549  0.0967776  0.167536
0.300689  -0.124762  -0.0585549  -0.124762  0.292748  0.0967776  -0.0585549  0.0967776  0.167536
0.30072  -0.124841  -0.0585804  -0.124841  0.292821  0.0968136  -0.0585804  0.0968136  0.167537
0.300792  -0.125005  -0.0587042  -0.125005  0.292984  0.0969338  -0.0587042  0.0969338  0.167567
0.300838  -0.125115  -0.0587449  -0.125115  0.29308  0.0969844  -0.0587449  0.0969844  0.167569
0.300853  -0.125145  -0.05876  -0.125145  0.293104  0.0969987  -0.05876  0.0969987  0.16757
0.300878  -0.125238  -0.0587784  -0.125238  0.293214  0.0970496  -0.0587784  0.0970496  0.167574
0.300957  -0.125415  -0.0588665  -0.125415  0.293369  0.0971429  -0.0588665  0.0971429  0.167585
0.300969  -0.125426  -0.0588863  -0.125426  0.293368  0.0971498  -0.0588863  0.0971498  0.167587
0.301042  -0.125617  -0.0589674  -0.125617  0.293561  0.097258  -0.0589674  0.097258  0.167602
0.301057  -0.125648  -0.0589826  -0.125648  0.293585  0.0972725  -0.0589826  0.0972725  0.167603
0.301083  -0.125741  -0.0590011  -0.125741  0.293696  0.0973236  -0.0590011  0.0973236  0.167607
0.301166  -0.125912  -0.0591288  -0.125912  0.29385  0.0974379  -0.0591288  0.0974379  0.167633
0.301182  -0.125943  -0.059144  -0.125943  0.293874  0.0974524  -0.059144  0.0974524  0.167634
0.301205  -0.126018  -0.0591673  -0.126018  0.293959  0.0974961  -0.0591673  0.0974961  0.16764
0.301279  -0.126249  -0.0591835  -0.126249  0.294197  0.0975857  -0.0591835  0.0975857  0.16763
0.301291  -0.126274  -0.0591816  -0.126274  0.294211  0.0975862  -0.0591816  0.0975862  0.167625
0.301361  -0.126428  -0.0592727  -0.126428  0.294355  0.0976801  -0.0592727  0.0976801  0.167642
0.301373  -0.126453  -0.0592707  -0.126453  0.294369  0.0976806  -0.0592707  0.0976806  0.167637
0.301401  -0.126508  -0.0592841  -0.126508  0.294406  0.0976956  -0.0592841  0.0976956  0.167632
0.301476  -0.126715  -0.0592733  -0.126715  0.294586  0.0977425  -0.0592733  0.0977425  0.167607
0.301489  -0.12674  -0.0592714  -0.12674  0.2946  0.097743  -0.0592714  0.097743  0.167601
0.301514  -0.126776  -0.0592894  -0.126776  0.294612  0.0977504  -0.0592894  0.0977504  0.167598
0.301595  -0.126924  -0.0593343  -0.126924  0.2947  0.097788  -0.0593343  0.097788  0.167587
0.301607  -0.126949  -0.0593324  -0.126949  0.294714  0.0977885  -0.0593324  0.0977885  0.167581
0.301698  -0.127143  -0.0593142  -0.127143  0.294834  0.0977994  -0.0593142  0.0977994  0.167542
0.301698  -0.127143  -0.0593142  -0.127143  0.294834  0.0977994  -0.0593142  0.0977994  0.167542
0.301796  -0.127283  -0.0593692  -0.127283  0.294873  0.0978152  -0.0593692  0.0978152  0.167523
0.301799  -0.127303  -0.0593646  -0.127303  0.294899  0.0978228  -0.0593646  0.0978228  0.167522
0.301897  -0.127483  -0.0593538  -0.127483  0.294982  0.0978189  -0.0593538  0.0978189  0.167479
0.3019  -0.127502  -0.0593492  -0.127502  0.295008  0.0978265  -0.0593492  0.0978265  0.167478
0.301996  -0.127624  -0.0594089  -0.127624  0.295021  0.0978347  -0.0594089  0.0978347  0.167461
0.302006  -0.12763  -0.0594116  -0.12763  0.295009  0.0978276  -0.0594116  0.0978276  0.167457
0.302106  -0.127811  -0.0594008  -0.127811  0.295093  0.0978236  -0.0594008  0.0978236  0.167414
0.302106  -0.127811  -0.0594008  -0.127811  0.295093  0.0978236  -0.0594008  0.0978236  0.167414
0.302144  -0.127873  -0.059417  -0.127873  0.295119  0.0978316  -0.059417  0.0978316  0.167406
0.302242  -0.127996  -0.0594769  -0.127996  0.295134  0.0978398  -0.0594769  0.0978398  0.167388
0.302255  -0.128021  -0.0594749  -0.128021  0.295147  0.0978403  -0.0594749  0.0978403  0.167383
0.302352  -0.128196  -0.0594467  -0.128196  0.295221  0.097822  -0.0594467  0.097822  0.167334
0.302362  -0.128202  -0.0594494  -0.128202  0.295208  0.0978148  -0.0594494  0.0978148  0.167329
0.302398  -0.128258  -0.0594482  -0.128258  0.295224  0.0978086  -0.0594482  0.0978086  0.167314
0.302504  -0.128367  -0.0595155  -0.128367  0.2952  0.097802  -0.0595155  0.097802  0.167294
0.302514  -0.128373  -0.0595182  -0.128373  0.295188  0.0977948  -0.0595182  0.0977948  0.16729
0.302554  -0.128448  -0.0595124  -0.128448  0.29523  0.0977962  -0.0595124  0.0977962  0.167273
0.302656  -0.128591  -0.059496  -0.128591  0.29524  0.0977554  -0.059496  0.0977554  0.167222
0.302727  -0.128658  -0.0595425  -0.128658  0.295215  0.0977485  -0.0595425  0.0977485  0.167209
0.302737  -0.128663  -0.0595451  -0.128663  0.295203  0.0977413  -0.0595451  0.0977413  0.167205
0.30283  -0.128801  -0.059526  -0.128801  0.295225  0.0977076  -0.059526  0.0977076  0.167158
0.30284  -0.128806  -0.0595287  -0.128806  0.295213  0.0977005  -0.0595287  0.0977005  0.167154
0.302938  -0.128897  -0.0595436  -0.128897  0.295156  0.097651  -0.0595436  0.097651  0.167114
0.302952  -0.128909  -0.0595638  -0.128909  0.295155  0.0976581  -0.0595638  0.0976581  0.167116
0.302996  -0.128952  -0.0595698  -0.128952  0.295133  0.097637  -0.0595698  0.097637  0.167098
0.303094  -0.129069  -0.0595404  -0.129069  0.295105  0.0975741  -0.0595404  0.0975741  0.167041
0.303107  -0.129094  -0.0595385  -0.129094  0.295119  0.0975745  -0.0595385  0.0975745  0.167036
0.303196  -0.129153  -0.0595949  -0.129153  0.295045  0.0975456  -0.0595949  0.0975456  0.167016
0.303196  -0.129153  -0.0595949  -0.129153  0.295045  0.0975456  -0.0595949  0.0975456  0.167016
0.303278  -0.129265  -0.0595776  -0.129265  0.295053  0.0975113  -0.0595776  0.0975113  0.166974
0.303278  -0.129265  -0.0595776  -0.129265  0.295053  0.0975113  -0.0595776  0.0975113  0.166974
0.30335  -0.129332  -0.0596241  -0.129332  0.295029  0.0975044  -0.0596241  0.0975044  0.166962
0.30336  -0.129338  -0.0596268  -0.129338  0.295017  0.0974972  -0.0596268  0.0974972  0.166957
0.303415  -0.129386  -0.0596355  -0.129386  0.294982  0.0974688  -0.0596355  0.0974688  0.166935
0.303429  -0.129412  -0.0596336  -0.129412  0.294996  0.0974692  -0.0596336  0.0974692  0.166929
0.303484  -0.12946  -0.0596423  -0.12946  0.294962  0.0974408  -0.0596423  0.0974408  0.166907
0.303495  -0.129466  -0.0596449  -0.129466  0.29495  0.0974336  -0.0596449  0.0974336  0.166903
0.303554  -0.129507  -0.0596935  -0.129507  0.294912  0.0974262  -0.0596935  0.0974262  0.166895
0.303564  -0.129513  -0.0596961  -0.129513  0.294899  0.097419  -0.0596961  0.097419  0.166891
0.303574  -0.129532  -0.0596766  -0.129532  0.294902  0.0974051  -0.0596766  0.0974051  0.166879
0.30363  -0.129567  -0.0597075  -0.129567  0.294853  0.0973834  -0.0597075  0.0973834  0.166865
0.303641  -0.129573  -0.0597101  -0.129573  0.294841  0.0973762  -0.0597101  0.0973762  0.16686
0.303696  -0.129608  -0.0597411  -0.129608  0.294791  0.0973545  -0.0597411  0.0973545  0.166846
0.303693  -0.129601  -0.0597234  -0.129601  0.29478  0.0973402  -0.0597234  0.0973402  0.166839
0.303738  -0.129644  -0.0597295  -0.129644  0.294758  0.097319  -0.0597295  0.097319  0.166821
0.303749  -0.12965  -0.0597321  -0.12965  0.294745  0.0973118  -0.0597321  0.0973118  0.166817
0.303791  -0.129659  -0.059765  -0.129659  0.294682  0.0972897  -0.059765  0.0972897  0.166808
0.303791  -0.129659  -0.059765  -0.129659  0.294682  0.0972897  -0.059765  0.0972897  0.166808
0.303811  -0.129684  -0.059748  -0.129684  0.294672  0.0972685  -0.059748  0.0972685  0.166792
0.303853  -0.129707  -0.0597587  -0.129707  0.294624  0.0972397  -0.0597587  0.0972397  0.166775
0.303853  -0.129707  -0.0597587  -0.129707  0.294624  0.0972397  -0.0597587  0.0972397  0.166775
0.303896  -0.12973  -0.0597693  -0.12973  0.294575  0.0972109  -0.0597693  0.0972109  0.166758
0.303896  -0.12973  -0.0597693  -0.12973  0.294575  0.0972109  -0.0597693  0.0972109  0.166758
0.303934  -0.129746  -0.0597622  -0.129746  0.294515  0.0971677  -0.0597622  0.0971677  0.166734
0.303934  -0.129746  -0.0597622  -0.129746  0.294515  0.0971677  -0.0597622  0.0971677  0.166734
0.303944  -0.129752  -0.0597648  -0.129752  0.294503  0.0971605  -0.0597648  0.0971605  0.16673
0.303972  -0.129776  -0.0597329  -0.129776  0.29447  0.0971178  -0.0597329  0.0971178  0.166702
0.303983  -0.129781  -0.0597355  -0.129781  0.294458  0.0971106  -0.0597355  0.0971106  0.166698
0.30401  -0.129805  -0.0597035  -0.129805  0.294425  0.0970679  -0.0597035  0.0970679  0.16667
0.30401  -0.129805  -0.0597035  -0.129805  0.294425  0.0970679  -0.0597035  0.0970679  0.16667
0.304049  -0.129835  -0.0596742  -0.129835  0.29438  0.097018  -0.0596742  0.097018  0.166638
0.304049  -0.129835  -0.0596742  -0.129835  0.29438  0.097018  -0.0596742  0.097018  0.166638
0.304087  -0.129878  -0.0596225  -0.129878  0.29435  0.0969613  -0.0596225  0.0969613  0.166599
0.304097  -0.129883  -0.0596252  -0.129883  0.294338  0.0969541  -0.0596252  0.0969541  0.166594
0.304139  -0.129933  -0.0595912  -0.129933  0.29432  0.0969117  -0.0595912  0.0969117  0.166561
0.304139  -0.129933  -0.0595912  -0.129933  0.29432  0.0969117  -0.0595912  0.0969117  0.166561
0.304194  -0.130035  -0.0595107  -0.130035  0.294345  0.0968561  -0.0595107  0.0968561  0.166507
0.304194  -0.130035  -0.0595107  -0.130035  0.294345  0.0968561  -0.0595107  0.0968561  0.166507
0.304219  -0.130066  -0.0595113  -0.130066  0.294347  0.0968492  -0.0595113  0.0968492  0.166497
0.304289  -0.13018  -0.059451  -0.13018  0.294372  0.0968007  -0.059451  0.0968007  0.166446
0.304289  -0.130193  -0.0594287  -0.130193  0.294387  0.0967939  -0.0594287  0.0967939  0.166438
0.304327  -0.130264  -0.0594051  -0.130264  0.294418  0.0967805  -0.0594051  0.0967805  0.166415
0.304401  -0.130385  -0.0593623  -0.130385  0.294455  0.0967462  -0.0593623  0.0967462  0.16637
0.304405  -0.130404  -0.0593577  -0.130404  0.294481  0.0967537  -0.0593577  0.0967537  0.166369
0.304504  -0.130598  -0.0593214  -0.130598  0.294596  0.096749  -0.0593214  0.096749  0.166323
0.304515  -0.130604  -0.059324  -0.130604  0.294584  0.0967417  -0.059324  0.0967417  0.166319
0.304619  -0.130817  -0.0592829  -0.130817  0.294726  0.0967445  -0.0592829  0.0967445  0.166272
0.304622  -0.130837  -0.0592783  -0.130837  0.294752  0.096752  -0.0592783  0.096752  0.166271
0.304745  -0.131071  -0.0592752  -0.131071  0.294906  0.0967761  -0.0592752  0.0967761  0.166233
0.304756  -0.131076  -0.0592779  -0.131076  0.294894  0.0967688  -0.0592779  0.0967688  0.166229
0.304897  -0.13137  -0.0592458  -0.13137  0.295104  0.0967938  -0.0592458  0.0967938  0.166177
0.304915  -0.131402  -0.0592615  -0.131402  0.29513  0.0968085  -0.0592615  0.0968085  0.166178
0.305062  -0.13169  -0.0592695  -0.13169  0.295338  0.0968547  -0.0592695  0.0968547  0.166141
0.305076  -0.131716  -0.0592675  -0.131716  0.295352  0.096855  -0.0592675  0.096855  0.166136
0.305239  -0.132085  -0.059257  -0.132085  0.295669  0.0969313  -0.059257  0.0969313  0.166094
0.305254  -0.132098  -0.0592774  -0.132098  0.295668  0.0969385  -0.0592774  0.0969385  0.166097
0.305321  -0.132229  -0.0592824  -0.132229  0.295766  0.0969615  -0.0592824  0.0969615  0.166081
0.305491  -0.13258  -0.0593348  -0.13258  0.296065  0.0970663  -0.0593348  0.0970663  0.166062
0.305505  -0.132606  -0.0593328  -0.132606  0.29608  0.0970666  -0.0593328  0.0970666  0.166056
0.305695  -0.133006  -0.0593787  -0.133006  0.296423  0.0971794  -0.0593787  0.0971794  0.166031
0.30571  -0.133032  -0.0593767  -0.133032  0.296438  0.0971796  -0.0593767  0.0971796  0.166026
0.305907  -0.13344  -0.0594407  -0.13344  0.296795  0.0973073  -0.0594407  0.0973073  0.166008
0.305922  -0.133466  -0.0594387  -0.133466  0.29681  0.0973075  -0.0594387  0.0973075  0.166002
0.306163  -0.133964  -0.0595304  -0.133964  0.297251  0.0974728  -0.0595304  0.0974728  0.165986
0.306183  -0.134011  -0.0595237  -0.134011  0.297294  0.0974807  -0.0595237  0.0974807  0.16598
0.306412  -0.134484  -0.0596178  -0.134484  0.297723  0.0976463  -0.0596178  0.0976463  0.165969
0.306436  -0.134539  -0.0596292  -0.134539  0.297778  0.0976688  -0.0596292  0.0976688  0.16597
0.306656  -0.134995  -0.059744  -0.134995  0.298206  0.0978495  -0.059744  0.0978495  0.165972
0.306677  -0.135029  -0.0597601  -0.135029  0.298234  0.0978645  -0.0597601  0.0978645  0.165974
0.306765  -0.13522  -0.0597925  -0.13522  0.298416  0.0979327  -0.0597925  0.0979327  0.16597
0.307002  -0.135729  -0.0599169  -0.135729  0.298916  0.0981445  -0.0599169  0.0981445  0.165977
0.307023  -0.135763  -0.0599332  -0.135763  0.298944  0.0981596  -0.0599332  0.0981596  0.165979
0.307235  -0.136241  -0.0600576  -0.136241  0.299444  0.0983793  -0.0600576  0.0983793  0.165997
0.307281  -0.136331  -0.0600855  -0.136331  0.299528  0.0984174  -0.0600855  0.0984174  0.165999
0.307365  -0.13654  -0.0601111  -0.13654  0.299754  0.0985012  -0.0601111  0.0985012  0.165999
0.307597  -0.137049  -0.0602345  -0.137049  0.300276  0.0987226  -0.0602345  0.0987226  0.166012
0.307627  -0.137113  -0.0602646  -0.137113  0.300345  0.0987606  -0.0602646  0.0987606  0.166019
0.307725  -0.137316  -0.0603162  -0.137316  0.300545  0.0988449  -0.0603162  0.0988449  0.166023
0.307958  -0.137851  -0.0604517  -0.137851  0.301125  0.0990978  -0.0604517  0.0990978  0.166047
0.307962  -0.137873  -0.060447  -0.137873  0.301154  0.0991055  -0.060447  0.0991055  0.166046
0.30819  -0.138369  -0.0605926  -0.138369  0.301681  0.099344  -0.0605926  0.099344  0.166073
0.308216  -0.138425  -0.0606044  -0.138425  0.301739  0.0993672  -0.0606044  0.0993672  0.166073
0.308299  -0.138617  -0.0606355  -0.138617  0.301943  0.0994447  -0.0606355  0.0994447  0.166075
0.308527  -0.139114  -0.060706  -0.139114  0.302443  0.0996239  -0.060706  0.0996239  0.166068
0.308527  -0.139114  -0.060706  -0.139114  0.302443  0.0996239  -0.060706  0.0996239  0.166068
0.308734  -0.139506  -0.0608003  -0.139506  0.3028  0.0997649  -0.0608003  0.0997649  0.166067
0.308739  -0.139514  -0.0608189  -0.139514  0.302812  0.0997803  -0.0608189  0.0997803  0.166074
0.308925  -0.139899  -0.0608501  -0.139899  0.303176  0.0998908  -0.0608501  0.0998908  0.166055
0.30893  -0.139921  -0.0608455  -0.139921  0.303206  0.0998986  -0.0608455  0.0998986  0.166054
0.309103  -0.140257  -0.0608676  -0.140257  0.3035  0.0999785  -0.0608676  0.0999785  0.166029
0.309108  -0.140264  -0.0608862  -0.140264  0.303512  0.0999938  -0.0608862  0.0999938  0.166037
0.309277  -0.140579  -0.0609132  -0.140579  0.303778  0.100066  -0.0609132  0.100066  0.166013
0.309299  -0.14063  -0.0609066  -0.14063  0.303826  0.100074  -0.0609066  0.100074  0.166007
0.309361  -0.140758  -0.0608916  -0.140758  0.303938  0.100091  -0.0608916  0.100091  0.165989
0.309535  -0.141066  -0.0608839  -0.141066  0.304169  0.100125  -0.0608839  0.100125  0.165948
0.309552  -0.141094  -0.060882  -0.141094  0.304187  0.100125  -0.060882  0.100125  0.165942
0.30961  -0.141202  -0.0608716  -0.141202  0.30427  0.100134  -0.0608716  0.100134  0.165926
0.309774  -0.141495  -0.0608264  -0.141495  0.304478  0.100137  -0.0608264  0.100137  0.165869
0.309779  -0.141517  -0.0608217  -0.141517  0.304508  0.100144  -0.0608217  0.100144  0.165868
0.309948  -0.141759  -0.0608121  -0.141759  0.304626  0.100132  -0.0608121  0.100132  0.165819
0.309971  -0.141796  -0.0608289  -0.141796  0.304657  0.100148  -0.0608289  0.100148  0.165821
0.310038  -0.141888  -0.060826  -0.141888  0.304698  0.100141  -0.060826  0.100141  0.165801
0.310184  -0.142109  -0.0607759  -0.142109  0.304805  0.100105  -0.0607759  0.100105  0.165741
0.310202  -0.142138  -0.060774  -0.142138  0.304823  0.100106  -0.060774  0.100106  0.165736
0.310363  -0.142351  -0.0607501  -0.142351  0.3049  0.10007  -0.0607501  0.10007  0.16568
0.310381  -0.14238  -0.0607482  -0.14238  0.304919  0.10007  -0.0607482  0.10007  0.165674
0.310436  -0.142466  -0.0607424  -0.142466  0.304973  0.100071  -0.0607424  0.100071  0.165659
0.310602  -0.142717  -0.0606901  -0.142717  0.305099  0.100035  -0.0606901  0.100035  0.165594
0.31062  -0.142746  -0.0606881  -0.142746  0.305117  0.100035  -0.0606881  0.100035  0.165589
0.31077  -0.142939  -0.0606848  -0.142939  0.30519  0.100014  -0.0606848  0.100014  0.165545
0.310783  -0.142946  -0.0606876  -0.142946  0.305178  0.100007  -0.0606876  0.100007  0.165541
0.310938  -0.143176  -0.0606559  -0.143176  0.305299  0.0999856  -0.0606559  0.0999856  0.165489
0.310956  -0.143205  -0.0606539  -0.143205  0.305318  0.0999859  -0.0606539  0.0999859  0.165483
0.311025  -0.143299  -0.0606508  -0.143299  0.30536  0.0999791  -0.0606508  0.0999791  0.165464
0.311159  -0.14345  -0.0606731  -0.14345  0.305397  0.0999658  -0.0606731  0.0999658  0.165434
0.311177  -0.14348  -0.0606711  -0.14348  0.305416  0.099966  -0.0606711  0.099966  0.165429
0.311329  -0.143689  -0.060644  -0.143689  0.305508  0.099937  -0.060644  0.099937  0.165377
0.311347  -0.143718  -0.060642  -0.143718  0.305526  0.0999372  -0.060642  0.0999372  0.165372
0.311412  -0.14379  -0.0606436  -0.14379  0.305539  0.0999227  -0.0606436  0.0999227  0.165353
0.311569  -0.143918  -0.0606998  -0.143918  0.305503  0.0998945  -0.0606998  0.0998945  0.165324
0.311575  -0.143941  -0.0606951  -0.143941  0.305533  0.0999022  -0.0606951  0.0999022  0.165323
0.311717  -0.144106  -0.0606773  -0.144106  0.305565  0.0998576  -0.0606773  0.0998576  0.165274
0.311717  -0.144106  -0.0606773  -0.144106  0.305565  0.0998576  -0.0606773  0.0998576  0.165274
0.311849  -0.144221  -0.060728  -0.144221  0.305553  0.0998443  -0.060728  0.0998443  0.165253
0.311862  -0.144228  -0.0607308  -0.144228  0.305541  0.0998368  -0.0607308  0.0998368  0.165249
0.311982  -0.144341  -0.0607196  -0.144341  0.305523  0.0997842  -0.0607196  0.0997842  0.165206
0.311995  -0.144348  -0.0607224  -0.144348  0.305511  0.0997767  -0.0607224  0.0997767  0.165202
0.312124  -0.144431  -0.0607425  -0.144431  0.305431  0.0997169  -0.0607425  0.0997169  0.165164
0.312144  -0.144446  -0.0607644  -0.144446  0.305431  0.099725  -0.0607644  0.099725  0.165167
0.312199  -0.144473  -0.0607754  -0.144473  0.305382  0.099695  -0.0607754  0.099695  0.16515
0.312327  -0.144585  -0.0607478  -0.144585  0.305339  0.0996191  -0.0607478  0.0996191  0.165095
0.312405  -0.144603  -0.0607691  -0.144603  0.305235  0.0995663  -0.0607691  0.0995663  0.165072
0.312405  -0.144603  -0.0607691  -0.144603  0.305235  0.0995663  -0.0607691  0.0995663  0.165072
0.312525  -0.144627  -0.0608224  -0.144627  0.305075  0.0994989  -0.0608224  0.0994989  0.165044
0.312525  -0.144627  -0.0608224  -0.144627  0.305075  0.0994989  -0.0608224  0.0994989  0.165044
0.312629  -0.144701  -0.0607775  -0.144701  0.305001  0.0994071  -0.0607775  0.0994071  0.164987
0.312637  -0.144686  -0.060785  -0.144686  0.304958  0.0993919  -0.060785  0.0993919  0.164984
0.312674  -0.144683  -0.0607979  -0.144683  0.30489  0.0993617  -0.0607979  0.0993617  0.164972
0.31276  -0.144685  -0.0608265  -0.144685  0.304742  0.0992937  -0.0608265  0.0992937  0.164945
0.312774  -0.144692  -0.0608293  -0.144692  0.30473  0.0992862  -0.0608293  0.0992862  0.164941
0.312867  -0.14472  -0.0607937  -0.14472  0.304594  0.099179  -0.0607937  0.099179  0.164887
0.312867  -0.14472  -0.0607937  -0.14472  0.304594  0.099179  -0.0607937  0.099179  0.164887
0.312951  -0.144675  -0.0608153  -0.144675  0.30436  0.0990725  -0.0608153  0.0990725  0.16485
0.312951  -0.144675  -0.0608153  -0.144675  0.30436  0.0990725  -0.0608153  0.0990725  0.16485
0.312973  -0.14468  -0.0608016  -0.14468  0.304323  0.0990418  -0.0608016  0.0990418  0.164835
0.313033  -0.144673  -0.0607651  -0.144673  0.30418  0.098942  -0.0607651  0.098942  0.164789
0.313033  -0.144673  -0.0607651  -0.144673  0.30418  0.098942  -0.0607651  0.098942  0.164789
0.313074  -0.144621  -0.0607546  -0.144621  0.304002  0.0988502  -0.0607546  0.0988502  0.164757
0.313083  -0.144605  -0.060762  -0.144605  0.303959  0.098835  -0.060762  0.098835  0.164754
0.313128  -0.144605  -0.060699  -0.144605  0.303847  0.0987349  -0.060699  0.0987349  0.164705
0.313123  -0.144583  -0.0607037  -0.144583  0.303816  0.0987273  -0.0607037  0.0987273  0.164706
0.31315  -0.144539  -0.0606665  -0.144539  0.303668  0.0986351  -0.0606665  0.0986351  0.16467
0.313144  -0.144516  -0.0606713  -0.144516  0.303637  0.0986275  -0.0606713  0.0986275  0.164671
0.313161  -0.144498  -0.0606622  -0.144498  0.303569  0.0985892  -0.0606622  0.0985892  0.164656
0.313173  -0.144462  -0.0605985  -0.144462  0.303452  0.0984967  -0.0605985  0.0984967  0.164616
0.313173  -0.144462  -0.0605985  -0.144462  0.303452  0.0984967  -0.0605985  0.0984967  0.164616
0.313166  -0.144383  -0.0605608  -0.144383  0.303298  0.0984121  -0.0605608  0.0984121  0.164589
0.31318  -0.144389  -0.0605634  -0.144389  0.303285  0.0984046  -0.0605634  0.0984046  0.164585
0.313168  -0.144358  -0.0605491  -0.144358  0.303242  0.0983814  -0.0605491  0.0983814  0.164579
0.313166  -0.14433  -0.0604589  -0.14433  0.303155  0.0982887  -0.0604589  0.0982887  0.164535
0.31316  -0.144322  -0.0604398  -0.144322  0.303143  0.0982731  -0.0604398  0.0982731  0.164528
0.313168  -0.144306  -0.0604472  -0.144306  0.3031  0.098258  -0.0604472  0.098258  0.164525
0.313164  -0.144273  -0.0604165  -0.144273  0.303032  0.0982118  -0.0604165  0.0982118  0.164508
0.313172  -0.144271  -0.0604  -0.144271  0.303007  0.0981888  -0.0604  0.0981888  0.164497
0.313167  -0.144267  -0.0603216  -0.144267  0.302975  0.0981268  -0.0603216  0.0981268  0.164463
0.313167  -0.144267  -0.0603216  -0.144267  0.302975  0.0981268  -0.0603216  0.0981268  0.164463
0.313175  -0.144265  -0.0603052  -0.144265  0.302951  0.0981037  -0.0603052  0.0981037  0.164452
0.313171  -0.144233  -0.0602745  -0.144233  0.302883  0.0980576  -0.0602745  0.0980576  0.164435
0.313165  -0.144224  -0.0602554  -0.144224  0.30287  0.0980421  -0.0602554  0.0980421  0.164428
0.313159  -0.14423  -0.0602125  -0.14423  0.302876  0.0980187  -0.0602125  0.0980187  0.164413
0.31316  -0.144235  -0.0601533  -0.144235  0.302857  0.0979723  -0.0601533  0.0979723  0.164387
0.313154  -0.144212  -0.060158  -0.144212  0.302826  0.0979647  -0.060158  0.0979647  0.164387
0.313141  -0.14421  -0.0600961  -0.14421  0.30282  0.0979258  -0.0600961  0.0979258  0.164366
0.313141  -0.14421  -0.0600961  -0.14421  0.30282  0.0979258  -0.0600961  0.0979258  0.164366
0.313136  -0.14422  -0.0599941  -0.14422  0.302806  0.097856  -0.0599941  0.097856  0.164325
0.313136  -0.14422  -0.0599941  -0.14422  0.302806  0.097856  -0.0599941  0.097856  0.164325
0.313124  -0.144189  -0.0599798  -0.144189  0.302763  0.097833  -0.0599798  0.097833  0.164319
0.313105  -0.144179  -0.059899  -0.144179  0.302744  0.0977788  -0.059899  0.0977788  0.16429
0.313105  -0.144193  -0.0598752  -0.144193  0.302762  0.0977709  -0.0598752  0.0977709  0.164282
0.3131  -0.144189  -0.059797  -0.144189  0.302731  0.0977091  -0.059797  0.0977091  0.164249
0.313094  -0.14418  -0.059778  -0.14418  0.302718  0.0976937  -0.059778  0.0976937  0.164242
0.313087  -0.144172  -0.059759  -0.144172  0.302706  0.0976782  -0.059759  0.0976782  0.164235
0.313068  -0.144176  -0.0596545  -0.144176  0.302705  0.0976161  -0.0596545  0.0976161  0.164199
0.313069  -0.14418  -0.0595954  -0.14418  0.302686  0.0975699  -0.0595954  0.0975699  0.164173
0.313069  -0.14418  -0.0595954  -0.14418  0.302686  0.0975699  -0.0595954  0.0975699  0.164173
0.313063  -0.144172  -0.0595764  -0.144172  0.302674  0.0975545  -0.0595764  0.0975545  0.164166
0.313044  -0.144161  -0.0594958  -0.144161  0.302654  0.0975004  -0.0594958  0.0975004  0.164138
0.313044  -0.144161  -0.0594958  -0.144161  0.302654  0.0975004  -0.0594958  0.0975004  0.164138
0.313031  -0.144173  -0.0594104  -0.144173  0.302666  0.0974538  -0.0594104  0.0974538  0.164109
0.313031  -0.144173  -0.0594104  -0.144173  0.302666  0.0974538  -0.0594104  0.0974538  0.164109
0.313004  -0.144165  -0.0593462  -0.144165  0.302672  0.0974227  -0.0593462  0.0974227  0.164092
0.312998  -0.144156  -0.0593272  -0.144156  0.302659  0.0974073  -0.0593272  0.0974073  0.164085
0.312997  -0.144171  -0.0593035  -0.144171  0.302678  0.0973994  -0.0593035  0.0973994  0.164077
0.312978  -0.144174  -0.0591992  -0.144174  0.302677  0.0973375  -0.0591992  0.0973375  0.164041
0.312978  -0.144174  -0.0591992  -0.144174  0.302677  0.0973375  -0.0591992  0.0973375  0.164041
0.31297  -0.144195  -0.0591328  -0.144195  0.302701  0.0973064  -0.0591328  0.0973064  0.164019
0.31297  -0.144195  -0.0591328  -0.144195  0.302701  0.0973064  -0.0591328  0.0973064  0.164019
0.312951  -0.144198  -0.0590286  -0.144198  0.3027  0.0972445  -0.0590286  0.0972445  0.163984
0.312951  -0.144198  -0.0590286  -0.144198  0.3027  0.0972445  -0.0590286  0.0972445  0.163984
0.312937  -0.14421  -0.0589434  -0.14421  0.302712  0.0971981  -0.0589434  0.0971981  0.163955
0.312937  -0.14421  -0.0589434  -0.14421  0.302712  0.0971981  -0.0589434  0.0971981  0.163955
0.31293  -0.144231  -0.0588771  -0.144231  0.302736  0.097167  -0.0588771  0.097167  0.163933
0.312924  -0.144222  -0.0588582  -0.144222  0.302724  0.0971516  -0.0588582  0.0971516  0.163926
0.312923  -0.144237  -0.0588345  -0.144237  0.302742  0.0971437  -0.0588345  0.0971437  0.163919
0.312902  -0.144251  -0.0587656  -0.144251  0.302779  0.0971202  -0.0587656  0.0971202  0.163901
0.312902  -0.144251  -0.0587656  -0.144251  0.302779  0.0971202  -0.0587656  0.0971202  0.163901
0.312901  -0.144279  -0.0587182  -0.144279  0.302815  0.0971044  -0.0587182  0.0971044  0.163886
0.312895  -0.144271  -0.0586993  -0.144271  0.302803  0.0970891  -0.0586993  0.0970891  0.163879
0.312885  -0.144315  -0.0586445  -0.144315  0.302883  0.0970883  -0.0586445  0.0970883  0.163868
0.312885  -0.144315  -0.0586445  -0.144315  0.302883  0.0970883  -0.0586445  0.0970883  0.163868
0.31287  -0.144338  -0.0585946  -0.144338  0.302932  0.0970801  -0.0585946  0.0970801  0.163857
0.312868  -0.144366  -0.0585472  -0.144366  0.302968  0.0970643  -0.0585472  0.0970643  0.163842
0.312862  -0.144358  -0.0585283  -0.144358  0.302956  0.097049  -0.0585283  0.097049  0.163835
0.312862  -0.144372  -0.0585046  -0.144372  0.302974  0.0970411  -0.0585046  0.0970411  0.163828
