0.320752  -0.156124  -0.0670798  -0.156124  0.314992  0.105119  -0.0670798  0.105119  0.166331
0.320752  -0.156124  -0.0670798  -0.156124  0.314992  0.105119  -0.0670798  0.105119  0.166331
0.320795  -0.155493  -0.0674121  -0.155493  0.313839  0.104875  -0.0674121  0.104875  0.166377
0.320776  -0.155376  -0.0674377  -0.155376  0.313657  0.104826  -0.0674377  0.104826  0.166378
0.320628  -0.154029  -0.0677338  -0.154029  0.311451  0.104188  -0.0677338  0.104188  0.166368
0.320386  -0.153093  -0.0671352  -0.153093  0.309825  0.103208  -0.0671352  0.103208  0.166011
0.320357  -0.153012  -0.0670642  -0.153012  0.309691  0.103116  -0.0670642  0.103116  0.165975
0.319858  -0.150784  -0.0666168  -0.150784  0.306134  0.101532  -0.0666168  0.101532  0.165594
0.319834  -0.150619  -0.0666332  -0.150619  0.305872  0.101444  -0.0666332  0.101444  0.165585
0.319246  -0.147841  -0.0665433  -0.147841  0.301639  0.0998266  -0.0665433  0.0998266  0.165336
0.318706  -0.146151  -0.065875  -0.146151  0.299139  0.0985222  -0.065875  0.0985222  0.164959
0.318623  -0.145956  -0.0657805  -0.145956  0.298881  0.0983787  -0.0657805  0.0983787  0.164916
0.317795  -0.143382  -0.0648965  -0.143382  0.295187  0.09652  -0.0648965  0.09652  0.164423
0.31773  -0.14317  -0.0648548  -0.14317  0.294891  0.0963883  -0.0648548  0.0963883  0.164396
0.316652  -0.14037  -0.063886  -0.14037  0.291228  0.0945481  -0.063886  0.0945481  0.163948
0.316587  -0.14023  -0.0637866  -0.14023  0.291043  0.0944269  -0.0637866  0.0944269  0.163907
0.315601  -0.138357  -0.0625217  -0.138357  0.288812  0.092981  -0.0625217  0.092981  0.163446
0.315532  -0.138208  -0.0624648  -0.138208  0.288639  0.0928923  -0.0624648  0.0928923  0.163426
0.314624  -0.136465  -0.061756  -0.136465  0.286777  0.091918  -0.061756  0.091918  0.163227
0.313937  -0.135405  -0.0609892  -0.135405  0.285746  0.0912047  -0.0609892  0.0912047  0.163021
0.313875  -0.135334  -0.0608955  -0.135334  0.285688  0.0911404  -0.0608955  0.0911404  0.162995
0.313035  -0.134319  -0.0598925  -0.134319  0.284921  0.0904421  -0.0598925  0.0904421  0.162773
0.312975  -0.134236  -0.0598231  -0.134236  0.284848  0.090386  -0.0598231  0.090386  0.162757
0.312155  -0.133127  -0.0590919  -0.133127  0.284018  0.0898196  -0.0590919  0.0898196  0.162644
0.312096  -0.133068  -0.0590352  -0.133068  0.283996  0.0897927  -0.0590352  0.0897927  0.162639
0.311388  -0.132339  -0.0581238  -0.132339  0.283581  0.0892704  -0.0581238  0.0892704  0.162469
0.310883  -0.131751  -0.0575154  -0.131751  0.283198  0.0888881  -0.0575154  0.0888881  0.162363
0.31085  -0.131691  -0.0574866  -0.131691  0.283138  0.0888542  -0.0574866  0.0888542  0.162358
0.310258  -0.130788  -0.0568751  -0.130788  0.282373  0.0883333  -0.0568751  0.0883333  0.162253
0.310226  -0.130741  -0.0568243  -0.130741  0.282328  0.0882931  -0.0568243  0.0882931  0.162241
0.30965  -0.129859  -0.0559799  -0.129859  0.281488  0.0876031  -0.0559799  0.0876031  0.162047
0.30926  -0.129072  -0.0554237  -0.129072  0.280609  0.0870147  -0.0554237  0.0870147  0.161902
0.309216  -0.128979  -0.0553657  -0.128979  0.280505  0.0869489  -0.0553657  0.0869489  0.161887
0.309001  -0.128468  -0.05511  -0.128468  0.279909  0.0866071  -0.05511  0.0866071  0.161817
0.308494  -0.127217  -0.0543777  -0.127217  0.278394  0.0856813  -0.0543777  0.0856813  0.161606
0.308124  -0.126228  -0.0537417  -0.126228  0.277131  0.0848813  -0.0537417  0.0848813  0.16141
0.308074  -0.126112  -0.0536731  -0.126112  0.276997  0.0847987  -0.0536731  0.0847987  0.161392
0.307591  -0.124603  -0.052903  -0.124603  0.275025  0.0836517  -0.052903  0.0836517  0.16114
0.307559  -0.124499  -0.052854  -0.124499  0.274891  0.083576  -0.052854  0.083576  0.161125
0.307076  -0.122971  -0.0521037  -0.122971  0.272929  0.0824446  -0.0521037  0.0824446  0.160892
0.306748  -0.121944  -0.0515362  -0.121944  0.27161  0.081651  -0.0515362  0.081651  0.160724
0.306717  -0.121856  -0.0514672  -0.121856  0.271495  0.0815718  -0.0514672  0.0815718  0.160705
0.306263  -0.120443  -0.0506105  -0.120443  0.269681  0.0804414  -0.0506105  0.0804414  0.160463
0.306233  -0.120357  -0.0505426  -0.120357  0.269569  0.0803637  -0.0505426  0.0803637  0.160445
0.305839  -0.119238  -0.0497482  -0.119238  0.268177  0.079437  -0.0497482  0.079437  0.160248
0.305811  -0.119153  -0.0496812  -0.119153  0.268066  0.0793607  -0.0496812  0.0793607  0.160231
0.30543  -0.118135  -0.0489395  -0.118135  0.266857  0.0785409  -0.0489395  0.0785409  0.160071
0.305198  -0.117501  -0.0484985  -0.117501  0.266113  0.0780449  -0.0484985  0.0780449  0.159982
0.305169  -0.117438  -0.0484429  -0.117438  0.266047  0.0779948  -0.0484429  0.0779948  0.159973
0.304874  -0.116793  -0.0477094  -0.116793  0.265304  0.0773646  -0.0477094  0.0773646  0.159838
0.304848  -0.116748  -0.0476497  -0.116748  0.265261  0.0773212  -0.0476497  0.0773212  0.159829
0.304571  -0.116164  -0.0469097  -0.116164  0.264589  0.076717  -0.0469097  0.076717  0.1597
0.304414  -0.1158  -0.0464689  -0.1158  0.264151  0.0763394  -0.0464689  0.0763394  0.159621
0.304392  -0.115762  -0.0464258  -0.115762  0.264117  0.0763079  -0.0464258  0.0763079  0.159617
0.304194  -0.115335  -0.0457502  -0.115335  0.263576  0.0757765  -0.0457502  0.0757765  0.159496
0.30408  -0.115018  -0.0452947  -0.115018  0.263129  0.0753784  -0.0452947  0.0753784  0.159403
0.304068  -0.114984  -0.0452532  -0.114984  0.263084  0.0753404  -0.0452532  0.0753404  0.159395
0.303916  -0.11451  -0.0446115  -0.11451  0.262397  0.074754  -0.0446115  0.074754  0.159263
0.303904  -0.114476  -0.0445703  -0.114476  0.262351  0.0747165  -0.0445703  0.0747165  0.159256
0.303814  -0.114054  -0.0440294  -0.114054  0.26166  0.0741643  -0.0440294  0.0741643  0.159124
0.303811  -0.114023  -0.0439894  -0.114023  0.261602  0.0741201  -0.0439894  0.0741201  0.159112
0.30375  -0.113542  -0.0435248  -0.113542  0.260791  0.0735485  -0.0435248  0.0735485  0.158978
0.303714  -0.113194  -0.0431725  -0.113194  0.260182  0.073116  -0.0431725  0.073116  0.158875
0.303711  -0.113163  -0.0431328  -0.113163  0.260126  0.0730724  -0.0431328  0.0730724  0.158864
0.303659  -0.112638  -0.0426243  -0.112638  0.259217  0.0724365  -0.0426243  0.0724365  0.158717
0.303656  -0.112595  -0.0426047  -0.112595  0.25915  0.0723982  -0.0426047  0.0723982  0.158709
0.303625  -0.112159  -0.0421883  -0.112159  0.258375  0.0718622  -0.0421883  0.0718622  0.158584
0.303621  -0.112128  -0.042149  -0.112128  0.25832  0.0718195  -0.042149  0.0718195  0.158574
0.303585  -0.111744  -0.0416697  -0.111744  0.257617  0.0712859  -0.0416697  0.0712859  0.158448
0.303556  -0.111496  -0.0413427  -0.111496  0.25717  0.0709374  -0.0413427  0.0709374  0.158369
0.303553  -0.111466  -0.0413037  -0.111466  0.257115  0.0708952  -0.0413037  0.0708952  0.158359
0.303504  -0.111182  -0.0408111  -0.111182  0.256592  0.0704379  -0.0408111  0.0704379  0.158257
0.303504  -0.111169  -0.0407675  -0.111169  0.256557  0.0704013  -0.0407675  0.0704013  0.158247
0.303448  -0.110908  -0.0403005  -0.110908  0.256096  0.0699863  -0.0403005  0.0699863  0.15816
0.30342  -0.110757  -0.0400582  -0.110757  0.255833  0.0697614  -0.0400582  0.0697614  0.158115
0.303419  -0.110732  -0.0400344  -0.110732  0.255787  0.0697297  -0.0400344  0.0697297  0.158108
0.303368  -0.110563  -0.0395741  -0.110563  0.255464  0.0693781  -0.0395741  0.0693781  0.158036
0.30337  -0.110556  -0.0395454  -0.110556  0.255437  0.0693517  -0.0395454  0.0693517  0.158029
0.303328  -0.110366  -0.0391263  -0.110366  0.255081  0.0690045  -0.0391263  0.0690045  0.15796
0.303299  -0.110215  -0.0388242  -0.110215  0.254799  0.0687428  -0.0388242  0.0687428  0.157909
0.303289  -0.110182  -0.0387856  -0.110182  0.254758  0.068709  -0.0387856  0.068709  0.157905
0.303246  -0.109981  -0.0383263  -0.109981  0.254371  0.0683298  -0.0383263  0.0683298  0.157833
0.303243  -0.109951  -0.0382884  -0.109951  0.254317  0.0682892  -0.0382884  0.0682892  0.157826
0.303202  -0.109702  -0.0379083  -0.109702  0.253886  0.0679305  -0.0379083  0.0679305  0.157764
0.30317  -0.109493  -0.0375959  -0.109493  0.253525  0.0676327  -0.0375959  0.0676327  0.157714
0.303164  -0.109483  -0.0375673  -0.109483  0.25351  0.0676139  -0.0375673  0.0676139  0.157711
0.303124  -0.109174  -0.0371625  -0.109174  0.25298  0.0672025  -0.0371625  0.0672025  0.157643
0.303114  -0.109142  -0.0371247  -0.109142  0.25294  0.0671697  -0.0371247  0.0671697  0.157641
0.303066  -0.108794  -0.0367174  -0.108794  0.252369  0.0667422  -0.0367174  0.0667422  0.157576
0.30303  -0.108528  -0.0363955  -0.108528  0.251931  0.0664104  -0.0363955  0.0664104  0.157527
0.303022  -0.108502  -0.0363722  -0.108502  0.251899  0.0663872  -0.0363722  0.0663872  0.157526
0.302964  -0.108096  -0.0359549  -0.108096  0.251265  0.0659327  -0.0359549  0.0659327  0.157467
0.302964  -0.108071  -0.0359319  -0.108071  0.25122  0.0659028  -0.0359319  0.0659028  0.157461
0.302909  -0.107695  -0.0354927  -0.107695  0.25062  0.0654524  -0.0354927  0.0654524  0.157404
0.302861  -0.107403  -0.0351518  -0.107403  0.250171  0.0651119  -0.0351518  0.0651119  0.157366
0.302854  -0.107377  -0.0351288  -0.107377  0.250138  0.0650893  -0.0351288  0.0650893  0.157365
0.302772  -0.106934  -0.0345455  -0.106934  0.249452  0.064543  -0.0345455  0.064543  0.157311
0.302763  -0.106902  -0.0345089  -0.106902  0.249413  0.0645118  -0.0345089  0.0645118  0.15731
0.302691  -0.106512  -0.0339746  -0.106512  0.248808  0.0640224  -0.0339746  0.0640224  0.157266
0.302693  -0.106504  -0.0339471  -0.106504  0.248782  0.063998  -0.0339471  0.063998  0.157261
0.302623  -0.106103  -0.0334348  -0.106103  0.24817  0.0635174  -0.0334348  0.0635174  0.157223
0.302576  -0.105835  -0.0330505  -0.105835  0.247749  0.0631719  -0.0330505  0.0631719  0.157197
0.302567  -0.105804  -0.0330145  -0.105804  0.247711  0.0631415  -0.0330145  0.0631415  0.157197
0.302486  -0.105342  -0.0324223  -0.105342  0.247014  0.0625931  -0.0324223  0.0625931  0.157165
0.302475  -0.105307  -0.0323729  -0.105307  0.24697  0.0625546  -0.0323729  0.0625546  0.157165
0.302397  -0.104848  -0.031785  -0.104848  0.24628  0.0620123  -0.031785  0.0620123  0.157139
0.302343  -0.104512  -0.0313554  -0.104512  0.245772  0.061615  -0.0313554  0.061615  0.157122
0.302339  -0.104468  -0.0313251  -0.104468  0.245706  0.0615744  -0.0313251  0.0615744  0.157119
0.302246  -0.103936  -0.0306792  -0.103936  0.244937  0.06098  -0.0306792  0.06098  0.157108
0.30224  -0.103886  -0.0306359  -0.103886  0.244865  0.0609317  -0.0306359  0.0609317  0.157106
0.302149  -0.103306  -0.029997  -0.103306  0.244036  0.0603172  -0.029997  0.0603172  0.157099
0.302079  -0.102856  -0.0295406  -0.102856  0.24341  0.0598675  -0.0295406  0.0598675  0.157101
0.302073  -0.102808  -0.0294979  -0.102808  0.24334  0.0598202  -0.0294979  0.0598202  0.1571
0.301969  -0.102143  -0.0288099  -0.102143  0.242424  0.0591555  -0.0288099  0.0591555  0.157113
0.301964  -0.102106  -0.0287495  -0.102106  0.242365  0.0591052  -0.0287495  0.0591052  0.157113
0.301857  -0.101439  -0.0280555  -0.101439  0.241467  0.0584494  -0.0280555  0.0584494  0.157142
0.301786  -0.100965  -0.0275642  -0.100965  0.240823  0.0579823  -0.0275642  0.0579823  0.157165
0.301781  -0.100917  -0.0275226  -0.100917  0.240755  0.0579368  -0.0275226  0.0579368  0.157166
0.301673  -0.100233  -0.0267632  -0.100233  0.239842  0.0572523  -0.0267632  0.0572523  0.15722
0.301668  -0.100197  -0.0267042  -0.100197  0.239786  0.057204  -0.0267042  0.057204  0.157222
0.301576  -0.0995254  -0.0260207  -0.0995254  0.238887  0.0565571  -0.0260207  0.0565571  0.157275
0.301504  -0.0990307  -0.0255103  -0.0990307  0.238246  0.0560901  -0.0255103  0.0560901  0.157328
0.301498  -0.0989795  -0.0254573  -0.0989795  0.238175  0.0560391  -0.0254573  0.0560391  0.157332
0.301408  -0.0982953  -0.0247231  -0.0982953  0.23727  0.0553733  -0.0247231  0.0553733  0.157411
0.301403  -0.0982444  -0.0246706  -0.0982444  0.2372  0.0553231  -0.0246706  0.0553231  0.157416
0.301316  -0.0975727  -0.0239692  -0.0975727  0.23633  0.054689  -0.0239692  0.054689  0.157506
0.301264  -0.0971129  -0.0234373  -0.0971129  0.235711  0.0542225  -0.0234373  0.0542225  0.157575
0.301256  -0.0970771  -0.0233812  -0.0970771  0.235669  0.0541841  -0.0233812  0.0541841  0.157586
0.301188  -0.0964195  -0.0227029  -0.0964195  0.234803  0.0535609  -0.0227029  0.0535609  0.157682
0.301184  -0.0963696  -0.0226519  -0.0963696  0.234735  0.0535128  -0.0226519  0.0535128  0.157689
0.301125  -0.0957626  -0.0219113  -0.0957626  0.233908  0.0528805  -0.0219113  0.0528805  0.157802
0.301089  -0.0953201  -0.0214166  -0.0953201  0.23331  0.0524406  -0.0214166  0.0524406  0.157882
0.301085  -0.0952707  -0.0213664  -0.0952707  0.233244  0.0523939  -0.0213664  0.0523939  0.15789
0.301048  -0.0946507  -0.0207221  -0.0946507  0.232387  0.0517874  -0.0207221  0.0517874  0.15799
0.301045  -0.0946167  -0.0206672  -0.0946167  0.232336  0.0517449  -0.0206672  0.0517449  0.157999
0.301009  -0.0939886  -0.0199934  -0.0939886  0.231476  0.0511284  -0.0199934  0.0511284  0.158117
0.300992  -0.0935628  -0.0195321  -0.0935628  0.230875  0.0506999  -0.0195321  0.0506999  0.158195
0.300991  -0.0935331  -0.0194897  -0.0935331  0.23083  0.0506647  -0.0194897  0.0506647  0.158202
0.300976  -0.0929687  -0.018843  -0.0929687  0.230011  0.0500732  -0.018843  0.0500732  0.158313
0.300974  -0.0929352  -0.0187894  -0.0929352  0.229962  0.0500323  -0.0187894  0.0500323  0.158324
0.300965  -0.0923739  -0.0181473  -0.0923739  0.229141  0.0494429  -0.0181473  0.0494429  0.158438
0.300971  -0.092044  -0.0177138  -0.092044  0.228611  0.0490519  -0.0177138  0.0490519  0.158507
0.300969  -0.0920108  -0.0176609  -0.0920108  0.228564  0.0490121  -0.0176609  0.0490121  0.158519
0.300987  -0.0915438  -0.0170422  -0.0915438  0.227786  0.0484437  -0.0170422  0.0484437  0.158611
0.300986  -0.0915145  -0.017001  -0.0915145  0.227743  0.0484104  -0.017001  0.0484104  0.158621
0.301007  -0.091078  -0.0163761  -0.091078  0.227  0.0478554  -0.0163761  0.0478554  0.158721
0.30102  -0.0907764  -0.0159779  -0.0907764  0.2265  0.0474917  -0.0159779  0.0474917  0.158788
0.301023  -0.0907474  -0.0159361  -0.0907474  0.226446  0.0474526  -0.0159361  0.0474526  0.158794
0.301046  -0.0903634  -0.0153752  -0.0903634  0.225779  0.0469554  -0.0153752  0.0469554  0.158889
0.301047  -0.0903489  -0.0153295  -0.0903489  0.22575  0.0469262  -0.0153295  0.0469262  0.1589
0.301078  -0.0899876  -0.0147865  -0.0899876  0.225087  0.0464359  -0.0147865  0.0464359  0.158984
0.301095  -0.0897346  -0.0143898  -0.0897346  0.224641  0.0460973  -0.0143898  0.0460973  0.15906
0.301098  -0.0897093  -0.0143596  -0.0897093  0.224592  0.0460649  -0.0143596  0.0460649  0.159062
0.301141  -0.0893922  -0.0138019  -0.0893922  0.223942  0.0455726  -0.0138019  0.0455726  0.159143
0.301145  -0.089378  -0.0137557  -0.089378  0.223903  0.0455379  -0.0137557  0.0455379  0.15915
0.301194  -0.0891185  -0.0132773  -0.0891185  0.223315  0.0450994  -0.0132773  0.0450994  0.159203
0.301196  -0.0890896  -0.0132364  -0.0890896  0.223263  0.0450621  -0.0132364  0.0450621  0.159211
0.30125  -0.0888622  -0.0127586  -0.0888622  0.222696  0.0446318  -0.0127586  0.0446318  0.15926
0.301292  -0.0886848  -0.0123924  -0.0886848  0.222252  0.0442983  -0.0123924  0.0442983  0.159297
0.301296  -0.0886739  -0.0123574  -0.0886739  0.222218  0.0442697  -0.0123574  0.0442697  0.159301
0.301353  -0.0884631  -0.0118856  -0.0884631  0.221661  0.0438464  -0.0118856  0.0438464  0.159349
0.301356  -0.0884377  -0.0118558  -0.0884377  0.221614  0.0438152  -0.0118558  0.0438152  0.159352
0.301415  -0.0882548  -0.0114226  -0.0882548  0.221088  0.0434183  -0.0114226  0.0434183  0.159386
0.301474  -0.088118  -0.0110837  -0.088118  0.220634  0.0430854  -0.0110837  0.0430854  0.15939
0.301479  -0.0881105  -0.0110595  -0.0881105  0.220603  0.0430624  -0.0110595  0.0430624  0.15939
0.301552  -0.0879538  -0.0106586  -0.0879538  0.220063  0.0426675  -0.0106586  0.0426675  0.159392
0.301555  -0.0879427  -0.0106238  -0.0879427  0.220029  0.0426395  -0.0106238  0.0426395  0.159397
0.301621  -0.0878035  -0.0102325  -0.0878035  0.219541  0.042273  -0.0102325  0.042273  0.159412
0.301668  -0.0877123  -0.00994484  -0.0877123  0.219202  0.0420127  -0.00994484  0.0420127  0.159427
0.301676  -0.0877043  -0.00991913  -0.0877043  0.219161  0.0419837  -0.00991913  0.0419837  0.159423
0.301733  -0.0875897  -0.00956031  -0.0875897  0.218744  0.0416628  -0.00956031  0.0416628  0.159447
0.301781  -0.0875044  -0.00929378  -0.0875044  0.218414  0.0414143  -0.00929378  0.0414143  0.159455
0.301788  -0.0874963  -0.00926799  -0.0874963  0.218373  0.0413855  -0.00926799  0.0413855  0.159451
0.301859  -0.0874004  -0.00891851  -0.0874004  0.217932  0.041054  -0.00891851  0.041054  0.159451
0.301866  -0.0873922  -0.00889266  -0.0873922  0.217891  0.0410253  -0.00889266  0.0410253  0.159447
0.301935  -0.0872807  -0.00854811  -0.0872807  0.217439  0.0406926  -0.00854811  0.0406926  0.159448
0.30198  -0.0871973  -0.00829317  -0.0871973  0.217126  0.040458  -0.00829317  0.040458  0.15946
0.301985  -0.0871894  -0.00826889  -0.0871894  0.217097  0.0404357  -0.00826889  0.0404357  0.159462
0.302048  -0.0870879  -0.0079113  -0.0870879  0.216678  0.040115  -0.0079113  0.040115  0.159481
0.302053  -0.0870799  -0.00788701  -0.0870799  0.216648  0.0400928  -0.00788701  0.0400928  0.159483
0.30211  -0.0869601  -0.00757477  -0.0869601  0.21624  0.0397958  -0.00757477  0.0397958  0.159496
0.302114  -0.086952  -0.00755046  -0.086952  0.21621  0.0397737  -0.00755046  0.0397737  0.159498
0.302177  -0.0868378  -0.00720832  -0.0868378  0.215785  0.039458  -0.00720832  0.039458  0.159515
0.30222  -0.0867597  -0.00697547  -0.0867597  0.215494  0.0392424  -0.00697547  0.0392424  0.159527
0.302224  -0.0867515  -0.00695114  -0.0867515  0.215465  0.0392204  -0.00695114  0.0392204  0.159529
0.302282  -0.0866217  -0.00661588  -0.0866217  0.215041  0.0389107  -0.00661588  0.0389107  0.159553
0.302286  -0.0866135  -0.00659153  -0.0866135  0.215011  0.0388888  -0.00659153  0.0388888  0.159555
0.302336  -0.0864992  -0.00625621  -0.0864992  0.214634  0.0386012  -0.00625621  0.0386012  0.159596
0.302375  -0.0863977  -0.00600788  -0.0863977  0.214326  0.0383763  -0.00600788  0.0383763  0.159622
0.302376  -0.08639  -0.00598539  -0.08639  0.214308  0.0383608  -0.00598539  0.0383608  0.159628
0.302428  -0.0862629  -0.00566402  -0.0862629  0.213913  0.0380715  -0.00566402  0.0380715  0.159662
0.302432  -0.0862545  -0.00563966  -0.0862545  0.213884  0.0380498  -0.00563966  0.0380498  0.159664
0.30249  -0.086129  -0.00532465  -0.086129  0.213471  0.037754  -0.00532465  0.037754  0.159684
0.302527  -0.0860416  -0.00512107  -0.0860416  0.213201  0.0375623  -0.00512107  0.0375623  0.1597
0.302531  -0.0860331  -0.0050967  -0.0860331  0.213172  0.0375407  -0.0050967  0.0375407  0.159702
0.302577  -0.0859126  -0.00479945  -0.0859126  0.212809  0.037276  -0.00479945  0.037276  0.159738
0.302582  -0.0859041  -0.00477507  -0.0859041  0.21278  0.0372545  -0.00477507  0.0372545  0.15974
0.302624  -0.0857613  -0.00446295  -0.0857613  0.2124  0.0369798  -0.00446295  0.0369798  0.159788
0.302625  -0.0857534  -0.00444057  -0.0857534  0.212382  0.0369645  -0.00444057  0.0369645  0.159795
0.302665  -0.0856109  -0.00413062  -0.0856109  0.212014  0.0366971  -0.00413062  0.0366971  0.159849
0.302688  -0.0855026  -0.00391831  -0.0855026  0.211762  0.0365158  -0.00391831  0.0365158  0.159892
0.302692  -0.085494  -0.00389394  -0.085494  0.211733  0.0364946  -0.00389394  0.0364946  0.159895
0.302723  -0.0853377  -0.00359402  -0.0853377  0.211378  0.0362395  -0.00359402  0.0362395  0.159959
0.302724  -0.0853298  -0.00357173  -0.0853298  0.21136  0.0362245  -0.00357173  0.0362245  0.159967
0.302756  -0.0851614  -0.00328567  -0.0851614  0.210987  0.0359671  -0.00328567  0.0359671  0.160021
0.302775  -0.0850423  -0.00309165  -0.0850423  0.21074  0.0357967  -0.00309165  0.0357967  0.160065
0.302776  -0.0850344  -0.00306942  -0.0850344  0.210722  0.0357818  -0.00306942  0.0357818  0.160073
0.302796  -0.08485  -0.00278577  -0.08485  0.210369  0.0355387  -0.00278577  0.0355387  0.160148
0.302798  -0.0848456  -0.0027736  -0.0848456  0.210355  0.0355282  -0.0027736  0.0355282  0.160149
0.302816  -0.084643  -0.00248599  -0.084643  0.209989  0.0352802  -0.00248599  0.0352802  0.160231
0.302817  -0.084635  -0.00246384  -0.084635  0.209972  0.0352654  -0.00246384  0.0352654  0.160239
0.302831  -0.0844636  -0.00221758  -0.0844636  0.209664  0.0350559  -0.00221758  0.0350559  0.160311
0.302842  -0.0843463  -0.00207652  -0.0843463  0.209454  0.0349221  -0.00207652  0.0349221  0.160345
0.302843  -0.0843384  -0.00205443  -0.0843384  0.209437  0.0349075  -0.00205443  0.0349075  0.160353
0.302847  -0.0841473  -0.001799  -0.0841473  0.209136  0.0347016  -0.001799  0.0347016  0.160448
0.302847  -0.0841284  -0.00179249  -0.0841284  0.20911  0.0346896  -0.00179249  0.0346896  0.160448
0.302848  -0.0839275  -0.00155541  -0.0839275  0.208813  0.0344934  -0.00155541  0.0344934  0.160541
0.302842  -0.0837779  -0.00136817  -0.0837779  0.20861  0.0343528  -0.00136817  0.0343528  0.160626
0.302842  -0.0837556  -0.00135184  -0.0837556  0.208582  0.0343367  -0.00135184  0.0343367  0.160634
0.302833  -0.0835357  -0.00110637  -0.0835357  0.208292  0.0341446  -0.00110637  0.0341446  0.160748
0.302834  -0.0835277  -0.00108446  -0.0835277  0.208276  0.0341303  -0.00108446  0.0341303  0.160757
0.302819  -0.0832914  -0.000837924  -0.0832914  0.207985  0.0339397  -0.000837924  0.0339397  0.160882
0.302809  -0.0831183  -0.000675667  -0.0831183  0.207776  0.0338084  -0.000675667  0.0338084  0.160966
0.302808  -0.083096  -0.000659491  -0.083096  0.207748  0.0337926  -0.000659491  0.0337926  0.160973
0.302794  -0.0828496  -0.00042983  -0.0828496  0.207452  0.0336067  -0.00042983  0.0336067  0.161093
0.30279  -0.0828285  -0.000416015  -0.0828285  0.207436  0.033597  -0.000416015  0.033597  0.161105
0.302773  -0.0825802  -0.000179845  -0.0825802  0.20715  0.0334144  -0.000179845  0.0334144  0.161237
0.302758  -0.0823914  -1.75255e-05  -0.0823914  0.206942  0.0332859  -1.75255e-05  0.0332859  0.161333
0.302757  -0.0823693  -1.51813e-06  -0.0823693  0.206914  0.0332704  -1.51813e-06  0.0332704  0.16134
0.302733  -0.0820987  0.000253956  -0.0820987  0.206623  0.0330826  0.000253956  0.0330826  0.161497
0.302729  -0.0820743  0.000277176  -0.0820743  0.206604  0.0330692  0.000277176  0.0330692  0.161516
0.302706  -0.0818198  0.000534688  -0.0818198  0.206337  0.0328905  0.000534688  0.0328905  0.16168
0.302688  -0.0816081  0.000717978  -0.0816081  0.206114  0.0327515  0.000717978  0.0327515  0.161797
0.302685  -0.0815872  0.000731432  -0.0815872  0.206098  0.0327423  0.000731432  0.0327423  0.16181
0.302674  -0.0814769  0.000858989  -0.0814769  0.205983  0.0326604  0.000858989  0.0326604  0.161893
0.302651  -0.0812097  0.00110821  -0.0812097  0.20571  0.0324834  0.00110821  0.0324834  0.162059
0.302634  -0.0810145  0.00129282  -0.0810145  0.205512  0.0323543  0.00129282  0.0323543  0.162185
0.302633  -0.0809925  0.00130847  -0.0809925  0.205485  0.0323393  0.00130847  0.0323393  0.162193
0.302607  -0.0806994  0.00158763  -0.0806994  0.205194  0.0321483  0.00158763  0.0321483  0.162388
0.302606  -0.0806775  0.0016032  -0.0806775  0.205168  0.0321334  0.0016032  0.0321334  0.162396
0.302582  -0.0803886  0.00187143  -0.0803886  0.204882  0.031948  0.00187143  0.031948  0.162587
0.302567  -0.0801949  0.0020534  -0.0801949  0.204688  0.0318221  0.0020534  0.0318221  0.162715
0.302566  -0.0801731  0.00206883  -0.0801731  0.204662  0.0318074  0.00206883  0.0318074  0.162724
0.302542  -0.0798759  0.00236254  -0.0798759  0.204372  0.0316139  0.00236254  0.0316139  0.162938
0.302541  -0.0798508  0.00238717  -0.0798508  0.204344  0.0315957  0.00238717  0.0315957  0.162954
0.302518  -0.0795579  0.00266986  -0.0795579  0.20406  0.0314078  0.00266986  0.0314078  0.163163
0.302516  -0.0795375  0.00268269  -0.0795375  0.204045  0.0313993  0.00268269  0.0313993  0.163176
0.302495  -0.0792302  0.00296051  -0.0792302  0.203742  0.031206  0.00296051  0.031206  0.163382
0.302481  -0.0790217  0.00314218  -0.0790217  0.203542  0.0310796  0.00314218  0.0310796  0.163522
0.302478  -0.0790015  0.00315485  -0.0790015  0.203527  0.0310713  0.00315485  0.0310713  0.163535
0.302459  -0.0787068  0.00340021  -0.0787068  0.203247  0.0308974  0.00340021  0.0308974  0.163727
0.302457  -0.0786866  0.0034128  -0.0786866  0.203232  0.0308891  0.0034128  0.0308891  0.16374
0.302438  -0.0783896  0.00366586  -0.0783896  0.202952  0.0307134  0.00366586  0.0307134  0.163941
0.302436  -0.0783664  0.00368743  -0.0783664  0.202935  0.0307018  0.00368743  0.0307018  0.163961
0.302418  -0.0780609  0.00396608  -0.0780609  0.202651  0.0305177  0.00396608  0.0305177  0.164186
0.302405  -0.0778424  0.00417986  -0.0778424  0.202448  0.0303824  0.00417986  0.0303824  0.16436
0.302403  -0.0778224  0.00419219  -0.0778224  0.202434  0.0303744  0.00419219  0.0303744  0.164373
0.302388  -0.0775432  0.00444421  -0.0775432  0.202181  0.0302107  0.00444421  0.0302107  0.164585
0.302378  -0.0773321  0.00463802  -0.0773321  0.201985  0.0300843  0.00463802  0.0300843  0.164746
0.302378  -0.0773259  0.00465585  -0.0773259  0.201981  0.0300777  0.00465585  0.0300777  0.164761
0.302365  -0.0770149  0.00490794  -0.0770149  0.201689  0.0298994  0.00490794  0.0298994  0.164972
0.302363  -0.076992  0.00492889  -0.076992  0.201673  0.0298884  0.00492889  0.0298884  0.164994
0.302352  -0.0766925  0.0051939  -0.0766925  0.201391  0.0297099  0.0051939  0.0297099  0.165215
0.302351  -0.0766698  0.00521471  -0.0766698  0.201376  0.0296991  0.00521471  0.0296991  0.165237
0.302341  -0.0763743  0.00546931  -0.0763743  0.201098  0.0295256  0.00546931  0.0295256  0.165453
0.302336  -0.0761732  0.00563515  -0.0761732  0.200905  0.0294076  0.00563515  0.0294076  0.165592
0.302334  -0.0761506  0.00565573  -0.0761506  0.20089  0.029397  0.00565573  0.029397  0.165614
0.302326  -0.07584  0.00591091  -0.07584  0.200606  0.0292221  0.00591091  0.0292221  0.165839
0.302325  -0.0758159  0.0059339  -0.0758159  0.20058  0.0292059  0.0059339  0.0292059  0.165857
0.302316  -0.0754826  0.00621384  -0.0754826  0.200292  0.0290253  0.00621384  0.0290253  0.166119
0.302311  -0.0752355  0.0064259  -0.0752355  0.200073  0.0288872  0.0064259  0.0288872  0.166313
0.302311  -0.0752115  0.00644865  -0.0752115  0.200048  0.0288712  0.00644865  0.0288712  0.166331
0.302305  -0.0748904  0.00669349  -0.0748904  0.199762  0.0287005  0.00669349  0.0287005  0.166561
0.302303  -0.0748547  0.00670787  -0.0748547  0.199739  0.0286894  0.00670787  0.0286894  0.166582
0.302298  -0.0745318  0.00695961  -0.0745318  0.199455  0.0285176  0.00695961  0.0285176  0.166822
0.302297  -0.0742883  0.00716199  -0.0742883  0.199233  0.0283809  0.00716199  0.0283809  0.167009
0.302297  -0.0742646  0.00718436  -0.0742646  0.199208  0.0283654  0.00718436  0.0283654  0.167027
0.302297  -0.0739493  0.0074583  -0.0739493  0.198923  0.0281866  0.0074583  0.0281866  0.167283
0.302297  -0.0739273  0.00747793  -0.0739273  0.19891  0.028177  0.00747793  0.028177  0.167306
0.302296  -0.0736045  0.00773334  -0.0736045  0.198632  0.0280078  0.00773334  0.0280078  0.16756
0.302296  -0.0735837  0.00774706  -0.0735837  0.198609  0.0279954  0.00774706  0.0279954  0.16757
0.302296  -0.0732487  0.00799506  -0.0732487  0.198326  0.0278271  0.00799506  0.0278271  0.167824
0.302299  -0.0730272  0.00818147  -0.0730272  0.198124  0.0277026  0.00818147  0.0277026  0.168002
0.302299  -0.0730054  0.00820072  -0.0730054  0.198111  0.0276933  0.00820072  0.0276933  0.168025
0.302305  -0.0726905  0.00847323  -0.0726905  0.197815  0.0275107  0.00847323  0.0275107  0.168281
0.302306  -0.0726671  0.00849497  -0.0726671  0.197792  0.0274959  0.00849497  0.0274959  0.1683
0.302311  -0.0723249  0.00876547  -0.0723249  0.197502  0.0273193  0.00876547  0.0273193  0.16858
0.302315  -0.0720939  0.00894013  -0.0720939  0.197308  0.0272033  0.00894013  0.0272033  0.168765
0.302316  -0.0720724  0.00895898  -0.0720724  0.197295  0.0271945  0.00895898  0.0271945  0.168789
0.302322  -0.0717228  0.00920691  -0.0717228  0.196995  0.0270201  0.00920691  0.0270201  0.169051
0.302322  -0.0717023  0.00922014  -0.0717023  0.196973  0.0270083  0.00922014  0.0270083  0.169062
0.302329  -0.0713362  0.00947136  -0.0713362  0.196656  0.0268269  0.00947136  0.0268269  0.169328
0.302339  -0.071077  0.0096825  -0.071077  0.196433  0.02669  0.0096825  0.02669  0.16955
0.302339  -0.0710566  0.00969558  -0.0710566  0.196412  0.0266784  0.00969558  0.0266784  0.169561
0.302351  -0.070714  0.00996549  -0.070714  0.196105  0.0264947  0.00996549  0.0264947  0.169838
0.302352  -0.070691  0.00998646  -0.070691  0.196082  0.0264808  0.00998646  0.0264808  0.169858
0.302365  -0.0703549  0.0102385  -0.0703549  0.195781  0.0263041  0.0102385  0.0263041  0.170121
0.302376  -0.0700804  0.0104504  -0.0700804  0.195545  0.026163  0.0104504  0.026163  0.17035
0.302378  -0.0700575  0.0104711  -0.0700575  0.195523  0.0261494  0.0104711  0.0261494  0.170371
0.302395  -0.0697126  0.0107514  -0.0697126  0.195223  0.0259671  0.0107514  0.0259671  0.170672
0.302396  -0.0696768  0.0107663  -0.0696768  0.195194  0.0259527  0.0107663  0.0259527  0.170691
0.302413  -0.0693338  0.0110393  -0.0693338  0.194889  0.0257696  0.0110393  0.0257696  0.170982
0.302414  -0.0692982  0.011054  -0.0692982  0.19486  0.0257554  0.011054  0.0257554  0.171001
0.30243  -0.0689642  0.0113017  -0.0689642  0.194561  0.0255813  0.0113017  0.0255813  0.171267
0.302432  -0.0689415  0.011322  -0.0689415  0.19454  0.0255682  0.011322  0.0255682  0.171288
0.302449  -0.0685776  0.0115719  -0.0685776  0.194229  0.0253901  0.0115719  0.0253901  0.171572
0.302464  -0.0683281  0.0117589  -0.0683281  0.194016  0.0252648  0.0117589  0.0252648  0.171784
0.302464  -0.0682953  0.0117656  -0.0682953  0.193989  0.0252533  0.0117656  0.0252533  0.171795
0.302481  -0.0679319  0.0120101  -0.0679319  0.193664  0.0250701  0.0120101  0.0250701  0.172064
0.302483  -0.0679094  0.0120301  -0.0679094  0.193644  0.0250574  0.0120301  0.0250574  0.172086
0.302503  -0.0675665  0.0122654  -0.0675665  0.193351  0.0248902  0.0122654  0.0248902  0.172358
0.302517  -0.0673221  0.0124363  -0.0673221  0.193137  0.0247679  0.0124363  0.0247679  0.172553
0.302519  -0.0672997  0.012456  -0.0672997  0.193117  0.0247554  0.012456  0.0247554  0.172574
0.302542  -0.0669467  0.0127163  -0.0669467  0.192806  0.0245747  0.0127163  0.0245747  0.172869
0.302555  -0.0667019  0.0128832  -0.0667019  0.192577  0.024446  0.0128832  0.024446  0.173048
0.302557  -0.0666796  0.0129027  -0.0666796  0.192557  0.0244338  0.0129027  0.0244338  0.17307
0.302578  -0.0663567  0.0131546  -0.0663567  0.192248  0.0242533  0.0131546  0.0242533  0.173335
0.30258  -0.0663345  0.0131739  -0.0663345  0.192228  0.0242413  0.0131739  0.0242413  0.173357
0.302605  -0.0660247  0.0134344  -0.0660247  0.191938  0.024067  0.0134344  0.024067  0.17364
0.302605  -0.066005  0.0134462  -0.066005  0.19192  0.024057  0.0134462  0.024057  0.173653
0.30263  -0.0656787  0.0137093  -0.0656787  0.191615  0.0238768  0.0137093  0.0238768  0.173941
0.302648  -0.0654586  0.0138905  -0.0654586  0.191406  0.0237529  0.0138905  0.0237529  0.174137
0.302649  -0.065439  0.0139022  -0.065439  0.191388  0.0237431  0.0139022  0.0237431  0.17415
0.30267  -0.0650986  0.0141264  -0.0650986  0.191088  0.0235757  0.0141264  0.0235757  0.174415
0.302672  -0.0650766  0.0141452  -0.0650766  0.191069  0.0235642  0.0141452  0.0235642  0.174437
0.302693  -0.0647544  0.0143591  -0.0647544  0.190781  0.023403  0.0143591  0.023403  0.174686
0.302709  -0.064521  0.0145343  -0.064521  0.190561  0.0232768  0.0145343  0.0232768  0.174881
0.302712  -0.0644992  0.014553  -0.0644992  0.190543  0.0232655  0.014553  0.0232655  0.174904
0.302737  -0.0641757  0.0147756  -0.0641757  0.190268  0.0231092  0.0147756  0.0231092  0.175179
0.30274  -0.0641539  0.0147941  -0.0641539  0.19025  0.0230981  0.0147941  0.0230981  0.175202
0.302761  -0.0638393  0.0150225  -0.0638393  0.189954  0.0229299  0.0150225  0.0229299  0.175458
0.302775  -0.0636268  0.0151792  -0.0636268  0.189748  0.0228129  0.0151792  0.0228129  0.175629
0.302778  -0.0636051  0.0151975  -0.0636051  0.18973  0.022802  0.0151975  0.022802  0.175652
0.302796  -0.0632893  0.0154223  -0.0632893  0.18942  0.0226279  0.0154223  0.0226279  0.175893
0.302799  -0.0632676  0.0154405  -0.0632676  0.189402  0.0226171  0.0154405  0.0226171  0.175916
0.302825  -0.0629723  0.0156932  -0.0629723  0.189114  0.0224465  0.0156932  0.0224465  0.176195
0.302843  -0.0627469  0.0158809  -0.0627469  0.188891  0.0223159  0.0158809  0.0223159  0.1764
0.302844  -0.062723  0.0159018  -0.062723  0.188864  0.0223001  0.0159018  0.0223001  0.176419
0.302866  -0.062414  0.0161451  -0.062414  0.188556  0.0221231  0.0161451  0.0221231  0.176682
0.302867  -0.0623948  0.0161561  -0.0623948  0.188539  0.0221142  0.0161561  0.0221142  0.176696
0.302885  -0.0621223  0.0163792  -0.0621223  0.188257  0.0219514  0.0163792  0.0219514  0.176928
0.302885  -0.0621007  0.016393  -0.0621007  0.18823  0.0219373  0.016393  0.0219373  0.176937
0.302904  -0.0618141  0.016616  -0.0618141  0.187944  0.021774  0.016616  0.021774  0.17718
0.302907  -0.0617927  0.0166336  -0.0617927  0.187927  0.0217638  0.0166336  0.0217638  0.177204
0.302925  -0.0615163  0.0168641  -0.0615163  0.187639  0.0215973  0.0168641  0.0215973  0.177445
0.302938  -0.0613189  0.0170441  -0.0613189  0.187417  0.0214678  0.0170441  0.0214678  0.17762
0.302939  -0.0612998  0.0170548  -0.0612998  0.187401  0.0214593  0.0170548  0.0214593  0.177635
0.302952  -0.0610092  0.0172769  -0.0610092  0.187091  0.0212859  0.0172769  0.0212859  0.177858
0.302952  -0.0609998  0.0172963  -0.0609998  0.187071  0.0212728  0.0172963  0.0212728  0.17787
0.302965  -0.0607406  0.0175126  -0.0607406  0.186785  0.0211098  0.0175126  0.0211098  0.178082
0.302975  -0.0605506  0.0176742  -0.0605506  0.186577  0.0209911  0.0176742  0.0209911  0.178245
0.302977  -0.0605269  0.0176943  -0.0605269  0.186552  0.0209763  0.0176943  0.0209763  0.178266
0.30299  -0.0602801  0.0179148  -0.0602801  0.186274  0.0208162  0.0179148  0.0208162  0.178482
0.302994  -0.0602709  0.0179376  -0.0602709  0.186263  0.0208071  0.0179376  0.0208071  0.178508
0.303003  -0.060024  0.0181537  -0.060024  0.185978  0.0206444  0.0181537  0.0206444  0.178712
0.303012  -0.0598461  0.0182876  -0.0598461  0.185795  0.0205424  0.0182876  0.0205424  0.178855
0.303012  -0.0598366  0.0183069  -0.0598366  0.185775  0.0205296  0.0183069  0.0205296  0.178867
0.303017  -0.0595823  0.0185028  -0.0595823  0.185488  0.020371  0.0185028  0.020371  0.179051
0.303021  -0.0594088  0.0186511  -0.0594088  0.185282  0.0202555  0.0186511  0.0202555  0.179185
0.303023  -0.0594019  0.0186671  -0.0594019  0.185272  0.020248  0.0186671  0.020248  0.179201
0.303032  -0.0591695  0.01888  -0.0591695  0.184997  0.0200909  0.01888  0.0200909  0.179401
0.303031  -0.059148  0.0188933  -0.059148  0.184973  0.020078  0.0188933  0.020078  0.179411
0.303038  -0.0589225  0.0190896  -0.0589225  0.18471  0.0199295  0.0190896  0.0199295  0.179596
0.30304  -0.0587681  0.0192265  -0.0587681  0.184522  0.019824  0.0192265  0.019824  0.179717
0.303041  -0.0587492  0.0192365  -0.0587492  0.184507  0.0198162  0.0192365  0.0198162  0.179732
0.303046  -0.058526  0.0194254  -0.058526  0.184247  0.0196707  0.0194254  0.0196707  0.179907
0.303047  -0.0585072  0.0194354  -0.0585072  0.184232  0.019663  0.0194354  0.019663  0.179922
0.303052  -0.0582959  0.0196296  -0.0582959  0.183978  0.0195188  0.0196296  0.0195188  0.180101
0.303055  -0.0581415  0.0197654  -0.0581415  0.183793  0.0194151  0.0197654  0.0194151  0.180224
0.303056  -0.0581227  0.0197753  -0.0581227  0.183779  0.0194075  0.0197753  0.0194075  0.180239
0.303058  -0.0578969  0.0199659  -0.0578969  0.183513  0.0192595  0.0199659  0.0192595  0.180413
0.303058  -0.0578754  0.019979  -0.0578754  0.183489  0.019247  0.019979  0.019247  0.180424
0.303058  -0.0576518  0.0201629  -0.0576518  0.183224  0.0191012  0.0201629  0.0191012  0.180589
0.303056  -0.0575016  0.0202853  -0.0575016  0.183042  0.0190014  0.0202853  0.0190014  0.180694
0.303056  -0.0574801  0.0202983  -0.0574801  0.183018  0.018989  0.0202983  0.018989  0.180705
0.303059  -0.057271  0.020484  -0.057271  0.182769  0.01885  0.020484  0.01885  0.180877
0.303058  -0.0572544  0.0204875  -0.0572544  0.182755  0.0188437  0.0204875  0.0188437  0.180882
0.303057  -0.0570494  0.0206605  -0.0570494  0.182508  0.0187076  0.0206605  0.0187076  0.181034
0.303055  -0.0568991  0.0207821  -0.0568991  0.182328  0.0186095  0.0207821  0.0186095  0.18114
0.303057  -0.0568922  0.0207977  -0.0568922  0.182319  0.0186025  0.0207977  0.0186025  0.181157
0.303058  -0.0566851  0.0209761  -0.0566851  0.182074  0.0184668  0.0209761  0.0184668  0.181322
0.303058  -0.0566754  0.020995  -0.0566754  0.182055  0.0184549  0.020995  0.0184549  0.181335
0.303059  -0.0564683  0.0211729  -0.0564683  0.181811  0.0183201  0.0211729  0.0183201  0.1815
0.303053  -0.0563123  0.0213005  -0.0563123  0.181614  0.0182137  0.0213005  0.0182137  0.1816
0.303055  -0.0563054  0.021316  -0.0563054  0.181605  0.0182068  0.021316  0.0182068  0.181618
0.303052  -0.0560974  0.0214906  -0.0560974  0.181353  0.0180694  0.0214906  0.0180694  0.18177
0.30305  -0.0559587  0.0216171  -0.0559587  0.181181  0.0179741  0.0216171  0.0179741  0.181881
0.303052  -0.0559518  0.0216325  -0.0559518  0.181172  0.0179673  0.0216325  0.0179673  0.181898
0.303046  -0.0557341  0.0217945  -0.0557341  0.180918  0.017832  0.0217945  0.017832  0.18204
0.303045  -0.0557176  0.0217979  -0.0557176  0.180905  0.017826  0.0217979  0.017826  0.182045
0.303042  -0.0555144  0.0219621  -0.0555144  0.180666  0.0176965  0.0219621  0.0176965  0.182192
0.303043  -0.0554958  0.0219714  -0.0554958  0.180653  0.0176897  0.0219714  0.0176897  0.182208
0.30304  -0.0552993  0.0221507  -0.0552993  0.180409  0.0175554  0.0221507  0.0175554  0.182366
0.303038  -0.055139  0.022289  -0.055139  0.180218  0.0174506  0.022289  0.0174506  0.182491
0.303038  -0.0551291  0.0223077  -0.0551291  0.180199  0.0174392  0.0223077  0.0174392  0.182505
0.303038  -0.0550479  0.0223796  -0.0550479  0.180104  0.0173865  0.0223796  0.0173865  0.182573
0.303027  -0.0548378  0.0225474  -0.0548378  0.179839  0.0172457  0.0225474  0.0172457  0.182701
0.303021  -0.0546912  0.0226547  -0.0546912  0.179668  0.0171552  0.0226547  0.0171552  0.182792
0.303023  -0.0546843  0.0226699  -0.0546843  0.179659  0.0171487  0.0226699  0.0171487  0.18281
0.303017  -0.0544828  0.0228268  -0.0544828  0.179425  0.0170237  0.0228268  0.0170237  0.182951
0.303016  -0.0544614  0.0228393  -0.0544614  0.179403  0.0170124  0.0228393  0.0170124  0.182964
0.30301  -0.0542599  0.0229959  -0.0542599  0.17917  0.0168881  0.0229959  0.0168881  0.183106
0.30301  -0.0541172  0.0231014  -0.0541172  0.17902  0.0168078  0.0231014  0.0168078  0.183217
0.303009  -0.0540958  0.023114  -0.0540958  0.178998  0.0167965  0.023114  0.0167965  0.183229
0.303005  -0.0538808  0.0232696  -0.0538808  0.178764  0.0166726  0.0232696  0.0166726  0.183382
0.303007  -0.0538738  0.0232847  -0.0538738  0.178755  0.0166663  0.0232847  0.0166663  0.1834
0.303006  -0.05366  0.0234421  -0.05366  0.178533  0.0165473  0.0234421  0.0165473  0.183568
0.303003  -0.0535144  0.0235504  -0.0535144  0.178375  0.0164635  0.0235504  0.0164635  0.183676
0.303003  -0.0534929  0.0235629  -0.0534929  0.178354  0.0164524  0.0235629  0.0164524  0.183689
0.302993  -0.0532605  0.0237186  -0.0532605  0.178101  0.016321  0.0237186  0.016321  0.183834
0.30299  -0.053241  0.0237254  -0.053241  0.178079  0.0163107  0.0237254  0.0163107  0.183836
