0.304285  -0.147168  -0.0624043  -0.147168  0.328609  0.113063  -0.0624043  0.113063  0.170548
0.304285  -0.147168  -0.0624043  -0.147168  0.328609  0.113063  -0.0624043  0.113063  0.170548
0.304281  -0.14719  -0.0624146  -0.14719  0.328669  0.113096  -0.0624146  0.113096  0.17056
0.304288  -0.146412  -0.06383  -0.146412  0.327684  0.11369  -0.06383  0.11369  0.171148
0.304284  -0.146296  -0.0640369  -0.146296  0.32755  0.113782  -0.0640369  0.113782  0.171239
0.304301  -0.146164  -0.0646831  -0.146164  0.327531  0.11422  -0.0646831  0.11422  0.171547
0.304313  -0.146202  -0.0647166  -0.146202  0.327593  0.114264  -0.0647166  0.114264  0.171564
0.304341  -0.146234  -0.0648556  -0.146234  0.327656  0.114376  -0.0648556  0.114376  0.171627
0.304338  -0.14566  -0.0660176  -0.14566  0.327015  0.114924  -0.0660176  0.114924  0.172159
0.304325  -0.145558  -0.0662165  -0.145558  0.32693  0.115033  -0.0662165  0.115033  0.172258
0.304263  -0.145346  -0.0666566  -0.145346  0.326851  0.115331  -0.0666566  0.115331  0.172504
0.304047  -0.145427  -0.0668687  -0.145427  0.327642  0.115898  -0.0668687  0.115898  0.172767
0.304014  -0.145439  -0.0669061  -0.145439  0.327765  0.115988  -0.0669061  0.115988  0.17281
0.30373  -0.145619  -0.0667005  -0.145619  0.328741  0.116369  -0.0667005  0.116369  0.1729
0.30371  -0.145611  -0.0667118  -0.145611  0.328778  0.116401  -0.0667118  0.116401  0.172918
0.303381  -0.145338  -0.0672016  -0.145338  0.329265  0.117084  -0.0672016  0.117084  0.173351
0.303349  -0.145292  -0.0672569  -0.145292  0.329275  0.11714  -0.0672569  0.11714  0.173394
0.302933  -0.145045  -0.0674162  -0.145045  0.329891  0.117685  -0.0674162  0.117685  0.173706
0.302912  -0.14505  -0.0674033  -0.14505  0.329948  0.117709  -0.0674033  0.117709  0.173712
0.302672  -0.144947  -0.0671664  -0.144947  0.330239  0.117766  -0.0671664  0.117766  0.173713
0.302656  -0.144902  -0.0671911  -0.144902  0.330198  0.117773  -0.0671911  0.117773  0.17373
0.302535  -0.14398  -0.0681639  -0.14398  0.329068  0.118026  -0.0681639  0.118026  0.174212
0.302529  -0.143908  -0.0682212  -0.143908  0.328964  0.118025  -0.0682212  0.118025  0.174237
0.302388  -0.143566  -0.0681123  -0.143566  0.328574  0.117841  -0.0681123  0.117841  0.174207
0.302388  -0.14358  -0.0680884  -0.14358  0.328593  0.117833  -0.0680884  0.117833  0.174196
0.302305  -0.143038  -0.0681893  -0.143038  0.327748  0.117578  -0.0681893  0.117578  0.174218
0.302299  -0.142967  -0.0682464  -0.142967  0.327646  0.117576  -0.0682464  0.117576  0.174244
0.302144  -0.142108  -0.0688682  -0.142108  0.326592  0.117616  -0.0688682  0.117616  0.174566
0.302144  -0.142108  -0.0688682  -0.142108  0.326592  0.117616  -0.0688682  0.117616  0.174566
0.30193  -0.142062  -0.0681627  -0.142062  0.32672  0.117276  -0.0681627  0.117276  0.174286
0.30191  -0.142054  -0.0680964  -0.142054  0.326722  0.117239  -0.0680964  0.117239  0.174259
0.301839  -0.141871  -0.0680353  -0.141871  0.326509  0.117135  -0.0680353  0.117135  0.17424
0.301635  -0.14096  -0.0684695  -0.14096  0.325401  0.11704  -0.0684695  0.11704  0.174479
0.301616  -0.140909  -0.0684746  -0.140909  0.325349  0.117029  -0.0684746  0.117029  0.174486
0.301436  -0.140658  -0.0679307  -0.140658  0.325059  0.116608  -0.0679307  0.116608  0.174248
0.301417  -0.14065  -0.0678649  -0.14065  0.325062  0.116572  -0.0678649  0.116572  0.174221
0.301279  -0.139986  -0.067666  -0.139986  0.323996  0.116033  -0.067666  0.116033  0.17409
0.301256  -0.139824  -0.0677219  -0.139824  0.323759  0.115978  -0.0677219  0.115978  0.174111
0.301184  -0.139319  -0.0678938  -0.139319  0.323018  0.115803  -0.0678938  0.115803  0.174177
0.301035  -0.138689  -0.0676024  -0.138689  0.322021  0.115234  -0.0676024  0.115234  0.174008
0.301028  -0.138675  -0.0675647  -0.138675  0.321994  0.1152  -0.0675647  0.1152  0.173989
0.300881  -0.138106  -0.06703  -0.138106  0.321005  0.114472  -0.06703  0.114472  0.173692
0.300859  -0.13796  -0.0670623  -0.13796  0.320791  0.114409  -0.0670623  0.114409  0.173702
0.300737  -0.137168  -0.0670671  -0.137168  0.319552  0.113921  -0.0670671  0.113921  0.173662
0.300731  -0.137113  -0.067024  -0.137113  0.31944  0.113846  -0.067024  0.113846  0.173632
0.300684  -0.137031  -0.0667394  -0.137031  0.319272  0.113603  -0.0667394  0.113603  0.17349
0.300569  -0.136725  -0.0661291  -0.136725  0.318692  0.112993  -0.0661291  0.112993  0.173178
0.30056  -0.136677  -0.0661198  -0.136677  0.318619  0.112959  -0.0661198  0.112959  0.173172
0.300498  -0.136106  -0.066055  -0.136106  0.317637  0.112512  -0.066055  0.112512  0.173089
0.300502  -0.136086  -0.0660449  -0.136086  0.317582  0.11248  -0.0660449  0.11248  0.173077
0.300449  -0.135847  -0.0655464  -0.135847  0.317027  0.111931  -0.0655464  0.111931  0.1728
0.300443  -0.135833  -0.0655095  -0.135833  0.317001  0.111898  -0.0655095  0.111898  0.172782
0.300433  -0.135383  -0.0654006  -0.135383  0.316104  0.111439  -0.0654006  0.111439  0.17266
0.300428  -0.135303  -0.0654044  -0.135303  0.315961  0.11138  -0.0654044  0.11138  0.172653
0.300423  -0.134977  -0.0651486  -0.134977  0.315228  0.110895  -0.0651486  0.110895  0.172466
0.30042  -0.13497  -0.0651302  -0.13497  0.315215  0.110878  -0.0651302  0.110878  0.172457
0.300399  -0.134725  -0.0648411  -0.134725  0.314667  0.110459  -0.0648411  0.110459  0.172278
0.300397  -0.134665  -0.0648403  -0.134665  0.314555  0.11041  -0.0648403  0.11041  0.172269
0.300391  -0.134524  -0.0648434  -0.134524  0.314301  0.110303  -0.0648434  0.110303  0.172254
0.300381  -0.134346  -0.0646335  -0.134346  0.313889  0.109991  -0.0646335  0.109991  0.17212
0.300385  -0.134354  -0.0645777  -0.134354  0.313868  0.109944  -0.0645777  0.109944  0.172089
0.300373  -0.134328  -0.0644309  -0.134328  0.313784  0.109817  -0.0644309  0.109817  0.172015
0.300382  -0.134175  -0.0644275  -0.134175  0.313467  0.109672  -0.0644275  0.109672  0.171984
0.300379  -0.134155  -0.0644322  -0.134155  0.313438  0.109663  -0.0644322  0.109663  0.171985
0.300403  -0.134117  -0.0643088  -0.134117  0.313248  0.109491  -0.0643088  0.109491  0.171897
0.300399  -0.134111  -0.0642907  -0.134111  0.313236  0.109475  -0.0642907  0.109475  0.171889
0.300433  -0.134066  -0.0642676  -0.134066  0.313051  0.109366  -0.0642676  0.109366  0.171847
0.30043  -0.134046  -0.0642722  -0.134046  0.313022  0.109358  -0.0642722  0.109358  0.171848
0.300454  -0.133912  -0.0643825  -0.133912  0.312752  0.109301  -0.0643825  0.109301  0.17187
0.300465  -0.133919  -0.064386  -0.133919  0.31274  0.109294  -0.064386  0.109294  0.171866
0.300484  -0.133901  -0.0642727  -0.133901  0.312605  0.109153  -0.0642727  0.109153  0.17179
0.300484  -0.133887  -0.0642955  -0.133887  0.312589  0.109161  -0.0642955  0.109161  0.1718
0.300496  -0.133827  -0.0643392  -0.133827  0.312462  0.109129  -0.0643392  0.109129  0.171806
0.300498  -0.133746  -0.0644022  -0.133746  0.312331  0.109111  -0.0644022  0.109111  0.171826
0.300498  -0.133746  -0.0644022  -0.133746  0.312331  0.109111  -0.0644022  0.109111  0.171826
0.300506  -0.133748  -0.0643136  -0.133748  0.312273  0.109025  -0.0643136  0.109025  0.171773
0.300503  -0.133728  -0.0643183  -0.133728  0.312245  0.109017  -0.0643183  0.109017  0.171775
0.300512  -0.133634  -0.0643893  -0.133634  0.312073  0.108984  -0.0643893  0.108984  0.171792
0.300523  -0.133641  -0.0643928  -0.133641  0.312061  0.108977  -0.0643928  0.108977  0.171788
0.300534  -0.133635  -0.0643452  -0.133635  0.312  0.108915  -0.0643452  0.108915  0.171754
0.300534  -0.133635  -0.0643452  -0.133635  0.312  0.108915  -0.0643452  0.108915  0.171754
0.300553  -0.133562  -0.0643969  -0.133562  0.311833  0.108867  -0.0643969  0.108867  0.171757
0.300561  -0.133549  -0.064405  -0.133549  0.311793  0.108851  -0.064405  0.108851  0.171755
0.300579  -0.133516  -0.0643883  -0.133516  0.311674  0.108781  -0.0643883  0.108781  0.171728
0.300579  -0.133516  -0.0643883  -0.133516  0.311674  0.108781  -0.0643883  0.108781  0.171728
0.300592  -0.133443  -0.0643808  -0.133443  0.311499  0.108694  -0.0643808  0.108694  0.171704
0.300589  -0.133423  -0.0643854  -0.133423  0.311471  0.108686  -0.0643854  0.108686  0.171706
0.300586  -0.13333  -0.0643382  -0.13333  0.311282  0.108574  -0.0643382  0.108574  0.171669
0.300586  -0.13333  -0.0643382  -0.13333  0.311282  0.108574  -0.0643382  0.108574  0.171669
0.300561  -0.133278  -0.064193  -0.133278  0.311183  0.108447  -0.064193  0.108447  0.171601
0.300561  -0.133278  -0.064193  -0.133278  0.311183  0.108447  -0.064193  0.108447  0.171601
0.30052  -0.133139  -0.0641221  -0.133139  0.31099  0.108333  -0.0641221  0.108333  0.17157
0.300514  -0.133112  -0.0641086  -0.133112  0.310949  0.108309  -0.0641086  0.108309  0.171563
0.30047  -0.133048  -0.0638835  -0.133048  0.31084  0.108135  -0.0638835  0.108135  0.171465
0.300464  -0.133021  -0.06387  -0.133021  0.310799  0.108111  -0.06387  0.108111  0.171458
0.300438  -0.132968  -0.063799  -0.132968  0.310733  0.108046  -0.063799  0.108046  0.17143
0.300373  -0.132763  -0.0636803  -0.132763  0.310459  0.107876  -0.0636803  0.107876  0.171382
0.300368  -0.132737  -0.0636669  -0.132737  0.310418  0.107852  -0.0636669  0.107852  0.171375
0.300305  -0.132633  -0.0634081  -0.132633  0.310269  0.107646  -0.0634081  0.107646  0.171267
0.300299  -0.13262  -0.0633721  -0.13262  0.310244  0.107615  -0.0633721  0.107615  0.171251
0.300268  -0.132542  -0.0632882  -0.132542  0.310138  0.107527  -0.0632882  0.107527  0.171217
0.300191  -0.132351  -0.063104  -0.132351  0.309897  0.107335  -0.063104  0.107335  0.171146
0.300175  -0.132332  -0.0630648  -0.132332  0.309885  0.107311  -0.0630648  0.107311  0.171134
0.300144  -0.13228  -0.0629361  -0.13228  0.309811  0.107209  -0.0629361  0.107209  0.171081
0.300063  -0.132164  -0.0626724  -0.132164  0.309687  0.10702  -0.0626724  0.10702  0.170985
0.30006  -0.132158  -0.0626545  -0.132158  0.309675  0.107005  -0.0626545  0.107005  0.170977
0.299985  -0.132028  -0.0624723  -0.132028  0.309545  0.106862  -0.0624723  0.106862  0.170917
0.299982  -0.132022  -0.0624544  -0.132022  0.309532  0.106846  -0.0624544  0.106846  0.170909
0.299916  -0.131979  -0.0622135  -0.131979  0.309519  0.106714  -0.0622135  0.106714  0.170826
0.299903  -0.131966  -0.0621924  -0.131966  0.309518  0.106706  -0.0621924  0.106706  0.170822
0.299841  -0.131889  -0.0620371  -0.131889  0.309469  0.106611  -0.0620371  0.106611  0.170776
0.299797  -0.131851  -0.0619161  -0.131851  0.30946  0.106548  -0.0619161  0.106548  0.17074
0.299794  -0.131844  -0.0618983  -0.131844  0.309448  0.106533  -0.0618983  0.106533  0.170732
0.299733  -0.13184  -0.0617213  -0.13184  0.309524  0.106478  -0.0617213  0.106478  0.170686
0.299733  -0.13184  -0.0617213  -0.13184  0.309524  0.106478  -0.0617213  0.106478  0.170686
0.299666  -0.131808  -0.0616038  -0.131808  0.309591  0.106461  -0.0616038  0.106461  0.170669
0.299668  -0.131828  -0.061599  -0.131828  0.30962  0.106469  -0.061599  0.106469  0.170668
0.299606  -0.131862  -0.0614273  -0.131862  0.309776  0.106453  -0.0614273  0.106453  0.170631
0.299606  -0.131862  -0.0614273  -0.131862  0.309776  0.106453  -0.0614273  0.106453  0.170631
0.299589  -0.131882  -0.0613936  -0.131882  0.309844  0.106469  -0.0613936  0.106469  0.17063
0.299541  -0.131921  -0.0613551  -0.131921  0.310029  0.106544  -0.0613551  0.106544  0.170649
0.299507  -0.131961  -0.0612877  -0.131961  0.310166  0.106575  -0.0612877  0.106575  0.170646
0.29951  -0.131981  -0.0612829  -0.131981  0.310194  0.106583  -0.0612829  0.106583  0.170644
0.299477  -0.132066  -0.061238  -0.132066  0.310424  0.106668  -0.061238  0.106668  0.170658
0.299467  -0.132059  -0.0612348  -0.132059  0.310436  0.106675  -0.0612348  0.106675  0.170662
0.299456  -0.132092  -0.0612363  -0.132092  0.310529  0.106721  -0.0612363  0.106721  0.170675
0.299416  -0.13219  -0.0611833  -0.13219  0.310799  0.106822  -0.0611833  0.106822  0.170691
0.299409  -0.132203  -0.0611753  -0.132203  0.31084  0.106837  -0.0611753  0.106837  0.170694
0.299372  -0.13228  -0.0611847  -0.13228  0.31109  0.106967  -0.0611847  0.106967  0.170736
0.299362  -0.132273  -0.0611814  -0.132273  0.311102  0.106974  -0.0611814  0.106974  0.17074
0.299356  -0.132332  -0.0611958  -0.132332  0.311236  0.107044  -0.0611958  0.107044  0.17076
0.299321  -0.132456  -0.0611555  -0.132456  0.311548  0.107168  -0.0611555  0.107168  0.170783
0.299312  -0.132449  -0.0611522  -0.132449  0.31156  0.107175  -0.0611522  0.107175  0.170787
0.299293  -0.132552  -0.0612178  -0.132552  0.311836  0.107345  -0.0612178  0.107345  0.170847
0.299286  -0.132551  -0.0612321  -0.132551  0.31186  0.107367  -0.0612321  0.107367  0.170859
0.299261  -0.132669  -0.0612174  -0.132669  0.312145  0.107491  -0.0612174  0.107491  0.170887
0.299261  -0.132669  -0.0612174  -0.132669  0.312145  0.107491  -0.0612174  0.107491  0.170887
0.299247  -0.132695  -0.0612012  -0.132695  0.312226  0.107522  -0.0612012  0.107522  0.170892
0.299212  -0.132706  -0.0612505  -0.132706  0.312364  0.107628  -0.0612505  0.107628  0.170943
0.299205  -0.132705  -0.0612649  -0.132705  0.312388  0.107651  -0.0612649  0.107651  0.170955
0.299174  -0.132765  -0.0611922  -0.132765  0.312555  0.10769  -0.0611922  0.10769  0.17095
0.299164  -0.132758  -0.0611889  -0.132758  0.312567  0.107697  -0.0611889  0.107697  0.170954
0.299135  -0.132737  -0.061179  -0.132737  0.312603  0.107718  -0.061179  0.107718  0.170966
0.299123  -0.132711  -0.0611805  -0.132711  0.312586  0.107717  -0.0611805  0.107717  0.170972
0.299098  -0.132698  -0.061116  -0.132698  0.312602  0.107693  -0.061116  0.107693  0.170956
0.299098  -0.132698  -0.061116  -0.132698  0.312602  0.107693  -0.061116  0.107693  0.170956
0.299068  -0.13266  -0.0610388  -0.13266  0.312577  0.107645  -0.0610388  0.107645  0.170933
0.299066  -0.13264  -0.0610436  -0.13264  0.312548  0.107637  -0.0610436  0.107637  0.170935
0.299043  -0.132575  -0.060997  -0.132575  0.312466  0.107581  -0.060997  0.107581  0.170918
0.29904  -0.132569  -0.0609794  -0.132569  0.312454  0.107566  -0.0609794  0.107566  0.170911
0.299031  -0.132532  -0.0608593  -0.132532  0.312356  0.107451  -0.0608593  0.107451  0.170853
0.299028  -0.132525  -0.0608417  -0.132525  0.312344  0.107435  -0.0608417  0.107435  0.170846
0.29903  -0.132486  -0.060837  -0.132486  0.312263  0.107396  -0.060837  0.107396  0.170836
0.299033  -0.132435  -0.0607828  -0.132435  0.312133  0.107304  -0.0607828  0.107304  0.1708
0.29904  -0.132436  -0.0607685  -0.132436  0.312109  0.107281  -0.0607685  0.107281  0.170788
0.299055  -0.132438  -0.0606679  -0.132438  0.312029  0.107176  -0.0606679  0.107176  0.170729
0.299055  -0.132438  -0.0606679  -0.132438  0.312029  0.107176  -0.0606679  0.107176  0.170729
0.29908  -0.132421  -0.0606155  -0.132421  0.311904  0.107078  -0.0606155  0.107078  0.170684
0.29909  -0.132427  -0.0606188  -0.132427  0.311892  0.107071  -0.0606188  0.107071  0.170679
0.299119  -0.132476  -0.0605118  -0.132476  0.311858  0.106975  -0.0605118  0.106975  0.170614
0.299126  -0.132476  -0.0604975  -0.132476  0.311834  0.106952  -0.0604975  0.106952  0.170602
0.299142  -0.132497  -0.060464  -0.132497  0.311814  0.106916  -0.060464  0.106916  0.170578
0.299184  -0.132531  -0.0604227  -0.132531  0.311747  0.106842  -0.0604227  0.106842  0.170533
0.299196  -0.132558  -0.0604211  -0.132558  0.311764  0.106843  -0.0604211  0.106843  0.170528
0.299242  -0.132659  -0.0603252  -0.132659  0.311787  0.106772  -0.0603252  0.106772  0.170463
0.299242  -0.132659  -0.0603252  -0.132659  0.311787  0.106772  -0.0603252  0.106772  0.170463
0.299307  -0.132772  -0.0603076  -0.132772  0.311819  0.106747  -0.0603076  0.106747  0.170426
0.29931  -0.132792  -0.0603028  -0.132792  0.311848  0.106755  -0.0603028  0.106755  0.170425
0.299344  -0.132851  -0.0603028  -0.132851  0.311869  0.10675  -0.0603028  0.10675  0.17041
0.299417  -0.133083  -0.0602705  -0.133083  0.312098  0.106796  -0.0602705  0.106796  0.170376
0.299429  -0.13311  -0.0602689  -0.13311  0.312115  0.106797  -0.0602689  0.106797  0.170371
0.299462  -0.133195  -0.060296  -0.133195  0.312202  0.106838  -0.060296  0.106838  0.170374
0.299545  -0.133433  -0.0603391  -0.133433  0.312452  0.106938  -0.0603391  0.106938  0.170372
0.299557  -0.13346  -0.0603375  -0.13346  0.312469  0.106939  -0.0603375  0.106939  0.170367
0.299626  -0.133738  -0.0603419  -0.133738  0.312819  0.107062  -0.0603419  0.107062  0.170362
0.299642  -0.133772  -0.060358  -0.133772  0.312848  0.107079  -0.060358  0.107079  0.170364
0.299668  -0.133871  -0.0603771  -0.133871  0.312978  0.107135  -0.0603771  0.107135  0.17037
0.299733  -0.134157  -0.0604138  -0.134157  0.313366  0.107297  -0.0604138  0.107297  0.170385
0.299736  -0.134177  -0.0604089  -0.134177  0.313395  0.107305  -0.0604089  0.107305  0.170383
0.299765  -0.134296  -0.0604233  -0.134296  0.313554  0.10737  -0.0604233  0.10737  0.170388
0.299809  -0.134536  -0.0604809  -0.134536  0.313922  0.107546  -0.0604809  0.107546  0.170421
0.299812  -0.134556  -0.060476  -0.134556  0.313952  0.107554  -0.060476  0.107554  0.17042
0.299848  -0.134762  -0.0605032  -0.134762  0.314266  0.107691  -0.0605032  0.107691  0.170439
0.299843  -0.134782  -0.0605127  -0.134782  0.31432  0.107722  -0.0605127  0.107722  0.17045
0.299875  -0.135009  -0.0605495  -0.135009  0.31469  0.107889  -0.0605495  0.107889  0.17048
0.299881  -0.135035  -0.0605624  -0.135035  0.314732  0.107913  -0.0605624  0.107913  0.170486
0.299887  -0.135122  -0.0605751  -0.135122  0.314887  0.107985  -0.0605751  0.107985  0.170501
0.299899  -0.135336  -0.0606052  -0.135336  0.315283  0.108167  -0.0606052  0.108167  0.170539
0.299902  -0.135356  -0.0606003  -0.135356  0.315312  0.108176  -0.0606003  0.108176  0.170538
0.299911  -0.135549  -0.0606354  -0.135549  0.315679  0.10835  -0.0606354  0.10835  0.170578
0.299914  -0.135556  -0.0606532  -0.135556  0.315691  0.108366  -0.0606532  0.108366  0.170585
0.29991  -0.13575  -0.0606443  -0.13575  0.316076  0.108525  -0.0606443  0.108525  0.170613
0.299906  -0.135769  -0.0606539  -0.135769  0.31613  0.108556  -0.0606539  0.108556  0.170623
0.299886  -0.13593  -0.0606286  -0.13593  0.316485  0.108698  -0.0606286  0.108698  0.170649
0.299889  -0.13595  -0.0606237  -0.13595  0.316515  0.108706  -0.0606237  0.108706  0.170648
0.299853  -0.136049  -0.0606276  -0.136049  0.316805  0.108847  -0.0606276  0.108847  0.170688
0.299846  -0.136062  -0.0606193  -0.136062  0.316847  0.108862  -0.0606193  0.108862  0.170691
0.299837  -0.136115  -0.0606156  -0.136115  0.316974  0.108917  -0.0606156  0.108917  0.170704
0.299793  -0.136194  -0.0605658  -0.136194  0.317227  0.10901  -0.0605658  0.10901  0.170722
0.299793  -0.136194  -0.0605658  -0.136194  0.317227  0.10901  -0.0605658  0.10901  0.170722
0.299733  -0.136225  -0.0605224  -0.136225  0.317431  0.109094  -0.0605224  0.109094  0.170746
0.299723  -0.136218  -0.060519  -0.136218  0.317443  0.109101  -0.060519  0.109101  0.17075
0.299657  -0.13625  -0.0604171  -0.13625  0.31764  0.109146  -0.0604171  0.109146  0.170751
0.299646  -0.136243  -0.0604137  -0.136243  0.317652  0.109153  -0.0604137  0.109153  0.170755
0.299568  -0.13622  -0.0603589  -0.13622  0.317795  0.109211  -0.0603589  0.109211  0.170778
0.299568  -0.13622  -0.0603589  -0.13622  0.317795  0.109211  -0.0603589  0.109211  0.170778
0.299477  -0.136211  -0.0602374  -0.136211  0.317974  0.109246  -0.0602374  0.109246  0.170781
0.299477  -0.136211  -0.0602374  -0.136211  0.317974  0.109246  -0.0602374  0.109246  0.170781
0.299391  -0.136168  -0.0601292  -0.136168  0.31808  0.109257  -0.0601292  0.109257  0.170782
0.299381  -0.136161  -0.0601258  -0.136161  0.318092  0.109264  -0.0601258  0.109264  0.170786
0.299286  -0.136085  -0.0599873  -0.136085  0.318142  0.109235  -0.0599873  0.109235  0.170773
0.299276  -0.136078  -0.0599839  -0.136078  0.318154  0.109242  -0.0599839  0.109242  0.170778
0.299177  -0.135989  -0.0598101  -0.135989  0.31818  0.109182  -0.0598101  0.109182  0.17075
0.299164  -0.135975  -0.059789  -0.135975  0.318179  0.109174  -0.059789  0.109174  0.170747
0.299124  -0.135914  -0.0597307  -0.135914  0.318147  0.10914  -0.0597307  0.10914  0.170738
0.299017  -0.135779  -0.0595497  -0.135779  0.3181  0.109048  -0.0595497  0.109048  0.170707
0.299004  -0.135766  -0.0595287  -0.135766  0.3181  0.109039  -0.0595287  0.109039  0.170703
0.298961  -0.135712  -0.0594304  -0.135712  0.318073  0.108982  -0.0594304  0.108982  0.170679
0.298836  -0.135518  -0.0592215  -0.135518  0.317953  0.10885  -0.0592215  0.10885  0.17064
0.298818  -0.135478  -0.059188  -0.135478  0.31791  0.108818  -0.059188  0.108818  0.170631
0.298763  -0.135398  -0.0590918  -0.135398  0.317866  0.10876  -0.0590918  0.10876  0.170613
0.298632  -0.135185  -0.0588313  -0.135185  0.317709  0.108582  -0.0588313  0.108582  0.170553
0.298629  -0.135179  -0.0588138  -0.135179  0.317697  0.108567  -0.0588138  0.108567  0.170546
0.298468  -0.134881  -0.0585279  -0.134881  0.317451  0.108348  -0.0585279  0.108348  0.170485
0.298451  -0.134841  -0.0584947  -0.134841  0.317408  0.108316  -0.0584947  0.108316  0.170476
0.29839  -0.134729  -0.0583696  -0.134729  0.31731  0.108221  -0.0583696  0.108221  0.170445
0.298229  -0.134396  -0.0580244  -0.134396  0.316975  0.107927  -0.0580244  0.107927  0.170355
0.298213  -0.134356  -0.0579915  -0.134356  0.316933  0.107895  -0.0579915  0.107895  0.170347
0.298055  -0.133998  -0.057693  -0.133998  0.316564  0.107618  -0.057693  0.107618  0.170275
0.298037  -0.133952  -0.057643  -0.133952  0.31651  0.107572  -0.057643  0.107572  0.170259
0.297974  -0.133816  -0.0575072  -0.133816  0.316372  0.107454  -0.0575072  0.107454  0.170225
0.297806  -0.133442  -0.0571734  -0.133442  0.315995  0.107156  -0.0571734  0.107156  0.170146
0.297793  -0.133409  -0.0571581  -0.133409  0.315965  0.10714  -0.0571581  0.10714  0.170145
0.297631  -0.132998  -0.0568225  -0.132998  0.315508  0.106806  -0.0568225  0.106806  0.170059
0.297613  -0.132954  -0.0567731  -0.132954  0.315454  0.10676  -0.0567731  0.10676  0.170045
0.297551  -0.1328  -0.0566443  -0.1328  0.315289  0.106636  -0.0566443  0.106636  0.170013
0.297387  -0.132419  -0.0562812  -0.132419  0.314894  0.106313  -0.0562812  0.106313  0.169926
0.297383  -0.132394  -0.0562693  -0.132394  0.314853  0.10629  -0.0562693  0.10629  0.169921
0.297221  -0.131969  -0.0559575  -0.131969  0.314398  0.105976  -0.0559575  0.105976  0.169852
0.297209  -0.131937  -0.0559426  -0.131937  0.314369  0.10596  -0.0559426  0.10596  0.169851
0.297058  -0.131562  -0.0555698  -0.131562  0.313956  0.10562  -0.0555698  0.10562  0.169758
0.296957  -0.1313  -0.0553489  -0.1313  0.313673  0.105408  -0.0553489  0.105408  0.169708
0.296945  -0.131268  -0.0553342  -0.131268  0.313645  0.105393  -0.0553342  0.105393  0.169707
0.296885  -0.13108  -0.0552187  -0.13108  0.313426  0.105256  -0.0552187  0.105256  0.169681
0.296733  -0.13065  -0.0549345  -0.13065  0.312962  0.104955  -0.0549345  0.104955  0.169625
0.29672  -0.130613  -0.0549033  -0.130613  0.312922  0.104925  -0.0549033  0.104925  0.169618
0.29658  -0.130206  -0.054602  -0.130206  0.312467  0.104612  -0.054602  0.104612  0.169553
0.296566  -0.130169  -0.054571  -0.130169  0.312428  0.104582  -0.054571  0.104582  0.169546
0.29643  -0.129738  -0.054315  -0.129738  0.311942  0.104284  -0.054315  0.104284  0.169496
0.296425  -0.129708  -0.0542871  -0.129708  0.311891  0.104247  -0.0542871  0.104247  0.169486
0.296285  -0.129318  -0.0539813  -0.129318  0.311483  0.103953  -0.0539813  0.103953  0.169427
0.296282  -0.129294  -0.0539699  -0.129294  0.311443  0.103931  -0.0539699  0.103931  0.169422
0.296147  -0.128885  -0.0537255  -0.128885  0.311015  0.103666  -0.0537255  0.103666  0.169385
0.296136  -0.128855  -0.0537113  -0.128855  0.310987  0.103651  -0.0537113  0.103651  0.169384
0.296013  -0.128501  -0.0534228  -0.128501  0.310612  0.103375  -0.0534228  0.103375  0.169329
0.296004  -0.128489  -0.0534036  -0.128489  0.310613  0.103368  -0.0534036  0.103368  0.169328
0.295894  -0.128109  -0.0532003  -0.128109  0.310189  0.10312  -0.0532003  0.10312  0.169295
0.295883  -0.128078  -0.0531863  -0.128078  0.310162  0.103105  -0.0531863  0.103105  0.169295
0.295775  -0.12774  -0.0529197  -0.12774  0.309791  0.102839  -0.0529197  0.102839  0.169244
0.295765  -0.12771  -0.0529059  -0.12771  0.309764  0.102825  -0.0529059  0.102825  0.169244
0.295728  -0.127598  -0.0527993  -0.127598  0.309639  0.102725  -0.0527993  0.102725  0.169222
0.295637  -0.127281  -0.0526396  -0.127281  0.309297  0.10253  -0.0526396  0.10253  0.169202
0.295627  -0.127252  -0.0526259  -0.127252  0.30927  0.102516  -0.0526259  0.102516  0.169202
0.295545  -0.126995  -0.0523843  -0.126995  0.308985  0.10229  -0.0523843  0.10229  0.169153
0.295537  -0.126984  -0.0523653  -0.126984  0.308986  0.102283  -0.0523653  0.102283  0.169152
0.295454  -0.126678  -0.0521565  -0.126678  0.30863  0.102049  -0.0521565  0.102049  0.169112
0.295405  -0.126478  -0.0520373  -0.126478  0.308387  0.1019  -0.0520373  0.1019  0.169089
0.295394  -0.126444  -0.0520077  -0.126444  0.30835  0.101872  -0.0520077  0.101872  0.169084
0.295362  -0.126353  -0.0518976  -0.126353  0.308255  0.101781  -0.0518976  0.101781  0.169062
0.295298  -0.126111  -0.0516644  -0.126111  0.30795  0.101544  -0.0516644  0.101544  0.169008
0.295295  -0.126083  -0.0516377  -0.126083  0.307901  0.10151  -0.0516377  0.10151  0.168998
0.295271  -0.125959  -0.0515945  -0.125959  0.307746  0.101431  -0.0515945  0.101431  0.168991
0.295218  -0.125735  -0.051397  -0.125735  0.307452  0.101216  -0.051397  0.101216  0.168944
0.295188  -0.125612  -0.0512322  -0.125612  0.307277  0.101058  -0.0512322  0.101058  0.1689
0.295187  -0.125607  -0.0512163  -0.125607  0.307266  0.101044  -0.0512163  0.101044  0.168895
0.29517  -0.125503  -0.0511551  -0.125503  0.307116  0.100953  -0.0511551  0.100953  0.168878
0.295135  -0.125285  -0.0510012  -0.125285  0.306795  0.100745  -0.0510012  0.100745  0.168834
0.295114  -0.125186  -0.0508348  -0.125186  0.306636  0.100589  -0.0508348  0.100589  0.168786
0.295112  -0.125176  -0.0508032  -0.125176  0.306615  0.100562  -0.0508032  0.100562  0.168777
0.295094  -0.12508  -0.0507055  -0.12508  0.306471  0.100452  -0.0507055  0.100452  0.16875
0.295074  -0.124893  -0.0505528  -0.124893  0.306156  0.100239  -0.0505528  0.100239  0.168698
0.295072  -0.124883  -0.0505212  -0.124883  0.306135  0.100212  -0.0505212  0.100212  0.168688
0.295064  -0.124829  -0.0504161  -0.124829  0.306034  0.100111  -0.0504161  0.100111  0.168655
0.295051  -0.1247  -0.0501826  -0.1247  0.305772  0.0998676  -0.0501826  0.0998676  0.168578
0.295048  -0.124672  -0.0501565  -0.124672  0.305724  0.0998336  -0.0501565  0.0998336  0.168569
0.295033  -0.124507  -0.0499341  -0.124507  0.305411  0.0995765  -0.0499341  0.0995765  0.168494
0.295032  -0.124502  -0.0499184  -0.124502  0.3054  0.0995633  -0.0499184  0.0995633  0.168489
0.295024  -0.124382  -0.0496365  -0.124382  0.305124  0.0992825  -0.0496365  0.0992825  0.168395
0.295022  -0.124372  -0.0496052  -0.124372  0.305103  0.099256  -0.0496052  0.099256  0.168386
0.295018  -0.124204  -0.0493425  -0.124204  0.304736  0.0989473  -0.0493425  0.0989473  0.168291
0.295024  -0.124204  -0.0493294  -0.124204  0.304713  0.0989271  -0.0493294  0.0989271  0.168282
0.295022  -0.124152  -0.0492125  -0.124152  0.304592  0.0988074  -0.0492125  0.0988074  0.168242
0.295025  -0.124047  -0.0488854  -0.124047  0.304289  0.0984833  -0.0488854  0.0984833  0.168129
0.295023  -0.124032  -0.0488388  -0.124032  0.304258  0.098444  -0.0488388  0.098444  0.168116
0.295032  -0.123888  -0.048562  -0.123888  0.303886  0.0981185  -0.048562  0.0981185  0.168011
0.295031  -0.123879  -0.048531  -0.123879  0.303865  0.0980925  -0.048531  0.0980925  0.168002
0.295043  -0.123828  -0.0481768  -0.123828  0.303622  0.0977728  -0.0481768  0.0977728  0.167882
0.295046  -0.123819  -0.0481329  -0.123819  0.30358  0.0977268  -0.0481329  0.0977268  0.167865
0.295051  -0.123785  -0.0479988  -0.123785  0.303464  0.0975961  -0.0479988  0.0975961  0.167819
0.295077  -0.123724  -0.0477075  -0.123724  0.303176  0.0972883  -0.0477075  0.0972883  0.167706
0.295075  -0.123714  -0.0476767  -0.123714  0.303155  0.0972625  -0.0476767  0.0972625  0.167698
0.2951  -0.123688  -0.0473084  -0.123688  0.302907  0.0969259  -0.0473084  0.0969259  0.167569
0.295099  -0.123683  -0.0472931  -0.123683  0.302897  0.0969131  -0.0472931  0.0969131  0.167565
0.295124  -0.123643  -0.0469463  -0.123643  0.302633  0.0965835  -0.0469463  0.0965835  0.167443
0.295128  -0.123638  -0.046918  -0.123638  0.302601  0.0965508  -0.046918  0.0965508  0.167431
0.295159  -0.12363  -0.046533  -0.12363  0.302359  0.096204  -0.046533  0.096204  0.167298
0.295158  -0.12362  -0.0465025  -0.12362  0.302338  0.0961787  -0.0465025  0.0961787  0.167291
0.295191  -0.123584  -0.0460803  -0.123584  0.302029  0.0957812  -0.0460803  0.0957812  0.167146
0.295195  -0.123587  -0.0460163  -0.123587  0.302003  0.0957306  -0.0460163  0.0957306  0.167127
0.295236  -0.123605  -0.0455662  -0.123605  0.301752  0.0953362  -0.0455662  0.0953362  0.166976
0.295235  -0.1236  -0.045551  -0.1236  0.301743  0.0953236  -0.045551  0.0953236  0.166972
0.29529  -0.123659  -0.0450803  -0.123659  0.301512  0.0949178  -0.0450803  0.0949178  0.166812
0.295295  -0.123672  -0.0450468  -0.123672  0.301506  0.0948926  -0.0450468  0.0948926  0.1668
0.295352  -0.123758  -0.0446017  -0.123758  0.301323  0.09452  -0.0446017  0.09452  0.166649
0.295356  -0.123754  -0.0445737  -0.123754  0.301292  0.094488  -0.0445737  0.094488  0.166638
0.295419  -0.123884  -0.0440699  -0.123884  0.301148  0.0940928  -0.0440699  0.0940928  0.166475
0.295423  -0.123879  -0.044042  -0.123879  0.301116  0.0940609  -0.044042  0.0940609  0.166465
0.295505  -0.124029  -0.0435602  -0.124029  0.300948  0.0936576  -0.0435602  0.0936576  0.166296
0.295514  -0.124038  -0.043499  -0.124038  0.300911  0.0936008  -0.043499  0.0936008  0.166274
0.29555  -0.124099  -0.0432916  -0.124099  0.300833  0.0934245  -0.0432916  0.0934245  0.166202
0.29564  -0.124281  -0.0428369  -0.124281  0.300701  0.0930466  -0.0428369  0.0930466  0.16604
0.295658  -0.124318  -0.0427873  -0.124318  0.300689  0.0930016  -0.0427873  0.0930016  0.166017
0.295758  -0.124513  -0.0422866  -0.124513  0.300532  0.09258  -0.0422866  0.09258  0.165841
0.295764  -0.124526  -0.0422533  -0.124526  0.300527  0.0925551  -0.0422533  0.0925551  0.165831
0.295865  -0.124752  -0.0417267  -0.124752  0.300417  0.0921354  -0.0417267  0.0921354  0.165656
0.29587  -0.124765  -0.0416934  -0.124765  0.300412  0.0921106  -0.0416934  0.0921106  0.165646
0.295986  -0.125049  -0.0411394  -0.125049  0.30035  0.0916847  -0.0411394  0.0916847  0.165464
0.295991  -0.125062  -0.0411062  -0.125062  0.300346  0.0916599  -0.0411062  0.0916599  0.165454
0.296107  -0.12536  -0.0405317  -0.12536  0.300304  0.0912289  -0.0405317  0.0912289  0.165275
0.296118  -0.125378  -0.0405004  -0.125378  0.300288  0.0911968  -0.0405004  0.0911968  0.165261
0.296246  -0.125723  -0.0399958  -0.125723  0.300312  0.0908249  -0.0399958  0.0908249  0.165094
0.29627  -0.125778  -0.0399274  -0.125778  0.300307  0.0907672  -0.0399274  0.0907672  0.165066
0.296322  -0.125921  -0.0397017  -0.125921  0.300318  0.090604  -0.0397017  0.090604  0.164997
0.296486  -0.126372  -0.0391477  -0.126372  0.300404  0.090203  -0.0391477  0.090203  0.164808
0.296499  -0.126409  -0.0391106  -0.126409  0.300415  0.0901772  -0.0391106  0.0901772  0.164795
0.296661  -0.126792  -0.0385929  -0.126792  0.300404  0.0897617  -0.0385929  0.0897617  0.164613
0.29668  -0.12686  -0.0385166  -0.12686  0.30044  0.0897175  -0.0385166  0.0897175  0.164592
0.29684  -0.127289  -0.0379643  -0.127289  0.300518  0.0893158  -0.0379643  0.0893158  0.164418
0.296865  -0.127362  -0.0378896  -0.127362  0.300542  0.089264  -0.0378896  0.089264  0.164393
0.296935  -0.127557  -0.0376695  -0.127557  0.300599  0.0891095  -0.0376695  0.0891095  0.164324
0.297105  -0.128095  -0.0371305  -0.128095  0.300852  0.0887727  -0.0371305  0.0887727  0.164163
0.297131  -0.128168  -0.0370555  -0.128168  0.300877  0.0887206  -0.0370555  0.0887206  0.164139
0.297312  -0.128731  -0.0365107  -0.128731  0.301152  0.0883807  -0.0365107  0.0883807  0.163979
0.297325  -0.128767  -0.0364731  -0.128767  0.301165  0.0883545  -0.0364731  0.0883545  0.163967
0.297408  -0.129016  -0.0362707  -0.129016  0.30129  0.0882268  -0.0362707  0.0882268  0.163901
0.297633  -0.1297  -0.035702  -0.1297  0.301655  0.0878768  -0.035702  0.0878768  0.163726
0.297661  -0.129779  -0.035641  -0.129779  0.301691  0.0878357  -0.035641  0.0878357  0.163705
0.297745  -0.130024  -0.0354226  -0.130024  0.301811  0.0876949  -0.0354226  0.0876949  0.16364
0.297973  -0.130741  -0.0348867  -0.130741  0.302257  0.0873898  -0.0348867  0.0873898  0.163481
0.298002  -0.130821  -0.0348253  -0.130821  0.302295  0.0873482  -0.0348253  0.0873482  0.163461
0.298215  -0.131518  -0.0343172  -0.131518  0.302777  0.0870804  -0.0343172  0.0870804  0.163322
0.298239  -0.131585  -0.0342891  -0.131585  0.302818  0.0870636  -0.0342891  0.0870636  0.163309
0.298334  -0.131887  -0.0341003  -0.131887  0.303033  0.0869671  -0.0341003  0.0869671  0.163252
0.298592  -0.132716  -0.0335936  -0.132716  0.303645  0.0867174  -0.0335936  0.0867174  0.163105
0.298614  -0.132759  -0.0335567  -0.132759  0.303648  0.0866826  -0.0335567  0.0866826  0.163091
0.298877  -0.133533  -0.033115  -0.133533  0.30418  0.0864411  -0.033115  0.0864411  0.162948
0.298917  -0.133638  -0.0330477  -0.133638  0.304238  0.0863964  -0.0330477  0.0863964  0.162925
0.299021  -0.133989  -0.0328585  -0.133989  0.304533  0.0863201  -0.0328585  0.0863201  0.162875
0.299292  -0.134815  -0.0324283  -0.134815  0.305172  0.0861167  -0.0324283  0.0861167  0.162745
0.29931  -0.134878  -0.0323979  -0.134878  0.305228  0.0861067  -0.0323979  0.0861067  0.162737
0.29959  -0.135808  -0.0319471  -0.135808  0.306055  0.0859481  -0.0319471  0.0859481  0.162619
0.299609  -0.135871  -0.0319165  -0.135871  0.306113  0.0859378  -0.0319165  0.0859378  0.162612
0.299898  -0.136773  -0.0315398  -0.136773  0.3069  0.0858058  -0.0315398  0.0858058  0.162497
0.299915  -0.136817  -0.0315152  -0.136817  0.306927  0.0857896  -0.0315152  0.0857896  0.162489
0.300241  -0.137813  -0.0311635  -0.137813  0.307826  0.0856908  -0.0311635  0.0856908  0.162371
0.30026  -0.137877  -0.0311324  -0.137877  0.307885  0.08568  -0.0311324  0.08568  0.162364
0.300622  -0.13898  -0.0307694  -0.13898  0.308912  0.0855962  -0.0307694  0.0855962  0.162243
0.300668  -0.139122  -0.0307364  -0.139122  0.309053  0.0855978  -0.0307364  0.0855978  0.16223
0.301016  -0.140177  -0.0304295  -0.140177  0.310072  0.0855531  -0.0304295  0.0855531  0.162125
0.301039  -0.140249  -0.0304129  -0.140249  0.310144  0.0855538  -0.0304129  0.0855538  0.162118
0.301399  -0.141347  -0.03014  -0.141347  0.311255  0.0855556  -0.03014  0.0855556  0.162021
0.301423  -0.14142  -0.0301231  -0.14142  0.311329  0.0855561  -0.0301231  0.0855561  0.162015
0.301563  -0.141872  -0.030014  -0.141872  0.311816  0.0855722  -0.030014  0.0855722  0.161983
0.301969  -0.143135  -0.0297443  -0.143135  0.313174  0.0856315  -0.0297443  0.0856315  0.161892
0.301996  -0.14323  -0.0297207  -0.14323  0.313283  0.0856372  -0.0297207  0.0856372  0.161886
0.302423  -0.144464  -0.0294986  -0.144464  0.314573  0.0856935  -0.0294986  0.0856935  0.16179
0.302449  -0.144538  -0.0294813  -0.144538  0.31465  0.0856936  -0.0294813  0.0856936  0.161784
0.302853  -0.14572  -0.029317  -0.14572  0.315943  0.0858009  -0.029317  0.0858009  0.161706
0.30288  -0.145795  -0.0292995  -0.145795  0.316021  0.0858008  -0.0292995  0.0858008  0.1617
0.303055  -0.14629  -0.0292332  -0.14629  0.316557  0.0858424  -0.0292332  0.0858424  0.161666
0.30346  -0.14755  -0.0290732  -0.14755  0.318048  0.0860136  -0.0290732  0.0860136  0.161609
0.303488  -0.147627  -0.0290555  -0.147627  0.318128  0.0860133  -0.0290555  0.0860133  0.161603
0.303889  -0.148801  -0.0289565  -0.148801  0.3195  0.0861898  -0.0289565  0.0861898  0.161546
0.303918  -0.148879  -0.0289387  -0.148879  0.319581  0.0861894  -0.0289387  0.0861894  0.16154
0.304364  -0.150182  -0.0288587  -0.150182  0.321141  0.0864167  -0.0288587  0.0864167  0.161485
0.304397  -0.150267  -0.0288561  -0.150267  0.321235  0.0864288  -0.0288561  0.0864288  0.161479
0.304831  -0.151566  -0.0287574  -0.151566  0.322837  0.0866603  -0.0287574  0.0866603  0.161436
0.304885  -0.151726  -0.0287354  -0.151726  0.32303  0.0866802  -0.0287354  0.0866802  0.16143
0.305285  -0.152895  -0.0286886  -0.152895  0.324488  0.0869176  -0.0286886  0.0869176  0.161395
0.30532  -0.152983  -0.0286858  -0.152983  0.324585  0.0869297  -0.0286858  0.0869297  0.161389
0.305696  -0.15416  -0.0286125  -0.15416  0.326131  0.0871856  -0.0286125  0.0871856  0.161371
0.305721  -0.154242  -0.0286086  -0.154242  0.326243  0.0872063  -0.0286086  0.0872063  0.161371
0.305876  -0.154697  -0.0286001  -0.154697  0.326829  0.0873111  -0.0286001  0.0873111  0.161361
0.306233  -0.15581  -0.0285443  -0.15581  0.328318  0.0875688  -0.0285443  0.0875688  0.16135
0.306258  -0.155893  -0.0285403  -0.155893  0.328432  0.0875896  -0.0285403  0.0875896  0.16135
0.306547  -0.156836  -0.0284897  -0.156836  0.329737  0.0878236  -0.0284897  0.0878236  0.161349
0.306736  -0.157433  -0.0284775  -0.157433  0.330561  0.0879828  -0.0284775  0.0879828  0.161349
0.306754  -0.157486  -0.0284646  -0.157486  0.330627  0.087985  -0.0284646  0.087985  0.161347
0.306868  -0.157855  -0.0284574  -0.157855  0.331145  0.0880872  -0.0284574  0.0880872  0.161349
0.307128  -0.158769  -0.0284095  -0.158769  0.33248  0.0883432  -0.0284095  0.0883432  0.161363
0.30714  -0.158824  -0.0284113  -0.158824  0.332572  0.0883674  -0.0284113  0.0883674  0.161366
0.307375  -0.159668  -0.0283979  -0.159668  0.33384  0.0886389  -0.0283979  0.0886389  0.161386
0.307386  -0.159723  -0.0283997  -0.159723  0.333933  0.0886632  -0.0283997  0.0886632  0.161389
0.307573  -0.160473  -0.0283879  -0.160473  0.33512  0.0889322  -0.0283879  0.0889322  0.161419
0.30758  -0.16052  -0.0283737  -0.16052  0.335201  0.0889431  -0.0283737  0.0889431  0.161422
0.307736  -0.161164  -0.0283729  -0.161164  0.336236  0.0891864  -0.0283729  0.0891864  0.16145
0.307817  -0.161547  -0.0283696  -0.161547  0.336884  0.0893444  -0.0283696  0.0893444  0.161473
0.307826  -0.16158  -0.0283785  -0.16158  0.336938  0.0893635  -0.0283785  0.0893635  0.161475
0.307854  -0.161765  -0.0283757  -0.161765  0.337277  0.0894514  -0.0283757  0.0894514  0.161491
0.307924  -0.162192  -0.0283716  -0.162192  0.338052  0.0896521  -0.0283716  0.0896521  0.161527
0.307927  -0.162216  -0.0283645  -0.162216  0.338093  0.0896575  -0.0283645  0.0896575  0.161529
0.307958  -0.162588  -0.0283328  -0.162588  0.338833  0.0898432  -0.0283328  0.0898432  0.161573
0.307955  -0.162614  -0.0283405  -0.162614  0.3389  0.0898712  -0.0283405  0.0898712  0.161579
0.307945  -0.162891  -0.0283116  -0.162891  0.339532  0.0900447  -0.0283116  0.0900447  0.161627
0.307941  -0.162917  -0.0283193  -0.162917  0.339599  0.0900727  -0.0283193  0.0900727  0.161634
0.307924  -0.162999  -0.028303  -0.162999  0.33982  0.0901348  -0.028303  0.0901348  0.161655
0.307869  -0.163158  -0.0282839  -0.163158  0.3403  0.0902904  -0.0282839  0.0902904  0.161705
0.307827  -0.163225  -0.028265  -0.163225  0.340547  0.0903702  -0.028265  0.0903702  0.161736
0.307818  -0.163242  -0.0282566  -0.163242  0.340603  0.0903844  -0.0282566  0.0903844  0.161742
0.307794  -0.163276  -0.0282545  -0.163276  0.34074  0.0904357  -0.0282545  0.0904357  0.161759
0.307686  -0.163282  -0.0282364  -0.163282  0.341013  0.0905539  -0.0282364  0.0905539  0.161811
0.307677  -0.163299  -0.0282279  -0.163299  0.341068  0.0905682  -0.0282279  0.0905682  0.161818
