0.30714  -0.138497  -0.0692463  -0.138497  0.308004  0.10791  -0.0692463  0.10791  0.171137
0.30714  -0.138497  -0.0692463  -0.138497  0.308004  0.10791  -0.0692463  0.10791  0.171137
0.30714  -0.138497  -0.0692463  -0.138497  0.308004  0.10791  -0.0692463  0.10791  0.171137
0.307144  -0.138519  -0.069242  -0.138519  0.308033  0.107919  -0.069242  0.107919  0.171135
0.307139  -0.138511  -0.0692226  -0.138511  0.30802  0.107902  -0.0692226  0.107902  0.171126
0.307139  -0.138511  -0.0692226  -0.138511  0.30802  0.107902  -0.0692226  0.107902  0.171126
0.307144  -0.138533  -0.0692184  -0.138533  0.308049  0.107911  -0.0692184  0.107911  0.171124
0.307144  -0.138533  -0.0692184  -0.138533  0.308049  0.107911  -0.0692184  0.107911  0.171124
0.307148  -0.138554  -0.0692141  -0.138554  0.308078  0.107919  -0.0692141  0.107919  0.171123
0.307148  -0.138554  -0.0692141  -0.138554  0.308078  0.107919  -0.0692141  0.107919  0.171123
0.307148  -0.138554  -0.0692141  -0.138554  0.308078  0.107919  -0.0692141  0.107919  0.171123
0.307153  -0.138576  -0.0692098  -0.138576  0.308107  0.107928  -0.0692098  0.107928  0.171121
0.307153  -0.138576  -0.0692098  -0.138576  0.308107  0.107928  -0.0692098  0.107928  0.171121
0.307157  -0.138597  -0.0692056  -0.138597  0.308136  0.107937  -0.0692056  0.107937  0.17112
0.307157  -0.138597  -0.0692056  -0.138597  0.308136  0.107937  -0.0692056  0.107937  0.17112
0.307157  -0.138597  -0.0692056  -0.138597  0.308136  0.107937  -0.0692056  0.107937  0.17112
0.307162  -0.138619  -0.0692013  -0.138619  0.308166  0.107945  -0.0692013  0.107945  0.171118
0.307162  -0.138619  -0.0692013  -0.138619  0.308166  0.107945  -0.0692013  0.107945  0.171118
0.307166  -0.13864  -0.0691971  -0.13864  0.308195  0.107954  -0.0691971  0.107954  0.171117
0.307166  -0.13864  -0.0691971  -0.13864  0.308195  0.107954  -0.0691971  0.107954  0.171117
0.307166  -0.13864  -0.0691971  -0.13864  0.308195  0.107954  -0.0691971  0.107954  0.171117
0.307158  -0.138655  -0.0691893  -0.138655  0.308236  0.10797  -0.0691893  0.10797  0.171119
0.307158  -0.138655  -0.0691893  -0.138655  0.308236  0.10797  -0.0691893  0.10797  0.171119
0.307158  -0.138655  -0.0691893  -0.138655  0.308236  0.10797  -0.0691893  0.10797  0.171119
0.307158  -0.138655  -0.0691893  -0.138655  0.308236  0.10797  -0.0691893  0.10797  0.171119
0.307158  -0.138655  -0.0691893  -0.138655  0.308236  0.10797  -0.0691893  0.10797  0.171119
0.307158  -0.138655  -0.0691893  -0.138655  0.308236  0.10797  -0.0691893  0.10797  0.171119
0.307153  -0.138647  -0.0691699  -0.138647  0.308223  0.107953  -0.0691699  0.107953  0.17111
0.307153  -0.138647  -0.0691699  -0.138647  0.308223  0.107953  -0.0691699  0.107953  0.17111
0.307153  -0.138647  -0.0691699  -0.138647  0.308223  0.107953  -0.0691699  0.107953  0.17111
0.307153  -0.138647  -0.0691699  -0.138647  0.308223  0.107953  -0.0691699  0.107953  0.17111
0.307149  -0.13864  -0.0691504  -0.13864  0.30821  0.107937  -0.0691504  0.107937  0.1711
0.307149  -0.13864  -0.0691504  -0.13864  0.30821  0.107937  -0.0691504  0.107937  0.1711
0.307136  -0.138633  -0.0691469  -0.138633  0.308222  0.107944  -0.0691469  0.107944  0.171104
0.307131  -0.138625  -0.0691275  -0.138625  0.308209  0.107927  -0.0691275  0.107927  0.171095
0.307131  -0.138625  -0.0691275  -0.138625  0.308209  0.107927  -0.0691275  0.107927  0.171095
0.307131  -0.138625  -0.0691275  -0.138625  0.308209  0.107927  -0.0691275  0.107927  0.171095
0.307131  -0.138625  -0.0691275  -0.138625  0.308209  0.107927  -0.0691275  0.107927  0.171095
0.307126  -0.138617  -0.0691081  -0.138617  0.308196  0.107911  -0.0691081  0.107911  0.171085
0.307126  -0.138617  -0.0691081  -0.138617  0.308196  0.107911  -0.0691081  0.107911  0.171085
0.307126  -0.138617  -0.0691081  -0.138617  0.308196  0.107911  -0.0691081  0.107911  0.171085
0.307126  -0.138617  -0.0691081  -0.138617  0.308196  0.107911  -0.0691081  0.107911  0.171085
0.307126  -0.138617  -0.0691081  -0.138617  0.308196  0.107911  -0.0691081  0.107911  0.171085
0.307126  -0.138617  -0.0691081  -0.138617  0.308196  0.107911  -0.0691081  0.107911  0.171085
0.307122  -0.13861  -0.0690887  -0.13861  0.308183  0.107894  -0.0690887  0.107894  0.171075
0.307122  -0.13861  -0.0690887  -0.13861  0.308183  0.107894  -0.0690887  0.107894  0.171075
0.307122  -0.13861  -0.0690887  -0.13861  0.308183  0.107894  -0.0690887  0.107894  0.171075
0.307122  -0.13861  -0.0690887  -0.13861  0.308183  0.107894  -0.0690887  0.107894  0.171075
0.307122  -0.13861  -0.0690887  -0.13861  0.308183  0.107894  -0.0690887  0.107894  0.171075
0.307122  -0.13861  -0.0690887  -0.13861  0.308183  0.107894  -0.0690887  0.107894  0.171075
0.307122  -0.13861  -0.0690887  -0.13861  0.308183  0.107894  -0.0690887  0.107894  0.171075
0.307122  -0.13861  -0.0690887  -0.13861  0.308183  0.107894  -0.0690887  0.107894  0.171075
0.307122  -0.13861  -0.0690887  -0.13861  0.308183  0.107894  -0.0690887  0.107894  0.171075
0.307126  -0.138617  -0.0691081  -0.138617  0.308196  0.107911  -0.0691081  0.107911  0.171085
0.307126  -0.138617  -0.0691081  -0.138617  0.308196  0.107911  -0.0691081  0.107911  0.171085
0.307126  -0.138617  -0.0691081  -0.138617  0.308196  0.107911  -0.0691081  0.107911  0.171085
0.307126  -0.138617  -0.0691081  -0.138617  0.308196  0.107911  -0.0691081  0.107911  0.171085
0.307126  -0.138617  -0.0691081  -0.138617  0.308196  0.107911  -0.0691081  0.107911  0.171085
0.307126  -0.138617  -0.0691081  -0.138617  0.308196  0.107911  -0.0691081  0.107911  0.171085
0.307126  -0.138617  -0.0691081  -0.138617  0.308196  0.107911  -0.0691081  0.107911  0.171085
0.307126  -0.138617  -0.0691081  -0.138617  0.308196  0.107911  -0.0691081  0.107911  0.171085
0.307131  -0.138625  -0.0691275  -0.138625  0.308209  0.107927  -0.0691275  0.107927  0.171095
0.307131  -0.138625  -0.0691275  -0.138625  0.308209  0.107927  -0.0691275  0.107927  0.171095
0.307131  -0.138625  -0.0691275  -0.138625  0.308209  0.107927  -0.0691275  0.107927  0.171095
0.307127  -0.138603  -0.0691318  -0.138603  0.30818  0.107919  -0.0691318  0.107919  0.171096
0.307127  -0.138603  -0.0691318  -0.138603  0.30818  0.107919  -0.0691318  0.107919  0.171096
0.307136  -0.138633  -0.0691469  -0.138633  0.308222  0.107944  -0.0691469  0.107944  0.171104
0.307136  -0.138633  -0.0691469  -0.138633  0.308222  0.107944  -0.0691469  0.107944  0.171104
0.307136  -0.138633  -0.0691469  -0.138633  0.308222  0.107944  -0.0691469  0.107944  0.171104
0.307131  -0.138611  -0.0691512  -0.138611  0.308193  0.107935  -0.0691512  0.107935  0.171106
0.307131  -0.138611  -0.0691512  -0.138611  0.308193  0.107935  -0.0691512  0.107935  0.171106
0.307136  -0.138619  -0.0691706  -0.138619  0.308206  0.107952  -0.0691706  0.107952  0.171115
0.307136  -0.138619  -0.0691706  -0.138619  0.308206  0.107952  -0.0691706  0.107952  0.171115
0.307136  -0.138619  -0.0691706  -0.138619  0.308206  0.107952  -0.0691706  0.107952  0.171115
0.307136  -0.138619  -0.0691706  -0.138619  0.308206  0.107952  -0.0691706  0.107952  0.171115
0.307136  -0.138619  -0.0691706  -0.138619  0.308206  0.107952  -0.0691706  0.107952  0.171115
0.307136  -0.138619  -0.0691706  -0.138619  0.308206  0.107952  -0.0691706  0.107952  0.171115
0.307136  -0.138619  -0.0691706  -0.138619  0.308206  0.107952  -0.0691706  0.107952  0.171115
0.307136  -0.138619  -0.0691706  -0.138619  0.308206  0.107952  -0.0691706  0.107952  0.171115
0.307136  -0.138619  -0.0691706  -0.138619  0.308206  0.107952  -0.0691706  0.107952  0.171115
0.307141  -0.138626  -0.06919  -0.138626  0.308219  0.107969  -0.06919  0.107969  0.171125
0.307141  -0.138626  -0.06919  -0.138626  0.308219  0.107969  -0.06919  0.107969  0.171125
0.307141  -0.138626  -0.06919  -0.138626  0.308219  0.107969  -0.06919  0.107969  0.171125
0.307141  -0.138626  -0.06919  -0.138626  0.308219  0.107969  -0.06919  0.107969  0.171125
0.307141  -0.138626  -0.06919  -0.138626  0.308219  0.107969  -0.06919  0.107969  0.171125
0.307133  -0.138627  -0.0692058  -0.138627  0.308244  0.107992  -0.0692058  0.107992  0.171138
0.307133  -0.138627  -0.0692058  -0.138627  0.308244  0.107992  -0.0692058  0.107992  0.171138
0.307133  -0.138627  -0.0692058  -0.138627  0.308244  0.107992  -0.0692058  0.107992  0.171138
0.307133  -0.138627  -0.0692058  -0.138627  0.308244  0.107992  -0.0692058  0.107992  0.171138
0.307133  -0.138627  -0.0692058  -0.138627  0.308244  0.107992  -0.0692058  0.107992  0.171138
0.307133  -0.138627  -0.0692058  -0.138627  0.308244  0.107992  -0.0692058  0.107992  0.171138
0.307121  -0.13862  -0.0692023  -0.13862  0.308256  0.108  -0.0692023  0.108  0.171142
0.307121  -0.13862  -0.0692023  -0.13862  0.308256  0.108  -0.0692023  0.108  0.171142
0.307121  -0.13862  -0.0692023  -0.13862  0.308256  0.108  -0.0692023  0.108  0.171142
0.307121  -0.13862  -0.0692023  -0.13862  0.308256  0.108  -0.0692023  0.108  0.171142
0.307121  -0.13862  -0.0692023  -0.13862  0.308256  0.108  -0.0692023  0.108  0.171142
0.307108  -0.138613  -0.0691987  -0.138613  0.308268  0.108007  -0.0691987  0.108007  0.171146
0.307108  -0.138613  -0.0691987  -0.138613  0.308268  0.108007  -0.0691987  0.108007  0.171146
0.307108  -0.138613  -0.0691987  -0.138613  0.308268  0.108007  -0.0691987  0.108007  0.171146
0.307108  -0.138613  -0.0691987  -0.138613  0.308268  0.108007  -0.0691987  0.108007  0.171146
0.3071  -0.138627  -0.0691909  -0.138627  0.308309  0.108023  -0.0691909  0.108023  0.171149
0.3071  -0.138627  -0.0691909  -0.138627  0.308309  0.108023  -0.0691909  0.108023  0.171149
0.3071  -0.138627  -0.0691909  -0.138627  0.308309  0.108023  -0.0691909  0.108023  0.171149
0.307087  -0.13862  -0.0691873  -0.13862  0.308321  0.10803  -0.0691873  0.10803  0.171153
0.307087  -0.13862  -0.0691873  -0.13862  0.308321  0.10803  -0.0691873  0.10803  0.171153
0.307082  -0.138612  -0.0691679  -0.138612  0.308308  0.108013  -0.0691679  0.108013  0.171143
0.307082  -0.138612  -0.0691679  -0.138612  0.308308  0.108013  -0.0691679  0.108013  0.171143
0.307082  -0.138612  -0.0691679  -0.138612  0.308308  0.108013  -0.0691679  0.108013  0.171143
0.30707  -0.138605  -0.0691644  -0.138605  0.30832  0.108021  -0.0691644  0.108021  0.171147
0.30707  -0.138605  -0.0691644  -0.138605  0.30832  0.108021  -0.0691644  0.108021  0.171147
0.307052  -0.138591  -0.0691414  -0.138591  0.308319  0.108011  -0.0691414  0.108011  0.171142
0.307052  -0.138591  -0.0691414  -0.138591  0.308319  0.108011  -0.0691414  0.108011  0.171142
0.307052  -0.138591  -0.0691414  -0.138591  0.308319  0.108011  -0.0691414  0.108011  0.171142
0.30704  -0.138584  -0.0691379  -0.138584  0.308331  0.108018  -0.0691379  0.108018  0.171146
0.30704  -0.138598  -0.0691142  -0.138598  0.308348  0.108011  -0.0691142  0.108011  0.171135
0.30704  -0.138598  -0.0691142  -0.138598  0.308348  0.108011  -0.0691142  0.108011  0.171135
0.30704  -0.138598  -0.0691142  -0.138598  0.308348  0.108011  -0.0691142  0.108011  0.171135
0.30704  -0.138598  -0.0691142  -0.138598  0.308348  0.108011  -0.0691142  0.108011  0.171135
0.307027  -0.138591  -0.0691107  -0.138591  0.30836  0.108018  -0.0691107  0.108018  0.171139
0.307027  -0.138591  -0.0691107  -0.138591  0.30836  0.108018  -0.0691107  0.108018  0.171139
0.307022  -0.138583  -0.0690913  -0.138583  0.308347  0.108001  -0.0690913  0.108001  0.171129
0.307027  -0.138605  -0.069087  -0.138605  0.308376  0.10801  -0.069087  0.10801  0.171128
0.307027  -0.138605  -0.069087  -0.138605  0.308376  0.10801  -0.069087  0.10801  0.171128
0.307027  -0.138605  -0.069087  -0.138605  0.308376  0.10801  -0.069087  0.10801  0.171128
0.307027  -0.138605  -0.069087  -0.138605  0.308376  0.10801  -0.069087  0.10801  0.171128
0.307027  -0.138605  -0.069087  -0.138605  0.308376  0.10801  -0.069087  0.10801  0.171128
0.307027  -0.138605  -0.069087  -0.138605  0.308376  0.10801  -0.069087  0.10801  0.171128
0.307027  -0.138605  -0.069087  -0.138605  0.308376  0.10801  -0.069087  0.10801  0.171128
0.307027  -0.138605  -0.069087  -0.138605  0.308376  0.10801  -0.069087  0.10801  0.171128
0.307027  -0.138605  -0.069087  -0.138605  0.308376  0.10801  -0.069087  0.10801  0.171128
0.307027  -0.138605  -0.069087  -0.138605  0.308376  0.10801  -0.069087  0.10801  0.171128
0.307027  -0.138605  -0.069087  -0.138605  0.308376  0.10801  -0.069087  0.10801  0.171128
0.307027  -0.138605  -0.069087  -0.138605  0.308376  0.10801  -0.069087  0.10801  0.171128
0.307022  -0.138597  -0.0690676  -0.138597  0.308363  0.107993  -0.0690676  0.107993  0.171118
0.307022  -0.138597  -0.0690676  -0.138597  0.308363  0.107993  -0.0690676  0.107993  0.171118
0.307022  -0.138597  -0.0690676  -0.138597  0.308363  0.107993  -0.0690676  0.107993  0.171118
0.307014  -0.138598  -0.0690835  -0.138598  0.308388  0.108017  -0.0690835  0.108017  0.171132
0.307014  -0.138598  -0.0690835  -0.138598  0.308388  0.108017  -0.0690835  0.108017  0.171132
0.307014  -0.138598  -0.0690835  -0.138598  0.308388  0.108017  -0.0690835  0.108017  0.171132
0.307014  -0.138598  -0.0690835  -0.138598  0.308388  0.108017  -0.0690835  0.108017  0.171132
0.307014  -0.138598  -0.0690835  -0.138598  0.308388  0.108017  -0.0690835  0.108017  0.171132
0.307014  -0.138598  -0.0690835  -0.138598  0.308388  0.108017  -0.0690835  0.108017  0.171132
0.307014  -0.138598  -0.0690835  -0.138598  0.308388  0.108017  -0.0690835  0.108017  0.171132
0.307014  -0.138598  -0.0690835  -0.138598  0.308388  0.108017  -0.0690835  0.108017  0.171132
0.307014  -0.138598  -0.0690835  -0.138598  0.308388  0.108017  -0.0690835  0.108017  0.171132
0.307014  -0.138598  -0.0690835  -0.138598  0.308388  0.108017  -0.0690835  0.108017  0.171132
0.307014  -0.138598  -0.0690835  -0.138598  0.308388  0.108017  -0.0690835  0.108017  0.171132
0.307014  -0.138598  -0.0690835  -0.138598  0.308388  0.108017  -0.0690835  0.108017  0.171132
0.307014  -0.138598  -0.0690835  -0.138598  0.308388  0.108017  -0.0690835  0.108017  0.171132
0.307014  -0.138598  -0.0690835  -0.138598  0.308388  0.108017  -0.0690835  0.108017  0.171132
0.307014  -0.138598  -0.0690835  -0.138598  0.308388  0.108017  -0.0690835  0.108017  0.171132
0.307014  -0.138598  -0.0690835  -0.138598  0.308388  0.108017  -0.0690835  0.108017  0.171132
0.307014  -0.138598  -0.0690835  -0.138598  0.308388  0.108017  -0.0690835  0.108017  0.171132
0.307019  -0.138605  -0.0691028  -0.138605  0.308401  0.108034  -0.0691028  0.108034  0.171141
0.307019  -0.138605  -0.0691028  -0.138605  0.308401  0.108034  -0.0691028  0.108034  0.171141
0.307019  -0.138605  -0.0691028  -0.138605  0.308401  0.108034  -0.0691028  0.108034  0.171141
0.307014  -0.138584  -0.0691071  -0.138584  0.308372  0.108025  -0.0691071  0.108025  0.171143
0.307014  -0.138584  -0.0691071  -0.138584  0.308372  0.108025  -0.0691071  0.108025  0.171143
0.307027  -0.138591  -0.0691107  -0.138591  0.30836  0.108018  -0.0691107  0.108018  0.171139
0.307027  -0.138591  -0.0691107  -0.138591  0.30836  0.108018  -0.0691107  0.108018  0.171139
0.307027  -0.138591  -0.0691107  -0.138591  0.30836  0.108018  -0.0691107  0.108018  0.171139
0.307027  -0.138591  -0.0691107  -0.138591  0.30836  0.108018  -0.0691107  0.108018  0.171139
0.307027  -0.138591  -0.0691107  -0.138591  0.30836  0.108018  -0.0691107  0.108018  0.171139
0.307027  -0.138591  -0.0691107  -0.138591  0.30836  0.108018  -0.0691107  0.108018  0.171139
0.307027  -0.138591  -0.0691107  -0.138591  0.30836  0.108018  -0.0691107  0.108018  0.171139
0.307027  -0.138591  -0.0691107  -0.138591  0.30836  0.108018  -0.0691107  0.108018  0.171139
0.307022  -0.138569  -0.0691149  -0.138569  0.30833  0.108009  -0.0691149  0.108009  0.17114
0.307022  -0.138569  -0.0691149  -0.138569  0.30833  0.108009  -0.0691149  0.108009  0.17114
0.307022  -0.138569  -0.0691149  -0.138569  0.30833  0.108009  -0.0691149  0.108009  0.17114
0.307022  -0.138569  -0.0691149  -0.138569  0.30833  0.108009  -0.0691149  0.108009  0.17114
0.307022  -0.138569  -0.0691149  -0.138569  0.30833  0.108009  -0.0691149  0.108009  0.17114
0.307022  -0.138569  -0.0691149  -0.138569  0.30833  0.108009  -0.0691149  0.108009  0.17114
0.307022  -0.138569  -0.0691149  -0.138569  0.30833  0.108009  -0.0691149  0.108009  0.17114
0.307022  -0.138569  -0.0691149  -0.138569  0.30833  0.108009  -0.0691149  0.108009  0.17114
0.307022  -0.138569  -0.0691149  -0.138569  0.30833  0.108009  -0.0691149  0.108009  0.17114
0.307027  -0.138591  -0.0691107  -0.138591  0.30836  0.108018  -0.0691107  0.108018  0.171139
0.307027  -0.138591  -0.0691107  -0.138591  0.30836  0.108018  -0.0691107  0.108018  0.171139
0.307027  -0.138591  -0.0691107  -0.138591  0.30836  0.108018  -0.0691107  0.108018  0.171139
0.307027  -0.138591  -0.0691107  -0.138591  0.30836  0.108018  -0.0691107  0.108018  0.171139
0.307027  -0.138591  -0.0691107  -0.138591  0.30836  0.108018  -0.0691107  0.108018  0.171139
0.307027  -0.138591  -0.0691107  -0.138591  0.30836  0.108018  -0.0691107  0.108018  0.171139
0.307027  -0.138591  -0.0691107  -0.138591  0.30836  0.108018  -0.0691107  0.108018  0.171139
0.307027  -0.138591  -0.0691107  -0.138591  0.30836  0.108018  -0.0691107  0.108018  0.171139
0.307027  -0.138591  -0.0691107  -0.138591  0.30836  0.108018  -0.0691107  0.108018  0.171139
0.307027  -0.138591  -0.0691107  -0.138591  0.30836  0.108018  -0.0691107  0.108018  0.171139
0.307027  -0.138591  -0.0691107  -0.138591  0.30836  0.108018  -0.0691107  0.108018  0.171139
0.307027  -0.138591  -0.0691107  -0.138591  0.30836  0.108018  -0.0691107  0.108018  0.171139
0.307027  -0.138591  -0.0691107  -0.138591  0.30836  0.108018  -0.0691107  0.108018  0.171139
0.307022  -0.138583  -0.0690913  -0.138583  0.308347  0.108001  -0.0690913  0.108001  0.171129
0.307022  -0.138583  -0.0690913  -0.138583  0.308347  0.108001  -0.0690913  0.108001  0.171129
0.307022  -0.138583  -0.0690913  -0.138583  0.308347  0.108001  -0.0690913  0.108001  0.171129
0.307022  -0.138583  -0.0690913  -0.138583  0.308347  0.108001  -0.0690913  0.108001  0.171129
0.307022  -0.138583  -0.0690913  -0.138583  0.308347  0.108001  -0.0690913  0.108001  0.171129
0.307022  -0.138583  -0.0690913  -0.138583  0.308347  0.108001  -0.0690913  0.108001  0.171129
0.307022  -0.138583  -0.0690913  -0.138583  0.308347  0.108001  -0.0690913  0.108001  0.171129
0.307022  -0.138583  -0.0690913  -0.138583  0.308347  0.108001  -0.0690913  0.108001  0.171129
0.307035  -0.13859  -0.0690948  -0.13859  0.308335  0.107994  -0.0690948  0.107994  0.171125
0.307035  -0.13859  -0.0690948  -0.13859  0.308335  0.107994  -0.0690948  0.107994  0.171125
0.307035  -0.13859  -0.0690948  -0.13859  0.308335  0.107994  -0.0690948  0.107994  0.171125
0.307035  -0.13859  -0.0690948  -0.13859  0.308335  0.107994  -0.0690948  0.107994  0.171125
0.307035  -0.13859  -0.0690948  -0.13859  0.308335  0.107994  -0.0690948  0.107994  0.171125
0.307039  -0.138612  -0.0690906  -0.138612  0.308364  0.108003  -0.0690906  0.108003  0.171124
0.307039  -0.138612  -0.0690906  -0.138612  0.308364  0.108003  -0.0690906  0.108003  0.171124
0.307039  -0.138612  -0.0690906  -0.138612  0.308364  0.108003  -0.0690906  0.108003  0.171124
0.307052  -0.138619  -0.0690941  -0.138619  0.308352  0.107995  -0.0690941  0.107995  0.17112
0.307052  -0.138619  -0.0690941  -0.138619  0.308352  0.107995  -0.0690941  0.107995  0.17112
0.307052  -0.138619  -0.0690941  -0.138619  0.308352  0.107995  -0.0690941  0.107995  0.17112
0.307052  -0.138619  -0.0690941  -0.138619  0.308352  0.107995  -0.0690941  0.107995  0.17112
0.307069  -0.138633  -0.0691171  -0.138633  0.308353  0.108005  -0.0691171  0.108005  0.171125
0.307069  -0.138633  -0.0691171  -0.138633  0.308353  0.108005  -0.0691171  0.108005  0.171125
0.307065  -0.138612  -0.0691213  -0.138612  0.308324  0.107996  -0.0691213  0.107996  0.171127
0.307065  -0.138612  -0.0691213  -0.138612  0.308324  0.107996  -0.0691213  0.107996  0.171127
0.307065  -0.138612  -0.0691213  -0.138612  0.308324  0.107996  -0.0691213  0.107996  0.171127
0.307077  -0.138619  -0.0691249  -0.138619  0.308311  0.107989  -0.0691249  0.107989  0.171123
0.307077  -0.138619  -0.0691249  -0.138619  0.308311  0.107989  -0.0691249  0.107989  0.171123
0.307077  -0.138619  -0.0691249  -0.138619  0.308311  0.107989  -0.0691249  0.107989  0.171123
0.307077  -0.138619  -0.0691249  -0.138619  0.308311  0.107989  -0.0691249  0.107989  0.171123
0.307077  -0.138619  -0.0691249  -0.138619  0.308311  0.107989  -0.0691249  0.107989  0.171123
0.307086  -0.138604  -0.0691327  -0.138604  0.30827  0.107973  -0.0691327  0.107973  0.17112
0.307086  -0.138604  -0.0691327  -0.138604  0.30827  0.107973  -0.0691327  0.107973  0.17112
0.307086  -0.138604  -0.0691327  -0.138604  0.30827  0.107973  -0.0691327  0.107973  0.17112
0.307086  -0.138604  -0.0691327  -0.138604  0.30827  0.107973  -0.0691327  0.107973  0.17112
0.307086  -0.138604  -0.0691327  -0.138604  0.30827  0.107973  -0.0691327  0.107973  0.17112
0.307098  -0.138611  -0.0691363  -0.138611  0.308258  0.107966  -0.0691363  0.107966  0.171116
0.307098  -0.138611  -0.0691363  -0.138611  0.308258  0.107966  -0.0691363  0.107966  0.171116
0.307098  -0.138611  -0.0691363  -0.138611  0.308258  0.107966  -0.0691363  0.107966  0.171116
0.307098  -0.138611  -0.0691363  -0.138611  0.308258  0.107966  -0.0691363  0.107966  0.171116
0.307098  -0.138611  -0.0691363  -0.138611  0.308258  0.107966  -0.0691363  0.107966  0.171116
0.307086  -0.138604  -0.0691327  -0.138604  0.30827  0.107973  -0.0691327  0.107973  0.17112
0.307086  -0.138604  -0.0691327  -0.138604  0.30827  0.107973  -0.0691327  0.107973  0.17112
0.30709  -0.138612  -0.0691521  -0.138612  0.308283  0.10799  -0.0691521  0.10799  0.17113
0.30709  -0.138612  -0.0691521  -0.138612  0.308283  0.10799  -0.0691521  0.10799  0.17113
0.30709  -0.138612  -0.0691521  -0.138612  0.308283  0.10799  -0.0691521  0.10799  0.17113
0.307078  -0.138605  -0.0691485  -0.138605  0.308295  0.107997  -0.0691485  0.107997  0.171134
0.307078  -0.138605  -0.0691485  -0.138605  0.308295  0.107997  -0.0691485  0.107997  0.171134
0.307082  -0.138612  -0.0691679  -0.138612  0.308308  0.108013  -0.0691679  0.108013  0.171143
0.307082  -0.138612  -0.0691679  -0.138612  0.308308  0.108013  -0.0691679  0.108013  0.171143
0.307082  -0.138612  -0.0691679  -0.138612  0.308308  0.108013  -0.0691679  0.108013  0.171143
0.30707  -0.138605  -0.0691644  -0.138605  0.30832  0.108021  -0.0691644  0.108021  0.171147
0.30707  -0.138605  -0.0691644  -0.138605  0.30832  0.108021  -0.0691644  0.108021  0.171147
0.30707  -0.138605  -0.0691644  -0.138605  0.30832  0.108021  -0.0691644  0.108021  0.171147
0.30707  -0.138605  -0.0691644  -0.138605  0.30832  0.108021  -0.0691644  0.108021  0.171147
0.307057  -0.138598  -0.0691608  -0.138598  0.308332  0.108028  -0.0691608  0.108028  0.171151
0.307057  -0.138598  -0.0691608  -0.138598  0.308332  0.108028  -0.0691608  0.108028  0.171151
0.307057  -0.138598  -0.0691608  -0.138598  0.308332  0.108028  -0.0691608  0.108028  0.171151
0.307057  -0.138598  -0.0691608  -0.138598  0.308332  0.108028  -0.0691608  0.108028  0.171151
0.307057  -0.138598  -0.0691608  -0.138598  0.308332  0.108028  -0.0691608  0.108028  0.171151
0.307045  -0.138591  -0.0691573  -0.138591  0.308345  0.108035  -0.0691573  0.108035  0.171155
0.307045  -0.138591  -0.0691573  -0.138591  0.308345  0.108035  -0.0691573  0.108035  0.171155
0.307045  -0.138591  -0.0691573  -0.138591  0.308345  0.108035  -0.0691573  0.108035  0.171155
0.307045  -0.138591  -0.0691573  -0.138591  0.308345  0.108035  -0.0691573  0.108035  0.171155
0.307045  -0.138591  -0.0691573  -0.138591  0.308345  0.108035  -0.0691573  0.108035  0.171155
0.307036  -0.138606  -0.0691494  -0.138606  0.308386  0.108051  -0.0691494  0.108051  0.171158
0.307036  -0.138606  -0.0691494  -0.138606  0.308386  0.108051  -0.0691494  0.108051  0.171158
0.307032  -0.138598  -0.0691301  -0.138598  0.308373  0.108034  -0.0691301  0.108034  0.171148
0.307032  -0.138598  -0.0691301  -0.138598  0.308373  0.108034  -0.0691301  0.108034  0.171148
0.307032  -0.138598  -0.0691301  -0.138598  0.308373  0.108034  -0.0691301  0.108034  0.171148
0.307032  -0.138598  -0.0691301  -0.138598  0.308373  0.108034  -0.0691301  0.108034  0.171148
0.307032  -0.138598  -0.0691301  -0.138598  0.308373  0.108034  -0.0691301  0.108034  0.171148
0.307019  -0.138591  -0.0691265  -0.138591  0.308385  0.108042  -0.0691265  0.108042  0.171152
0.307019  -0.138591  -0.0691265  -0.138591  0.308385  0.108042  -0.0691265  0.108042  0.171152
0.307019  -0.138605  -0.0691028  -0.138605  0.308401  0.108034  -0.0691028  0.108034  0.171141
0.307019  -0.138605  -0.0691028  -0.138605  0.308401  0.108034  -0.0691028  0.108034  0.171141
0.307019  -0.138605  -0.0691028  -0.138605  0.308401  0.108034  -0.0691028  0.108034  0.171141
0.307019  -0.138605  -0.0691028  -0.138605  0.308401  0.108034  -0.0691028  0.108034  0.171141
0.307019  -0.138605  -0.0691028  -0.138605  0.308401  0.108034  -0.0691028  0.108034  0.171141
0.307019  -0.138619  -0.0690792  -0.138619  0.308417  0.108026  -0.0690792  0.108026  0.17113
0.307019  -0.138619  -0.0690792  -0.138619  0.308417  0.108026  -0.0690792  0.108026  0.17113
0.307006  -0.138612  -0.0690756  -0.138612  0.308429  0.108033  -0.0690756  0.108033  0.171134
0.307001  -0.138605  -0.0690563  -0.138605  0.308416  0.108016  -0.0690563  0.108016  0.171125
0.307001  -0.138605  -0.0690563  -0.138605  0.308416  0.108016  -0.0690563  0.108016  0.171125
0.307006  -0.138626  -0.069052  -0.138626  0.308445  0.108025  -0.069052  0.108025  0.171123
0.307006  -0.138626  -0.069052  -0.138626  0.308445  0.108025  -0.069052  0.108025  0.171123
0.307006  -0.138626  -0.069052  -0.138626  0.308445  0.108025  -0.069052  0.108025  0.171123
0.307001  -0.138618  -0.0690326  -0.138618  0.308432  0.108008  -0.0690326  0.108008  0.171114
0.307005  -0.13864  -0.0690283  -0.13864  0.308462  0.108017  -0.0690283  0.108017  0.171112
0.307005  -0.13864  -0.0690283  -0.13864  0.308462  0.108017  -0.0690283  0.108017  0.171112
0.307005  -0.13864  -0.0690283  -0.13864  0.308462  0.108017  -0.0690283  0.108017  0.171112
0.307005  -0.13864  -0.0690283  -0.13864  0.308462  0.108017  -0.0690283  0.108017  0.171112
0.306988  -0.138625  -0.0690054  -0.138625  0.308461  0.108008  -0.0690054  0.108008  0.171107
0.306988  -0.138625  -0.0690054  -0.138625  0.308461  0.108008  -0.0690054  0.108008  0.171107
0.306983  -0.138618  -0.068986  -0.138618  0.308448  0.107991  -0.068986  0.107991  0.171097
0.306983  -0.138618  -0.068986  -0.138618  0.308448  0.107991  -0.068986  0.107991  0.171097
0.306979  -0.13861  -0.0689667  -0.13861  0.308434  0.107975  -0.0689667  0.107975  0.171087
0.306961  -0.138596  -0.0689438  -0.138596  0.308434  0.107965  -0.0689438  0.107965  0.171082
0.306961  -0.138596  -0.0689438  -0.138596  0.308434  0.107965  -0.0689438  0.107965  0.171082
0.306947  -0.138559  -0.0689093  -0.138559  0.308378  0.107924  -0.0689093  0.107924  0.171064
0.306938  -0.138544  -0.0688706  -0.138544  0.308352  0.107891  -0.0688706  0.107891  0.171045
0.306934  -0.138523  -0.0688749  -0.138523  0.308323  0.107882  -0.0688749  0.107882  0.171047
0.306907  -0.138479  -0.068837  -0.138479  0.30828  0.107848  -0.068837  0.107848  0.171033
0.306902  -0.138472  -0.0688176  -0.138472  0.308267  0.107831  -0.0688176  0.107831  0.171024
0.306889  -0.138435  -0.0687832  -0.138435  0.308211  0.107789  -0.0687832  0.107789  0.171006
0.306879  -0.138406  -0.0687682  -0.138406  0.308169  0.107764  -0.0687682  0.107764  0.170998
0.306861  -0.138362  -0.0687145  -0.138362  0.308101  0.107706  -0.0687145  0.107706  0.170971
0.306825  -0.13829  -0.0686617  -0.13829  0.308016  0.107647  -0.0686617  0.107647  0.17095
0.306825  -0.13829  -0.0686617  -0.13829  0.308016  0.107647  -0.0686617  0.107647  0.17095
0.306798  -0.138217  -0.0685931  -0.138217  0.307906  0.107564  -0.0685931  0.107564  0.170915
0.306798  -0.138217  -0.0685931  -0.138217  0.307906  0.107564  -0.0685931  0.107564  0.170915
0.306761  -0.138115  -0.0685095  -0.138115  0.307753  0.107456  -0.0685095  0.107456  0.170872
0.306734  -0.138043  -0.0684411  -0.138043  0.307643  0.107373  -0.0684411  0.107373  0.170838
0.306734  -0.138043  -0.0684411  -0.138043  0.307643  0.107373  -0.0684411  0.107373  0.170838
0.306693  -0.137934  -0.0683385  -0.137934  0.307479  0.107249  -0.0683385  0.107249  0.170786
0.306693  -0.137934  -0.0683385  -0.137934  0.307479  0.107249  -0.0683385  0.107249  0.170786
0.30666  -0.137825  -0.0682203  -0.137825  0.307289  0.107101  -0.0682203  0.107101  0.170721
0.306628  -0.137745  -0.0681328  -0.137745  0.307167  0.107002  -0.0681328  0.107002  0.170677
0.306636  -0.137744  -0.0681171  -0.137744  0.307142  0.106979  -0.0681171  0.106979  0.170664
0.306586  -0.137607  -0.068  -0.137607  0.306936  0.10683  -0.068  0.10683  0.170605
0.306586  -0.137607  -0.068  -0.137607  0.306936  0.10683  -0.068  0.10683  0.170605
0.306556  -0.137476  -0.0678709  -0.137476  0.306694  0.106651  -0.0678709  0.106651  0.170529
0.30652  -0.137389  -0.0677647  -0.137389  0.306559  0.106537  -0.0677647  0.106537  0.170477
0.306511  -0.137361  -0.0677499  -0.137361  0.306518  0.106512  -0.0677499  0.106512  0.170469
0.306473  -0.137216  -0.0675829  -0.137216  0.30625  0.106301  -0.0675829  0.106301  0.170375
0.306464  -0.137187  -0.0675681  -0.137187  0.306209  0.106277  -0.0675681  0.106277  0.170367
0.306417  -0.137014  -0.0673867  -0.137014  0.305901  0.106042  -0.0673867  0.106042  0.170266
0.306412  -0.137006  -0.0673676  -0.137006  0.305888  0.106026  -0.0673676  0.106026  0.170257
0.306361  -0.136826  -0.0671676  -0.136826  0.305568  0.105776  -0.0671676  0.105776  0.170148
0.306324  -0.136711  -0.0670319  -0.136711  0.305369  0.105615  -0.0670319  0.105615  0.170076
0.306328  -0.136689  -0.0670206  -0.136689  0.305315  0.105583  -0.0670206  0.105583  0.170065
0.306277  -0.136509  -0.0668213  -0.136509  0.304997  0.105334  -0.0668213  0.105334  0.169957
0.306272  -0.136502  -0.0668023  -0.136502  0.304984  0.105318  -0.0668023  0.105318  0.169948
0.306225  -0.136301  -0.0665922  -0.136301  0.304613  0.105039  -0.0665922  0.105039  0.169829
0.306192  -0.136165  -0.0664461  -0.136165  0.304363  0.104847  -0.0664461  0.104847  0.169747
0.306183  -0.136136  -0.0664316  -0.136136  0.304322  0.104823  -0.0664316  0.104823  0.169739
0.306136  -0.13595  -0.0661991  -0.13595  0.303968  0.104538  -0.0661991  0.104538  0.169612
0.306128  -0.135921  -0.0661846  -0.135921  0.303928  0.104513  -0.0661846  0.104513  0.169604
0.306077  -0.135714  -0.065957  -0.135714  0.303547  0.104221  -0.065957  0.104221  0.169479
0.306056  -0.135585  -0.0658151  -0.135585  0.303286  0.104024  -0.0658151  0.104024  0.169395
0.306052  -0.135578  -0.0657963  -0.135578  0.303274  0.104008  -0.0657963  0.104008  0.169386
0.306009  -0.135371  -0.0655541  -0.135371  0.30287  0.103694  -0.0655541  0.103694  0.16925
0.306  -0.135343  -0.0655398  -0.135343  0.30283  0.10367  -0.0655398  0.10367  0.169243
0.305962  -0.135143  -0.0653169  -0.135143  0.30244  0.103373  -0.0653169  0.103373  0.169116
0.305928  -0.134994  -0.0651199  -0.134994  0.302145  0.103131  -0.0651199  0.103131  0.169008
0.30592  -0.134966  -0.0651056  -0.134966  0.302104  0.103107  -0.0651056  0.103107  0.169001
0.305873  -0.134753  -0.0648464  -0.134753  0.301692  0.10278  -0.0648464  0.10278  0.168859
0.305881  -0.134752  -0.0648309  -0.134752  0.301668  0.102758  -0.0648309  0.102758  0.168846
0.30583  -0.134532  -0.0645538  -0.134532  0.301245  0.102417  -0.0645538  0.102417  0.168697
0.305805  -0.134383  -0.0643427  -0.134383  0.300927  0.102155  -0.0643427  0.102155  0.16858
0.305796  -0.134355  -0.0643286  -0.134355  0.300887  0.102132  -0.0643286  0.102132  0.168573
0.305762  -0.134149  -0.0640743  -0.134149  0.300467  0.101801  -0.0640743  0.101801  0.16843
0.305753  -0.134135  -0.0640374  -0.134135  0.300443  0.101771  -0.0640374  0.101771  0.168414
0.305719  -0.13393  -0.0637838  -0.13393  0.300023  0.101441  -0.0637838  0.101441  0.168273
0.305715  -0.133923  -0.0637653  -0.133923  0.300011  0.101426  -0.0637653  0.101426  0.168265
0.305684  -0.13371  -0.0634786  -0.13371  0.299557  0.101061  -0.0634786  0.101061  0.168105
0.305663  -0.133569  -0.0632877  -0.133569  0.299255  0.100818  -0.0632877  0.100818  0.167998
0.305655  -0.133555  -0.063251  -0.133555  0.299231  0.100787  -0.063251  0.100787  0.167983
0.305632  -0.133371  -0.0629793  -0.133371  0.298819  0.100447  -0.0629793  0.100447  0.167832
0.305624  -0.133343  -0.0629655  -0.133343  0.29878  0.100424  -0.0629655  0.100424  0.167825
0.30559  -0.133153  -0.0626915  -0.133153  0.29838  0.100093  -0.0626915  0.100093  0.167679
0.305589  -0.133124  -0.0626624  -0.133124  0.298317  0.100048  -0.0626624  0.100048  0.167661
0.305552  -0.132928  -0.0623709  -0.132928  0.297908  0.0997025  -0.0623709  0.0997025  0.167509
0.305527  -0.13278  -0.0621637  -0.13278  0.297597  0.0994481  -0.0621637  0.0994481  0.167399
0.305534  -0.132779  -0.0621483  -0.132779  0.297574  0.099426  -0.0621483  0.099426  0.167388
0.305493  -0.132576  -0.06184  -0.132576  0.297154  0.0990683  -0.06184  0.0990683  0.167231
0.3055  -0.132575  -0.0618246  -0.132575  0.297131  0.0990462  -0.0618246  0.0990462  0.167219
0.305482  -0.132413  -0.0615515  -0.132413  0.296751  0.0987201  -0.0615515  0.0987201  0.167073
0.305473  -0.132292  -0.0613439  -0.132292  0.296458  0.0984689  -0.0613439  0.0984689  0.166961
0.305476  -0.132271  -0.0613331  -0.132271  0.296407  0.0984392  -0.0613331  0.0984392  0.16695
0.305454  -0.132115  -0.0610204  -0.132115  0.296033  0.0980934  -0.0610204  0.0980934  0.166791
0.305457  -0.132094  -0.0610097  -0.132094  0.295983  0.0980638  -0.0610097  0.0980638  0.166781
0.305439  -0.131945  -0.0607157  -0.131945  0.295621  0.097734  -0.0607157  0.097734  0.16663
0.305434  -0.131845  -0.0605047  -0.131845  0.295357  0.097493  -0.0605047  0.097493  0.166519
0.305429  -0.131838  -0.0604868  -0.131838  0.295346  0.0974784  -0.0604868  0.0974784  0.166512
0.305429  -0.131695  -0.0601813  -0.131695  0.29495  0.0971216  -0.0601813  0.0971216  0.166349
0.305422  -0.131668  -0.0601679  -0.131668  0.294912  0.0970995  -0.0601679  0.0970995  0.166343
0.305421  -0.131537  -0.0598406  -0.131537  0.294533  0.0967372  -0.0598406  0.0967372  0.166173
0.305423  -0.131437  -0.0596156  -0.131437  0.294247  0.0964769  -0.0596156  0.0964769  0.166054
0.305415  -0.131423  -0.0595799  -0.131423  0.294225  0.0964481  -0.0595799  0.0964481  0.166041
0.305422  -0.131279  -0.0592609  -0.131279  0.293808  0.0960733  -0.0592609  0.0960733  0.165871
0.305418  -0.131272  -0.0592431  -0.131272  0.293797  0.096059  -0.0592431  0.096059  0.165864
0.305439  -0.131153  -0.0589226  -0.131153  0.293397  0.0956858  -0.0589226  0.0956858  0.16569
0.305442  -0.131145  -0.0588897  -0.131145  0.293362  0.09565  -0.0588897  0.09565  0.165673
0.305452  -0.131021  -0.0585673  -0.131021  0.292974  0.0952855  -0.0585673  0.0952855  0.165506
0.305469  -0.130946  -0.0583418  -0.130946  0.292706  0.0950289  -0.0583418  0.0950289  0.165386
0.305465  -0.130939  -0.0583241  -0.130939  0.292695  0.0950148  -0.0583241  0.0950148  0.16538
0.305479  -0.130821  -0.0580203  -0.130821  0.29232  0.0946665  -0.0580203  0.0946665  0.165222
0.305481  -0.130813  -0.0579875  -0.130813  0.292286  0.094631  -0.0579875  0.094631  0.165204
0.305506  -0.130715  -0.0576643  -0.130715  0.291915  0.09427  -0.0576643  0.09427  0.165036
0.305522  -0.130639  -0.0574398  -0.130639  0.291649  0.0940158  -0.0574398  0.0940158  0.16492
0.305518  -0.130633  -0.0574222  -0.130633  0.291638  0.0940018  -0.0574222  0.0940018  0.164914
0.305534  -0.13052  -0.0570649  -0.13052  0.291247  0.0936149  -0.0570649  0.0936149  0.164737
0.305541  -0.130519  -0.0570498  -0.130519  0.291223  0.0935938  -0.0570498  0.0935938  0.164726
0.305561  -0.130426  -0.0566884  -0.130426  0.29086  0.0932155  -0.0566884  0.0932155  0.16455
0.305572  -0.130344  -0.0564475  -0.130344  0.290584  0.0929499  -0.0564475  0.0929499  0.164431
0.305575  -0.130336  -0.0564149  -0.130336  0.29055  0.0929151  -0.0564149  0.0929151  0.164415
0.305599  -0.13025  -0.056072  -0.13025  0.290199  0.0925529  -0.056072  0.0925529  0.164248
0.305617  -0.130166  -0.0558167  -0.130166  0.289901  0.092268  -0.0558167  0.092268  0.164122
0.305623  -0.130165  -0.0558016  -0.130165  0.289878  0.092247  -0.0558016  0.092247  0.164112
0.305657  -0.130084  -0.0554618  -0.130084  0.289516  0.0918797  -0.0554618  0.0918797  0.163944
0.305664  -0.130082  -0.0554467  -0.130082  0.289493  0.0918588  -0.0554467  0.0918588  0.163934
0.305698  -0.130001  -0.0551074  -0.130001  0.289132  0.0914928  -0.0551074  0.0914928  0.163768
0.3057  -0.129993  -0.055075  -0.129993  0.289099  0.0914583  -0.055075  0.0914583  0.163753
0.305734  -0.129911  -0.0547362  -0.129911  0.288739  0.0910936  -0.0547362  0.0910936  0.163589
0.305759  -0.129867  -0.0544728  -0.129867  0.288496  0.0908262  -0.0544728  0.0908262  0.163466
0.305761  -0.129859  -0.0544405  -0.129859  0.288462  0.0907919  -0.0544405  0.0907919  0.163451
0.305801  -0.129776  -0.0540874  -0.129776  0.288081  0.0904085  -0.0540874  0.0904085  0.163281
0.305808  -0.129774  -0.0540723  -0.129774  0.288058  0.0903878  -0.0540723  0.0903878  0.163271
0.305851  -0.129697  -0.0537369  -0.129697  0.287688  0.0900191  -0.0537369  0.0900191  0.163109
0.30589  -0.129664  -0.0534936  -0.129664  0.287445  0.0897601  -0.0534936  0.0897601  0.162991
0.305893  -0.129656  -0.0534614  -0.129656  0.287412  0.0897261  -0.0534614  0.0897261  0.162976
0.305932  -0.129572  -0.0531096  -0.129572  0.287033  0.0893462  -0.0531096  0.0893462  0.162811
0.305938  -0.12957  -0.0530945  -0.12957  0.28701  0.0893256  -0.0530945  0.0893256  0.162802
0.305966  -0.129494  -0.0527193  -0.129494  0.28666  0.0889478  -0.0527193  0.0889478  0.162638
0.305986  -0.129429  -0.0524627  -0.129429  0.286395  0.0886785  -0.0524627  0.0886785  0.162524
0.305993  -0.129427  -0.0524477  -0.129427  0.286372  0.088658  -0.0524477  0.088658  0.162515
0.306013  -0.129324  -0.0520614  -0.129324  0.285987  0.0882627  -0.0520614  0.0882627  0.16235
0.306025  -0.129246  -0.0517717  -0.129246  0.285703  0.087969  -0.0517717  0.087969  0.16223
0.306027  -0.129237  -0.0517398  -0.129237  0.28567  0.0879356  -0.0517398  0.0879356  0.162216
0.30605  -0.129141  -0.0513717  -0.129141  0.285297  0.0875559  -0.0513717  0.0875559  0.162061
0.306053  -0.129132  -0.0513398  -0.129132  0.285264  0.0875226  -0.0513398  0.0875226  0.162047
0.306065  -0.129031  -0.0509705  -0.129031  0.284905  0.0871517  -0.0509705  0.0871517  0.161898
0.306081  -0.128958  -0.0506991  -0.128958  0.284633  0.086874  -0.0506991  0.086874  0.161787
0.306083  -0.12895  -0.0506673  -0.12895  0.2846  0.0868409  -0.0506673  0.0868409  0.161773
0.306118  -0.128873  -0.0503512  -0.128873  0.284261  0.0865035  -0.0503512  0.0865035  0.161637
0.306121  -0.128864  -0.0503195  -0.128864  0.284228  0.0864706  -0.0503195  0.0864706  0.161624
0.306126  -0.128764  -0.049967  -0.128764  0.283894  0.0861235  -0.049967  0.0861235  0.16149
0.306149  -0.128704  -0.0497301  -0.128704  0.283644  0.0858738  -0.0497301  0.0858738  0.161391
0.306141  -0.128691  -0.0496968  -0.128691  0.283624  0.0858484  -0.0496968  0.0858484  0.161382
0.306156  -0.128567  -0.0493204  -0.128567  0.283222  0.085457  -0.0493204  0.085457  0.161235
0.306158  -0.128559  -0.0492888  -0.128559  0.283189  0.0854244  -0.0492888  0.0854244  0.161223
0.306166  -0.12845  -0.0489066  -0.12845  0.282826  0.0850483  -0.0489066  0.0850483  0.161081
0.306168  -0.128442  -0.0488751  -0.128442  0.282793  0.0850158  -0.0488751  0.0850158  0.161069
0.306197  -0.128342  -0.0484968  -0.128342  0.282406  0.0846266  -0.0484968  0.0846266  0.160921
0.3062  -0.128236  -0.0482005  -0.128236  0.282093  0.0843242  -0.0482005  0.0843242  0.160813
0.306202  -0.128228  -0.0481691  -0.128228  0.282061  0.0842919  -0.0481691  0.0842919  0.160801
