0.315968  -0.159982  -0.0694133  -0.159982  0.332547  0.115234  -0.0694133  0.115234  0.170319
0.315968  -0.159982  -0.0694133  -0.159982  0.332547  0.115234  -0.0694133  0.115234  0.170319
0.315968  -0.159982  -0.0694133  -0.159982  0.332547  0.115234  -0.0694133  0.115234  0.170319
0.315968  -0.159982  -0.0694133  -0.159982  0.332547  0.115234  -0.0694133  0.115234  0.170319
0.315991  -0.160001  -0.0694384  -0.160001  0.33255  0.115245  -0.0694384  0.115245  0.170325
0.315991  -0.160001  -0.0694384  -0.160001  0.33255  0.115245  -0.0694384  0.115245  0.170325
0.315991  -0.160001  -0.0694384  -0.160001  0.33255  0.115245  -0.0694384  0.115245  0.170325
0.315998  -0.160011  -0.0694596  -0.160011  0.332566  0.115264  -0.0694596  0.115264  0.170335
0.315998  -0.160011  -0.0694596  -0.160011  0.332566  0.115264  -0.0694596  0.115264  0.170335
0.316006  -0.160021  -0.0694807  -0.160021  0.332581  0.115282  -0.0694807  0.115282  0.170345
0.316013  -0.160031  -0.0695019  -0.160031  0.332596  0.115301  -0.0695019  0.115301  0.170355
0.316013  -0.160031  -0.0695019  -0.160031  0.332596  0.115301  -0.0695019  0.115301  0.170355
0.316013  -0.160031  -0.0695019  -0.160031  0.332596  0.115301  -0.0695019  0.115301  0.170355
0.31602  -0.160041  -0.069523  -0.160041  0.332612  0.11532  -0.069523  0.11532  0.170364
0.316026  -0.160081  -0.0694927  -0.160081  0.332671  0.115319  -0.0694927  0.115319  0.170352
0.316026  -0.160081  -0.0694927  -0.160081  0.332671  0.115319  -0.0694927  0.115319  0.170352
0.316033  -0.160091  -0.0695139  -0.160091  0.332686  0.115338  -0.0695139  0.115338  0.170362
0.316033  -0.160091  -0.0695139  -0.160091  0.332686  0.115338  -0.0695139  0.115338  0.170362
0.316033  -0.160091  -0.0695139  -0.160091  0.332686  0.115338  -0.0695139  0.115338  0.170362
0.316053  -0.160167  -0.0695002  -0.160167  0.332798  0.115366  -0.0695002  0.115366  0.170359
0.316053  -0.160167  -0.0695002  -0.160167  0.332798  0.115366  -0.0695002  0.115366  0.170359
0.316053  -0.160167  -0.0695002  -0.160167  0.332798  0.115366  -0.0695002  0.115366  0.170359
0.316067  -0.160202  -0.0695168  -0.160202  0.332851  0.115394  -0.0695168  0.115394  0.170367
0.316097  -0.160247  -0.0695374  -0.160247  0.332891  0.115414  -0.0695374  0.115414  0.170372
0.316103  -0.160272  -0.0695328  -0.160272  0.332929  0.115423  -0.0695328  0.115423  0.170371
0.31611  -0.160298  -0.0695282  -0.160298  0.332966  0.115432  -0.0695282  0.115432  0.17037
0.31614  -0.160342  -0.0695488  -0.160342  0.333007  0.115453  -0.0695488  0.115453  0.170375
0.31614  -0.160342  -0.0695488  -0.160342  0.333007  0.115453  -0.0695488  0.115453  0.170375
0.31617  -0.160387  -0.0695695  -0.160387  0.333047  0.115473  -0.0695695  0.115473  0.17038
0.31617  -0.160387  -0.0695695  -0.160387  0.333047  0.115473  -0.0695695  0.115473  0.17038
0.316184  -0.160422  -0.0695861  -0.160422  0.3331  0.115501  -0.0695861  0.115501  0.170388
0.316184  -0.160422  -0.0695861  -0.160422  0.3331  0.115501  -0.0695861  0.115501  0.170388
0.3162  -0.160431  -0.0695901  -0.160431  0.333088  0.115494  -0.0695901  0.115494  0.170384
0.316214  -0.160467  -0.0696067  -0.160467  0.333141  0.115522  -0.0696067  0.115522  0.170393
0.316214  -0.160467  -0.0696067  -0.160467  0.333141  0.115522  -0.0696067  0.115522  0.170393
0.316221  -0.160492  -0.0696022  -0.160492  0.333178  0.115531  -0.0696022  0.115531  0.170392
0.316221  -0.160492  -0.0696022  -0.160492  0.333178  0.115531  -0.0696022  0.115531  0.170392
0.316228  -0.160502  -0.0696234  -0.160502  0.333194  0.11555  -0.0696234  0.11555  0.170402
0.316228  -0.160502  -0.0696234  -0.160502  0.333194  0.11555  -0.0696234  0.11555  0.170402
0.316235  -0.160527  -0.0696188  -0.160527  0.333231  0.115559  -0.0696188  0.115559  0.170401
0.316235  -0.160527  -0.0696188  -0.160527  0.333231  0.115559  -0.0696188  0.115559  0.170401
0.316249  -0.160563  -0.0696354  -0.160563  0.333284  0.115587  -0.0696354  0.115587  0.170409
0.316249  -0.160563  -0.0696354  -0.160563  0.333284  0.115587  -0.0696354  0.115587  0.170409
0.316249  -0.160563  -0.0696354  -0.160563  0.333284  0.115587  -0.0696354  0.115587  0.170409
0.316249  -0.160563  -0.0696354  -0.160563  0.333284  0.115587  -0.0696354  0.115587  0.170409
0.316262  -0.160598  -0.0696521  -0.160598  0.333337  0.115615  -0.0696521  0.115615  0.170418
0.316262  -0.160598  -0.0696521  -0.160598  0.333337  0.115615  -0.0696521  0.115615  0.170418
0.316262  -0.160598  -0.0696521  -0.160598  0.333337  0.115615  -0.0696521  0.115615  0.170418
0.316269  -0.160624  -0.0696475  -0.160624  0.333374  0.115624  -0.0696475  0.115624  0.170417
0.316269  -0.160624  -0.0696475  -0.160624  0.333374  0.115624  -0.0696475  0.115624  0.170417
0.316276  -0.160649  -0.0696429  -0.160649  0.333412  0.115633  -0.0696429  0.115633  0.170416
0.316276  -0.160649  -0.0696429  -0.160649  0.333412  0.115633  -0.0696429  0.115633  0.170416
0.316282  -0.160674  -0.0696384  -0.160674  0.333449  0.115643  -0.0696384  0.115643  0.170415
0.316282  -0.160674  -0.0696384  -0.160674  0.333449  0.115643  -0.0696384  0.115643  0.170415
0.316289  -0.1607  -0.0696338  -0.1607  0.333487  0.115652  -0.0696338  0.115652  0.170414
0.316289  -0.1607  -0.0696338  -0.1607  0.333487  0.115652  -0.0696338  0.115652  0.170414
0.316289  -0.1607  -0.0696338  -0.1607  0.333487  0.115652  -0.0696338  0.115652  0.170414
0.316295  -0.160725  -0.0696292  -0.160725  0.333524  0.115661  -0.0696292  0.115661  0.170412
0.316295  -0.160725  -0.0696292  -0.160725  0.333524  0.115661  -0.0696292  0.115661  0.170412
0.316302  -0.160751  -0.0696246  -0.160751  0.333561  0.11567  -0.0696246  0.11567  0.170411
0.316302  -0.160751  -0.0696246  -0.160751  0.333561  0.11567  -0.0696246  0.11567  0.170411
0.316308  -0.160776  -0.0696201  -0.160776  0.333599  0.115679  -0.0696201  0.115679  0.17041
0.316308  -0.160776  -0.0696201  -0.160776  0.333599  0.115679  -0.0696201  0.115679  0.17041
0.316306  -0.160803  -0.0696327  -0.160803  0.333664  0.115715  -0.0696327  0.115715  0.170423
0.316306  -0.160803  -0.0696327  -0.160803  0.333664  0.115715  -0.0696327  0.115715  0.170423
0.316312  -0.160828  -0.0696281  -0.160828  0.333701  0.115724  -0.0696281  0.115724  0.170422
0.316312  -0.160828  -0.0696281  -0.160828  0.333701  0.115724  -0.0696281  0.115724  0.170422
0.316319  -0.160853  -0.0696235  -0.160853  0.333739  0.115733  -0.0696235  0.115733  0.17042
0.316326  -0.160879  -0.0696189  -0.160879  0.333777  0.115742  -0.0696189  0.115742  0.170419
0.316326  -0.160879  -0.0696189  -0.160879  0.333777  0.115742  -0.0696189  0.115742  0.170419
0.316332  -0.160904  -0.0696143  -0.160904  0.333814  0.115752  -0.0696143  0.115752  0.170418
0.316332  -0.160904  -0.0696143  -0.160904  0.333814  0.115752  -0.0696143  0.115752  0.170418
0.316345  -0.160955  -0.0696052  -0.160955  0.333889  0.11577  -0.0696052  0.11577  0.170416
0.316345  -0.160955  -0.0696052  -0.160955  0.333889  0.11577  -0.0696052  0.11577  0.170416
0.316352  -0.160981  -0.0696006  -0.160981  0.333927  0.115779  -0.0696006  0.115779  0.170415
0.316352  -0.160981  -0.0696006  -0.160981  0.333927  0.115779  -0.0696006  0.115779  0.170415
0.316365  -0.161032  -0.0695914  -0.161032  0.334002  0.115797  -0.0695914  0.115797  0.170412
0.316372  -0.161057  -0.0695868  -0.161057  0.33404  0.115807  -0.0695868  0.115807  0.170411
0.316378  -0.161083  -0.0695823  -0.161083  0.334077  0.115816  -0.0695823  0.115816  0.17041
0.316378  -0.161083  -0.0695823  -0.161083  0.334077  0.115816  -0.0695823  0.115816  0.17041
0.316392  -0.161118  -0.0695989  -0.161118  0.33413  0.115844  -0.0695989  0.115844  0.170419
0.316405  -0.161169  -0.0695897  -0.161169  0.334206  0.115862  -0.0695897  0.115862  0.170417
0.316405  -0.161169  -0.0695897  -0.161169  0.334206  0.115862  -0.0695897  0.115862  0.170417
0.316418  -0.16122  -0.0695806  -0.16122  0.334281  0.115881  -0.0695806  0.115881  0.170414
0.316418  -0.16122  -0.0695806  -0.16122  0.334281  0.115881  -0.0695806  0.115881  0.170414
0.316418  -0.16122  -0.0695806  -0.16122  0.334281  0.115881  -0.0695806  0.115881  0.170414
0.316432  -0.161271  -0.0695714  -0.161271  0.334357  0.115899  -0.0695714  0.115899  0.170412
0.316432  -0.161271  -0.0695714  -0.161271  0.334357  0.115899  -0.0695714  0.115899  0.170412
0.316438  -0.161297  -0.0695668  -0.161297  0.334394  0.115908  -0.0695668  0.115908  0.170411
0.316451  -0.161348  -0.0695576  -0.161348  0.33447  0.115927  -0.0695576  0.115927  0.170408
0.316465  -0.161384  -0.0695743  -0.161384  0.334523  0.115955  -0.0695743  0.115955  0.170417
0.316465  -0.161384  -0.0695743  -0.161384  0.334523  0.115955  -0.0695743  0.115955  0.170417
0.316479  -0.161435  -0.0695651  -0.161435  0.334599  0.115973  -0.0695651  0.115973  0.170415
0.316479  -0.161435  -0.0695651  -0.161435  0.334599  0.115973  -0.0695651  0.115973  0.170415
0.316492  -0.161486  -0.0695559  -0.161486  0.334674  0.115991  -0.0695559  0.115991  0.170413
0.316492  -0.161486  -0.0695559  -0.161486  0.334674  0.115991  -0.0695559  0.115991  0.170413
0.316498  -0.161511  -0.0695513  -0.161511  0.334712  0.116001  -0.0695513  0.116001  0.170412
0.316511  -0.161562  -0.0695421  -0.161562  0.334788  0.116019  -0.0695421  0.116019  0.170409
0.316511  -0.161562  -0.0695421  -0.161562  0.334788  0.116019  -0.0695421  0.116019  0.170409
0.316518  -0.161588  -0.0695375  -0.161588  0.334826  0.116028  -0.0695375  0.116028  0.170408
0.316531  -0.161639  -0.0695283  -0.161639  0.334901  0.116047  -0.0695283  0.116047  0.170406
0.316531  -0.161639  -0.0695283  -0.161639  0.334901  0.116047  -0.0695283  0.116047  0.170406
0.316552  -0.161701  -0.0695404  -0.161701  0.334993  0.116084  -0.0695404  0.116084  0.170413
0.316552  -0.161701  -0.0695404  -0.161701  0.334993  0.116084  -0.0695404  0.116084  0.170413
0.316565  -0.161752  -0.0695312  -0.161752  0.335069  0.116102  -0.0695312  0.116102  0.170411
0.316582  -0.161761  -0.0695352  -0.161761  0.335057  0.116095  -0.0695352  0.116095  0.170407
0.316595  -0.161812  -0.069526  -0.161812  0.335133  0.116113  -0.069526  0.116113  0.170405
0.316595  -0.161812  -0.069526  -0.161812  0.335133  0.116113  -0.069526  0.116113  0.170405
0.316616  -0.161874  -0.0695381  -0.161874  0.335224  0.116151  -0.0695381  0.116151  0.170413
0.316616  -0.161874  -0.0695381  -0.161874  0.335224  0.116151  -0.0695381  0.116151  0.170413
0.316622  -0.161899  -0.0695335  -0.161899  0.335262  0.11616  -0.0695335  0.11616  0.170411
0.316643  -0.161961  -0.0695456  -0.161961  0.335354  0.116197  -0.0695456  0.116197  0.170419
0.316643  -0.161961  -0.0695456  -0.161961  0.335354  0.116197  -0.0695456  0.116197  0.170419
0.31665  -0.161986  -0.069541  -0.161986  0.335392  0.116206  -0.069541  0.116206  0.170418
0.31665  -0.161986  -0.069541  -0.161986  0.335392  0.116206  -0.069541  0.116206  0.170418
0.316656  -0.162012  -0.0695364  -0.162012  0.33543  0.116216  -0.0695364  0.116216  0.170417
0.316656  -0.162012  -0.0695364  -0.162012  0.33543  0.116216  -0.0695364  0.116216  0.170417
0.316663  -0.162038  -0.0695318  -0.162038  0.335468  0.116225  -0.0695318  0.116225  0.170416
0.316677  -0.162074  -0.0695485  -0.162074  0.335521  0.116253  -0.0695485  0.116253  0.170425
0.316677  -0.162074  -0.0695485  -0.162074  0.335521  0.116253  -0.0695485  0.116253  0.170425
0.316677  -0.162074  -0.0695485  -0.162074  0.335521  0.116253  -0.0695485  0.116253  0.170425
0.316691  -0.162109  -0.0695652  -0.162109  0.335575  0.116281  -0.0695652  0.116281  0.170433
0.316691  -0.162109  -0.0695652  -0.162109  0.335575  0.116281  -0.0695652  0.116281  0.170433
0.316705  -0.162145  -0.0695819  -0.162145  0.335629  0.11631  -0.0695819  0.11631  0.170442
0.316705  -0.162145  -0.0695819  -0.162145  0.335629  0.11631  -0.0695819  0.11631  0.170442
0.31672  -0.162181  -0.0695986  -0.162181  0.335682  0.116338  -0.0695986  0.116338  0.170451
0.31672  -0.162181  -0.0695986  -0.162181  0.335682  0.116338  -0.0695986  0.116338  0.170451
0.316734  -0.162217  -0.0696153  -0.162217  0.335736  0.116366  -0.0696153  0.116366  0.17046
0.316734  -0.162217  -0.0696153  -0.162217  0.335736  0.116366  -0.0696153  0.116366  0.17046
0.316741  -0.162227  -0.0696366  -0.162227  0.335752  0.116385  -0.0696366  0.116385  0.17047
0.316755  -0.162263  -0.0696534  -0.162263  0.335806  0.116413  -0.0696534  0.116413  0.170479
0.316755  -0.162263  -0.0696534  -0.162263  0.335806  0.116413  -0.0696534  0.116413  0.170479
0.31677  -0.162299  -0.0696701  -0.162299  0.335859  0.116442  -0.0696701  0.116442  0.170487
0.31677  -0.162299  -0.0696701  -0.162299  0.335859  0.116442  -0.0696701  0.116442  0.170487
0.316777  -0.162309  -0.0696914  -0.162309  0.335875  0.116461  -0.0696914  0.116461  0.170497
0.316799  -0.162356  -0.0697295  -0.162356  0.335944  0.116508  -0.0697295  0.116508  0.170516
0.316799  -0.162356  -0.0697295  -0.162356  0.335944  0.116508  -0.0697295  0.116508  0.170516
0.316813  -0.162391  -0.0697463  -0.162391  0.335998  0.116537  -0.0697463  0.116537  0.170525
0.316813  -0.162391  -0.0697463  -0.162391  0.335998  0.116537  -0.0697463  0.116537  0.170525
0.316827  -0.162427  -0.0697631  -0.162427  0.336052  0.116565  -0.0697631  0.116565  0.170534
0.316841  -0.162463  -0.0697798  -0.162463  0.336106  0.116593  -0.0697798  0.116593  0.170543
0.316841  -0.162463  -0.0697798  -0.162463  0.336106  0.116593  -0.0697798  0.116593  0.170543
0.316856  -0.162499  -0.0697966  -0.162499  0.33616  0.116622  -0.0697966  0.116622  0.170552
0.316856  -0.162499  -0.0697966  -0.162499  0.33616  0.116622  -0.0697966  0.116622  0.170552
0.31688  -0.162519  -0.0698221  -0.162519  0.336163  0.116633  -0.0698221  0.116633  0.170558
0.316887  -0.162545  -0.0698175  -0.162545  0.336202  0.116642  -0.0698175  0.116642  0.170556
0.316894  -0.162555  -0.0698389  -0.162555  0.336217  0.116662  -0.0698389  0.116662  0.170566
0.316894  -0.162555  -0.0698389  -0.162555  0.336217  0.116662  -0.0698389  0.116662  0.170566
0.316894  -0.162555  -0.0698389  -0.162555  0.336217  0.116662  -0.0698389  0.116662  0.170566
0.316902  -0.162565  -0.0698602  -0.162565  0.336233  0.116681  -0.0698602  0.116681  0.170577
0.316908  -0.162591  -0.0698556  -0.162591  0.336271  0.11669  -0.0698556  0.11669  0.170575
0.316908  -0.162591  -0.0698556  -0.162591  0.336271  0.11669  -0.0698556  0.11669  0.170575
0.316908  -0.162591  -0.0698556  -0.162591  0.336271  0.11669  -0.0698556  0.11669  0.170575
0.316908  -0.162591  -0.0698556  -0.162591  0.336271  0.11669  -0.0698556  0.11669  0.170575
0.316925  -0.1626  -0.0698598  -0.1626  0.336259  0.116682  -0.0698598  0.116682  0.170571
0.316925  -0.1626  -0.0698598  -0.1626  0.336259  0.116682  -0.0698598  0.116682  0.170571
0.316925  -0.1626  -0.0698598  -0.1626  0.336259  0.116682  -0.0698598  0.116682  0.170571
0.316925  -0.1626  -0.0698598  -0.1626  0.336259  0.116682  -0.0698598  0.116682  0.170571
0.316925  -0.1626  -0.0698598  -0.1626  0.336259  0.116682  -0.0698598  0.116682  0.170571
0.316925  -0.1626  -0.0698598  -0.1626  0.336259  0.116682  -0.0698598  0.116682  0.170571
0.316918  -0.16259  -0.0698384  -0.16259  0.336244  0.116663  -0.0698384  0.116663  0.170561
0.316934  -0.1626  -0.0698425  -0.1626  0.336232  0.116656  -0.0698425  0.116656  0.170558
0.316934  -0.1626  -0.0698425  -0.1626  0.336232  0.116656  -0.0698425  0.116656  0.170558
0.316934  -0.1626  -0.0698425  -0.1626  0.336232  0.116656  -0.0698425  0.116656  0.170558
0.316934  -0.1626  -0.0698425  -0.1626  0.336232  0.116656  -0.0698425  0.116656  0.170558
0.316934  -0.1626  -0.0698425  -0.1626  0.336232  0.116656  -0.0698425  0.116656  0.170558
0.316958  -0.162635  -0.069842  -0.162635  0.336258  0.116657  -0.069842  0.116657  0.170553
0.316958  -0.162635  -0.069842  -0.162635  0.336258  0.116657  -0.069842  0.116657  0.170553
0.31695  -0.162625  -0.0698206  -0.162625  0.336242  0.116638  -0.0698206  0.116638  0.170543
0.31695  -0.162625  -0.0698206  -0.162625  0.336242  0.116638  -0.0698206  0.116638  0.170543
0.316967  -0.162634  -0.0698247  -0.162634  0.336231  0.116631  -0.0698247  0.116631  0.170539
0.316967  -0.162634  -0.0698247  -0.162634  0.336231  0.116631  -0.0698247  0.116631  0.170539
0.316974  -0.16266  -0.0698201  -0.16266  0.336269  0.11664  -0.0698201  0.11664  0.170537
0.316974  -0.16266  -0.0698201  -0.16266  0.336269  0.11664  -0.0698201  0.11664  0.170537
0.316997  -0.162695  -0.0698196  -0.162695  0.336295  0.116642  -0.0698196  0.116642  0.170532
0.316997  -0.162695  -0.0698196  -0.162695  0.336295  0.116642  -0.0698196  0.116642  0.170532
0.316997  -0.162695  -0.0698196  -0.162695  0.336295  0.116642  -0.0698196  0.116642  0.170532
0.317021  -0.162715  -0.0698451  -0.162715  0.336299  0.116653  -0.0698451  0.116653  0.170539
0.317021  -0.162715  -0.0698451  -0.162715  0.336299  0.116653  -0.0698451  0.116653  0.170539
0.317028  -0.16274  -0.0698405  -0.16274  0.336337  0.116663  -0.0698405  0.116663  0.170537
0.317028  -0.16274  -0.0698405  -0.16274  0.336337  0.116663  -0.0698405  0.116663  0.170537
0.317045  -0.16275  -0.0698446  -0.16275  0.336325  0.116655  -0.0698446  0.116655  0.170534
0.317045  -0.16275  -0.0698446  -0.16275  0.336325  0.116655  -0.0698446  0.116655  0.170534
0.317052  -0.162776  -0.06984  -0.162776  0.336364  0.116664  -0.06984  0.116664  0.170532
0.317059  -0.162786  -0.0698614  -0.162786  0.336379  0.116683  -0.0698614  0.116683  0.170542
0.317059  -0.162786  -0.0698614  -0.162786  0.336379  0.116683  -0.0698614  0.116683  0.170542
0.317052  -0.162776  -0.06984  -0.162776  0.336364  0.116664  -0.06984  0.116664  0.170532
0.317052  -0.162776  -0.06984  -0.162776  0.336364  0.116664  -0.06984  0.116664  0.170532
0.317052  -0.162776  -0.06984  -0.162776  0.336364  0.116664  -0.06984  0.116664  0.170532
0.317052  -0.162776  -0.06984  -0.162776  0.336364  0.116664  -0.06984  0.116664  0.170532
0.317052  -0.162776  -0.06984  -0.162776  0.336364  0.116664  -0.06984  0.116664  0.170532
0.317075  -0.162811  -0.0698395  -0.162811  0.33639  0.116666  -0.0698395  0.116666  0.170527
0.317075  -0.162811  -0.0698395  -0.162811  0.33639  0.116666  -0.0698395  0.116666  0.170527
0.317075  -0.162811  -0.0698395  -0.162811  0.33639  0.116666  -0.0698395  0.116666  0.170527
0.317075  -0.162811  -0.0698395  -0.162811  0.33639  0.116666  -0.0698395  0.116666  0.170527
0.317075  -0.162811  -0.0698395  -0.162811  0.33639  0.116666  -0.0698395  0.116666  0.170527
0.317082  -0.162837  -0.0698349  -0.162837  0.336428  0.116675  -0.0698349  0.116675  0.170526
0.317082  -0.162837  -0.0698349  -0.162837  0.336428  0.116675  -0.0698349  0.116675  0.170526
0.317082  -0.162837  -0.0698349  -0.162837  0.336428  0.116675  -0.0698349  0.116675  0.170526
0.317082  -0.162837  -0.0698349  -0.162837  0.336428  0.116675  -0.0698349  0.116675  0.170526
0.317072  -0.162853  -0.0698262  -0.162853  0.336479  0.116692  -0.0698262  0.116692  0.170529
0.317072  -0.162853  -0.0698262  -0.162853  0.336479  0.116692  -0.0698262  0.116692  0.170529
0.317072  -0.162853  -0.0698262  -0.162853  0.336479  0.116692  -0.0698262  0.116692  0.170529
0.317072  -0.162853  -0.0698262  -0.162853  0.336479  0.116692  -0.0698262  0.116692  0.170529
0.317072  -0.162853  -0.0698262  -0.162853  0.336479  0.116692  -0.0698262  0.116692  0.170529
0.317072  -0.162853  -0.0698262  -0.162853  0.336479  0.116692  -0.0698262  0.116692  0.170529
0.317078  -0.162879  -0.0698216  -0.162879  0.336517  0.116701  -0.0698216  0.116701  0.170528
0.317078  -0.162879  -0.0698216  -0.162879  0.336517  0.116701  -0.0698216  0.116701  0.170528
0.317078  -0.162879  -0.0698216  -0.162879  0.336517  0.116701  -0.0698216  0.116701  0.170528
0.317085  -0.162905  -0.069817  -0.162905  0.336555  0.116711  -0.069817  0.116711  0.170527
0.317085  -0.162905  -0.069817  -0.162905  0.336555  0.116711  -0.069817  0.116711  0.170527
0.317085  -0.162905  -0.069817  -0.162905  0.336555  0.116711  -0.069817  0.116711  0.170527
0.317092  -0.162931  -0.0698124  -0.162931  0.336594  0.11672  -0.0698124  0.11672  0.170526
0.317092  -0.162931  -0.0698124  -0.162931  0.336594  0.11672  -0.0698124  0.11672  0.170526
0.317099  -0.162956  -0.0698078  -0.162956  0.336632  0.116729  -0.0698078  0.116729  0.170524
0.317099  -0.162956  -0.0698078  -0.162956  0.336632  0.116729  -0.0698078  0.116729  0.170524
0.317113  -0.162993  -0.0698246  -0.162993  0.336686  0.116757  -0.0698246  0.116757  0.170533
0.317113  -0.162993  -0.0698246  -0.162993  0.336686  0.116757  -0.0698246  0.116757  0.170533
0.31712  -0.163018  -0.06982  -0.163018  0.336725  0.116767  -0.06982  0.116767  0.170532
0.317127  -0.163044  -0.0698154  -0.163044  0.336763  0.116776  -0.0698154  0.116776  0.170531
0.317127  -0.163044  -0.0698154  -0.163044  0.336763  0.116776  -0.0698154  0.116776  0.170531
0.317133  -0.16307  -0.0698108  -0.16307  0.336802  0.116785  -0.0698108  0.116785  0.17053
0.317133  -0.16307  -0.0698108  -0.16307  0.336802  0.116785  -0.0698108  0.116785  0.17053
0.317147  -0.163122  -0.0698016  -0.163122  0.336879  0.116804  -0.0698016  0.116804  0.170528
0.317147  -0.163122  -0.0698016  -0.163122  0.336879  0.116804  -0.0698016  0.116804  0.170528
0.317154  -0.163132  -0.069823  -0.163132  0.336894  0.116823  -0.069823  0.116823  0.170538
0.317161  -0.163158  -0.0698184  -0.163158  0.336933  0.116832  -0.0698184  0.116832  0.170537
0.317168  -0.163184  -0.0698138  -0.163184  0.336971  0.116841  -0.0698138  0.116841  0.170535
0.317175  -0.16321  -0.0698092  -0.16321  0.33701  0.116851  -0.0698092  0.116851  0.170534
0.317175  -0.16321  -0.0698092  -0.16321  0.33701  0.116851  -0.0698092  0.116851  0.170534
0.317181  -0.163236  -0.0698045  -0.163236  0.337048  0.11686  -0.0698045  0.11686  0.170533
0.317189  -0.163246  -0.069826  -0.163246  0.337064  0.116879  -0.069826  0.116879  0.170543
0.317203  -0.163298  -0.0698168  -0.163298  0.337141  0.116898  -0.0698168  0.116898  0.170541
0.317203  -0.163298  -0.0698168  -0.163298  0.337141  0.116898  -0.0698168  0.116898  0.170541
0.317203  -0.163298  -0.0698168  -0.163298  0.337141  0.116898  -0.0698168  0.116898  0.170541
0.317224  -0.16336  -0.069829  -0.16336  0.337234  0.116935  -0.069829  0.116935  0.170549
0.317224  -0.16336  -0.069829  -0.16336  0.337234  0.116935  -0.069829  0.116935  0.170549
0.317224  -0.16336  -0.069829  -0.16336  0.337234  0.116935  -0.069829  0.116935  0.170549
0.31723  -0.163386  -0.0698244  -0.163386  0.337273  0.116945  -0.0698244  0.116945  0.170548
0.317237  -0.163412  -0.0698198  -0.163412  0.337311  0.116954  -0.0698198  0.116954  0.170546
0.317245  -0.163422  -0.0698412  -0.163422  0.337327  0.116973  -0.0698412  0.116973  0.170556
0.317245  -0.163422  -0.0698412  -0.163422  0.337327  0.116973  -0.0698412  0.116973  0.170556
0.317252  -0.163448  -0.0698366  -0.163448  0.337365  0.116982  -0.0698366  0.116982  0.170555
0.317258  -0.163474  -0.069832  -0.163474  0.337404  0.116992  -0.069832  0.116992  0.170554
0.317258  -0.163474  -0.069832  -0.163474  0.337404  0.116992  -0.069832  0.116992  0.170554
0.317258  -0.163474  -0.069832  -0.163474  0.337404  0.116992  -0.069832  0.116992  0.170554
0.317258  -0.163474  -0.069832  -0.163474  0.337404  0.116992  -0.069832  0.116992  0.170554
0.317265  -0.1635  -0.0698274  -0.1635  0.337443  0.117001  -0.0698274  0.117001  0.170553
0.317265  -0.1635  -0.0698274  -0.1635  0.337443  0.117001  -0.0698274  0.117001  0.170553
0.317265  -0.1635  -0.0698274  -0.1635  0.337443  0.117001  -0.0698274  0.117001  0.170553
0.317265  -0.1635  -0.0698274  -0.1635  0.337443  0.117001  -0.0698274  0.117001  0.170553
0.317265  -0.1635  -0.0698274  -0.1635  0.337443  0.117001  -0.0698274  0.117001  0.170553
0.317265  -0.1635  -0.0698274  -0.1635  0.337443  0.117001  -0.0698274  0.117001  0.170553
0.317265  -0.1635  -0.0698274  -0.1635  0.337443  0.117001  -0.0698274  0.117001  0.170553
0.317265  -0.1635  -0.0698274  -0.1635  0.337443  0.117001  -0.0698274  0.117001  0.170553
0.317265  -0.1635  -0.0698274  -0.1635  0.337443  0.117001  -0.0698274  0.117001  0.170553
0.317265  -0.1635  -0.0698274  -0.1635  0.337443  0.117001  -0.0698274  0.117001  0.170553
0.317265  -0.1635  -0.0698274  -0.1635  0.337443  0.117001  -0.0698274  0.117001  0.170553
0.317265  -0.1635  -0.0698274  -0.1635  0.337443  0.117001  -0.0698274  0.117001  0.170553
0.317273  -0.16351  -0.0698488  -0.16351  0.337458  0.11702  -0.0698488  0.11702  0.170563
0.317273  -0.16351  -0.0698488  -0.16351  0.337458  0.11702  -0.0698488  0.11702  0.170563
0.317273  -0.16351  -0.0698488  -0.16351  0.337458  0.11702  -0.0698488  0.11702  0.170563
0.317273  -0.16351  -0.0698488  -0.16351  0.337458  0.11702  -0.0698488  0.11702  0.170563
0.317273  -0.16351  -0.0698488  -0.16351  0.337458  0.11702  -0.0698488  0.11702  0.170563
0.317273  -0.16351  -0.0698488  -0.16351  0.337458  0.11702  -0.0698488  0.11702  0.170563
0.317273  -0.16351  -0.0698488  -0.16351  0.337458  0.11702  -0.0698488  0.11702  0.170563
0.317273  -0.16351  -0.0698488  -0.16351  0.337458  0.11702  -0.0698488  0.11702  0.170563
0.317273  -0.16351  -0.0698488  -0.16351  0.337458  0.11702  -0.0698488  0.11702  0.170563
0.317273  -0.16351  -0.0698488  -0.16351  0.337458  0.11702  -0.0698488  0.11702  0.170563
0.317273  -0.16351  -0.0698488  -0.16351  0.337458  0.11702  -0.0698488  0.11702  0.170563
0.31728  -0.163521  -0.0698703  -0.163521  0.337474  0.117039  -0.0698703  0.117039  0.170573
0.31728  -0.163521  -0.0698703  -0.163521  0.337474  0.117039  -0.0698703  0.117039  0.170573
0.31728  -0.163521  -0.0698703  -0.163521  0.337474  0.117039  -0.0698703  0.117039  0.170573
0.31728  -0.163521  -0.0698703  -0.163521  0.337474  0.117039  -0.0698703  0.117039  0.170573
0.31728  -0.163521  -0.0698703  -0.163521  0.337474  0.117039  -0.0698703  0.117039  0.170573
0.317288  -0.163531  -0.0698917  -0.163531  0.33749  0.117059  -0.0698917  0.117059  0.170583
0.317288  -0.163531  -0.0698917  -0.163531  0.33749  0.117059  -0.0698917  0.117059  0.170583
0.317288  -0.163531  -0.0698917  -0.163531  0.33749  0.117059  -0.0698917  0.117059  0.170583
0.317288  -0.163531  -0.0698917  -0.163531  0.33749  0.117059  -0.0698917  0.117059  0.170583
0.317288  -0.163531  -0.0698917  -0.163531  0.33749  0.117059  -0.0698917  0.117059  0.170583
0.317296  -0.163541  -0.0699132  -0.163541  0.337506  0.117078  -0.0699132  0.117078  0.170593
0.317296  -0.163541  -0.0699132  -0.163541  0.337506  0.117078  -0.0699132  0.117078  0.170593
0.317296  -0.163541  -0.0699132  -0.163541  0.337506  0.117078  -0.0699132  0.117078  0.170593
0.317296  -0.163541  -0.0699132  -0.163541  0.337506  0.117078  -0.0699132  0.117078  0.170593
0.317297  -0.163526  -0.0699393  -0.163526  0.337483  0.117088  -0.0699393  0.117088  0.170604
0.317297  -0.163526  -0.0699393  -0.163526  0.337483  0.117088  -0.0699393  0.117088  0.170604
0.317303  -0.163552  -0.0699347  -0.163552  0.337522  0.117097  -0.0699347  0.117097  0.170603
0.317303  -0.163552  -0.0699347  -0.163552  0.337522  0.117097  -0.0699347  0.117097  0.170603
0.317303  -0.163552  -0.0699347  -0.163552  0.337522  0.117097  -0.0699347  0.117097  0.170603
0.317311  -0.163562  -0.0699562  -0.163562  0.337537  0.117116  -0.0699562  0.117116  0.170613
0.317311  -0.163562  -0.0699562  -0.163562  0.337537  0.117116  -0.0699562  0.117116  0.170613
0.317311  -0.163562  -0.0699562  -0.163562  0.337537  0.117116  -0.0699562  0.117116  0.170613
0.317311  -0.163562  -0.0699562  -0.163562  0.337537  0.117116  -0.0699562  0.117116  0.170613
0.317311  -0.163562  -0.0699562  -0.163562  0.337537  0.117116  -0.0699562  0.117116  0.170613
0.317311  -0.163562  -0.0699562  -0.163562  0.337537  0.117116  -0.0699562  0.117116  0.170613
0.317311  -0.163562  -0.0699562  -0.163562  0.337537  0.117116  -0.0699562  0.117116  0.170613
0.317294  -0.163553  -0.069952  -0.163553  0.337549  0.117124  -0.069952  0.117124  0.170617
0.317294  -0.163553  -0.069952  -0.163553  0.337549  0.117124  -0.069952  0.117124  0.170617
0.317294  -0.163553  -0.069952  -0.163553  0.337549  0.117124  -0.069952  0.117124  0.170617
0.317294  -0.163553  -0.069952  -0.163553  0.337549  0.117124  -0.069952  0.117124  0.170617
0.317287  -0.163542  -0.0699306  -0.163542  0.337533  0.117105  -0.0699306  0.117105  0.170607
0.317287  -0.163542  -0.0699306  -0.163542  0.337533  0.117105  -0.0699306  0.117105  0.170607
0.317287  -0.163542  -0.0699306  -0.163542  0.337533  0.117105  -0.0699306  0.117105  0.170607
0.317262  -0.163522  -0.069905  -0.163522  0.33753  0.117093  -0.069905  0.117093  0.170601
0.317262  -0.163522  -0.069905  -0.163522  0.33753  0.117093  -0.069905  0.117093  0.170601
0.317261  -0.163538  -0.0698789  -0.163538  0.337552  0.117083  -0.0698789  0.117083  0.17059
0.317261  -0.163538  -0.0698789  -0.163538  0.337552  0.117083  -0.0698789  0.117083  0.17059
0.317261  -0.163538  -0.0698789  -0.163538  0.337552  0.117083  -0.0698789  0.117083  0.17059
0.317237  -0.163518  -0.0698533  -0.163518  0.337549  0.117071  -0.0698533  0.117071  0.170584
0.317229  -0.163508  -0.0698318  -0.163508  0.337533  0.117052  -0.0698318  0.117052  0.170574
0.317221  -0.163497  -0.0698104  -0.163497  0.337517  0.117033  -0.0698104  0.117033  0.170564
0.317221  -0.163497  -0.0698104  -0.163497  0.337517  0.117033  -0.0698104  0.117033  0.170564
0.317206  -0.163477  -0.0697675  -0.163477  0.337486  0.116994  -0.0697675  0.116994  0.170544
0.317189  -0.163467  -0.0697634  -0.163467  0.337497  0.117002  -0.0697634  0.117002  0.170547
0.317196  -0.163493  -0.0697587  -0.163493  0.337536  0.117011  -0.0697587  0.117011  0.170546
0.317181  -0.163472  -0.0697159  -0.163472  0.337505  0.116973  -0.0697159  0.116973  0.170526
0.317173  -0.163462  -0.0696944  -0.163462  0.337489  0.116954  -0.0696944  0.116954  0.170516
0.317172  -0.163477  -0.0696684  -0.163477  0.337512  0.116944  -0.0696684  0.116944  0.170505
0.317155  -0.163468  -0.0696642  -0.163468  0.337524  0.116951  -0.0696642  0.116951  0.170509
0.31714  -0.163447  -0.0696214  -0.163447  0.337492  0.116913  -0.0696214  0.116913  0.170489
0.31714  -0.163447  -0.0696214  -0.163447  0.337492  0.116913  -0.0696214  0.116913  0.170489
0.317132  -0.163452  -0.0695739  -0.163452  0.337499  0.116884  -0.0695739  0.116884  0.170468
0.317138  -0.163478  -0.0695693  -0.163478  0.337538  0.116893  -0.0695693  0.116893  0.170467
0.31713  -0.163484  -0.0695218  -0.163484  0.337545  0.116864  -0.0695218  0.116864  0.170446
0.31713  -0.163484  -0.0695218  -0.163484  0.337545  0.116864  -0.0695218  0.116864  0.170446
0.317121  -0.163489  -0.0694744  -0.163489  0.337552  0.116835  -0.0694744  0.116835  0.170425
0.317121  -0.163489  -0.0694744  -0.163489  0.337552  0.116835  -0.0694744  0.116835  0.170425
0.317119  -0.16352  -0.0694223  -0.16352  0.337598  0.116815  -0.0694223  0.116815  0.170403
0.317119  -0.16352  -0.0694223  -0.16352  0.337598  0.116815  -0.0694223  0.116815  0.170403
0.317124  -0.163577  -0.0693656  -0.163577  0.337683  0.116804  -0.0693656  0.116804  0.17038
0.317124  -0.163577  -0.0693656  -0.163577  0.337683  0.116804  -0.0693656  0.116804  0.17038
0.317123  -0.163608  -0.0693135  -0.163608  0.337729  0.116784  -0.0693135  0.116784  0.170358
0.317123  -0.163608  -0.0693135  -0.163608  0.337729  0.116784  -0.0693135  0.116784  0.170358
0.317137  -0.163664  -0.0692394  -0.163664  0.337786  0.116747  -0.0692394  0.116747  0.170321
0.317137  -0.163664  -0.0692394  -0.163664  0.337786  0.116747  -0.0692394  0.116747  0.170321
0.317136  -0.16368  -0.0692134  -0.16368  0.337809  0.116737  -0.0692134  0.116737  0.17031
0.317158  -0.163746  -0.0691607  -0.163746  0.337882  0.116719  -0.0691607  0.116719  0.170283
0.317158  -0.163746  -0.0691607  -0.163746  0.337882  0.116719  -0.0691607  0.116719  0.170283
0.317149  -0.163752  -0.0691133  -0.163752  0.337889  0.116689  -0.0691133  0.116689  0.170262
0.317163  -0.163808  -0.0690392  -0.163808  0.337946  0.116652  -0.0690392  0.116652  0.170226
0.317163  -0.163808  -0.0690392  -0.163808  0.337946  0.116652  -0.0690392  0.116652  0.170226
0.31717  -0.163838  -0.0689698  -0.163838  0.337965  0.116605  -0.0689698  0.116605  0.17019
0.317177  -0.163864  -0.0689651  -0.163864  0.338004  0.116615  -0.0689651  0.116615  0.170189
0.317169  -0.163874  -0.068853  -0.163874  0.337991  0.11653  -0.068853  0.11653  0.170134
0.317169  -0.163874  -0.068853  -0.163874  0.337991  0.11653  -0.068853  0.11653  0.170134
0.317161  -0.163879  -0.0688056  -0.163879  0.337998  0.1165  -0.0688056  0.1165  0.170114
0.317145  -0.163878  -0.0686723  -0.163878  0.33797  0.116396  -0.0686723  0.116396  0.170049
0.317145  -0.163878  -0.0686723  -0.163878  0.33797  0.116396  -0.0686723  0.116396  0.170049
0.317146  -0.163887  -0.068543  -0.163887  0.337929  0.116285  -0.068543  0.116285  0.169981
0.317139  -0.163876  -0.0685217  -0.163876  0.337914  0.116266  -0.0685217  0.116266  0.169971
0.317109  -0.163839  -0.0683719  -0.163839  0.337831  0.116134  -0.0683719  0.116134  0.169899
0.317101  -0.163829  -0.0683506  -0.163829  0.337815  0.116115  -0.0683506  0.116115  0.169889
0.317064  -0.163781  -0.0681797  -0.163781  0.337717  0.115964  -0.0681797  0.115964  0.169807
0.317064  -0.163781  -0.0681797  -0.163781  0.337717  0.115964  -0.0681797  0.115964  0.169807
0.317042  -0.163759  -0.067987  -0.163759  0.33763  0.115796  -0.067987  0.115796  0.169712
0.317042  -0.163759  -0.067987  -0.163759  0.33763  0.115796  -0.067987  0.115796  0.169712
0.317028  -0.163727  -0.067906  -0.163727  0.337555  0.115712  -0.067906  0.115712  0.16967
0.317007  -0.163689  -0.0677395  -0.163689  0.337445  0.115554  -0.0677395  0.115554  0.169585
0.317  -0.163679  -0.0677184  -0.163679  0.337429  0.115535  -0.0677184  0.115535  0.169575
0.316971  -0.163631  -0.0675308  -0.163631  0.337304  0.115359  -0.0675308  0.115359  0.169482
0.316956  -0.16361  -0.0674885  -0.16361  0.337273  0.115321  -0.0674885  0.115321  0.169463
0.316937  -0.163561  -0.0672841  -0.163561  0.33712  0.115118  -0.0672841  0.115118  0.169357
0.316937  -0.163561  -0.0672841  -0.163561  0.33712  0.115118  -0.0672841  0.115118  0.169357
0.316923  -0.163529  -0.0672035  -0.163529  0.337046  0.115035  -0.0672035  0.115035  0.169315
0.31688  -0.16346  -0.0669743  -0.16346  0.33689  0.114822  -0.0669743  0.114822  0.169204
0.316889  -0.16346  -0.0669571  -0.16346  0.336862  0.114795  -0.0669571  0.114795  0.169191
0.316861  -0.163412  -0.0667704  -0.163412  0.336738  0.11462  -0.0667704  0.11462  0.169099
0.316878  -0.163421  -0.0667743  -0.163421  0.336726  0.114612  -0.0667743  0.114612  0.169095
0.316858  -0.163372  -0.0665706  -0.163372  0.336574  0.114411  -0.0665706  0.114411  0.168991
0.316865  -0.163398  -0.0665658  -0.163398  0.336613  0.11442  -0.0665658  0.11442  0.16899
0.316846  -0.163349  -0.0663623  -0.163349  0.336461  0.114219  -0.0663623  0.114219  0.168886
0.316846  -0.163349  -0.0663623  -0.163349  0.336461  0.114219  -0.0663623  0.114219  0.168886
0.316839  -0.163343  -0.0662772  -0.163343  0.336426  0.114145  -0.0662772  0.114145  0.168845
0.316844  -0.163313  -0.0660988  -0.163313  0.336278  0.113955  -0.0660988  0.113955  0.168747
0.316836  -0.163303  -0.0660778  -0.163303  0.336262  0.113937  -0.0660778  0.113937  0.168738
0.316831  -0.16329  -0.0658909  -0.16329  0.336165  0.113764  -0.0658909  0.113764  0.168644
0.31684  -0.163289  -0.0658737  -0.163289  0.336138  0.113737  -0.0658737  0.113737  0.168631
0.316835  -0.163276  -0.0656869  -0.163276  0.336041  0.113565  -0.0656869  0.113565  0.168537
0.316827  -0.163266  -0.065666  -0.163266  0.336025  0.113546  -0.065666  0.113546  0.168528
0.316844  -0.163279  -0.0656059  -0.163279  0.335994  0.113484  -0.0656059  0.113484  0.168492
0.31684  -0.163251  -0.0654451  -0.163251  0.335874  0.113321  -0.0654451  0.113321  0.168409
0.316849  -0.16327  -0.0653383  -0.16327  0.335851  0.113231  -0.0653383  0.113231  0.168355
0.316858  -0.163269  -0.0653212  -0.163269  0.335823  0.113204  -0.0653212  0.113204  0.168342
0.316866  -0.163292  -0.0651507  -0.163292  0.335781  0.11306  -0.0651507  0.11306  0.168258
0.316859  -0.163281  -0.0651298  -0.163281  0.335765  0.113041  -0.0651298  0.113041  0.168249
0.316878  -0.163288  -0.064968  -0.163288  0.335672  0.11288  -0.064968  0.11288  0.168161
0.316878  -0.163288  -0.064968  -0.163288  0.335672  0.11288  -0.064968  0.11288  0.168161
0.31691  -0.16333  -0.0648222  -0.16333  0.335633  0.112746  -0.0648222  0.112746  0.168082
0.316909  -0.163346  -0.0647965  -0.163346  0.335657  0.112736  -0.0647965  0.112736  0.168073
0.31691  -0.16335  -0.0647327  -0.16335  0.335637  0.112682  -0.0647327  0.112682  0.168042
0.316942  -0.163392  -0.0645869  -0.163392  0.335598  0.112548  -0.0645869  0.112548  0.167963
0.316967  -0.16342  -0.064484  -0.16342  0.335563  0.11245  -0.064484  0.11245  0.167907
0.316967  -0.16342  -0.064484  -0.16342  0.335563  0.11245  -0.064484  0.11245  0.167907
0.316991  -0.163467  -0.0642917  -0.163467  0.335533  0.112289  -0.0642917  0.112289  0.16781
0.316984  -0.163457  -0.064271  -0.163457  0.335518  0.11227  -0.064271  0.11227  0.167802
0.317001  -0.163479  -0.0640837  -0.163479  0.335449  0.1121  -0.0640837  0.1121  0.167707
0.317001  -0.163479  -0.0640837  -0.163479  0.335449  0.1121  -0.0640837  0.1121  0.167707
0.317004  -0.163464  -0.0638808  -0.163464  0.335326  0.111903  -0.0638808  0.111903  0.167605
0.317013  -0.163463  -0.0638637  -0.163463  0.335298  0.111877  -0.0638637  0.111877  0.167593
0.317006  -0.163457  -0.0637794  -0.163457  0.335264  0.111805  -0.0637794  0.111805  0.167555
0.317017  -0.163453  -0.0635974  -0.163453  0.335157  0.111626  -0.0635974  0.111626  0.167462
0.317009  -0.163443  -0.0635767  -0.163443  0.335142  0.111608  -0.0635767  0.111608  0.167454
0.317011  -0.16344  -0.063412  -0.16344  0.335062  0.111456  -0.063412  0.111456  0.167374
0.317004  -0.163429  -0.0633913  -0.163429  0.335046  0.111438  -0.0633913  0.111438  0.167365
0.317008  -0.163399  -0.0632146  -0.163399  0.334901  0.111251  -0.0632146  0.111251  0.167275
0.317007  -0.163415  -0.0631889  -0.163415  0.334924  0.111242  -0.0631889  0.111242  0.167266
0.316994  -0.163376  -0.0630088  -0.163376  0.33479  0.111063  -0.0630088  0.111063  0.167179
0.316987  -0.163366  -0.0629882  -0.163366  0.334775  0.111045  -0.0629882  0.111045  0.167171
0.316982  -0.163337  -0.0628288  -0.163337  0.334657  0.110885  -0.0628288  0.110885  0.167093
0.316982  -0.163337  -0.0628288  -0.163337  0.334657  0.110885  -0.0628288  0.110885  0.167093
0.316969  -0.163313  -0.0626234  -0.163313  0.334547  0.110697  -0.0626234  0.110697  0.166999
0.316961  -0.163303  -0.0626029  -0.163303  0.334532  0.110679  -0.0626029  0.110679  0.166991
0.316954  -0.163297  -0.062519  -0.163297  0.334499  0.110608  -0.062519  0.110608  0.166954
0.316926  -0.163233  -0.0623617  -0.163233  0.334354  0.110447  -0.0623617  0.110447  0.166882
0.316919  -0.163223  -0.0623411  -0.163223  0.334339  0.110429  -0.0623411  0.110429  0.166874
0.316912  -0.163217  -0.0622574  -0.163217  0.334305  0.110358  -0.0622574  0.110358  0.166837
0.316883  -0.163169  -0.0620747  -0.163169  0.334185  0.110188  -0.0620747  0.110188  0.166757
0.316884  -0.163162  -0.0619741  -0.163162  0.334124  0.110091  -0.0619741  0.110091  0.166709
0.316877  -0.163152  -0.0619536  -0.163152  0.334109  0.110073  -0.0619536  0.110073  0.166701
0.316842  -0.163078  -0.0617763  -0.163078  0.33395  0.109896  -0.0617763  0.109896  0.166622
0.316842  -0.163078  -0.0617763  -0.163078  0.33395  0.109896  -0.0617763  0.109896  0.166622
0.316835  -0.163072  -0.0616928  -0.163072  0.333917  0.109825  -0.0616928  0.109825  0.166586
0.316797  -0.163025  -0.0615277  -0.163025  0.333824  0.109682  -0.0615277  0.109682  0.166519
0.316806  -0.163024  -0.0615107  -0.163024  0.333797  0.109656  -0.0615107  0.109656  0.166508
0.316769  -0.162978  -0.0613458  -0.162978  0.333704  0.109513  -0.0613458  0.109513  0.166441
0.316749  -0.162924  -0.0612099  -0.162924  0.333575  0.109373  -0.0612099  0.109373  0.166379
