0.319201  -0.163965  -0.0751238  -0.163965  0.336941  0.12001  -0.0751238  0.12001  0.172773
0.319218  -0.163974  -0.0751282  -0.163974  0.336929  0.120002  -0.0751282  0.120002  0.172769
0.319226  -0.163619  -0.0756884  -0.163619  0.336429  0.120206  -0.0756884  0.120206  0.173041
0.319228  -0.163572  -0.0757678  -0.163572  0.336364  0.120237  -0.0757678  0.120237  0.17308
0.31925  -0.163052  -0.0767082  -0.163052  0.33567  0.12063  -0.0767082  0.12063  0.173553
0.319267  -0.163061  -0.0767128  -0.163061  0.335658  0.120623  -0.0767128  0.120623  0.173549
0.319287  -0.163187  -0.076621  -0.163187  0.335836  0.120622  -0.076621  0.120622  0.173505
0.31929  -0.162966  -0.0768361  -0.162966  0.335473  0.120629  -0.0768361  0.120629  0.173598
0.319286  -0.162861  -0.0769726  -0.162861  0.335328  0.12067  -0.0769726  0.12067  0.173666
0.319257  -0.162488  -0.0775236  -0.162488  0.334865  0.120888  -0.0775236  0.120888  0.173957
0.318968  -0.161897  -0.0780702  -0.161897  0.334456  0.12121  -0.0780702  0.12121  0.174335
0.31895  -0.161887  -0.0780655  -0.161887  0.334468  0.121218  -0.0780655  0.121218  0.174339
0.31859  -0.161621  -0.0778998  -0.161621  0.334541  0.12125  -0.0778998  0.12125  0.174361
0.318532  -0.161535  -0.0779427  -0.161535  0.334497  0.121283  -0.0779427  0.121283  0.174401
0.31813  -0.160969  -0.0779498  -0.160969  0.334121  0.121269  -0.0779498  0.121269  0.1745
0.318063  -0.160904  -0.0779174  -0.160904  0.334103  0.121261  -0.0779174  0.121261  0.174501
0.317879  -0.160781  -0.0777199  -0.160781  0.334122  0.121189  -0.0777199  0.121189  0.174444
0.317327  -0.160039  -0.0776886  -0.160039  0.333668  0.121167  -0.0776886  0.121167  0.174564
0.317249  -0.159893  -0.0777169  -0.159893  0.333536  0.121159  -0.0777169  0.121159  0.174595
0.316849  -0.15925  -0.0776132  -0.15925  0.332963  0.120983  -0.0776132  0.120983  0.174614
0.316827  -0.159204  -0.077573  -0.159204  0.332894  0.120933  -0.077573  0.120933  0.174592
0.316712  -0.159024  -0.0774646  -0.159024  0.332704  0.120816  -0.0774646  0.120816  0.174548
0.316473  -0.158229  -0.0776018  -0.158229  0.33162  0.120543  -0.0776018  0.120543  0.174615
0.31646  -0.158163  -0.0776359  -0.158163  0.331528  0.120533  -0.0776359  0.120533  0.174632
0.31631  -0.157521  -0.0776613  -0.157521  0.330531  0.120185  -0.0776613  0.120185  0.17461
0.316296  -0.157486  -0.0776432  -0.157486  0.330479  0.120155  -0.0776432  0.120155  0.1746
0.316175  -0.157047  -0.0773663  -0.157047  0.329705  0.119676  -0.0773663  0.119676  0.174408
0.316178  -0.157006  -0.0773788  -0.157006  0.329622  0.119649  -0.0773788  0.119649  0.174407
0.31605  -0.156271  -0.07759  -0.156271  0.328489  0.119364  -0.07759  0.119364  0.174477
0.316043  -0.156246  -0.077594  -0.156246  0.328453  0.119354  -0.077594  0.119354  0.174479
0.315866  -0.155942  -0.0771505  -0.155942  0.327986  0.118906  -0.0771505  0.118906  0.174233
0.315852  -0.155922  -0.0771068  -0.155922  0.327955  0.118867  -0.0771068  0.118867  0.174209
0.31564  -0.155365  -0.0768696  -0.155365  0.327144  0.118431  -0.0768696  0.118431  0.174068
0.315627  -0.155315  -0.0768776  -0.155315  0.327074  0.118411  -0.0768776  0.118411  0.174071
0.3154  -0.154686  -0.0768045  -0.154686  0.326225  0.118077  -0.0768045  0.118077  0.17403
0.315379  -0.154658  -0.0767394  -0.154658  0.326179  0.11802  -0.0767394  0.11802  0.173994
0.315194  -0.154375  -0.0761421  -0.154375  0.325705  0.117467  -0.0761421  0.117467  0.173664
0.315181  -0.154341  -0.0761245  -0.154341  0.325655  0.117438  -0.0761245  0.117438  0.173654
0.315053  -0.15372  -0.0762206  -0.15372  0.32471  0.117147  -0.0762206  0.117147  0.17367
0.315041  -0.153671  -0.0762286  -0.153671  0.324641  0.117128  -0.0762286  0.117128  0.173673
0.315005  -0.153484  -0.076265  -0.153484  0.324356  0.117044  -0.076265  0.117044  0.173682
0.314899  -0.153328  -0.075818  -0.153328  0.324049  0.116641  -0.075818  0.116641  0.173429
0.314886  -0.153309  -0.0757751  -0.153309  0.324019  0.116603  -0.0757751  0.116603  0.173406
0.314848  -0.152973  -0.0757672  -0.152973  0.323422  0.116357  -0.0757672  0.116357  0.173362
0.314835  -0.152925  -0.0757752  -0.152925  0.323354  0.116338  -0.0757752  0.116338  0.173365
0.314767  -0.152647  -0.0757809  -0.152647  0.322939  0.116188  -0.0757809  0.116188  0.173355
0.314767  -0.152662  -0.0757555  -0.152662  0.322958  0.116179  -0.0757555  0.116179  0.173342
0.314712  -0.152682  -0.0753678  -0.152682  0.322929  0.115919  -0.0753678  0.115919  0.173134
0.314712  -0.152682  -0.0753678  -0.152682  0.322929  0.115919  -0.0753678  0.115919  0.173134
0.314661  -0.152384  -0.0754288  -0.152384  0.322465  0.115781  -0.0754288  0.115781  0.173146
0.314661  -0.152384  -0.0754288  -0.152384  0.322465  0.115781  -0.0754288  0.115781  0.173146
0.314606  -0.152339  -0.0752073  -0.152339  0.322384  0.115613  -0.0752073  0.115613  0.173029
0.314599  -0.15233  -0.075186  -0.15233  0.322369  0.115594  -0.075186  0.115594  0.173018
0.314578  -0.152292  -0.0749349  -0.152292  0.322222  0.115367  -0.0749349  0.115367  0.172868
0.314572  -0.152268  -0.0749389  -0.152268  0.322188  0.115358  -0.0749389  0.115358  0.172869
0.314587  -0.152054  -0.0750258  -0.152054  0.321773  0.115236  -0.0750258  0.115236  0.172878
0.314587  -0.152054  -0.0750258  -0.152054  0.321773  0.115236  -0.0750258  0.115236  0.172878
0.314614  -0.15213  -0.0747841  -0.15213  0.321763  0.115058  -0.0747841  0.115058  0.17273
0.314613  -0.152145  -0.0747588  -0.152145  0.321782  0.115049  -0.0747588  0.115049  0.172717
0.314675  -0.15209  -0.0747788  -0.15209  0.321561  0.114949  -0.0747788  0.114949  0.172689
0.314685  -0.152074  -0.074787  -0.152074  0.321515  0.114932  -0.074787  0.114932  0.172686
0.314735  -0.152059  -0.0748118  -0.152059  0.3214  0.114884  -0.0748118  0.114884  0.172674
0.314741  -0.152083  -0.0748077  -0.152083  0.321434  0.114893  -0.0748077  0.114893  0.172672
0.314786  -0.152198  -0.0746681  -0.152198  0.321511  0.114816  -0.0746681  0.114816  0.172585
0.314801  -0.152207  -0.0746723  -0.152207  0.321499  0.114809  -0.0746723  0.114809  0.172581
0.31483  -0.152129  -0.0747476  -0.152129  0.321324  0.114777  -0.0747476  0.114777  0.172599
0.31483  -0.152129  -0.0747476  -0.152129  0.321324  0.114777  -0.0747476  0.114777  0.172599
0.314845  -0.152182  -0.0746757  -0.152182  0.321369  0.114742  -0.0746757  0.114742  0.172557
0.314838  -0.152173  -0.0746545  -0.152173  0.321354  0.114723  -0.0746545  0.114723  0.172546
0.314821  -0.152105  -0.074603  -0.152105  0.32123  0.114642  -0.074603  0.114642  0.172512
0.314836  -0.152114  -0.0746071  -0.152114  0.321218  0.114634  -0.0746071  0.114634  0.172508
0.3148  -0.151973  -0.0745679  -0.151973  0.320994  0.114524  -0.0745679  0.114524  0.172478
0.3148  -0.151973  -0.0745679  -0.151973  0.320994  0.114524  -0.0745679  0.114524  0.172478
0.31478  -0.151946  -0.0745042  -0.151946  0.32095  0.114469  -0.0745042  0.114469  0.172445
0.314733  -0.151851  -0.0744063  -0.151851  0.320809  0.114358  -0.0744063  0.114358  0.172392
0.314727  -0.151827  -0.0744104  -0.151827  0.320776  0.114348  -0.0744104  0.114348  0.172394
0.314669  -0.151655  -0.0743713  -0.151655  0.320531  0.114237  -0.0743713  0.114237  0.17237
0.314685  -0.151663  -0.0743754  -0.151663  0.320519  0.11423  -0.0743754  0.11423  0.172366
0.314616  -0.151566  -0.0742272  -0.151566  0.320395  0.114099  -0.0742272  0.114099  0.172294
0.31461  -0.151542  -0.0742313  -0.151542  0.320361  0.114089  -0.0742313  0.114089  0.172295
0.314584  -0.151475  -0.0741971  -0.151475  0.320265  0.114034  -0.0741971  0.114034  0.172276
0.314539  -0.151337  -0.0741753  -0.151337  0.320069  0.113951  -0.0741753  0.113951  0.172262
0.314526  -0.151304  -0.0741583  -0.151304  0.320021  0.113923  -0.0741583  0.113923  0.172252
0.31448  -0.151224  -0.0740356  -0.151224  0.3199  0.113804  -0.0740356  0.113804  0.172188
0.314473  -0.1512  -0.0740397  -0.1512  0.319867  0.113794  -0.0740397  0.113794  0.172189
0.314394  -0.151026  -0.0739507  -0.151026  0.31964  0.113664  -0.0739507  0.113664  0.172146
0.314394  -0.151026  -0.0739507  -0.151026  0.31964  0.113664  -0.0739507  0.113664  0.172146
0.314322  -0.150867  -0.0738196  -0.150867  0.319405  0.113499  -0.0738196  0.113499  0.172075
0.314322  -0.150867  -0.0738196  -0.150867  0.319405  0.113499  -0.0738196  0.113499  0.172075
0.314229  -0.15069  -0.0736637  -0.15069  0.319168  0.113323  -0.0736637  0.113323  0.171998
0.314223  -0.150681  -0.0736427  -0.150681  0.319154  0.113305  -0.0736427  0.113305  0.171987
0.314159  -0.150516  -0.0735583  -0.150516  0.318916  0.113167  -0.0735583  0.113167  0.171941
0.314146  -0.150483  -0.0735414  -0.150483  0.318869  0.11314  -0.0735414  0.11314  0.171931
0.314066  -0.150355  -0.0733779  -0.150355  0.318699  0.112984  -0.0733779  0.112984  0.171852
0.314059  -0.150346  -0.0733569  -0.150346  0.318684  0.112965  -0.0733569  0.112965  0.171841
0.314008  -0.150229  -0.0732646  -0.150229  0.318513  0.112847  -0.0732646  0.112847  0.171792
0.313996  -0.150196  -0.0732478  -0.150196  0.318466  0.11282  -0.0732478  0.11282  0.171782
0.313945  -0.150079  -0.0731556  -0.150079  0.318295  0.112702  -0.0731556  0.112702  0.171733
0.313945  -0.150079  -0.0731556  -0.150079  0.318295  0.112702  -0.0731556  0.112702  0.171733
0.313932  -0.150061  -0.0731137  -0.150061  0.318266  0.112666  -0.0731137  0.112666  0.171712
0.313893  -0.149993  -0.0730134  -0.149993  0.318161  0.112566  -0.0730134  0.112566  0.17166
0.313893  -0.149993  -0.0730134  -0.149993  0.318161  0.112566  -0.0730134  0.112566  0.17166
0.313876  -0.149926  -0.072963  -0.149926  0.31804  0.112486  -0.072963  0.112486  0.171627
0.313876  -0.149926  -0.072963  -0.149926  0.31804  0.112486  -0.072963  0.112486  0.171627
0.31385  -0.149905  -0.0728545  -0.149905  0.318001  0.112405  -0.0728545  0.112405  0.171573
0.31385  -0.149905  -0.0728545  -0.149905  0.318001  0.112405  -0.0728545  0.112405  0.171573
0.31384  -0.149862  -0.0728  -0.149862  0.317913  0.112334  -0.0728  0.112334  0.171538
0.31384  -0.149862  -0.0728  -0.149862  0.317913  0.112334  -0.0728  0.112334  0.171538
0.313842  -0.149852  -0.0727623  -0.149852  0.317873  0.112291  -0.0727623  0.112291  0.171513
0.313835  -0.149843  -0.0727414  -0.149843  0.317858  0.112273  -0.0727414  0.112273  0.171503
0.313831  -0.149824  -0.0726828  -0.149824  0.317803  0.112212  -0.0726828  0.112212  0.171467
0.313831  -0.149824  -0.0726828  -0.149824  0.317803  0.112212  -0.0726828  0.112212  0.171467
0.313827  -0.149791  -0.0726492  -0.149791  0.31773  0.112159  -0.0726492  0.112159  0.171443
0.313827  -0.149791  -0.0726492  -0.149791  0.31773  0.112159  -0.0726492  0.112159  0.171443
0.31383  -0.149781  -0.0726115  -0.149781  0.317689  0.112116  -0.0726115  0.112116  0.171418
0.31383  -0.149781  -0.0726115  -0.149781  0.317689  0.112116  -0.0726115  0.112116  0.171418
0.313847  -0.149779  -0.0725777  -0.149779  0.317636  0.112065  -0.0725777  0.112065  0.17139
0.313847  -0.149779  -0.0725777  -0.149779  0.317636  0.112065  -0.0725777  0.112065  0.17139
0.313834  -0.149746  -0.072561  -0.149746  0.317589  0.112038  -0.072561  0.112038  0.17138
0.313834  -0.149746  -0.072561  -0.149746  0.317589  0.112038  -0.072561  0.112038  0.17138
0.31385  -0.149754  -0.0725649  -0.149754  0.317577  0.112031  -0.0725649  0.112031  0.171377
0.313843  -0.149745  -0.0725441  -0.149745  0.317563  0.112013  -0.0725441  0.112013  0.171366
0.313843  -0.149745  -0.0725441  -0.149745  0.317563  0.112013  -0.0725441  0.112013  0.171366
0.313858  -0.149753  -0.072548  -0.149753  0.317551  0.112005  -0.072548  0.112005  0.171362
0.313858  -0.149753  -0.072548  -0.149753  0.317551  0.112005  -0.072548  0.112005  0.171362
0.313858  -0.149753  -0.072548  -0.149753  0.317551  0.112005  -0.072548  0.112005  0.171362
0.313858  -0.149753  -0.072548  -0.149753  0.317551  0.112005  -0.072548  0.112005  0.171362
0.313864  -0.149777  -0.0725438  -0.149777  0.317583  0.112014  -0.0725438  0.112014  0.171361
0.313858  -0.149768  -0.072523  -0.149768  0.317569  0.111996  -0.072523  0.111996  0.17135
0.313873  -0.149776  -0.0725269  -0.149776  0.317557  0.111989  -0.0725269  0.111989  0.171346
0.313894  -0.149808  -0.0725266  -0.149808  0.317578  0.111991  -0.0725266  0.111991  0.171341
0.313894  -0.149808  -0.0725266  -0.149808  0.317578  0.111991  -0.0725266  0.111991  0.171341
0.313909  -0.149831  -0.0725056  -0.149831  0.317584  0.111974  -0.0725056  0.111974  0.171325
0.313909  -0.149831  -0.0725056  -0.149831  0.317584  0.111974  -0.0725056  0.111974  0.171325
0.313945  -0.149885  -0.0724842  -0.149885  0.317611  0.11196  -0.0724842  0.11196  0.171304
0.313945  -0.149885  -0.0724842  -0.149885  0.317611  0.11196  -0.0724842  0.11196  0.171304
0.313966  -0.149917  -0.0724839  -0.149917  0.317632  0.111962  -0.0724839  0.111962  0.171298
0.313988  -0.149949  -0.0724836  -0.149949  0.317653  0.111963  -0.0724836  0.111963  0.171293
0.314003  -0.149957  -0.0724875  -0.149957  0.317641  0.111956  -0.0724875  0.111956  0.171289
0.314009  -0.14998  -0.0724833  -0.14998  0.317673  0.111965  -0.0724833  0.111965  0.171288
0.314064  -0.150077  -0.0724994  -0.150077  0.317762  0.111995  -0.0724994  0.111995  0.171286
0.314064  -0.150077  -0.0724994  -0.150077  0.317762  0.111995  -0.0724994  0.111995  0.171286
0.314098  -0.150156  -0.0724908  -0.150156  0.317849  0.112015  -0.0724908  0.112015  0.171278
0.314098  -0.150156  -0.0724908  -0.150156  0.317849  0.112015  -0.0724908  0.112015  0.171278
0.314141  -0.15022  -0.0724902  -0.15022  0.31789  0.112019  -0.0724902  0.112019  0.171267
0.314141  -0.15022  -0.0724902  -0.15022  0.31789  0.112019  -0.0724902  0.112019  0.171267
0.314174  -0.150299  -0.0724816  -0.150299  0.317977  0.112039  -0.0724816  0.112039  0.171259
0.314174  -0.150299  -0.0724816  -0.150299  0.317977  0.112039  -0.0724816  0.112039  0.171259
0.31423  -0.150396  -0.0724977  -0.150396  0.318066  0.112069  -0.0724977  0.112069  0.171257
0.31423  -0.150396  -0.0724977  -0.150396  0.318066  0.112069  -0.0724977  0.112069  0.171257
0.314279  -0.150484  -0.072493  -0.150484  0.318141  0.112082  -0.072493  0.112082  0.171245
0.314279  -0.150484  -0.072493  -0.150484  0.318141  0.112082  -0.072493  0.112082  0.171245
0.314328  -0.150572  -0.0724883  -0.150572  0.318216  0.112094  -0.0724883  0.112094  0.171233
0.314328  -0.150572  -0.0724883  -0.150572  0.318216  0.112094  -0.0724883  0.112094  0.171233
0.314378  -0.150645  -0.0725086  -0.150645  0.318272  0.112115  -0.0725086  0.112115  0.171233
0.314384  -0.150669  -0.0725044  -0.150669  0.318305  0.112125  -0.0725044  0.112125  0.171232
0.314418  -0.150748  -0.0724958  -0.150748  0.318392  0.112144  -0.0724958  0.112144  0.171223
0.314418  -0.150748  -0.0724958  -0.150748  0.318392  0.112144  -0.0724958  0.112144  0.171223
0.314452  -0.150813  -0.0725122  -0.150813  0.318461  0.112173  -0.0725122  0.112173  0.171227
0.314452  -0.150813  -0.0725122  -0.150813  0.318461  0.112173  -0.0725122  0.112173  0.171227
0.314486  -0.150893  -0.0725036  -0.150893  0.318548  0.112193  -0.0725036  0.112193  0.171219
0.314486  -0.150893  -0.0725036  -0.150893  0.318548  0.112193  -0.0725036  0.112193  0.171219
0.314514  -0.150949  -0.0724991  -0.150949  0.318602  0.112204  -0.0724991  0.112204  0.171212
0.31452  -0.150973  -0.0724949  -0.150973  0.318635  0.112213  -0.0724949  0.112213  0.171211
0.314532  -0.151021  -0.0724865  -0.151021  0.318702  0.112231  -0.0724865  0.112231  0.171208
0.314532  -0.151021  -0.0724865  -0.151021  0.318702  0.112231  -0.0724865  0.112231  0.171208
0.314544  -0.151084  -0.0724531  -0.151084  0.318787  0.11224  -0.0724531  0.11224  0.171193
0.314544  -0.151084  -0.0724531  -0.151084  0.318787  0.11224  -0.0724531  0.11224  0.171193
0.314541  -0.151124  -0.0724408  -0.151124  0.318865  0.112266  -0.0724408  0.112266  0.171194
0.314547  -0.151148  -0.0724366  -0.151148  0.318898  0.112275  -0.0724366  0.112275  0.171193
0.314554  -0.151172  -0.0724324  -0.151172  0.318932  0.112284  -0.0724324  0.112284  0.171191
0.314572  -0.151243  -0.0724198  -0.151243  0.319031  0.112312  -0.0724198  0.112312  0.171187
0.314557  -0.151235  -0.0724159  -0.151235  0.319043  0.112319  -0.0724159  0.112319  0.171191
0.314588  -0.15134  -0.07242  -0.15134  0.319191  0.112373  -0.07242  0.112373  0.171196
0.314588  -0.15134  -0.07242  -0.15134  0.319191  0.112373  -0.07242  0.112373  0.171196
0.314619  -0.151461  -0.072399  -0.151461  0.319358  0.112419  -0.072399  0.112419  0.171189
0.314619  -0.151461  -0.072399  -0.151461  0.319358  0.112419  -0.072399  0.112419  0.171189
0.314657  -0.15159  -0.072399  -0.15159  0.319539  0.112483  -0.072399  0.112483  0.171192
0.314657  -0.15159  -0.072399  -0.15159  0.319539  0.112483  -0.072399  0.112483  0.171192
0.314695  -0.151719  -0.0723989  -0.151719  0.319721  0.112546  -0.0723989  0.112546  0.171196
0.314695  -0.151719  -0.0723989  -0.151719  0.319721  0.112546  -0.0723989  0.112546  0.171196
0.314742  -0.151848  -0.0723818  -0.151848  0.319876  0.112584  -0.0723818  0.112584  0.171185
0.314742  -0.151848  -0.0723818  -0.151848  0.319876  0.112584  -0.0723818  0.112584  0.171185
0.314788  -0.151977  -0.0723646  -0.151977  0.320032  0.112623  -0.0723646  0.112623  0.171174
0.314788  -0.151977  -0.0723646  -0.151977  0.320032  0.112623  -0.0723646  0.112623  0.171174
0.314835  -0.152106  -0.0723475  -0.152106  0.320188  0.112661  -0.0723475  0.112661  0.171163
0.314835  -0.152106  -0.0723475  -0.152106  0.320188  0.112661  -0.0723475  0.112661  0.171163
0.314869  -0.152201  -0.0723136  -0.152201  0.320296  0.112672  -0.0723136  0.112672  0.171143
0.314869  -0.152201  -0.0723136  -0.152201  0.320296  0.112672  -0.0723136  0.112672  0.171143
0.314875  -0.152225  -0.0723094  -0.152225  0.320329  0.112681  -0.0723094  0.112681  0.171142
0.3149  -0.152322  -0.0722925  -0.152322  0.320464  0.112717  -0.0722925  0.112717  0.171136
0.3149  -0.152322  -0.0722925  -0.152322  0.320464  0.112717  -0.0722925  0.112717  0.171136
0.314919  -0.152394  -0.0722798  -0.152394  0.320565  0.112745  -0.0722798  0.112745  0.171132
0.314925  -0.152419  -0.0722756  -0.152419  0.320599  0.112754  -0.0722756  0.112754  0.17113
0.314931  -0.152458  -0.0722461  -0.152458  0.320652  0.112754  -0.0722461  0.112754  0.171117
0.314931  -0.152458  -0.0722461  -0.152458  0.320652  0.112754  -0.0722461  0.112754  0.171117
0.314931  -0.152473  -0.0722209  -0.152473  0.320671  0.112745  -0.0722209  0.112745  0.171105
0.314936  -0.152512  -0.0721915  -0.152512  0.320724  0.112745  -0.0721915  0.112745  0.171092
0.314943  -0.152536  -0.0721872  -0.152536  0.320758  0.112754  -0.0721872  0.112754  0.171091
0.314935  -0.152542  -0.072141  -0.152542  0.320762  0.112726  -0.072141  0.112726  0.171069
0.314935  -0.152542  -0.072141  -0.152542  0.320762  0.112726  -0.072141  0.112726  0.171069
0.314928  -0.152547  -0.0720948  -0.152547  0.320767  0.112699  -0.0720948  0.112699  0.171046
0.314934  -0.152571  -0.0720906  -0.152571  0.320801  0.112708  -0.0720906  0.112708  0.171045
0.314928  -0.152562  -0.0720696  -0.152562  0.320786  0.11269  -0.0720696  0.11269  0.171034
0.314898  -0.15255  -0.0719985  -0.15255  0.320788  0.112652  -0.0719985  0.112652  0.171006
0.314891  -0.152541  -0.0719776  -0.152541  0.320774  0.112634  -0.0719776  0.112634  0.170995
0.314891  -0.152541  -0.0719776  -0.152541  0.320774  0.112634  -0.0719776  0.112634  0.170995
0.314878  -0.152522  -0.0719356  -0.152522  0.320745  0.112597  -0.0719356  0.112597  0.170975
0.314848  -0.15251  -0.0718646  -0.15251  0.320747  0.112559  -0.0718646  0.112559  0.170946
0.314848  -0.15251  -0.0718646  -0.15251  0.320747  0.112559  -0.0718646  0.112559  0.170946
0.314821  -0.152473  -0.0717809  -0.152473  0.320689  0.112487  -0.0717809  0.112487  0.170905
0.314785  -0.152437  -0.0717142  -0.152437  0.320657  0.11244  -0.0717142  0.11244  0.170878
0.314785  -0.152437  -0.0717142  -0.152437  0.320657  0.11244  -0.0717142  0.11244  0.170878
0.314771  -0.152419  -0.0716724  -0.152419  0.320628  0.112403  -0.0716724  0.112403  0.170857
0.314738  -0.152373  -0.0715678  -0.152373  0.320555  0.112313  -0.0715678  0.112313  0.170806
0.314731  -0.152363  -0.0715469  -0.152363  0.320541  0.112295  -0.0715469  0.112295  0.170795
0.314703  -0.152341  -0.0714382  -0.152341  0.320502  0.112213  -0.0714382  0.112213  0.170743
0.314697  -0.152332  -0.0714174  -0.152332  0.320488  0.112195  -0.0714174  0.112195  0.170732
0.314683  -0.152314  -0.0713756  -0.152314  0.320459  0.112159  -0.0713756  0.112159  0.170712
0.314662  -0.152301  -0.0712879  -0.152301  0.320434  0.112096  -0.0712879  0.112096  0.17067
0.314642  -0.152288  -0.0712002  -0.152288  0.32041  0.112032  -0.0712002  0.112032  0.170628
0.314642  -0.152288  -0.0712002  -0.152288  0.32041  0.112032  -0.0712002  0.112032  0.170628
0.314634  -0.152294  -0.0711542  -0.152294  0.320415  0.112005  -0.0711542  0.112005  0.170606
0.314635  -0.152313  -0.0710662  -0.152313  0.320413  0.111944  -0.0710662  0.111944  0.170559
0.314628  -0.152304  -0.0710453  -0.152304  0.320398  0.111926  -0.0710453  0.111926  0.170549
0.314621  -0.15231  -0.0709994  -0.15231  0.320403  0.111899  -0.0709994  0.111899  0.170527
0.314622  -0.152344  -0.0708862  -0.152344  0.32042  0.111828  -0.0708862  0.111828  0.170468
0.314621  -0.152359  -0.0708611  -0.152359  0.320439  0.111819  -0.0708611  0.111819  0.170457
0.31462  -0.152374  -0.070836  -0.152374  0.320459  0.11181  -0.070836  0.11181  0.170446
0.314627  -0.152432  -0.0707185  -0.152432  0.32051  0.111748  -0.0707185  0.111748  0.170386
0.314626  -0.152462  -0.0706683  -0.152462  0.320548  0.11173  -0.0706683  0.11173  0.170363
0.314619  -0.152453  -0.0706475  -0.152453  0.320534  0.111712  -0.0706475  0.111712  0.170353
0.31464  -0.1525  -0.0706219  -0.1525  0.320575  0.111705  -0.0706219  0.111705  0.170337
0.314653  -0.152568  -0.0705252  -0.152568  0.320641  0.111661  -0.0705252  0.111661  0.170287
0.314658  -0.152637  -0.0704455  -0.152637  0.320733  0.111643  -0.0704455  0.111643  0.170252
0.314658  -0.152637  -0.0704455  -0.152637  0.320733  0.111643  -0.0704455  0.111643  0.170252
0.314679  -0.152684  -0.0704198  -0.152684  0.320775  0.111635  -0.0704198  0.111635  0.170236
0.31469  -0.152777  -0.0703357  -0.152777  0.320901  0.111626  -0.0703357  0.111626  0.170199
0.31469  -0.152777  -0.0703357  -0.152777  0.320901  0.111626  -0.0703357  0.111626  0.170199
0.314706  -0.152895  -0.0702472  -0.152895  0.321062  0.111626  -0.0702472  0.111626  0.170162
0.314706  -0.152909  -0.0702221  -0.152909  0.321082  0.111617  -0.0702221  0.111617  0.17015
0.314708  -0.153004  -0.0701549  -0.153004  0.321235  0.111633  -0.0701549  0.111633  0.170128
0.314708  -0.153004  -0.0701549  -0.153004  0.321235  0.111633  -0.0701549  0.111633  0.170128
0.314713  -0.153043  -0.0701254  -0.153043  0.321289  0.111633  -0.0701254  0.111633  0.170116
0.314708  -0.153143  -0.0700123  -0.153143  0.321448  0.111622  -0.0700123  0.111622  0.170072
0.314708  -0.153143  -0.0700123  -0.153143  0.321448  0.111622  -0.0700123  0.111622  0.170072
0.31469  -0.153179  -0.0699331  -0.153179  0.321519  0.111602  -0.0699331  0.111602  0.170043
0.314681  -0.153195  -0.0699249  -0.153195  0.321565  0.111619  -0.0699249  0.111619  0.170045
0.31468  -0.15321  -0.0698998  -0.15321  0.321585  0.111609  -0.0698998  0.111609  0.170034
0.314647  -0.153253  -0.0697916  -0.153253  0.321688  0.111588  -0.0697916  0.111588  0.169998
0.314647  -0.153253  -0.0697916  -0.153253  0.321688  0.111588  -0.0697916  0.111588  0.169998
0.314601  -0.153248  -0.0696924  -0.153248  0.321723  0.111549  -0.0696924  0.111549  0.169964
0.314586  -0.15324  -0.0696886  -0.15324  0.321735  0.111556  -0.0696886  0.111556  0.169968
0.31454  -0.153234  -0.0695894  -0.153234  0.32177  0.111517  -0.0695894  0.111517  0.169934
0.314525  -0.153226  -0.0695856  -0.153226  0.321782  0.111525  -0.0695856  0.111525  0.169938
0.314457  -0.153203  -0.0694621  -0.153203  0.321814  0.111475  -0.0694621  0.111475  0.169899
0.314457  -0.153203  -0.0694621  -0.153203  0.321814  0.111475  -0.0694621  0.111475  0.169899
0.314355  -0.153115  -0.069323  -0.153115  0.321776  0.111397  -0.069323  0.111397  0.169856
0.314355  -0.153115  -0.069323  -0.153115  0.321776  0.111397  -0.069323  0.111397  0.169856
0.314304  -0.153071  -0.0692536  -0.153071  0.321757  0.111358  -0.0692536  0.111358  0.169835
0.314197  -0.152958  -0.0691193  -0.152958  0.321684  0.111272  -0.0691193  0.111272  0.169794
0.314197  -0.152958  -0.0691193  -0.152958  0.321684  0.111272  -0.0691193  0.111272  0.169794
0.314073  -0.152853  -0.0689565  -0.152853  0.321644  0.111184  -0.0689565  0.111184  0.169747
0.314067  -0.152843  -0.0689359  -0.152843  0.321629  0.111166  -0.0689359  0.111166  0.169737
0.314023  -0.152809  -0.0688874  -0.152809  0.321625  0.111146  -0.0688874  0.111146  0.169726
0.313879  -0.152671  -0.0687257  -0.152671  0.321562  0.111057  -0.0687257  0.111057  0.169684
0.313879  -0.152671  -0.0687257  -0.152671  0.321562  0.111057  -0.0687257  0.111057  0.169684
0.313763  -0.15259  -0.0685591  -0.15259  0.321556  0.110978  -0.0685591  0.110978  0.169636
0.313748  -0.152582  -0.0685554  -0.152582  0.321568  0.110986  -0.0685554  0.110986  0.16964
0.313632  -0.152486  -0.068414  -0.152486  0.321543  0.110916  -0.068414  0.110916  0.169603
0.313626  -0.152477  -0.0683935  -0.152477  0.321528  0.110899  -0.0683935  0.110899  0.169593
0.313496  -0.152373  -0.0682487  -0.152373  0.321515  0.110837  -0.0682487  0.110837  0.169561
0.313496  -0.152373  -0.0682487  -0.152373  0.321515  0.110837  -0.0682487  0.110837  0.169561
0.313446  -0.152329  -0.06818  -0.152329  0.321496  0.110798  -0.06818  0.110798  0.16954
0.313323  -0.15225  -0.068031  -0.15225  0.321517  0.110746  -0.068031  0.110746  0.169507
0.313308  -0.152242  -0.0680273  -0.152242  0.321529  0.110753  -0.0680273  0.110753  0.169511
0.313191  -0.152186  -0.067874  -0.152186  0.321584  0.110709  -0.067874  0.110709  0.169476
0.313184  -0.152177  -0.0678536  -0.152177  0.32157  0.110692  -0.0678536  0.110692  0.169467
0.313067  -0.152122  -0.0677005  -0.152122  0.321625  0.110648  -0.0677005  0.110648  0.169432
0.313046  -0.152104  -0.0676765  -0.152104  0.321623  0.110638  -0.0676765  0.110638  0.169427
0.313002  -0.152085  -0.0676037  -0.152085  0.321638  0.110608  -0.0676037  0.110608  0.169406
0.312901  -0.152038  -0.0674545  -0.152038  0.321681  0.110557  -0.0674545  0.110557  0.169368
0.312849  -0.152034  -0.0673736  -0.152034  0.321743  0.110544  -0.0673736  0.110544  0.16935
0.312849  -0.152034  -0.0673736  -0.152034  0.321743  0.110544  -0.0673736  0.110544  0.16935
0.312806  -0.151999  -0.0673258  -0.151999  0.321739  0.110524  -0.0673258  0.110524  0.16934
0.312732  -0.151993  -0.0671962  -0.151993  0.321819  0.110492  -0.0671962  0.110492  0.169306
0.312717  -0.151985  -0.0671926  -0.151985  0.321831  0.110499  -0.0671926  0.110499  0.16931
0.312643  -0.151979  -0.0670631  -0.151979  0.32191  0.110467  -0.0670631  0.110467  0.169277
0.312606  -0.151983  -0.066986  -0.151983  0.32196  0.110447  -0.066986  0.110447  0.169255
0.312591  -0.151975  -0.0669824  -0.151975  0.321972  0.110454  -0.0669824  0.110454  0.169259
0.312575  -0.151997  -0.0669292  -0.151997  0.322024  0.110444  -0.0669292  0.110444  0.169243
0.312522  -0.152022  -0.0667989  -0.152022  0.322126  0.110413  -0.0667989  0.110413  0.169204
0.312512  -0.152038  -0.0667907  -0.152038  0.322173  0.110429  -0.0667907  0.110429  0.169207
0.312491  -0.152036  -0.0667421  -0.152036  0.322191  0.110411  -0.0667421  0.110411  0.169192
0.312459  -0.152064  -0.0666605  -0.152064  0.322275  0.110399  -0.0666605  0.110399  0.169169
0.312438  -0.152047  -0.0666367  -0.152047  0.322273  0.110389  -0.0666367  0.110389  0.169164
0.312412  -0.152114  -0.0665257  -0.152114  0.322412  0.110377  -0.0665257  0.110377  0.169131
0.312405  -0.152105  -0.0665056  -0.152105  0.322398  0.110359  -0.0665056  0.110359  0.169122
0.312404  -0.152134  -0.066456  -0.152134  0.322438  0.110342  -0.066456  0.110342  0.169101
0.312367  -0.152124  -0.0664039  -0.152124  0.322468  0.11033  -0.0664039  0.11033  0.16909
0.312373  -0.152147  -0.0663992  -0.152147  0.322502  0.110339  -0.0663992  0.110339  0.169089
0.312344  -0.152166  -0.0662811  -0.152166  0.322546  0.110285  -0.0662811  0.110285  0.169045
0.312321  -0.152178  -0.0662078  -0.152178  0.322585  0.110257  -0.0662078  0.110257  0.16902
0.312321  -0.152178  -0.0662078  -0.152178  0.322585  0.110257  -0.0662078  0.110257  0.16902
0.3123  -0.152161  -0.0661841  -0.152161  0.322583  0.110247  -0.0661841  0.110247  0.169015
0.312245  -0.152124  -0.0660718  -0.152124  0.32257  0.110183  -0.0660718  0.110183  0.168977
0.312245  -0.152139  -0.066047  -0.152139  0.322591  0.110174  -0.066047  0.110174  0.168967
0.312177  -0.152083  -0.0658946  -0.152083  0.32255  0.110075  -0.0658946  0.110075  0.168912
0.312171  -0.152075  -0.0658746  -0.152075  0.322536  0.110058  -0.0658746  0.110058  0.168903
0.312093  -0.151957  -0.0657565  -0.151957  0.322407  0.109951  -0.0657565  0.109951  0.168861
0.312087  -0.151948  -0.0657365  -0.151948  0.322393  0.109933  -0.0657365  0.109933  0.168852
0.312002  -0.151852  -0.0655492  -0.151852  0.32229  0.109791  -0.0655492  0.109791  0.168781
0.311996  -0.151843  -0.0655292  -0.151843  0.322276  0.109774  -0.0655292  0.109774  0.168772
0.311901  -0.151685  -0.0653763  -0.151685  0.322085  0.109624  -0.0653763  0.109624  0.168714
0.311886  -0.151677  -0.0653728  -0.151677  0.322097  0.109632  -0.0653728  0.109632  0.168718
0.311779  -0.151501  -0.0651804  -0.151501  0.321879  0.109448  -0.0651804  0.109448  0.168643
0.311773  -0.151492  -0.0651605  -0.151492  0.321865  0.10943  -0.0651605  0.10943  0.168634
0.311729  -0.151425  -0.065082  -0.151425  0.321787  0.10936  -0.065082  0.10936  0.168605
0.311603  -0.151204  -0.0649161  -0.151204  0.321527  0.109184  -0.0649161  0.109184  0.168545
0.311597  -0.151195  -0.0648963  -0.151195  0.321513  0.109167  -0.0648963  0.109167  0.168537
0.311483  -0.151021  -0.0647214  -0.151021  0.321321  0.109009  -0.0647214  0.109009  0.168475
0.311477  -0.151012  -0.0647015  -0.151012  0.321308  0.108992  -0.0647015  0.108992  0.168467
0.311378  -0.150847  -0.0645305  -0.150847  0.321105  0.108826  -0.0645305  0.108826  0.168402
0.311352  -0.150821  -0.0644875  -0.150821  0.321089  0.1088  -0.0644875  0.1088  0.168389
0.311309  -0.15074  -0.0644342  -0.15074  0.320992  0.108739  -0.0644342  0.108739  0.16837
0.311209  -0.15059  -0.0642393  -0.15059  0.32081  0.108565  -0.0642393  0.108565  0.168296
0.311209  -0.15059  -0.0642393  -0.15059  0.32081  0.108565  -0.0642393  0.108565  0.168296
0.311111  -0.150426  -0.0640692  -0.150426  0.320608  0.108401  -0.0640692  0.108401  0.168232
0.311091  -0.150409  -0.0640461  -0.150409  0.320606  0.108392  -0.0640461  0.108392  0.168227
0.311009  -0.150238  -0.0639043  -0.150238  0.320373  0.108229  -0.0639043  0.108229  0.168169
0.310994  -0.15023  -0.0639009  -0.15023  0.320385  0.108237  -0.0639009  0.108237  0.168173
0.310917  -0.150098  -0.0637303  -0.150098  0.320206  0.108074  -0.0637303  0.108074  0.168105
0.310905  -0.150066  -0.0637154  -0.150066  0.320158  0.108049  -0.0637154  0.108049  0.168098
0.310829  -0.149905  -0.0635938  -0.149905  0.31994  0.107904  -0.0635938  0.107904  0.168049
0.310809  -0.149888  -0.0635709  -0.149888  0.319938  0.107895  -0.0635709  0.107895  0.168044
0.310733  -0.149742  -0.0634252  -0.149742  0.31974  0.107742  -0.0634252  0.107742  0.167986
0.310722  -0.14971  -0.0634104  -0.14971  0.319693  0.107717  -0.0634104  0.107717  0.167979
0.310635  -0.149532  -0.0632504  -0.149532  0.319448  0.107539  -0.0632504  0.107539  0.167914
0.310624  -0.1495  -0.0632356  -0.1495  0.3194  0.107514  -0.0632356  0.107514  0.167907
0.310582  -0.14942  -0.0631833  -0.14942  0.319305  0.107454  -0.0631833  0.107454  0.167889
0.310501  -0.149251  -0.0630432  -0.149251  0.319074  0.107293  -0.0630432  0.107293  0.167833
0.310495  -0.149243  -0.0630237  -0.149243  0.319061  0.107277  -0.0630237  0.107277  0.167825
0.310404  -0.149043  -0.0628693  -0.149043  0.318784  0.107092  -0.0628693  0.107092  0.167762
0.310388  -0.149003  -0.0628352  -0.149003  0.318723  0.10705  -0.0628352  0.10705  0.167747
0.310291  -0.148795  -0.0626618  -0.148795  0.318433  0.106849  -0.0626618  0.106849  0.167676
0.310286  -0.148772  -0.0626666  -0.148772  0.3184  0.10684  -0.0626666  0.10684  0.167677
0.310193  -0.148541  -0.0624823  -0.148541  0.318053  0.106607  -0.0624823  0.106607  0.167596
0.310182  -0.148509  -0.0624678  -0.148509  0.318006  0.106583  -0.0624678  0.106583  0.167589
0.310076  -0.148271  -0.0622808  -0.148271  0.317672  0.106358  -0.0622808  0.106358  0.167513
0.310071  -0.148248  -0.0622856  -0.148248  0.317638  0.10635  -0.0622856  0.10635  0.167514
0.310039  -0.148168  -0.0622181  -0.148168  0.317519  0.106267  -0.0622181  0.106267  0.167485
0.309939  -0.14794  -0.062051  -0.14794  0.317199  0.10606  -0.062051  0.10606  0.167417
0.309928  -0.147923  -0.0620125  -0.147923  0.317172  0.106027  -0.0620125  0.106027  0.167401
0.309842  -0.147702  -0.0618491  -0.147702  0.316842  0.105813  -0.0618491  0.105813  0.16733
0.309831  -0.147671  -0.0618348  -0.147671  0.316795  0.105788  -0.0618348  0.105788  0.167323
0.309786  -0.147584  -0.0617644  -0.147584  0.316689  0.105713  -0.0617644  0.105713  0.167298
0.309706  -0.147387  -0.0615968  -0.147387  0.316392  0.105508  -0.0615968  0.105508  0.167227
0.309682  -0.147349  -0.0615793  -0.147349  0.316358  0.105491  -0.0615793  0.105491  0.167224
0.309608  -0.14716  -0.0614313  -0.14716  0.316075  0.105303  -0.0614313  0.105303  0.167161
0.309597  -0.147129  -0.061417  -0.147129  0.316029  0.105279  -0.061417  0.105279  0.167154
0.30951  -0.146934  -0.0612662  -0.146934  0.31576  0.105099  -0.0612662  0.105099  0.167095
0.3095  -0.146903  -0.0612519  -0.146903  0.315714  0.105074  -0.0612519  0.105074  0.167088
0.309468  -0.146825  -0.0611853  -0.146825  0.315596  0.104993  -0.0611853  0.104993  0.16706
0.309397  -0.146669  -0.0610682  -0.146669  0.315386  0.104854  -0.0610682  0.104854  0.167016
0.309387  -0.146638  -0.061054  -0.146638  0.31534  0.10483  -0.061054  0.10483  0.167009
0.309311  -0.146475  -0.0609182  -0.146475  0.315118  0.104675  -0.0609182  0.104675  0.166957
0.309306  -0.146467  -0.0608991  -0.146467  0.315105  0.104659  -0.0608991  0.104659  0.16695
0.30923  -0.146304  -0.0607636  -0.146304  0.314882  0.104505  -0.0607636  0.104505  0.166898
0.309225  -0.146295  -0.0607446  -0.146295  0.314869  0.104489  -0.0607446  0.104489  0.166891
0.309145  -0.14611  -0.0606142  -0.14611  0.314615  0.104327  -0.0606142  0.104327  0.166841
0.309145  -0.14611  -0.0606142  -0.14611  0.314615  0.104327  -0.0606142  0.104327  0.166841
0.30907  -0.145948  -0.0604791  -0.145948  0.314394  0.104173  -0.0604791  0.104173  0.16679
0.309064  -0.14594  -0.0604602  -0.14594  0.314381  0.104157  -0.0604602  0.104157  0.166783
0.308998  -0.145762  -0.0603334  -0.145762  0.314116  0.103988  -0.0603334  0.103988  0.166729
0.308988  -0.145732  -0.0603194  -0.145732  0.314071  0.103964  -0.0603194  0.103964  0.166723
0.30895  -0.145655  -0.0602695  -0.145655  0.31398  0.103908  -0.0602695  0.103908  0.166707
0.308888  -0.145515  -0.0601144  -0.145515  0.313767  0.10374  -0.0601144  0.10374  0.166645
0.308878  -0.145485  -0.0601005  -0.145485  0.313722  0.103716  -0.0601005  0.103716  0.166638
0.308804  -0.145323  -0.0599664  -0.145323  0.313503  0.103563  -0.0599664  0.103563  0.166589
0.308799  -0.145315  -0.0599476  -0.145315  0.31349  0.103548  -0.0599476  0.103548  0.166581
0.308738  -0.145162  -0.0598168  -0.145162  0.313259  0.103388  -0.0598168  0.103388  0.166528
0.308738  -0.145162  -0.0598168  -0.145162  0.313259  0.103388  -0.0598168  0.103388  0.166528
0.308699  -0.1451  -0.0597436  -0.1451  0.313188  0.103324  -0.0597436  0.103324  0.166504
0.308639  -0.144947  -0.0596132  -0.144947  0.312957  0.103165  -0.0596132  0.103165  0.166451
0.308634  -0.144939  -0.0595945  -0.144939  0.312944  0.103149  -0.0595945  0.103149  0.166444
0.308573  -0.1448  -0.0594407  -0.1448  0.312734  0.102983  -0.0594407  0.102983  0.166383
0.308573  -0.1448  -0.0594407  -0.1448  0.312734  0.102983  -0.0594407  0.102983  0.166383
0.308548  -0.144746  -0.0593708  -0.144746  0.312651  0.102912  -0.0593708  0.102912  0.166356
0.308488  -0.144593  -0.059241  -0.144593  0.312421  0.102754  -0.059241  0.102754  0.166304
0.308488  -0.144593  -0.059241  -0.144593  0.312421  0.102754  -0.059241  0.102754  0.166304
0.308434  -0.144463  -0.0591065  -0.144463  0.312224  0.102604  -0.0591065  0.102604  0.166251
0.308424  -0.144433  -0.0590927  -0.144433  0.31218  0.10258  -0.0590927  0.10258  0.166245
0.308382  -0.14431  -0.0589614  -0.14431  0.311971  0.102423  -0.0589614  0.102423  0.166188
0.308377  -0.144302  -0.0589428  -0.144302  0.311958  0.102408  -0.0589428  0.102408  0.166181
0.308313  -0.144142  -0.0587951  -0.144142  0.311717  0.102235  -0.0587951  0.102235  0.166123
0.308308  -0.144134  -0.0587765  -0.144134  0.311705  0.102219  -0.0587765  0.102219  0.166116
0.308261  -0.144004  -0.0586271  -0.144004  0.311484  0.102048  -0.0586271  0.102048  0.166053
0.308256  -0.143996  -0.0586085  -0.143996  0.311471  0.102032  -0.0586085  0.102032  0.166046
0.308215  -0.143859  -0.0585014  -0.143859  0.311245  0.101884  -0.0585014  0.101884  0.165998
0.30821  -0.143851  -0.0584828  -0.143851  0.311232  0.101868  -0.0584828  0.101868  0.165991
0.308183  -0.143781  -0.058361  -0.143781  0.3111  0.101744  -0.058361  0.101744  0.16594
0.308173  -0.143751  -0.0583475  -0.143751  0.311056  0.10172  -0.0583475  0.10172  0.165934
0.308158  -0.143728  -0.0582919  -0.143728  0.311019  0.101674  -0.0582919  0.101674  0.165914
0.308122  -0.143614  -0.0581802  -0.143614  0.310824  0.101534  -0.0581802  0.101534  0.165866
0.308117  -0.143606  -0.0581618  -0.143606  0.310812  0.101519  -0.0581618  0.101519  0.165859
0.308085  -0.143528  -0.0580218  -0.143528  0.310668  0.101379  -0.0580218  0.101379  0.165802
0.30808  -0.14352  -0.0580034  -0.14352  0.310655  0.101364  -0.0580034  0.101364  0.165796
0.308078  -0.14349  -0.0579743  -0.14349  0.310587  0.101317  -0.0579743  0.101317  0.165779
0.308047  -0.143398  -0.057858  -0.143398  0.310424  0.101186  -0.057858  0.101186  0.16573
0.308047  -0.143398  -0.057858  -0.143398  0.310424  0.101186  -0.057858  0.101186  0.16573
0.308032  -0.143374  -0.0578027  -0.143374  0.310387  0.10114  -0.0578027  0.10114  0.16571
0.308  -0.143283  -0.0576866  -0.143283  0.310225  0.101009  -0.0576866  0.101009  0.165662
0.308  -0.143283  -0.0576866  -0.143283  0.310225  0.101009  -0.0576866  0.101009  0.165662
0.307957  -0.143184  -0.0575678  -0.143184  0.310075  0.100885  -0.0575678  0.100885  0.165618
0.307952  -0.143177  -0.0575495  -0.143177  0.310062  0.10087  -0.0575495  0.10087  0.165611
0.307908  -0.143078  -0.0574309  -0.143078  0.309913  0.100747  -0.0574309  0.100747  0.165567
0.307903  -0.14307  -0.0574125  -0.14307  0.3099  0.100731  -0.0574125  0.100731  0.165561
0.307884  -0.143025  -0.0573625  -0.143025  0.309832  0.100677  -0.0573625  0.100677  0.165542
0.307836  -0.142905  -0.0572492  -0.142905  0.309652  0.100547  -0.0572492  0.100547  0.1655
0.307831  -0.142898  -0.0572308  -0.142898  0.309639  0.100532  -0.0572308  0.100532  0.165493
0.307812  -0.142852  -0.0571809  -0.142852  0.309571  0.100478  -0.0571809  0.100478  0.165475
0.30776  -0.142725  -0.0570496  -0.142725  0.309378  0.100333  -0.0570496  0.100333  0.165426
0.307755  -0.142717  -0.0570313  -0.142717  0.309366  0.100317  -0.0570313  0.100317  0.165419
0.307702  -0.14259  -0.0569002  -0.14259  0.309174  0.100172  -0.0569002  0.100172  0.165371
0.307697  -0.142582  -0.0568819  -0.142582  0.309162  0.100157  -0.0568819  0.100157  0.165365
